3555.4944 0.1724
3556.3142 0.1727
3557.1323 0.1724
3557.9507 0.1711
3558.7710 0.1695
3559.5898 0.1683
3560.4106 0.1682
3561.2297 0.1690
3562.0508 0.1696
3562.8704 0.1698
3563.6899 0.1699
3564.5117 0.1698
3565.3318 0.1676
3566.1538 0.1635
3566.9744 0.1601
3567.7969 0.1599
3568.6177 0.1616
3569.4385 0.1618
3570.2617 0.1599
3571.0830 0.1578
3571.9065 0.1573
3572.7283 0.1576
3573.5520 0.1576
3574.3740 0.1585
3575.1963 0.1603
3576.0208 0.1621
3576.8435 0.1631
3577.6682 0.1637
3578.4915 0.1645
3579.3167 0.1646
3580.1399 0.1626
3580.9636 0.1585
3581.7893 0.1543
3582.6133 0.1534
3583.4395 0.1575
3584.2639 0.1620
3585.0903 0.1626
3585.9150 0.1595
3586.7400 0.1561
3587.5671 0.1544
3588.3923 0.1548
3589.2200 0.1562
3590.0457 0.1578
3590.8735 0.1595
3591.6995 0.1617
3592.5259 0.1638
3593.3542 0.1645
3594.1809 0.1637
3595.0098 0.1625
3595.8367 0.1613
3596.6660 0.1605
3597.4934 0.1608
3598.3208 0.1628
3599.1506 0.1660
3599.9788 0.1682
3600.8088 0.1683
3601.6372 0.1670
3602.4678 0.1657
3603.2964 0.1653
3604.1252 0.1654
3604.9565 0.1648
3605.7859 0.1636
3606.6172 0.1627
3607.4470 0.1630
3608.2788 0.1631
3609.1089 0.1609
3609.9392 0.1588
3610.7717 0.1586
3611.6023 0.1599
3612.4351 0.1605
3613.2661 0.1593
3614.0994 0.1569
3614.9307 0.1558
3615.7625 0.1579
3616.5962 0.1624
3617.4282 0.1654
3618.2625 0.1642
3619.0947 0.1598
3619.9292 0.1562
3620.7620 0.1560
3621.5969 0.1590
3622.4302 0.1628
3623.2634 0.1651
3624.0989 0.1660
3624.9326 0.1660
3625.7686 0.1655
3626.6028 0.1651
3627.4390 0.1653
3628.2734 0.1659
3629.1082 0.1666
3629.9451 0.1662
3630.7800 0.1640
3631.6174 0.1607
3632.4529 0.1590
3633.2903 0.1615
3634.1262 0.1658
3634.9622 0.1684
3635.8005 0.1685
3636.6370 0.1678
3637.4756 0.1680
3638.3123 0.1688
3639.1514 0.1687
3639.9885 0.1680
3640.8259 0.1669
3641.6653 0.1655
3642.5032 0.1637
3643.3430 0.1620
3644.1812 0.1620
3645.0215 0.1632
3645.8601 0.1644
3646.6990 0.1647
3647.5398 0.1644
3648.3789 0.1638
3649.2202 0.1640
3650.0596 0.1653
3650.9014 0.1668
3651.7412 0.1677
3652.5813 0.1683
3653.4236 0.1691
3654.2642 0.1700
3655.1067 0.1704
3655.9475 0.1707
3656.7908 0.1717
3657.6318 0.1729
3658.4734 0.1736
3659.3169 0.1734
3660.1587 0.1732
3661.0029 0.1728
3661.8450 0.1718
3662.6895 0.1700
3663.5320 0.1683
3664.3748 0.1679
3665.2197 0.1691
3666.0630 0.1716
3666.9084 0.1743
3667.7520 0.1756
3668.5977 0.1751
3669.4417 0.1743
3670.2859 0.1737
3671.1321 0.1734
3671.9768 0.1730
3672.8235 0.1728
3673.6685 0.1731
3674.5156 0.1735
3675.3608 0.1745
3676.2063 0.1757
3677.0542 0.1761
3677.8999 0.1754
3678.7480 0.1747
3679.5945 0.1720
3680.4429 0.1703
3681.2896 0.1720
3682.1365 0.1759
3682.9856 0.1769
3683.8328 0.1751
3684.6824 0.1760
3685.5300 0.1766
3686.3799 0.1736
3687.2278 0.1685
3688.0781 0.1681
3688.9265 0.1772
3689.7751 0.1903
3690.6260 0.1963
3691.4751 0.1916
3692.3264 0.1831
3693.1758 0.1824
3694.0273 0.1933
3694.8772 0.2059
3695.7273 0.2096
3696.5793 0.2014
3697.4299 0.1867
3698.2825 0.1775
3699.1333 0.1848
3699.9863 0.2039
3700.8374 0.2209
3701.6887 0.2274
3702.5425 0.2216
3703.3943 0.2056
3704.2483 0.1853
3705.1003 0.1717
3705.9548 0.1712
3706.8074 0.1827
3707.6599 0.2006
3708.5149 0.2170
3709.3682 0.2247
3710.2234 0.2219
3711.0771 0.2100
3711.9329 0.1931
3712.7866 0.1794
3713.6409 0.1800
3714.4973 0.1983
3715.3518 0.2226
3716.2085 0.2426
3717.0635 0.2547
3717.9204 0.2600
3718.7759 0.2579
3719.6313 0.2461
3720.4890 0.2254
3721.3450 0.2009
3722.2031 0.1799
3723.0593 0.1703
3723.9180 0.1792
3724.7747 0.2047
3725.6316 0.2337
3726.4905 0.2548
3727.3479 0.2647
3728.2073 0.2670
3729.0649 0.2685
3729.9250 0.2725
3730.7830 0.2737
3731.6414 0.2680
3732.5017 0.2531
3733.3604 0.2290
3734.2214 0.1993
3735.0803 0.1742
3735.9417 0.1677
3736.8013 0.1784
3737.6609 0.1988
3738.5227 0.2233
3739.3828 0.2506
3740.2451 0.2740
3741.1055 0.2863
3741.9683 0.2886
3742.8291 0.2858
3743.6899 0.2824
3744.5532 0.2794
3745.4148 0.2733
3746.2786 0.2620
3747.1404 0.2511
3748.0044 0.2413
3748.8667 0.2271
3749.7290 0.2050
3750.5938 0.1832
3751.4565 0.1786
3752.3215 0.1959
3753.1848 0.2253
3754.0503 0.2528
3754.9138 0.2732
3755.7798 0.2882
3756.6438 0.2975
3757.5081 0.2988
3758.3745 0.2919
3759.2390 0.2812
3760.1060 0.2746
3760.9709 0.2770
3761.8381 0.2834
3762.7036 0.2902
3763.5693 0.2955
3764.4370 0.2980
3765.3032 0.2976
3766.1714 0.2954
3767.0378 0.2878
3767.9065 0.2754
3768.7732 0.2602
3769.6401 0.2422
3770.5095 0.2192
3771.3770 0.1973
3772.2466 0.1954
3773.1145 0.2156
3773.9844 0.2458
3774.8528 0.2713
3775.7209 0.2884
3776.5918 0.3007
3777.4604 0.3116
3778.3315 0.3219
3779.2009 0.3312
3780.0723 0.3384
3780.9419 0.3426
3781.8118 0.3435
3782.6838 0.3442
3783.5540 0.3464
3784.4265 0.3496
3785.2971 0.3522
3786.1699 0.3531
3787.0410 0.3512
3787.9121 0.3464
3788.7856 0.3415
3789.6572 0.3386
3790.5310 0.3379
3791.4031 0.3373
3792.2773 0.3349
3793.1499 0.3293
3794.0225 0.3195
3794.8972 0.3051
3795.7703 0.2866
3796.6455 0.2647
3797.5190 0.2383
3798.3948 0.2103
3799.2686 0.1973
3800.1426 0.2087
3801.0188 0.2391
3801.8933 0.2725
3802.7700 0.2987
3803.6448 0.3185
3804.5220 0.3331
3805.3972 0.3429
3806.2727 0.3481
3807.1504 0.3511
3808.0261 0.3548
3808.9043 0.3618
3809.7805 0.3708
3810.6589 0.3785
3811.5356 0.3821
3812.4126 0.3808
3813.2917 0.3747
3814.1689 0.3676
3815.0483 0.3630
3815.9260 0.3613
3816.8059 0.3625
3817.6841 0.3690
3818.5623 0.3792
3819.4429 0.3839
3820.3215 0.3782
3821.2024 0.3678
3822.0815 0.3635
3822.9629 0.3695
3823.8423 0.3749
3824.7241 0.3683
3825.6040 0.3550
3826.4841 0.3443
3827.3665 0.3402
3828.2468 0.3383
3829.1296 0.3328
3830.0105 0.3273
3830.8938 0.3243
3831.7751 0.3197
3832.6565 0.3066
3833.5403 0.2852
3834.4224 0.2613
3835.3064 0.2347
3836.1887 0.2154
3837.0735 0.2150
3837.9561 0.2349
3838.8391 0.2612
3839.7244 0.2837
3840.6077 0.3017
3841.4932 0.3173
3842.3770 0.3341
3843.2629 0.3536
3844.1472 0.3707
3845.0315 0.3822
3845.9182 0.3910
3846.8030 0.3972
3847.6899 0.4011
3848.5752 0.4040
3849.4626 0.4058
3850.3481 0.4040
3851.2339 0.4026
3852.1221 0.4069
3853.0083 0.4156
3853.8967 0.4229
3854.7832 0.4259
3855.6721 0.4235
3856.5591 0.4157
3857.4463 0.4084
3858.3359 0.4047
3859.2234 0.4026
3860.1135 0.3981
3861.0015 0.3963
3861.8918 0.4068
3862.7803 0.4225
3863.6687 0.4336
3864.5598 0.4357
3865.4487 0.4316
3866.3401 0.4262
3867.2297 0.4258
3868.1213 0.4306
3869.0112 0.4370
3869.9014 0.4412
3870.7937 0.4413
3871.6841 0.4369
3872.5769 0.4280
3873.4678 0.4197
3874.3611 0.4171
3875.2524 0.4215
3876.1438 0.4267
3877.0376 0.4271
3877.9297 0.4183
3878.8237 0.4008
3879.7161 0.3855
3880.6108 0.3851
3881.5037 0.3964
3882.3965 0.4020
3883.2917 0.3984
3884.1851 0.3901
3885.0808 0.3782
3885.9746 0.3598
3886.8706 0.3337
3887.7649 0.3044
3888.6592 0.2737
3889.5559 0.2474
3890.4507 0.2389
3891.3479 0.2594
3892.2429 0.2985
3893.1406 0.3340
3894.0361 0.3576
3894.9341 0.3720
3895.8301 0.3818
3896.7263 0.3902
3897.6250 0.3992
3898.5215 0.4069
3899.4207 0.4076
3900.3176 0.4023
3901.2170 0.3982
3902.1145 0.4029
3903.0122 0.4140
3903.9121 0.4225
3904.8103 0.4275
3905.7107 0.4294
3906.6094 0.4307
3907.5100 0.4357
3908.4089 0.4466
3909.3081 0.4579
3910.2097 0.4660
3911.1091 0.4701
3912.0110 0.4702
3912.9111 0.4658
3913.8132 0.4587
3914.7136 0.4540
3915.6143 0.4574
3916.5171 0.4654
3917.4182 0.4722
3918.3215 0.4750
3919.2229 0.4740
3920.1267 0.4698
3921.0286 0.4654
3921.9307 0.4644
3922.8350 0.4657
3923.7373 0.4661
3924.6421 0.4685
3925.5452 0.4749
3926.4502 0.4787
3927.3535 0.4767
3928.2571 0.4702
3929.1628 0.4632
3930.0667 0.4574
3930.9731 0.4490
3931.8774 0.4345
3932.7839 0.4011
3933.6887 0.3475
3934.5938 0.2982
3935.5010 0.2978
3936.4062 0.3549
3937.3142 0.4181
3938.2200 0.4586
3939.1279 0.4766
3940.0342 0.4850
3940.9407 0.4904
3941.8494 0.4927
3942.7561 0.4914
3943.6653 0.4875
3944.5725 0.4835
3945.4822 0.4829
3946.3899 0.4870
3947.2979 0.4924
3948.2080 0.4941
3949.1162 0.4925
3950.0269 0.4899
3950.9355 0.4877
3951.8467 0.4855
3952.7559 0.4843
3953.6650 0.4865
3954.5769 0.4894
3955.4866 0.4893
3956.3987 0.4845
3957.3088 0.4768
3958.2214 0.4704
3959.1321 0.4682
3960.0449 0.4673
3960.9561 0.4633
3961.8672 0.4543
3962.7808 0.4446
3963.6924 0.4395
3964.6064 0.4357
3965.5186 0.4270
3966.4329 0.4082
3967.3455 0.3747
3968.2581 0.3230
3969.1731 0.2588
3970.0862 0.2138
3971.0017 0.2109
3971.9153 0.2477
3972.8313 0.3020
3973.7451 0.3514
3974.6592 0.3865
3975.5759 0.4111
3976.4905 0.4284
3977.4075 0.4400
3978.3225 0.4474
3979.2397 0.4531
3980.1553 0.4591
3981.0708 0.4648
3981.9888 0.4697
3982.9050 0.4739
3983.8232 0.4778
3984.7397 0.4811
3985.6587 0.4847
3986.5757 0.4891
3987.4927 0.4930
3988.4121 0.4962
3989.3298 0.4992
3990.2498 0.5021
3991.1677 0.5044
3992.0879 0.5068
3993.0063 0.5095
3993.9250 0.5118
3994.8459 0.5124
3995.7649 0.5108
3996.6863 0.5081
3997.6057 0.5057
3998.5276 0.5042
3999.4475 0.5048
4000.3674 0.5075
4001.2900 0.5109
4002.2104 0.5131
4003.1333 0.5138
4004.0544 0.5137
4004.9775 0.5116
4005.8989 0.5069
4006.8206 0.5038
4007.7446 0.5077
4008.6665 0.5125
4009.5908 0.5148
4010.5132 0.5151
4011.4380 0.5147
4012.3608 0.5134
4013.2839 0.5112
4014.2095 0.5115
4015.1328 0.5150
4016.0588 0.5193
4016.9827 0.5209
4017.9089 0.5201
4018.8333 0.5209
4019.7578 0.5247
4020.6848 0.5289
4021.6096 0.5310
4022.5371 0.5309
4023.4624 0.5289
4024.3901 0.5270
4025.3162 0.5257
4026.2422 0.5247
4027.1704 0.5245
4028.0969 0.5254
4029.0259 0.5261
4029.9526 0.5249
4030.8821 0.5227
4031.8093 0.5212
4032.7390 0.5209
4033.6667 0.5212
4034.5947 0.5216
4035.5251 0.5220
4036.4534 0.5248
4037.3843 0.5292
4038.3130 0.5323
4039.2441 0.5325
4040.1736 0.5317
4041.1030 0.5316
4042.0347 0.5308
4042.9646 0.5302
4043.8970 0.5295
4044.8271 0.5260
4045.7600 0.5157
4046.6907 0.5031
4047.6216 0.5035
4048.5549 0.5146
4049.4863 0.5261
4050.4202 0.5311
4051.3521 0.5325
4052.2861 0.5333
4053.2185 0.5313
4054.1509 0.5274
4055.0857 0.5248
4056.0186 0.5253
4056.9539 0.5269
4057.8872 0.5268
4058.8230 0.5253
4059.7566 0.5246
4060.6907 0.5257
4061.6270 0.5269
4062.5613 0.5247
4063.4983 0.5156
4064.4331 0.5045
4065.3701 0.5022
4066.3054 0.5101
4067.2410 0.5190
4068.1787 0.5225
4069.1147 0.5235
4070.0530 0.5240
4070.9893 0.5200
4071.9280 0.5100
4072.8647 0.5005
4073.8018 0.5019
4074.7412 0.5116
4075.6787 0.5154
4076.6184 0.5098
4077.5562 0.4986
4078.4966 0.4888
4079.4348 0.4893
4080.3733 0.4999
4081.3142 0.5084
4082.2532 0.5116
4083.1943 0.5113
4084.1338 0.5091
4085.0757 0.5059
4086.0154 0.5031
4086.9553 0.5018
4087.8977 0.5008
4088.8381 0.4992
4089.7810 0.4972
4090.7219 0.4949
4091.6653 0.4908
4092.6064 0.4865
4093.5481 0.4827
4094.4919 0.4784
4095.4338 0.4720
4096.3784 0.4630
4097.3208 0.4506
4098.2656 0.4366
4099.2085 0.4195
4100.1514 0.3952
4101.0967 0.3600
4102.0400 0.3189
4102.9863 0.2924
4103.9302 0.3055
4104.8765 0.3444
4105.8208 0.3848
4106.7676 0.4131
4107.7124 0.4314
4108.6572 0.4447
4109.6045 0.4541
4110.5503 0.4606
4111.4980 0.4660
4112.4438 0.4717
4113.3921 0.4767
4114.3384 0.4807
4115.2852 0.4846
4116.2339 0.4880
4117.1807 0.4909
4118.1304 0.4938
4119.0776 0.4956
4120.0273 0.4964
4120.9751 0.4974
4121.9233 0.4988
4122.8740 0.5004
4123.8223 0.5019
4124.7734 0.5034
4125.7222 0.5046
4126.6733 0.5048
4127.6230 0.5050
4128.5723 0.5061
4129.5244 0.5073
4130.4746 0.5062
4131.4268 0.5021
4132.3774 0.4964
4133.3301 0.4941
4134.2812 0.4973
4135.2324 0.5031
4136.1855 0.5067
4137.1372 0.5082
4138.0913 0.5098
4139.0435 0.5122
4139.9976 0.5145
4140.9502 0.5148
4141.9028 0.5129
4142.8579 0.5099
4143.8110 0.5028
4144.7666 0.4957
4145.7202 0.4945
4146.6758 0.5003
4147.6299 0.5059
4148.5840 0.5076
4149.5405 0.5089
4150.4951 0.5110
4151.4526 0.5129
4152.4072 0.5134
4153.3647 0.5121
4154.3203 0.5092
4155.2764 0.5064
4156.2344 0.5053
4157.1904 0.5053
4158.1489 0.5052
4159.1055 0.5053
4160.0649 0.5071
4161.0220 0.5084
4161.9790 0.5081
4162.9390 0.5064
4163.8965 0.5038
4164.8564 0.5004
4165.8149 0.4981
4166.7754 0.4865
4167.7339 0.4732
4168.6929 0.4733
4169.6538 0.4904
4170.6133 0.5035
4171.5752 0.5053
4172.5347 0.5019
4173.4971 0.4980
4174.4570 0.4962
4175.4175 0.4976
4176.3799 0.5000
4177.3408 0.5002
4178.3042 0.4975
4179.2651 0.4943
4180.2290 0.4938
4181.1909 0.4971
4182.1548 0.4999
4183.1172 0.4990
4184.0796 0.4984
4185.0444 0.4987
4186.0068 0.4985
4186.9722 0.4962
4187.9355 0.4920
4188.9014 0.4900
4189.8647 0.4934
4190.8286 0.4978
4191.7949 0.4991
4192.7593 0.4981
4193.7261 0.4975
4194.6909 0.4993
4195.6582 0.5018
4196.6235 0.5019
4197.5889 0.4986
4198.5571 0.4932
4199.5229 0.4881
4200.4912 0.4866
4201.4575 0.4859
4202.4263 0.4823
4203.3931 0.4789
4204.3599 0.4819
4205.3296 0.4897
4206.2969 0.4946
4207.2671 0.4963
4208.2349 0.4971
4209.2051 0.4975
4210.1738 0.4961
4211.1421 0.4940
4212.1133 0.4934
4213.0820 0.4936
4214.0537 0.4922
4215.0229 0.4867
4215.9951 0.4780
4216.9648 0.4730
4217.9351 0.4791
4218.9077 0.4872
4219.8784 0.4916
4220.8516 0.4919
4221.8223 0.4906
4222.7959 0.4888
4223.7676 0.4888
4224.7393 0.4905
4225.7134 0.4876
4226.6855 0.4763
4227.6602 0.4615
4228.6328 0.4577
4229.6079 0.4687
4230.5806 0.4800
4231.5542 0.4858
4232.5298 0.4858
4233.5034 0.4808
4234.4800 0.4749
4235.4541 0.4750
4236.4307 0.4769
4237.4053 0.4789
4238.3799 0.4815
4239.3574 0.4847
4240.3325 0.4862
4241.3105 0.4862
4242.2861 0.4868
4243.2642 0.4877
4244.2407 0.4880
4245.2168 0.4870
4246.1958 0.4831
4247.1729 0.4738
4248.1519 0.4670
4249.1294 0.4674
4250.1094 0.4706
4251.0869 0.4695
4252.0649 0.4681
4253.0454 0.4728
4254.0239 0.4763
4255.0049 0.4755
4255.9834 0.4738
4256.9648 0.4755
4257.9443 0.4785
4258.9263 0.4787
4259.9058 0.4759
4260.8857 0.4712
4261.8687 0.4683
4262.8491 0.4710
4263.8320 0.4766
4264.8130 0.4789
4265.7964 0.4789
4266.7778 0.4787
4267.7593 0.4788
4268.7432 0.4785
4269.7256 0.4771
4270.7100 0.4728
4271.6924 0.4617
4272.6772 0.4518
4273.6606 0.4516
4274.6436 0.4606
4275.6294 0.4673
4276.6128 0.4697
4277.5991 0.4726
4278.5830 0.4751
4279.5698 0.4754
4280.5542 0.4741
4281.5391 0.4719
4282.5264 0.4690
4283.5117 0.4667
4284.4990 0.4667
4285.4849 0.4689
4286.4731 0.4712
4287.4590 0.4715
4288.4453 0.4692
4289.4346 0.4622
4290.4214 0.4533
4291.4106 0.4486
4292.3979 0.4524
4293.3877 0.4582
4294.3755 0.4556
4295.3633 0.4513
4296.3535 0.4532
4297.3423 0.4601
4298.3330 0.4639
4299.3218 0.4609
4300.3135 0.4507
4301.3027 0.4427
4302.2920 0.4407
4303.2842 0.4434
4304.2744 0.4490
4305.2666 0.4574
4306.2573 0.4625
4307.2500 0.4586
4308.2412 0.4486
4309.2319 0.4418
4310.2261 0.4457
4311.2173 0.4547
4312.2114 0.4585
4313.2036 0.4553
4314.1982 0.4480
4315.1904 0.4415
4316.1836 0.4410
4317.1787 0.4461
4318.1719 0.4516
4319.1675 0.4541
4320.1611 0.4535
4321.1572 0.4505
4322.1514 0.4475
4323.1460 0.4477
4324.1426 0.4494
4325.1377 0.4449
4326.1348 0.4352
4327.1299 0.4284
4328.1279 0.4314
4329.1235 0.4390
4330.1196 0.4416
4331.1182 0.4395
4332.1143 0.4357
4333.1133 0.4312
4334.1104 0.4257
4335.1099 0.4191
4336.1069 0.4104
4337.1069 0.3980
4338.1045 0.3807
4339.1025 0.3567
4340.1030 0.3237
4341.1016 0.2861
4342.1025 0.2717
4343.1016 0.2990
4344.1030 0.3411
4345.1025 0.3726
4346.1021 0.3914
4347.1040 0.4037
4348.1040 0.4129
4349.1069 0.4199
4350.1074 0.4246
4351.1104 0.4268
4352.1113 0.4268
4353.1128 0.4272
4354.1167 0.4317
4355.1182 0.4388
4356.1226 0.4454
4357.1245 0.4498
4358.1294 0.4519
4359.1318 0.4531
4360.1348 0.4539
4361.1401 0.4540
4362.1436 0.4543
4363.1494 0.4557
4364.1528 0.4576
4365.1592 0.4586
4366.1636 0.4582
4367.1680 0.4577
4368.1753 0.4571
4369.1802 0.4561
4370.1875 0.4547
4371.1929 0.4540
4372.2007 0.4546
4373.2065 0.4549
4374.2129 0.4540
4375.2212 0.4518
4376.2280 0.4501
4377.2368 0.4516
4378.2441 0.4547
4379.2534 0.4572
4380.2612 0.4592
4381.2686 0.4602
4382.2793 0.4576
4383.2871 0.4493
4384.2979 0.4370
4385.3066 0.4346
4386.3179 0.4421
4387.3267 0.4518
4388.3359 0.4567
4389.3481 0.4583
4390.3579 0.4589
4391.3701 0.4589
4392.3804 0.4591
4393.3936 0.4590
4394.4043 0.4557
4395.4150 0.4467
4396.4287 0.4405
4397.4399 0.4453
4398.4541 0.4526
4399.4658 0.4546
4400.4805 0.4515
4401.4927 0.4485
4402.5054 0.4502
4403.5205 0.4526
4404.5337 0.4504
4405.5493 0.4447
4406.5625 0.4429
4407.5786 0.4481
4408.5928 0.4524
4409.6069 0.4538
4410.6240 0.4547
4411.6387 0.4561
4412.6558 0.4574
4413.6709 0.4575
4414.6885 0.4529
4415.7041 0.4450
4416.7227 0.4396
4417.7388 0.4393
4418.7549 0.4417
4419.7739 0.4450
4420.7905 0.4478
4421.8101 0.4489
4422.8271 0.4487
4423.8472 0.4481
4424.8647 0.4471
4425.8828 0.4445
4426.9033 0.4410
4427.9219 0.4375
4428.9429 0.4362
4429.9619 0.4376
4430.9834 0.4398
4432.0024 0.4405
4433.0220 0.4406
4434.0444 0.4404
4435.0645 0.4396
4436.0874 0.4396
4437.1079 0.4427
4438.1309 0.4479
4439.1519 0.4500
4440.1733 0.4497
4441.1968 0.4486
4442.2188 0.4465
4443.2432 0.4421
4444.2651 0.4362
4445.2900 0.4346
4446.3125 0.4403
4447.3354 0.4464
4448.3613 0.4481
4449.3843 0.4471
4450.4106 0.4460
4451.4341 0.4445
4452.4609 0.4461
4453.4849 0.4485
4454.5098 0.4483
4455.5366 0.4454
4456.5615 0.4447
4457.5894 0.4474
4458.6147 0.4508
4459.6431 0.4562
4460.6689 0.4612
4461.6953 0.4600
4462.7241 0.4533
4463.7505 0.4495
4464.7798 0.4478
4465.8071 0.4472
4466.8369 0.4462
4467.8643 0.4432
4468.8921 0.4376
4469.9229 0.4344
4470.9512 0.4377
4471.9819 0.4427
4473.0107 0.4455
4474.0425 0.4471
4475.0718 0.4484
4476.1011 0.4479
4477.1333 0.4464
4478.1631 0.4459
4479.1958 0.4461
4480.2266 0.4449
4481.2593 0.4423
4482.2905 0.4402
4483.3213 0.4408
4484.3555 0.4420
4485.3872 0.4424
4486.4214 0.4428
4487.4536 0.4437
4488.4883 0.4432
4489.5210 0.4430
4490.5537 0.4430
4491.5889 0.4428
4492.6226 0.4425
4493.6582 0.4432
4494.6919 0.4432
4495.7285 0.4421
4496.7627 0.4413
4497.7998 0.4417
4498.8345 0.4426
4499.8696 0.4416
4500.9072 0.4361
4501.9424 0.4301
4502.9805 0.4290
4504.0166 0.4331
4505.0552 0.4375
4506.0913 0.4391
4507.1279 0.4391
4508.1675 0.4386
4509.2046 0.4379
4510.2446 0.4376
4511.2822 0.4385
4512.3223 0.4391
4513.3604 0.4391
4514.3984 0.4393
4515.4395 0.4391
4516.4785 0.4381
4517.5200 0.4373
4518.5591 0.4366
4519.6011 0.4354
4520.6406 0.4343
4521.6807 0.4338
4522.7236 0.4328
4523.7642 0.4308
4524.8071 0.4305
4525.8481 0.4317
4526.8916 0.4323
4527.9331 0.4324
4528.9746 0.4320
4530.0190 0.4309
4531.0610 0.4306
4532.1060 0.4315
4533.1489 0.4295
4534.1938 0.4230
4535.2373 0.4167
4536.2803 0.4178
4537.3267 0.4252
4538.3701 0.4303
4539.4170 0.4316
4540.4609 0.4313
4541.5083 0.4308
4542.5527 0.4300
4543.5981 0.4292
4544.6455 0.4286
4545.6909 0.4284
4546.7393 0.4286
4547.7852 0.4282
4548.8340 0.4248
4549.8804 0.4165
4550.9272 0.4093
4551.9766 0.4120
4553.0239 0.4192
4554.0737 0.4229
4555.1216 0.4221
4556.1719 0.4209
4557.2197 0.4211
4558.2686 0.4228
4559.3193 0.4252
4560.3682 0.4268
4561.4199 0.4263
4562.4692 0.4236
4563.5215 0.4186
4564.5713 0.4129
4565.6211 0.4123
4566.6743 0.4173
4567.7246 0.4222
4568.7778 0.4233
4569.8291 0.4225
4570.8828 0.4202
4571.9341 0.4157
4572.9888 0.4110
4574.0405 0.4109
4575.0928 0.4156
4576.1479 0.4188
4577.2007 0.4195
4578.2559 0.4187
4579.3091 0.4175
4580.3652 0.4162
4581.4189 0.4156
4582.4731 0.4154
4583.5298 0.4139
4584.5840 0.4112
4585.6411 0.4097
4586.6963 0.4116
4587.7539 0.4145
4588.8091 0.4150
4589.8647 0.4139
4590.9233 0.4131
4591.9795 0.4132
4593.0386 0.4140
4594.0952 0.4144
4595.1543 0.4137
4596.2114 0.4120
4597.2690 0.4109
4598.3291 0.4116
4599.3867 0.4132
4600.4473 0.4139
4601.5059 0.4148
4602.5669 0.4147
4603.6255 0.4129
4604.6846 0.4106
4605.7466 0.4101
4606.8062 0.4101
4607.8687 0.4097
4608.9287 0.4096
4609.9912 0.4099
4611.0518 0.4103
4612.1128 0.4106
4613.1763 0.4105
4614.2373 0.4104
4615.3013 0.4100
4616.3633 0.4096
4617.4277 0.4099
4618.4897 0.4106
4619.5522 0.4104
4620.6177 0.4098
4621.6807 0.4106
4622.7466 0.4119
4623.8096 0.4120
4624.8760 0.4112
4625.9399 0.4106
4627.0044 0.4097
4628.0713 0.4090
4629.1357 0.4077
4630.2031 0.4055
4631.2686 0.4039
4632.3364 0.4046
4633.4023 0.4060
4634.4678 0.4061
4635.5366 0.4062
4636.6030 0.4073
4637.6724 0.4085
4638.7393 0.4086
4639.8091 0.4081
4640.8765 0.4078
4641.9438 0.4073
4643.0142 0.4065
4644.0825 0.4061
4645.1533 0.4066
4646.2222 0.4072
4647.2935 0.4067
4648.3623 0.4054
4649.4316 0.4043
4650.5039 0.4046
4651.5737 0.4062
4652.6465 0.4080
4653.7168 0.4091
4654.7900 0.4088
4655.8608 0.4076
4656.9346 0.4070
4658.0059 0.4069
4659.0771 0.4065
4660.1519 0.4065
4661.2236 0.4073
4662.2983 0.4083
4663.3711 0.4078
4664.4463 0.4059
4665.5195 0.4050
4666.5928 0.4045
4667.6689 0.4038
4668.7427 0.4034
4669.8193 0.4039
4670.8936 0.4041
4671.9707 0.4037
4673.0454 0.4041
4674.1206 0.4046
4675.1982 0.4050
4676.2739 0.4052
4677.3521 0.4051
4678.4282 0.4043
4679.5073 0.4036
4680.5835 0.4035
4681.6602 0.4037
4682.7397 0.4036
4683.8174 0.4031
4684.8975 0.4025
4685.9751 0.4021
4687.0557 0.4021
4688.1338 0.4027
4689.2124 0.4038
4690.2935 0.4043
4691.3726 0.4042
4692.4546 0.4047
4693.5342 0.4051
4694.6162 0.4050
4695.6963 0.4050
4696.7764 0.4048
4697.8594 0.4041
4698.9404 0.4039
4700.0239 0.4045
4701.1050 0.4053
4702.1890 0.4048
4703.2710 0.4027
4704.3530 0.4014
4705.4375 0.4017
4706.5200 0.4027
4707.6055 0.4036
4708.6885 0.4044
4709.7744 0.4049
4710.8579 0.4047
4711.9414 0.4038
4713.0283 0.4030
4714.1123 0.4028
4715.1992 0.4026
4716.2842 0.4016
4717.3716 0.4010
4718.4570 0.4018
4719.5425 0.4028
4720.6309 0.4024
4721.7168 0.4010
4722.8057 0.4002
4723.8921 0.4005
4724.9814 0.4010
4726.0684 0.4006
4727.1553 0.3994
4728.2456 0.3984
4729.3335 0.3979
4730.4238 0.3977
4731.5122 0.3978
4732.6030 0.3978
4733.6919 0.3976
4734.7808 0.3979
4735.8726 0.3990
4736.9624 0.3990
4738.0547 0.3979
4739.1445 0.3966
4740.2373 0.3957
4741.3276 0.3953
4742.4214 0.3952
4743.5122 0.3953
4744.6035 0.3947
4745.6973 0.3940
4746.7891 0.3937
4747.8838 0.3938
4748.9761 0.3933
4750.0713 0.3927
4751.1641 0.3926
4752.2568 0.3924
4753.3525 0.3916
4754.4463 0.3901
4755.5425 0.3888
4756.6367 0.3879
4757.7334 0.3872
4758.8281 0.3868
4759.9229 0.3868
4761.0205 0.3866
4762.1157 0.3851
4763.2139 0.3826
4764.3096 0.3810
4765.4082 0.3804
4766.5044 0.3806
4767.6011 0.3814
4768.7002 0.3818
4769.7974 0.3810
4770.8975 0.3799
4771.9951 0.3789
4773.0952 0.3781
4774.1934 0.3778
4775.2915 0.3770
4776.3926 0.3758
4777.4917 0.3749
4778.5933 0.3754
4779.6924 0.3772
4780.7949 0.3787
4781.8945 0.3785
4782.9946 0.3790
4784.0977 0.3810
4785.1982 0.3819
4786.3018 0.3802
4787.4028 0.3780
4788.5068 0.3781
4789.6084 0.3793
4790.7100 0.3798
4791.8149 0.3789
4792.9170 0.3772
4794.0225 0.3760
4795.1255 0.3755
4796.2310 0.3756
4797.3345 0.3763
4798.4380 0.3771
4799.5444 0.3774
4800.6489 0.3767
4801.7559 0.3762
4802.8604 0.3756
4803.9678 0.3746
4805.0732 0.3730
4806.1782 0.3714
4807.2866 0.3708
4808.3926 0.3718
4809.5015 0.3732
4810.6079 0.3735
4811.7173 0.3726
4812.8242 0.3718
4813.9312 0.3719
4815.0415 0.3721
4816.1489 0.3722
4817.2598 0.3716
4818.3677 0.3703
4819.4790 0.3690
4820.5879 0.3687
4821.6968 0.3688
4822.8086 0.3683
4823.9180 0.3673
4825.0303 0.3666
4826.1401 0.3664
4827.2534 0.3663
4828.3638 0.3662
4829.4771 0.3660
4830.5884 0.3664
4831.6992 0.3666
4832.8135 0.3661
4833.9253 0.3651
4835.0400 0.3640
4836.1523 0.3630
4837.2676 0.3629
4838.3804 0.3634
4839.4937 0.3638
4840.6094 0.3640
4841.7231 0.3644
4842.8394 0.3633
4843.9536 0.3607
4845.0708 0.3587
4846.1851 0.3579
4847.3003 0.3572
4848.4180 0.3561
4849.5332 0.3548
4850.6514 0.3536
4851.7676 0.3519
4852.8862 0.3491
4854.0024 0.3449
4855.1191 0.3403
4856.2388 0.3360
4857.3560 0.3305
4858.4761 0.3210
4859.5938 0.3024
4860.7144 0.2710
4861.8325 0.2372
4862.9512 0.2368
4864.0723 0.2659
4865.1914 0.2974
4866.3135 0.3160
4867.4326 0.3266
4868.5552 0.3329
4869.6753 0.3378
4870.7954 0.3410
4871.9189 0.3425
4873.0396 0.3434
4874.1631 0.3455
4875.2847 0.3480
4876.4087 0.3496
4877.5308 0.3509
4878.6528 0.3517
4879.7778 0.3517
4880.9004 0.3517
4882.0259 0.3527
4883.1489 0.3538
4884.2749 0.3542
4885.3984 0.3547
4886.5225 0.3555
4887.6494 0.3558
4888.7734 0.3553
4889.9009 0.3552
4891.0259 0.3542
4892.1538 0.3535
4893.2793 0.3549
4894.4048 0.3575
4895.5337 0.3581
4896.6597 0.3578
4897.7891 0.3576
4898.9155 0.3573
4900.0454 0.3573
4901.1724 0.3575
4902.2998 0.3579
4903.4307 0.3586
4904.5586 0.3590
4905.6895 0.3590
4906.8179 0.3593
4907.9497 0.3606
4909.0786 0.3622
4910.2080 0.3623
4911.3403 0.3615
4912.4702 0.3609
4913.6030 0.3610
4914.7334 0.3615
4915.8667 0.3620
4916.9976 0.3618
4918.1313 0.3608
4919.2627 0.3589
4920.3945 0.3565
4921.5288 0.3551
4922.6611 0.3557
4923.7964 0.3542
4924.9292 0.3523
4926.0649 0.3546
4927.1978 0.3600
4928.3315 0.3615
4929.4678 0.3607
4930.6021 0.3612
4931.7388 0.3622
4932.8735 0.3627
4934.0107 0.3621
4935.1460 0.3612
4936.2812 0.3616
4937.4194 0.3627
4938.5557 0.3622
4939.6943 0.3609
4940.8306 0.3602
4941.9702 0.3604
4943.1069 0.3610
4944.2441 0.3610
4945.3843 0.3607
4946.5220 0.3601
4947.6626 0.3596
4948.8008 0.3598
4949.9419 0.3601
4951.0806 0.3597
4952.2197 0.3598
4953.3618 0.3603
4954.5010 0.3611
4955.6436 0.3619
4956.7837 0.3604
4957.9268 0.3556
4959.0674 0.3544
4960.2080 0.3567
4961.3521 0.3589
4962.4932 0.3597
4963.6377 0.3605
4964.7793 0.3609
4965.9243 0.3609
4967.0669 0.3604
4968.2095 0.3599
4969.3550 0.3604
4970.4980 0.3616
4971.6445 0.3624
4972.7881 0.3621
4973.9351 0.3615
4975.0791 0.3614
4976.2236 0.3616
4977.3711 0.3610
4978.5161 0.3600
4979.6641 0.3594
4980.8096 0.3588
4981.9585 0.3580
4983.1045 0.3577
4984.2510 0.3576
4985.4004 0.3573
4986.5469 0.3571
4987.6968 0.3574
4988.8442 0.3580
4989.9946 0.3582
4991.1426 0.3582
4992.2910 0.3584
4993.4419 0.3585
4994.5908 0.3589
4995.7427 0.3595
4996.8921 0.3596
4998.0439 0.3591
4999.1938 0.3595
5000.3438 0.3587
5001.4971 0.3570
5002.6475 0.3561
5003.8013 0.3566
5004.9521 0.3566
5006.1064 0.3548
5007.2583 0.3543
5008.4126 0.3557
5009.5649 0.3570
5010.7173 0.3568
5011.8730 0.3567
5013.0259 0.3572
5014.1816 0.3573
5015.3354 0.3573
5016.4917 0.3571
5017.6460 0.3553
5018.8003 0.3499
5019.9575 0.3473
5021.1123 0.3513
5022.2700 0.3564
5023.4258 0.3579
5024.5840 0.3573
5025.7397 0.3558
5026.8960 0.3548
5028.0552 0.3547
5029.2119 0.3550
5030.3716 0.3546
5031.5288 0.3538
5032.6890 0.3542
5033.8472 0.3553
5035.0049 0.3553
5036.1660 0.3547
5037.3247 0.3541
5038.4863 0.3540
5039.6455 0.3544
5040.8076 0.3535
5041.9668 0.3530
5043.1270 0.3532
5044.2900 0.3539
5045.4502 0.3550
5046.6138 0.3557
5047.7749 0.3544
5048.9390 0.3536
5050.1001 0.3537
5051.2622 0.3534
5052.4268 0.3526
5053.5894 0.3529
5054.7544 0.3548
5055.9175 0.3554
5057.0830 0.3553
5058.2466 0.3558
5059.4102 0.3561
5060.5771 0.3546
5061.7412 0.3537
5062.9082 0.3539
5064.0732 0.3538
5065.2407 0.3531
5066.4062 0.3531
5067.5718 0.3538
5068.7402 0.3539
5069.9062 0.3537
5071.0752 0.3534
5072.2417 0.3529
5073.4116 0.3523
5074.5786 0.3522
5075.7461 0.3521
5076.9165 0.3517
5078.0845 0.3514
5079.2554 0.3517
5080.4238 0.3526
5081.5957 0.3527
5082.7646 0.3523
5083.9336 0.3511
5085.1060 0.3504
5086.2759 0.3508
5087.4487 0.3513
5088.6191 0.3510
5089.7925 0.3508
5090.9634 0.3505
5092.1348 0.3506
5093.3091 0.3512
5094.4805 0.3519
5095.6553 0.3524
5096.8276 0.3525
5098.0029 0.3518
5099.1758 0.3512
5100.3516 0.3518
5101.5249 0.3533
5102.6987 0.3553
5103.8750 0.3507
5105.0493 0.3470
5106.2266 0.3474
5107.4014 0.3492
5108.5791 0.3492
5109.7544 0.3487
5110.9297 0.3472
5112.1084 0.3462
5113.2842 0.3466
5114.4634 0.3479
5115.6401 0.3488
5116.8198 0.3485
5117.9966 0.3483
5119.1743 0.3482
5120.3545 0.3481
5121.5327 0.3481
5122.7134 0.3480
5123.8921 0.3474
5125.0737 0.3467
5126.2524 0.3464
5127.4321 0.3465
5128.6143 0.3466
5129.7939 0.3461
5130.9771 0.3461
5132.1572 0.3468
5133.3408 0.3459
5134.5220 0.3442
5135.7031 0.3437
5136.8872 0.3440
5138.0688 0.3444
5139.2539 0.3447
5140.4360 0.3441
5141.6216 0.3435
5142.8042 0.3433
5143.9873 0.3433
5145.1738 0.3440
5146.3574 0.3444
5147.5439 0.3441
5148.7280 0.3442
5149.9155 0.3452
5151.1001 0.3456
5152.2852 0.3448
5153.4731 0.3440
5154.6587 0.3434
5155.8477 0.3432
5157.0337 0.3433
5158.2227 0.3436
5159.4097 0.3438
5160.5962 0.3429
5161.7861 0.3422
5162.9736 0.3425
5164.1646 0.3430
5165.3525 0.3421
5166.5435 0.3384
5167.7319 0.3295
5168.9209 0.3224
5170.1128 0.3234
5171.3022 0.3299
5172.4946 0.3324
5173.6846 0.3286
5174.8779 0.3314
5176.0684 0.3372
5177.2588 0.3409
5178.4526 0.3414
5179.6440 0.3415
5180.8384 0.3409
5182.0303 0.3401
5183.2251 0.3334
5184.4175 0.3262
5185.6104 0.3266
5186.8062 0.3345
5187.9995 0.3382
5189.1958 0.3380
5190.3896 0.3380
5191.5864 0.3378
5192.7808 0.3365
5193.9780 0.3364
5195.1729 0.3381
5196.3682 0.3380
5197.5664 0.3371
5198.7622 0.3365
5199.9609 0.3367
5201.1572 0.3374
5202.3564 0.3378
5203.5532 0.3370
5204.7505 0.3353
5205.9507 0.3335
5207.1484 0.3324
5208.3491 0.3324
5209.5474 0.3317
5210.7485 0.3315
5211.9473 0.3323
5213.1460 0.3328
5214.3481 0.3326
5215.5479 0.3331
5216.7505 0.3334
5217.9507 0.3327
5219.1538 0.3321
5220.3545 0.3327
5221.5557 0.3336
5222.7598 0.3332
5223.9609 0.3322
5225.1655 0.3325
5226.3677 0.3307
5227.5728 0.3280
5228.7754 0.3276
5229.9785 0.3297
5231.1846 0.3303
5232.3877 0.3282
5233.5942 0.3266
5234.7983 0.3263
5236.0054 0.3268
5237.2100 0.3279
5238.4150 0.3289
5239.6230 0.3292
5240.8281 0.3290
5242.0366 0.3286
5243.2427 0.3283
5244.4517 0.3291
5245.6582 0.3308
5246.8652 0.3314
5248.0747 0.3313
5249.2822 0.3315
5250.4927 0.3318
5251.7007 0.3315
5252.9116 0.3317
5254.1201 0.3320
5255.3286 0.3308
5256.5405 0.3296
5257.7500 0.3299
5258.9624 0.3311
5260.1724 0.3315
5261.3853 0.3312
5262.5957 0.3304
5263.8062 0.3296
5265.0200 0.3292
5266.2310 0.3291
5267.4458 0.3287
5268.6572 0.3279
5269.8721 0.3243
5271.0845 0.3217
5272.2974 0.3238
5273.5132 0.3277
5274.7261 0.3291
5275.9424 0.3286
5277.1562 0.3270
5278.3730 0.3267
5279.5874 0.3287
5280.8047 0.3308
5282.0195 0.3300
5283.2349 0.3280
5284.4531 0.3259
5285.6689 0.3252
5286.8877 0.3263
5288.1040 0.3272
5289.3232 0.3266
5290.5400 0.3270
5291.7573 0.3280
5292.9775 0.3284
5294.1953 0.3280
5295.4160 0.3276
5296.6343 0.3267
5297.8555 0.3262
5299.0742 0.3262
5300.2935 0.3265
5301.5156 0.3267
5302.7354 0.3270
5303.9580 0.3276
5305.1782 0.3274
5306.4014 0.3262
5307.6221 0.3247
5308.8433 0.3242
5310.0674 0.3250
5311.2891 0.3266
5312.5137 0.3277
5313.7358 0.3271
5314.9614 0.3260
5316.1841 0.3251
5317.4072 0.3237
5318.6333 0.3230
5319.8569 0.3235
5321.0835 0.3235
5322.3076 0.3232
5323.5347 0.3230
5324.7598 0.3225
5325.9844 0.3221
5327.2129 0.3209
5328.4380 0.3179
5329.6670 0.3169
5330.8931 0.3198
5332.1221 0.3228
5333.3491 0.3234
5334.5757 0.3240
5335.8062 0.3236
5337.0337 0.3220
5338.2642 0.3209
5339.4922 0.3210
5340.7236 0.3208
5341.9521 0.3198
5343.1812 0.3211
5344.4131 0.3236
5345.6426 0.3245
5346.8755 0.3233
5348.1055 0.3223
5349.3389 0.3220
5350.5693 0.3218
5351.8003 0.3212
5353.0342 0.3209
5354.2656 0.3216
5355.5005 0.3217
5356.7324 0.3209
5357.9678 0.3197
5359.2002 0.3188
5360.4331 0.3189
5361.6694 0.3194
5362.9028 0.3190
5364.1392 0.3176
5365.3735 0.3167
5366.6108 0.3170
5367.8452 0.3181
5369.0801 0.3194
5370.3184 0.3194
5371.5537 0.3174
5372.7925 0.3163
5374.0283 0.3171
5375.2676 0.3186
5376.5039 0.3196
5377.7441 0.3207
5378.9810 0.3211
5380.2183 0.3209
5381.4590 0.3200
5382.6973 0.3189
5383.9385 0.3181
5385.1768 0.3179
5386.4189 0.3183
5387.6577 0.3191
5388.8975 0.3199
5390.1401 0.3184
5391.3799 0.3102
5392.6230 0.2988
5393.8638 0.3058
5395.1074 0.3149
5396.3486 0.3172
5397.5903 0.3156
5398.8350 0.3153
5400.0767 0.3167
5401.3223 0.3168
5402.5645 0.3161
5403.8105 0.3151
5405.0537 0.3139
5406.2969 0.3128
5407.5439 0.3128
5408.7876 0.3153
5410.0352 0.3156
5411.2798 0.3146
5412.5273 0.3148
5413.7725 0.3160
5415.0181 0.3158
5416.2666 0.3152
5417.5127 0.3150
5418.7617 0.3148
5420.0083 0.3144
5421.2583 0.3140
5422.5054 0.3137
5423.7529 0.3139
5425.0034 0.3144
5426.2515 0.3147
5427.5029 0.3148
5428.7515 0.3142
5430.0034 0.3135
5431.2524 0.3126
5432.5020 0.3125
5433.7549 0.3127
5435.0049 0.3127
5436.2578 0.3128
5437.5088 0.3143
5438.7627 0.3154
5440.0137 0.3158
5441.2651 0.3158
5442.5200 0.3154
5443.7720 0.3149
5445.0273 0.3147
5446.2798 0.3136
5447.5356 0.3115
5448.7891 0.3104
5450.0425 0.3112
5451.2993 0.3119
5452.5532 0.3124
5453.8105 0.3133
5455.0654 0.3127
5456.3232 0.3114
5457.5786 0.3116
5458.8340 0.3132
5460.0928 0.3135
5461.3486 0.3128
5462.6084 0.3125
5463.8647 0.3122
5465.1250 0.3117
5466.3823 0.3116
5467.6396 0.3118
5468.9004 0.3122
5470.1587 0.3123
5471.4199 0.3120
5472.6787 0.3118
5473.9404 0.3122
5475.1997 0.3125
5476.4624 0.3119
5477.7222 0.3113
5478.9824 0.3113
5480.2461 0.3115
5481.5068 0.3112
5482.7705 0.3109
5484.0322 0.3109
5485.2964 0.3107
5486.5586 0.3100
5487.8208 0.3092
5489.0859 0.3087
5490.3491 0.3084
5491.6147 0.3088
5492.8784 0.3097
5494.1450 0.3104
5495.4087 0.3103
5496.6729 0.3101
5497.9404 0.3101
5499.2056 0.3101
5500.4736 0.3105
5501.7388 0.3108
5503.0073 0.3103
5504.2734 0.3098
5505.5396 0.3100
5506.8096 0.3098
5508.0762 0.3090
5509.3462 0.3081
5510.6138 0.3075
5511.8843 0.3080
5513.1523 0.3082
5514.4209 0.3083
5515.6924 0.3088
5516.9614 0.3091
5518.2334 0.3086
5519.5029 0.3079
5520.7759 0.3074
5522.0459 0.3073
5523.3159 0.3075
5524.5898 0.3075
5525.8608 0.3066
5527.1348 0.3050
5528.4062 0.3031
5529.6812 0.3027
5530.9536 0.3044
5532.2256 0.3060
5533.5015 0.3062
5534.7744 0.3058
5536.0508 0.3049
5537.3242 0.3045
5538.6011 0.3052
5539.8755 0.3059
5541.1499 0.3060
5542.4277 0.3057
5543.7026 0.3052
5544.9810 0.3051
5546.2568 0.3057
5547.5356 0.3064
5548.8115 0.3067
5550.0884 0.3067
5551.3682 0.3067
5552.6450 0.3062
5553.9258 0.3061
5555.2031 0.3062
5556.4844 0.3063
5557.7627 0.3063
5559.0410 0.3061
5560.3232 0.3055
5561.6021 0.3053
5562.8848 0.3052
5564.1646 0.3050
5565.4473 0.3050
5566.7280 0.3050
5568.0083 0.3048
5569.2925 0.3045
5570.5737 0.3043
5571.8579 0.3041
5573.1401 0.3039
5574.4253 0.3034
5575.7075 0.3033
5576.9932 0.3033
5578.2764 0.3032
5579.5596 0.3030
5580.8462 0.3028
5582.1299 0.3030
5583.4170 0.3032
5584.7017 0.3027
5585.9893 0.3018
5587.2744 0.3013
5588.5601 0.3011
5589.8486 0.3012
5591.1348 0.3015
5592.4238 0.3017
5593.7104 0.3017
5595.0005 0.3013
5596.2876 0.3010
5597.5747 0.3010
5598.8657 0.3005
5600.1538 0.3003
5601.4448 0.3001
5602.7334 0.2998
5604.0254 0.2998
5605.3149 0.3004
5606.6045 0.3009
5607.8970 0.3010
5609.1870 0.3006
5610.4805 0.3001
5611.7715 0.2997
5613.0654 0.2997
5614.3569 0.2999
5615.6484 0.2995
5616.9434 0.2988
5618.2354 0.2988
5619.5308 0.2995
5620.8237 0.2998
5622.1201 0.2998
5623.4131 0.2996
5624.7070 0.2993
5626.0039 0.2994
5627.2983 0.2997
5628.5957 0.3000
5629.8906 0.3001
5631.1890 0.2997
5632.4844 0.2991
5633.7803 0.2989
5635.0791 0.2992
5636.3755 0.2994
5637.6753 0.2989
5638.9722 0.2978
5640.2725 0.2972
5641.5703 0.2975
5642.8682 0.2978
5644.1694 0.2980
5645.4678 0.2977
5646.7695 0.2976
5648.0684 0.2975
5649.3711 0.2974
5650.6704 0.2974
5651.9707 0.2975
5653.2739 0.2971
5654.5742 0.2969
5655.8784 0.2968
5657.1797 0.2965
5658.4839 0.2956
5659.7856 0.2955
5661.0879 0.2963
5662.3931 0.2965
5663.6958 0.2962
5665.0020 0.2958
5666.3052 0.2957
5667.6118 0.2957
5668.9155 0.2961
5670.2197 0.2963
5671.5273 0.2958
5672.8320 0.2950
5674.1401 0.2944
5675.4453 0.2942
5676.7539 0.2942
5678.0601 0.2941
5679.3696 0.2941
5680.6758 0.2942
5681.9829 0.2940
5683.2930 0.2940
5684.6006 0.2934
5685.9111 0.2930
5687.2192 0.2931
5688.5308 0.2933
5689.8394 0.2930
5691.1484 0.2929
5692.4609 0.2929
5693.7705 0.2925
5695.0835 0.2923
5696.3936 0.2926
5697.7070 0.2928
5699.0176 0.2927
5700.3286 0.2922
5701.6431 0.2916
5702.9551 0.2915
5704.2700 0.2913
5705.5825 0.2900
5706.8979 0.2892
5708.2109 0.2899
5709.5239 0.2909
5710.8408 0.2912
5712.1543 0.2906
5713.4717 0.2903
5714.7861 0.2909
5716.1040 0.2913
5717.4189 0.2911
5718.7339 0.2906
5720.0527 0.2901
5721.3687 0.2898
5722.6880 0.2898
5724.0044 0.2899
5725.3242 0.2900
5726.6416 0.2899
5727.9590 0.2895
5729.2798 0.2893
5730.5977 0.2893
5731.9194 0.2892
5733.2378 0.2894
5734.5601 0.2896
5735.8794 0.2892
5737.1987 0.2888
5738.5215 0.2889
5739.8418 0.2891
5741.1655 0.2894
5742.4863 0.2896
5743.8105 0.2893
5745.1318 0.2888
5746.4536 0.2879
5747.7783 0.2875
5749.1006 0.2879
5750.4268 0.2886
5751.7495 0.2888
5753.0757 0.2887
5754.3994 0.2884
5755.7231 0.2882
5757.0503 0.2883
5758.3745 0.2883
5759.7026 0.2882
5761.0273 0.2881
5762.3560 0.2881
5763.6816 0.2878
5765.0078 0.2873
5766.3369 0.2869
5767.6636 0.2866
5768.9937 0.2867
5770.3208 0.2872
5771.6514 0.2869
5772.9790 0.2863
5774.3071 0.2857
5775.6387 0.2852
5776.9673 0.2847
5778.2993 0.2842
5779.6289 0.2835
5780.9614 0.2800
5782.2915 0.2763
5783.6250 0.2764
5784.9556 0.2808
5786.2861 0.2842
5787.6206 0.2854
5788.9521 0.2853
5790.2871 0.2849
5791.6191 0.2848
5792.9546 0.2850
5794.2871 0.2851
5795.6201 0.2853
5796.9565 0.2846
5798.2900 0.2830
5799.6274 0.2824
5800.9614 0.2841
5802.2993 0.2855
5803.6338 0.2860
5804.9692 0.2862
5806.3076 0.2862
5807.6436 0.2859
5808.9824 0.2859
5810.3188 0.2858
5811.6587 0.2858
5812.9956 0.2856
5814.3330 0.2853
5815.6738 0.2852
5817.0117 0.2858
5818.3530 0.2861
5819.6914 0.2857
5821.0337 0.2854
5822.3726 0.2856
5823.7119 0.2859
5825.0552 0.2860
5826.3950 0.2860
5827.7388 0.2859
5829.0791 0.2856
5830.4233 0.2855
5831.7646 0.2858
5833.1064 0.2859
5834.4517 0.2858
5835.7935 0.2857
5837.1396 0.2856
5838.4824 0.2854
5839.8286 0.2851
5841.1719 0.2848
5842.5156 0.2844
5843.8633 0.2840
5845.2075 0.2837
5846.5552 0.2836
5847.9004 0.2835
5849.2490 0.2833
5850.5942 0.2827
5851.9404 0.2820
5853.2896 0.2825
5854.6362 0.2833
5855.9863 0.2831
5857.3335 0.2823
5858.6841 0.2820
5860.0322 0.2826
5861.3799 0.2837
5862.7319 0.2842
5864.0806 0.2839
5865.4326 0.2834
5866.7822 0.2827
5868.1348 0.2825
5869.4849 0.2826
5870.8350 0.2826
5872.1890 0.2824
5873.5400 0.2820
5874.8940 0.2811
5876.2456 0.2810
5877.6006 0.2813
5878.9531 0.2817
5880.3052 0.2819
5881.6611 0.2815
5883.0146 0.2810
5884.3711 0.2806
5885.7246 0.2804
5887.0820 0.2796
5888.4365 0.2772
5889.7939 0.2707
5891.1489 0.2548
5892.5044 0.2526
5893.8633 0.2655
5895.2192 0.2740
5896.5786 0.2655
5897.9351 0.2545
5899.2949 0.2614
5900.6523 0.2724
5902.0098 0.2765
5903.3706 0.2767
5904.7285 0.2779
5906.0903 0.2783
5907.4487 0.2784
5908.8110 0.2782
5910.1704 0.2778
5911.5303 0.2776
5912.8931 0.2776
5914.2534 0.2776
5915.6172 0.2771
5916.9780 0.2770
5918.3428 0.2763
5919.7041 0.2752
5921.0659 0.2748
5922.4312 0.2756
5923.7939 0.2760
5925.1597 0.2747
5926.5229 0.2747
5927.8896 0.2762
5929.2534 0.2773
5930.6172 0.2768
5931.9849 0.2764
5933.3496 0.2760
5934.7178 0.2757
5936.0830 0.2756
5937.4517 0.2757
5938.8179 0.2757
5940.1841 0.2757
5941.5537 0.2746
5942.9204 0.2730
5944.2910 0.2723
5945.6587 0.2731
5947.0298 0.2736
5948.3975 0.2736
5949.7661 0.2738
5951.1382 0.2738
5952.5073 0.2737
5953.8799 0.2742
5955.2495 0.2744
5956.6226 0.2743
5957.9932 0.2737
5959.3638 0.2722
5960.7378 0.2717
5962.1094 0.2730
5963.4839 0.2738
5964.8560 0.2735
5966.2314 0.2736
5967.6040 0.2733
5968.9766 0.2724
5970.3530 0.2717
5971.7266 0.2719
5973.1035 0.2723
5974.4780 0.2724
5975.8555 0.2721
5977.2305 0.2718
5978.6055 0.2717
5979.9839 0.2719
5981.3599 0.2722
5982.7388 0.2722
5984.1152 0.2723
5985.4951 0.2725
5986.8721 0.2723
5988.2495 0.2720
5989.6304 0.2715
5991.0083 0.2709
5992.3896 0.2710
5993.7681 0.2716
5995.1504 0.2719
5996.5298 0.2715
5997.9126 0.2713
5999.2920 0.2718
6000.6724 0.2720
6002.0562 0.2715
6003.4370 0.2711
6004.8213 0.2711
6006.2026 0.2704
6007.5874 0.2697
6008.9697 0.2695
6010.3521 0.2694
6011.7378 0.2687
6013.1211 0.2683
6014.5078 0.2684
6015.8911 0.2690
6017.2783 0.2694
6018.6626 0.2695
6020.0474 0.2694
6021.4355 0.2689
6022.8208 0.2687
6024.2095 0.2689
6025.5957 0.2688
6026.9849 0.2684
6028.3716 0.2681
6029.7583 0.2681
6031.1489 0.2686
6032.5361 0.2690
6033.9272 0.2691
6035.3154 0.2688
6036.7070 0.2680
6038.0957 0.2670
6039.4849 0.2664
6040.8774 0.2665
6042.2671 0.2668
6043.6606 0.2667
6045.0508 0.2663
6046.4448 0.2663
6047.8359 0.2667
6049.2271 0.2667
6050.6221 0.2669
6052.0142 0.2672
6053.4097 0.2670
6054.8022 0.2664
6056.1982 0.2665
6057.5918 0.2669
6058.9854 0.2672
6060.3823 0.2672
6061.7764 0.2669
6063.1743 0.2664
6064.5693 0.2662
6065.9678 0.2661
6067.3633 0.2660
6068.7588 0.2660
6070.1582 0.2663
6071.5547 0.2662
6072.9551 0.2658
6074.3521 0.2658
6075.7529 0.2659
6077.1504 0.2658
6078.5483 0.2657
6079.9502 0.2656
6081.3491 0.2656
6082.7515 0.2652
6084.1504 0.2653
6085.5537 0.2657
6086.9536 0.2657
6088.3540 0.2654
6089.7578 0.2655
6091.1587 0.2655
6092.5635 0.2654
6093.9648 0.2655
6095.3701 0.2658
6096.7725 0.2663
6098.1782 0.2654
6099.5811 0.2650
6100.9844 0.2652
6102.3911 0.2651
6103.7949 0.2647
6105.2026 0.2648
6106.6069 0.2651
6108.0151 0.2650
6109.4204 0.2646
6110.8257 0.2644
6112.2349 0.2646
6113.6411 0.2647
6115.0508 0.2644
6116.4575 0.2644
6117.8682 0.2647
6119.2754 0.2648
6120.6831 0.2646
6122.0947 0.2641
6123.5029 0.2630
6124.9150 0.2631
6126.3242 0.2635
6127.7368 0.2636
6129.1465 0.2635
6130.5566 0.2636
6131.9702 0.2640
6133.3809 0.2643
6134.7954 0.2639
6136.2065 0.2633
6137.6216 0.2628
6139.0337 0.2625
6140.4458 0.2626
6141.8618 0.2624
6143.2749 0.2624
6144.6914 0.2625
6146.1050 0.2625
6147.5220 0.2626
6148.9365 0.2626
6150.3511 0.2624
6151.7690 0.2622
6153.1846 0.2621
6154.6035 0.2622
6156.0190 0.2621
6157.4390 0.2622
6158.8555 0.2621
6160.2720 0.2617
6161.6929 0.2609
6163.1104 0.2601
6164.5312 0.2598
6165.9497 0.2603
6167.3711 0.2605
6168.7900 0.2599
6170.2095 0.2593
6171.6323 0.2591
6173.0518 0.2591
6174.4756 0.2590
6175.8960 0.2592
6177.3198 0.2592
6178.7412 0.2592
6180.1626 0.2599
6181.5874 0.2608
6183.0098 0.2607
6184.4355 0.2596
6185.8579 0.2591
6187.2847 0.2593
6188.7080 0.2595
6190.1318 0.2597
6191.5591 0.2594
6192.9834 0.2591
6194.4116 0.2592
6195.8364 0.2594
6197.2651 0.2593
6198.6909 0.2594
6200.1172 0.2600
6201.5469 0.2601
6202.9731 0.2589
6204.4038 0.2569
6205.8311 0.2560
6207.2622 0.2569
6208.6899 0.2578
6210.1216 0.2583
6211.5503 0.2585
6212.9795 0.2584
6214.4121 0.2580
6215.8418 0.2579
6217.2749 0.2585
6218.7056 0.2588
6220.1392 0.2587
6221.5703 0.2584
6223.0015 0.2581
6224.4365 0.2579
6225.8687 0.2576
6227.3042 0.2579
6228.7368 0.2581
6230.1729 0.2580
6231.6064 0.2578
6233.0400 0.2578
6234.4771 0.2578
6235.9116 0.2576
6237.3496 0.2573
6238.7842 0.2570
6240.2231 0.2570
6241.6587 0.2571
6243.0942 0.2570
6244.5342 0.2569
6245.9707 0.2567
6247.4111 0.2565
6248.8481 0.2566
6250.2891 0.2569
6251.7271 0.2570
6253.1650 0.2565
6254.6069 0.2561
6256.0459 0.2561
6257.4888 0.2564
6258.9282 0.2565
6260.3716 0.2562
6261.8115 0.2560
6263.2520 0.2559
6264.6963 0.2558
6266.1377 0.2557
6267.5825 0.2556
6269.0244 0.2555
6270.4702 0.2546
6271.9126 0.2538
6273.3555 0.2537
6274.8022 0.2540
6276.2456 0.2535
6277.6929 0.2504
6279.1372 0.2454
6280.5850 0.2441
6282.0298 0.2454
6283.4751 0.2449
6284.9238 0.2426
6286.3696 0.2406
6287.8193 0.2432
6289.2661 0.2470
6290.7163 0.2493
6292.1636 0.2502
6293.6108 0.2510
6295.0620 0.2516
6296.5103 0.2516
6297.9624 0.2517
6299.4111 0.2517
6300.8638 0.2514
6302.3135 0.2518
6303.7632 0.2514
6305.2168 0.2517
6306.6675 0.2515
6308.1216 0.2511
6309.5728 0.2513
6311.0278 0.2511
6312.4795 0.2509
6313.9316 0.2522
6315.3877 0.2525
6316.8403 0.2519
6318.2974 0.2515
6319.7510 0.2510
6321.2080 0.2508
6322.6621 0.2515
6324.1201 0.2520
6325.5752 0.2521
6327.0303 0.2523
6328.4893 0.2525
6329.9453 0.2526
6331.4048 0.2522
6332.8613 0.2519
6334.3218 0.2519
6335.7788 0.2519
6337.2363 0.2517
6338.6978 0.2516
6340.1558 0.2517
6341.6182 0.2516
6343.0767 0.2514
6344.5396 0.2514
6345.9990 0.2514
6347.4590 0.2508
6348.9229 0.2501
6350.3833 0.2502
6351.8477 0.2507
6353.3091 0.2509
6354.7739 0.2504
6356.2358 0.2503
6357.6982 0.2505
6359.1641 0.2504
6360.6270 0.2501
6362.0938 0.2499
6363.5576 0.2496
6365.0249 0.2494
6366.4893 0.2495
6367.9536 0.2496
6369.4224 0.2495
6370.8877 0.2495
6372.3564 0.2495
6373.8228 0.2497
6375.2925 0.2496
6376.7588 0.2494
6378.2261 0.2490
6379.6968 0.2485
6381.1646 0.2481
6382.6357 0.2484
6384.1040 0.2492
6385.5762 0.2494
6387.0454 0.2493
6388.5146 0.2493
6389.9878 0.2492
6391.4580 0.2488
6392.9316 0.2486
6394.4023 0.2485
6395.8770 0.2484
6397.3481 0.2483
6398.8198 0.2478
6400.2954 0.2478
6401.7681 0.2476
6403.2441 0.2478
6404.7173 0.2481
6406.1943 0.2480
6407.6680 0.2476
6409.1421 0.2471
6410.6196 0.2473
6412.0947 0.2474
6413.5732 0.2472
6415.0488 0.2472
6416.5278 0.2470
6418.0039 0.2467
6419.4805 0.2467
6420.9609 0.2467
6422.4380 0.2467
6423.9189 0.2467
6425.3970 0.2467
6426.8784 0.2466
6428.3569 0.2464
6429.8359 0.2462
6431.3184 0.2459
6432.7979 0.2454
6434.2812 0.2453
6435.7617 0.2451
6437.2456 0.2450
6438.7266 0.2446
6440.2114 0.2443
6441.6929 0.2445
6443.1748 0.2448
6444.6606 0.2443
6446.1431 0.2441
6447.6294 0.2439
6449.1128 0.2436
6450.6001 0.2435
6452.0840 0.2434
6453.5684 0.2430
6455.0566 0.2428
6456.5415 0.2423
6458.0303 0.2418
6459.5161 0.2417
6461.0054 0.2422
6462.4917 0.2423
6463.9785 0.2416
6465.4692 0.2415
6466.9565 0.2419
6468.4478 0.2419
6469.9360 0.2418
6471.4277 0.2422
6472.9165 0.2424
6474.4058 0.2418
6475.8984 0.2410
6477.3882 0.2404
6478.8818 0.2401
6480.3726 0.2401
6481.8667 0.2408
6483.3579 0.2410
6484.8496 0.2406
6486.3447 0.2404
6487.8369 0.2408
6489.3330 0.2408
6490.8262 0.2405
6492.3228 0.2402
6493.8164 0.2398
6495.3101 0.2389
6496.8081 0.2384
6498.3027 0.2386
6499.8013 0.2393
6501.2964 0.2399
6502.7954 0.2399
6504.2915 0.2397
6505.7876 0.2395
6507.2881 0.2392
6508.7852 0.2390
6510.2861 0.2388
6511.7837 0.2385
6513.2852 0.2384
6514.7837 0.2385
6516.2822 0.2376
6517.7852 0.2368
6519.2842 0.2369
6520.7876 0.2372
6522.2876 0.2373
6523.7920 0.2373
6525.2925 0.2373
6526.7939 0.2374
6528.2988 0.2373
6529.8008 0.2369
6531.3062 0.2366
6532.8091 0.2362
6534.3154 0.2355
6535.8184 0.2350
6537.3223 0.2350
6538.8296 0.2354
6540.3340 0.2355
6541.8423 0.2353
6543.3472 0.2348
6544.8560 0.2343
6546.3613 0.2342
6547.8677 0.2341
6549.3774 0.2335
6550.8843 0.2333
6552.3945 0.2330
6553.9019 0.2320
6555.4136 0.2308
6556.9214 0.2294
6558.4336 0.2272
6559.9424 0.2228
6561.4512 0.2129
6562.9644 0.1945
6564.4741 0.1922
6565.9878 0.2058
6567.4985 0.2180
6569.0127 0.2236
6570.5239 0.2269
6572.0356 0.2290
6573.5513 0.2303
6575.0635 0.2310
6576.5796 0.2316
6578.0923 0.2323
6579.6094 0.2327
6581.1230 0.2328
6582.6372 0.2331
6584.1548 0.2334
6585.6694 0.2334
6587.1885 0.2334
6588.7036 0.2335
6590.2231 0.2337
6591.7393 0.2337
6593.2554 0.2336
6594.7759 0.2336
6596.2930 0.2336
6597.8140 0.2335
6599.3320 0.2338
6600.8535 0.2342
6602.3721 0.2344
6603.8911 0.2344
6605.4141 0.2339
6606.9336 0.2334
6608.4570 0.2334
6609.9771 0.2335
6611.5015 0.2336
6613.0225 0.2334
6614.5439 0.2325
6616.0693 0.2312
6617.5913 0.2320
6619.1172 0.2330
6620.6396 0.2332
6622.1665 0.2332
6623.6899 0.2334
6625.2139 0.2335
6626.7417 0.2336
6628.2661 0.2337
6629.7944 0.2336
6631.3198 0.2336
6632.8486 0.2335
6634.3745 0.2333
6635.9009 0.2333
6637.4312 0.2333
6638.9580 0.2334
6640.4888 0.2333
6642.0166 0.2333
6643.5483 0.2334
6645.0767 0.2332
6646.6055 0.2331
6648.1382 0.2331
6649.6675 0.2332
6651.2007 0.2336
6652.7310 0.2335
6654.2651 0.2332
6655.7959 0.2331
6657.3271 0.2333
6658.8623 0.2334
6660.3940 0.2336
6661.9297 0.2332
6663.4624 0.2330
6664.9990 0.2328
6666.5322 0.2328
6668.0659 0.2331
6669.6035 0.2335
6671.1377 0.2333
6672.6763 0.2332
6674.2114 0.2332
6675.7505 0.2331
6677.2861 0.2331
6678.8257 0.2332
6680.3623 0.2336
6681.8989 0.2336
6683.4399 0.2335
6684.9775 0.2334
6686.5190 0.2334
6688.0571 0.2334
6689.5996 0.2336
6691.1382 0.2335
6692.6777 0.2334
6694.2212 0.2333
6695.7607 0.2330
6697.3052 0.2327
6698.8457 0.2325
6700.3906 0.2324
6701.9316 0.2326
6703.4736 0.2329
6705.0195 0.2332
6706.5620 0.2332
6708.1084 0.2329
6709.6519 0.2328
6711.1987 0.2329
6712.7427 0.2331
6714.2871 0.2330
6715.8354 0.2327
6717.3804 0.2326
6718.9292 0.2327
6720.4751 0.2327
6722.0249 0.2325
6723.5713 0.2322
6725.1177 0.2315
6726.6685 0.2316
6728.2163 0.2323
6729.7676 0.2326
6731.3159 0.2323
6732.8682 0.2322
6734.4170 0.2322
6735.9663 0.2322
6737.5195 0.2320
6739.0693 0.2317
6740.6235 0.2314
6742.1743 0.2311
6743.7290 0.2312
6745.2803 0.2311
6746.8320 0.2310
6748.3877 0.2308
6749.9404 0.2307
6751.4966 0.2306
6753.0498 0.2307
6754.6069 0.2307
6756.1611 0.2306
6757.7153 0.2304
6759.2734 0.2301
6760.8286 0.2301
6762.3877 0.2301
6763.9434 0.2301
6765.5029 0.2299
6767.0596 0.2298
6768.6162 0.2298
6770.1772 0.2297
6771.7344 0.2296
6773.2959 0.2295
6774.8540 0.2293
6776.4165 0.2292
6777.9756 0.2292
6779.5347 0.2291
6781.0981 0.2290
6782.6582 0.2289
6784.2222 0.2289
6785.7827 0.2287
6787.3477 0.2287
6788.9092 0.2287
6790.4707 0.2288
6792.0366 0.2288
6793.5991 0.2288
6795.1655 0.2287
6796.7290 0.2286
6798.2964 0.2286
6799.8604 0.2285
6801.4282 0.2284
6802.9927 0.2284
6804.5581 0.2284
6806.1270 0.2283
6807.6929 0.2282
6809.2627 0.2281
6810.8291 0.2280
6812.3994 0.2279
6813.9668 0.2278
6815.5342 0.2277
6817.1060 0.2276
6818.6743 0.2276
6820.2466 0.2275
6821.8154 0.2274
6823.3887 0.2274
6824.9585 0.2274
6826.5283 0.2272
6828.1025 0.2267
6829.6733 0.2261
6831.2485 0.2265
6832.8198 0.2270
6834.3955 0.2270
6835.9678 0.2269
6837.5405 0.2268
6839.1172 0.2267
6840.6904 0.2267
6842.2681 0.2266
6843.8418 0.2265
6845.4199 0.2264
6846.9946 0.2264
6848.5698 0.2264
6850.1494 0.2264
6851.7251 0.2263
6853.3052 0.2263
6854.8818 0.2261
6856.4624 0.2259
6858.0396 0.2258
6859.6177 0.2257
6861.1992 0.2257
6862.7778 0.2256
6864.3604 0.2256
6865.9395 0.2257
6867.5225 0.2256
6869.1025 0.2256
6870.6826 0.2254
6872.2671 0.2252
6873.8481 0.2252
6875.4331 0.2253
6877.0146 0.2252
6878.6006 0.2252
6880.1831 0.2251
6881.7656 0.2250
6883.3525 0.2249
6884.9360 0.2248
6886.5239 0.2248
6888.1079 0.2247
6889.6963 0.2246
6891.2812 0.2246
6892.8667 0.2245
6894.4561 0.2245
6896.0425 0.2244
6897.6323 0.2243
6899.2192 0.2243
6900.8105 0.2242
6902.3979 0.2241
6903.9858 0.2240
6905.5776 0.2238
6907.1665 0.2235
6908.7593 0.2235
6910.3486 0.2236
6911.9419 0.2235
6913.5322 0.2234
6915.1226 0.2233
6916.7173 0.2233
6918.3081 0.2232
6919.9038 0.2231
6921.4956 0.2229
6923.0918 0.2226
6924.6846 0.2227
6926.2812 0.2228
6927.8745 0.2226
6929.4683 0.2225
6931.0664 0.2225
6932.6606 0.2225
6934.2593 0.2224
6935.8545 0.2224
6937.4541 0.2224
6939.0498 0.2223
6940.6460 0.2222
6942.2466 0.2222
6943.8438 0.2222
6945.4448 0.2221
6947.0430 0.2221
6948.6445 0.2220
6950.2432 0.2220
6951.8423 0.2220
6953.4453 0.2219
6955.0449 0.2219
6956.6489 0.2218
6958.2490 0.2218
6959.8535 0.2217
6961.4546 0.2217
6963.0562 0.2214
6964.6621 0.2213
6966.2642 0.2213
6967.8706 0.2212
6969.4736 0.2212
6971.0806 0.2211
6972.6841 0.2209
6974.2886 0.2207
6975.8965 0.2208
6977.5015 0.2209
6979.1104 0.2208
6980.7158 0.2204
6982.3257 0.2204
6983.9321 0.2205
6985.5386 0.2206
6987.1494 0.2207
6988.7568 0.2206
6990.3687 0.2206
6991.9766 0.2205
6993.5889 0.2200
6995.1978 0.2197
6996.8071 0.2198
6998.4204 0.2200
7000.0303 0.2198
7001.6445 0.2196
7003.2554 0.2196
7004.8701 0.2198
7006.4819 0.2200
7008.0938 0.2200
7009.7095 0.2201
7011.3223 0.2198
7012.9390 0.2193
7014.5522 0.2193
7016.1699 0.2196
7017.7837 0.2196
7019.3984 0.2192
7021.0171 0.2191
7022.6323 0.2192
7024.2515 0.2192
7025.8677 0.2190
7027.4878 0.2188
7029.1045 0.2188
7030.7212 0.2185
7032.3428 0.2184
7033.9604 0.2184
7035.5825 0.2187
7037.2007 0.2191
7038.8237 0.2192
7040.4429 0.2187
7042.0664 0.2184
7043.6865 0.2187
7045.3066 0.2185
7046.9316 0.2177
7048.5527 0.2174
7050.1782 0.2179
7051.7998 0.2177
7053.4263 0.2178
7055.0488 0.2183
7056.6719 0.2187
7058.2988 0.2187
7059.9229 0.2177
7061.5508 0.2169
7063.1753 0.2166
7064.8037 0.2166
7066.4292 0.2161
7068.0547 0.2154
7069.6846 0.2157
7071.3110 0.2166
7072.9419 0.2169
7074.5688 0.2167
7076.2002 0.2167
7077.8281 0.2167
7079.4561 0.2166
7081.0889 0.2158
7082.7178 0.2157
7084.3511 0.2164
7085.9810 0.2168
7087.6147 0.2168
7089.2451 0.2166
7090.8760 0.2161
7092.5112 0.2158
7094.1431 0.2158
7095.7788 0.2161
7097.4111 0.2163
7099.0479 0.2160
7100.6812 0.2158
7102.3145 0.2157
7103.9521 0.2157
7105.5864 0.2157
7107.2251 0.2156
7108.8599 0.2152
7110.4995 0.2152
7112.1353 0.2149
7113.7715 0.2144
7115.4116 0.2141
7117.0483 0.2142
7118.6899 0.2142
7120.3271 0.2144
7121.9692 0.2145
7123.6079 0.2147
7125.2466 0.2148
7126.8896 0.2149
7128.5293 0.2148
7130.1729 0.2146
7131.8130 0.2144
7133.4580 0.2143
7135.0986 0.2143
7136.7402 0.2142
7138.3857 0.2142
7140.0283 0.2141
7141.6748 0.2140
7143.3174 0.2140
7144.9648 0.2138
7146.6084 0.2139
7148.2524 0.2136
7149.9009 0.2134
7151.5459 0.2135
7153.1948 0.2137
7154.8403 0.2136
7156.4902 0.2132
7158.1367 0.2127
7159.7832 0.2130
7161.4346 0.2132
7163.0820 0.2131
7164.7339 0.2129
7166.3818 0.2126
7168.0347 0.2127
7169.6836 0.2129
7171.3369 0.2129
7172.9863 0.2129
7174.6367 0.2128
7176.2910 0.2127
7177.9419 0.2126
7179.5972 0.2126
7181.2490 0.2124
7182.9048 0.2123
7184.5571 0.2123
7186.2100 0.2123
7187.8672 0.2119
7189.5210 0.2118
7191.1787 0.2118
7192.8330 0.2116
7194.4917 0.2111
7196.1465 0.2110
7197.8022 0.2110
7199.4619 0.2110
7201.1182 0.2108
7202.7788 0.2106
7204.4355 0.2104
7206.0972 0.2105
7207.7549 0.2102
7209.4131 0.2100
7211.0757 0.2101
7212.7344 0.2102
7214.3975 0.2100
7216.0571 0.2098
7217.7212 0.2098
7219.3818 0.2099
7221.0425 0.2098
7222.7075 0.2095
7224.3691 0.2090
7226.0352 0.2089
7227.6973 0.2093
7229.3643 0.2095
7231.0273 0.2095
7232.6909 0.2094
7234.3584 0.2094
7236.0229 0.2092
7237.6914 0.2092
7239.3564 0.2090
7241.0259 0.2087
7242.6919 0.2085
7244.3579 0.2086
7246.0283 0.2086
7247.6953 0.2086
7249.3667 0.2086
7251.0342 0.2085
7252.7065 0.2083
7254.3750 0.2080
7256.0439 0.2077
7257.7168 0.2079
7259.3867 0.2081
7261.0605 0.2081
7262.7310 0.2079
7264.4058 0.2078
7266.0771 0.2077
7267.7485 0.2077
7269.4243 0.2077
7271.0967 0.2076
7272.7734 0.2075
7274.4463 0.2074
7276.1240 0.2072
7277.7979 0.2071
7279.4722 0.2070
7281.1509 0.2069
7282.8257 0.2068
7284.5054 0.2067
7286.1812 0.2066
7287.8613 0.2065
7289.5376 0.2058
7291.2148 0.2056
7292.8960 0.2060
7294.5737 0.2062
7296.2559 0.2061
7297.9341 0.2061
7299.6172 0.2059
7301.2964 0.2058
7302.9800 0.2056
7304.6602 0.2055
7306.3408 0.2054
7308.0254 0.2049
7309.7065 0.2042
7311.3921 0.2039
7313.0742 0.2040
7314.7607 0.2041
7316.4434 0.2042
7318.1265 0.2042
7319.8140 0.2040
7321.4980 0.2037
7323.1860 0.2036
7324.8711 0.2038
7326.5601 0.2037
7328.2456 0.2036
7329.9312 0.2036
7331.6216 0.2035
7333.3081 0.2034
7334.9995 0.2035
7336.6865 0.2034
7338.3784 0.2034
7340.0669 0.2033
7341.7554 0.2033
7343.4482 0.2032
7345.1377 0.2032
7346.8315 0.2032
7348.5215 0.2031
7350.2163 0.2030
7351.9067 0.2030
7353.5981 0.2028
7355.2939 0.2027
7356.9858 0.2026
7358.6826 0.2027
7360.3755 0.2027
7362.0728 0.2026
7363.7661 0.2026
7365.4604 0.2025
7367.1587 0.2025
7368.8535 0.2025
7370.5527 0.2024
7372.2485 0.2023
7373.9487 0.2023
7375.6450 0.2023
7377.3418 0.2022
7379.0430 0.2022
7380.7402 0.2021
7382.4424 0.2022
7384.1406 0.2023
7385.8433 0.2023
7387.5425 0.2020
7389.2422 0.2016
7390.9458 0.2016
7392.6465 0.2017
7394.3511 0.2016
7396.0522 0.2015
7397.7573 0.2017
7399.4595 0.2015
7401.1616 0.2013
7402.8682 0.2011
7404.5713 0.2008
7406.2788 0.2005
7407.9824 0.2003
7409.6909 0.2003
7411.3955 0.2004
7413.1006 0.2002
7414.8101 0.2000
7416.5156 0.2000
7418.2261 0.1998
7419.9326 0.2002
7421.6436 0.2002
7423.3506 0.1998
7425.0586 0.1996
7426.7705 0.1997
7428.4795 0.1995
7430.1924 0.1992
7431.9014 0.1991
7433.6152 0.1990
7435.3257 0.1992
7437.0400 0.1997
7438.7510 0.1999
7440.4624 0.1999
7442.1777 0.1999
7443.8901 0.2000
7445.6064 0.2000
7447.3193 0.1999
7449.0366 0.1997
7450.7505 0.1997
7452.4644 0.1997
7454.1831 0.1997
7455.8979 0.1996
7457.6172 0.1997
7459.3325 0.1995
7461.0527 0.1989
7462.7690 0.1989
7464.4858 0.1992
7466.2070 0.1992
7467.9248 0.1989
7469.6470 0.1990
7471.3652 0.1989
7473.0884 0.1987
7474.8076 0.1986
7476.5269 0.1986
7478.2510 0.1985
7479.9712 0.1984
7481.6963 0.1983
7483.4175 0.1983
7485.1431 0.1984
7486.8652 0.1986
7488.5874 0.1987
7490.3145 0.1986
7492.0371 0.1984
7493.7651 0.1982
7495.4888 0.1980
7497.2173 0.1979
7498.9419 0.1979
7500.6670 0.1980
7502.3970 0.1979
7504.1226 0.1977
7505.8530 0.1975
7507.5801 0.1974
7509.3110 0.1973
7511.0386 0.1970
7512.7666 0.1965
7514.4990 0.1967
7516.2275 0.1969
7517.9609 0.1970
7519.6904 0.1971
7521.4243 0.1970
7523.1548 0.1967
7524.8853 0.1966
7526.6206 0.1968
7528.3521 0.1970
7530.0884 0.1968
7531.8203 0.1966
7533.5571 0.1963
7535.2905 0.1963
7537.0239 0.1963
7538.7617 0.1964
7540.4961 0.1964
7542.2349 0.1963
7543.9702 0.1961
7545.7095 0.1961
7547.4453 0.1960
7549.1816 0.1960
7550.9229 0.1959
7552.6597 0.1959
7554.4014 0.1959
7556.1392 0.1958
7557.8818 0.1957
7559.6201 0.1957
7561.3594 0.1956
7563.1030 0.1954
7564.8428 0.1952
7566.5874 0.1950
7568.3281 0.1949
7570.0732 0.1948
7571.8149 0.1947
7573.5610 0.1946
7575.3032 0.1944
7577.0459 0.1943
7578.7930 0.1943
7580.5366 0.1942
7582.2847 0.1941
7584.0288 0.1941
7585.7778 0.1940
7587.5229 0.1939
7589.2686 0.1938
7591.0186 0.1938
7592.7646 0.1937
7594.5156 0.1937
7596.2627 0.1936
7598.0142 0.1936
7599.7622 0.1935
7601.5107 0.1934
7603.2637 0.1933
7605.0127 0.1932
7606.7661 0.1932
7608.5161 0.1931
7610.2710 0.1931
7612.0215 0.1930
7613.7725 0.1929
7615.5283 0.1929
7617.2803 0.1928
7619.0366 0.1927
7620.7896 0.1927
7622.5469 0.1926
7624.3003 0.1926
7626.0542 0.1926
7627.8130 0.1925
7629.5679 0.1925
7631.3271 0.1924
7633.0825 0.1923
7634.8428 0.1922
7636.5991 0.1921
7638.3560 0.1921
7640.1172 0.1920
7641.8750 0.1919
7643.6372 0.1919
7645.3955 0.1918
7647.1587 0.1917
7648.9180 0.1916
7650.6772 0.1916
7652.4419 0.1915
7654.2021 0.1914
7655.9673 0.1912
7657.7285 0.1909
7659.4941 0.1907
7661.2563 0.1906
7663.0186 0.1905
7664.7856 0.1904
7666.5493 0.1905
7668.3169 0.1907
7670.0811 0.1908
7671.8496 0.1907
7673.6147 0.1906
7675.3799 0.1905
7677.1499 0.1904
7678.9160 0.1904
7680.6870 0.1902
7682.4536 0.1901
7684.2251 0.1901
7685.9932 0.1899
7687.7612 0.1898
7689.5342 0.1898
7691.3027 0.1897
7693.0767 0.1896
7694.8462 0.1896
7696.6206 0.1896
7698.3911 0.1894
7700.1621 0.1892
7701.9380 0.1892
7703.7100 0.1893
7705.4863 0.1892
7707.2588 0.1890
7709.0361 0.1890
7710.8096 0.1887
7712.5879 0.1876
7714.3618 0.1877
7716.1367 0.1884
7717.9160 0.1886
7719.6914 0.1884
7721.4717 0.1883
7723.2480 0.1881
7725.0288 0.1880
7726.8062 0.1879
7728.5835 0.1879
7730.3657 0.1878
7732.1440 0.1878
7733.9272 0.1877
7735.7065 0.1877
7737.4902 0.1876
7739.2700 0.1876
7741.0508 0.1876
7742.8354 0.1873
7744.6167 0.1871
7746.4028 0.1871
7748.1851 0.1871
7749.9717 0.1869
7751.7544 0.1870
7753.5376 0.1871
7755.3257 0.1872
7757.1099 0.1872
7758.8984 0.1871
7760.6836 0.1869
7762.4731 0.1868
7764.2588 0.1867
7766.0449 0.1865
7767.8359 0.1863
7769.6226 0.1863
7771.4146 0.1857
7773.2021 0.1843
7774.9946 0.1833
7776.7832 0.1836
7778.5723 0.1851
7780.3662 0.1858
7782.1558 0.1857
7783.9507 0.1859
7785.7412 0.1859
7787.5366 0.1856
7789.3281 0.1854
7791.1201 0.1854
7792.9165 0.1855
7794.7095 0.1855
7796.5068 0.1852
7798.3003 0.1855
7800.0986 0.1859
7801.8931 0.1859
7803.6880 0.1856
7805.4873 0.1853
7807.2832 0.1850
7809.0835 0.1851
7810.8799 0.1852
7812.6812 0.1852
7814.4785 0.1853
7816.2759 0.1851
7818.0786 0.1849
7819.8770 0.1850
7821.6802 0.1853
7823.4795 0.1854
7825.2837 0.1853
7827.0840 0.1852
7828.8843 0.1850
7830.6899 0.1838
7832.4912 0.1833
7834.2974 0.1837
7836.0996 0.1841
7837.9067 0.1840
7839.7100 0.1842
7841.5132 0.1838
7843.3213 0.1836
7845.1260 0.1835
7846.9351 0.1835
7848.7402 0.1837
7850.5498 0.1837
7852.3560 0.1836
7854.1665 0.1834
7855.9736 0.1833
7857.7808 0.1833
7859.5928 0.1833
7861.4009 0.1830
7863.2139 0.1827
7865.0225 0.1826
7866.8364 0.1823
7868.6460 0.1820
7870.4561 0.1823
7872.2710 0.1825
7874.0820 0.1825
7875.8979 0.1827
7877.7100 0.1821
7879.5264 0.1814
7881.3389 0.1820
7883.1519 0.1817
7884.9697 0.1813
7886.7837 0.1818
7888.6025 0.1816
7890.4175 0.1809
7892.2368 0.1812
7894.0522 0.1808
7895.8687 0.1802
7897.6890 0.1790
7899.5059 0.1791
7901.3276 0.1804
7903.1455 0.1806
7904.9678 0.1791
7906.7861 0.1799
7908.6055 0.1810
7910.4292 0.1801
7912.2485 0.1786
7914.0732 0.1791
7915.8940 0.1801
7917.7192 0.1801
7919.5405 0.1792
7921.3628 0.1788
7923.1895 0.1787
7925.0122 0.1781
7926.8394 0.1787
7928.6631 0.1792
7930.4912 0.1786
7932.3159 0.1782
7934.1406 0.1786
7935.9702 0.1792
7937.7959 0.1797
7939.6265 0.1797
7941.4526 0.1795
7943.2842 0.1789
7945.1113 0.1783
7946.9390 0.1784
7948.7720 0.1788
7950.6006 0.1788
7952.4336 0.1786
7954.2632 0.1783
7956.0977 0.1783
7957.9277 0.1787
7959.7583 0.1784
7961.5938 0.1777
7963.4253 0.1766
7965.2617 0.1759
7967.0942 0.1763
7968.9316 0.1775
7970.7646 0.1779
7972.5981 0.1781
7974.4370 0.1774
7976.2715 0.1768
7978.1108 0.1769
7979.9458 0.1771
7981.7861 0.1774
7983.6226 0.1776
7985.4590 0.1774
7987.3003 0.1769
7989.1377 0.1767
7990.9800 0.1771
7992.8184 0.1774
7994.6616 0.1771
7996.5005 0.1773
7998.3447 0.1773
8000.1846 0.1766
8002.0249 0.1753
8003.8706 0.1750
8005.7114 0.1759
8007.5576 0.1765
8009.3999 0.1755
8011.2471 0.1747
8013.0898 0.1760
8014.9331 0.1761
8016.7812 0.1753
8018.6255 0.1757
8020.4746 0.1759
8022.3198 0.1754
8024.1699 0.1751
8026.0156 0.1743
8027.8623 0.1741
8029.7134 0.1741
8031.5605 0.1743
8033.4126 0.1747
8035.2607 0.1751
8037.1138 0.1746
8038.9624 0.1743
8040.8120 0.1746
8042.6660 0.1751
8044.5161 0.1749
8046.3711 0.1740
8048.2222 0.1735
8050.0781 0.1739
8051.9302 0.1743
8053.7827 0.1744
8055.6396 0.1745
8057.4927 0.1745
8059.3511 0.1746
8061.2051 0.1746
8063.0640 0.1742
8064.9189 0.1738
8066.7739 0.1738
8068.6343 0.1739
8070.4902 0.1735
8072.3516 0.1731
8074.2085 0.1733
8076.0703 0.1735
8077.9282 0.1734
8079.7866 0.1733
8081.6499 0.1731
8083.5088 0.1730
8085.3730 0.1729
8087.2329 0.1725
8089.0981 0.1723
8090.9590 0.1723
8092.8203 0.1722
8094.6865 0.1720
8096.5483 0.1719
8098.4155 0.1718
8100.2788 0.1716
8102.1465 0.1715
8104.0103 0.1715
8105.8745 0.1714
8107.7441 0.1713
8109.6089 0.1712
8111.4790 0.1711
8113.3452 0.1710
8115.2163 0.1709
8117.0830 0.1707
8118.9502 0.1706
8120.8228 0.1706
8122.6909 0.1705
8124.5640 0.1704
8126.4326 0.1704
8128.3066 0.1703
8130.1768 0.1702
8132.0513 0.1701
8133.9224 0.1700
8135.7935 0.1699
8137.6694 0.1698
8139.5415 0.1697
8141.4185 0.1696
8143.2915 0.1695
8145.1694 0.1694
8147.0430 0.1694
8148.9175 0.1693
8150.7964 0.1692
8152.6714 0.1691
8154.5513 0.1690
8156.4272 0.1689
8158.3081 0.1687
8160.1851 0.1686
8162.0625 0.1686
8163.9443 0.1685
8165.8228 0.1684
8167.7056 0.1683
8169.5845 0.1682
8171.4683 0.1682
8173.3481 0.1681
8175.2285 0.1680
8177.1138 0.1679
8178.9951 0.1679
8180.8809 0.1677
8182.7632 0.1675
8184.6499 0.1667
8186.5327 0.1666
8188.4160 0.1667
8190.3042 0.1668
8192.1885 0.1671
8194.0771 0.1670
8195.9629 0.1662
8197.8525 0.1663
8199.7383 0.1667
8201.6250 0.1662
8203.5156 0.1652
8205.4033 0.1660
8207.2959 0.1665
8209.1836 0.1665
8211.0762 0.1662
8212.9658 0.1659
8214.8545 0.1655
8216.7490 0.1648
8218.6396 0.1649
8220.5342 0.1653
8222.4258 0.1650
8224.3223 0.1646
8226.2139 0.1651
8228.1064 0.1655
8230.0039 0.1650
8231.8965 0.1648
8233.7949 0.1645
8235.6895 0.1641
8237.5889 0.1640
8239.4834 0.1648
8241.3789 0.1647
8243.2793 0.1642
8245.1758 0.1642
8247.0771 0.1643
8248.9746 0.1636
8250.8770 0.1626
8252.7744 0.1636
8254.6729 0.1636
8256.5771 0.1633
8258.4766 0.1634
8260.3809 0.1635
8262.2812 0.1634
8264.1865 0.1634
8266.0869 0.1632
8267.9893 0.1632
8269.8955 0.1632
8271.7979 0.1630
8273.7051 0.1629
8275.6084 0.1627
8277.5166 0.1626
8279.4209 0.1625
8281.3301 0.1625
8283.2354 0.1624
8285.1416 0.1625
8287.0518 0.1623
8288.9580 0.1621
8290.8691 0.1622
8292.7773 0.1624
8294.6895 0.1624
8296.5977 0.1617
8298.5059 0.1616
8300.4199 0.1617
8302.3291 0.1615
8304.2432 0.1613
8306.1543 0.1615
8308.0693 0.1609
8309.9805 0.1614
8311.8926 0.1614
8313.8086 0.1608
8315.7217 0.1606
8317.6396 0.1609
8319.5527 0.1604
8321.4707 0.1606
8323.3857 0.1605
8325.2998 0.1603
8327.2197 0.1606
8329.1357 0.1610
8331.0566 0.1609
8332.9727 0.1609
8334.8945 0.1605
8336.8115 0.1603
8338.7295 0.1603
8340.6523 0.1604
8342.5713 0.1603
8344.4951 0.1601
8346.4150 0.1596
8348.3398 0.1597
8350.2598 0.1602
8352.1807 0.1603
8354.1074 0.1604
8356.0293 0.1602
8357.9561 0.1600
8359.8789 0.1596
8361.8066 0.1592
8363.7295 0.1596
8365.6543 0.1599
8367.5830 0.1599
8369.5078 0.1598
8371.4375 0.1594
8373.3643 0.1590
8375.2949 0.1590
8377.2217 0.1590
8379.1484 0.1592
8381.0811 0.1593
8383.0088 0.1593
8384.9424 0.1592
8386.8711 0.1589
8388.8047 0.1588
8390.7344 0.1585
8392.6650 0.1579
8394.6006 0.1575
8396.5312 0.1574
8398.4678 0.1573
8400.3994 0.1578
8402.3369 0.1578
8404.2695 0.1583
8406.2031 0.1582
8408.1416 0.1573
8410.0762 0.1565
8412.0156 0.1553
8413.9502 0.1558
8415.8906 0.1568
8417.8271 0.1571
8419.7637 0.1569
8421.7051 0.1573
8423.6426 0.1581
8425.5850 0.1589
8427.5234 0.1586
8429.4668 0.1581
8431.4053 0.1575
8433.3496 0.1566
8435.2900 0.1566
8437.2305 0.1563
8439.1758 0.1546
8441.1172 0.1544
8443.0645 0.1558
8445.0059 0.1560
8446.9541 0.1560
8448.8965 0.1564
8450.8408 0.1570
8452.7891 0.1572
8454.7344 0.1571
8456.6836 0.1572
8458.6289 0.1574
8460.5791 0.1570
8462.5254 0.1559
8464.4727 0.1552
8466.4248 0.1548
8468.3721 0.1536
8470.3252 0.1538
8472.2734 0.1556
8474.2275 0.1566
8476.1768 0.1567
8478.1270 0.1559
8480.0820 0.1546
8482.0322 0.1557
8483.9883 0.1564
8485.9404 0.1567
8487.8975 0.1563
8489.8496 0.1556
8491.8027 0.1554
8493.7607 0.1554
8495.7148 0.1561
8497.6738 0.1530
8499.6289 0.1490
8501.5889 0.1487
8503.5449 0.1515
8505.5010 0.1511
8507.4619 0.1528
8509.4199 0.1534
8511.3818 0.1537
8513.3398 0.1540
8515.3027 0.1535
8517.2617 0.1538
8519.2217 0.1549
8521.1855 0.1547
8523.1465 0.1544
8525.1113 0.1548
8527.0723 0.1549
8529.0391 0.1550
8531.0010 0.1547
8532.9639 0.1542
8534.9316 0.1541
8536.8945 0.1536
8538.8633 0.1526
8540.8281 0.1526
8542.7969 0.1443
8544.7627 0.1417
8546.7285 0.1454
8548.6992 0.1493
8550.6660 0.1506
8552.6377 0.1523
8554.6045 0.1526
8556.5771 0.1525
8558.5459 0.1524
8560.5146 0.1521
8562.4893 0.1522
8564.4590 0.1527
8566.4336 0.1532
8568.4043 0.1531
8570.3799 0.1529
8572.3516 0.1527
8574.3242 0.1521
8576.3008 0.1520
8578.2744 0.1525
8580.2520 0.1526
8582.2256 0.1523
8584.2051 0.1519
8586.1797 0.1520
8588.1602 0.1518
8590.1357 0.1520
8592.1113 0.1513
8594.0928 0.1506
8596.0703 0.1499
8598.0527 0.1483
8600.0303 0.1457
8602.0137 0.1467
8603.9922 0.1489
8605.9717 0.1502
8607.9561 0.1504
8609.9365 0.1505
8611.9219 0.1509
8613.9033 0.1508
8615.8896 0.1507
8617.8711 0.1507
8619.8535 0.1505
8621.8418 0.1499
8623.8252 0.1495
8625.8135 0.1498
8627.7979 0.1500
8629.7881 0.1501
8631.7725 0.1504
8633.7588 0.1508
8635.7500 0.1508
8637.7363 0.1501
8639.7285 0.1498
8641.7158 0.1500
8643.7080 0.1501
8645.6973 0.1500
8647.6855 0.1499
8649.6797 0.1494
8651.6699 0.1490
8653.6650 0.1487
8655.6553 0.1485
8657.6514 0.1487
8659.6436 0.1485
8661.6357 0.1457
8663.6328 0.1392
8665.6260 0.1375
8667.6240 0.1417
8669.6182 0.1449
8671.6172 0.1471
8673.6123 0.1480
8675.6074 0.1483
8677.6084 0.1486
8679.6045 0.1489
8681.6055 0.1490
8683.6025 0.1491
8685.6055 0.1493
8687.6035 0.1492
8689.6025 0.1490
8691.6055 0.1489
8693.6055 0.1493
8695.6104 0.1489
8697.6104 0.1485
8699.6162 0.1485
8701.6172 0.1486
8703.6191 0.1486
8705.6260 0.1484
8707.6289 0.1478
8709.6367 0.1483
8711.6406 0.1484
8713.6494 0.1483
8715.6543 0.1484
8717.6592 0.1487
8719.6699 0.1483
8721.6758 0.1477
8723.6865 0.1477
8725.6934 0.1477
8727.7061 0.1475
8729.7129 0.1474
8731.7217 0.1476
8733.7354 0.1473
8735.7441 0.1471
8737.7588 0.1469
8739.7686 0.1466
8741.7842 0.1463
8743.7949 0.1462
8745.8115 0.1457
8747.8232 0.1456
8749.8359 0.1433
8751.8535 0.1399
8753.8672 0.1400
8755.8857 0.1440
8757.9004 0.1449
8759.9199 0.1454
8761.9346 0.1459
8763.9502 0.1459
8765.9717 0.1460
8767.9883 0.1463
8770.0098 0.1462
8772.0273 0.1461
8774.0498 0.1460
8776.0684 0.1461
8778.0879 0.1463
8780.1113 0.1462
8782.1318 0.1463
8784.1562 0.1464
8786.1777 0.1462
8788.2031 0.1459
8790.2256 0.1459
8792.2471 0.1460
8794.2754 0.1462
8796.2979 0.1464
8798.3262 0.1464
8800.3506 0.1460
8802.3799 0.1457
8804.4053 0.1458
8806.4307 0.1450
8808.4609 0.1443
8810.4873 0.1445
8812.5195 0.1450
8814.5459 0.1449
8816.5791 0.1451
8818.6074 0.1454
8820.6357 0.1453
8822.6699 0.1449
8824.6992 0.1446
8826.7344 0.1449
8828.7646 0.1452
8830.8008 0.1452
8832.8330 0.1450
8834.8643 0.1448
8836.9014 0.1447
8838.9346 0.1441
8840.9727 0.1439
8843.0068 0.1438
8845.0459 0.1437
8847.0811 0.1434
8849.1162 0.1429
8851.1562 0.1418
8853.1924 0.1410
8855.2344 0.1399
8857.2715 0.1385
8859.3145 0.1367
8861.3516 0.1340
8863.3906 0.1304
8865.4346 0.1289
8867.4736 0.1320
8869.5186 0.1347
8871.5596 0.1362
8873.6045 0.1375
8875.6465 0.1384
8877.6885 0.1397
8879.7354 0.1404
8881.7783 0.1408
8883.8262 0.1413
8885.8701 0.1420
8887.9189 0.1426
8889.9639 0.1431
8892.0088 0.1435
8894.0596 0.1437
8896.1055 0.1441
8898.1562 0.1444
8900.2041 0.1447
8902.2559 0.1449
8904.3037 0.1452
8906.3574 0.1452
8908.4062 0.1454
8910.4561 0.1452
8912.5107 0.1442
8914.5605 0.1430
8916.6162 0.1448
8918.6680 0.1454
8920.7246 0.1452
8922.7764 0.1453
8924.8291 0.1452
8926.8867 0.1444
8928.9404 0.1423
8931.0000 0.1434
8933.0547 0.1450
8935.1143 0.1449
8937.1699 0.1448
8939.2256 0.1447
8941.2871 0.1447
8943.3438 0.1446
8945.4062 0.1444
8947.4639 0.1442
8949.5273 0.1441
8951.5859 0.1440
8953.6455 0.1440
8955.7100 0.1438
8957.7705 0.1437
8959.8359 0.1436
8961.8975 0.1434
8963.9639 0.1432
8966.0264 0.1429
8968.0889 0.1426
8970.1572 0.1425
8972.2207 0.1424
8974.2891 0.1421
8976.3535 0.1419
8978.4238 0.1414
8980.4893 0.1410
8982.5557 0.1408
8984.6270 0.1405
8986.6934 0.1400
8988.7656 0.1395
8990.8340 0.1388
8992.9072 0.1381
8994.9756 0.1374
8997.0449 0.1365
8999.1201 0.1355
9001.1904 0.1342
9003.2656 0.1330
9005.3369 0.1315
9007.4131 0.1296
9009.4854 0.1275
9011.5586 0.1248
9013.6357 0.1217
9015.7100 0.1177
9017.7891 0.1176
9019.8633 0.1206
9021.9434 0.1239
9024.0186 0.1263
9026.0947 0.1284
9028.1758 0.1300
9030.2529 0.1313
9032.3350 0.1325
9034.4131 0.1336
9036.4971 0.1343
9038.5752 0.1350
9040.6543 0.1356
9042.7393 0.1362
9044.8193 0.1366
9046.9053 0.1368
9048.9863 0.1370
9051.0732 0.1372
9053.1553 0.1375
9055.2383 0.1377
9057.3262 0.1379
9059.4102 0.1378
9061.4990 0.1364
9063.5840 0.1326
9065.6738 0.1352
9067.7588 0.1377
9069.8506 0.1382
9071.9365 0.1379
9074.0234 0.1379
9076.1162 0.1380
9078.2041 0.1363
9080.2979 0.1355
9082.3867 0.1365
9084.4805 0.1379
9086.5703 0.1376
9088.6611 0.1364
9090.7568 0.1348
9092.8486 0.1365
9094.9453 0.1359
9097.0371 0.1335
9099.1348 0.1359
9101.2285 0.1371
9103.3223 0.1369
9105.4209 0.1368
9107.5156 0.1369
9109.6162 0.1367
9111.7119 0.1358
9113.8125 0.1335
9115.9092 0.1353
9118.0068 0.1363
9120.1094 0.1362
9122.2070 0.1361
9124.3105 0.1356
9126.4102 0.1355
9128.5146 0.1356
9130.6143 0.1357
9132.7148 0.1354
9134.8213 0.1351
9136.9219 0.1353
9139.0293 0.1353
9141.1318 0.1352
9143.2393 0.1351
9145.3428 0.1350
9147.4473 0.1348
9149.5566 0.1347
9151.6611 0.1346
9153.7715 0.1345
9155.8770 0.1343
9157.9883 0.1341
9160.0957 0.1340
9162.2031 0.1339
9164.3154 0.1338
9166.4238 0.1337
9168.5371 0.1335
9170.6465 0.1334
9172.7617 0.1332
9174.8711 0.1329
9176.9824 0.1323
9179.0986 0.1318
9181.2100 0.1319
9183.3271 0.1318
9185.4395 0.1315
9187.5576 0.1314
9189.6719 0.1309
9191.7852 0.1310
9193.9053 0.1309
9196.0205 0.1305
9198.1406 0.1300
9200.2568 0.1295
9202.3789 0.1291
9204.4951 0.1281
9206.6133 0.1273
9208.7363 0.1269
9210.8545 0.1262
9212.9785 0.1248
9215.0977 0.1229
9217.2227 0.1224
9219.3428 0.1204
9221.4639 0.1186
9223.5908 0.1177
9225.7129 0.1153
9227.8398 0.1123
9229.9629 0.1085
9232.0908 0.1086
9234.2148 0.1116
9236.3447 0.1146
9238.4688 0.1165
9240.5947 0.1181
9242.7256 0.1202
9244.8516 0.1205
9246.9834 0.1212
9249.1104 0.1231
9251.2432 0.1242
9253.3721 0.1247
9255.5010 0.1249
9257.6348 0.1254
9259.7646 0.1256
9261.8994 0.1246
9264.0303 0.1227
9266.1670 0.1237
9268.2988 0.1245
9270.4307 0.1263
9272.5684 0.1274
9274.7012 0.1272
9276.8398 0.1274
9278.9746 0.1275
9281.1143 0.1275
9283.2490 0.1275
9285.3848 0.1274
9287.5264 0.1274
9289.6621 0.1274
9291.8047 0.1273
9293.9424 0.1273
9296.0850 0.1272
9298.2236 0.1270
9300.3633 0.1270
9302.5078 0.1270
9304.6475 0.1268
9306.7930 0.1268
9308.9346 0.1268
9311.0811 0.1267
9313.2227 0.1266
9315.3652 0.1265
9317.5137 0.1265
9319.6572 0.1263
9321.8057 0.1261
9323.9502 0.1261
9326.1006 0.1260
9328.2461 0.1258
9330.3916 0.1257
9332.5439 0.1258
9334.6904 0.1257
9336.8428 0.1256
9338.9912 0.1255
9341.1445 0.1254
9343.2939 0.1252
9345.4434 0.1252
9347.5977 0.1251
9349.7480 0.1250
9351.9043 0.1249
9354.0557 0.1248
9356.2129 0.1247
9358.3652 0.1246
9360.5186 0.1245
9362.6768 0.1244
9364.8301 0.1243
9366.9902 0.1242
9369.1445 0.1241
9371.3057 0.1240
9373.4609 0.1239
9375.6172 0.1238
9377.7793 0.1237
9379.9365 0.1236
9382.0996 0.1234
9384.2578 0.1235
9386.4219 0.1229
9388.5820 0.1223
9390.7461 0.1224
9392.9072 0.1225
9395.0674 0.1215
9397.2344 0.1223
9399.3965 0.1226
9401.5635 0.1224
9403.7266 0.1223
9405.8945 0.1210
9408.0586 0.1187
9410.2227 0.1211
9412.3926 0.1216
9414.5586 0.1201
9416.7295 0.1197
9418.8955 0.1211
9421.0674 0.1213
9423.2344 0.1209
9425.4023 0.1210
9427.5762 0.1211
9429.7451 0.1208
9431.9189 0.1206
9434.0889 0.1207
9436.2646 0.1205
9438.4355 0.1200
9440.6064 0.1199
9442.7832 0.1202
9444.9561 0.1201
9447.1338 0.1199
9449.3076 0.1198
9451.4863 0.1198
9453.6602 0.1198
9455.8350 0.1196
9458.0156 0.1195
9460.1914 0.1193
9462.3730 0.1190
9464.5498 0.1189
9466.7324 0.1189
9468.9102 0.1188
9471.0889 0.1187
9473.2725 0.1186
9475.4521 0.1185
9477.6367 0.1183
9479.8174 0.1182
9482.0029 0.1180
9484.1846 0.1177
9486.3662 0.1175
9488.5537 0.1175
9490.7363 0.1174
9492.9258 0.1172
9495.1094 0.1170
9497.2988 0.1168
9499.4834 0.1165
9501.6689 0.1163
9503.8604 0.1161
9506.0459 0.1159
9508.2383 0.1155
9510.4258 0.1153
9512.6191 0.1149
9514.8076 0.1146
9516.9961 0.1142
9519.1904 0.1137
9521.3809 0.1132
9523.5762 0.1126
9525.7666 0.1119
9527.9639 0.1111
9530.1553 0.1102
9532.3477 0.1092
9534.5459 0.1080
9536.7393 0.1066
9538.9385 0.1050
9541.1328 0.1031
9543.3330 0.1008
9545.5283 0.0976
9547.7246 0.0950
9549.9268 0.0962
9552.1230 0.0994
9554.3262 0.1017
9556.5234 0.1035
9558.7275 0.1050
9560.9268 0.1062
9563.1309 0.1073
9565.3311 0.1081
9567.5322 0.1088
9569.7383 0.1094
9571.9395 0.1098
9574.1465 0.1102
9576.3496 0.1106
9578.5576 0.1109
9580.7607 0.1111
9582.9648 0.1113
9585.1748 0.1114
9587.3799 0.1115
9589.5908 0.1116
9591.7969 0.1116
9594.0088 0.1116
9596.2158 0.1116
9598.4238 0.1117
9600.6367 0.1116
9602.8457 0.1112
9605.0596 0.1100
9607.2695 0.1109
9609.4854 0.1114
9611.6953 0.1114
9613.9062 0.1114
9616.1240 0.1112
9618.3359 0.1114
9620.5537 0.1101
9622.7666 0.1092
9624.9863 0.1098
9627.2002 0.1110
9629.4150 0.1107
9631.6357 0.1103
9633.8516 0.1089
9636.0723 0.1094
9638.2891 0.1103
9640.5117 0.1103
9642.7295 0.1103
9644.9482 0.1101
9647.1719 0.1102
9649.3916 0.1097
9651.6172 0.1093
9653.8369 0.1094
9656.0635 0.1097
9658.2842 0.1086
9660.5068 0.1072
9662.7344 0.1082
9664.9570 0.1093
9667.1855 0.1090
9669.4102 0.1091
9671.6396 0.1088
9673.8643 0.1085
9676.0898 0.1085
9678.3213 0.1085
9680.5479 0.1082
9682.7803 0.1078
9685.0078 0.1080
9687.2412 0.1080
9689.4697 0.1079
9691.6982 0.1077
9693.9336 0.1074
9696.1631 0.1074
9698.3994 0.1075
9700.6299 0.1074
9702.8672 0.1074
9705.0996 0.1073
9707.3320 0.1072
9709.5703 0.1071
9711.8047 0.1070
9714.0439 0.1069
9716.2783 0.1067
9718.5186 0.1066
9720.7549 0.1065
9722.9912 0.1064
9725.2334 0.1062
9727.4707 0.1061
9729.7139 0.1060
9731.9521 0.1059
9734.1963 0.1058
9736.4355 0.1057
9738.6807 0.1053
9740.9209 0.1050
9743.1621 0.1051
9745.4082 0.1052
9747.6504 0.1051
9749.8984 0.1050
9752.1416 0.1049
9754.3896 0.1048
9756.6338 0.1047
9758.8789 0.1046
9761.1289 0.1045
9763.3740 0.1044
9765.6260 0.1042
9767.8721 0.1041
9770.1250 0.1040
9772.3721 0.1039
9774.6201 0.1038
9776.8750 0.1037
9779.1240 0.1036
9781.3789 0.1035
9783.6289 0.1034
9785.8848 0.1032
9788.1367 0.1031
9790.3877 0.1029
9792.6455 0.1028
9794.8984 0.1027
9797.1572 0.1026
9799.4111 0.1025
9801.6709 0.1024
9803.9258 0.1023
9806.1807 0.1022
9808.4424 0.1021
9810.6982 0.1019
9812.9609 0.1018
9815.2188 0.1017
9817.4814 0.1016
9819.7402 0.1015
9821.9990 0.1014
9824.2646 0.1012
9826.5244 0.1009
9828.7900 0.1006
9831.0518 0.1009
9833.3184 0.1008
9835.5801 0.1006
9837.8428 0.1005
9840.1113 0.1005
9842.3750 0.1003
9844.6455 0.1001
9846.9102 0.1001
9849.1807 0.1000
9851.4463 0.0999
9853.7129 0.0995
9855.9844 0.0990
9858.2520 0.0988
9860.5254 0.0989
9862.7939 0.0988
9865.0684 0.0989
9867.3379 0.0990
9869.6074 0.0989
9871.8838 0.0988
9874.1543 0.0986
9876.4316 0.0986
9878.7031 0.0985
9880.9814 0.0984
9883.2549 0.0982
9885.5283 0.0981
9887.8076 0.0981
9890.0830 0.0973
9892.3633 0.0962
9894.6387 0.0964
9896.9209 0.0975
9899.1973 0.0974
9901.4746 0.0971
9903.7578 0.0971
9906.0361 0.0971
9908.3203 0.0969
9910.5996 0.0968
9912.8857 0.0966
9915.1660 0.0964
9917.4521 0.0961
9919.7334 0.0961
9922.0156 0.0963
9924.3037 0.0961
9926.5869 0.0960
9928.8760 0.0960
9931.1602 0.0952
9933.4502 0.0947
9935.7354 0.0950
9938.0205 0.0955
9940.3125 0.0953
9942.5996 0.0948
9944.8926 0.0948
9947.1797 0.0948
9949.4736 0.0947
9951.7627 0.0946
9954.0518 0.0945
9956.3477 0.0944
9958.6377 0.0942
9960.9346 0.0941
9963.2256 0.0940
9965.5234 0.0939
9967.8154 0.0937
9970.1094 0.0936
9972.4082 0.0935
9974.7021 0.0933
9977.0020 0.0932
9979.2979 0.0930
9981.5986 0.0929
9983.8945 0.0927
9986.1914 0.0926
9988.4941 0.0924
9990.7920 0.0923
9993.0967 0.0921
9995.3955 0.0919
9997.7002 0.0915
10000.0000 0.0911
10002.3057 0.0911
10004.6016 0.0912
10006.9082 0.0908
10009.2158 0.0907
10011.5244 0.0904
10013.8223 0.0901
10016.1309 0.0898
10018.4404 0.0894
10020.7402 0.0890
10023.0508 0.0886
10025.3623 0.0881
10027.6738 0.0875
10029.9756 0.0869
10032.2881 0.0862
10034.6016 0.0854
10036.9043 0.0844
10039.2188 0.0833
10041.5342 0.0821
10043.8496 0.0805
10046.1543 0.0787
10048.4707 0.0763
10050.7881 0.0735
10053.0947 0.0739
10055.4131 0.0766
10057.7324 0.0787
10060.0508 0.0801
10062.3604 0.0814
10064.6807 0.0823
10067.0010 0.0831
10069.3115 0.0838
10071.6338 0.0843
10073.9561 0.0848
10076.2793 0.0851
10078.5918 0.0854
10080.9160 0.0857
10083.2402 0.0859
10085.5547 0.0860
10087.8799 0.0861
10090.2061 0.0862
10092.5332 0.0863
10094.8496 0.0863
10097.1777 0.0863
10099.5059 0.0863
10101.8232 0.0863
10104.1533 0.0862
10106.4834 0.0860
10108.8135 0.0857
10111.1338 0.0857
10113.4648 0.0854
10115.7969 0.0850
10118.1191 0.0853
10120.4521 0.0858
10122.7861 0.0856
10125.1201 0.0843
10127.4434 0.0845
10129.7793 0.0852
10132.1152 0.0853
10134.4404 0.0852
10136.7773 0.0851
10139.1152 0.0850
10141.4531 0.0849
10143.7803 0.0848
10146.1191 0.0847
10148.4590 0.0844
10150.7881 0.0844
10153.1289 0.0844
10155.4707 0.0842
10157.8125 0.0841
10160.1436 0.0840
10162.4863 0.0840
10164.8301 0.0836
10167.1621 0.0835
10169.5068 0.0835
10171.8525 0.0835
10174.1973 0.0833
10176.5322 0.0832
10178.8789 0.0831
10181.2266 0.0831
10183.5742 0.0828
10185.9111 0.0826
10188.2607 0.0826
10190.6094 0.0825
10192.9482 0.0824
10195.2988 0.0823
10197.6504 0.0822
10200.0020 0.0821
10202.3428 0.0820
10204.6953 0.0819
10207.0479 0.0817
10209.3906 0.0816
10211.7451 0.0815
10214.0996 0.0814
10216.4551 0.0812
10218.7998 0.0810
10221.1562 0.0810
10223.5137 0.0809
10225.8594 0.0808
10228.2178 0.0807
10230.5762 0.0805
10232.9355 0.0804
10235.2842 0.0803
10237.6436 0.0802
10240.0049 0.0800
10242.3545 0.0799
10244.7168 0.0798
10247.0791 0.0796
10249.4424 0.0795
10251.7939 0.0795
10254.1582 0.0794
10256.5234 0.0792
10258.8770 0.0791
10261.2422 0.0790
10263.6084 0.0789
10265.9756 0.0788
10268.3311 0.0786
10270.6992 0.0785
10273.0674 0.0784
10275.4258 0.0782
10277.7949 0.0781
10280.1650 0.0780
10282.5352 0.0779
10284.8955 0.0778
10287.2666 0.0777
10289.6396 0.0775
10292.0010 0.0773
10294.3740 0.0773
10296.7480 0.0772
10299.1221 0.0770
10301.4863 0.0769
10303.8613 0.0768
10306.2373 0.0767
10308.6025 0.0766
10310.9795 0.0764
10313.3574 0.0763
10315.7363 0.0762
10318.1035 0.0761
10320.4824 0.0759
10322.8623 0.0758
10325.2314 0.0757
10327.6123 0.0756
10329.9941 0.0754
10332.3760 0.0752
10334.7471 0.0749
10337.1309 0.0750
10339.5146 0.0750
10341.8877 0.0748
10344.2725 0.0747
10346.6572 0.0745
