3590.0457 0.3385
3590.8735 0.3362
3591.6995 0.3330
3592.5259 0.3302
3593.3542 0.3284
3594.1809 0.3294
3595.0098 0.3350
3595.8367 0.3431
3596.6660 0.3480
3597.4934 0.3477
3598.3208 0.3443
3599.1506 0.3413
3599.9788 0.3405
3600.8088 0.3407
3601.6372 0.3391
3602.4678 0.3360
3603.2964 0.3339
3604.1252 0.3347
3604.9565 0.3347
3605.7859 0.3288
3606.6172 0.3239
3607.4470 0.3240
3608.2788 0.3272
3609.1089 0.3283
3609.9392 0.3249
3610.7717 0.3187
3611.6023 0.3168
3612.4351 0.3231
3613.2661 0.3344
3614.0994 0.3411
3614.9307 0.3368
3615.7625 0.3253
3616.5962 0.3171
3617.4282 0.3177
3618.2625 0.3258
3619.0947 0.3351
3619.9292 0.3404
3620.7620 0.3424
3621.5969 0.3423
3622.4302 0.3410
3623.2634 0.3401
3624.0989 0.3408
3624.9326 0.3424
3625.7686 0.3439
3626.6028 0.3424
3627.4390 0.3364
3628.2734 0.3282
3629.1082 0.3251
3629.9451 0.3322
3630.7800 0.3430
3631.6174 0.3485
3632.4529 0.3484
3633.2903 0.3469
3634.1262 0.3476
3634.9622 0.3495
3635.8005 0.3490
3636.6370 0.3470
3637.4756 0.3444
3638.3123 0.3408
3639.1514 0.3360
3639.9885 0.3321
3640.8259 0.3326
3641.6653 0.3359
3642.5032 0.3386
3643.3430 0.3392
3644.1812 0.3383
3645.0215 0.3368
3645.8601 0.3378
3646.6990 0.3412
3647.5398 0.3448
3648.3789 0.3470
3649.2202 0.3485
3650.0596 0.3505
3650.9014 0.3526
3651.7412 0.3535
3652.5813 0.3545
3653.4236 0.3570
3654.2642 0.3601
3655.1067 0.3616
3655.9475 0.3610
3656.7908 0.3604
3657.6318 0.3595
3658.4734 0.3567
3659.3169 0.3519
3660.1587 0.3479
3661.0029 0.3474
3661.8450 0.3509
3662.6895 0.3573
3663.5320 0.3638
3664.3748 0.3666
3665.2197 0.3652
3666.0630 0.3631
3666.9084 0.3618
3667.7520 0.3610
3668.5977 0.3601
3669.4417 0.3596
3670.2859 0.3605
3671.1321 0.3616
3671.9768 0.3644
3672.8235 0.3672
3673.6685 0.3677
3674.5156 0.3660
3675.3608 0.3638
3676.2063 0.3567
3677.0542 0.3532
3677.8999 0.3588
3678.7480 0.3682
3679.5945 0.3696
3680.4429 0.3652
3681.2896 0.3682
3682.1365 0.3687
3682.9856 0.3600
3683.8328 0.3480
3684.6824 0.3493
3685.5300 0.3741
3686.3799 0.4069
3687.2278 0.4182
3688.0781 0.4041
3688.9265 0.3842
3689.7751 0.3855
3690.6260 0.4149
3691.4751 0.4454
3692.3264 0.4511
3693.1758 0.4276
3694.0273 0.3908
3694.8772 0.3714
3695.7273 0.3940
3696.5793 0.4435
3697.4299 0.4838
3698.2825 0.4964
3699.1333 0.4787
3699.9863 0.4365
3700.8374 0.3859
3701.6887 0.3550
3702.5425 0.3576
3703.3943 0.3891
3704.2483 0.4344
3705.1003 0.4741
3705.9548 0.4904
3706.8074 0.4806
3707.6599 0.4484
3708.5149 0.4057
3709.3682 0.3745
3710.2234 0.3808
3711.0771 0.4302
3711.9329 0.4915
3712.7866 0.5391
3713.6409 0.5676
3714.4973 0.5789
3715.3518 0.5711
3716.2085 0.5389
3717.0635 0.4848
3717.9204 0.4233
3718.7759 0.3729
3719.6313 0.3537
3720.4890 0.3810
3721.3450 0.4481
3722.2031 0.5200
3723.0593 0.5696
3723.9180 0.5916
3724.7747 0.5965
3725.6316 0.6008
3726.4905 0.6108
3727.3479 0.6124
3728.2073 0.5956
3729.0649 0.5556
3729.9250 0.4929
3730.7830 0.4184
3731.6414 0.3587
3732.5017 0.3483
3733.3604 0.3790
3734.2214 0.4313
3735.0803 0.4940
3735.9417 0.5624
3736.8013 0.6189
3737.6609 0.6463
3738.5227 0.6498
3739.3828 0.6423
3740.2451 0.6341
3741.1055 0.6261
3741.9683 0.6095
3742.8291 0.5801
3743.6899 0.5538
3744.5532 0.5285
3745.4148 0.4906
3746.2786 0.4342
3747.1404 0.3817
3748.0044 0.3765
3748.8667 0.4258
3749.7290 0.4998
3750.5938 0.5672
3751.4565 0.6167
3752.3215 0.6527
3753.1848 0.6743
3754.0503 0.6749
3754.9138 0.6558
3755.7798 0.6293
3756.6438 0.6148
3757.5081 0.6228
3758.3745 0.6394
3759.2390 0.6563
3760.1060 0.6688
3760.9709 0.6743
3761.8381 0.6727
3762.7036 0.6661
3763.5693 0.6454
3764.4370 0.6131
3765.3032 0.5745
3766.1714 0.5281
3767.0378 0.4697
3767.9065 0.4175
3768.7732 0.4196
3769.6401 0.4761
3770.5095 0.5511
3771.3770 0.6129
3772.2466 0.6540
3773.1145 0.6841
3773.9844 0.7111
3774.8528 0.7370
3775.7209 0.7598
3776.5918 0.7770
3777.4604 0.7866
3778.3315 0.7885
3779.2009 0.7903
3780.0723 0.7964
3780.9419 0.8044
3781.8118 0.8106
3782.6838 0.8123
3783.5540 0.8065
3784.4265 0.7941
3785.2971 0.7822
3786.1699 0.7756
3787.0410 0.7740
3787.9121 0.7723
3788.7856 0.7655
3789.6572 0.7503
3790.5310 0.7244
3791.4031 0.6871
3792.2773 0.6397
3793.1499 0.5836
3794.0225 0.5164
3794.8972 0.4472
3795.7703 0.4214
3796.6455 0.4570
3797.5190 0.5355
3798.3948 0.6185
3799.2686 0.6821
3800.1426 0.7301
3801.0188 0.7656
3801.8933 0.7887
3802.7700 0.8010
3803.6448 0.8081
3804.5220 0.8180
3805.3972 0.8367
3806.2727 0.8594
3807.1504 0.8777
3808.0261 0.8855
3808.9043 0.8808
3809.7805 0.8647
3810.6589 0.8470
3811.5356 0.8365
3812.4126 0.8329
3813.2917 0.8372
3814.1689 0.8547
3815.0483 0.8804
3815.9260 0.8896
3816.8059 0.8721
3817.6841 0.8469
3818.5623 0.8393
3819.4429 0.8553
3820.3215 0.8670
3821.2024 0.8471
3822.0815 0.8133
3822.9629 0.7885
3823.8423 0.7794
3824.7241 0.7743
3825.6040 0.7598
3826.4841 0.7463
3827.3665 0.7397
3828.2468 0.7259
3829.1296 0.6904
3830.0105 0.6353
3830.8938 0.5748
3831.7751 0.5079
3832.6565 0.4636
3833.5403 0.4694
3834.4224 0.5226
3835.3064 0.5887
3836.1887 0.6438
3837.0735 0.6880
3837.9561 0.7267
3838.8391 0.7700
3839.7244 0.8188
3840.6077 0.8605
3841.4932 0.8882
3842.3770 0.9097
3843.2629 0.9243
3844.1472 0.9337
3845.0315 0.9408
3845.9182 0.9445
3846.8030 0.9395
3847.6899 0.9368
3848.5752 0.9498
3849.4626 0.9717
3850.3481 0.9891
3851.2339 0.9952
3852.1221 0.9875
3853.0083 0.9670
3853.8967 0.9497
3854.7832 0.9415
3855.6721 0.9355
3856.5591 0.9243
3857.4463 0.9219
3858.3359 0.9517
3859.2234 0.9909
3860.1135 1.0160
3861.0015 1.0193
3861.8918 1.0079
3862.7803 0.9949
3863.6687 0.9958
3864.5598 1.0089
3865.4487 1.0247
3866.3401 1.0342
3867.2297 1.0331
3868.1213 1.0207
3869.0112 0.9977
3869.9014 0.9777
3870.7937 0.9738
3871.6841 0.9856
3872.5769 0.9981
3873.4678 0.9970
3874.3611 0.9720
3875.2524 0.9260
3876.1438 0.8917
3877.0376 0.8950
3877.9297 0.9237
3878.8237 0.9353
3879.7161 0.9240
3880.6108 0.9025
3881.5037 0.8711
3882.3965 0.8226
3883.2917 0.7557
3884.1851 0.6815
3885.0808 0.6048
3885.9746 0.5409
3886.8706 0.5283
3887.7649 0.5865
3888.6592 0.6861
3889.5559 0.7728
3890.4507 0.8285
3891.3479 0.8630
3892.2429 0.8868
3893.1406 0.9079
3894.0361 0.9304
3894.9341 0.9486
3895.8301 0.9483
3896.7263 0.9336
3897.6250 0.9258
3898.5215 0.9399
3899.4207 0.9682
3900.3176 0.9884
3901.2170 1.0000
3902.1145 1.0040
3903.0122 1.0080
3903.9121 1.0222
3904.8103 1.0502
3905.7107 1.0783
3906.6094 1.0974
3907.5100 1.1067
3908.4089 1.1055
3909.3081 1.0936
3910.2097 1.0757
3911.1091 1.0653
3912.0110 1.0763
3912.9111 1.0966
3913.8132 1.1125
3914.7136 1.1184
3915.6143 1.1149
3916.5171 1.1039
3917.4182 1.0933
3918.3215 1.0923
3919.2229 1.0950
3920.1267 1.0964
3921.0286 1.1033
3921.9307 1.1197
3922.8350 1.1279
3923.7373 1.1209
3924.6421 1.1043
3925.5452 1.0869
3926.4502 1.0722
3927.3535 1.0499
3928.2571 1.0106
3929.1628 0.9192
3930.0667 0.7813
3930.9731 0.6677
3931.8774 0.6827
3932.7839 0.8359
3933.6887 0.9906
3934.5938 1.0838
3935.5010 1.1255
3936.4062 1.1453
3937.3142 1.1581
3938.2200 1.1630
3939.1279 1.1587
3940.0342 1.1482
3940.9407 1.1389
3941.8494 1.1388
3942.7561 1.1499
3943.6653 1.1630
3944.5725 1.1661
3945.4822 1.1615
3946.3899 1.1551
3947.2979 1.1496
3948.2080 1.1442
3949.1162 1.1419
3950.0269 1.1481
3950.9355 1.1549
3951.8467 1.1534
3952.7559 1.1403
3953.6650 1.1208
3954.5769 1.1056
3955.4866 1.1011
3956.3987 1.0986
3957.3088 1.0867
3958.2214 1.0635
3959.1321 1.0398
3960.0449 1.0280
3960.9561 1.0181
3961.8672 0.9941
3962.7808 0.9432
3963.6924 0.8540
3964.6064 0.7198
3965.5186 0.5594
3966.4329 0.4554
3967.3455 0.4623
3968.2581 0.5620
3969.1731 0.6989
3970.0862 0.8198
3971.0017 0.9041
3971.9153 0.9636
3972.8313 1.0052
3973.7451 1.0328
3974.6592 1.0508
3975.5759 1.0649
3976.4905 1.0801
3977.4075 1.0942
3978.3225 1.1062
3979.2397 1.1167
3980.1553 1.1262
3981.0708 1.1345
3981.9888 1.1438
3982.9050 1.1548
3983.8232 1.1644
3984.7397 1.1723
3985.6587 1.1799
3986.5757 1.1869
3987.4927 1.1926
3988.4121 1.1986
3989.3298 1.2056
3990.2498 1.2110
3991.1677 1.2119
3992.0879 1.2073
3993.0063 1.2006
3993.9250 1.1946
3994.8459 1.1915
3995.7649 1.1935
3996.6863 1.2007
3997.6057 1.2092
3998.5276 1.2143
3999.4475 1.2157
4000.3674 1.2151
4001.2900 1.2088
4002.2104 1.1969
4003.1333 1.1908
4004.0544 1.2018
4004.9775 1.2133
4005.8989 1.2183
4006.8206 1.2187
4007.7446 1.2175
4008.6665 1.2141
4009.5908 1.2087
4010.5132 1.2104
4011.4380 1.2201
4012.3608 1.2301
4013.2839 1.2334
4014.2095 1.2314
4015.1328 1.2341
4016.0588 1.2444
4016.9827 1.2543
4017.9089 1.2591
4018.8333 1.2580
4019.7578 1.2528
4020.6848 1.2483
4021.6096 1.2451
4022.5371 1.2426
4023.4624 1.2425
4024.3901 1.2449
4025.3162 1.2463
4026.2422 1.2428
4027.1704 1.2373
4028.0969 1.2339
4029.0259 1.2334
4029.9526 1.2342
4030.8821 1.2352
4031.8093 1.2364
4032.7390 1.2443
4033.6667 1.2554
4034.5947 1.2622
4035.5251 1.2622
4036.4534 1.2603
4037.3843 1.2600
4038.3130 1.2579
4039.2441 1.2565
4040.1736 1.2546
4041.1030 1.2440
4042.0347 1.2168
4042.9646 1.1864
4043.8970 1.1920
4044.8271 1.2216
4045.7600 1.2485
4046.6907 1.2597
4047.6216 1.2626
4048.5549 1.2643
4049.4863 1.2582
4050.4202 1.2485
4051.3521 1.2430
4052.2861 1.2448
4053.2185 1.2486
4054.1509 1.2478
4055.0857 1.2438
4056.0186 1.2427
4056.9539 1.2458
4057.8872 1.2482
4058.8230 1.2410
4059.7566 1.2168
4060.6907 1.1896
4061.6270 1.1880
4062.5613 1.2088
4063.4983 1.2301
4064.4331 1.2378
4065.3701 1.2398
4066.3054 1.2409
4067.2410 1.2286
4068.1787 1.2025
4069.1147 1.1810
4070.0530 1.1875
4070.9893 1.2122
4071.9280 1.2188
4072.8647 1.2026
4073.8018 1.1739
4074.7412 1.1515
4075.6787 1.1556
4076.6184 1.1836
4077.5562 1.2033
4078.4966 1.2101
4079.4348 1.2086
4080.3733 1.2026
4081.3142 1.1946
4082.2532 1.1878
4083.1943 1.1849
4084.1338 1.1823
4085.0757 1.1781
4086.0154 1.1731
4086.9553 1.1670
4087.8977 1.1564
4088.8381 1.1456
4089.7810 1.1362
4090.7219 1.1249
4091.6653 1.1081
4092.6064 1.0846
4093.5481 1.0528
4094.4919 1.0171
4095.4338 0.9731
4096.3784 0.9089
4097.3208 0.8179
4098.2656 0.7161
4099.2085 0.6573
4100.1514 0.7019
4101.0967 0.8028
4102.0400 0.9009
4102.9863 0.9688
4103.9302 1.0125
4104.8765 1.0448
4105.8208 1.0676
4106.7676 1.0832
4107.7124 1.0968
4108.6572 1.1110
4109.6045 1.1234
4110.5503 1.1331
4111.4980 1.1429
4112.4438 1.1512
4113.3921 1.1586
4114.3384 1.1655
4115.2852 1.1700
4116.2339 1.1716
4117.1807 1.1743
4118.1304 1.1780
4119.0776 1.1818
4120.0273 1.1856
4120.9751 1.1895
4121.9233 1.1922
4122.8740 1.1924
4123.8223 1.1932
4124.7734 1.1962
4125.7222 1.1989
4126.6733 1.1953
4127.6230 1.1843
4128.5723 1.1701
4129.5244 1.1660
4130.4746 1.1753
4131.4268 1.1897
4132.3774 1.1979
4133.3301 1.2014
4134.2812 1.2056
4135.2324 1.2120
4136.1855 1.2172
4137.1372 1.2174
4138.0913 1.2121
4139.0435 1.2039
4139.9976 1.1851
4140.9502 1.1683
4141.9028 1.1679
4142.8579 1.1830
4143.8110 1.1962
4144.7666 1.1997
4145.7202 1.2033
4146.6758 1.2088
4147.6299 1.2132
4148.5840 1.2139
4149.5405 1.2102
4150.4951 1.2026
4151.4526 1.1960
4152.4072 1.1937
4153.3647 1.1937
4154.3203 1.1933
4155.2764 1.1940
4156.2344 1.1987
4157.1904 1.2016
4158.1489 1.2002
4159.1055 1.1957
4160.0649 1.1889
4161.0220 1.1805
4161.9790 1.1739
4162.9390 1.1418
4163.8965 1.1102
4164.8564 1.1171
4165.8149 1.1608
4166.7754 1.1911
4167.7339 1.1929
4168.6929 1.1838
4169.6538 1.1742
4170.6133 1.1708
4171.5752 1.1749
4172.5347 1.1806
4173.4971 1.1803
4174.4570 1.1729
4175.4175 1.1652
4176.3799 1.1655
4177.3408 1.1739
4178.3042 1.1801
4179.2651 1.1773
4180.2290 1.1762
4181.1909 1.1772
4182.1548 1.1761
4183.1172 1.1695
4184.0796 1.1593
4185.0444 1.1552
4186.0068 1.1651
4186.9722 1.1754
4187.9355 1.1779
4188.9014 1.1750
4189.8647 1.1742
4190.8286 1.1792
4191.7949 1.1852
4192.7593 1.1844
4193.7261 1.1754
4194.6909 1.1616
4195.6582 1.1493
4196.6235 1.1463
4197.5889 1.1442
4198.5571 1.1342
4199.5229 1.1273
4200.4912 1.1365
4201.4575 1.1560
4202.4263 1.1674
4203.3931 1.1709
4204.3599 1.1733
4205.3296 1.1737
4206.2969 1.1698
4207.2671 1.1647
4208.2349 1.1635
4209.2051 1.1641
4210.1738 1.1595
4211.1421 1.1442
4212.1133 1.1227
4213.0820 1.1125
4214.0537 1.1300
4215.0229 1.1500
4215.9951 1.1593
4216.9648 1.1595
4217.9351 1.1559
4218.9077 1.1517
4219.8784 1.1523
4220.8516 1.1564
4221.8223 1.1467
4222.7959 1.1160
4223.7676 1.0807
4224.7393 1.0750
4225.7134 1.1051
4226.6855 1.1321
4227.6602 1.1451
4228.6328 1.1433
4229.6079 1.1300
4230.5806 1.1162
4231.5542 1.1177
4232.5298 1.1225
4233.5034 1.1275
4234.4800 1.1345
4235.4541 1.1422
4236.4307 1.1454
4237.4053 1.1453
4238.3799 1.1470
4239.3574 1.1492
4240.3325 1.1498
4241.3105 1.1466
4242.2861 1.1354
4243.2642 1.1114
4244.2407 1.0961
4245.2168 1.0995
4246.1958 1.1062
4247.1729 1.1027
4248.1519 1.1003
4249.1294 1.1132
4250.1094 1.1208
4251.0869 1.1175
4252.0649 1.1141
4253.0454 1.1191
4254.0239 1.1263
4255.0049 1.1260
4255.9834 1.1182
4256.9648 1.1061
4257.9443 1.1005
4258.9263 1.1084
4259.9058 1.1222
4260.8857 1.1271
4261.8687 1.1267
4262.8491 1.1263
4263.8320 1.1265
4264.8130 1.1256
4265.7964 1.1214
4266.7778 1.1092
4267.7593 1.0799
4268.7432 1.0570
4269.7256 1.0601
4270.7100 1.0831
4271.6924 1.0988
4272.6772 1.1041
4273.6606 1.1119
4274.6436 1.1175
4275.6294 1.1177
4276.6128 1.1140
4277.5991 1.1084
4278.5830 1.1011
4279.5698 1.0957
4280.5542 1.0965
4281.5391 1.1022
4282.5264 1.1076
4283.5117 1.1078
4284.4990 1.1009
4285.4849 1.0823
4286.4731 1.0598
4287.4590 1.0507
4288.4453 1.0617
4289.4346 1.0750
4290.4214 1.0667
4291.4106 1.0567
4292.3979 1.0642
4293.3877 1.0810
4294.3755 1.0889
4295.3633 1.0794
4296.3535 1.0528
4297.3423 1.0345
4298.3330 1.0311
4299.3218 1.0386
4300.3135 1.0538
4301.3027 1.0746
4302.2920 1.0855
4303.2842 1.0730
4304.2744 1.0471
4305.2666 1.0332
4306.2573 1.0454
4307.2500 1.0677
4308.2412 1.0753
4309.2319 1.0656
4310.2261 1.0464
4311.2173 1.0318
4312.2114 1.0322
4313.2036 1.0457
4314.1982 1.0590
4315.1904 1.0644
4316.1836 1.0619
4317.1787 1.0542
4318.1719 1.0472
4319.1675 1.0484
4320.1611 1.0522
4321.1572 1.0387
4322.1514 1.0136
4323.1460 0.9993
4324.1426 1.0089
4325.1377 1.0279
4326.1348 1.0327
4327.1299 1.0265
4328.1279 1.0167
4329.1235 1.0053
4330.1196 0.9912
4331.1182 0.9739
4332.1143 0.9515
4333.1133 0.9191
4334.1104 0.8742
4335.1099 0.8114
4336.1069 0.7261
4337.1069 0.6347
4338.1045 0.6080
4339.1025 0.6875
4340.1030 0.7909
4341.1016 0.8660
4342.1025 0.9107
4343.1016 0.9403
4344.1030 0.9627
4345.1025 0.9796
4346.1021 0.9909
4347.1040 0.9956
4348.1040 0.9954
4349.1069 0.9972
4350.1074 1.0095
4351.1104 1.0276
4352.1113 1.0437
4353.1128 1.0538
4354.1167 1.0589
4355.1182 1.0616
4356.1226 1.0634
4357.1245 1.0635
4358.1294 1.0646
4359.1318 1.0683
4360.1348 1.0731
4361.1401 1.0752
4362.1436 1.0739
4363.1494 1.0727
4364.1528 1.0711
4365.1592 1.0683
4366.1636 1.0651
4367.1680 1.0635
4368.1753 1.0651
4369.1802 1.0658
4370.1875 1.0629
4371.1929 1.0573
4372.2007 1.0538
4373.2065 1.0581
4374.2129 1.0660
4375.2212 1.0721
4376.2280 1.0772
4377.2368 1.0789
4378.2441 1.0709
4379.2534 1.0484
4380.2612 1.0183
4381.2686 1.0159
4382.2793 1.0368
4383.2871 1.0598
4384.2979 1.0710
4385.3066 1.0745
4386.3179 1.0757
4387.3267 1.0755
4388.3359 1.0762
4389.3481 1.0755
4390.3579 1.0656
4391.3701 1.0428
4392.3804 1.0292
4393.3936 1.0440
4394.4043 1.0612
4395.4150 1.0643
4396.4287 1.0561
4397.4399 1.0493
4398.4541 1.0544
4399.4658 1.0602
4400.4805 1.0525
4401.4927 1.0386
4402.5054 1.0361
4403.5205 1.0499
4404.5337 1.0599
4405.5493 1.0629
4406.5625 1.0652
4407.5786 1.0688
4408.5928 1.0719
4409.6069 1.0714
4410.6240 1.0586
4411.6387 1.0382
4412.6558 1.0265
4413.6709 1.0267
4414.6885 1.0331
4415.7041 1.0413
4416.7227 1.0482
4417.7388 1.0503
4418.7549 1.0497
4419.7739 1.0482
4420.7905 1.0452
4421.8101 1.0384
4422.8271 1.0293
4423.8472 1.0209
4424.8647 1.0186
4425.8828 1.0225
4426.9033 1.0277
4427.9219 1.0292
4428.9429 1.0293
4429.9619 1.0286
4430.9834 1.0265
4432.0024 1.0274
4433.0220 1.0360
4434.0444 1.0488
4435.0645 1.0530
4436.0874 1.0519
4437.1079 1.0492
4438.1309 1.0432
4439.1519 1.0313
4440.1733 1.0171
4441.1968 1.0148
4442.2188 1.0309
4443.2432 1.0448
4444.2651 1.0479
4445.2900 1.0451
4446.3125 1.0425
4447.3354 1.0389
4448.3613 1.0438
4449.3843 1.0495
4450.4106 1.0478
4451.4341 1.0407
4452.4609 1.0398
4453.4849 1.0472
4454.5098 1.0559
4455.5366 1.0703
4456.5615 1.0814
4457.5894 1.0763
4458.6147 1.0594
4459.6431 1.0507
4460.6689 1.0470
4461.6953 1.0455
4462.7241 1.0427
4463.7505 1.0343
4464.7798 1.0201
4465.8071 1.0134
4466.8369 1.0234
4467.8643 1.0353
4468.8921 1.0419
4469.9229 1.0457
4470.9512 1.0487
4471.9819 1.0469
4473.0107 1.0430
4474.0425 1.0424
4475.0718 1.0427
4476.1011 1.0392
4477.1333 1.0325
4478.1631 1.0276
4479.1958 1.0298
4480.2266 1.0325
4481.2593 1.0334
4482.2905 1.0345
4483.3213 1.0367
4484.3555 1.0353
4485.3872 1.0348
4486.4214 1.0350
4487.4536 1.0343
4488.4883 1.0337
4489.5210 1.0354
4490.5537 1.0351
4491.5889 1.0321
4492.6226 1.0306
4493.6582 1.0319
4494.6919 1.0338
4495.7285 1.0303
4496.7627 1.0156
4497.7998 1.0011
4498.8345 1.0005
4499.8696 1.0112
4500.9072 1.0216
4501.9424 1.0251
4502.9805 1.0248
4504.0166 1.0236
4505.0552 1.0216
4506.0913 1.0213
4507.1279 1.0235
4508.1675 1.0251
4509.2046 1.0249
4510.2446 1.0255
4511.2822 1.0244
4512.3223 1.0221
4513.3604 1.0201
4514.3984 1.0182
4515.4395 1.0151
4516.4785 1.0125
4517.5200 1.0113
4518.5591 1.0083
4519.6011 1.0035
4520.6406 1.0035
4521.6807 1.0066
4522.7236 1.0076
4523.7642 1.0079
4524.8071 1.0066
4525.8481 1.0038
4526.8916 1.0035
4527.9331 1.0056
4528.9746 0.9993
4530.0190 0.9817
4531.0610 0.9678
4532.1060 0.9727
4533.1489 0.9916
4534.1938 1.0033
4535.2373 1.0057
4536.2803 1.0048
4537.3267 1.0034
4538.3701 1.0014
4539.4170 0.9994
4540.4609 0.9981
4541.5083 0.9977
4542.5527 0.9983
4543.5981 0.9968
4544.6455 0.9868
4545.6909 0.9653
4546.7393 0.9488
4547.7852 0.9588
4548.8340 0.9761
4549.8804 0.9839
4550.9272 0.9815
4551.9766 0.9786
4553.0239 0.9795
4554.0737 0.9842
4555.1216 0.9902
4556.1719 0.9937
4557.2197 0.9918
4558.2686 0.9844
4559.3193 0.9712
4560.3682 0.9573
4561.4199 0.9581
4562.4692 0.9712
4563.5215 0.9826
4564.5713 0.9846
4565.6211 0.9820
4566.6743 0.9760
4567.7246 0.9638
4568.7778 0.9530
4569.8291 0.9542
4570.8828 0.9663
4571.9341 0.9737
4572.9888 0.9748
4574.0405 0.9727
4575.0928 0.9695
4576.1479 0.9665
4577.2007 0.9651
4578.2559 0.9644
4579.3091 0.9602
4580.3652 0.9533
4581.4189 0.9505
4582.4731 0.9559
4583.5298 0.9628
4584.5840 0.9633
4585.6411 0.9605
4586.6963 0.9586
4587.7539 0.9591
4588.8091 0.9611
4589.8647 0.9619
4590.9233 0.9599
4591.9795 0.9553
4593.0386 0.9532
4594.0952 0.9553
4595.1543 0.9592
4596.2114 0.9610
4597.2690 0.9630
4598.3291 0.9624
4599.3867 0.9572
4600.4473 0.9520
4601.5059 0.9511
4602.5669 0.9510
4603.6255 0.9499
4604.6846 0.9499
4605.7466 0.9507
4606.8062 0.9517
4607.8687 0.9524
4608.9287 0.9519
4609.9912 0.9517
4611.0518 0.9506
4612.1128 0.9498
4613.1763 0.9506
4614.2373 0.9523
4615.3013 0.9514
4616.3633 0.9501
4617.4277 0.9527
4618.4897 0.9555
4619.5522 0.9555
4620.6177 0.9535
4621.6807 0.9519
4622.7466 0.9496
4623.8096 0.9478
4624.8760 0.9441
4625.9399 0.9387
4627.0044 0.9352
4628.0713 0.9374
4629.1357 0.9407
4630.2031 0.9406
4631.2686 0.9411
4632.3364 0.9440
4633.4023 0.9468
4634.4678 0.9469
4635.5366 0.9455
4636.6030 0.9449
4637.6724 0.9435
4638.7393 0.9414
4639.8091 0.9406
4640.8765 0.9421
4641.9438 0.9434
4643.0142 0.9417
4644.0825 0.9383
4645.1533 0.9359
4646.2222 0.9370
4647.2935 0.9413
4648.3623 0.9458
4649.4316 0.9481
4650.5039 0.9468
4651.5737 0.9440
4652.6465 0.9425
4653.7168 0.9424
4654.7900 0.9414
4655.8608 0.9414
4656.9346 0.9439
4658.0059 0.9460
4659.0771 0.9442
4660.1519 0.9394
4661.2236 0.9374
4662.2983 0.9361
4663.3711 0.9344
4664.4463 0.9337
4665.5195 0.9349
4666.5928 0.9351
4667.6689 0.9343
4668.7427 0.9353
4669.8193 0.9367
4670.8936 0.9374
4671.9707 0.9380
4673.0454 0.9376
4674.1206 0.9353
4675.1982 0.9338
4676.2739 0.9337
4677.3521 0.9341
4678.4282 0.9338
4679.5073 0.9325
4680.5835 0.9309
4681.6602 0.9301
4682.7397 0.9302
4683.8174 0.9319
4684.8975 0.9346
4685.9751 0.9357
4687.0557 0.9352
4688.1338 0.9366
4689.2124 0.9374
4690.2935 0.9372
4691.3726 0.9373
4692.4546 0.9365
4693.5342 0.9347
4694.6162 0.9344
4695.6963 0.9362
4696.7764 0.9379
4697.8594 0.9362
4698.9404 0.9308
4700.0239 0.9279
4701.1050 0.9291
4702.1890 0.9316
4703.2710 0.9338
4704.3530 0.9357
4705.4375 0.9369
4706.5200 0.9362
4707.6055 0.9337
4708.6885 0.9319
4709.7744 0.9314
4710.8579 0.9306
4711.9414 0.9282
4713.0283 0.9270
4714.1123 0.9294
4715.1992 0.9314
4716.2842 0.9301
4717.3716 0.9266
4718.4570 0.9247
4719.5425 0.9258
4720.6309 0.9267
4721.7168 0.9254
4722.8057 0.9225
4723.8921 0.9201
4724.9814 0.9189
4726.0684 0.9183
4727.1553 0.9188
4728.2456 0.9187
4729.3335 0.9181
4730.4238 0.9191
4731.5122 0.9218
4732.6030 0.9214
4733.6919 0.9184
4734.7808 0.9152
4735.8726 0.9131
4736.9624 0.9123
4738.0547 0.9121
4739.1445 0.9123
4740.2373 0.9105
4741.3276 0.9087
4742.4214 0.9083
4743.5122 0.9083
4744.6035 0.9070
4745.6973 0.9055
4746.7891 0.9053
4747.8838 0.9047
4748.9761 0.9024
4750.0713 0.8987
4751.1641 0.8954
4752.2568 0.8932
4753.3525 0.8915
4754.4463 0.8908
4755.5425 0.8908
4756.6367 0.8898
4757.7334 0.8857
4758.8281 0.8796
4759.9229 0.8758
4761.0205 0.8745
4762.1157 0.8752
4763.2139 0.8773
4764.3096 0.8780
4765.4082 0.8757
4766.5044 0.8729
4767.6011 0.8703
4768.7002 0.8687
4769.7974 0.8678
4770.8975 0.8656
4771.9951 0.8624
4773.0952 0.8605
4774.1934 0.8623
4775.2915 0.8668
4776.3926 0.8702
4777.4917 0.8696
4778.5933 0.8713
4779.6924 0.8765
4780.7949 0.8777
4781.8945 0.8731
4782.9946 0.8681
4784.0977 0.8688
4785.1982 0.8719
4786.3018 0.8725
4787.4028 0.8699
4788.5068 0.8658
4789.6084 0.8628
4790.7100 0.8618
4791.8149 0.8622
4792.9170 0.8640
4794.0225 0.8661
4795.1255 0.8664
4796.2310 0.8647
4797.3345 0.8633
4798.4380 0.8617
4799.5444 0.8591
4800.6489 0.8550
4801.7559 0.8511
4802.8604 0.8499
4803.9678 0.8527
4805.0732 0.8563
4806.1782 0.8564
4807.2866 0.8540
4808.3926 0.8523
4809.5015 0.8525
4810.6079 0.8531
4811.7173 0.8533
4812.8242 0.8516
4813.9312 0.8481
4815.0415 0.8451
4816.1489 0.8443
4817.2598 0.8446
4818.3677 0.8432
4819.4790 0.8407
4820.5879 0.8391
4821.6968 0.8387
4822.8086 0.8383
4823.9180 0.8379
4825.0303 0.8377
4826.1401 0.8385
4827.2534 0.8389
4828.3638 0.8376
4829.4771 0.8350
4830.5884 0.8321
4831.6992 0.8298
4832.8135 0.8298
4833.9253 0.8310
4835.0400 0.8319
4836.1523 0.8325
4837.2676 0.8331
4838.3804 0.8300
4839.4937 0.8233
4840.6094 0.8186
4841.7231 0.8168
4842.8394 0.8149
4843.9536 0.8121
4845.0708 0.8089
4846.1851 0.8057
4847.3003 0.8012
4848.4180 0.7936
4849.5332 0.7828
4850.6514 0.7713
4851.7676 0.7605
4852.8862 0.7461
4854.0024 0.7205
4855.1191 0.6700
4856.2388 0.5886
4857.3560 0.5087
4858.4761 0.5178
4859.5938 0.5965
4860.7144 0.6713
4861.8325 0.7153
4862.9512 0.7404
4864.0723 0.7554
4865.1914 0.7673
4866.3135 0.7749
4867.4326 0.7780
4868.5552 0.7806
4869.6753 0.7861
4870.7954 0.7924
4871.9189 0.7960
4873.0396 0.7994
4874.1631 0.8010
4875.2847 0.8008
4876.4087 0.8011
4877.5308 0.8038
4878.6528 0.8064
4879.7778 0.8071
4880.9004 0.8086
4882.0259 0.8106
4883.1489 0.8110
4884.2749 0.8096
4885.3984 0.8096
4886.5225 0.8066
4887.6494 0.8054
4888.7734 0.8094
4889.9009 0.8157
4891.0259 0.8167
4892.1538 0.8160
4893.2793 0.8153
4894.4048 0.8147
4895.5337 0.8146
4896.6597 0.8152
4897.7891 0.8162
4898.9155 0.8180
4900.0454 0.8189
4901.1724 0.8189
4902.2998 0.8199
4903.4307 0.8233
4904.5586 0.8271
4905.6895 0.8270
4906.8179 0.8248
4907.9497 0.8234
4909.0786 0.8239
4910.2080 0.8252
4911.3403 0.8262
4912.4702 0.8254
4913.6030 0.8227
4914.7334 0.8177
4915.8667 0.8118
4916.9976 0.8088
4918.1313 0.8103
4919.2627 0.8058
4920.3945 0.8014
4921.5288 0.8093
4922.6611 0.8218
4923.7964 0.8248
4924.9292 0.8227
4926.0649 0.8243
4927.1978 0.8268
4928.3315 0.8276
4929.4678 0.8259
4930.6021 0.8239
4931.7388 0.8253
4932.8735 0.8278
4934.0107 0.8260
4935.1460 0.8228
4936.2812 0.8213
4937.4194 0.8220
4938.5557 0.8234
4939.6943 0.8232
4940.8306 0.8223
4941.9702 0.8208
4943.1069 0.8198
4944.2441 0.8202
4945.3843 0.8208
4946.5220 0.8199
4947.6626 0.8203
4948.8008 0.8215
4949.9419 0.8236
4951.0806 0.8252
4952.2197 0.8205
4953.3618 0.8084
4954.5010 0.8071
4955.6436 0.8130
4956.7837 0.8180
4957.9268 0.8199
4959.0674 0.8218
4960.2080 0.8228
4961.3521 0.8228
4962.4932 0.8213
4963.6377 0.8202
4964.7793 0.8217
4965.9243 0.8247
4967.0669 0.8264
4968.2095 0.8254
4969.3550 0.8240
4970.4980 0.8240
4971.6445 0.8243
4972.7881 0.8226
4973.9351 0.8201
4975.0791 0.8187
4976.2236 0.8169
4977.3711 0.8150
4978.5161 0.8143
4979.6641 0.8142
4980.8096 0.8133
4981.9585 0.8128
4983.1045 0.8137
4984.2510 0.8152
4985.4004 0.8157
4986.5469 0.8156
4987.6968 0.8160
4988.8442 0.8164
4989.9946 0.8175
4991.1426 0.8188
4992.2910 0.8189
4993.4419 0.8178
4994.5908 0.8188
4995.7427 0.8161
4996.8921 0.8118
4998.0439 0.8100
4999.1938 0.8114
5000.3438 0.8111
5001.4971 0.8062
5002.6475 0.8058
5003.8013 0.8096
5004.9521 0.8123
5006.1064 0.8116
5007.2583 0.8114
5008.4126 0.8127
5009.5649 0.8129
5010.7173 0.8129
5011.8730 0.8123
5013.0259 0.8067
5014.1816 0.7931
5015.3354 0.7880
5016.4917 0.7997
5017.6460 0.8113
5018.8003 0.8144
5019.9575 0.8124
5021.1123 0.8085
5022.2700 0.8062
5023.4258 0.8064
5024.5840 0.8068
5025.7397 0.8055
5026.8960 0.8037
5028.0552 0.8051
5029.2119 0.8076
5030.3716 0.8074
5031.5288 0.8057
5032.6890 0.8043
5033.8472 0.8044
5035.0049 0.8051
5036.1660 0.8025
5037.3247 0.8016
5038.4863 0.8023
5039.6455 0.8040
5040.8076 0.8068
5041.9668 0.8083
5043.1270 0.8047
5044.2900 0.8030
5045.4502 0.8032
5046.6138 0.8023
5047.7749 0.8003
5048.9390 0.8016
5050.1001 0.8063
5051.2622 0.8072
5052.4268 0.8073
5053.5894 0.8086
5054.7544 0.8088
5055.9175 0.8050
5057.0830 0.8031
5058.2466 0.8038
5059.4102 0.8031
5060.5771 0.8014
5061.7412 0.8016
5062.9082 0.8033
5064.0732 0.8034
5065.2407 0.8029
5066.4062 0.8021
5067.5718 0.8007
5068.7402 0.7993
5069.9062 0.7990
5071.0752 0.7987
5072.2417 0.7976
5073.4116 0.7969
5074.5786 0.7979
5075.7461 0.8002
5076.9165 0.8002
5078.0845 0.7988
5079.2554 0.7957
5080.4238 0.7944
5081.5957 0.7955
5082.7646 0.7965
5083.9336 0.7957
5085.1060 0.7952
5086.2759 0.7944
5087.4487 0.7948
5088.6191 0.7964
5089.7925 0.7981
5090.9634 0.7992
5092.1348 0.7994
5093.3091 0.7973
5094.4805 0.7962
5095.6553 0.7979
5096.8276 0.8021
5098.0029 0.8060
5099.1758 0.7931
5100.3516 0.7851
5101.5249 0.7871
5102.6987 0.7912
5103.8750 0.7908
5105.0493 0.7893
5106.2266 0.7853
5107.4014 0.7832
5108.5791 0.7847
5109.7544 0.7880
5110.9297 0.7899
5112.1084 0.7890
5113.2842 0.7885
5114.4634 0.7881
5115.6401 0.7880
5116.8198 0.7880
5117.9966 0.7877
5119.1743 0.7861
5120.3545 0.7843
5121.5327 0.7835
5122.7134 0.7839
5123.8921 0.7840
5125.0737 0.7827
5126.2524 0.7829
5127.4321 0.7846
5128.6143 0.7815
5129.7939 0.7777
5130.9771 0.7765
5132.1572 0.7775
5133.3408 0.7785
5134.5220 0.7790
5135.7031 0.7774
5136.8872 0.7760
5138.0688 0.7755
5139.2539 0.7757
5140.4360 0.7775
5141.6216 0.7783
5142.8042 0.7773
5143.9873 0.7780
5145.1738 0.7803
5146.3574 0.7810
5147.5439 0.7789
5148.7280 0.7768
5149.9155 0.7755
5151.1001 0.7752
5152.2852 0.7754
5153.4731 0.7761
5154.6587 0.7763
5155.8477 0.7738
5157.0337 0.7724
5158.2227 0.7733
5159.4097 0.7742
5160.5962 0.7715
5161.7861 0.7611
5162.9736 0.7377
5164.1646 0.7216
5165.3525 0.7269
5166.5435 0.7428
5167.7319 0.7470
5168.9209 0.7376
5170.1128 0.7466
5171.3022 0.7613
5172.4946 0.7690
5173.6846 0.7702
5174.8779 0.7702
5176.0684 0.7687
5177.2588 0.7658
5178.4526 0.7473
5179.6440 0.7308
5180.8384 0.7347
5182.0303 0.7543
5183.2251 0.7623
5184.4175 0.7610
5185.6104 0.7617
5186.8062 0.7604
5187.9995 0.7573
5189.1958 0.7577
5190.3896 0.7618
5191.5864 0.7610
5192.7808 0.7587
5193.9780 0.7574
5195.1729 0.7581
5196.3682 0.7598
5197.5664 0.7606
5198.7622 0.7582
5199.9609 0.7538
5201.1572 0.7492
5202.3564 0.7469
5203.5532 0.7467
5204.7505 0.7451
5205.9507 0.7448
5207.1484 0.7471
5208.3491 0.7479
5209.5474 0.7475
5210.7485 0.7487
5211.9473 0.7493
5213.1460 0.7473
5214.3481 0.7461
5215.5479 0.7478
5216.7505 0.7498
5217.9507 0.7484
5219.1538 0.7462
5220.3545 0.7468
5221.5557 0.7414
5222.7598 0.7351
5223.9609 0.7350
5225.1655 0.7403
5226.3677 0.7410
5227.5728 0.7353
5228.7754 0.7318
5229.9785 0.7312
5231.1846 0.7326
5232.3877 0.7355
5233.5942 0.7377
5234.7983 0.7383
5236.0054 0.7378
5237.2100 0.7366
5238.4150 0.7361
5239.6230 0.7384
5240.8281 0.7426
5242.0366 0.7436
5243.2427 0.7434
5244.4517 0.7440
5245.6582 0.7445
5246.8652 0.7438
5248.0747 0.7444
5249.2822 0.7449
5250.4927 0.7416
5251.7007 0.7390
5252.9116 0.7401
5254.1201 0.7430
5255.3286 0.7436
5256.5405 0.7428
5257.7500 0.7407
5258.9624 0.7387
5260.1724 0.7378
5261.3853 0.7375
5262.5957 0.7363
5263.8062 0.7341
5265.0200 0.7241
5266.2310 0.7191
5267.4458 0.7252
5268.6572 0.7347
5269.8721 0.7375
5271.0845 0.7359
5272.2974 0.7317
5273.5132 0.7317
5274.7261 0.7371
5275.9424 0.7417
5277.1562 0.7390
5278.3730 0.7340
5279.5874 0.7285
5280.8047 0.7276
5282.0195 0.7306
5283.2349 0.7324
5284.4531 0.7309
5285.6689 0.7321
5286.8877 0.7345
5288.1040 0.7352
5289.3232 0.7343
5290.5400 0.7330
5291.7573 0.7309
5292.9775 0.7296
5294.1953 0.7297
5295.4160 0.7304
5296.6343 0.7309
5297.8555 0.7317
5299.0742 0.7331
5300.2935 0.7324
5301.5156 0.7289
5302.7354 0.7254
5303.9580 0.7245
5305.1782 0.7269
5306.4014 0.7309
5307.6221 0.7334
5308.8433 0.7312
5310.0674 0.7286
5311.2891 0.7262
5312.5137 0.7228
5313.7358 0.7213
5314.9614 0.7226
5316.1841 0.7223
5317.4072 0.7217
5318.6333 0.7211
5319.8569 0.7197
5321.0835 0.7185
5322.3076 0.7153
5323.5347 0.7073
5324.7598 0.7063
5325.9844 0.7140
5327.2129 0.7210
5328.4380 0.7219
5329.6670 0.7236
5330.8931 0.7219
5332.1221 0.7179
5333.3491 0.7154
5334.5757 0.7158
5335.8062 0.7150
5337.0337 0.7126
5338.2642 0.7168
5339.4922 0.7228
5340.7236 0.7243
5341.9521 0.7211
5343.1812 0.7186
5344.4131 0.7182
5345.6426 0.7173
5346.8755 0.7157
5348.1055 0.7154
5349.3389 0.7171
5350.5693 0.7171
5351.8003 0.7149
5353.0342 0.7117
5354.2656 0.7098
5355.5005 0.7101
5356.7324 0.7113
5357.9678 0.7099
5359.2002 0.7064
5360.4331 0.7045
5361.6694 0.7054
5362.9028 0.7084
5364.1392 0.7114
5365.3735 0.7108
5366.6108 0.7055
5367.8452 0.7035
5369.0801 0.7059
5370.3184 0.7094
5371.5537 0.7117
5372.7925 0.7144
5374.0283 0.7153
5375.2676 0.7145
5376.5039 0.7122
5377.7441 0.7094
5378.9810 0.7074
5380.2183 0.7071
5381.4590 0.7083
5382.6973 0.7102
5383.9385 0.7123
5385.1768 0.7067
5386.4189 0.6845
5387.6577 0.6582
5388.8975 0.6799
5390.1401 0.7009
5391.3799 0.7048
5392.6230 0.7008
5393.8638 0.7005
5395.1074 0.7040
5396.3486 0.7040
5397.5903 0.7019
5398.8350 0.6993
5400.0767 0.6963
5401.3223 0.6937
5402.5645 0.6942
5403.8105 0.7006
5405.0537 0.7004
5406.2969 0.6981
5407.5439 0.6991
5408.7876 0.7018
5410.0352 0.7011
5411.2798 0.6995
5412.5273 0.6991
5413.7725 0.6986
5415.0181 0.6975
5416.2666 0.6965
5417.5127 0.6957
5418.7617 0.6965
5420.0083 0.6975
5421.2583 0.6983
5422.5054 0.6982
5423.7529 0.6967
5425.0034 0.6948
5426.2515 0.6927
5427.5029 0.6925
5428.7515 0.6930
5430.0034 0.6929
5431.2524 0.6935
5432.5020 0.6973
5433.7549 0.6999
5435.0049 0.7008
5436.2578 0.7005
5437.5088 0.6995
5438.7627 0.6983
5440.0137 0.6975
5441.2651 0.6945
5442.5200 0.6889
5443.7720 0.6870
5445.0273 0.6890
5446.2798 0.6908
5447.5356 0.6922
5448.7891 0.6942
5450.0425 0.6920
5451.2993 0.6892
5452.5532 0.6901
5453.8105 0.6939
5455.0654 0.6944
5456.3232 0.6926
5457.5786 0.6918
5458.8340 0.6909
5460.0928 0.6899
5461.3486 0.6897
5462.6084 0.6902
5463.8647 0.6911
5465.1250 0.6913
5466.3823 0.6904
5467.6396 0.6900
5468.9004 0.6911
5470.1587 0.6915
5471.4199 0.6900
5472.6787 0.6886
5473.9404 0.6886
5475.1997 0.6890
5476.4624 0.6882
5477.7222 0.6874
5478.9824 0.6875
5480.2461 0.6868
5481.5068 0.6850
5482.7705 0.6829
5484.0322 0.6816
5485.2964 0.6812
5486.5586 0.6821
5487.8208 0.6845
5489.0859 0.6860
5490.3491 0.6857
5491.6147 0.6851
5492.8784 0.6852
5494.1450 0.6851
5495.4087 0.6863
5496.6729 0.6866
5497.9404 0.6852
5499.2056 0.6843
5500.4736 0.6846
5501.7388 0.6839
5503.0073 0.6820
5504.2734 0.6795
5505.5396 0.6785
5506.8096 0.6797
5508.0762 0.6800
5509.3462 0.6804
5510.6138 0.6818
5511.8843 0.6821
5513.1523 0.6808
5514.4209 0.6788
5515.6924 0.6777
5516.9614 0.6776
5518.2334 0.6782
5519.5029 0.6778
5520.7759 0.6755
5522.0459 0.6712
5523.3159 0.6665
5524.5898 0.6661
5525.8608 0.6707
5527.1348 0.6742
5528.4062 0.6744
5529.6812 0.6732
5530.9536 0.6709
5532.2256 0.6703
5533.5015 0.6721
5534.7744 0.6736
5536.0508 0.6737
5537.3242 0.6729
5538.6011 0.6717
5539.8755 0.6715
5541.1499 0.6732
5542.4277 0.6749
5543.7026 0.6755
5544.9810 0.6755
5546.2568 0.6754
5547.5356 0.6740
5548.8115 0.6738
5550.0884 0.6741
5551.3682 0.6742
5552.6450 0.6742
5553.9258 0.6735
5555.2031 0.6721
5556.4844 0.6717
5557.7627 0.6714
5559.0410 0.6709
5560.3232 0.6709
5561.6021 0.6708
5562.8848 0.6702
5564.1646 0.6694
5565.4473 0.6688
5566.7280 0.6683
5568.0083 0.6677
5569.2925 0.6665
5570.5737 0.6664
5571.8579 0.6664
5573.1401 0.6660
5574.4253 0.6653
5575.7075 0.6650
5576.9932 0.6654
5578.2764 0.6658
5579.5596 0.6643
5580.8462 0.6622
5582.1299 0.6610
5583.4170 0.6606
5584.7017 0.6608
5585.9893 0.6614
5587.2744 0.6619
5588.5601 0.6617
5589.8486 0.6608
5591.1348 0.6600
5592.4238 0.6600
5593.7104 0.6586
5595.0005 0.6581
5596.2876 0.6576
5597.5747 0.6568
5598.8657 0.6571
5600.1538 0.6586
5601.4448 0.6597
5602.7334 0.6597
5604.0254 0.6586
5605.3149 0.6573
5606.6045 0.6565
5607.8970 0.6564
5609.1870 0.6570
5610.4805 0.6556
5611.7715 0.6540
5613.0654 0.6541
5614.3569 0.6558
5615.6484 0.6565
5616.9434 0.6564
5618.2354 0.6557
5619.5308 0.6552
5620.8237 0.6554
5622.1201 0.6561
5623.4131 0.6570
5624.7070 0.6571
5626.0039 0.6558
5627.2983 0.6543
5628.5957 0.6540
5629.8906 0.6548
5631.1890 0.6552
5632.4844 0.6536
5633.7803 0.6508
5635.0791 0.6497
5636.3755 0.6503
5637.6753 0.6510
5638.9722 0.6513
5640.2725 0.6506
5641.5703 0.6503
5642.8682 0.6501
5644.1694 0.6498
5645.4678 0.6498
5646.7695 0.6499
5648.0684 0.6489
5649.3711 0.6484
5650.6704 0.6482
5651.9707 0.6471
5653.2739 0.6449
5654.5742 0.6450
5655.8784 0.6470
5657.1797 0.6472
5658.4839 0.6462
5659.7856 0.6454
5661.0879 0.6451
5662.3931 0.6452
5663.6958 0.6463
5665.0020 0.6464
5666.3052 0.6450
5667.6118 0.6431
5668.9155 0.6415
5670.2197 0.6413
5671.5273 0.6410
5672.8320 0.6408
5674.1401 0.6410
5675.4453 0.6410
5676.7539 0.6406
5678.0601 0.6404
5679.3696 0.6386
5680.6758 0.6378
5681.9829 0.6382
5683.2930 0.6385
5684.6006 0.6378
5685.9111 0.6376
5687.2192 0.6374
5688.5308 0.6363
5689.8394 0.6361
5691.1484 0.6368
5692.4609 0.6371
5693.7705 0.6367
5695.0835 0.6354
5696.3936 0.6340
5697.7070 0.6338
5699.0176 0.6330
5700.3286 0.6296
5701.6431 0.6278
5702.9551 0.6300
5704.2700 0.6324
5705.5825 0.6326
5706.8979 0.6312
5708.2109 0.6306
5709.5239 0.6322
5710.8408 0.6328
5712.1543 0.6323
5713.4717 0.6310
5714.7861 0.6297
5716.1040 0.6291
5717.4189 0.6291
5718.7339 0.6293
5720.0527 0.6295
5721.3687 0.6290
5722.6880 0.6281
5724.0044 0.6277
5725.3242 0.6275
5726.6416 0.6272
5727.9590 0.6279
5729.2798 0.6281
5730.5977 0.6270
5731.9194 0.6260
5733.2378 0.6265
5734.5601 0.6268
5735.8794 0.6276
5737.1987 0.6279
5738.5215 0.6271
5739.8418 0.6257
5741.1655 0.6233
5742.4863 0.6226
5743.8105 0.6239
5745.1318 0.6253
5746.4536 0.6257
5747.7783 0.6254
5749.1006 0.6246
5750.4268 0.6242
5751.7495 0.6243
5753.0757 0.6244
5754.3994 0.6240
5755.7231 0.6238
5757.0503 0.6237
5758.3745 0.6227
5759.7026 0.6215
5761.0273 0.6204
5762.3560 0.6198
5763.6816 0.6202
5765.0078 0.6213
5766.3369 0.6204
5767.6636 0.6188
5768.9937 0.6173
5770.3208 0.6160
5771.6514 0.6148
5772.9790 0.6134
5774.3071 0.6112
5775.6387 0.6016
5776.9673 0.5930
5778.2993 0.5948
5779.6289 0.6061
5780.9614 0.6141
5782.2915 0.6165
5783.6250 0.6160
5784.9556 0.6150
5786.2861 0.6148
5787.6206 0.6152
5788.9521 0.6155
5790.2871 0.6160
5791.6191 0.6136
5792.9546 0.6096
5794.2871 0.6088
5795.6201 0.6133
5796.9565 0.6165
5798.2900 0.6176
5799.6274 0.6181
5800.9614 0.6177
5802.2993 0.6170
5803.6338 0.6171
5804.9692 0.6169
5806.3076 0.6167
5807.6436 0.6161
5808.9824 0.6153
5810.3188 0.6154
5811.6587 0.6168
5812.9956 0.6174
5814.3330 0.6163
5815.6738 0.6156
5817.0117 0.6161
5818.3530 0.6169
5819.6914 0.6170
5821.0337 0.6169
5822.3726 0.6167
5823.7119 0.6158
5825.0552 0.6157
5826.3950 0.6163
5827.7388 0.6165
5829.0791 0.6162
5830.4233 0.6160
5831.7646 0.6155
5833.1064 0.6149
5834.4517 0.6142
5835.7935 0.6133
5837.1396 0.6124
5838.4824 0.6113
5839.8286 0.6105
5841.1719 0.6103
5842.5156 0.6102
5843.8633 0.6095
5845.2075 0.6079
5846.5552 0.6062
5847.9004 0.6078
5849.2490 0.6095
5850.5942 0.6088
5851.9404 0.6067
5853.2896 0.6062
5854.6362 0.6078
5855.9863 0.6105
5857.3335 0.6114
5858.6841 0.6105
5860.0322 0.6092
5861.3799 0.6076
5862.7319 0.6070
5864.0806 0.6073
5865.4326 0.6073
5866.7822 0.6066
5868.1348 0.6055
5869.4849 0.6031
5870.8350 0.6031
5872.1890 0.6038
5873.5400 0.6048
5874.8940 0.6052
5876.2456 0.6041
5877.6006 0.6028
5878.9531 0.6019
5880.3052 0.6013
5881.6611 0.5988
5883.0146 0.5922
5884.3711 0.5733
5885.7246 0.5338
5887.0820 0.5334
5888.4365 0.5689
5889.7939 0.5841
5891.1489 0.5600
5892.5044 0.5356
5893.8633 0.5565
5895.2192 0.5832
5896.5786 0.5909
5897.9351 0.5919
5899.2949 0.5947
5900.6523 0.5955
5902.0098 0.5957
5903.3706 0.5951
5904.7285 0.5942
5906.0903 0.5936
5907.4487 0.5937
5908.8110 0.5936
5910.1704 0.5922
5911.5303 0.5920
5912.8931 0.5899
5914.2534 0.5870
5915.6172 0.5864
5916.9780 0.5885
5918.3428 0.5892
5919.7041 0.5857
5921.0659 0.5863
5922.4312 0.5902
5923.7939 0.5924
5925.1597 0.5911
5926.5229 0.5899
5927.8896 0.5891
5929.2534 0.5883
5930.6172 0.5881
5931.9849 0.5883
5933.3496 0.5882
5934.7178 0.5879
5936.0830 0.5849
5937.4517 0.5808
5938.8179 0.5797
5940.1841 0.5817
5941.5537 0.5828
5942.9204 0.5827
5944.2910 0.5833
5945.6587 0.5828
5947.0298 0.5829
5948.3975 0.5840
5949.7661 0.5844
5951.1382 0.5841
5952.5073 0.5822
5953.8799 0.5784
5955.2495 0.5780
5956.6226 0.5812
5957.9932 0.5827
5959.3638 0.5819
5960.7378 0.5822
5962.1094 0.5812
5963.4839 0.5788
5964.8560 0.5772
5966.2314 0.5779
5967.6040 0.5789
5968.9766 0.5788
5970.3530 0.5781
5971.7266 0.5774
5973.1035 0.5771
5974.4780 0.5776
5975.8555 0.5783
5977.2305 0.5782
5978.6055 0.5787
5979.9839 0.5788
5981.3599 0.5782
5982.7388 0.5774
5984.1152 0.5760
5985.4951 0.5747
5986.8721 0.5750
5988.2495 0.5765
5989.6304 0.5771
5991.0083 0.5760
5992.3896 0.5756
5993.7681 0.5769
5995.1504 0.5771
5996.5298 0.5759
5997.9126 0.5749
5999.2920 0.5747
6000.6724 0.5728
6002.0562 0.5711
6003.4370 0.5709
6004.8213 0.5702
6006.2026 0.5685
6007.5874 0.5675
6008.9697 0.5680
6010.3521 0.5694
6011.7378 0.5703
6013.1211 0.5705
6014.5078 0.5701
6015.8911 0.5689
6017.2783 0.5683
6018.6626 0.5689
6020.0474 0.5684
6021.4355 0.5673
6022.8208 0.5665
6024.2095 0.5667
6025.5957 0.5681
6026.9849 0.5690
6028.3716 0.5691
6029.7583 0.5681
6031.1489 0.5660
6032.5361 0.5635
6033.9272 0.5620
6035.3154 0.5623
6036.7070 0.5631
6038.0957 0.5627
6039.4849 0.5616
6040.8774 0.5617
6042.2671 0.5628
6043.6606 0.5626
6045.0508 0.5634
6046.4448 0.5639
6047.8359 0.5630
6049.2271 0.5617
6050.6221 0.5621
6052.0142 0.5631
6053.4097 0.5636
6054.8022 0.5634
6056.1982 0.5626
6057.5918 0.5615
6058.9854 0.5610
6060.3823 0.5606
6061.7764 0.5602
6063.1743 0.5605
6064.5693 0.5610
6065.9678 0.5607
6067.3633 0.5598
6068.7588 0.5598
6070.1582 0.5598
6071.5547 0.5596
6072.9551 0.5593
6074.3521 0.5590
6075.7529 0.5589
6077.1504 0.5579
6078.5483 0.5584
6079.9502 0.5592
6081.3491 0.5589
6082.7515 0.5582
6084.1504 0.5585
6085.5537 0.5584
6086.9536 0.5583
6088.3540 0.5584
6089.7578 0.5593
6091.1587 0.5602
6092.5635 0.5578
6093.9648 0.5570
6095.3701 0.5574
6096.7725 0.5570
6098.1782 0.5560
6099.5811 0.5564
6100.9844 0.5571
6102.3911 0.5568
6103.7949 0.5557
6105.2026 0.5552
6106.6069 0.5558
6108.0151 0.5559
6109.4204 0.5551
6110.8257 0.5552
6112.2349 0.5558
6113.6411 0.5559
6115.0508 0.5552
6116.4575 0.5538
6117.8682 0.5511
6119.2754 0.5516
6120.6831 0.5525
6122.0947 0.5526
6123.5029 0.5523
6124.9150 0.5526
6126.3242 0.5537
6127.7368 0.5542
6129.1465 0.5530
6130.5566 0.5515
6131.9702 0.5504
6133.3809 0.5497
6134.7954 0.5499
6136.2065 0.5492
6137.6216 0.5492
6139.0337 0.5494
6140.4458 0.5495
6141.8618 0.5497
6143.2749 0.5496
6144.6914 0.5490
6146.1050 0.5484
6147.5220 0.5484
6148.9365 0.5485
6150.3511 0.5482
6151.7690 0.5484
6153.1846 0.5481
6154.6035 0.5468
6156.0190 0.5448
6157.4390 0.5428
6158.8555 0.5422
6160.2720 0.5436
6161.6929 0.5437
6163.1104 0.5420
6164.5312 0.5406
6165.9497 0.5402
6167.3711 0.5401
6168.7900 0.5399
6170.2095 0.5403
6171.6323 0.5402
6173.0518 0.5404
6174.4756 0.5421
6175.8960 0.5442
6177.3198 0.5436
6178.7412 0.5409
6180.1626 0.5399
6181.5874 0.5403
6183.0098 0.5408
6184.4355 0.5412
6185.8579 0.5403
6187.2847 0.5394
6188.7080 0.5399
6190.1318 0.5403
6191.5591 0.5400
6192.9834 0.5403
6194.4116 0.5417
6195.8364 0.5418
6197.2651 0.5381
6198.6909 0.5332
6200.1172 0.5314
6201.5469 0.5339
6202.9731 0.5361
6204.4038 0.5372
6205.8311 0.5377
6207.2622 0.5372
6208.6899 0.5361
6210.1216 0.5361
6211.5503 0.5375
6212.9795 0.5380
6214.4121 0.5377
6215.8418 0.5369
6217.2749 0.5361
6218.7056 0.5356
6220.1392 0.5349
6221.5703 0.5358
6223.0015 0.5361
6224.4365 0.5356
6225.8687 0.5352
6227.3042 0.5352
6228.7368 0.5350
6230.1729 0.5345
6231.6064 0.5336
6233.0400 0.5329
6234.4771 0.5329
6235.9116 0.5332
6237.3496 0.5328
6238.7842 0.5324
6240.2231 0.5318
6241.6587 0.5314
6243.0942 0.5318
6244.5342 0.5325
6245.9707 0.5326
6247.4111 0.5312
6248.8481 0.5303
6250.2891 0.5304
6251.7271 0.5310
6253.1650 0.5310
6254.6069 0.5303
6256.0459 0.5296
6257.4888 0.5294
6258.9282 0.5293
6260.3716 0.5290
6261.8115 0.5287
6263.2520 0.5283
6264.6963 0.5258
6266.1377 0.5240
6267.5825 0.5239
6269.0244 0.5246
6270.4702 0.5227
6271.9126 0.5139
6273.3555 0.5015
6274.8022 0.5000
6276.2456 0.5028
6277.6929 0.5009
6279.1372 0.4948
6280.5850 0.4904
6282.0298 0.4982
6283.4751 0.5074
6284.9238 0.5124
6286.3696 0.5145
6287.8193 0.5166
6289.2661 0.5179
6290.7163 0.5177
6292.1636 0.5181
6293.6108 0.5177
6295.0620 0.5171
6296.5103 0.5181
6297.9624 0.5169
6299.4111 0.5177
6300.8638 0.5169
6302.3135 0.5163
6303.7632 0.5167
6305.2168 0.5161
6306.6675 0.5157
6308.1216 0.5191
6309.5728 0.5194
6311.0278 0.5179
6312.4795 0.5168
6313.9316 0.5154
6315.3877 0.5151
6316.8403 0.5170
6318.2974 0.5181
6319.7510 0.5183
6321.2080 0.5186
6322.6621 0.5192
6324.1201 0.5192
6325.5752 0.5180
6327.0303 0.5173
6328.4893 0.5173
6329.9453 0.5173
6331.4048 0.5167
6332.8613 0.5165
6334.3218 0.5166
6335.7788 0.5163
6337.2363 0.5159
6338.6978 0.5159
6340.1558 0.5157
6341.6182 0.5141
6343.0767 0.5123
6344.5396 0.5128
6345.9990 0.5141
6347.4590 0.5142
6348.9229 0.5129
6350.3833 0.5128
6351.8477 0.5133
6353.3091 0.5128
6354.7739 0.5120
6356.2358 0.5115
6357.6982 0.5107
6359.1641 0.5101
6360.6270 0.5105
6362.0938 0.5106
6363.5576 0.5103
6365.0249 0.5102
6366.4893 0.5103
6367.9536 0.5108
6369.4224 0.5104
6370.8877 0.5097
6372.3564 0.5087
6373.8228 0.5074
6375.2925 0.5065
6376.7588 0.5073
6378.2261 0.5093
6379.6968 0.5096
6381.1646 0.5092
6382.6357 0.5092
6384.1040 0.5090
6385.5762 0.5079
6387.0454 0.5072
6388.5146 0.5069
6389.9878 0.5069
6391.4580 0.5063
6392.9316 0.5050
6394.4023 0.5051
6395.8770 0.5046
6397.3481 0.5051
6398.8198 0.5057
6400.2954 0.5054
6401.7681 0.5042
6403.2441 0.5031
6404.7173 0.5038
6406.1943 0.5037
6407.6680 0.5033
6409.1421 0.5030
6410.6196 0.5025
6412.0947 0.5018
6413.5732 0.5018
6415.0488 0.5018
6416.5278 0.5017
6418.0039 0.5017
6419.4805 0.5016
6420.9609 0.5012
6422.4380 0.5006
6423.9189 0.5002
6425.3970 0.4993
6426.8784 0.4981
6428.3569 0.4977
6429.8359 0.4972
6431.3184 0.4969
6432.7979 0.4957
6434.2812 0.4950
6435.7617 0.4956
6437.2456 0.4961
6438.7266 0.4948
6440.2114 0.4943
6441.6929 0.4938
6443.1748 0.4931
6444.6606 0.4928
6446.1431 0.4924
6447.6294 0.4915
6449.1128 0.4908
6450.6001 0.4895
6452.0840 0.4883
6453.5684 0.4882
6455.0566 0.4893
6456.5415 0.4893
6458.0303 0.4875
6459.5161 0.4875
6461.0054 0.4883
6462.4917 0.4882
6463.9785 0.4879
6465.4692 0.4890
6466.9565 0.4892
6468.4478 0.4876
6469.9360 0.4856
6471.4277 0.4841
6472.9165 0.4833
6474.4058 0.4834
6475.8984 0.4853
6477.3882 0.4855
6478.8818 0.4843
6480.3726 0.4839
6481.8667 0.4848
6483.3579 0.4847
6484.8496 0.4839
6486.3447 0.4832
6487.8369 0.4819
6489.3330 0.4798
6490.8262 0.4786
6492.3228 0.4792
6493.8164 0.4811
6495.3101 0.4822
6496.8081 0.4821
6498.3027 0.4815
6499.8013 0.4810
6501.2964 0.4802
6502.7954 0.4798
6504.2915 0.4791
6505.7876 0.4784
6507.2881 0.4782
6508.7852 0.4780
6510.2861 0.4756
6511.7837 0.4739
6513.2852 0.4742
6514.7837 0.4750
6516.2822 0.4751
6517.7852 0.4749
6519.2842 0.4749
6520.7876 0.4751
6522.2876 0.4746
6523.7920 0.4737
6525.2925 0.4728
6526.7939 0.4717
6528.2988 0.4699
6529.8008 0.4687
6531.3062 0.4689
6532.8091 0.4697
6534.3154 0.4700
6535.8184 0.4693
6537.3223 0.4679
6538.8296 0.4666
6540.3340 0.4666
6541.8423 0.4661
6543.3472 0.4646
6544.8560 0.4640
6546.3613 0.4633
6547.8677 0.4603
6549.3774 0.4573
6550.8843 0.4537
6552.3945 0.4477
6553.9019 0.4354
6555.4136 0.4085
6556.9214 0.3621
6558.4336 0.3642
6559.9424 0.3987
6561.4512 0.4274
6562.9644 0.4404
6564.4741 0.4481
6565.9878 0.4531
6567.4985 0.4561
6569.0127 0.4578
6570.5239 0.4592
6572.0356 0.4608
6573.5513 0.4618
6575.0635 0.4620
6576.5796 0.4628
6578.0923 0.4634
6579.6094 0.4632
6581.1230 0.4632
6582.6372 0.4636
6584.1548 0.4640
6585.6694 0.4638
6587.1885 0.4636
6588.7036 0.4635
6590.2231 0.4633
6591.7393 0.4632
6593.2554 0.4641
6594.7759 0.4648
6596.2930 0.4653
6597.8140 0.4651
6599.3320 0.4637
6600.8535 0.4626
6602.3721 0.4625
6603.8911 0.4629
6605.4141 0.4630
6606.9336 0.4622
6608.4570 0.4597
6609.9771 0.4568
6611.5015 0.4591
6613.0225 0.4612
6614.5439 0.4617
6616.0693 0.4617
6617.5913 0.4622
6619.1172 0.4624
6620.6396 0.4626
6622.1665 0.4625
6623.6899 0.4625
6625.2139 0.4624
6626.7417 0.4619
6628.2661 0.4615
6629.7944 0.4613
6631.3198 0.4615
6632.8486 0.4615
6634.3745 0.4612
6635.9009 0.4612
6637.4312 0.4614
6638.9580 0.4608
6640.4888 0.4605
6642.0166 0.4605
6643.5483 0.4609
6645.0767 0.4616
6646.6055 0.4613
6648.1382 0.4604
6649.6675 0.4603
6651.2007 0.4606
6652.7310 0.4610
6654.2651 0.4612
6655.7959 0.4602
6657.3271 0.4597
6658.8623 0.4592
6660.3940 0.4592
6661.9297 0.4600
6663.4624 0.4610
6664.9990 0.4602
6666.5322 0.4601
6668.0659 0.4599
6669.6035 0.4596
6671.1377 0.4595
6672.6763 0.4599
6674.2114 0.4607
6675.7505 0.4608
6677.2861 0.4603
6678.8257 0.4601
6680.3623 0.4601
6681.8989 0.4601
6683.4399 0.4604
6684.9775 0.4602
6686.5190 0.4600
6688.0571 0.4596
6689.5996 0.4587
6691.1382 0.4578
6692.6777 0.4574
6694.2212 0.4571
6695.7607 0.4576
6697.3052 0.4584
6698.8457 0.4589
6700.3906 0.4589
6701.9316 0.4580
6703.4736 0.4577
6705.0195 0.4582
6706.5620 0.4585
6708.1084 0.4581
6709.6519 0.4573
6711.1987 0.4571
6712.7427 0.4572
6714.2871 0.4570
6715.8354 0.4567
6717.3804 0.4556
6718.9292 0.4539
6720.4751 0.4543
6722.0249 0.4562
6723.5713 0.4564
6725.1177 0.4558
6726.6685 0.4556
6728.2163 0.4555
6729.7676 0.4553
6731.3159 0.4548
6732.8682 0.4540
6734.4170 0.4531
6735.9663 0.4526
6737.5195 0.4526
6739.0693 0.4524
6740.6235 0.4520
6742.1743 0.4516
6743.7290 0.4512
6745.2803 0.4510
6746.8320 0.4510
6748.3877 0.4509
6749.9404 0.4508
6751.4966 0.4500
6753.0498 0.4494
6754.6069 0.4494
6756.1611 0.4492
6757.7153 0.4492
6759.2734 0.4487
6760.8286 0.4485
6762.3877 0.4484
6763.9434 0.4480
6765.5029 0.4477
6767.0596 0.4475
6768.6162 0.4469
6770.1772 0.4465
6771.7344 0.4464
6773.2959 0.4462
6774.8540 0.4459
6776.4165 0.4457
6777.9756 0.4455
6779.5347 0.4451
6781.0981 0.4449
6782.6582 0.4450
6784.2222 0.4451
6785.7827 0.4450
6787.3477 0.4449
6788.9092 0.4447
6790.4707 0.4445
6792.0366 0.4443
6793.5991 0.4440
6795.1655 0.4438
6796.7290 0.4437
6798.2964 0.4435
6799.8604 0.4433
6801.4282 0.4430
6802.9927 0.4428
6804.5581 0.4424
6806.1270 0.4422
6807.6929 0.4418
6809.2627 0.4415
6810.8291 0.4413
6812.3994 0.4412
6813.9668 0.4409
6815.5342 0.4406
6817.1060 0.4404
6818.6743 0.4403
6820.2466 0.4398
6821.8154 0.4384
6823.3887 0.4369
6824.9585 0.4382
6826.5283 0.4391
6828.1025 0.4390
6829.6733 0.4389
6831.2485 0.4386
6832.8198 0.4383
6834.3955 0.4380
6835.9678 0.4378
6837.5405 0.4375
6839.1172 0.4373
6840.6904 0.4372
6842.2681 0.4372
6843.8418 0.4371
6845.4199 0.4369
6846.9946 0.4366
6848.5698 0.4362
6850.1494 0.4357
6851.7251 0.4352
6853.3052 0.4351
6854.8818 0.4350
6856.4624 0.4347
6858.0396 0.4346
6859.6177 0.4347
6861.1992 0.4346
6862.7778 0.4343
6864.3604 0.4337
6865.9395 0.4332
6867.5225 0.4333
6869.1025 0.4334
6870.6826 0.4333
6872.2671 0.4331
6873.8481 0.4328
6875.4331 0.4325
6877.0146 0.4322
6878.6006 0.4319
6880.1831 0.4318
6881.7656 0.4315
6883.3525 0.4313
6884.9360 0.4312
6886.5239 0.4310
6888.1079 0.4307
6889.6963 0.4305
6891.2812 0.4303
6892.8667 0.4300
6894.4561 0.4298
6896.0425 0.4295
6897.6323 0.4292
6899.2192 0.4286
6900.8105 0.4279
6902.3979 0.4279
6903.9858 0.4279
6905.5776 0.4277
6907.1665 0.4274
6908.7593 0.4272
6910.3486 0.4270
6911.9419 0.4268
6913.5322 0.4265
6915.1226 0.4259
6916.7173 0.4251
6918.3081 0.4252
6919.9038 0.4254
6921.4956 0.4249
6923.0918 0.4245
6924.6846 0.4245
6926.2812 0.4244
6927.8745 0.4243
6929.4683 0.4243
6931.0664 0.4241
6932.6606 0.4238
6934.2593 0.4236
6935.8545 0.4234
6937.4541 0.4234
6939.0498 0.4231
6940.6460 0.4229
6942.2466 0.4228
6943.8438 0.4228
6945.4448 0.4226
6947.0430 0.4223
6948.6445 0.4221
6950.2432 0.4220
6951.8423 0.4218
6953.4453 0.4217
6955.0449 0.4214
6956.6489 0.4207
6958.2490 0.4205
6959.8535 0.4203
6961.4546 0.4200
6963.0562 0.4199
6964.6621 0.4197
6966.2642 0.4190
6967.8706 0.4186
6969.4736 0.4188
6971.0806 0.4190
6972.6841 0.4186
6974.2886 0.4177
6975.8965 0.4176
6977.5015 0.4178
6979.1104 0.4180
6980.7158 0.4180
6982.3257 0.4178
6983.9321 0.4179
6985.5386 0.4174
6987.1494 0.4159
6988.7568 0.4153
6990.3687 0.4157
6991.9766 0.4159
6993.5889 0.4153
6995.1978 0.4147
6996.8071 0.4148
6998.4204 0.4153
7000.0303 0.4156
7001.6445 0.4156
7003.2554 0.4158
7004.8701 0.4149
7006.4819 0.4137
7008.0938 0.4138
7009.7095 0.4144
7011.3223 0.4143
7012.9390 0.4132
7014.5522 0.4128
7016.1699 0.4131
7017.7837 0.4129
7019.3984 0.4124
7021.0171 0.4119
7022.6323 0.4119
7024.2515 0.4111
7025.8677 0.4107
7027.4878 0.4108
7029.1045 0.4116
7030.7212 0.4125
7032.3428 0.4126
7033.9604 0.4110
7035.5825 0.4106
7037.2007 0.4111
7038.8237 0.4103
7040.4429 0.4083
7042.0664 0.4078
7043.6865 0.4090
7045.3066 0.4083
7046.9316 0.4087
7048.5527 0.4100
7050.1782 0.4107
7051.7998 0.4104
7053.4263 0.4079
7055.0488 0.4058
7056.6719 0.4052
7058.2988 0.4050
7059.9229 0.4037
7061.5508 0.4020
7063.1753 0.4030
7064.8037 0.4053
7066.4292 0.4056
7068.0547 0.4050
7069.6846 0.4049
7071.3110 0.4049
7072.9419 0.4045
7074.5688 0.4024
7076.2002 0.4025
7077.8281 0.4040
7079.4561 0.4048
7081.0889 0.4048
7082.7178 0.4042
7084.3511 0.4029
7085.9810 0.4022
7087.6147 0.4022
7089.2451 0.4028
7090.8760 0.4031
7092.5112 0.4023
7094.1431 0.4018
7095.7788 0.4016
7097.4111 0.4016
7099.0479 0.4015
7100.6812 0.4010
7102.3145 0.4001
7103.9521 0.4001
7105.5864 0.3991
7107.2251 0.3977
7108.8599 0.3972
7110.4995 0.3973
7112.1353 0.3973
7113.7715 0.3976
7115.4116 0.3980
7117.0483 0.3982
7118.6899 0.3985
7120.3271 0.3986
7121.9692 0.3983
7123.6079 0.3977
7125.2466 0.3972
7126.8896 0.3969
7128.5293 0.3969
7130.1729 0.3966
7131.8130 0.3964
7133.4580 0.3961
7135.0986 0.3960
7136.7402 0.3957
7138.3857 0.3953
7140.0283 0.3954
7141.6748 0.3947
7143.3174 0.3942
7144.9648 0.3945
7146.6084 0.3947
7148.2524 0.3943
7149.9009 0.3933
7151.5459 0.3921
7153.1948 0.3928
7154.8403 0.3932
7156.4902 0.3928
7158.1367 0.3922
7159.7832 0.3915
7161.4346 0.3917
7163.0820 0.3921
7164.7339 0.3922
7166.3818 0.3920
7168.0347 0.3918
7169.6836 0.3915
7171.3369 0.3912
7172.9863 0.3910
7174.6367 0.3905
7176.2910 0.3901
7177.9419 0.3901
7179.5972 0.3899
7181.2490 0.3888
7182.9048 0.3886
7184.5571 0.3887
7186.2100 0.3878
7187.8672 0.3866
7189.5210 0.3863
7191.1787 0.3864
7192.8330 0.3862
7194.4917 0.3857
7196.1465 0.3851
7197.8022 0.3847
7199.4619 0.3847
7201.1182 0.3840
7202.7788 0.3836
7204.4355 0.3838
7206.0972 0.3838
7207.7549 0.3833
7209.4131 0.3826
7211.0757 0.3827
7212.7344 0.3828
7214.3975 0.3824
7216.0571 0.3815
7217.7212 0.3804
7219.3818 0.3802
7221.0425 0.3811
7222.7075 0.3814
7224.3691 0.3814
7226.0352 0.3812
7227.6973 0.3810
7229.3643 0.3806
7231.0273 0.3803
7232.6909 0.3799
7234.3584 0.3789
7236.0229 0.3784
7237.6914 0.3787
7239.3564 0.3786
7241.0259 0.3787
7242.6919 0.3786
7244.3579 0.3781
7246.0283 0.3775
7247.6953 0.3768
7249.3667 0.3759
7251.0342 0.3766
7252.7065 0.3770
7254.3750 0.3767
7256.0439 0.3763
7257.7168 0.3759
7259.3867 0.3757
7261.0605 0.3756
7262.7310 0.3755
7264.4058 0.3753
7266.0771 0.3749
7267.7485 0.3745
7269.4243 0.3739
7271.0967 0.3736
7272.7734 0.3734
7274.4463 0.3732
7276.1240 0.3728
7277.7979 0.3725
7279.4722 0.3721
7281.1509 0.3716
7282.8257 0.3698
7284.5054 0.3696
7286.1812 0.3704
7287.8613 0.3708
7289.5376 0.3706
7291.2148 0.3703
7292.8960 0.3700
7294.5737 0.3695
7296.2559 0.3690
7297.9341 0.3687
7299.6172 0.3684
7301.2964 0.3669
7302.9800 0.3651
7304.6602 0.3644
7306.3408 0.3646
7308.0254 0.3650
7309.7065 0.3650
7311.3921 0.3648
7313.0742 0.3643
7314.7607 0.3634
7316.4434 0.3633
7318.1265 0.3638
7319.8140 0.3633
7321.4980 0.3630
7323.1860 0.3630
7324.8711 0.3627
7326.5601 0.3625
7328.2456 0.3625
7329.9312 0.3623
7331.6216 0.3622
7333.3081 0.3620
7334.9995 0.3618
7336.6865 0.3616
7338.3784 0.3615
7340.0669 0.3613
7341.7554 0.3610
7343.4482 0.3608
7345.1377 0.3606
7346.8315 0.3602
7348.5215 0.3598
7350.2163 0.3595
7351.9067 0.3597
7353.5981 0.3596
7355.2939 0.3594
7356.9858 0.3591
7358.6826 0.3590
7360.3755 0.3590
7362.0728 0.3588
7363.7661 0.3585
7365.4604 0.3583
7367.1587 0.3582
7368.8535 0.3580
7370.5527 0.3579
7372.2485 0.3577
7373.9487 0.3575
7375.6450 0.3575
7377.3418 0.3577
7379.0430 0.3577
7380.7402 0.3568
7382.4424 0.3559
7384.1406 0.3559
7385.8433 0.3559
7387.5425 0.3555
7389.2422 0.3553
7390.9458 0.3557
7392.6465 0.3551
7394.3511 0.3547
7396.0522 0.3539
7397.7573 0.3531
7399.4595 0.3524
7401.1616 0.3518
7402.8682 0.3517
7404.5713 0.3519
7406.2788 0.3513
7407.9824 0.3508
7409.6909 0.3507
7411.3955 0.3504
7413.1006 0.3513
7414.8101 0.3510
7416.5156 0.3500
7418.2261 0.3496
7419.9326 0.3495
7421.6436 0.3489
7423.3506 0.3483
7425.0586 0.3479
7426.7705 0.3477
7428.4795 0.3483
7430.1924 0.3494
7431.9014 0.3498
7433.6152 0.3495
7435.3257 0.3496
7437.0400 0.3498
7438.7510 0.3498
7440.4624 0.3494
7442.1777 0.3489
7443.8901 0.3489
7445.6064 0.3488
7447.3193 0.3485
7449.0366 0.3484
7450.7505 0.3485
7452.4644 0.3477
7454.1831 0.3463
7455.8979 0.3465
7457.6172 0.3470
7459.3325 0.3468
7461.0527 0.3462
7462.7690 0.3463
7464.4858 0.3460
7466.2070 0.3453
7467.9248 0.3451
7469.6470 0.3451
7471.3652 0.3447
7473.0884 0.3443
7474.8076 0.3441
7476.5269 0.3440
7478.2510 0.3443
7479.9712 0.3448
7481.6963 0.3448
7483.4175 0.3444
7485.1431 0.3439
7486.8652 0.3433
7488.5874 0.3428
7490.3145 0.3426
7492.0371 0.3426
7493.7651 0.3425
7495.4888 0.3423
7497.2173 0.3417
7498.9419 0.3413
7500.6670 0.3409
7502.3970 0.3405
7504.1226 0.3397
7505.8530 0.3384
7507.5801 0.3389
7509.3110 0.3393
7511.0386 0.3394
7512.7666 0.3396
7514.4990 0.3393
7516.2275 0.3383
7517.9609 0.3382
7519.6904 0.3388
7521.4243 0.3391
7523.1548 0.3385
7524.8853 0.3378
7526.6206 0.3372
7528.3521 0.3370
7530.0884 0.3371
7531.8203 0.3371
7533.5571 0.3370
7535.2905 0.3367
7537.0239 0.3363
7538.7617 0.3361
7540.4961 0.3359
7542.2349 0.3357
7543.9702 0.3356
7545.7095 0.3353
7547.4453 0.3352
7549.1816 0.3349
7550.9229 0.3347
7552.6597 0.3346
7554.4014 0.3343
7556.1392 0.3338
7557.8818 0.3330
7559.6201 0.3325
7561.3594 0.3322
7563.1030 0.3319
7564.8428 0.3315
7566.5874 0.3313
7568.3281 0.3308
7570.0732 0.3304
7571.8149 0.3303
7573.5610 0.3301
7575.3032 0.3298
7577.0459 0.3296
7578.7930 0.3292
7580.5366 0.3289
7582.2847 0.3287
7584.0288 0.3286
7585.7778 0.3284
7587.5229 0.3282
7589.2686 0.3280
7591.0186 0.3278
7592.7646 0.3276
7594.5156 0.3273
7596.2627 0.3270
7598.0142 0.3267
7599.7622 0.3265
7601.5107 0.3263
7603.2637 0.3260
7605.0127 0.3258
7606.7661 0.3256
7608.5161 0.3255
7610.2710 0.3252
7612.0215 0.3249
7613.7725 0.3246
7615.5283 0.3244
7617.2803 0.3243
7619.0366 0.3243
7620.7896 0.3241
7622.5469 0.3238
7624.3003 0.3235
7626.0542 0.3233
7627.8130 0.3229
7629.5679 0.3226
7631.3271 0.3225
7633.0825 0.3222
7634.8428 0.3219
7636.5991 0.3218
7638.3560 0.3216
7640.1172 0.3213
7641.8750 0.3210
7643.6372 0.3208
7645.3955 0.3206
7647.1587 0.3201
7648.9180 0.3195
7650.6772 0.3187
7652.4419 0.3182
7654.2021 0.3180
7655.9673 0.3176
7657.7285 0.3173
7659.4941 0.3174
7661.2563 0.3179
7663.0186 0.3180
7664.7856 0.3178
7666.5493 0.3175
7668.3169 0.3172
7670.0811 0.3169
7671.8496 0.3167
7673.6147 0.3161
7675.3799 0.3159
7677.1499 0.3158
7678.9160 0.3153
7680.6870 0.3148
7682.4536 0.3149
7684.2251 0.3144
7685.9932 0.3141
7687.7612 0.3141
7689.5342 0.3140
7691.3027 0.3135
7693.0767 0.3130
7694.8462 0.3130
7696.6206 0.3129
7698.3911 0.3126
7700.1621 0.3122
7701.9380 0.3120
7703.7100 0.3112
7705.4863 0.3082
7707.2588 0.3089
7709.0361 0.3103
7710.8096 0.3106
7712.5879 0.3101
7714.3618 0.3097
7716.1367 0.3091
7717.9160 0.3088
7719.6914 0.3087
7721.4717 0.3085
7723.2480 0.3083
7725.0288 0.3080
7726.8062 0.3079
7728.5835 0.3078
7730.3657 0.3075
7732.1440 0.3074
7733.9272 0.3071
7735.7065 0.3064
7737.4902 0.3059
7739.2700 0.3060
7741.0508 0.3057
7742.8354 0.3053
7744.6167 0.3054
7746.4028 0.3057
7748.1851 0.3058
7749.9717 0.3057
7751.7544 0.3053
7753.5376 0.3048
7755.3257 0.3045
7757.1099 0.3040
7758.8984 0.3034
7760.6836 0.3030
7762.4731 0.3028
7764.2588 0.3010
7766.0449 0.2973
7767.8359 0.2950
7769.6226 0.2962
7771.4146 0.3000
7773.2021 0.3012
7774.9946 0.3009
7776.7832 0.3014
7778.5723 0.3012
7780.3662 0.3004
7782.1558 0.3000
7783.9507 0.2999
7785.7412 0.3000
7787.5366 0.2998
7789.3281 0.2990
7791.1201 0.3000
7792.9165 0.3008
7794.7095 0.3004
7796.5068 0.2997
7798.3003 0.2990
7800.0986 0.2981
7801.8931 0.2983
7803.6880 0.2985
7805.4873 0.2986
7807.2832 0.2986
7809.0835 0.2981
7810.8799 0.2975
7812.6812 0.2977
7814.4785 0.2985
7816.2759 0.2986
7818.0786 0.2982
7819.8770 0.2979
7821.6802 0.2972
7823.4795 0.2938
7825.2837 0.2931
7827.0840 0.2941
7828.8843 0.2947
7830.6899 0.2944
7832.4912 0.2949
7834.2974 0.2936
7836.0996 0.2933
7837.9067 0.2930
7839.7100 0.2929
7841.5132 0.2933
7843.3213 0.2932
7845.1260 0.2929
7846.9351 0.2924
7848.7402 0.2919
7850.5498 0.2918
7852.3560 0.2918
7854.1665 0.2909
7855.9736 0.2903
7857.7808 0.2899
7859.5928 0.2888
7861.4009 0.2883
7863.2139 0.2890
7865.0225 0.2893
7866.8364 0.2892
7868.6460 0.2897
7870.4561 0.2877
7872.2710 0.2865
7874.0820 0.2876
7875.8979 0.2868
7877.7100 0.2858
7879.5264 0.2872
7881.3389 0.2860
7883.1519 0.2847
7884.9697 0.2853
7886.7837 0.2840
7888.6025 0.2823
7890.4175 0.2792
7892.2368 0.2801
7894.0522 0.2832
7895.8687 0.2830
7897.6890 0.2793
7899.5059 0.2819
7901.3276 0.2843
7903.1455 0.2812
7904.9678 0.2779
7906.7861 0.2793
7908.6055 0.2817
7910.4292 0.2814
7912.2485 0.2790
7914.0732 0.2782
7915.8940 0.2775
7917.7192 0.2764
7919.5405 0.2778
7921.3628 0.2788
7923.1895 0.2770
7925.0122 0.2762
7926.8394 0.2771
7928.6631 0.2786
7930.4912 0.2797
7932.3159 0.2795
7934.1406 0.2788
7935.9702 0.2771
7937.7959 0.2758
7939.6265 0.2761
7941.4526 0.2770
7943.2842 0.2769
7945.1113 0.2761
7946.9390 0.2754
7948.7720 0.2756
7950.6006 0.2763
7952.4336 0.2754
7954.2632 0.2736
7956.0977 0.2706
7957.9277 0.2690
7959.7583 0.2705
7961.5938 0.2732
7963.4253 0.2739
7965.2617 0.2742
7967.0942 0.2722
7968.9316 0.2709
7970.7646 0.2710
7972.5981 0.2715
7974.4370 0.2722
7976.2715 0.2727
7978.1108 0.2719
7979.9458 0.2705
7981.7861 0.2702
7983.6226 0.2712
7985.4590 0.2718
7987.3003 0.2708
7989.1377 0.2713
7990.9800 0.2712
7992.8184 0.2690
7994.6616 0.2659
7996.5005 0.2652
7998.3447 0.2676
8000.1846 0.2688
8002.0249 0.2658
8003.8706 0.2646
8005.7114 0.2675
8007.5576 0.2675
8009.3999 0.2655
8011.2471 0.2666
8013.0898 0.2666
8014.9331 0.2655
8016.7812 0.2645
8018.6255 0.2624
8020.4746 0.2620
8022.3198 0.2619
8024.1699 0.2624
8026.0156 0.2635
8027.8623 0.2641
8029.7134 0.2628
8031.5605 0.2621
8033.4126 0.2630
8035.2607 0.2640
8037.1138 0.2632
8038.9624 0.2608
8040.8120 0.2596
8042.6660 0.2608
8044.5161 0.2615
8046.3711 0.2617
8048.2222 0.2618
8050.0781 0.2619
8051.9302 0.2621
8053.7827 0.2619
8055.6396 0.2607
8057.4927 0.2598
8059.3511 0.2598
8061.2051 0.2598
8063.0640 0.2587
8064.9189 0.2576
8066.7739 0.2582
8068.6343 0.2586
8070.4902 0.2582
8072.3516 0.2578
8074.2085 0.2573
8076.0703 0.2570
8077.9282 0.2565
8079.7866 0.2555
8081.6499 0.2549
8083.5088 0.2549
8085.3730 0.2546
8087.2329 0.2540
8089.0981 0.2537
8090.9590 0.2533
8092.8203 0.2528
8094.6865 0.2525
8096.5483 0.2523
8098.4155 0.2520
8100.2788 0.2517
8102.1465 0.2514
8104.0103 0.2511
8105.8745 0.2507
8107.7441 0.2503
8109.6089 0.2498
8111.4790 0.2497
8113.3452 0.2494
8115.2163 0.2491
8117.0830 0.2488
8118.9502 0.2486
8120.8228 0.2483
8122.6909 0.2480
8124.5640 0.2477
8126.4326 0.2473
8128.3066 0.2470
8130.1768 0.2468
8132.0513 0.2465
8133.9224 0.2462
8135.7935 0.2458
8137.6694 0.2455
8139.5415 0.2452
8141.4185 0.2449
8143.2915 0.2446
8145.1694 0.2443
8147.0430 0.2440
8148.9175 0.2436
8150.7964 0.2432
8152.6714 0.2429
8154.5513 0.2426
8156.4272 0.2423
8158.3081 0.2420
8160.1851 0.2416
8162.0625 0.2414
8163.9443 0.2412
8165.8228 0.2409
8167.7056 0.2406
8169.5845 0.2404
8171.4683 0.2401
8173.3481 0.2398
8175.2285 0.2390
8177.1138 0.2368
8178.9951 0.2367
8180.8809 0.2369
8182.7632 0.2371
8184.6499 0.2378
8186.5327 0.2374
8188.4160 0.2351
8190.3042 0.2358
8192.1885 0.2365
8194.0771 0.2346
8195.9629 0.2326
8197.8525 0.2347
8199.7383 0.2357
8201.6250 0.2354
8203.5156 0.2347
8205.4033 0.2339
8207.2959 0.2326
8209.1836 0.2308
8211.0762 0.2313
8212.9658 0.2320
8214.8545 0.2308
8216.7490 0.2301
8218.6396 0.2314
8220.5342 0.2321
8222.4258 0.2306
8224.3223 0.2302
8226.2139 0.2294
8228.1064 0.2282
8230.0039 0.2283
8231.8965 0.2301
8233.7949 0.2296
8235.6895 0.2283
8237.5889 0.2283
8239.4834 0.2283
8241.3789 0.2263
8243.2793 0.2240
8245.1758 0.2266
8247.0771 0.2262
8248.9746 0.2256
8250.8770 0.2258
8252.7744 0.2258
8254.6729 0.2256
8256.5771 0.2254
8258.4766 0.2249
8260.3809 0.2247
8262.2812 0.2246
8264.1865 0.2241
8266.0869 0.2237
8267.9893 0.2231
8269.8955 0.2228
8271.7979 0.2226
8273.7051 0.2224
8275.6084 0.2223
8277.5166 0.2222
8279.4209 0.2218
8281.3301 0.2212
8283.2354 0.2213
8285.1416 0.2218
8287.0518 0.2214
8288.9580 0.2198
8290.8691 0.2195
8292.7773 0.2198
8294.6895 0.2190
8296.5977 0.2187
8298.5059 0.2188
8300.4199 0.2174
8302.3291 0.2186
8304.2432 0.2182
8306.1543 0.2167
8308.0693 0.2164
8309.9805 0.2169
8311.8926 0.2157
8313.8086 0.2162
8315.7217 0.2156
8317.6396 0.2152
8319.5527 0.2159
8321.4707 0.2167
8323.3857 0.2165
8325.2998 0.2162
8327.2197 0.2152
8329.1357 0.2146
8331.0566 0.2147
8332.9727 0.2147
8334.8945 0.2143
8336.8115 0.2137
8338.7295 0.2125
8340.6523 0.2129
8342.5713 0.2139
8344.4951 0.2140
8346.4150 0.2142
8348.3398 0.2134
8350.2598 0.2130
8352.1807 0.2117
8354.1074 0.2110
8356.0293 0.2120
8357.9561 0.2125
8359.8789 0.2123
8361.8066 0.2119
8363.7295 0.2107
8365.6543 0.2097
8367.5830 0.2097
8369.5078 0.2097
8371.4375 0.2100
8373.3643 0.2103
8375.2949 0.2102
8377.2217 0.2097
8379.1484 0.2091
8381.0811 0.2085
8383.0088 0.2077
8384.9424 0.2059
8386.8711 0.2052
8388.8047 0.2048
8390.7344 0.2045
8392.6650 0.2057
8394.6006 0.2057
8396.5312 0.2071
8398.4678 0.2061
8400.3994 0.2038
8402.3369 0.2017
8404.2695 0.1988
8406.2031 0.2005
8408.1416 0.2028
8410.0762 0.2031
8412.0156 0.2027
8413.9502 0.2037
8415.8906 0.2057
8417.8271 0.2076
8419.7637 0.2064
8421.7051 0.2050
8423.6426 0.2033
8425.5850 0.2011
8427.5234 0.2011
8429.4668 0.2002
8431.4053 0.1956
8433.3496 0.1959
8435.2900 0.1989
8437.2305 0.1992
8439.1758 0.1991
8441.1172 0.2003
8443.0645 0.2016
8445.0059 0.2019
8446.9541 0.2016
8448.8965 0.2018
8450.8408 0.2023
8452.7891 0.2009
8454.7344 0.1979
8456.6836 0.1965
8458.6289 0.1949
8460.5791 0.1922
8462.5254 0.1929
8464.4727 0.1976
8466.4248 0.1996
8468.3721 0.1997
8470.3252 0.1971
8472.2734 0.1943
8474.2275 0.1974
8476.1768 0.1988
8478.1270 0.1993
8480.0820 0.1979
8482.0322 0.1962
8483.9883 0.1957
8485.9404 0.1959
8487.8975 0.1971
8489.8496 0.1881
8491.8027 0.1786
8493.7607 0.1792
8495.7148 0.1857
8497.6738 0.1846
8499.6289 0.1891
8501.5889 0.1900
8503.5449 0.1909
8505.5010 0.1913
8507.4619 0.1900
8509.4199 0.1910
8511.3818 0.1934
8513.3398 0.1925
8515.3027 0.1921
8517.2617 0.1928
8519.2217 0.1930
8521.1855 0.1932
8523.1465 0.1922
8525.1113 0.1910
8527.0723 0.1907
8529.0391 0.1890
8531.0010 0.1869
8532.9639 0.1854
8534.9316 0.1635
8536.8945 0.1598
8538.8633 0.1699
8540.8281 0.1786
8542.7969 0.1818
8544.7627 0.1857
8546.7285 0.1859
8548.6992 0.1858
8550.6660 0.1853
8552.6377 0.1846
8554.6045 0.1847
8556.5771 0.1860
8558.5459 0.1872
8560.5146 0.1866
8562.4893 0.1862
8564.4590 0.1855
8566.4336 0.1838
8568.4043 0.1836
8570.3799 0.1849
8572.3516 0.1850
8574.3242 0.1838
8576.3008 0.1831
8578.2744 0.1831
8580.2520 0.1826
8582.2256 0.1829
8584.2051 0.1809
8586.1797 0.1791
8588.1602 0.1773
8590.1357 0.1727
8592.1113 0.1665
8594.0928 0.1698
8596.0703 0.1752
8598.0527 0.1778
8600.0303 0.1782
8602.0137 0.1786
8603.9922 0.1794
8605.9717 0.1790
8607.9561 0.1787
8609.9365 0.1786
8611.9219 0.1778
8613.9033 0.1762
8615.8896 0.1753
8617.8711 0.1760
8619.8535 0.1764
8621.8418 0.1767
8623.8252 0.1773
8625.8135 0.1782
8627.7979 0.1779
8629.7881 0.1761
8631.7725 0.1755
8633.7588 0.1758
8635.7500 0.1759
8637.7363 0.1755
8639.7285 0.1753
8641.7158 0.1737
8643.7080 0.1727
8645.6973 0.1719
8647.6855 0.1715
8649.6797 0.1719
8651.6699 0.1709
8653.6650 0.1627
8655.6553 0.1460
8657.6514 0.1444
8659.6436 0.1548
8661.6357 0.1626
8663.6328 0.1677
8665.6260 0.1696
8667.6240 0.1700
8669.6182 0.1708
8671.6172 0.1715
8673.6123 0.1715
8675.6074 0.1718
8677.6084 0.1721
8679.6045 0.1718
8681.6055 0.1710
8683.6025 0.1711
8685.6055 0.1718
8687.6035 0.1706
8689.6025 0.1695
8691.6055 0.1696
8693.6055 0.1697
8695.6104 0.1696
8697.6104 0.1689
8699.6162 0.1675
8701.6172 0.1687
8703.6191 0.1687
8705.6260 0.1683
8707.6289 0.1687
8709.6367 0.1692
8711.6406 0.1679
8713.6494 0.1665
8715.6543 0.1665
8717.6592 0.1663
8719.6699 0.1656
8721.6758 0.1654
8723.6865 0.1658
8725.6934 0.1650
8727.7061 0.1645
8729.7129 0.1638
8731.7217 0.1629
8733.7354 0.1622
8735.7441 0.1617
8737.7588 0.1603
8739.7686 0.1599
8741.7842 0.1531
8743.7949 0.1450
8745.8115 0.1466
8747.8232 0.1565
8749.8359 0.1578
8751.8535 0.1594
8753.8672 0.1604
8755.8857 0.1602
8757.9004 0.1603
8759.9199 0.1610
8761.9346 0.1605
8763.9502 0.1602
8765.9717 0.1601
8767.9883 0.1602
8770.0098 0.1605
8772.0273 0.1601
8774.0498 0.1603
8776.0684 0.1604
8778.0879 0.1598
8780.1113 0.1591
8782.1318 0.1591
8784.1562 0.1593
8786.1777 0.1597
8788.2031 0.1601
8790.2256 0.1598
8792.2471 0.1588
8794.2754 0.1579
8796.2979 0.1579
8798.3262 0.1559
8800.3506 0.1542
8802.3799 0.1548
8804.4053 0.1558
8806.4307 0.1555
8808.4609 0.1559
8810.4873 0.1564
8812.5195 0.1562
8814.5459 0.1549
8816.5791 0.1543
8818.6074 0.1550
8820.6357 0.1555
8822.6699 0.1556
8824.6992 0.1548
8826.7344 0.1544
8828.7646 0.1537
8830.8008 0.1522
8832.8330 0.1517
8834.8643 0.1515
8836.9014 0.1509
8838.9346 0.1503
8840.9727 0.1487
8843.0068 0.1459
8845.0459 0.1437
8847.0811 0.1407
8849.1162 0.1369
8851.1562 0.1323
8853.1924 0.1250
8855.2344 0.1162
8857.2715 0.1134
8859.3145 0.1219
8861.3516 0.1279
8863.3906 0.1316
8865.4346 0.1344
8867.4736 0.1368
8869.5186 0.1398
8871.5596 0.1414
8873.6045 0.1422
8875.6465 0.1435
8877.6885 0.1451
8879.7354 0.1467
8881.7783 0.1478
8883.8262 0.1485
8885.8701 0.1491
8887.9189 0.1498
8889.9639 0.1506
8892.0088 0.1512
8894.0596 0.1517
8896.1055 0.1522
8898.1562 0.1522
8900.2041 0.1525
8902.2559 0.1518
8904.3037 0.1488
8906.3574 0.1463
8908.4062 0.1513
8910.4561 0.1520
8912.5107 0.1515
8914.5605 0.1516
8916.6162 0.1511
8918.6680 0.1487
8920.7246 0.1435
8922.7764 0.1473
8924.8291 0.1504
8926.8867 0.1501
8928.9404 0.1498
8931.0000 0.1495
8933.0547 0.1492
8935.1143 0.1488
8937.1699 0.1483
8939.2256 0.1477
8941.2871 0.1474
8943.3438 0.1472
8945.4062 0.1469
8947.4639 0.1465
8949.5273 0.1460
8951.5859 0.1456
8953.6455 0.1451
8955.7100 0.1446
8957.7705 0.1435
8959.8359 0.1428
8961.8975 0.1425
8963.9639 0.1420
8966.0264 0.1413
8968.0889 0.1405
8970.1572 0.1391
8972.2207 0.1383
8974.2891 0.1376
8976.3535 0.1367
8978.4238 0.1354
8980.4893 0.1340
8982.5557 0.1322
8984.6270 0.1304
8986.6934 0.1284
8988.7656 0.1261
8990.8340 0.1233
8992.9072 0.1200
8994.9756 0.1167
8997.0449 0.1127
8999.1201 0.1080
9001.1904 0.1023
9003.2656 0.0955
9005.3369 0.0874
9007.4131 0.0776
9009.4854 0.0786
9011.5586 0.0863
9013.6357 0.0943
9015.7100 0.1001
9017.7891 0.1050
9019.8633 0.1089
9021.9434 0.1121
9024.0186 0.1150
9026.0947 0.1174
9028.1758 0.1192
9030.2529 0.1207
9032.3350 0.1223
9034.4131 0.1236
9036.4971 0.1244
9038.5752 0.1247
9040.6543 0.1252
9042.7393 0.1257
9044.8193 0.1262
9046.9053 0.1268
9048.9863 0.1272
9051.0732 0.1267
9053.1553 0.1221
9055.2383 0.1132
9057.3262 0.1211
9059.4102 0.1264
9061.4990 0.1271
9063.5840 0.1265
9065.6738 0.1263
9067.7588 0.1262
9069.8506 0.1216
9071.9365 0.1200
9074.0234 0.1229
9076.1162 0.1259
9078.2041 0.1249
9080.2979 0.1214
9082.3867 0.1178
9084.4805 0.1227
9086.5703 0.1190
9088.6611 0.1145
9090.7568 0.1208
9092.8486 0.1232
9094.9453 0.1224
9097.0371 0.1222
9099.1348 0.1222
9101.2285 0.1216
9103.3223 0.1187
9105.4209 0.1135
9107.5156 0.1186
9109.6162 0.1202
9111.7119 0.1199
9113.8125 0.1194
9115.9092 0.1182
9118.0068 0.1181
9120.1094 0.1181
9122.2070 0.1182
9124.3105 0.1173
9126.4102 0.1167
9128.5146 0.1171
9130.6143 0.1169
9132.7148 0.1165
9134.8213 0.1161
9136.9219 0.1157
9139.0293 0.1153
9141.1318 0.1148
9143.2393 0.1145
9145.3428 0.1141
9147.4473 0.1135
9149.5566 0.1130
9151.6611 0.1127
9153.7715 0.1124
9155.8770 0.1119
9157.9883 0.1114
9160.0957 0.1110
9162.2031 0.1105
9164.3154 0.1099
9166.4238 0.1091
9168.5371 0.1075
9170.6465 0.1063
9172.7617 0.1064
9174.8711 0.1060
9176.9824 0.1052
9179.0986 0.1048
9181.2100 0.1035
9183.3271 0.1038
9185.4395 0.1031
9187.5576 0.1020
9189.6719 0.1008
9191.7852 0.0995
9193.9053 0.0983
9196.0205 0.0954
9198.1406 0.0936
9200.2568 0.0924
9202.3789 0.0904
9204.4951 0.0865
9206.6133 0.0819
9208.7363 0.0806
9210.8545 0.0750
9212.9785 0.0712
9215.0977 0.0682
9217.2227 0.0618
9219.3428 0.0541
9221.4639 0.0447
9223.5908 0.0464
9225.7129 0.0541
9227.8398 0.0611
9229.9629 0.0655
9232.0908 0.0696
9234.2148 0.0746
9236.3447 0.0747
9238.4688 0.0771
9240.5947 0.0817
9242.7256 0.0840
9244.8516 0.0851
9246.9834 0.0856
9249.1104 0.0868
9251.2432 0.0870
9253.3721 0.0838
9255.5010 0.0795
9257.6348 0.0822
9259.7646 0.0840
9261.8994 0.0889
9264.0303 0.0909
9266.1670 0.0905
9268.2988 0.0909
9270.4307 0.0908
9272.5684 0.0907
9274.7012 0.0906
9276.8398 0.0904
9278.9746 0.0903
9281.1143 0.0901
9283.2490 0.0898
9285.3848 0.0896
9287.5264 0.0892
9289.6621 0.0888
9291.8047 0.0886
9293.9424 0.0886
9296.0850 0.0880
9298.2236 0.0878
9300.3633 0.0877
9302.5078 0.0874
9304.6475 0.0871
9306.7930 0.0868
9308.9346 0.0865
9311.0811 0.0859
9313.2227 0.0855
9315.3652 0.0853
9317.5137 0.0849
9319.6572 0.0843
9321.8057 0.0841
9323.9502 0.0842
9326.1006 0.0839
9328.2461 0.0835
9330.3916 0.0831
9332.5439 0.0827
9334.6904 0.0822
9336.8428 0.0820
9338.9912 0.0817
9341.1445 0.0814
9343.2939 0.0810
9345.4434 0.0806
9347.5977 0.0803
9349.7480 0.0800
9351.9043 0.0796
9354.0557 0.0793
9356.2129 0.0789
9358.3652 0.0786
9360.5186 0.0782
9362.6768 0.0779
9364.8301 0.0775
9366.9902 0.0770
9369.1445 0.0767
9371.3057 0.0763
9373.4609 0.0758
9375.6172 0.0759
9377.7793 0.0741
9379.9365 0.0728
9382.0996 0.0732
9384.2578 0.0729
9386.4219 0.0704
9388.5820 0.0728
9390.7461 0.0730
9392.9072 0.0726
9395.0674 0.0718
9397.2344 0.0682
9399.3965 0.0628
9401.5635 0.0695
9403.7266 0.0695
9405.8945 0.0656
9408.0586 0.0652
9410.2227 0.0686
9412.3926 0.0688
9414.5586 0.0675
9416.7295 0.0679
9418.8955 0.0679
9421.0674 0.0670
9423.2344 0.0665
9425.4023 0.0666
9427.5762 0.0661
9429.7451 0.0646
9431.9189 0.0645
9434.0889 0.0651
9436.2646 0.0647
9438.4355 0.0640
9440.6064 0.0639
9442.7832 0.0637
9444.9561 0.0634
9447.1338 0.0629
9449.3076 0.0625
9451.4863 0.0620
9453.6602 0.0611
9455.8350 0.0609
9458.0156 0.0607
9460.1914 0.0603
9462.3730 0.0600
9464.5498 0.0596
9466.7324 0.0592
9468.9102 0.0587
9471.0889 0.0583
9473.2725 0.0576
9475.4521 0.0567
9477.6367 0.0563
9479.8174 0.0562
9482.0029 0.0558
9484.1846 0.0551
9486.3662 0.0545
9488.5537 0.0538
9490.7363 0.0531
9492.9258 0.0525
9495.1094 0.0519
9497.2988 0.0511
9499.4834 0.0502
9501.6689 0.0494
9503.8604 0.0485
9506.0459 0.0475
9508.2383 0.0464
9510.4258 0.0451
9512.6191 0.0436
9514.8076 0.0420
9516.9961 0.0401
9519.1904 0.0380
9521.3809 0.0356
9523.5762 0.0329
9525.7666 0.0297
9527.9639 0.0261
9530.1553 0.0220
9532.3477 0.0169
9534.5459 0.0111
9536.7393 0.0024
9538.9385 -0.0033
9541.1328 0.0004
9543.3330 0.0087
9545.5283 0.0140
9547.7246 0.0184
9549.9268 0.0219
9552.1230 0.0248
9554.3262 0.0272
9556.5234 0.0292
9558.7275 0.0308
9560.9268 0.0322
9563.1309 0.0331
9565.3311 0.0340
9567.5322 0.0348
9569.7383 0.0355
9571.9395 0.0359
9574.1465 0.0362
9576.3496 0.0364
9578.5576 0.0366
9580.7607 0.0367
9582.9648 0.0366
9585.1748 0.0364
9587.3799 0.0364
9589.5908 0.0363
9591.7969 0.0360
9594.0088 0.0346
9596.2158 0.0317
9598.4238 0.0343
9600.6367 0.0352
9602.8457 0.0351
9605.0596 0.0349
9607.2695 0.0345
9609.4854 0.0347
9611.6953 0.0311
9613.9062 0.0290
9616.1240 0.0310
9618.3359 0.0332
9620.5537 0.0323
9622.7666 0.0312
9624.9863 0.0276
9627.2002 0.0293
9629.4150 0.0312
9631.6357 0.0310
9633.8516 0.0308
9636.0723 0.0303
9638.2891 0.0302
9640.5117 0.0289
9642.7295 0.0278
9644.9482 0.0282
9647.1719 0.0285
9649.3916 0.0256
9651.6172 0.0221
9653.8369 0.0254
9656.0635 0.0273
9658.2842 0.0264
9660.5068 0.0265
9662.7344 0.0258
9664.9570 0.0249
9667.1855 0.0248
9669.4102 0.0246
9671.6396 0.0236
9673.8643 0.0227
9676.0898 0.0232
9678.3213 0.0231
9680.5479 0.0227
9682.7803 0.0219
9685.0078 0.0211
9687.2412 0.0212
9689.4697 0.0212
9691.6982 0.0209
9693.9336 0.0207
9696.1631 0.0203
9698.3994 0.0199
9700.6299 0.0196
9702.8672 0.0192
9705.0996 0.0188
9707.3320 0.0184
9709.5703 0.0180
9711.8047 0.0177
9714.0439 0.0172
9716.2783 0.0166
9718.5186 0.0163
9720.7549 0.0160
9722.9912 0.0157
9725.2334 0.0153
9727.4707 0.0148
9729.7139 0.0137
9731.9521 0.0130
9734.1963 0.0131
9736.4355 0.0132
9738.6807 0.0129
9740.9209 0.0124
9743.1621 0.0122
9745.4082 0.0118
9747.6504 0.0115
9749.8984 0.0111
9752.1416 0.0107
9754.3896 0.0102
9756.6338 0.0097
9758.8789 0.0094
9761.1289 0.0091
9763.3740 0.0087
9765.6260 0.0083
9767.8721 0.0079
9770.1250 0.0075
9772.3721 0.0071
9774.6201 0.0068
9776.8750 0.0063
9779.1240 0.0058
9781.3789 0.0053
9783.6289 0.0049
9785.8848 0.0047
9788.1367 0.0043
9790.3877 0.0038
9792.6455 0.0034
9794.8984 0.0031
9797.1572 0.0028
9799.4111 0.0024
9801.6709 0.0018
9803.9258 0.0013
9806.1807 0.0010
9808.4424 0.0008
9810.6982 0.0005
9812.9609 -0.0001
9815.2188 -0.0007
9817.4814 -0.0017
9819.7402 -0.0022
9821.9990 -0.0017
9824.2646 -0.0021
9826.5244 -0.0026
9828.7900 -0.0029
9831.0518 -0.0032
9833.3184 -0.0038
9835.5801 -0.0044
9837.8428 -0.0045
9840.1113 -0.0048
9842.3750 -0.0052
9844.6455 -0.0065
9846.9102 -0.0078
9849.1807 -0.0081
9851.4463 -0.0080
9853.7129 -0.0084
9855.9844 -0.0083
9858.2520 -0.0082
9860.5254 -0.0085
9862.7939 -0.0089
9865.0684 -0.0094
9867.3379 -0.0097
9869.6074 -0.0100
9871.8838 -0.0104
9874.1543 -0.0109
9876.4316 -0.0114
9878.7031 -0.0114
9880.9814 -0.0137
9883.2549 -0.0166
9885.5283 -0.0155
9887.8076 -0.0132
9890.0830 -0.0138
9892.3633 -0.0145
9894.6387 -0.0146
9896.9209 -0.0148
9899.1973 -0.0153
9901.4746 -0.0159
9903.7578 -0.0163
9906.0361 -0.0170
9908.3203 -0.0180
9910.5996 -0.0177
9912.8857 -0.0175
9915.1660 -0.0181
9917.4521 -0.0186
9919.7334 -0.0188
9922.0156 -0.0209
9924.3037 -0.0221
9926.5869 -0.0213
9928.8760 -0.0203
9931.1602 -0.0211
9933.4502 -0.0222
9935.7354 -0.0224
9938.0205 -0.0224
9940.3125 -0.0229
9942.5996 -0.0234
9944.8926 -0.0236
9947.1797 -0.0240
9949.4736 -0.0246
9951.7627 -0.0249
9954.0518 -0.0253
9956.3477 -0.0258
9958.6377 -0.0262
9960.9346 -0.0266
9963.2256 -0.0271
9965.5234 -0.0275
9967.8154 -0.0280
9970.1094 -0.0285
9972.4082 -0.0290
9974.7021 -0.0295
9977.0020 -0.0300
9979.2979 -0.0305
9981.5986 -0.0310
9983.8945 -0.0315
9986.1914 -0.0321
9988.4941 -0.0333
9990.7920 -0.0344
9993.0967 -0.0343
9995.3955 -0.0345
9997.7002 -0.0353
10000.0000 -0.0359
10002.3057 -0.0367
10004.6016 -0.0376
10006.9082 -0.0385
10009.2158 -0.0396
10011.5244 -0.0407
10013.8223 -0.0419
10016.1309 -0.0433
10018.4404 -0.0448
10020.7402 -0.0465
10023.0508 -0.0484
10025.3623 -0.0506
10027.6738 -0.0531
10029.9756 -0.0560
10032.2881 -0.0594
10034.6016 -0.0634
10036.9043 -0.0681
10039.2188 -0.0748
10041.5342 -0.0813
10043.8496 -0.0796
10046.1543 -0.0725
10048.4707 -0.0679
10050.7881 -0.0645
10053.0947 -0.0615
10055.4131 -0.0593
10057.7324 -0.0574
10060.0508 -0.0559
10062.3604 -0.0547
10064.6807 -0.0536
10067.0010 -0.0529
10069.3115 -0.0523
10071.6338 -0.0518
10073.9561 -0.0514
10076.2793 -0.0512
10078.5918 -0.0510
10080.9160 -0.0509
10083.2402 -0.0509
10085.5547 -0.0510
10087.8799 -0.0510
10090.2061 -0.0512
10092.5332 -0.0513
10094.8496 -0.0517
10097.1777 -0.0524
10099.5059 -0.0531
10101.8232 -0.0533
10104.1533 -0.0544
10106.4834 -0.0551
10108.8135 -0.0546
10111.1338 -0.0535
10113.4648 -0.0542
10115.7969 -0.0577
10118.1191 -0.0568
10120.4521 -0.0553
10122.7861 -0.0554
10125.1201 -0.0556
10127.4434 -0.0559
10129.7793 -0.0563
10132.1152 -0.0567
10134.4404 -0.0570
10136.7773 -0.0576
10139.1152 -0.0583
10141.4531 -0.0585
10143.7803 -0.0586
10146.1191 -0.0591
10148.4590 -0.0596
10150.7881 -0.0598
10153.1289 -0.0602
10155.4707 -0.0611
10157.8125 -0.0616
10160.1436 -0.0615
10162.4863 -0.0617
10164.8301 -0.0623
10167.1621 -0.0628
10169.5068 -0.0630
10171.8525 -0.0633
10174.1973 -0.0641
10176.5322 -0.0647
10178.8789 -0.0649
10181.2266 -0.0651
10183.5742 -0.0655
10185.9111 -0.0658
10188.2607 -0.0662
10190.6094 -0.0667
10192.9482 -0.0670
10195.2988 -0.0675
10197.6504 -0.0679
10200.0020 -0.0683
10202.3428 -0.0687
10204.6953 -0.0691
10207.0479 -0.0696
10209.3906 -0.0702
10211.7451 -0.0704
10214.0996 -0.0708
10216.4551 -0.0712
10218.7998 -0.0716
10221.1562 -0.0720
10223.5137 -0.0724
10225.8594 -0.0728
10228.2178 -0.0733
10230.5762 -0.0738
10232.9355 -0.0741
10235.2842 -0.0745
10237.6436 -0.0751
10240.0049 -0.0754
10242.3545 -0.0757
10244.7168 -0.0761
10247.0791 -0.0766
10249.4424 -0.0771
10251.7939 -0.0774
10254.1582 -0.0778
10256.5234 -0.0782
10258.8770 -0.0787
10261.2422 -0.0791
10263.6084 -0.0795
10265.9756 -0.0800
10268.3311 -0.0805
10270.6992 -0.0808
10273.0674 -0.0812
10275.4258 -0.0816
10277.7949 -0.0820
10280.1650 -0.0826
10282.5352 -0.0832
10284.8955 -0.0833
10287.2666 -0.0837
10289.6396 -0.0841
10292.0010 -0.0846
10294.3740 -0.0850
10296.7480 -0.0854
10299.1221 -0.0858
10301.4863 -0.0863
10303.8613 -0.0868
10306.2373 -0.0872
10308.6025 -0.0875
10310.9795 -0.0880
10313.3574 -0.0884
10315.7363 -0.0888
10318.1035 -0.0892
10320.4824 -0.0897
10322.8623 -0.0904
10325.2314 -0.0912
10327.6123 -0.0911
10329.9941 -0.0913
10332.3760 -0.0918
10334.7471 -0.0922
10337.1309 -0.0927
10339.5146 -0.0931
10341.8877 -0.0935
10344.2725 -0.0939
10346.6572 -0.0943
10349.0430 -0.0948
10351.4189 -0.0952
10353.8057 -0.0957
10356.1934 -0.0964
10358.5693 -0.0967
10360.9580 -0.0973
10363.3477 -0.0981
10365.7373 -0.0983
10368.1162 -0.0982
10370.5068 -0.0987
10372.8984 -0.0991
10375.2793 -0.0995
10377.6719 -0.0999
10380.0645 -0.1003
10382.4580 -0.1008
10384.8408 -0.1013
10387.2363 -0.1016
10389.6309 -0.1020
