3585.9150 -0.1363
3586.7400 -0.1484
3587.5671 -0.1576
3588.3923 -0.1602
3589.2200 -0.1571
3590.0457 -0.1520
3590.8735 -0.1471
3591.6995 -0.1406
3592.5259 -0.1330
3593.3542 -0.1277
3594.1809 -0.1277
3595.0098 -0.1317
3595.8367 -0.1359
3596.6660 -0.1396
3597.4934 -0.1412
3598.3208 -0.1380
3599.1506 -0.1293
3599.9788 -0.1189
3600.8088 -0.1148
3601.6372 -0.1173
3602.4678 -0.1221
3603.2964 -0.1253
3604.1252 -0.1259
3604.9565 -0.1260
3605.7859 -0.1292
3606.6172 -0.1336
3607.4470 -0.1348
3608.2788 -0.1337
3609.1089 -0.1359
3609.9392 -0.1449
3610.7717 -0.1496
3611.6023 -0.1472
3612.4351 -0.1436
3613.2661 -0.1441
3614.0994 -0.1502
3614.9307 -0.1581
3615.7625 -0.1575
3616.5962 -0.1455
3617.4282 -0.1316
3618.2625 -0.1272
3619.0947 -0.1368
3619.9292 -0.1526
3620.7620 -0.1604
3621.5969 -0.1554
3622.4302 -0.1435
3623.2634 -0.1326
3624.0989 -0.1273
3624.9326 -0.1258
3625.7686 -0.1268
3626.6028 -0.1288
3627.4390 -0.1293
3628.2734 -0.1280
3629.1082 -0.1259
3629.9451 -0.1248
3630.7800 -0.1285
3631.6174 -0.1388
3632.4529 -0.1484
3633.2903 -0.1484
3634.1262 -0.1364
3634.9622 -0.1229
3635.8005 -0.1188
3636.6370 -0.1205
3637.4756 -0.1216
3638.3123 -0.1200
3639.1514 -0.1182
3639.9885 -0.1198
3640.8259 -0.1229
3641.6653 -0.1268
3642.5032 -0.1324
3643.3430 -0.1388
3644.1812 -0.1426
3645.0215 -0.1403
3645.8601 -0.1357
3646.6990 -0.1333
3647.5398 -0.1333
3648.3789 -0.1351
3649.2202 -0.1365
3650.0596 -0.1341
3650.9014 -0.1290
3651.7412 -0.1250
3652.5813 -0.1227
3653.4236 -0.1206
3654.2642 -0.1179
3655.1067 -0.1156
3655.9475 -0.1148
3656.7908 -0.1129
3657.6318 -0.1092
3658.4734 -0.1056
3659.3169 -0.1047
3660.1587 -0.1059
3661.0029 -0.1066
3661.8450 -0.1086
3662.6895 -0.1135
3663.5320 -0.1200
3664.3748 -0.1243
3665.2197 -0.1233
3666.0630 -0.1172
3666.9084 -0.1079
3667.7520 -0.1008
3668.5977 -0.0992
3669.4417 -0.1019
3670.2859 -0.1046
3671.1321 -0.1060
3671.9768 -0.1073
3672.8235 -0.1086
3673.6685 -0.1087
3674.5156 -0.1074
3675.3608 -0.1056
3676.2063 -0.1013
3677.0542 -0.0985
3677.8999 -0.0992
3678.7480 -0.1016
3679.5945 -0.1063
3680.4429 -0.1160
3681.2896 -0.1173
3682.1365 -0.1058
3682.9856 -0.0968
3683.8328 -0.0983
3684.6824 -0.1027
3685.5300 -0.0974
3686.3799 -0.1003
3687.2278 -0.1162
3688.0781 -0.1283
3688.9265 -0.1165
3689.7751 -0.0776
3690.6260 -0.0383
3691.4751 -0.0361
3692.3264 -0.0626
3693.1758 -0.0817
3694.0273 -0.0672
3694.8772 -0.0237
3695.7273 0.0101
3696.5793 0.0041
3697.4299 -0.0379
3698.2825 -0.0831
3699.1333 -0.0920
3699.9863 -0.0476
3700.8374 0.0204
3701.6887 0.0633
3702.5425 0.0665
3703.3943 0.0307
3704.2483 -0.0315
3705.1003 -0.0942
3705.9548 -0.1226
3706.8074 -0.1046
3707.6599 -0.0538
3708.5149 0.0063
3709.3682 0.0503
3710.2234 0.0608
3711.0771 0.0373
3711.9329 -0.0127
3712.7866 -0.0697
3713.6409 -0.0967
3714.4973 -0.0688
3715.3518 0.0064
3716.2085 0.0857
3717.0635 0.1400
3717.9204 0.1705
3718.7759 0.1779
3719.6313 0.1573
3720.4890 0.1045
3721.3450 0.0266
3722.2031 -0.0538
3723.0593 -0.1110
3723.9180 -0.1167
3724.7747 -0.0612
3725.6316 0.0350
3726.4905 0.1248
3727.3479 0.1781
3728.2073 0.1968
3729.0649 0.2017
3729.9250 0.2101
3730.7830 0.2218
3731.6414 0.2173
3732.5017 0.1855
3733.3604 0.1216
3734.2214 0.0303
3735.0803 -0.0661
3735.9417 -0.1286
3736.8013 -0.1220
3737.6609 -0.0684
3738.5227 0.0056
3739.3828 0.0932
3740.2451 0.1810
3741.1055 0.2456
3741.9683 0.2701
3742.8291 0.2674
3743.6899 0.2563
3744.5532 0.2464
3745.4148 0.2329
3746.2786 0.2055
3747.1404 0.1644
3748.0044 0.1323
3748.8667 0.0954
3749.7290 0.0351
3750.5938 -0.0420
3751.4565 -0.0972
3752.3215 -0.0805
3753.1848 0.0033
3754.0503 0.1015
3754.9138 0.1830
3755.7798 0.2426
3756.6438 0.2845
3757.5081 0.3053
3758.3745 0.2965
3759.2390 0.2644
3760.1060 0.2325
3760.9709 0.2227
3761.8381 0.2391
3762.7036 0.2623
3763.5693 0.2834
3764.4370 0.2972
3765.3032 0.3010
3766.1714 0.2969
3767.0378 0.2834
3767.9065 0.2498
3768.7732 0.2033
3769.6401 0.1502
3770.5095 0.0819
3771.3770 0.0033
3772.2466 -0.0492
3773.1145 -0.0212
3773.9844 0.0702
3774.8528 0.1663
3775.7209 0.2385
3776.5918 0.2873
3777.4604 0.3248
3778.3315 0.3602
3779.2009 0.3937
3780.0723 0.4219
3780.9419 0.4416
3781.8118 0.4507
3782.6838 0.4520
3783.5540 0.4556
3784.4265 0.4654
3785.2971 0.4756
3786.1699 0.4822
3787.0410 0.4814
3787.9121 0.4706
3788.7856 0.4529
3789.6572 0.4387
3790.5310 0.4328
3791.4031 0.4312
3792.2773 0.4272
3793.1499 0.4149
3794.0225 0.3905
3794.8972 0.3511
3795.7703 0.2966
3796.6455 0.2301
3797.5190 0.1506
3798.3948 0.0585
3799.2686 -0.0234
3800.1426 -0.0313
3801.0188 0.0412
3801.8933 0.1509
3802.7700 0.2543
3803.6448 0.3314
3804.5220 0.3893
3805.3972 0.4312
3806.2727 0.4565
3807.1504 0.4696
3808.0261 0.4794
3808.9043 0.4956
3809.7805 0.5232
3810.6589 0.5531
3811.5356 0.5733
3812.4126 0.5783
3813.2917 0.5665
3814.1689 0.5429
3815.0483 0.5212
3815.9260 0.5108
3816.8059 0.5081
3817.6841 0.5197
3818.5623 0.5479
3819.4429 0.5784
3820.3215 0.5800
3821.2024 0.5478
3822.0815 0.5190
3822.9629 0.5218
3823.8423 0.5446
3824.7241 0.5497
3825.6040 0.5126
3826.4841 0.4681
3827.3665 0.4434
3828.2468 0.4349
3829.1296 0.4246
3830.0105 0.4039
3830.8938 0.3883
3831.7751 0.3805
3832.6565 0.3533
3833.5403 0.2959
3834.4224 0.2194
3835.3064 0.1361
3836.1887 0.0510
3837.0735 0.0096
3837.9561 0.0435
3838.8391 0.1231
3839.7244 0.2079
3840.6077 0.2759
3841.4932 0.3314
3842.3770 0.3827
3843.2629 0.4447
3844.1472 0.5076
3845.0315 0.5571
3845.9182 0.5900
3846.8030 0.6161
3847.6899 0.6324
3848.5752 0.6437
3849.4626 0.6525
3850.3481 0.6536
3851.2339 0.6461
3852.1221 0.6471
3853.0083 0.6712
3853.8967 0.6997
3854.7832 0.7183
3855.6721 0.7205
3856.5591 0.7044
3857.4463 0.6755
3858.3359 0.6566
3859.2234 0.6488
3860.1135 0.6374
3861.0015 0.6240
3861.8918 0.6319
3862.7803 0.6809
3863.6687 0.7301
3864.5598 0.7531
3865.4487 0.7498
3866.3401 0.7323
3867.2297 0.7189
3868.1213 0.7262
3869.0112 0.7468
3869.9014 0.7660
3870.7937 0.7741
3871.6841 0.7678
3872.5769 0.7465
3873.4678 0.7145
3874.3611 0.6929
3875.2524 0.6968
3876.1438 0.7145
3877.0376 0.7268
3877.9297 0.7163
3878.8237 0.6730
3879.7161 0.6086
3880.6108 0.5792
3881.5037 0.5995
3882.3965 0.6338
3883.2917 0.6394
3884.1851 0.6174
3885.0808 0.5860
3885.9746 0.5378
3886.8706 0.4642
3887.7649 0.3710
3888.6592 0.2706
3889.5559 0.1712
3890.4507 0.0996
3891.3479 0.1163
3892.2429 0.2180
3893.1406 0.3497
3894.0361 0.4533
3894.9341 0.5157
3895.8301 0.5555
3896.7263 0.5848
3897.6250 0.6138
3898.5215 0.6430
3899.4207 0.6610
3900.3176 0.6530
3901.2170 0.6314
3902.1145 0.6307
3903.0122 0.6583
3903.9121 0.6941
3904.8103 0.7170
3905.7107 0.7289
3906.6094 0.7323
3907.5100 0.7404
3908.4089 0.7666
3909.3081 0.8053
3910.2097 0.8399
3911.1091 0.8608
3912.0110 0.8690
3912.9111 0.8624
3913.8132 0.8426
3914.7136 0.8203
3915.6143 0.8140
3916.5171 0.8356
3917.4182 0.8625
3918.3215 0.8793
3919.2229 0.8829
3920.1267 0.8745
3921.0286 0.8588
3921.9307 0.8474
3922.8350 0.8500
3923.7373 0.8521
3924.6421 0.8554
3925.5452 0.8691
3926.4502 0.8900
3927.3535 0.8948
3928.2571 0.8797
3929.1628 0.8560
3930.0667 0.8350
3930.9731 0.8133
3931.8774 0.7779
3932.7839 0.7098
3933.6887 0.5629
3934.5938 0.3696
3935.5010 0.2691
3936.4062 0.3539
3937.3142 0.5780
3938.2200 0.7638
3939.1279 0.8589
3940.0342 0.9018
3940.9407 0.9249
3941.8494 0.9386
3942.7561 0.9412
3943.6653 0.9322
3944.5725 0.9170
3945.4822 0.9078
3946.3899 0.9133
3947.2979 0.9301
3948.2080 0.9447
3949.1162 0.9446
3950.0269 0.9367
3950.9355 0.9288
3951.8467 0.9213
3952.7559 0.9149
3953.6650 0.9148
3954.5769 0.9251
3955.4866 0.9319
3956.3987 0.9244
3957.3088 0.9031
3958.2214 0.8779
3959.1321 0.8615
3960.0449 0.8584
3960.9561 0.8529
3961.8672 0.8307
3962.7808 0.7979
3963.6924 0.7710
3964.6064 0.7578
3965.5186 0.7413
3966.4329 0.6998
3967.3455 0.6176
3968.2581 0.4788
3969.1731 0.2841
3970.0862 0.0830
3971.0017 -0.0148
3971.9153 0.0435
3972.8313 0.2018
3973.7451 0.3803
3974.6592 0.5263
3975.5759 0.6256
3976.4905 0.6962
3977.4075 0.7450
3978.3225 0.7766
3979.2397 0.7981
3980.1553 0.8171
3981.0708 0.8372
3981.9888 0.8551
3982.9050 0.8701
3983.8232 0.8838
3984.7397 0.8957
3985.6587 0.9069
3986.5757 0.9199
3987.4927 0.9346
3988.4121 0.9463
3989.3298 0.9566
3990.2498 0.9665
3991.1677 0.9753
3992.0879 0.9827
3993.0063 0.9911
3993.9250 1.0004
3994.8459 1.0059
3995.7649 1.0044
3996.6863 0.9971
3997.6057 0.9881
3998.5276 0.9809
3999.4475 0.9786
4000.3674 0.9840
4001.2900 0.9948
4002.2104 1.0050
4003.1333 1.0100
4004.0544 1.0107
4004.9775 1.0088
4005.8989 0.9964
4006.8206 0.9813
4007.7446 0.9804
4008.6665 0.9978
4009.5908 1.0110
4010.5132 1.0146
4011.4380 1.0145
4012.3608 1.0121
4013.2839 1.0063
4014.2095 1.0008
4015.1328 1.0068
4016.0588 1.0218
4016.9827 1.0324
4017.9089 1.0334
4018.8333 1.0318
4019.7578 1.0385
4020.6848 1.0537
4021.6096 1.0649
4022.5371 1.0687
4023.4624 1.0649
4024.3901 1.0579
4025.3162 1.0525
4026.2422 1.0486
4027.1704 1.0459
4028.0969 1.0474
4029.0259 1.0506
4029.9526 1.0506
4030.8821 1.0445
4031.8093 1.0374
4032.7390 1.0344
4033.6667 1.0345
4034.5947 1.0358
4035.5251 1.0369
4036.4534 1.0405
4037.3843 1.0534
4038.3130 1.0677
4039.2441 1.0730
4040.1736 1.0716
4041.1030 1.0697
4042.0347 1.0691
4042.9646 1.0659
4043.8970 1.0646
4044.8271 1.0605
4045.7600 1.0384
4046.6907 0.9981
4047.6216 0.9679
4048.5549 0.9897
4049.4863 1.0327
4050.4202 1.0607
4051.3521 1.0710
4052.2861 1.0741
4053.2185 1.0740
4054.1509 1.0633
4055.0857 1.0506
4056.0186 1.0472
4056.9539 1.0513
4057.8872 1.0548
4058.8230 1.0520
4059.7566 1.0468
4060.6907 1.0476
4061.6270 1.0528
4062.5613 1.0530
4063.4983 1.0361
4064.4331 1.0003
4065.3701 0.9700
4066.3054 0.9816
4067.2410 1.0127
4068.1787 1.0347
4069.1147 1.0416
4070.0530 1.0434
4070.9893 1.0419
4071.9280 1.0180
4072.8647 0.9802
4073.8018 0.9638
4074.7412 0.9827
4075.6787 1.0128
4076.6184 1.0111
4077.5562 0.9817
4078.4966 0.9422
4079.4348 0.9233
4080.3733 0.9407
4081.3142 0.9790
4082.2532 0.9990
4083.1943 1.0035
4084.1338 0.9993
4085.0757 0.9902
4086.0154 0.9797
4086.9553 0.9721
4087.8977 0.9692
4088.8381 0.9650
4089.7810 0.9589
4090.7219 0.9522
4091.6653 0.9423
4092.6064 0.9274
4093.5481 0.9136
4094.4919 0.9012
4095.4338 0.8840
4096.3784 0.8591
4097.3208 0.8242
4098.2656 0.7797
4099.2085 0.7298
4100.1514 0.6653
4101.0967 0.5677
4102.0400 0.4367
4102.9863 0.3130
4103.9302 0.2718
4104.8765 0.3673
4105.8208 0.5091
4106.7676 0.6260
4107.7124 0.7044
4108.6572 0.7565
4109.6045 0.7952
4110.5503 0.8221
4111.4980 0.8408
4112.4438 0.8596
4113.3921 0.8779
4114.3384 0.8931
4115.2852 0.9057
4116.2339 0.9185
4117.1807 0.9288
4118.1304 0.9388
4119.0776 0.9471
4120.0273 0.9516
4120.9751 0.9538
4121.9233 0.9580
4122.8740 0.9631
4123.8223 0.9681
4124.7734 0.9733
4125.7222 0.9782
4126.6733 0.9808
4127.6230 0.9807
4128.5723 0.9826
4129.5244 0.9876
4130.4746 0.9887
4131.4268 0.9808
4132.3774 0.9641
4133.3301 0.9470
4134.2812 0.9480
4135.2324 0.9649
4136.1855 0.9815
4137.1372 0.9901
4138.0913 0.9943
4139.0435 1.0008
4139.9976 1.0098
4140.9502 1.0149
4141.9028 1.0124
4142.8579 1.0042
4143.8110 0.9898
4144.7666 0.9628
4145.7202 0.9454
4146.6758 0.9546
4147.6299 0.9753
4148.5840 0.9888
4149.5405 0.9920
4150.4951 0.9977
4151.4526 1.0053
4152.4072 1.0097
4153.3647 1.0088
4154.3203 1.0021
4155.2764 0.9916
4156.2344 0.9843
4157.1904 0.9832
4158.1489 0.9829
4159.1055 0.9824
4160.0649 0.9851
4161.0220 0.9914
4161.9790 0.9937
4162.9390 0.9902
4163.8965 0.9835
4164.8564 0.9730
4165.8149 0.9635
4166.7754 0.9476
4167.7339 0.8986
4168.6929 0.8665
4169.6538 0.9008
4170.6133 0.9560
4171.5752 0.9845
4172.5347 0.9794
4173.4971 0.9659
4174.4570 0.9547
4175.4175 0.9543
4176.3799 0.9614
4177.3408 0.9671
4178.3042 0.9637
4179.2651 0.9523
4180.2290 0.9441
4181.1909 0.9497
4182.1548 0.9611
4183.1172 0.9656
4184.0796 0.9610
4185.0444 0.9609
4186.0068 0.9622
4186.9722 0.9585
4187.9355 0.9473
4188.9014 0.9352
4189.8647 0.9349
4190.8286 0.9514
4191.7949 0.9621
4192.7593 0.9619
4193.7261 0.9583
4194.6909 0.9596
4195.6582 0.9675
4196.6235 0.9740
4197.5889 0.9690
4198.5571 0.9542
4199.5229 0.9355
4200.4912 0.9229
4201.4575 0.9207
4202.4263 0.9159
4203.3931 0.8999
4204.3599 0.8979
4205.3296 0.9168
4206.2969 0.9408
4207.2671 0.9521
4208.2349 0.9551
4209.2051 0.9585
4210.1738 0.9569
4211.1421 0.9506
4212.1133 0.9452
4213.0820 0.9448
4214.0537 0.9447
4215.0229 0.9347
4215.9951 0.9092
4216.9648 0.8831
4217.9351 0.8812
4218.9077 0.9095
4219.8784 0.9330
4220.8516 0.9401
4221.8223 0.9384
4222.7959 0.9329
4223.7676 0.9289
4224.7393 0.9317
4225.7134 0.9348
4226.6855 0.9127
4227.6602 0.8636
4228.6328 0.8276
4229.6079 0.8365
4230.5806 0.8811
4231.5542 0.9114
4232.5298 0.9224
4233.5034 0.9137
4234.4800 0.8938
4235.4541 0.8813
4236.4307 0.8868
4237.4053 0.8933
4238.3799 0.9003
4239.3574 0.9110
4240.3325 0.9194
4241.3105 0.9220
4242.2861 0.9220
4243.2642 0.9250
4244.2407 0.9275
4245.2168 0.9272
4246.1958 0.9204
4247.1729 0.8997
4248.1519 0.8682
4249.1294 0.8550
4250.1094 0.8660
4251.0869 0.8691
4252.0649 0.8630
4253.0454 0.8661
4254.0239 0.8843
4255.0049 0.8898
4255.9834 0.8823
4256.9648 0.8822
4257.9443 0.8910
4258.9263 0.8982
4259.9058 0.8944
4260.8857 0.8817
4261.8687 0.8657
4262.8491 0.8649
4263.8320 0.8798
4264.8130 0.8954
4265.7964 0.8989
4266.7778 0.8976
4267.7593 0.8977
4268.7432 0.8978
4269.7256 0.8956
4270.7100 0.8874
4271.6924 0.8650
4272.6772 0.8236
4273.6606 0.8022
4274.6436 0.8201
4275.6294 0.8487
4276.6128 0.8649
4277.5991 0.8710
4278.5830 0.8821
4279.5698 0.8871
4280.5542 0.8854
4281.5391 0.8798
4282.5264 0.8714
4283.5117 0.8620
4284.4990 0.8568
4285.4849 0.8610
4286.4731 0.8694
4287.4590 0.8746
4288.4453 0.8722
4289.4346 0.8586
4290.4214 0.8305
4291.4106 0.8027
4292.3979 0.8015
4293.3877 0.8203
4294.3755 0.8299
4295.3633 0.8147
4296.3535 0.8061
4297.3423 0.8244
4298.3330 0.8445
4299.3218 0.8480
4300.3135 0.8271
4301.3027 0.7916
4302.2920 0.7735
4303.2842 0.7750
4304.2744 0.7880
4305.2666 0.8121
4306.2573 0.8375
4307.2500 0.8437
4308.2412 0.8187
4309.2319 0.7840
4310.2261 0.7786
4311.2173 0.8021
4312.2114 0.8277
4313.2036 0.8303
4314.1982 0.8118
4315.1904 0.7853
4316.1836 0.7722
4317.1787 0.7798
4318.1719 0.7991
4319.1675 0.8145
4320.1611 0.8180
4321.1572 0.8119
4322.1514 0.8004
4323.1460 0.7949
4324.1426 0.7989
4325.1377 0.7993
4326.1348 0.7743
4327.1299 0.7406
4328.1279 0.7336
4329.1235 0.7532
4330.1196 0.7743
4331.1182 0.7752
4332.1143 0.7642
4333.1133 0.7508
4334.1104 0.7345
4335.1099 0.7146
4336.1069 0.6899
4337.1069 0.6566
4338.1045 0.6085
4339.1025 0.5425
4340.1030 0.4495
4341.1016 0.3265
4342.1025 0.2250
4343.1016 0.2308
4344.1030 0.3657
4345.1025 0.4935
4346.1021 0.5777
4347.1040 0.6296
4348.1040 0.6652
4349.1069 0.6925
4350.1074 0.7127
4351.1104 0.7252
4352.1113 0.7285
4353.1128 0.7280
4354.1167 0.7344
4355.1182 0.7543
4356.1226 0.7789
4357.1245 0.7979
4358.1294 0.8088
4359.1318 0.8143
4360.1348 0.8175
4361.1401 0.8194
4362.1436 0.8193
4363.1494 0.8220
4364.1528 0.8282
4365.1592 0.8337
4366.1636 0.8349
4367.1680 0.8328
4368.1753 0.8313
4369.1802 0.8288
4370.1875 0.8247
4371.1929 0.8209
4372.2007 0.8202
4373.2065 0.8228
4374.2129 0.8226
4375.2212 0.8171
4376.2280 0.8093
4377.2368 0.8084
4378.2441 0.8163
4379.2534 0.8268
4380.2612 0.8340
4381.2686 0.8404
4382.2793 0.8396
4383.2871 0.8227
4384.2979 0.7877
4385.3066 0.7545
4386.3179 0.7641
4387.3267 0.7972
4388.3359 0.8223
4389.3481 0.8333
4390.3579 0.8365
4391.3701 0.8375
4392.3804 0.8373
4393.3936 0.8386
4394.4043 0.8356
4395.4150 0.8150
4396.4287 0.7859
4397.4399 0.7780
4398.4541 0.8050
4399.4658 0.8223
4400.4805 0.8197
4401.4927 0.8081
4402.5054 0.8038
4403.5205 0.8129
4404.5337 0.8171
4405.5493 0.8006
4406.5625 0.7852
4407.5786 0.7908
4408.5928 0.8096
4409.6069 0.8200
4410.6240 0.8224
4411.6387 0.8264
4412.6558 0.8313
4413.6709 0.8349
4414.6885 0.8296
4415.7041 0.8084
4416.7227 0.7820
4417.7388 0.7728
4418.7549 0.7766
4419.7739 0.7863
4420.7905 0.7971
4421.8101 0.8047
4422.8271 0.8057
4423.8472 0.8045
4424.8647 0.8024
4425.8828 0.7968
4426.9033 0.7867
4427.9219 0.7745
4428.9429 0.7650
4429.9619 0.7654
4430.9834 0.7723
4432.0024 0.7775
4433.0220 0.7788
4434.0444 0.7786
4435.0645 0.7773
4436.0874 0.7744
4437.1079 0.7791
4438.1309 0.7938
4439.1519 0.8081
4440.1733 0.8109
4441.1968 0.8082
4442.2188 0.8041
4443.2432 0.7937
4444.2651 0.7756
4445.2900 0.7603
4446.3125 0.7646
4447.3354 0.7898
4448.3613 0.8031
4449.3843 0.8035
4450.4106 0.8000
4451.4341 0.7959
4452.4609 0.7935
4453.4849 0.8026
4454.5098 0.8080
4455.5366 0.8013
4456.5615 0.7941
4457.5894 0.7966
4458.6147 0.8081
4459.6431 0.8209
4460.6689 0.8424
4461.6953 0.8503
4462.7241 0.8365
4463.7505 0.8160
4464.7798 0.8075
4465.8071 0.8039
4466.8369 0.8022
4467.8643 0.7967
4468.8921 0.7820
4469.9229 0.7649
4470.9512 0.7621
4471.9819 0.7798
4473.0107 0.7932
4474.0425 0.8003
4475.0718 0.8054
4476.1011 0.8077
4477.1333 0.8041
4478.1631 0.7993
4479.1958 0.8003
4480.2266 0.7993
4481.2593 0.7929
4482.2905 0.7842
4483.3213 0.7802
4484.3555 0.7850
4485.3872 0.7875
4486.4214 0.7885
4487.4536 0.7910
4488.4883 0.7927
4489.5210 0.7905
4490.5537 0.7906
4491.5889 0.7908
4492.6226 0.7893
4493.6582 0.7900
4494.6919 0.7919
4495.7285 0.7904
4496.7627 0.7863
4497.7998 0.7857
4498.8345 0.7885
4499.8696 0.7897
4500.9072 0.7805
4501.9424 0.7591
4502.9805 0.7437
4504.0166 0.7502
4505.0552 0.7657
4506.0913 0.7766
4507.1279 0.7793
4508.1675 0.7782
4509.2046 0.7764
4510.2446 0.7739
4511.2822 0.7752
4512.3223 0.7781
4513.3604 0.7796
4514.3984 0.7794
4515.4395 0.7802
4516.4785 0.7778
4517.5200 0.7750
4518.5591 0.7726
4519.6011 0.7697
4520.6406 0.7655
4521.6807 0.7628
4522.7236 0.7614
4523.7642 0.7554
4524.8071 0.7512
4525.8481 0.7529
4526.8916 0.7570
4527.9331 0.7576
4528.9746 0.7579
4530.0190 0.7549
4531.0610 0.7522
4532.1060 0.7533
4533.1489 0.7542
4534.1938 0.7411
4535.2373 0.7150
4536.2803 0.7046
4537.3267 0.7194
4538.3701 0.7436
4539.4170 0.7551
4540.4609 0.7557
4541.5083 0.7545
4542.5527 0.7524
4543.5981 0.7497
4544.6455 0.7474
4545.6909 0.7461
4546.7393 0.7461
4547.7852 0.7470
4548.8340 0.7427
4549.8804 0.7233
4550.9272 0.6947
4551.9766 0.6814
4553.0239 0.7029
4554.0737 0.7234
4555.1216 0.7278
4556.1719 0.7238
4557.2197 0.7213
4558.2686 0.7244
4559.3193 0.7317
4560.3682 0.7396
4561.4199 0.7420
4562.4692 0.7372
4563.5215 0.7249
4564.5713 0.7062
4565.6211 0.6912
4566.6743 0.7004
4567.7246 0.7188
4568.7778 0.7298
4569.8291 0.7301
4570.8828 0.7253
4571.9341 0.7153
4572.9888 0.6971
4574.0405 0.6875
4575.0928 0.6954
4576.1479 0.7111
4577.2007 0.7182
4578.2559 0.7178
4579.3091 0.7145
4580.3652 0.7101
4581.4189 0.7069
4582.4731 0.7057
4583.5298 0.7039
4584.5840 0.6969
4585.6411 0.6878
4586.6963 0.6886
4587.7539 0.6974
4588.8091 0.7046
4589.8647 0.7033
4590.9233 0.6994
4591.9795 0.6981
4593.0386 0.6999
4594.0952 0.7023
4595.1543 0.7025
4596.2114 0.6986
4597.2690 0.6927
4598.3291 0.6920
4599.3867 0.6965
4600.4473 0.7007
4601.5059 0.7032
4602.5669 0.7053
4603.6255 0.7029
4604.6846 0.6945
4605.7466 0.6901
4606.8062 0.6896
4607.8687 0.6892
4608.9287 0.6880
4609.9912 0.6887
4611.0518 0.6900
4612.1128 0.6914
4613.1763 0.6918
4614.2373 0.6913
4615.3013 0.6909
4616.3633 0.6894
4617.4277 0.6889
4618.4897 0.6912
4619.5522 0.6923
4620.6177 0.6908
4621.6807 0.6902
4622.7466 0.6949
4623.8096 0.6976
4624.8760 0.6964
4625.9399 0.6940
4627.0044 0.6917
4628.0713 0.6888
4629.1357 0.6863
4630.2031 0.6803
4631.2686 0.6732
4632.3364 0.6714
4633.4023 0.6755
4634.4678 0.6790
4635.5366 0.6783
4636.6030 0.6803
4637.6724 0.6848
4638.7393 0.6875
4639.8091 0.6869
4640.8765 0.6851
4641.9438 0.6846
4643.0142 0.6820
4644.0825 0.6797
4645.1533 0.6800
4646.2222 0.6823
4647.2935 0.6832
4648.3623 0.6799
4649.4316 0.6753
4650.5039 0.6737
4651.5737 0.6768
4652.6465 0.6831
4653.7168 0.6886
4654.7900 0.6905
4655.8608 0.6874
4656.9346 0.6843
4658.0059 0.6832
4659.0771 0.6829
4660.1519 0.6819
4661.2236 0.6828
4662.2983 0.6870
4663.3711 0.6883
4664.4463 0.6842
4665.5195 0.6787
4666.5928 0.6768
4667.6689 0.6751
4668.7427 0.6729
4669.8193 0.6734
4670.8936 0.6748
4671.9707 0.6747
4673.0454 0.6740
4674.1206 0.6762
4675.1982 0.6777
4676.2739 0.6787
4677.3521 0.6793
4678.4282 0.6781
4679.5073 0.6751
4680.5835 0.6738
4681.6602 0.6743
4682.7397 0.6747
4683.8174 0.6739
4684.8975 0.6721
4685.9751 0.6703
4687.0557 0.6697
4688.1338 0.6705
4689.2124 0.6738
4690.2935 0.6769
4691.3726 0.6776
4692.4546 0.6775
4693.5342 0.6799
4694.6162 0.6801
4695.6963 0.6803
4696.7764 0.6802
4697.8594 0.6788
4698.9404 0.6768
4700.0239 0.6773
4701.1050 0.6805
4702.1890 0.6818
4703.2710 0.6775
4704.3530 0.6708
4705.4375 0.6688
4706.5200 0.6717
4707.6055 0.6750
4708.6885 0.6779
4709.7744 0.6804
4710.8579 0.6814
4711.9414 0.6797
4713.0283 0.6763
4714.1123 0.6748
4715.1992 0.6745
4716.2842 0.6727
4717.3716 0.6698
4718.4570 0.6695
4719.5425 0.6737
4720.6309 0.6751
4721.7168 0.6720
4722.8057 0.6678
4723.8921 0.6667
4724.9814 0.6688
4726.0684 0.6694
4727.1553 0.6666
4728.2456 0.6630
4729.3335 0.6605
4730.4238 0.6593
4731.5122 0.6590
4732.6030 0.6599
4733.6919 0.6593
4734.7808 0.6591
4735.8726 0.6617
4736.9624 0.6646
4738.0547 0.6627
4739.1445 0.6584
4740.2373 0.6546
4741.3276 0.6526
4742.4214 0.6520
4743.5122 0.6521
4744.6035 0.6519
4745.6973 0.6492
4746.7891 0.6475
4747.8838 0.6476
4748.9761 0.6472
4750.0713 0.6453
4751.1641 0.6438
4752.2568 0.6439
4753.3525 0.6427
4754.4463 0.6388
4755.5425 0.6339
4756.6367 0.6301
4757.7334 0.6277
4758.8281 0.6258
4759.9229 0.6255
4761.0205 0.6256
4762.1157 0.6231
4763.2139 0.6167
4764.3096 0.6090
4765.4082 0.6054
4766.5044 0.6045
4767.6011 0.6066
4768.7002 0.6092
4769.7974 0.6091
4770.8975 0.6055
4771.9951 0.6020
4773.0952 0.5989
4774.1934 0.5975
4775.2915 0.5959
4776.3926 0.5926
4777.4917 0.5887
4778.5933 0.5875
4779.6924 0.5917
4780.7949 0.5982
4781.8945 0.6006
4782.9946 0.6002
4784.0977 0.6041
4785.1982 0.6111
4786.3018 0.6096
4787.4028 0.6022
4788.5068 0.5982
4789.6084 0.6008
4790.7100 0.6047
4791.8149 0.6042
4792.9170 0.5997
4794.0225 0.5947
4795.1255 0.5917
4796.2310 0.5911
4797.3345 0.5923
4798.4380 0.5953
4799.5444 0.5978
4800.6489 0.5970
4801.7559 0.5950
4802.8604 0.5933
4803.9678 0.5909
4805.0732 0.5870
4806.1782 0.5813
4807.2866 0.5771
4808.3926 0.5775
4809.5015 0.5822
4810.6079 0.5861
4811.7173 0.5849
4812.8242 0.5816
4813.9312 0.5805
4815.0415 0.5813
4816.1489 0.5821
4817.2598 0.5819
4818.3677 0.5789
4819.4790 0.5740
4820.5879 0.5712
4821.6968 0.5710
4822.8086 0.5710
4823.9180 0.5687
4825.0303 0.5655
4826.1401 0.5642
4827.2534 0.5639
4828.3638 0.5635
4829.4771 0.5632
4830.5884 0.5633
4831.6992 0.5647
4832.8135 0.5646
4833.9253 0.5623
4835.0400 0.5588
4836.1523 0.5552
4837.2676 0.5530
4838.3804 0.5541
4839.4937 0.5558
4840.6094 0.5568
4841.7231 0.5581
4842.8394 0.5578
4843.9536 0.5521
4845.0708 0.5430
4846.1851 0.5388
4847.3003 0.5366
4848.4180 0.5339
4849.5332 0.5300
4850.6514 0.5258
4851.7676 0.5215
4852.8862 0.5146
4854.0024 0.5029
4855.1191 0.4882
4856.2388 0.4733
4857.3560 0.4582
4858.4761 0.4359
4859.5938 0.3945
4860.7144 0.3119
4861.8325 0.1956
4862.9512 0.1199
4864.0723 0.1672
4865.1914 0.2844
4866.3135 0.3684
4867.4326 0.4176
4868.5552 0.4458
4869.6753 0.4639
4870.7954 0.4784
4871.9189 0.4866
4873.0396 0.4895
4874.1631 0.4945
4875.2847 0.5027
4876.4087 0.5103
4877.5308 0.5148
4878.6528 0.5191
4879.7778 0.5203
4880.9004 0.5199
4882.0259 0.5216
4883.1489 0.5256
4884.2749 0.5286
4885.3984 0.5294
4886.5225 0.5323
4887.6494 0.5345
4888.7734 0.5341
4889.9009 0.5329
4891.0259 0.5324
4892.1538 0.5281
4893.2793 0.5287
4894.4048 0.5366
4895.5337 0.5428
4896.6597 0.5431
4897.7891 0.5420
4898.9155 0.5414
4900.0454 0.5409
4901.1724 0.5412
4902.2998 0.5423
4903.4307 0.5441
4904.5586 0.5465
4905.6895 0.5473
4906.8179 0.5474
4907.9497 0.5502
4909.0786 0.5554
4910.2080 0.5593
4911.3403 0.5581
4912.4702 0.5550
4913.6030 0.5544
4914.7334 0.5556
4915.8667 0.5575
4916.9976 0.5583
4918.1313 0.5566
4919.2627 0.5523
4920.3945 0.5448
4921.5288 0.5376
4922.6611 0.5366
4923.7964 0.5371
4924.9292 0.5300
4926.0649 0.5274
4927.1978 0.5442
4928.3315 0.5564
4929.4678 0.5574
4930.6021 0.5555
4931.7388 0.5589
4932.8735 0.5619
4934.0107 0.5620
4935.1460 0.5590
4936.2812 0.5580
4937.4194 0.5609
4938.5557 0.5634
4939.6943 0.5595
4940.8306 0.5559
4941.9702 0.5551
4943.1069 0.5568
4944.2441 0.5583
4945.3843 0.5577
4946.5220 0.5564
4947.6626 0.5544
4948.8008 0.5539
4949.9419 0.5550
4951.0806 0.5554
4952.2197 0.5543
4953.3618 0.5557
4954.5010 0.5576
4955.6436 0.5613
4956.7837 0.5613
4957.9268 0.5515
4959.0674 0.5373
4960.2080 0.5406
4961.3521 0.5493
4962.4932 0.5542
4963.6377 0.5569
4964.7793 0.5592
4965.9243 0.5602
4967.0669 0.5598
4968.2095 0.5576
4969.3550 0.5575
4970.4980 0.5604
4971.6445 0.5644
4972.7881 0.5659
4973.9351 0.5639
4975.0791 0.5627
4976.2236 0.5634
4977.3711 0.5631
4978.5161 0.5604
4979.6641 0.5575
4980.8096 0.5561
4981.9585 0.5533
4983.1045 0.5515
4984.2510 0.5512
4985.4004 0.5509
4986.5469 0.5499
4987.6968 0.5497
4988.8442 0.5519
4989.9946 0.5535
4991.1426 0.5539
4992.2910 0.5541
4993.4419 0.5548
4994.5908 0.5556
4995.7427 0.5577
4996.8921 0.5592
4998.0439 0.5585
4999.1938 0.5580
5000.3438 0.5589
5001.4971 0.5540
5002.6475 0.5488
5003.8013 0.5487
5004.9521 0.5504
5006.1064 0.5482
5007.2583 0.5423
5008.4126 0.5443
5009.5649 0.5501
5010.7173 0.5518
5011.8730 0.5510
5013.0259 0.5515
5014.1816 0.5534
5015.3354 0.5533
5016.4917 0.5536
5017.6460 0.5520
5018.8003 0.5400
5019.9575 0.5238
5021.1123 0.5235
5022.2700 0.5433
5023.4258 0.5545
5024.5840 0.5562
5025.7397 0.5526
5026.8960 0.5478
5028.0552 0.5459
5029.2119 0.5469
5030.3716 0.5471
5031.5288 0.5446
5032.6890 0.5437
5033.8472 0.5466
5035.0049 0.5495
5036.1660 0.5482
5037.3247 0.5460
5038.4863 0.5449
5039.6455 0.5459
5040.8076 0.5458
5041.9668 0.5422
5043.1270 0.5423
5044.2900 0.5437
5045.4502 0.5468
5046.6138 0.5506
5047.7749 0.5507
5048.9390 0.5457
5050.1001 0.5449
5051.2622 0.5454
5052.4268 0.5431
5053.5894 0.5418
5054.7544 0.5454
5055.9175 0.5513
5057.0830 0.5513
5058.2466 0.5522
5059.4102 0.5543
5060.5771 0.5526
5061.7412 0.5480
5062.9082 0.5467
5064.0732 0.5480
5065.2407 0.5461
5066.4062 0.5447
5067.5718 0.5461
5068.7402 0.5481
5069.9062 0.5479
5071.0752 0.5474
5072.2417 0.5462
5073.4116 0.5443
5074.5786 0.5431
5075.7461 0.5429
5076.9165 0.5425
5078.0845 0.5411
5079.2554 0.5408
5080.4238 0.5435
5081.5957 0.5458
5082.7646 0.5453
5083.9336 0.5429
5085.1060 0.5389
5086.2759 0.5387
5087.4487 0.5407
5088.6191 0.5414
5089.7925 0.5404
5090.9634 0.5399
5092.1348 0.5391
5093.3091 0.5405
5094.4805 0.5430
5095.6553 0.5452
5096.8276 0.5465
5098.0029 0.5462
5099.1758 0.5430
5100.3516 0.5431
5101.5249 0.5465
5102.6987 0.5537
5103.8750 0.5528
5105.0493 0.5342
5106.2266 0.5282
5107.4014 0.5342
5108.5791 0.5372
5109.7544 0.5364
5110.9297 0.5336
5112.1084 0.5285
5113.2842 0.5273
5114.4634 0.5309
5115.6401 0.5352
5116.8198 0.5364
5117.9966 0.5353
5119.1743 0.5349
5120.3545 0.5347
5121.5327 0.5348
5122.7134 0.5350
5123.8921 0.5341
5125.0737 0.5319
5126.2524 0.5300
5127.4321 0.5296
5128.6143 0.5307
5129.7939 0.5299
5130.9771 0.5289
5132.1572 0.5301
5133.3408 0.5314
5134.5220 0.5260
5135.7031 0.5221
5136.8872 0.5220
5138.0688 0.5235
5139.2539 0.5249
5140.4360 0.5250
5141.6216 0.5227
5142.8042 0.5215
5143.9873 0.5211
5145.1738 0.5224
5146.3574 0.5248
5147.5439 0.5253
5148.7280 0.5241
5149.9155 0.5265
5151.1001 0.5294
5152.2852 0.5291
5153.4731 0.5261
5154.6587 0.5238
5155.8477 0.5227
5157.0337 0.5227
5158.2227 0.5234
5159.4097 0.5245
5160.5962 0.5239
5161.7861 0.5206
5162.9736 0.5198
5164.1646 0.5219
5165.3525 0.5222
5166.5435 0.5162
5167.7319 0.4969
5168.9209 0.4657
5170.1128 0.4518
5171.3022 0.4685
5172.4946 0.4863
5173.6846 0.4836
5174.8779 0.4762
5176.0684 0.4935
5177.2588 0.5121
5178.4526 0.5181
5179.6440 0.5194
5180.8384 0.5189
5182.0303 0.5168
5183.2251 0.5087
5184.4175 0.4803
5185.6104 0.4654
5186.8062 0.4823
5187.9995 0.5044
5189.1958 0.5106
5190.3896 0.5082
5191.5864 0.5099
5192.7808 0.5064
5193.9780 0.5035
5195.1729 0.5065
5196.3682 0.5109
5197.5664 0.5086
5198.7622 0.5058
5199.9609 0.5052
5201.1572 0.5069
5202.3564 0.5092
5203.5532 0.5093
5204.7505 0.5052
5205.9507 0.4990
5207.1484 0.4937
5208.3491 0.4924
5209.5474 0.4917
5210.7485 0.4900
5211.9473 0.4907
5213.1460 0.4942
5214.3481 0.4940
5215.5479 0.4947
5216.7505 0.4965
5217.9507 0.4964
5219.1538 0.4936
5220.3545 0.4932
5221.5557 0.4969
5222.7598 0.4980
5223.9609 0.4955
5225.1655 0.4938
5226.3677 0.4937
5227.5728 0.4845
5228.7754 0.4781
5229.9785 0.4821
5231.1846 0.4880
5232.3877 0.4863
5233.5942 0.4784
5234.7983 0.4756
5236.0054 0.4757
5237.2100 0.4787
5238.4150 0.4826
5239.6230 0.4852
5240.8281 0.4855
5242.0366 0.4847
5243.2427 0.4831
5244.4517 0.4837
5245.6582 0.4882
5246.8652 0.4932
5248.0747 0.4937
5249.2822 0.4936
5250.4927 0.4951
5251.7007 0.4950
5252.9116 0.4948
5254.1201 0.4960
5255.3286 0.4957
5256.5405 0.4906
5257.7500 0.4889
5258.9624 0.4920
5260.1724 0.4952
5261.3853 0.4955
5262.5957 0.4940
5263.8062 0.4911
5265.0200 0.4890
5266.2310 0.4885
5267.4458 0.4880
5268.6572 0.4863
5269.8721 0.4813
5271.0845 0.4669
5272.2974 0.4662
5273.5132 0.4777
5274.7261 0.4878
5275.9424 0.4894
5277.1562 0.4861
5278.3730 0.4811
5279.5874 0.4844
5280.8047 0.4927
5282.0195 0.4957
5283.2349 0.4908
5284.4531 0.4838
5285.6689 0.4777
5286.8877 0.4793
5288.1040 0.4836
5289.3232 0.4843
5290.5400 0.4830
5291.7573 0.4858
5292.9775 0.4889
5294.1953 0.4889
5295.4160 0.4878
5296.6343 0.4858
5297.8555 0.4833
5299.0742 0.4823
5300.2935 0.4832
5301.5156 0.4841
5302.7354 0.4850
5303.9580 0.4867
5305.1782 0.4882
5306.4014 0.4863
5307.6221 0.4811
5308.8433 0.4774
5310.0674 0.4780
5311.2891 0.4824
5312.5137 0.4876
5313.7358 0.4895
5314.9614 0.4855
5316.1841 0.4830
5317.4072 0.4791
5318.6333 0.4753
5319.8569 0.4748
5321.0835 0.4767
5322.3076 0.4758
5323.5347 0.4756
5324.7598 0.4744
5325.9844 0.4729
5327.2129 0.4709
5328.4380 0.4652
5329.6670 0.4549
5330.8931 0.4593
5332.1221 0.4705
5333.3491 0.4770
5334.5757 0.4781
5335.8062 0.4799
5337.0337 0.4763
5338.2642 0.4711
5339.4922 0.4699
5340.7236 0.4703
5341.9521 0.4684
5343.1812 0.4670
5344.4131 0.4752
5345.6426 0.4820
5346.8755 0.4813
5348.1055 0.4772
5349.3389 0.4749
5350.5693 0.4747
5351.8003 0.4734
5353.0342 0.4714
5354.2656 0.4727
5355.5005 0.4746
5356.7324 0.4737
5357.9678 0.4704
5359.2002 0.4665
5360.4331 0.4651
5361.6694 0.4666
5362.9028 0.4674
5364.1392 0.4647
5365.3735 0.4603
5366.6108 0.4591
5367.8452 0.4616
5369.0801 0.4663
5370.3184 0.4692
5371.5537 0.4665
5372.7925 0.4597
5374.0283 0.4594
5375.2676 0.4641
5376.5039 0.4681
5377.7441 0.4716
5378.9810 0.4749
5380.2183 0.4755
5381.4590 0.4739
5382.6973 0.4705
5383.9385 0.4672
5385.1768 0.4654
5386.4189 0.4659
5387.6577 0.4682
5388.8975 0.4709
5390.1401 0.4731
5391.3799 0.4585
5392.6230 0.4225
5393.8638 0.4042
5395.1074 0.4423
5396.3486 0.4629
5397.5903 0.4620
5398.8350 0.4582
5400.0767 0.4602
5401.3223 0.4642
5402.5645 0.4631
5403.8105 0.4602
5405.0537 0.4568
5406.2969 0.4528
5407.5439 0.4505
5408.7876 0.4539
5410.0352 0.4619
5411.2798 0.4591
5412.5273 0.4574
5413.7725 0.4605
5415.0181 0.4629
5416.2666 0.4614
5417.5127 0.4597
5418.7617 0.4597
5420.0083 0.4588
5421.2583 0.4576
5422.5054 0.4564
5423.7529 0.4561
5425.0034 0.4577
5426.2515 0.4593
5427.5029 0.4603
5428.7515 0.4596
5430.0034 0.4575
5431.2524 0.4550
5432.5020 0.4529
5433.7549 0.4536
5435.0049 0.4542
5436.2578 0.4540
5437.5088 0.4566
5438.7627 0.4618
5440.0137 0.4647
5441.2651 0.4654
5442.5200 0.4650
5443.7720 0.4636
5445.0273 0.4625
5446.2798 0.4610
5447.5356 0.4560
5448.7891 0.4489
5450.0425 0.4493
5451.2993 0.4522
5452.5532 0.4544
5453.8105 0.4568
5455.0654 0.4587
5456.3232 0.4545
5457.5786 0.4521
5458.8340 0.4558
5460.0928 0.4598
5461.3486 0.4594
5462.6084 0.4572
5463.8647 0.4567
5465.1250 0.4554
5466.3823 0.4546
5467.6396 0.4549
5468.9004 0.4560
5470.1587 0.4572
5471.4199 0.4572
5472.6787 0.4559
5473.9404 0.4566
5475.1997 0.4581
5476.4624 0.4580
5477.7222 0.4559
5478.9824 0.4547
5480.2461 0.4555
5481.5068 0.4556
5482.7705 0.4547
5484.0322 0.4541
5485.2964 0.4544
5486.5586 0.4531
5487.8208 0.4505
5489.0859 0.4483
5490.3491 0.4471
5491.6147 0.4472
5492.8784 0.4493
5494.1450 0.4529
5495.4087 0.4540
5496.6729 0.4535
5497.9404 0.4533
5499.2056 0.4536
5500.4736 0.4539
5501.7388 0.4560
5503.0073 0.4554
5504.2734 0.4538
5505.5396 0.4534
5506.8096 0.4539
5508.0762 0.4525
5509.3462 0.4498
5510.6138 0.4468
5511.8843 0.4471
5513.1523 0.4486
5514.4209 0.4491
5515.6924 0.4501
5516.9614 0.4522
5518.2334 0.4520
5519.5029 0.4499
5520.7759 0.4478
5522.0459 0.4469
5523.3159 0.4473
5524.5898 0.4482
5525.8608 0.4471
5527.1348 0.4433
5528.4062 0.4373
5529.6812 0.4325
5530.9536 0.4343
5532.2256 0.4416
5533.5015 0.4445
5534.7744 0.4444
5536.0508 0.4423
5537.3242 0.4399
5538.6011 0.4403
5539.8755 0.4434
5541.1499 0.4449
5542.4277 0.4447
5543.7026 0.4435
5544.9810 0.4424
5546.2568 0.4430
5547.5356 0.4460
5548.8115 0.4479
5550.0884 0.4485
5551.3682 0.4487
5552.6450 0.4484
5553.9258 0.4468
5555.2031 0.4472
5556.4844 0.4477
5557.7627 0.4481
5559.0410 0.4480
5560.3232 0.4469
5561.6021 0.4454
5562.8848 0.4455
5564.1646 0.4449
5565.4473 0.4447
5566.7280 0.4450
5568.0083 0.4448
5569.2925 0.4441
5570.5737 0.4433
5571.8579 0.4427
5573.1401 0.4423
5574.4253 0.4414
5575.7075 0.4404
5576.9932 0.4406
5578.2764 0.4407
5579.5596 0.4401
5580.8462 0.4395
5582.1299 0.4396
5583.4170 0.4405
5584.7017 0.4408
5585.9893 0.4382
5587.2744 0.4359
5588.5601 0.4349
5589.8486 0.4349
5591.1348 0.4355
5592.4238 0.4366
5593.7104 0.4373
5595.0005 0.4368
5596.2876 0.4356
5597.5747 0.4352
5598.8657 0.4350
5600.1538 0.4334
5601.4448 0.4333
5602.7334 0.4324
5604.0254 0.4319
5605.3149 0.4332
5606.6045 0.4355
5607.8970 0.4367
5609.1870 0.4363
5610.4805 0.4349
5611.7715 0.4335
5613.0654 0.4328
5614.3569 0.4333
5615.6484 0.4339
5616.9434 0.4316
5618.2354 0.4301
5619.5308 0.4317
5620.8237 0.4338
5622.1201 0.4345
5623.4131 0.4343
5624.7070 0.4335
5626.0039 0.4333
5627.2983 0.4340
5628.5957 0.4354
5629.8906 0.4365
5631.1890 0.4363
5632.4844 0.4344
5633.7803 0.4329
5635.0791 0.4334
5636.3755 0.4347
5637.6753 0.4347
5638.9722 0.4321
5640.2725 0.4288
5641.5703 0.4286
5642.8682 0.4298
5644.1694 0.4308
5645.4678 0.4310
5646.7695 0.4301
5648.0684 0.4302
5649.3711 0.4300
5650.6704 0.4299
5651.9707 0.4303
5653.2739 0.4303
5654.5742 0.4291
5655.8784 0.4288
5657.1797 0.4288
5658.4839 0.4265
5659.7856 0.4246
5661.0879 0.4259
5662.3931 0.4286
5663.6958 0.4282
5665.0020 0.4271
5666.3052 0.4264
5667.6118 0.4263
5668.9155 0.4270
5670.2197 0.4287
5671.5273 0.4283
5672.8320 0.4263
5674.1401 0.4239
5675.4453 0.4226
5676.7539 0.4227
5678.0601 0.4225
5679.3696 0.4226
5680.6758 0.4231
5681.9829 0.4230
5683.2930 0.4229
5684.6006 0.4223
5685.9111 0.4200
5687.2192 0.4199
5688.5308 0.4209
5689.8394 0.4207
5691.1484 0.4203
5692.4609 0.4203
5693.7705 0.4199
5695.0835 0.4187
5696.3936 0.4193
5697.7070 0.4202
5699.0176 0.4206
5700.3286 0.4200
5701.6431 0.4182
5702.9551 0.4168
5704.2700 0.4173
5705.5825 0.4148
5706.8979 0.4107
5708.2109 0.4101
5709.5239 0.4141
5710.8408 0.4167
5712.1543 0.4161
5713.4717 0.4146
5714.7861 0.4151
5716.1040 0.4173
5717.4189 0.4178
5718.7339 0.4169
5720.0527 0.4152
5721.3687 0.4140
5722.6880 0.4137
5724.0044 0.4141
5725.3242 0.4146
5726.6416 0.4149
5727.9590 0.4140
5729.2798 0.4132
5730.5977 0.4130
5731.9194 0.4130
5733.2378 0.4130
5734.5601 0.4144
5735.8794 0.4141
5737.1987 0.4127
5738.5215 0.4122
5739.8418 0.4132
5741.1655 0.4138
5742.4863 0.4153
5743.8105 0.4152
5745.1318 0.4143
5746.4536 0.4120
5747.7783 0.4095
5749.1006 0.4096
5750.4268 0.4120
5751.7495 0.4136
5753.0757 0.4140
5754.3994 0.4135
5755.7231 0.4128
5757.0503 0.4127
5758.3745 0.4132
5759.7026 0.4132
5761.0273 0.4130
5762.3560 0.4130
5763.6816 0.4128
5765.0078 0.4115
5766.3369 0.4101
5767.6636 0.4089
5768.9937 0.4087
5770.3208 0.4100
5771.6514 0.4111
5772.9790 0.4094
5774.3071 0.4076
5775.6387 0.4059
5776.9673 0.4044
5778.2993 0.4030
5779.6289 0.4013
5780.9614 0.3964
5782.2915 0.3819
5783.6250 0.3742
5784.9556 0.3828
5786.2861 0.3973
5787.6206 0.4059
5788.9521 0.4076
5790.2871 0.4065
5791.6191 0.4057
5792.9546 0.4060
5794.2871 0.4067
5795.6201 0.4074
5796.9565 0.4076
5798.2900 0.4034
5799.6274 0.3986
5800.9614 0.4010
5802.2993 0.4070
5803.6338 0.4106
5804.9692 0.4117
5806.3076 0.4123
5807.6436 0.4116
5808.9824 0.4114
5810.3188 0.4116
5811.6587 0.4115
5812.9956 0.4113
5814.3330 0.4106
5815.6738 0.4099
5817.0117 0.4111
5818.3530 0.4130
5819.6914 0.4133
5821.0337 0.4118
5822.3726 0.4117
5823.7119 0.4129
5825.0552 0.4138
5826.3950 0.4140
5827.7388 0.4140
5829.0791 0.4138
5830.4233 0.4128
5831.7646 0.4135
5833.1064 0.4144
5834.4517 0.4146
5835.7935 0.4144
5837.1396 0.4143
5838.4824 0.4138
5839.8286 0.4131
5841.1719 0.4123
5842.5156 0.4114
5843.8633 0.4103
5845.2075 0.4091
5846.5552 0.4085
5847.9004 0.4086
5849.2490 0.4084
5850.5942 0.4073
5851.9404 0.4052
5853.2896 0.4041
5854.6362 0.4075
5855.9863 0.4089
5857.3335 0.4071
5858.6841 0.4051
5860.0322 0.4055
5861.3799 0.4085
5862.7319 0.4120
5864.0806 0.4123
5865.4326 0.4111
5866.7822 0.4094
5868.1348 0.4077
5869.4849 0.4077
5870.8350 0.4084
5872.1890 0.4081
5873.5400 0.4075
5874.8940 0.4055
5876.2456 0.4031
5877.6006 0.4040
5878.9531 0.4053
5880.3052 0.4068
5881.6611 0.4067
5883.0146 0.4053
5884.3711 0.4039
5885.7246 0.4031
5887.0820 0.4023
5888.4365 0.3977
5889.7939 0.3868
5891.1489 0.3493
5892.5044 0.3070
5893.8633 0.3244
5895.2192 0.3754
5896.5786 0.3741
5897.9351 0.3338
5899.2949 0.3215
5900.6523 0.3574
5902.0098 0.3880
5903.3706 0.3913
5904.7285 0.3947
5906.0903 0.3976
5907.4487 0.3986
5908.8110 0.3987
5910.1704 0.3980
5911.5303 0.3968
5912.8931 0.3967
5914.2534 0.3972
5915.6172 0.3966
5916.9780 0.3952
5918.3428 0.3950
5919.7041 0.3915
5921.0659 0.3884
5922.4312 0.3895
5923.7939 0.3924
5925.1597 0.3918
5926.5229 0.3877
5927.8896 0.3909
5929.2534 0.3964
5930.6172 0.3976
5931.9849 0.3958
5933.3496 0.3946
5934.7178 0.3938
5936.0830 0.3930
5937.4517 0.3934
5938.8179 0.3937
5940.1841 0.3939
5941.5537 0.3929
5942.9204 0.3882
5944.2910 0.3834
5945.6587 0.3843
5947.0298 0.3870
5948.3975 0.3881
5949.7661 0.3882
5951.1382 0.3891
5952.5073 0.3885
5953.8799 0.3896
5955.2495 0.3910
5956.6226 0.3915
5957.9932 0.3907
5959.3638 0.3876
5960.7378 0.3829
5962.1094 0.3853
5963.4839 0.3893
5964.8560 0.3903
5966.2314 0.3896
5967.6040 0.3901
5968.9766 0.3882
5970.3530 0.3851
5971.7266 0.3844
5973.1035 0.3859
5974.4780 0.3871
5975.8555 0.3868
5977.2305 0.3860
5978.6055 0.3853
5979.9839 0.3856
5981.3599 0.3867
5982.7388 0.3875
5984.1152 0.3875
5985.4951 0.3887
5986.8721 0.3886
5988.2495 0.3880
5989.6304 0.3869
5991.0083 0.3852
5992.3896 0.3840
5993.7681 0.3855
5995.1504 0.3877
5996.5298 0.3877
5997.9126 0.3865
5999.2920 0.3868
6000.6724 0.3888
6002.0562 0.3885
6003.4370 0.3869
6004.8213 0.3865
6006.2026 0.3857
6007.5874 0.3833
6008.9697 0.3818
6010.3521 0.3820
6011.7378 0.3806
6013.1211 0.3787
6014.5078 0.3782
6015.8911 0.3796
6017.2783 0.3816
6018.6626 0.3827
6020.0474 0.3831
6021.4355 0.3822
6022.8208 0.3810
6024.2095 0.3809
6025.5957 0.3819
6026.9849 0.3809
6028.3716 0.3797
6029.7583 0.3792
6031.1489 0.3803
6032.5361 0.3824
6033.9272 0.3834
6035.3154 0.3834
6036.7070 0.3817
6038.0957 0.3788
6039.4849 0.3760
6040.8774 0.3749
6042.2671 0.3761
6043.6606 0.3770
6045.0508 0.3760
6046.4448 0.3753
6047.8359 0.3763
6049.2271 0.3775
6050.6221 0.3775
6052.0142 0.3791
6053.4097 0.3794
6054.8022 0.3779
6056.1982 0.3771
6057.5918 0.3782
6058.9854 0.3797
6060.3823 0.3804
6061.7764 0.3800
6063.1743 0.3788
6064.5693 0.3778
6065.9678 0.3775
6067.3633 0.3773
6068.7588 0.3771
6070.1582 0.3780
6071.5547 0.3786
6072.9551 0.3780
6074.3521 0.3773
6075.7529 0.3777
6077.1504 0.3779
6078.5483 0.3778
6079.9502 0.3775
6081.3491 0.3775
6082.7515 0.3773
6084.1504 0.3763
6085.5537 0.3779
6086.9536 0.3787
6088.3540 0.3781
6089.7578 0.3778
6091.1587 0.3785
6092.5635 0.3785
6093.9648 0.3786
6095.3701 0.3791
6096.7725 0.3812
6098.1782 0.3810
6099.5811 0.3781
6100.9844 0.3781
6102.3911 0.3789
6103.7949 0.3778
6105.2026 0.3774
6106.6069 0.3784
6108.0151 0.3792
6109.4204 0.3787
6110.8257 0.3773
6112.2349 0.3777
6113.6411 0.3786
6115.0508 0.3785
6116.4575 0.3778
6117.8682 0.3785
6119.2754 0.3795
6120.6831 0.3794
6122.0947 0.3786
6123.5029 0.3761
6124.9150 0.3736
6126.3242 0.3754
6127.7368 0.3764
6129.1465 0.3764
6130.5566 0.3764
6131.9702 0.3775
6133.3809 0.3791
6134.7954 0.3794
6136.2065 0.3775
6137.6216 0.3760
6139.0337 0.3748
6140.4458 0.3746
6141.8618 0.3748
6143.2749 0.3742
6144.6914 0.3748
6146.1050 0.3751
6147.5220 0.3754
6148.9365 0.3759
6150.3511 0.3759
6151.7690 0.3751
6153.1846 0.3747
6154.6035 0.3752
6156.0190 0.3753
6157.4390 0.3753
6158.8555 0.3757
6160.2720 0.3752
6161.6929 0.3733
6163.1104 0.3706
6164.5312 0.3686
6165.9497 0.3691
6167.3711 0.3710
6168.7900 0.3706
6170.2095 0.3682
6171.6323 0.3672
6173.0518 0.3671
6174.4756 0.3670
6175.8960 0.3672
6177.3198 0.3680
6178.7412 0.3679
6180.1626 0.3690
6181.5874 0.3721
6183.0098 0.3741
6184.4355 0.3724
6185.8579 0.3691
6187.2847 0.3690
6188.7080 0.3699
6190.1318 0.3709
6191.5591 0.3711
6192.9834 0.3700
6194.4116 0.3694
6195.8364 0.3707
6197.2651 0.3709
6198.6909 0.3708
6200.1172 0.3720
6201.5469 0.3740
6202.9731 0.3730
6204.4038 0.3670
6205.8311 0.3614
6207.2622 0.3617
6208.6899 0.3655
6210.1216 0.3682
6211.5503 0.3694
6212.9795 0.3701
6214.4121 0.3690
6215.8418 0.3682
6217.2749 0.3692
6218.7056 0.3711
6220.1392 0.3715
6221.5703 0.3711
6223.0015 0.3702
6224.4365 0.3696
6225.8687 0.3690
6227.3042 0.3688
6228.7368 0.3704
6230.1729 0.3705
6231.6064 0.3700
6233.0400 0.3699
6234.4771 0.3701
6235.9116 0.3700
6237.3496 0.3694
6238.7842 0.3682
6240.2231 0.3679
6241.6587 0.3685
6243.0942 0.3687
6244.5342 0.3684
6245.9707 0.3681
6247.4111 0.3674
6248.8481 0.3675
6250.2891 0.3684
6251.7271 0.3694
6253.1650 0.3693
6254.6069 0.3675
6256.0459 0.3670
6257.4888 0.3678
6258.9282 0.3685
6260.3716 0.3685
6261.8115 0.3677
6263.2520 0.3671
6264.6963 0.3673
6266.1377 0.3672
6267.5825 0.3670
6269.0244 0.3669
6270.4702 0.3659
6271.9126 0.3626
6273.3555 0.3610
6274.8022 0.3619
6276.2456 0.3627
6277.6929 0.3575
6279.1372 0.3439
6280.5850 0.3298
6282.0298 0.3327
6283.4751 0.3348
6284.9238 0.3302
6286.3696 0.3220
6287.8193 0.3206
6289.2661 0.3340
6290.7163 0.3450
6292.1636 0.3499
6293.6108 0.3530
6295.0620 0.3557
6296.5103 0.3571
6297.9624 0.3569
6299.4111 0.3579
6300.8638 0.3568
6302.3135 0.3575
6303.7632 0.3580
6305.2168 0.3571
6306.6675 0.3585
6308.1216 0.3569
6309.5728 0.3573
6311.0278 0.3575
6312.4795 0.3567
6313.9316 0.3578
6315.3877 0.3624
6316.8403 0.3614
6318.2974 0.3600
6319.7510 0.3585
6321.2080 0.3572
6322.6621 0.3579
6324.1201 0.3608
6325.5752 0.3619
6327.0303 0.3624
6328.4893 0.3633
6329.9453 0.3641
6331.4048 0.3639
6332.8613 0.3624
6334.3218 0.3620
6335.7788 0.3625
6337.2363 0.3623
6338.6978 0.3619
6340.1558 0.3620
6341.6182 0.3623
6343.0767 0.3619
6344.5396 0.3619
6345.9990 0.3622
6347.4590 0.3615
6348.9229 0.3594
6350.3833 0.3578
6351.8477 0.3595
6353.3091 0.3612
6354.7739 0.3606
6356.2358 0.3595
6357.6982 0.3600
6359.1641 0.3607
6360.6270 0.3598
6362.0938 0.3593
6363.5576 0.3587
6365.0249 0.3578
6366.4893 0.3577
6367.9536 0.3586
6369.4224 0.3586
6370.8877 0.3586
6372.3564 0.3587
6373.8228 0.3592
6375.2925 0.3599
6376.7588 0.3594
6378.2261 0.3585
6379.6968 0.3573
6381.1646 0.3558
6382.6357 0.3555
6384.1040 0.3574
6385.5762 0.3601
6387.0454 0.3600
6388.5146 0.3599
6389.9878 0.3601
6391.4580 0.3596
6392.9316 0.3584
6394.4023 0.3580
6395.8770 0.3580
6397.3481 0.3581
6398.8198 0.3570
6400.2954 0.3561
6401.7681 0.3564
6403.2441 0.3561
6404.7173 0.3573
6406.1943 0.3581
6407.6680 0.3574
6409.1421 0.3559
6410.6196 0.3553
6412.0947 0.3566
6413.5732 0.3562
6415.0488 0.3561
6416.5278 0.3559
6418.0039 0.3553
6419.4805 0.3548
6420.9609 0.3551
6422.4380 0.3553
6423.9189 0.3554
6425.3970 0.3557
6426.8784 0.3557
6428.3569 0.3553
6429.8359 0.3547
6431.3184 0.3544
6432.7979 0.3529
6434.2812 0.3520
6435.7617 0.3518
6437.2456 0.3515
6438.7266 0.3511
6440.2114 0.3495
6441.6929 0.3495
6443.1748 0.3508
6444.6606 0.3509
6446.1431 0.3493
6447.6294 0.3492
6449.1128 0.3486
6450.6001 0.3480
6452.0840 0.3479
6453.5684 0.3474
6455.0566 0.3464
6456.5415 0.3456
6458.0303 0.3439
6459.5161 0.3429
6461.0054 0.3438
6462.4917 0.3452
6463.9785 0.3446
6465.4692 0.3426
6466.9565 0.3437
6468.4478 0.3446
6469.9360 0.3444
6471.4277 0.3449
6472.9165 0.3465
6474.4058 0.3463
6475.8984 0.3439
6477.3882 0.3416
6478.8818 0.3402
6480.3726 0.3397
6481.8667 0.3408
6483.3579 0.3435
6484.8496 0.3429
6486.3447 0.3416
6487.8369 0.3422
6489.3330 0.3433
6490.8262 0.3430
6492.3228 0.3421
6493.8164 0.3414
6495.3101 0.3392
6496.8081 0.3369
6498.3027 0.3363
6499.8013 0.3381
6501.2964 0.3407
6502.7954 0.3418
6504.2915 0.3416
6505.7876 0.3411
6507.2881 0.3406
6508.7852 0.3399
6510.2861 0.3395
6511.7837 0.3388
6513.2852 0.3382
6514.7837 0.3385
6516.2822 0.3375
6517.7852 0.3345
6519.2842 0.3332
6520.7876 0.3345
6522.2876 0.3353
6523.7920 0.3355
6525.2925 0.3355
6526.7939 0.3359
6528.2988 0.3363
6529.8008 0.3356
6531.3062 0.3345
6532.8091 0.3335
6534.3154 0.3320
6535.8184 0.3299
6537.3223 0.3290
6538.8296 0.3301
6540.3340 0.3313
6541.8423 0.3314
6543.3472 0.3304
6544.8560 0.3287
6546.3613 0.3275
6547.8677 0.3281
6549.3774 0.3268
6550.8843 0.3255
6552.3945 0.3250
6553.9019 0.3236
6555.4136 0.3195
6556.9214 0.3157
6558.4336 0.3105
6559.9424 0.3011
6561.4512 0.2797
6562.9644 0.2351
6564.4741 0.1820
6565.9878 0.2091
6567.4985 0.2558
6569.0127 0.2862
6570.5239 0.3006
6572.0356 0.3097
6573.5513 0.3156
6575.0635 0.3192
6576.5796 0.3213
6578.0923 0.3236
6579.6094 0.3258
6581.1230 0.3270
6582.6372 0.3274
6584.1548 0.3291
6585.6694 0.3295
6587.1885 0.3295
6588.7036 0.3300
6590.2231 0.3308
6591.7393 0.3314
6593.2554 0.3311
6594.7759 0.3312
6596.2930 0.3313
6597.8140 0.3312
6599.3320 0.3316
6600.8535 0.3333
6602.3721 0.3343
6603.8911 0.3351
6605.4141 0.3344
6606.9336 0.3327
6608.4570 0.3318
6609.9771 0.3323
6611.5015 0.3330
6613.0225 0.3332
6614.5439 0.3316
6616.0693 0.3279
6617.5913 0.3259
6619.1172 0.3303
6620.6396 0.3325
6622.1665 0.3329
6623.6899 0.3334
6625.2139 0.3341
6626.7417 0.3346
6628.2661 0.3351
6629.7944 0.3352
6631.3198 0.3354
6632.8486 0.3353
6634.3745 0.3349
6635.9009 0.3347
6637.4312 0.3348
6638.9580 0.3354
6640.4888 0.3354
6642.0166 0.3353
6643.5483 0.3356
6645.0767 0.3360
6646.6055 0.3353
6648.1382 0.3353
6649.6675 0.3357
6651.2007 0.3367
6652.7310 0.3375
6654.2651 0.3370
6655.7959 0.3361
6657.3271 0.3366
6658.8623 0.3373
6660.3940 0.3381
6661.9297 0.3381
6663.4624 0.3370
6664.9990 0.3366
6666.5322 0.3363
6668.0659 0.3369
6669.6035 0.3385
6671.1377 0.3393
6672.6763 0.3385
6674.2114 0.3388
6675.7505 0.3387
6677.2861 0.3385
6678.8257 0.3388
6680.3623 0.3398
6681.8989 0.3410
6683.4399 0.3409
6684.9775 0.3405
6686.5190 0.3407
6688.0571 0.3409
6689.5996 0.3413
6691.1382 0.3418
6692.6777 0.3415
6694.2212 0.3416
6695.7607 0.3410
6697.3052 0.3400
6698.8457 0.3392
6700.3906 0.3390
6701.9316 0.3390
6703.4736 0.3403
6705.0195 0.3414
6706.5620 0.3422
6708.1084 0.3421
6709.6519 0.3411
6711.1987 0.3413
6712.7427 0.3423
6714.2871 0.3427
6715.8354 0.3420
6717.3804 0.3415
6718.9292 0.3416
6720.4751 0.3419
6722.0249 0.3418
6723.5713 0.3415
6725.1177 0.3396
6726.6685 0.3384
6728.2163 0.3399
6729.7676 0.3426
6731.3159 0.3422
6732.8682 0.3418
6734.4170 0.3419
6735.9663 0.3420
6737.5195 0.3418
6739.0693 0.3413
6740.6235 0.3404
6742.1743 0.3394
6743.7290 0.3393
6745.2803 0.3395
6746.8320 0.3394
6748.3877 0.3390
6749.9404 0.3388
6751.4966 0.3385
6753.0498 0.3386
6754.6069 0.3389
6756.1611 0.3390
6757.7153 0.3388
6759.2734 0.3378
6760.8286 0.3377
6762.3877 0.3378
6763.9434 0.3379
6765.5029 0.3379
6767.0596 0.3375
6768.6162 0.3377
6770.1772 0.3375
6771.7344 0.3373
6773.2959 0.3372
6774.8540 0.3370
6776.4165 0.3365
6777.9756 0.3364
6779.5347 0.3364
6781.0981 0.3364
6782.6582 0.3362
6784.2222 0.3362
6785.7827 0.3360
6787.3477 0.3357
6788.9092 0.3359
6790.4707 0.3363
6792.0366 0.3366
6793.5991 0.3367
6795.1655 0.3367
6796.7290 0.3367
6798.2964 0.3367
6799.8604 0.3366
6801.4282 0.3364
6802.9927 0.3364
6804.5581 0.3366
6806.1270 0.3365
6807.6929 0.3364
6809.2627 0.3364
6810.8291 0.3362
6812.3994 0.3360
6813.9668 0.3359
6815.5342 0.3357
6817.1060 0.3355
6818.6743 0.3355
6820.2466 0.3355
6821.8154 0.3353
6823.3887 0.3353
6824.9585 0.3353
6826.5283 0.3354
6828.1025 0.3345
6829.6733 0.3326
6831.2485 0.3317
6832.8198 0.3343
6834.3955 0.3349
6835.9678 0.3351
6837.5405 0.3350
6839.1172 0.3349
6840.6904 0.3348
6842.2681 0.3347
6843.8418 0.3345
6845.4199 0.3345
6846.9946 0.3344
6848.5698 0.3345
6850.1494 0.3347
6851.7251 0.3348
6853.3052 0.3347
6854.8818 0.3346
6856.4624 0.3342
6858.0396 0.3337
6859.6177 0.3335
6861.1992 0.3337
6862.7778 0.3337
6864.3604 0.3335
6865.9395 0.3338
6867.5225 0.3341
6869.1025 0.3341
6870.6826 0.3339
6872.2671 0.3332
6873.8481 0.3331
6875.4331 0.3334
6877.0146 0.3337
6878.6006 0.3337
6880.1831 0.3337
6881.7656 0.3336
6883.3525 0.3333
6884.9360 0.3332
6886.5239 0.3331
6888.1079 0.3331
6889.6963 0.3329
6891.2812 0.3330
6892.8667 0.3330
6894.4561 0.3330
6896.0425 0.3329
6897.6323 0.3328
6899.2192 0.3328
6900.8105 0.3327
6902.3979 0.3325
6903.9858 0.3325
6905.5776 0.3322
6907.1665 0.3315
6908.7593 0.3310
6910.3486 0.3314
6911.9419 0.3315
6913.5322 0.3315
6915.1226 0.3313
6916.7173 0.3312
6918.3081 0.3312
6919.9038 0.3312
6921.4956 0.3309
6923.0918 0.3301
6924.6846 0.3297
6926.2812 0.3302
6927.8745 0.3305
6929.4683 0.3299
6931.0664 0.3299
6932.6606 0.3301
6934.2593 0.3302
6935.8545 0.3303
6937.4541 0.3305
6939.0498 0.3304
6940.6460 0.3303
6942.2466 0.3302
6943.8438 0.3303
6945.4448 0.3304
6947.0430 0.3303
6948.6445 0.3303
6950.2432 0.3305
6951.8423 0.3306
6953.4453 0.3305
6955.0449 0.3303
6956.6489 0.3305
6958.2490 0.3305
6959.8535 0.3305
6961.4546 0.3305
6963.0562 0.3301
6964.6621 0.3295
6966.2642 0.3297
6967.8706 0.3296
6969.4736 0.3295
6971.0806 0.3296
6972.6841 0.3294
6974.2886 0.3286
6975.8965 0.3286
6977.5015 0.3293
6979.1104 0.3296
6980.7158 0.3288
6982.3257 0.3281
6983.9321 0.3285
6985.5386 0.3290
6987.1494 0.3296
6988.7568 0.3295
6990.3687 0.3297
6991.9766 0.3299
6993.5889 0.3291
6995.1978 0.3273
6996.8071 0.3274
6998.4204 0.3283
7000.0303 0.3284
7001.6445 0.3277
7003.2554 0.3274
7004.8701 0.3279
7006.4819 0.3290
7008.0938 0.3293
7009.7095 0.3297
7011.3223 0.3298
7012.9390 0.3286
7014.5522 0.3275
7016.1699 0.3284
7017.7837 0.3292
7019.3984 0.3287
7021.0171 0.3278
7022.6323 0.3277
7024.2515 0.3283
7025.8677 0.3281
7027.4878 0.3275
7029.1045 0.3275
7030.7212 0.3273
7032.3428 0.3265
7033.9604 0.3265
7035.5825 0.3272
7037.2007 0.3286
7038.8237 0.3299
7040.4429 0.3294
7042.0664 0.3277
7043.6865 0.3279
7045.3066 0.3288
7046.9316 0.3269
7048.5527 0.3250
7050.1782 0.3255
7051.7998 0.3268
7053.4263 0.3260
7055.0488 0.3275
7056.6719 0.3293
7058.2988 0.3302
7059.9229 0.3290
7061.5508 0.3257
7063.1753 0.3237
7064.8037 0.3237
7066.4292 0.3233
7068.0547 0.3212
7069.6846 0.3202
7071.3110 0.3225
7072.9419 0.3255
7074.5688 0.3252
7076.2002 0.3250
7077.8281 0.3252
7079.4561 0.3253
7081.0889 0.3243
7082.7178 0.3220
7084.3511 0.3236
7085.9810 0.3256
7087.6147 0.3265
7089.2451 0.3264
7090.8760 0.3256
7092.5112 0.3241
7094.1431 0.3238
7095.7788 0.3244
7097.4111 0.3254
7099.0479 0.3255
7100.6812 0.3246
7102.3145 0.3244
7103.9521 0.3245
7105.5864 0.3247
7107.2251 0.3247
7108.8599 0.3240
7110.4995 0.3233
7112.1353 0.3235
7113.7715 0.3218
7115.4116 0.3206
7117.0483 0.3205
7118.6899 0.3208
7120.3271 0.3211
7121.9692 0.3219
7123.6079 0.3225
7125.2466 0.3231
7126.8896 0.3237
7128.5293 0.3239
7130.1729 0.3236
7131.8130 0.3231
7133.4580 0.3226
7135.0986 0.3227
7136.7402 0.3227
7138.3857 0.3226
7140.0283 0.3226
7141.6748 0.3224
7143.3174 0.3226
7144.9648 0.3222
7146.6084 0.3223
7148.2524 0.3223
7149.9009 0.3215
7151.5459 0.3214
7153.1948 0.3222
7154.8403 0.3225
7156.4902 0.3219
7158.1367 0.3206
7159.7832 0.3198
7161.4346 0.3213
7163.0820 0.3215
7164.7339 0.3212
7166.3818 0.3205
7168.0347 0.3201
7169.6836 0.3208
7171.3369 0.3215
7172.9863 0.3217
7174.6367 0.3217
7176.2910 0.3215
7177.9419 0.3213
7179.5972 0.3212
7181.2490 0.3212
7182.9048 0.3206
7184.5571 0.3205
7186.2100 0.3209
7187.8672 0.3204
7189.5210 0.3193
7191.1787 0.3197
7192.8330 0.3197
7194.4917 0.3183
7196.1465 0.3174
7197.8022 0.3175
7199.4619 0.3178
7201.1182 0.3175
7202.7788 0.3171
7204.4355 0.3164
7206.0972 0.3165
7207.7549 0.3165
7209.4131 0.3157
7211.0757 0.3156
7212.7344 0.3163
7214.3975 0.3163
7216.0571 0.3156
7217.7212 0.3153
7219.3818 0.3157
7221.0425 0.3159
7222.7075 0.3154
7224.3691 0.3142
7226.0352 0.3133
7227.6973 0.3138
7229.3643 0.3152
7231.0273 0.3156
7232.6909 0.3157
7234.3584 0.3157
7236.0229 0.3155
7237.6914 0.3153
7239.3564 0.3151
7241.0259 0.3146
7242.6919 0.3135
7244.3579 0.3136
7246.0283 0.3140
7247.6953 0.3141
7249.3667 0.3144
7251.0342 0.3144
7252.7065 0.3138
7254.3750 0.3134
7256.0439 0.3124
7257.7168 0.3121
7259.3867 0.3134
7261.0605 0.3138
7262.7310 0.3135
7264.4058 0.3132
7266.0771 0.3130
7267.7485 0.3130
7269.4243 0.3131
7271.0967 0.3132
7272.7734 0.3130
7274.4463 0.3128
7276.1240 0.3123
7277.7979 0.3119
7279.4722 0.3118
7281.1509 0.3118
7282.8257 0.3116
7284.5054 0.3114
7286.1812 0.3111
7287.8613 0.3109
7289.5376 0.3101
7291.2148 0.3079
7292.8960 0.3088
7294.5737 0.3100
7296.2559 0.3104
7297.9341 0.3103
7299.6172 0.3102
7301.2964 0.3099
7302.9800 0.3094
7304.6602 0.3091
7306.3408 0.3091
7308.0254 0.3084
7309.7065 0.3064
7311.3921 0.3044
7313.0742 0.3043
7314.7607 0.3050
7316.4434 0.3055
7318.1265 0.3057
7319.8140 0.3056
7321.4980 0.3049
7323.1860 0.3041
7324.8711 0.3048
7326.5601 0.3051
7328.2456 0.3048
7329.9312 0.3047
7331.6216 0.3049
7333.3081 0.3047
7334.9995 0.3048
7336.6865 0.3049
7338.3784 0.3049
7340.0669 0.3050
7341.7554 0.3049
7343.4482 0.3049
7345.1377 0.3049
7346.8315 0.3049
7348.5215 0.3049
7350.2163 0.3048
7351.9067 0.3048
7353.5981 0.3046
7355.2939 0.3042
7356.9858 0.3039
7358.6826 0.3040
7360.3755 0.3045
7362.0728 0.3045
7363.7661 0.3044
7365.4604 0.3043
7367.1587 0.3045
7368.8535 0.3046
7370.5527 0.3046
7372.2485 0.3043
7373.9487 0.3045
7375.6450 0.3044
7377.3418 0.3045
7379.0430 0.3045
7380.7402 0.3045
7382.4424 0.3045
7384.1406 0.3048
7385.8433 0.3055
7387.5425 0.3052
7389.2422 0.3041
7390.9458 0.3034
7392.6465 0.3038
7394.3511 0.3039
7396.0522 0.3035
7397.7573 0.3040
7399.4595 0.3043
7401.1616 0.3036
7402.8682 0.3034
7404.5713 0.3024
7406.2788 0.3016
7407.9824 0.3009
7409.6909 0.3006
7411.3955 0.3008
7413.1006 0.3012
7414.8101 0.3003
7416.5156 0.3003
7418.2261 0.3001
7419.9326 0.3004
7421.6436 0.3017
7423.3506 0.3010
7425.0586 0.3000
7426.7705 0.3000
7428.4795 0.2999
7430.1924 0.2993
7431.9014 0.2988
7433.6152 0.2985
7435.3257 0.2987
7437.0400 0.3003
7438.7510 0.3016
7440.4624 0.3020
7442.1777 0.3019
7443.8901 0.3024
7445.6064 0.3029
7447.3193 0.3028
7449.0366 0.3025
7450.7505 0.3022
7452.4644 0.3025
7454.1831 0.3025
7455.8979 0.3023
7457.6172 0.3027
7459.3325 0.3027
7461.0527 0.3015
7462.7690 0.3002
7464.4858 0.3011
7466.2070 0.3019
7467.9248 0.3014
7469.6470 0.3012
7471.3652 0.3014
7473.0884 0.3011
7474.8076 0.3005
7476.5269 0.3008
7478.2510 0.3007
7479.9712 0.3004
7481.6963 0.3001
7483.4175 0.3002
7485.1431 0.3004
7486.8652 0.3012
7488.5874 0.3019
7490.3145 0.3019
7492.0371 0.3016
7493.7651 0.3011
7495.4888 0.3005
7497.2173 0.3002
7498.9419 0.3003
7500.6670 0.3005
7502.3970 0.3006
7504.1226 0.3004
7505.8530 0.2998
7507.5801 0.2995
7509.3110 0.2992
7511.0386 0.2988
7512.7666 0.2977
7514.4990 0.2967
7516.2275 0.2980
7517.9609 0.2984
7519.6904 0.2989
7521.4243 0.2992
7523.1548 0.2987
7524.8853 0.2978
7526.6206 0.2983
7528.3521 0.2994
7530.0884 0.2995
7531.8203 0.2989
7533.5571 0.2981
7535.2905 0.2977
7537.0239 0.2978
7538.7617 0.2982
7540.4961 0.2984
7542.2349 0.2984
7543.9702 0.2981
7545.7095 0.2979
7547.4453 0.2979
7549.1816 0.2978
7550.9229 0.2979
7552.6597 0.2978
7554.4014 0.2978
7556.1392 0.2978
7557.8818 0.2976
7559.6201 0.2977
7561.3594 0.2977
7563.1030 0.2974
7564.8428 0.2969
7566.5874 0.2962
7568.3281 0.2957
7570.0732 0.2956
7571.8149 0.2954
7573.5610 0.2953
7575.3032 0.2951
7577.0459 0.2946
7578.7930 0.2944
7580.5366 0.2946
7582.2847 0.2945
7584.0288 0.2943
7585.7778 0.2941
7587.5229 0.2939
7589.2686 0.2938
7591.0186 0.2938
7592.7646 0.2938
7594.5156 0.2937
7596.2627 0.2937
7598.0142 0.2936
7599.7622 0.2936
7601.5107 0.2935
7603.2637 0.2933
7605.0127 0.2932
7606.7661 0.2931
7608.5161 0.2931
7610.2710 0.2930
7612.0215 0.2928
7613.7725 0.2928
7615.5283 0.2929
7617.2803 0.2929
7619.0366 0.2926
7620.7896 0.2925
7622.5469 0.2923
7624.3003 0.2923
7626.0542 0.2925
7627.8130 0.2927
7629.5679 0.2925
7631.3271 0.2924
7633.0825 0.2922
7634.8428 0.2921
7636.5991 0.2918
7638.3560 0.2917
7640.1172 0.2917
7641.8750 0.2916
7643.6372 0.2915
7645.3955 0.2915
7647.1587 0.2914
7648.9180 0.2912
7650.6772 0.2911
7652.4419 0.2911
7654.2021 0.2909
7655.9673 0.2905
7657.7285 0.2897
7659.4941 0.2890
7661.2563 0.2887
7663.0186 0.2886
7664.7856 0.2884
7666.5493 0.2883
7668.3169 0.2889
7670.0811 0.2897
7671.8496 0.2898
7673.6147 0.2897
7675.3799 0.2895
7677.1499 0.2893
7678.9160 0.2893
7680.6870 0.2891
7682.4536 0.2886
7684.2251 0.2887
7685.9932 0.2886
7687.7612 0.2880
7689.5342 0.2879
7691.3027 0.2881
7693.0767 0.2876
7694.8462 0.2876
7696.6206 0.2879
7698.3911 0.2877
7700.1621 0.2872
7701.9380 0.2870
7703.7100 0.2873
7705.4863 0.2873
7707.2588 0.2870
7709.0361 0.2869
7710.8096 0.2868
7712.5879 0.2848
7714.3618 0.2819
7716.1367 0.2842
7717.9160 0.2858
7719.6914 0.2858
7721.4717 0.2854
7723.2480 0.2851
7725.0288 0.2847
7726.8062 0.2846
7728.5835 0.2846
7730.3657 0.2846
7732.1440 0.2845
7733.9272 0.2844
7735.7065 0.2845
7737.4902 0.2845
7739.2700 0.2844
7741.0508 0.2844
7742.8354 0.2841
7744.6167 0.2834
7746.4028 0.2832
7748.1851 0.2835
7749.9717 0.2831
7751.7544 0.2830
7753.5376 0.2835
7755.3257 0.2841
7757.1099 0.2843
7758.8984 0.2843
7760.6836 0.2839
7762.4731 0.2836
7764.2588 0.2834
7766.0449 0.2829
7767.8359 0.2823
7769.6226 0.2821
7771.4146 0.2819
7773.2021 0.2784
7774.9946 0.2740
7776.7832 0.2724
7778.5723 0.2756
7780.3662 0.2808
7782.1558 0.2810
7783.9507 0.2815
7785.7412 0.2821
7787.5366 0.2817
7789.3281 0.2809
7791.1201 0.2808
7792.9165 0.2810
7794.7095 0.2814
7796.5068 0.2808
7798.3003 0.2807
7800.0986 0.2824
7801.8931 0.2833
7803.6880 0.2826
7805.4873 0.2820
7807.2832 0.2811
7809.0835 0.2805
7810.8799 0.2812
7812.6812 0.2815
7814.4785 0.2819
7816.2759 0.2819
7818.0786 0.2813
7819.8770 0.2810
7821.6802 0.2819
7823.4795 0.2830
7825.2837 0.2830
7827.0840 0.2827
7828.8843 0.2826
7830.6899 0.2807
7832.4912 0.2769
7834.2974 0.2773
7836.0996 0.2791
7837.9067 0.2792
7839.7100 0.2797
7841.5132 0.2798
7843.3213 0.2784
7845.1260 0.2785
7846.9351 0.2782
7848.7402 0.2787
7850.5498 0.2792
7852.3560 0.2792
7854.1665 0.2789
7855.9736 0.2784
7857.7808 0.2781
7859.5928 0.2784
7861.4009 0.2782
7863.2139 0.2773
7865.0225 0.2767
7866.8364 0.2764
7868.6460 0.2748
7870.4561 0.2753
7872.2710 0.2764
7874.0820 0.2768
7875.8979 0.2769
7877.7100 0.2774
7879.5264 0.2740
7881.3389 0.2746
7883.1519 0.2754
7884.9697 0.2742
7886.7837 0.2738
7888.6025 0.2758
7890.4175 0.2731
7892.2368 0.2733
7894.0522 0.2734
7895.8687 0.2716
7897.6890 0.2691
7899.5059 0.2658
7901.3276 0.2693
7903.1455 0.2729
7904.9678 0.2702
7906.7861 0.2677
7908.6055 0.2723
7910.4292 0.2742
7912.2485 0.2682
7914.0732 0.2667
7915.8940 0.2696
7917.7192 0.2721
7919.5405 0.2709
7921.3628 0.2679
7923.1895 0.2679
7925.0122 0.2662
7926.8394 0.2663
7928.6631 0.2686
7930.4912 0.2691
7932.3159 0.2666
7934.1406 0.2667
7935.9702 0.2686
7937.7959 0.2707
7939.6265 0.2718
7941.4526 0.2714
7943.2842 0.2705
7945.1113 0.2681
7946.9390 0.2674
7948.7720 0.2685
7950.6006 0.2695
7952.4336 0.2693
7954.2632 0.2684
7956.0977 0.2679
7957.9277 0.2691
7959.7583 0.2695
7961.5938 0.2680
7963.4253 0.2653
7965.2617 0.2616
7967.0942 0.2609
7968.9316 0.2645
7970.7646 0.2673
7972.5981 0.2682
7974.4370 0.2681
7976.2715 0.2652
7978.1108 0.2646
7979.9458 0.2651
7981.7861 0.2661
7983.6226 0.2672
7985.4590 0.2677
7987.3003 0.2665
7989.1377 0.2649
7990.9800 0.2656
7992.8184 0.2672
7994.6616 0.2674
7996.5005 0.2666
7998.3447 0.2677
8000.1846 0.2669
8002.0249 0.2633
8003.8706 0.2603
8005.7114 0.2610
8007.5576 0.2645
8009.3999 0.2649
8011.2471 0.2599
8013.0898 0.2618
8014.9331 0.2648
8016.7812 0.2638
8018.6255 0.2620
8020.4746 0.2643
8022.3198 0.2634
8024.1699 0.2626
8026.0156 0.2607
8027.8623 0.2587
8029.7134 0.2587
8031.5605 0.2590
8033.4126 0.2602
8035.2607 0.2620
8037.1138 0.2619
8038.9624 0.2604
8040.8120 0.2603
8042.6660 0.2621
8044.5161 0.2632
8046.3711 0.2612
8048.2222 0.2585
8050.0781 0.2581
8051.9302 0.2602
8053.7827 0.2610
8055.6396 0.2615
8057.4927 0.2617
8059.3511 0.2621
8061.2051 0.2625
8063.0640 0.2620
8064.9189 0.2605
8066.7739 0.2600
8068.6343 0.2604
8070.4902 0.2601
8072.3516 0.2587
8074.2085 0.2580
8076.0703 0.2594
8077.9282 0.2596
8079.7866 0.2594
8081.6499 0.2589
8083.5088 0.2585
8085.3730 0.2583
8087.2329 0.2577
8089.0981 0.2565
8090.9590 0.2564
8092.8203 0.2564
8094.6865 0.2560
8096.5483 0.2555
8098.4155 0.2555
8100.2788 0.2550
8102.1465 0.2546
8104.0103 0.2545
8105.8745 0.2544
8107.7441 0.2543
8109.6089 0.2541
8111.4790 0.2539
8113.3452 0.2536
8115.2163 0.2534
8117.0830 0.2530
8118.9502 0.2526
8120.8228 0.2527
8122.6909 0.2525
8124.5640 0.2523
8126.4326 0.2522
8128.3066 0.2520
8130.1768 0.2518
8132.0513 0.2516
8133.9224 0.2514
8135.7935 0.2511
8137.6694 0.2510
8139.5415 0.2509
8141.4185 0.2507
8143.2915 0.2505
8145.1694 0.2502
8147.0430 0.2500
8148.9175 0.2499
8150.7964 0.2497
8152.6714 0.2494
8154.5513 0.2492
8156.4272 0.2490
8158.3081 0.2487
8160.1851 0.2484
8162.0625 0.2482
8163.9443 0.2480
8165.8228 0.2478
8167.7056 0.2476
8169.5845 0.2473
8171.4683 0.2473
8173.3481 0.2473
8175.2285 0.2470
8177.1138 0.2469
8178.9951 0.2468
8180.8809 0.2466
8182.7632 0.2463
8184.6499 0.2449
8186.5327 0.2425
8188.4160 0.2432
8190.3042 0.2434
8192.1885 0.2443
8194.0771 0.2451
8195.9629 0.2439
8197.8525 0.2416
8199.7383 0.2436
8201.6250 0.2438
8203.5156 0.2404
8205.4033 0.2401
8207.2959 0.2430
8209.1836 0.2440
8211.0762 0.2434
8212.9658 0.2427
8214.8545 0.2417
8216.7490 0.2397
8218.6396 0.2384
8220.5342 0.2397
8222.4258 0.2403
8224.3223 0.2384
8226.2139 0.2389
8228.1064 0.2408
8230.0039 0.2410
8231.8965 0.2393
8233.7949 0.2392
8235.6895 0.2379
8237.5889 0.2367
8239.4834 0.2382
8241.3789 0.2402
8243.2793 0.2391
8245.1758 0.2377
8247.0771 0.2385
8248.9746 0.2378
8250.8770 0.2346
8252.7744 0.2338
8254.6729 0.2373
8256.5771 0.2359
8258.4766 0.2360
8260.3809 0.2364
8262.2812 0.2365
8264.1865 0.2364
8266.0869 0.2363
8267.9893 0.2357
8269.8955 0.2360
8271.7979 0.2358
8273.7051 0.2353
8275.6084 0.2349
8277.5166 0.2344
8279.4209 0.2343
8281.3301 0.2343
8283.2354 0.2342
8285.1416 0.2343
8287.0518 0.2343
8288.9580 0.2338
8290.8691 0.2334
8292.7773 0.2340
8294.6895 0.2348
8296.5977 0.2337
8298.5059 0.2321
8300.4199 0.2323
8302.3291 0.2327
8304.2432 0.2316
8306.1543 0.2322
8308.0693 0.2314
8309.9805 0.2308
8311.8926 0.2325
8313.8086 0.2314
8315.7217 0.2297
8317.6396 0.2305
8319.5527 0.2303
8321.4707 0.2294
8323.3857 0.2303
8325.2998 0.2294
8327.2197 0.2295
8329.1357 0.2310
8331.0566 0.2318
8332.9727 0.2316
8334.8945 0.2312
8336.8115 0.2300
8338.7295 0.2298
8340.6523 0.2302
8342.5713 0.2302
8344.4951 0.2298
8346.4150 0.2290
8348.3398 0.2277
8350.2598 0.2295
8352.1807 0.2303
8354.1074 0.2307
8356.0293 0.2308
8357.9561 0.2300
8359.8789 0.2296
8361.8066 0.2276
8363.7295 0.2280
8365.6543 0.2295
8367.5830 0.2301
8369.5078 0.2299
8371.4375 0.2293
8373.3643 0.2276
8375.2949 0.2271
8377.2217 0.2272
8379.1484 0.2276
8381.0811 0.2283
8383.0088 0.2287
8384.9424 0.2286
8386.8711 0.2280
8388.8047 0.2274
8390.7344 0.2269
8392.6650 0.2257
8394.6006 0.2235
8396.5312 0.2233
8398.4678 0.2225
8400.3994 0.2233
8402.3369 0.2247
8404.2695 0.2251
8406.2031 0.2270
8408.1416 0.2246
8410.0762 0.2222
8412.0156 0.2187
8413.9502 0.2168
8415.8906 0.2201
8417.8271 0.2229
8419.7637 0.2225
8421.7051 0.2229
8423.6426 0.2249
8425.5850 0.2279
8427.5234 0.2297
8429.4668 0.2275
8431.4053 0.2263
8433.3496 0.2233
8435.2900 0.2217
8437.2305 0.2219
8439.1758 0.2196
8441.1172 0.2139
8443.0645 0.2176
8445.0059 0.2202
8446.9541 0.2204
8448.8965 0.2210
8450.8408 0.2230
8452.7891 0.2245
8454.7344 0.2247
8456.6836 0.2246
8458.6289 0.2254
8460.5791 0.2257
8462.5254 0.2232
8464.4727 0.2195
8466.4248 0.2186
8468.3721 0.2154
8470.3252 0.2132
8472.2734 0.2163
8474.2275 0.2226
8476.1768 0.2240
8478.1270 0.2238
8480.0820 0.2189
8482.0322 0.2185
8483.9883 0.2227
8485.9404 0.2242
8487.8975 0.2245
8489.8496 0.2221
8491.8027 0.2207
8493.7607 0.2204
8495.7148 0.2217
8497.6738 0.2207
8499.6289 0.2061
8501.5889 0.1968
8503.5449 0.2038
8505.5010 0.2081
8507.4619 0.2084
8509.4199 0.2146
8511.3818 0.2147
8513.3398 0.2168
8515.3027 0.2160
8517.2617 0.2154
8519.2217 0.2179
8521.1855 0.2205
8523.1465 0.2186
8525.1113 0.2193
8527.0723 0.2200
8529.0391 0.2206
8531.0010 0.2207
8532.9639 0.2193
8534.9316 0.2181
8536.8945 0.2180
8538.8633 0.2143
8540.8281 0.2147
8542.7969 0.2044
8544.7627 0.1773
8546.7285 0.1814
8548.6992 0.1968
8550.6660 0.2047
8552.6377 0.2098
8554.6045 0.2139
8556.5771 0.2136
8558.5459 0.2137
8560.5146 0.2130
8562.4893 0.2125
8564.4590 0.2134
8566.4336 0.2154
8568.4043 0.2167
8570.3799 0.2156
8572.3516 0.2157
8574.3242 0.2140
8576.3008 0.2125
8578.2744 0.2132
8580.2520 0.2150
8582.2256 0.2147
8584.2051 0.2131
8586.1797 0.2129
8588.1602 0.2128
8590.1357 0.2127
8592.1113 0.2128
8594.0928 0.2097
8596.0703 0.2081
8598.0527 0.2049
8600.0303 0.1971
8602.0137 0.1925
8603.9922 0.1992
8605.9717 0.2060
8607.9561 0.2082
8609.9365 0.2087
8611.9219 0.2098
8613.9033 0.2106
8615.8896 0.2101
8617.8711 0.2100
8619.8535 0.2100
8621.8418 0.2085
8623.8252 0.2067
8625.8135 0.2065
8627.7979 0.2077
8629.7881 0.2083
8631.7725 0.2089
8633.7588 0.2102
8635.7500 0.2112
8637.7363 0.2103
8639.7285 0.2082
8641.7158 0.2081
8643.7080 0.2090
8645.6973 0.2088
8647.6855 0.2087
8649.6797 0.2080
8651.6699 0.2061
8653.6650 0.2053
8655.6553 0.2043
8657.6514 0.2045
8659.6436 0.2052
8661.6357 0.2015
8663.6328 0.1871
8665.6260 0.1666
8667.6240 0.1741
8669.6182 0.1870
8671.6172 0.1964
8673.6123 0.2019
8675.6074 0.2038
8677.6084 0.2044
8679.6045 0.2060
8681.6055 0.2065
8683.6025 0.2068
8685.6055 0.2075
8687.6035 0.2079
8689.6025 0.2075
8691.6055 0.2065
8693.6055 0.2077
8695.6104 0.2079
8697.6104 0.2063
8699.6162 0.2054
8701.6172 0.2060
8703.6191 0.2062
8705.6260 0.2062
8707.6289 0.2048
8709.6367 0.2040
8711.6406 0.2059
8713.6494 0.2055
8715.6543 0.2054
8717.6592 0.2067
8719.6699 0.2066
8721.6758 0.2048
8723.6865 0.2036
8725.6934 0.2040
8727.7061 0.2036
8729.7129 0.2029
8731.7217 0.2033
8733.7354 0.2036
8735.7441 0.2026
8737.7588 0.2022
8739.7686 0.2014
8741.7842 0.2003
8743.7949 0.1998
8745.8115 0.1990
8747.8232 0.1974
8749.8359 0.1961
8751.8535 0.1839
8753.8672 0.1769
8755.8857 0.1846
8757.9004 0.1954
8759.9199 0.1959
8761.9346 0.1986
8763.9502 0.1993
8765.9717 0.1992
8767.9883 0.2000
8770.0098 0.2007
8772.0273 0.2000
8774.0498 0.2000
8776.0684 0.2000
8778.0879 0.2006
8780.1113 0.2008
8782.1318 0.2007
8784.1562 0.2011
8786.1777 0.2013
8788.2031 0.2003
8790.2256 0.1999
8792.2471 0.2002
8794.2754 0.2008
8796.2979 0.2016
8798.3262 0.2021
8800.3506 0.2015
8802.3799 0.2000
8804.4053 0.1998
8806.4307 0.1993
8808.4609 0.1965
8810.4873 0.1952
8812.5195 0.1971
8814.5459 0.1976
8816.5791 0.1977
8818.6074 0.1985
8820.6357 0.1992
8822.6699 0.1986
8824.6992 0.1969
8826.7344 0.1972
8828.7646 0.1983
8830.8008 0.1990
8832.8330 0.1989
8834.8643 0.1979
8836.9014 0.1979
8838.9346 0.1965
8840.9727 0.1951
8843.0068 0.1947
8845.0459 0.1946
8847.0811 0.1938
8849.1162 0.1932
8851.1562 0.1903
8853.1924 0.1871
8855.2344 0.1842
8857.2715 0.1800
8859.3145 0.1749
8861.3516 0.1683
8863.3906 0.1569
8865.4346 0.1471
8867.4736 0.1485
8869.5186 0.1610
8871.5596 0.1673
8873.6045 0.1722
8875.6465 0.1756
8877.6885 0.1794
8879.7354 0.1832
8881.7783 0.1849
8883.8262 0.1862
8885.8701 0.1884
8887.9189 0.1908
8889.9639 0.1928
8892.0088 0.1943
8894.0596 0.1953
8896.1055 0.1963
8898.1562 0.1976
8900.2041 0.1986
8902.2559 0.1996
8904.3037 0.2005
8906.3574 0.2011
8908.4062 0.2013
8910.4561 0.2019
8912.5107 0.2000
8914.5605 0.1956
8916.6162 0.1954
8918.6680 0.2022
8920.7246 0.2015
8922.7764 0.2016
8924.8291 0.2018
8926.8867 0.2007
8928.9404 0.1961
8931.0000 0.1916
8933.0547 0.1991
8935.1143 0.2009
8937.1699 0.2007
8939.2256 0.2006
8941.2871 0.2003
8943.3438 0.2001
8945.4062 0.1997
8947.4639 0.1990
8949.5273 0.1986
8951.5859 0.1984
8953.6455 0.1983
8955.7100 0.1980
8957.7705 0.1976
8959.8359 0.1972
8961.8975 0.1967
8963.9639 0.1963
8966.0264 0.1956
8968.0889 0.1943
8970.1572 0.1938
8972.2207 0.1936
8974.2891 0.1930
8976.3535 0.1922
8978.4238 0.1911
8980.4893 0.1895
8982.5557 0.1887
8984.6270 0.1880
8986.6934 0.1867
8988.7656 0.1851
8990.8340 0.1833
8992.9072 0.1810
8994.9756 0.1787
8997.0449 0.1761
8999.1201 0.1730
9001.1904 0.1692
9003.2656 0.1650
9005.3369 0.1606
9007.4131 0.1552
9009.4854 0.1487
9011.5586 0.1408
9013.6357 0.1316
9015.7100 0.1198
9017.7891 0.1097
9019.8633 0.1156
9021.9434 0.1270
9024.0186 0.1366
9026.0947 0.1441
9028.1758 0.1504
9030.2529 0.1553
9032.3350 0.1595
9034.4131 0.1635
9036.4971 0.1666
9038.5752 0.1689
9040.6543 0.1711
9042.7393 0.1733
9044.8193 0.1751
9046.9053 0.1759
9048.9863 0.1766
9051.0732 0.1774
9053.1553 0.1783
9055.2383 0.1792
9057.3262 0.1801
9059.4102 0.1805
9061.4990 0.1794
9063.5840 0.1694
9065.6738 0.1636
9067.7588 0.1766
9069.8506 0.1810
9071.9365 0.1811
9074.0234 0.1805
9076.1162 0.1810
9078.2041 0.1793
9080.2979 0.1734
9082.3867 0.1734
9084.4805 0.1788
9086.5703 0.1810
9088.6611 0.1786
9090.7568 0.1736
9092.8486 0.1714
9094.9453 0.1786
9097.0371 0.1682
9099.1348 0.1698
9101.2285 0.1770
9103.3223 0.1788
9105.4209 0.1776
9107.5156 0.1779
9109.6162 0.1778
9111.7119 0.1768
9113.8125 0.1707
9115.9092 0.1678
9118.0068 0.1755
9120.1094 0.1758
9122.2070 0.1759
9124.3105 0.1747
9126.4102 0.1738
9128.5146 0.1739
9130.6143 0.1742
9132.7148 0.1742
9134.8213 0.1728
9136.9219 0.1729
9139.0293 0.1734
9141.1318 0.1732
9143.2393 0.1728
9145.3428 0.1725
9147.4473 0.1721
9149.5566 0.1717
9151.6611 0.1713
9153.7715 0.1710
9155.8770 0.1706
9157.9883 0.1698
9160.0957 0.1695
9162.2031 0.1693
9164.3154 0.1690
9166.4238 0.1685
9168.5371 0.1680
9170.6465 0.1676
9172.7617 0.1670
9174.8711 0.1665
9176.9824 0.1651
9179.0986 0.1631
9181.2100 0.1622
9183.3271 0.1628
9185.4395 0.1617
9187.5576 0.1614
9189.6719 0.1605
9191.7852 0.1594
9193.9053 0.1599
9196.0205 0.1588
9198.1406 0.1575
9200.2568 0.1558
9202.3789 0.1545
9204.4951 0.1525
9206.6133 0.1488
9208.7363 0.1471
9210.8545 0.1455
9212.9785 0.1422
9215.0977 0.1365
9217.2227 0.1318
9219.3428 0.1296
9221.4639 0.1213
9223.5908 0.1183
9225.7129 0.1126
9227.8398 0.1038
9229.9629 0.0925
9232.0908 0.0830
9234.2148 0.0898
9236.3447 0.1007
9238.4688 0.1087
9240.5947 0.1144
9242.7256 0.1204
9244.8516 0.1260
9246.9834 0.1254
9249.1104 0.1311
9251.2432 0.1362
9253.3721 0.1388
9255.5010 0.1401
9257.6348 0.1410
9259.7646 0.1427
9261.8994 0.1422
9264.0303 0.1358
9266.1670 0.1338
9268.2988 0.1377
9270.4307 0.1410
9272.5684 0.1479
9274.7012 0.1486
9276.8398 0.1487
9278.9746 0.1492
9281.1143 0.1492
9283.2490 0.1493
9285.3848 0.1492
9287.5264 0.1492
9289.6621 0.1491
9291.8047 0.1490
9293.9424 0.1488
9296.0850 0.1487
9298.2236 0.1482
9300.3633 0.1478
9302.5078 0.1480
9304.6475 0.1478
9306.7930 0.1473
9308.9346 0.1472
9311.0811 0.1473
9313.2227 0.1469
9315.3652 0.1467
9317.5137 0.1465
9319.6572 0.1461
9321.8057 0.1454
9323.9502 0.1452
9326.1006 0.1451
9328.2461 0.1445
9330.3916 0.1440
9332.5439 0.1441
9334.6904 0.1443
9336.8428 0.1439
9338.9912 0.1436
9341.1445 0.1432
9343.2939 0.1427
9345.4434 0.1423
9347.5977 0.1423
9349.7480 0.1420
9351.9043 0.1416
9354.0557 0.1413
9356.2129 0.1410
9358.3652 0.1408
9360.5186 0.1404
9362.6768 0.1401
9364.8301 0.1398
9366.9902 0.1395
9369.1445 0.1391
9371.3057 0.1388
9373.4609 0.1385
9375.6172 0.1381
9377.7793 0.1377
9379.9365 0.1375
9382.0996 0.1370
9384.2578 0.1367
9386.4219 0.1365
9388.5820 0.1338
9390.7461 0.1332
9392.9072 0.1341
9395.0674 0.1323
9397.2344 0.1308
9399.3965 0.1344
9401.5635 0.1339
9403.7266 0.1337
9405.8945 0.1320
9408.0586 0.1251
9410.2227 0.1226
9412.3926 0.1319
9414.5586 0.1286
9416.7295 0.1242
9418.8955 0.1267
9421.0674 0.1301
9423.2344 0.1296
9425.4023 0.1283
9427.5762 0.1294
9429.7451 0.1289
9431.9189 0.1280
9434.0889 0.1278
9436.2646 0.1279
9438.4355 0.1270
9440.6064 0.1253
9442.7832 0.1261
9444.9561 0.1265
9447.1338 0.1259
9449.3076 0.1253
9451.4863 0.1254
9453.6602 0.1253
9455.8350 0.1249
9458.0156 0.1245
9460.1914 0.1240
9462.3730 0.1233
9464.5498 0.1224
9466.7324 0.1224
9468.9102 0.1222
9471.0889 0.1219
9473.2725 0.1216
9475.4521 0.1212
9477.6367 0.1207
9479.8174 0.1203
9482.0029 0.1199
9484.1846 0.1189
9486.3662 0.1180
9488.5537 0.1178
9490.7363 0.1178
9492.9258 0.1171
9495.1094 0.1164
9497.2988 0.1158
9499.4834 0.1150
9501.6689 0.1142
9503.8604 0.1135
9506.0459 0.1129
9508.2383 0.1118
9510.4258 0.1108
9512.6191 0.1099
9514.8076 0.1088
9516.9961 0.1076
9519.1904 0.1061
9521.3809 0.1045
9523.5762 0.1026
9525.7666 0.1005
9527.9639 0.0981
9530.1553 0.0953
9532.3477 0.0921
9534.5459 0.0884
9536.7393 0.0842
9538.9385 0.0793
9541.1328 0.0736
9543.3330 0.0666
9545.5283 0.0583
9547.7246 0.0461
9549.9268 0.0433
9552.1230 0.0511
9554.3262 0.0616
9556.5234 0.0679
9558.7275 0.0737
9560.9268 0.0782
9563.1309 0.0819
9565.3311 0.0851
9567.5322 0.0877
9569.7383 0.0899
9571.9395 0.0916
9574.1465 0.0930
9576.3496 0.0942
9578.5576 0.0954
9580.7607 0.0964
9582.9648 0.0970
9585.1748 0.0975
9587.3799 0.0979
9589.5908 0.0982
9591.7969 0.0984
9594.0088 0.0984
9596.2158 0.0984
9598.4238 0.0985
9600.6367 0.0984
9602.8457 0.0980
9605.0596 0.0949
9607.2695 0.0932
9609.4854 0.0974
9611.6953 0.0975
9613.9062 0.0977
9616.1240 0.0972
9618.3359 0.0975
9620.5537 0.0965
9622.7666 0.0916
9624.9863 0.0905
9627.2002 0.0947
9629.4150 0.0958
9631.6357 0.0949
9633.8516 0.0924
9636.0723 0.0888
9638.2891 0.0928
9640.5117 0.0941
9642.7295 0.0940
9644.9482 0.0937
9647.1719 0.0933
9649.3916 0.0931
9651.6172 0.0911
9653.8369 0.0904
9656.0635 0.0916
9658.2842 0.0908
9660.5068 0.0863
9662.7344 0.0836
9664.9570 0.0897
9667.1855 0.0900
9669.4102 0.0897
9671.6396 0.0895
9673.8643 0.0886
9676.0898 0.0878
9678.3213 0.0880
9680.5479 0.0875
9682.7803 0.0860
9685.0078 0.0858
9687.2412 0.0865
9689.4697 0.0862
9691.6982 0.0857
9693.9336 0.0845
9696.1631 0.0841
9698.3994 0.0843
9700.6299 0.0844
9702.8672 0.0842
9705.0996 0.0839
9707.3320 0.0836
9709.5703 0.0832
9711.8047 0.0828
9714.0439 0.0824
9716.2783 0.0821
9718.5186 0.0817
9720.7549 0.0813
9722.9912 0.0809
9725.2334 0.0803
9727.4707 0.0797
9729.7139 0.0796
9731.9521 0.0793
9734.1963 0.0790
9736.4355 0.0787
9738.6807 0.0778
9740.9209 0.0765
9743.1621 0.0759
9745.4082 0.0765
9747.6504 0.0765
9749.8984 0.0761
9752.1416 0.0757
9754.3896 0.0755
9756.6338 0.0752
9758.8789 0.0748
9761.1289 0.0743
9763.3740 0.0740
9765.6260 0.0735
9767.8721 0.0730
9770.1250 0.0728
9772.3721 0.0724
9774.6201 0.0720
9776.8750 0.0716
9779.1240 0.0712
9781.3789 0.0708
9783.6289 0.0704
9785.8848 0.0700
9788.1367 0.0696
9790.3877 0.0690
9792.6455 0.0685
9794.8984 0.0682
9797.1572 0.0680
9799.4111 0.0675
9801.6709 0.0670
9803.9258 0.0666
9806.1807 0.0664
9808.4424 0.0661
9810.6982 0.0656
9812.9609 0.0649
9815.2188 0.0645
9817.4814 0.0642
9819.7402 0.0641
9821.9990 0.0636
9824.2646 0.0630
9826.5244 0.0623
9828.7900 0.0609
9831.0518 0.0611
9833.3184 0.0615
9835.5801 0.0609
9837.8428 0.0605
9840.1113 0.0602
9842.3750 0.0599
9844.6455 0.0591
9846.9102 0.0587
9849.1807 0.0587
9851.4463 0.0583
9853.7129 0.0577
9855.9844 0.0558
9858.2520 0.0546
9860.5254 0.0546
9862.7939 0.0547
9865.0684 0.0544
9867.3379 0.0548
9869.6074 0.0548
9871.8838 0.0545
9874.1543 0.0540
9876.4316 0.0536
9878.7031 0.0534
9880.9814 0.0530
9883.2549 0.0526
9885.5283 0.0519
9887.8076 0.0518
9890.0830 0.0511
9892.3633 0.0475
9894.6387 0.0447
9896.9209 0.0482
9899.1973 0.0497
9901.4746 0.0488
9903.7578 0.0483
9906.0361 0.0483
9908.3203 0.0480
9910.5996 0.0474
9912.8857 0.0468
9915.1660 0.0463
9917.4521 0.0454
9919.7334 0.0444
9922.0156 0.0453
9924.3037 0.0452
9926.5869 0.0445
9928.8760 0.0443
9931.1602 0.0435
9933.4502 0.0407
9935.7354 0.0399
9938.0205 0.0419
9940.3125 0.0423
9942.5996 0.0411
9944.8926 0.0400
9947.1797 0.0402
9949.4736 0.0400
9951.7627 0.0394
9954.0518 0.0391
9956.3477 0.0388
9958.6377 0.0383
9960.9346 0.0377
9963.2256 0.0375
9965.5234 0.0370
9967.8154 0.0365
9970.1094 0.0361
9972.4082 0.0356
9974.7021 0.0351
9977.0020 0.0346
9979.2979 0.0341
9981.5986 0.0336
9983.8945 0.0330
9986.1914 0.0324
9988.4941 0.0319
9990.7920 0.0314
9993.0967 0.0308
9995.3955 0.0303
9997.7002 0.0293
10000.0000 0.0277
10002.3057 0.0267
10004.6016 0.0273
10006.9082 0.0266
10009.2158 0.0258
10011.5244 0.0250
10013.8223 0.0240
10016.1309 0.0230
10018.4404 0.0218
10020.7402 0.0204
10023.0508 0.0190
10025.3623 0.0175
10027.6738 0.0158
10029.9756 0.0137
10032.2881 0.0115
10034.6016 0.0089
10036.9043 0.0060
10039.2188 0.0026
10041.5342 -0.0013
10043.8496 -0.0059
10046.1543 -0.0114
10048.4707 -0.0180
10050.7881 -0.0282
10053.0947 -0.0333
10055.4131 -0.0281
10057.7324 -0.0184
10060.0508 -0.0134
10062.3604 -0.0087
10064.6807 -0.0051
10067.0010 -0.0022
10069.3115 0.0002
10071.6338 0.0022
10073.9561 0.0039
10076.2793 0.0053
10078.5918 0.0063
10080.9160 0.0071
10083.2402 0.0078
10085.5547 0.0084
10087.8799 0.0088
10090.2061 0.0091
10092.5332 0.0093
10094.8496 0.0094
10097.1777 0.0094
10099.5059 0.0094
10101.8232 0.0093
10104.1533 0.0092
10106.4834 0.0087
10108.8135 0.0078
10111.1338 0.0071
10113.4648 0.0069
10115.7969 0.0053
10118.1191 0.0049
10120.4521 0.0063
10122.7861 0.0073
10125.1201 0.0052
10127.4434 0.0014
10129.7793 0.0042
10132.1152 0.0053
10134.4404 0.0052
10136.7773 0.0049
10139.1152 0.0046
10141.4531 0.0042
10143.7803 0.0038
10146.1191 0.0034
10148.4590 0.0026
10150.7881 0.0020
10153.1289 0.0019
10155.4707 0.0018
10157.8125 0.0010
10160.1436 0.0007
10162.4863 0.0006
10164.8301 -0.0001
10167.1621 -0.0012
10169.5068 -0.0015
10171.8525 -0.0012
10174.1973 -0.0017
10176.5322 -0.0023
10178.8789 -0.0027
10181.2266 -0.0029
10183.5742 -0.0034
10185.9111 -0.0045
10188.2607 -0.0049
10190.6094 -0.0050
10192.9482 -0.0052
10195.2988 -0.0057
10197.6504 -0.0060
10200.0020 -0.0065
10202.3428 -0.0069
10204.6953 -0.0073
10207.0479 -0.0078
10209.3906 -0.0082
10211.7451 -0.0087
10214.0996 -0.0091
10216.4551 -0.0096
10218.7998 -0.0103
10221.1562 -0.0107
10223.5137 -0.0109
10225.8594 -0.0114
10228.2178 -0.0119
10230.5762 -0.0123
10232.9355 -0.0128
10235.2842 -0.0132
10237.6436 -0.0136
10240.0049 -0.0142
10242.3545 -0.0147
10244.7168 -0.0150
10247.0791 -0.0156
10249.4424 -0.0162
10251.7939 -0.0165
10254.1582 -0.0168
10256.5234 -0.0173
10258.8770 -0.0178
10261.2422 -0.0183
10263.6084 -0.0187
10265.9756 -0.0191
10268.3311 -0.0196
10270.6992 -0.0200
10273.0674 -0.0205
10275.4258 -0.0210
10277.7949 -0.0216
10280.1650 -0.0220
10282.5352 -0.0223
10284.8955 -0.0228
10287.2666 -0.0233
10289.6396 -0.0238
10292.0010 -0.0245
10294.3740 -0.0250
10296.7480 -0.0251
10299.1221 -0.0256
10301.4863 -0.0261
10303.8613 -0.0266
10306.2373 -0.0271
10308.6025 -0.0275
10310.9795 -0.0280
10313.3574 -0.0285
10315.7363 -0.0291
10318.1035 -0.0294
10320.4824 -0.0299
10322.8623 -0.0304
10325.2314 -0.0309
10327.6123 -0.0313
10329.9941 -0.0317
10332.3760 -0.0324
10334.7471 -0.0334
10337.1309 -0.0340
10339.5146 -0.0336
10341.8877 -0.0341
10344.2725 -0.0346
10346.6572 -0.0352
10349.0430 -0.0357
10351.4189 -0.0360
