3567.7969 7.7857
3568.6177 7.7690
3569.4385 7.7552
3570.2617 7.7516
3571.0830 7.7546
3571.9065 7.7511
3572.7283 7.7374
3573.5520 7.7177
3574.3740 7.7013
3575.1963 7.6962
3576.0208 7.7024
3576.8435 7.7083
3577.6682 7.7083
3578.4915 7.7081
3579.3167 7.7066
3580.1399 7.6878
3580.9636 7.6431
3581.7893 7.6000
3582.6133 7.5896
3583.4395 7.6044
3584.2639 7.6098
3585.0903 7.5915
3585.9150 7.5646
3586.7400 7.5543
3587.5671 7.5554
3588.3923 7.5535
3589.2200 7.5583
3590.0457 7.5747
3590.8735 7.5939
3591.6995 7.6042
3592.5259 7.6092
3593.3542 7.6159
3594.1809 7.6174
3595.0098 7.5999
3595.8367 7.5574
3596.6660 7.5070
3597.4934 7.4865
3598.3208 7.5202
3599.1506 7.5700
3599.9788 7.5868
3600.8088 7.5555
3601.6372 7.5145
3602.4678 7.4910
3603.2964 7.4894
3604.1252 7.5013
3604.9565 7.5167
3605.7859 7.5322
3606.6172 7.5537
3607.4470 7.5766
3608.2788 7.5858
3609.1089 7.5785
3609.9392 7.5629
3610.7717 7.5482
3611.6023 7.5365
3612.4351 7.5343
3613.2661 7.5509
3614.0994 7.5819
3614.9307 7.6084
3615.7625 7.6123
3616.5962 7.5976
3617.4282 7.5813
3618.2625 7.5733
3619.0947 7.5716
3619.9292 7.5666
3620.7620 7.5524
3621.5969 7.5386
3622.4302 7.5379
3623.2634 7.5393
3624.0989 7.5201
3624.9326 7.4916
3625.7686 7.4828
3626.6028 7.4940
3627.4390 7.5011
3628.2734 7.4905
3629.1082 7.4644
3629.9451 7.4449
3630.7800 7.4583
3631.6174 7.5038
3632.4529 7.5411
3633.2903 7.5348
3634.1262 7.4906
3634.9622 7.4439
3635.8005 7.4313
3636.6370 7.4580
3637.4756 7.4977
3638.3123 7.5241
3639.1514 7.5349
3639.9885 7.5350
3640.8259 7.5285
3641.6653 7.5213
3642.5032 7.5207
3643.3430 7.5251
3644.1812 7.5304
3645.0215 7.5276
3645.8601 7.5066
3646.6990 7.4686
3647.5398 7.4431
3648.3789 7.4599
3649.2202 7.5027
3650.0596 7.5358
3650.9014 7.5387
3651.7412 7.5299
3652.5813 7.5283
3653.4236 7.5343
3654.2642 7.5345
3655.1067 7.5254
3655.9475 7.5127
3656.7908 7.4972
3657.6318 7.4757
3658.4734 7.4543
3659.3169 7.4483
3660.1587 7.4584
3661.0029 7.4709
3661.8450 7.4739
3662.6895 7.4700
3663.5320 7.4615
3664.3748 7.4599
3665.2197 7.4700
3666.0630 7.4852
3666.9084 7.4944
3667.7520 7.4993
3668.5977 7.5057
3669.4417 7.5131
3670.2859 7.5174
3671.1321 7.5185
3671.9768 7.5254
3672.8235 7.5374
3673.6685 7.5445
3674.5156 7.5428
3675.3608 7.5376
3676.2063 7.5330
3677.0542 7.5223
3677.8999 7.5012
3678.7480 7.4798
3679.5945 7.4705
3680.4429 7.4785
3681.2896 7.5014
3682.1365 7.5303
3682.9856 7.5458
3683.8328 7.5425
3684.6824 7.5315
3685.5300 7.5227
3686.3799 7.5175
3687.2278 7.5116
3688.0781 7.5065
3688.9265 7.5071
3689.7751 7.5099
3690.6260 7.5170
3691.4751 7.5293
3692.3264 7.5333
3693.1758 7.5259
3694.0273 7.5168
3694.8772 7.4910
3695.7273 7.4642
3696.5793 7.4729
3697.4299 7.5148
3698.2825 7.5298
3699.1333 7.5119
3699.9863 7.5113
3700.8374 7.5219
3701.6887 7.4962
3702.5425 7.4378
3703.3943 7.4172
3704.2483 7.4952
3705.1003 7.6318
3705.9548 7.7214
3706.8074 7.6873
3707.6599 7.5902
3708.5149 7.5597
3709.3682 7.6554
3710.2234 7.7938
3711.0771 7.8606
3711.9329 7.7933
3712.7866 7.6345
3713.6409 7.5112
3714.4973 7.5534
3715.3518 7.7381
3716.2085 7.9399
3717.0635 8.0338
3717.9204 7.9943
3718.7759 7.8367
3719.6313 7.6173
3720.4890 7.4475
3721.3450 7.4077
3722.2031 7.5101
3723.0593 7.6954
3723.9180 7.8817
3724.7747 7.9839
3725.6316 7.9746
3726.4905 7.8618
3727.3479 7.6814
3728.2073 7.5128
3729.0649 7.4826
3729.9250 7.6460
3730.7830 7.9037
3731.6414 8.1359
3732.5017 8.2806
3733.3604 8.3507
3734.2214 8.3439
3735.0803 8.2357
3735.9417 8.0273
3736.8013 7.7625
3737.6609 7.5177
3738.5227 7.3796
3739.3828 7.4343
3740.2451 7.6809
3741.1055 7.9947
3741.9683 8.2477
3742.8291 8.3754
3743.6899 8.4075
3744.5532 8.4203
3745.4148 8.4582
3746.2786 8.4794
3747.1404 8.4337
3748.0044 8.2920
3748.8667 8.0472
3749.7290 7.7279
3750.5938 7.4348
3751.4565 7.3152
3752.3215 7.3990
3753.1848 7.6053
3754.0503 7.8603
3754.9138 8.1538
3755.7798 8.4191
3756.6438 8.5779
3757.5081 8.6185
3758.3745 8.5911
3759.2390 8.5522
3760.1060 8.5201
3760.9709 8.4605
3761.8381 8.3477
3762.7036 8.2195
3763.5693 8.1149
3764.4370 7.9738
3765.3032 7.7449
3766.1714 7.4949
3767.0378 7.3964
3767.9065 7.5353
3768.7732 7.8442
3769.6401 8.1512
3770.5095 8.3847
3771.3770 8.5561
3772.2466 8.6679
3773.1145 8.7002
3773.9844 8.6390
3774.8528 8.5212
3775.7209 8.4342
3776.5918 8.4405
3777.4604 8.5037
3778.3315 8.5773
3779.2009 8.6372
3780.0723 8.6694
3780.9419 8.6683
3781.8118 8.6479
3782.6838 8.5776
3783.5540 8.4494
3784.4265 8.2870
3785.2971 8.1006
3786.1699 7.8569
3787.0410 7.6038
3787.9121 7.5269
3788.7856 7.7015
3789.6572 8.0254
3790.5310 8.3146
3791.4031 8.5136
3792.2773 8.6528
3793.1499 8.7696
3794.0225 8.8809
3794.8972 8.9834
3795.7703 9.0643
3796.6455 9.1148
3797.5190 9.1290
3798.3948 9.1326
3799.2686 9.1499
3800.1426 9.1832
3801.0188 9.2116
3801.8933 9.2249
3802.7700 9.2082
3803.6448 9.1607
3804.5220 9.1031
3805.3972 9.0640
3806.2727 9.0512
3807.1504 9.0447
3808.0261 9.0218
3808.9043 8.9669
3809.7805 8.8688
3810.6589 8.7211
3811.5356 8.5266
3812.4126 8.2960
3813.2917 8.0172
3814.1689 7.7116
3815.0483 7.5167
3815.9260 7.5867
3816.8059 7.8888
3817.6841 8.2521
3818.5623 8.5517
3819.4429 8.7761
3820.3215 8.9429
3821.2024 9.0578
3822.0815 9.1209
3822.9629 9.1533
3823.8423 9.1878
3824.7241 9.2540
3825.6040 9.3479
3826.4841 9.4362
3827.3665 9.4836
3828.2468 9.4782
3829.1296 9.4187
3830.0105 9.3394
3830.8938 9.2790
3831.7751 9.2548
3832.6565 9.2570
3833.5403 9.3141
3834.4224 9.4207
3835.3064 9.4879
3836.1887 9.4491
3837.0735 9.3312
3837.9561 9.2636
3838.8391 9.3119
3839.7244 9.3783
3840.6077 9.3369
3841.4932 9.1951
3842.3770 9.0635
3843.2629 9.0067
3844.1472 8.9854
3845.0315 8.9313
3845.9182 8.8662
3846.8030 8.8250
3847.6899 8.7864
3848.5752 8.6621
3849.4626 8.4414
3850.3481 8.1853
3851.2339 7.9006
3852.1221 7.6611
3853.0083 7.6048
3853.8967 7.7885
3854.7832 8.0677
3855.6721 8.3202
3856.5591 8.5224
3857.4463 8.6925
3858.3359 8.8647
3859.2234 9.0733
3860.1135 9.2652
3861.0015 9.3996
3861.8918 9.4968
3862.7803 9.5685
3863.6687 9.6119
3864.5598 9.6432
3865.4487 9.6656
3866.3401 9.6509
3867.2297 9.6300
3868.1213 9.6573
3869.0112 9.7476
3869.9014 9.8316
3870.7937 9.8725
3871.6841 9.8559
3872.5769 9.7808
3873.4678 9.6915
3874.3611 9.6428
3875.2524 9.6198
3876.1438 9.5710
3877.0376 9.5378
3877.9297 9.6186
3878.8237 9.7886
3879.7161 9.9241
3880.6108 9.9626
3881.5037 9.9257
3882.3965 9.8638
3883.2917 9.8436
3884.1851 9.8847
3885.0808 9.9539
3885.9746 10.0046
3886.8706 10.0125
3887.7649 9.9726
3888.6592 9.8841
3889.5559 9.7844
3890.4507 9.7381
3891.3479 9.7744
3892.2429 9.8324
3893.1406 9.8488
3894.0361 9.7731
3894.9341 9.5981
3895.8301 9.4068
3896.7263 9.3692
3897.6250 9.4789
3898.5215 9.5558
3899.4207 9.5350
3900.3176 9.4470
3901.2170 9.3274
3902.1145 9.1425
3903.0122 8.8711
3903.9121 8.5567
3904.8103 8.2246
3905.7107 7.9217
3906.6094 7.7694
3907.5100 7.9345
3908.4089 8.3345
3909.3081 8.7347
3910.2097 9.0170
3911.1091 9.1855
3912.0110 9.2963
3912.9111 9.3852
3913.8132 9.4807
3914.7136 9.5683
3915.6143 9.5930
3916.5171 9.5431
3917.4182 9.4828
3918.3215 9.5136
3919.2229 9.6266
3920.1267 9.7251
3921.0286 9.7843
3921.9307 9.8094
3922.8350 9.8187
3923.7373 9.8596
3924.6421 9.9666
3925.5452 10.0902
3926.4502 10.1850
3927.3535 10.2359
3928.2571 10.2440
3929.1628 10.2041
3930.0667 10.1271
3930.9731 10.0646
3931.8774 10.0797
3932.7839 10.1614
3933.6887 10.2402
3934.5938 10.2770
3935.5010 10.2722
3936.4062 10.2302
3937.3142 10.1792
3938.2200 10.1561
3939.1279 10.1688
3940.0342 10.1715
3940.9407 10.1885
3941.8494 10.2503
3942.7561 10.3004
3943.6653 10.2904
3944.5725 10.2243
3945.4822 10.1444
3946.3899 10.0803
3947.2979 9.9958
3948.2080 9.8532
3949.1162 9.5454
3950.0269 8.9936
3950.9355 8.4013
3951.8467 8.2773
3952.7559 8.7944
3953.6650 9.5014
3954.5769 10.0025
3955.4866 10.2288
3956.3987 10.3312
3957.3088 10.3940
3958.2214 10.4243
3959.1321 10.4164
3960.0449 10.3757
3960.9561 10.3269
3961.8672 10.3097
3962.7808 10.3447
3963.6924 10.4013
3964.6064 10.4290
3965.5186 10.4152
3966.4329 10.3850
3967.3455 10.3590
3968.2581 10.3329
3969.1731 10.3147
3970.0862 10.3278
3971.0017 10.3599
3971.9153 10.3669
3972.8313 10.3226
3973.7451 10.2403
3974.6592 10.1638
3975.5759 10.1279
3976.4905 10.1184
3977.4075 10.0837
3978.3225 9.9920
3979.2397 9.8815
3980.1553 9.8148
3981.0708 9.7725
3981.9888 9.6939
3982.9050 9.5146
3983.8232 9.1856
3984.7397 8.6608
3985.6587 7.9741
3986.5757 7.4207
3987.4927 7.2798
3988.4121 7.6136
3989.3298 8.1855
3990.2498 8.7391
3991.1677 9.1479
3992.0879 9.4315
3993.0063 9.6310
3993.9250 9.7654
3994.8459 9.8509
3995.7649 9.9124
3996.6863 9.9751
3997.6057 10.0366
3998.5276 10.0897
3999.4475 10.1344
4000.3674 10.1755
4001.2900 10.2101
4002.2104 10.2464
4003.1333 10.2901
4004.0544 10.3336
4004.9775 10.3671
4005.8989 10.3984
4006.8206 10.4282
4007.7446 10.4522
4008.6665 10.4755
4009.5908 10.5026
4010.5132 10.5284
4011.4380 10.5375
4012.3608 10.5219
4013.2839 10.4930
4014.2095 10.4634
4015.1328 10.4432
4016.0588 10.4421
4016.9827 10.4662
4017.9089 10.5020
4018.8333 10.5271
4019.7578 10.5361
4020.6848 10.5337
4021.6096 10.5163
4022.5371 10.4653
4023.4624 10.4225
4024.3901 10.4494
4025.3162 10.5023
4026.2422 10.5326
4027.1704 10.5356
4028.0969 10.5310
4029.0259 10.5180
4029.9526 10.4926
4030.8821 10.4863
4031.8093 10.5164
4032.7390 10.5636
4033.6667 10.5857
4034.5947 10.5777
4035.5251 10.5793
4036.4534 10.6121
4037.3843 10.6585
4038.3130 10.6850
4039.2441 10.6863
4040.1736 10.6650
4041.1030 10.6425
4042.0347 10.6251
4042.9646 10.6120
4043.8970 10.6053
4044.8271 10.6123
4045.7600 10.6200
4046.6907 10.6092
4047.6216 10.5850
4048.5549 10.5638
4049.4863 10.5567
4050.4202 10.5576
4051.3521 10.5601
4052.2861 10.5613
4053.2185 10.5834
4054.1509 10.6280
4055.0857 10.6660
4056.0186 10.6706
4056.9539 10.6608
4057.8872 10.6566
4058.8230 10.6491
4059.7566 10.6384
4060.6907 10.6316
4061.6270 10.6029
4062.5613 10.5017
4063.4983 10.3592
4064.4331 10.3243
4065.3701 10.4299
4066.3054 10.5631
4067.2410 10.6271
4068.1787 10.6449
4069.1147 10.6535
4070.0530 10.6376
4070.9893 10.5956
4071.9280 10.5595
4072.8647 10.5584
4073.8018 10.5739
4074.7412 10.5750
4075.6787 10.5590
4076.6184 10.5456
4077.5562 10.5528
4078.4966 10.5670
4079.4348 10.5515
4080.3733 10.4648
4081.3142 10.3427
4082.2532 10.2852
4083.1943 10.3561
4084.1338 10.4567
4085.0757 10.5032
4086.0154 10.5149
4086.9553 10.5193
4087.8977 10.4904
4088.8381 10.3892
4089.7810 10.2716
4090.7219 10.2627
4091.6653 10.3557
4092.6064 10.4168
4093.5481 10.3736
4094.4919 10.2569
4095.4338 10.1363
4096.3784 10.1161
4097.3208 10.2137
4098.2656 10.3171
4099.2085 10.3603
4100.1514 10.3602
4101.0967 10.3377
4102.0400 10.3025
4102.9863 10.2688
4103.9302 10.2492
4104.8765 10.2381
4105.8208 10.2203
4106.7676 10.1972
4107.7124 10.1728
4108.6572 10.1303
4109.6045 10.0807
4110.5503 10.0363
4111.4980 9.9914
4112.4438 9.9250
4113.3921 9.8319
4114.3384 9.7029
4115.2852 9.5516
4116.2339 9.3743
4117.1807 9.1309
4118.1304 8.7696
4119.0776 8.3200
4120.0273 7.9821
4120.9751 8.0238
4121.9233 8.4167
4122.8740 8.8705
4123.8223 9.2000
4124.7734 9.4129
4125.7222 9.5639
4126.6733 9.6727
4127.6230 9.7468
4128.5723 9.8026
4129.5244 9.8628
4130.4746 9.9176
4131.4268 9.9604
4132.3774 10.0002
4133.3301 10.0377
4134.2812 10.0677
4135.2324 10.0978
4136.1855 10.1189
4137.1372 10.1268
4138.0913 10.1343
4139.0435 10.1478
4139.9976 10.1627
4140.9502 10.1770
4141.9028 10.1926
4142.8579 10.2047
4143.8110 10.2071
4144.7666 10.2060
4145.7202 10.2143
4146.6758 10.2281
4147.6299 10.2201
4148.5840 10.1800
4149.5405 10.1188
4150.4951 10.0785
4151.4526 10.1011
4152.4072 10.1625
4153.3647 10.2043
4154.3203 10.2221
4155.2764 10.2359
4156.2344 10.2587
4157.1904 10.2843
4158.1489 10.2911
4159.1055 10.2720
4160.0649 10.2408
4161.0220 10.1732
4161.9790 10.0880
4162.9390 10.0557
4163.8965 10.1089
4164.8564 10.1715
4165.8149 10.1955
4166.7754 10.2060
4167.7339 10.2258
4168.6929 10.2468
4169.6538 10.2534
4170.6133 10.2419
4171.5752 10.2110
4172.5347 10.1776
4173.4971 10.1592
4174.4570 10.1572
4175.4175 10.1538
4176.3799 10.1520
4177.3408 10.1664
4178.3042 10.1815
4179.2651 10.1804
4180.2290 10.1620
4181.1909 10.1349
4182.1548 10.0955
4183.1172 10.0711
4184.0796 9.9706
4185.0444 9.8127
4186.0068 9.7684
4186.9722 9.9373
4187.9355 10.0938
4188.9014 10.1342
4189.8647 10.1013
4190.8286 10.0553
4191.7949 10.0270
4192.7593 10.0359
4193.7261 10.0605
4194.6909 10.0667
4195.6582 10.0419
4196.6235 10.0033
4197.5889 9.9875
4198.5571 10.0171
4199.5229 10.0493
4200.4912 10.0449
4201.4575 10.0329
4202.4263 10.0340
4203.3931 10.0329
4204.3599 10.0107
4205.3296 9.9653
4206.2969 9.9341
4207.2671 9.9558
4208.2349 10.0069
4209.2051 10.0274
4210.1738 10.0162
4211.1421 10.0057
4212.1133 10.0188
4213.0820 10.0438
4214.0537 10.0517
4215.0229 10.0207
4215.9951 9.9633
4216.9648 9.9021
4217.9351 9.8767
4218.9077 9.8682
4219.8784 9.8377
4220.8516 9.7892
4221.8223 9.8064
4222.7959 9.8846
4223.7676 9.9446
4224.7393 9.9673
4225.7134 9.9738
4226.6855 9.9797
4227.6602 9.9658
4228.6328 9.9410
4229.6079 9.9289
4230.5806 9.9288
4231.5542 9.9179
4232.5298 9.8667
4233.5034 9.7717
4234.4800 9.7012
4235.4541 9.7437
4236.4307 9.8338
4237.4053 9.8907
4238.3799 9.8976
4239.3574 9.8846
4240.3325 9.8629
4241.3105 9.8569
4242.2861 9.8704
4243.2642 9.8554
4244.2407 9.7485
4245.2168 9.5796
4246.1958 9.5077
4247.1729 9.5990
4248.1519 9.7304
4249.1294 9.8046
4250.1094 9.8149
4251.0869 9.7666
4252.0649 9.6975
4253.0454 9.6839
4254.0239 9.7028
4255.0049 9.7222
4255.9834 9.7463
4256.9648 9.7805
4257.9443 9.7984
4258.9263 9.7992
4259.9058 9.8012
4260.8857 9.8096
4261.8687 9.8134
4262.8491 9.8046
4263.8320 9.7691
4264.8130 9.6751
4265.7964 9.5883
4266.7778 9.5735
4267.7593 9.6123
4268.7432 9.6043
4269.7256 9.5826
4270.7100 9.6206
4271.6924 9.6657
4272.6772 9.6647
4273.6606 9.6385
4274.6436 9.6496
4275.6294 9.6810
4276.6128 9.6890
4277.5991 9.6631
4278.5830 9.6133
4279.5698 9.5701
4280.5542 9.5872
4281.5391 9.6448
4282.5264 9.6766
4283.5117 9.6783
4284.4990 9.6725
4285.4849 9.6719
4286.4731 9.6687
4287.4590 9.6549
4288.4453 9.6148
4289.4346 9.5101
4290.4214 9.3858
4291.4106 9.3558
4292.3979 9.4444
4293.3877 9.5232
4294.3755 9.5544
4295.3633 9.5793
4296.3535 9.6094
4297.3423 9.6154
4298.3330 9.6018
4299.3218 9.5785
4300.3135 9.5464
4301.3027 9.5173
4302.2920 9.5089
4303.2842 9.5281
4304.2744 9.5532
4305.2666 9.5600
4306.2573 9.5396
4307.2500 9.4739
4308.2412 9.3751
4309.2319 9.3045
4310.2261 9.3310
4311.2173 9.3966
4312.2114 9.3846
4313.2036 9.3337
4314.1982 9.3328
4315.1904 9.4047
4316.1836 9.4541
4317.1787 9.4360
4318.1719 9.3351
4319.1675 9.2351
4320.1611 9.1983
4321.1572 9.2185
4322.1514 9.2709
4323.1460 9.3583
4324.1426 9.4229
4325.1377 9.4013
4326.1348 9.2979
4327.1299 9.2028
4328.1279 9.2249
4329.1235 9.3186
4330.1196 9.3726
4331.1182 9.3513
4332.1143 9.2750
4333.1133 9.1947
4334.1104 9.1742
4335.1099 9.2191
4336.1069 9.2790
4337.1069 9.3131
4338.1045 9.3102
4339.1025 9.2804
4340.1030 9.2421
4341.1016 9.2361
4342.1025 9.2538
4343.1016 9.2223
4344.1030 9.1216
4345.1025 9.0277
4346.1021 9.0412
4347.1040 9.1207
4348.1040 9.1605
4349.1069 9.1446
4350.1074 9.1018
4351.1104 9.0539
4352.1113 8.9948
4353.1128 8.9237
4354.1167 8.8339
4355.1182 8.7073
4356.1226 8.5293
4357.1245 8.2849
4358.1294 7.9456
4359.1318 7.5256
4360.1348 7.3011
4361.1401 7.4974
4362.1436 7.9649
4363.1494 8.3329
4364.1528 8.5557
4365.1592 8.6981
4366.1636 8.8013
4367.1680 8.8796
4368.1753 8.9344
4369.1802 8.9626
4370.1875 8.9632
4371.1929 8.9619
4372.2007 9.0000
4373.2065 9.0712
4374.2129 9.1453
4375.2212 9.1959
4376.2280 9.2211
4377.2368 9.2334
4378.2441 9.2410
4379.2534 9.2421
4380.2612 9.2418
4381.2686 9.2527
4382.2793 9.2728
4383.2871 9.2842
4384.2979 9.2804
4385.3066 9.2723
4386.3179 9.2652
4387.3267 9.2533
4388.3359 9.2371
4389.3481 9.2252
4390.3579 9.2274
4391.3701 9.2316
4392.3804 9.2232
4393.3936 9.1992
4394.4043 9.1755
4395.4150 9.1836
4396.4287 9.2133
4397.4399 9.2416
4398.4541 9.2619
4399.4658 9.2753
4400.4805 9.2557
4401.4927 9.1753
4402.5054 9.0428
4403.5205 8.9835
4404.5337 9.0487
4405.5493 9.1573
4406.5625 9.2182
4407.5786 9.2392
4408.5928 9.2448
4409.6069 9.2439
4410.6240 9.2429
4411.6387 9.2429
4412.6558 9.2169
4413.6709 9.1243
4414.6885 9.0436
4415.7041 9.0650
4416.7227 9.1525
4417.7388 9.1846
4418.7549 9.1562
4419.7739 9.1176
4420.7905 9.1241
4421.8101 9.1513
4422.8271 9.1412
4423.8472 9.0762
4424.8647 9.0418
4425.8828 9.0875
4426.9033 9.1375
4427.9219 9.1578
4428.9429 9.1629
4429.9619 9.1762
4430.9834 9.1892
4432.0024 9.1946
4433.0220 9.1540
4434.0444 9.0714
4435.0645 8.9984
4436.0874 8.9856
4437.1079 9.0057
4438.1309 9.0384
4439.1519 9.0696
4440.1733 9.0841
4441.1968 9.0815
4442.2188 9.0744
4443.2432 9.0632
4444.2651 9.0370
4445.2900 8.9982
4446.3125 8.9579
4447.3354 8.9354
4448.3613 8.9445
4449.3843 8.9670
4450.4106 8.9759
4451.4341 8.9761
4452.4609 8.9725
4453.4849 8.9640
4454.5098 8.9578
4455.5366 8.9833
4456.5615 9.0372
4457.5894 9.0659
4458.6147 9.0650
4459.6431 9.0521
4460.6689 9.0316
4461.6953 8.9864
4462.7241 8.9202
4463.7505 8.8887
4464.7798 8.9321
4465.8071 9.0070
4466.8369 9.0310
4467.8643 9.0211
4468.8921 9.0086
4469.9229 8.9900
4470.9512 8.9960
4471.9819 9.0242
4473.0107 9.0280
4474.0425 8.9956
4475.0718 8.9801
4476.1011 9.0012
4477.1333 9.0371
4478.1631 9.0863
4479.1958 9.1483
4480.2266 9.1467
4481.2593 9.0783
4482.2905 9.0268
4483.3213 9.0044
4484.3555 8.9941
4485.3872 8.9846
4486.4214 8.9562
4487.4536 8.8954
4488.4883 8.8505
4489.5210 8.8683
4490.5537 8.9257
4491.5889 8.9588
4492.6226 8.9756
4493.6582 8.9895
4494.6919 8.9865
4495.7285 8.9696
4496.7627 8.9578
4497.7998 8.9605
4498.8345 8.9493
4499.8696 8.9210
4500.9072 8.8936
4501.9424 8.8909
4502.9805 8.9051
4504.0166 8.9083
4505.0552 8.9100
4506.0913 8.9187
4507.1279 8.9151
4508.1675 8.9085
4509.2046 8.9076
4510.2446 8.9051
4511.2822 8.8984
4512.3223 8.9031
4513.3604 8.9035
4514.3984 8.8923
4515.4395 8.8795
4516.4785 8.8802
4517.5200 8.8886
4518.5591 8.8828
4519.6011 8.8301
4520.6406 8.7607
4521.6807 8.7315
4522.7236 8.7682
4523.7642 8.8167
4524.8071 8.8382
4525.8481 8.8393
4526.8916 8.8327
4527.9331 8.8237
4528.9746 8.8162
4530.0190 8.8227
4531.0610 8.8294
4532.1060 8.8289
4533.1489 8.8281
4534.1938 8.8260
4535.2373 8.8143
4536.2803 8.8037
4537.3267 8.7946
4538.3701 8.7806
4539.4170 8.7665
4540.4609 8.7576
4541.5083 8.7483
4542.5527 8.7241
4543.5981 8.7162
4544.6455 8.7254
4545.6909 8.7326
4546.7393 8.7316
4547.7852 8.7283
4548.8340 8.7141
4549.8804 8.7073
4550.9272 8.7147
4551.9766 8.7006
4553.0239 8.6382
4554.0737 8.5577
4555.1216 8.5519
4556.1719 8.6232
4557.2197 8.6849
4558.2686 8.7055
4559.3193 8.7008
4560.3682 8.6940
4561.4199 8.6841
4562.4692 8.6735
4563.5215 8.6652
4564.5713 8.6606
4565.6211 8.6603
4566.6743 8.6580
4567.7246 8.6287
4568.7778 8.5432
4569.8291 8.4556
4570.8828 8.4567
4571.9341 8.5350
4572.9888 8.5843
4574.0405 8.5803
4575.0928 8.5644
4576.1479 8.5612
4577.2007 8.5750
4578.2559 8.5989
4579.3091 8.6186
4580.3652 8.6156
4581.4189 8.5900
4582.4731 8.5378
4583.5298 8.4743
4584.5840 8.4479
4585.6411 8.4950
4586.6963 8.5506
4587.7539 8.5681
4588.8091 8.5608
4589.8647 8.5379
4590.9233 8.4937
4591.9795 8.4351
4593.0386 8.4208
4594.0952 8.4643
4595.1543 8.5032
4596.2114 8.5143
4597.2690 8.5061
4598.3291 8.4918
4599.3867 8.4757
4600.4473 8.4663
4601.5059 8.4619
4602.5669 8.4480
4603.6255 8.4190
4604.6846 8.3942
4605.7466 8.4080
4606.8062 8.4381
4607.8687 8.4474
4608.9287 8.4366
4609.9912 8.4236
4611.0518 8.4211
4612.1128 8.4274
4613.1763 8.4319
4614.2373 8.4254
4615.3013 8.4069
4616.3633 8.3900
4617.4277 8.3923
4618.4897 8.4078
4619.5522 8.4157
4620.6177 8.4230
4621.6807 8.4235
4622.7466 8.4063
4623.8096 8.3774
4624.8760 8.3680
4625.9399 8.3658
4627.0044 8.3604
4628.0713 8.3568
4629.1357 8.3582
4630.2031 8.3606
4631.2686 8.3629
4632.3364 8.3603
4633.4023 8.3575
4634.4678 8.3525
4635.5366 8.3462
4636.6030 8.3454
4637.6724 8.3522
4638.7393 8.3497
4639.8091 8.3415
4640.8765 8.3448
4641.9438 8.3581
4643.0142 8.3606
4644.0825 8.3514
4645.1533 8.3427
4646.2222 8.3319
4647.2935 8.3216
4648.3623 8.3083
4649.4316 8.2843
4650.5039 8.2621
4651.5737 8.2643
4652.6465 8.2771
4653.7168 8.2805
4654.7900 8.2773
4655.8608 8.2857
4656.9346 8.2983
4658.0059 8.3005
4659.0771 8.2940
4660.1519 8.2882
4661.2236 8.2829
4662.2983 8.2717
4663.3711 8.2644
4664.4463 8.2671
4665.5195 8.2725
4666.5928 8.2684
4667.6689 8.2531
4668.7427 8.2380
4669.8193 8.2359
4670.8936 8.2500
4671.9707 8.2685
4673.0454 8.2807
4674.1206 8.2790
4675.1982 8.2647
4676.2739 8.2547
4677.3521 8.2518
4678.4282 8.2470
4679.5073 8.2434
4680.5835 8.2485
4681.6602 8.2596
4682.7397 8.2556
4683.8174 8.2347
4684.8975 8.2206
4685.9751 8.2133
4687.0557 8.2051
4688.1338 8.1977
4689.2124 8.2004
4690.2935 8.2014
4691.3726 8.1968
4692.4546 8.1963
4693.5342 8.2016
4694.6162 8.2037
4695.6963 8.2049
4696.7764 8.2036
4697.8594 8.1941
4698.9404 8.1839
4700.0239 8.1800
4701.1050 8.1806
4702.1890 8.1788
4703.2710 8.1726
4704.3530 8.1642
4705.4375 8.1577
4706.5200 8.1554
4707.6055 8.1585
4708.6885 8.1690
4709.7744 8.1743
4710.8579 8.1719
4711.9414 8.1730
4713.0283 8.1776
4714.1123 8.1751
4715.1992 8.1743
4716.2842 8.1706
4717.3716 8.1620
4718.4570 8.1561
4719.5425 8.1594
4720.6309 8.1675
4721.7168 8.1644
4722.8057 8.1416
4723.8921 8.1231
4724.9814 8.1212
4726.0684 8.1304
4727.1553 8.1387
4728.2456 8.1457
4729.3335 8.1511
4730.4238 8.1490
4731.5122 8.1386
4732.6030 8.1269
4733.6919 8.1221
4734.7808 8.1189
4735.8726 8.1081
4736.9624 8.0984
4738.0547 8.1020
4739.1445 8.1126
4740.2373 8.1101
4741.3276 8.0944
4742.4214 8.0814
4743.5122 8.0813
4744.6035 8.0853
4745.6973 8.0816
4746.7891 8.0685
4747.8838 8.0553
4748.9761 8.0473
4750.0713 8.0423
4751.1641 8.0413
4752.2568 8.0411
4753.3525 8.0367
4754.4463 8.0363
4755.5425 8.0465
4756.6367 8.0476
4757.7334 8.0360
4758.8281 8.0197
4759.9229 8.0070
4761.0205 8.0009
4762.1157 7.9978
4763.2139 7.9970
4764.3096 7.9911
4765.4082 7.9802
4766.5044 7.9748
4767.6011 7.9742
4768.7002 7.9684
4769.7974 7.9602
4770.8975 7.9555
4771.9951 7.9531
4773.0952 7.9445
4774.1934 7.9275
4775.2915 7.9107
4776.3926 7.8983
4777.4917 7.8890
4778.5933 7.8826
4779.6924 7.8807
4780.7949 7.8777
4781.8945 7.8625
4782.9946 7.8359
4784.0977 7.8134
4785.1982 7.8035
4786.3018 7.8021
4787.4028 7.8091
4788.5068 7.8136
4789.6084 7.8058
4790.7100 7.7917
4791.8149 7.7787
4792.9170 7.7683
4794.0225 7.7631
4795.1255 7.7538
4796.2310 7.7393
4797.3345 7.7269
4798.4380 7.7268
4799.5444 7.7430
4800.6489 7.7604
4801.7559 7.7587
4802.8604 7.7602
4803.9678 7.7768
4805.0732 7.7907
4806.1782 7.7748
4807.2866 7.7479
4808.3926 7.7430
4809.5015 7.7533
4810.6079 7.7593
4811.7173 7.7506
4812.8242 7.7317
4813.9312 7.7152
4815.0415 7.7067
4816.1489 7.7049
4817.2598 7.7094
4818.3677 7.7174
4819.4790 7.7207
4820.5879 7.7129
4821.6968 7.7052
4822.8086 7.6973
4823.9180 7.6860
4825.0303 7.6690
4826.1401 7.6488
4827.2534 7.6372
4828.3638 7.6437
4829.4771 7.6581
4830.5884 7.6627
4831.6992 7.6530
4832.8135 7.6414
4833.9253 7.6392
4835.0400 7.6401
4836.1523 7.6404
4837.2676 7.6344
4838.3804 7.6199
4839.4937 7.6028
4840.6094 7.5955
4841.7231 7.5949
4842.8394 7.5899
4843.9536 7.5785
4845.0708 7.5677
4846.1851 7.5635
4847.3003 7.5605
4848.4180 7.5574
4849.5332 7.5542
4850.6514 7.5547
4851.7676 7.5565
4852.8862 7.5516
4854.0024 7.5402
4855.1191 7.5262
4856.2388 7.5132
4857.3560 7.5082
4858.4761 7.5116
4859.5938 7.5147
4860.7144 7.5154
4861.8325 7.5182
4862.9512 7.5087
4864.0723 7.4823
4865.1914 7.4545
4866.3135 7.4434
4867.4326 7.4344
4868.5552 7.4217
4869.6753 7.4066
4870.7954 7.3914
4871.9189 7.3733
4873.0396 7.3439
4874.1631 7.2989
4875.2847 7.2477
4876.4087 7.1993
4877.5308 7.1426
4878.6528 7.0500
4879.7778 6.8738
4880.9004 6.5545
4882.0259 6.1645
4883.1489 6.0765
4884.2749 6.3364
4885.3984 6.7053
4886.5225 6.9272
4887.6494 7.0547
4888.7734 7.1277
4889.9009 7.1810
4891.0259 7.2188
4892.1538 7.2365
4893.2793 7.2433
4894.4048 7.2622
4895.5337 7.2885
4896.6597 7.3061
4897.7891 7.3187
4898.9155 7.3280
4900.0454 7.3270
4901.1724 7.3245
4902.2998 7.3322
4903.4307 7.3428
4904.5586 7.3474
4905.6895 7.3494
4906.8179 7.3575
4907.9497 7.3603
4909.0786 7.3537
4910.2080 7.3509
4911.3403 7.3418
4912.4702 7.3289
4913.6030 7.3372
4914.7334 7.3649
4915.8667 7.3738
4916.9976 7.3704
4918.1313 7.3653
4919.2627 7.3615
4920.3945 7.3584
4921.5288 7.3587
4922.6611 7.3609
4923.7964 7.3664
4924.9292 7.3704
4926.0649 7.3697
4927.1978 7.3697
4928.3315 7.3805
4929.4678 7.3966
4930.6021 7.4002
4931.7388 7.3911
4932.8735 7.3809
4934.0107 7.3796
4935.1460 7.3831
4936.2812 7.3868
4937.4194 7.3846
4938.5557 7.3741
4939.6943 7.3542
4940.8306 7.3268
4941.9702 7.3057
4943.1069 7.3098
4944.2441 7.2969
4945.3843 7.2729
4946.5220 7.2825
4947.6626 7.3417
4948.8008 7.3644
4949.9419 7.3562
4951.0806 7.3563
4952.2197 7.3660
4953.3618 7.3710
4954.5010 7.3656
4955.6436 7.3532
4956.7837 7.3536
4957.9268 7.3634
4959.0674 7.3616
4960.2080 7.3451
4961.3521 7.3341
4962.4932 7.3333
4963.6377 7.3380
4964.7793 7.3379
4965.9243 7.3330
4967.0669 7.3258
4968.2095 7.3183
4969.3550 7.3171
4970.4980 7.3192
4971.6445 7.3151
4972.7881 7.3125
4973.9351 7.3163
4975.0791 7.3218
4976.2236 7.3312
4977.3711 7.3193
4978.5161 7.2709
4979.6641 7.2430
4980.8096 7.2630
4981.9585 7.2878
4983.1045 7.2965
4984.2510 7.3035
4985.4004 7.3076
4986.5469 7.3073
4987.6968 7.3017
4988.8442 7.2931
4989.9946 7.2948
4991.1426 7.3053
4992.2910 7.3139
4993.4419 7.3120
4994.5908 7.3031
4995.7427 7.2994
4996.8921 7.3005
4998.0439 7.2939
4999.1938 7.2821
5000.3438 7.2727
5001.4971 7.2654
5002.6475 7.2542
5003.8013 7.2486
5004.9521 7.2463
5006.1064 7.2421
5007.2583 7.2373
5008.4126 7.2374
5009.5649 7.2432
5010.7173 7.2448
5011.8730 7.2434
5013.0259 7.2428
5014.1816 7.2431
5015.3354 7.2450
5016.4917 7.2500
5017.6460 7.2508
5018.8003 7.2444
5019.9575 7.2455
5021.1123 7.2395
5022.2700 7.2192
5023.4258 7.2046
5024.5840 7.2074
5025.7397 7.2087
5026.8960 7.1903
5028.0552 7.1778
5029.2119 7.1889
5030.3716 7.2040
5031.5288 7.2018
5032.6890 7.1981
5033.8472 7.2008
5035.0049 7.2026
5036.1660 7.2001
5037.3247 7.1982
5038.4863 7.1835
5039.6455 7.1271
5040.8076 7.0876
5041.9668 7.1131
5043.1270 7.1742
5044.2900 7.1953
5045.4502 7.1907
5046.6138 7.1735
5047.7749 7.1590
5048.9390 7.1549
5050.1001 7.1567
5051.2622 7.1525
5052.4268 7.1412
5053.5894 7.1422
5054.7544 7.1515
5055.9175 7.1540
5057.0830 7.1457
5058.2466 7.1371
5059.4102 7.1337
5060.5771 7.1367
5061.7412 7.1275
5062.9082 7.1178
5064.0732 7.1186
5065.2407 7.1227
5066.4062 7.1325
5067.5718 7.1413
5068.7402 7.1299
5069.9062 7.1160
5071.0752 7.1143
5072.2417 7.1120
5073.4116 7.1007
5074.5786 7.1000
5075.7461 7.1160
5076.9165 7.1261
5078.0845 7.1229
5079.2554 7.1260
5080.4238 7.1293
5081.5957 7.1145
5082.7646 7.1012
5083.9336 7.0994
5085.1060 7.0994
5086.2759 7.0894
5087.4487 7.0862
5088.6191 7.0915
5089.7925 7.0928
5090.9634 7.0897
5092.1348 7.0853
5093.3091 7.0787
5094.4805 7.0704
5095.6553 7.0664
5096.8276 7.0640
5098.0029 7.0592
5099.1758 7.0532
5100.3516 7.0531
5101.5249 7.0622
5102.6987 7.0636
5103.8750 7.0579
5105.0493 7.0453
5106.2266 7.0333
5107.4014 7.0345
5108.5791 7.0393
5109.7544 7.0360
5110.9297 7.0317
5112.1084 7.0275
5113.2842 7.0250
5114.4634 7.0297
5115.6401 7.0357
5116.8198 7.0399
5117.9966 7.0411
5119.1743 7.0339
5120.3545 7.0237
5121.5327 7.0263
5122.7134 7.0393
5123.8921 7.0630
5125.0737 7.0257
5126.2524 6.9741
5127.4321 6.9687
5128.6143 6.9895
5129.7939 6.9898
5130.9771 6.9843
5132.1572 6.9682
5133.3408 6.9534
5134.5220 6.9533
5135.7031 6.9657
5136.8872 6.9754
5138.0688 6.9727
5139.2539 6.9680
5140.4360 6.9650
5141.6216 6.9627
5142.8042 6.9613
5143.9873 6.9595
5145.1738 6.9523
5146.3574 6.9431
5147.5439 6.9366
5148.7280 6.9353
5149.9155 6.9362
5151.1001 6.9296
5152.2852 6.9267
5153.4731 6.9319
5154.6587 6.9257
5155.8477 6.9051
5157.0337 6.8948
5158.2227 6.8958
5159.4097 6.8989
5160.5962 6.9007
5161.7861 6.8958
5162.9736 6.8863
5164.1646 6.8819
5165.3525 6.8799
5166.5435 6.8850
5167.7319 6.8890
5168.9209 6.8858
5170.1128 6.8826
5171.3022 6.8910
5172.4946 6.8958
5173.6846 6.8880
5174.8779 6.8769
5176.0684 6.8687
5177.2588 6.8645
5178.4526 6.8636
5179.6440 6.8646
5180.8384 6.8659
5182.0303 6.8569
5183.2251 6.8463
5184.4175 6.8456
5185.6104 6.8504
5186.8062 6.8438
5187.9995 6.8108
5189.1958 6.7219
5190.3896 6.6328
5191.5864 6.6201
5192.7808 6.6887
5193.9780 6.7266
5195.1729 6.6887
5196.3682 6.6995
5197.5664 6.7608
5198.7622 6.8076
5199.9609 6.8148
5201.1572 6.8156
5202.3564 6.8090
5203.5532 6.8005
5204.7505 6.7446
5205.9507 6.6546
5207.1484 6.6368
5208.3491 6.7160
5209.5474 6.7652
5210.7485 6.7675
5211.9473 6.7624
5213.1460 6.7628
5214.3481 6.7466
5215.5479 6.7408
5216.7505 6.7560
5217.9507 6.7583
5219.1538 6.7471
5220.3545 6.7379
5221.5557 6.7368
5222.7598 6.7424
5223.9609 6.7466
5225.1655 6.7394
5226.3677 6.7211
5227.5728 6.6989
5228.7754 6.6831
5229.9785 6.6808
5231.1846 6.6734
5232.3877 6.6683
5233.5942 6.6730
5234.7983 6.6798
5236.0054 6.6756
5237.2100 6.6784
5238.4150 6.6815
5239.6230 6.6744
5240.8281 6.6651
5242.0366 6.6664
5243.2427 6.6768
5244.4517 6.6731
5245.6582 6.6610
5246.8652 6.6600
5248.0747 6.6467
5249.2822 6.6139
5250.4927 6.6011
5251.7007 6.6212
5252.9116 6.6306
5254.1201 6.6115
5255.3286 6.5888
5256.5405 6.5821
5257.7500 6.5838
5258.9624 6.5940
5260.1724 6.6038
5261.3853 6.6072
5262.5957 6.6048
5263.8062 6.5990
5265.0200 6.5931
5266.2310 6.5975
5267.4458 6.6143
5268.6572 6.6218
5269.8721 6.6199
5271.0845 6.6193
5272.2974 6.6218
5273.5132 6.6176
5274.7261 6.6174
5275.9424 6.6193
5277.1562 6.6099
5278.3730 6.5925
5279.5874 6.5909
5280.8047 6.6024
5282.0195 6.6066
5283.2349 6.6033
5284.4531 6.5945
5285.6689 6.5835
5286.8877 6.5765
5288.1040 6.5741
5289.3232 6.5686
5290.5400 6.5608
5291.7573 6.5287
5292.9775 6.4889
5294.1953 6.5019
5295.4160 6.5433
5296.6343 6.5622
5297.8555 6.5590
5299.0742 6.5423
5300.2935 6.5311
5301.5156 6.5482
5302.7354 6.5723
5303.9580 6.5674
5305.1782 6.5462
5306.4014 6.5212
5307.6221 6.5066
5308.8433 6.5160
5310.0674 6.5263
5311.2891 6.5201
5312.5137 6.5198
5313.7358 6.5284
5314.9614 6.5337
5316.1841 6.5292
5317.4072 6.5231
5318.6333 6.5131
5319.8569 6.5046
5321.0835 6.5019
5322.3076 6.5034
5323.5347 6.5045
5324.7598 6.5058
5325.9844 6.5109
5327.2129 6.5099
5328.4380 6.4971
5329.6670 6.4785
5330.8931 6.4687
5332.1221 6.4741
5333.3491 6.4891
5334.5757 6.5017
5335.8062 6.4982
5337.0337 6.4827
5338.2642 6.4728
5339.4922 6.4563
5340.7236 6.4452
5341.9521 6.4468
5343.1812 6.4479
5344.4131 6.4425
5345.6426 6.4400
5346.8755 6.4329
5348.1055 6.4268
5349.3389 6.4153
5350.5693 6.3863
5351.8003 6.3626
5353.0342 6.3886
5354.2656 6.4224
5355.5005 6.4303
5356.7324 6.4350
5357.9678 6.4327
5359.2002 6.4155
5360.4331 6.3991
5361.6694 6.3980
5362.9028 6.3952
5364.1392 6.3839
5365.3735 6.3890
5366.6108 6.4159
5367.8452 6.4291
5369.0801 6.4171
5370.3184 6.4032
5371.5537 6.3976
5372.7925 6.3942
5374.0283 6.3867
5375.2676 6.3804
5376.5039 6.3860
5377.7441 6.3871
5378.9810 6.3789
5380.2183 6.3648
5381.4590 6.3522
5382.6973 6.3493
5383.9385 6.3538
5385.1768 6.3502
5386.4189 6.3357
5387.6577 6.3224
5388.8975 6.3210
5390.1401 6.3307
5391.3799 6.3441
5392.6230 6.3460
5393.8638 6.3265
5395.1074 6.3087
5396.3486 6.3126
5397.5903 6.3277
5398.8350 6.3368
5400.0767 6.3474
5401.3223 6.3528
5402.5645 6.3501
5403.8105 6.3406
5405.0537 6.3271
5406.2969 6.3155
5407.5439 6.3106
5408.7876 6.3128
5410.0352 6.3190
5411.2798 6.3264
5412.5273 6.3194
5413.7725 6.2434
5415.0181 6.1098
5416.2666 6.1409
5417.5127 6.2535
5418.7617 6.2914
5420.0083 6.2743
5421.2583 6.2661
5422.5054 6.2777
5423.7529 6.2818
5425.0034 6.2734
5426.2515 6.2609
5427.5029 6.2474
5428.7515 6.2329
5430.0034 6.2281
5431.2524 6.2488
5432.5020 6.2603
5433.7549 6.2463
5435.0049 6.2440
5436.2578 6.2555
5437.5088 6.2550
5438.7627 6.2470
5440.0137 6.2418
5441.2651 6.2397
5442.5200 6.2338
5443.7720 6.2282
5445.0273 6.2225
5446.2798 6.2225
5447.5356 6.2261
5448.7891 6.2287
5450.0425 6.2287
5451.2993 6.2221
5452.5532 6.2129
5453.8105 6.2023
5455.0654 6.1970
5456.3232 6.1983
5457.5786 6.1973
5458.8340 6.1958
5460.0928 6.2082
5461.3486 6.2205
5462.6084 6.2252
5463.8647 6.2239
5465.1250 6.2193
5466.3823 6.2125
5467.6396 6.2082
5468.9004 6.1973
5470.1587 6.1751
5471.4199 6.1563
5472.6787 6.1619
5473.9404 6.1687
5475.1997 6.1733
5476.4624 6.1810
5477.7222 6.1777
5478.9824 6.1613
5480.2461 6.1576
5481.5068 6.1727
5482.7705 6.1778
5484.0322 6.1709
5485.2964 6.1637
5486.5586 6.1602
5487.8208 6.1535
5489.0859 6.1504
5490.3491 6.1506
5491.6147 6.1529
5492.8784 6.1537
5494.1450 6.1502
5495.4087 6.1449
5496.6729 6.1476
5497.9404 6.1495
5499.2056 6.1440
5500.4736 6.1356
5501.7388 6.1318
5503.0073 6.1333
5504.2734 6.1298
5505.5396 6.1246
5506.8096 6.1228
5508.0762 6.1203
5509.3462 6.1124
5510.6138 6.1016
5511.8843 6.0936
5513.1523 6.0892
5514.4209 6.0899
5515.6924 6.0972
5516.9614 6.1054
5518.2334 6.1044
5519.5029 6.1004
5520.7759 6.0990
5522.0459 6.0973
5523.3159 6.0989
5524.5898 6.1019
5525.8608 6.0958
5527.1348 6.0890
5528.4062 6.0885
5529.6812 6.0859
5530.9536 6.0778
5532.2256 6.0661
5533.5015 6.0568
5534.7744 6.0599
5536.0508 6.0608
5537.3242 6.0607
5538.6011 6.0639
5539.8755 6.0671
5541.1499 6.0617
5542.4277 6.0520
5543.7026 6.0446
5544.9810 6.0415
5546.2568 6.0421
5547.5356 6.0415
5548.8115 6.0329
5550.0884 6.0156
5551.3682 5.9926
5552.6450 5.9828
5553.9258 5.9948
5555.2031 6.0146
5556.4844 6.0170
5557.7627 6.0125
5559.0410 6.0017
5560.3232 5.9951
5561.6021 5.9983
5562.8848 6.0058
5564.1646 6.0064
5565.4473 6.0025
5566.7280 5.9960
5568.0083 5.9922
5569.2925 5.9956
5570.5737 6.0033
5571.8579 6.0059
5573.1401 6.0047
5574.4253 6.0038
5575.7075 5.9981
5576.9932 5.9932
5578.2764 5.9935
5579.5596 5.9929
5580.8462 5.9920
5582.1299 5.9887
5583.4170 5.9820
5584.7017 5.9771
5585.9893 5.9755
5587.2744 5.9715
5588.5601 5.9699
5589.8486 5.9686
5591.1348 5.9654
5592.4238 5.9609
5593.7104 5.9566
5595.0005 5.9531
5596.2876 5.9498
5597.5747 5.9436
5598.8657 5.9403
5600.1538 5.9394
5601.4448 5.9371
5602.7334 5.9330
5604.0254 5.9297
5605.3149 5.9293
5606.6045 5.9304
5607.8970 5.9259
5609.1870 5.9149
5610.4805 5.9071
5611.7715 5.9032
5613.0654 5.9022
5614.3569 5.9031
5615.6484 5.9045
5616.9434 5.9037
5618.2354 5.8990
5619.5308 5.8934
5620.8237 5.8920
5622.1201 5.8866
5623.4131 5.8811
5624.7070 5.8788
5626.0039 5.8734
5627.2983 5.8718
5628.5957 5.8763
5629.8906 5.8809
5631.1890 5.8811
5632.4844 5.8765
5633.7803 5.8694
5635.0791 5.8638
5636.3755 5.8610
5637.6753 5.8619
5638.9722 5.8585
5640.2725 5.8488
5641.5703 5.8451
5642.8682 5.8509
5644.1694 5.8538
5645.4678 5.8532
5646.7695 5.8498
5648.0684 5.8455
5649.3711 5.8442
5650.6704 5.8455
5651.9707 5.8483
5653.2739 5.8487
5654.5742 5.8438
5655.8784 5.8355
5657.1797 5.8308
5658.4839 5.8325
5659.7856 5.8342
5661.0879 5.8288
5662.3931 5.8167
5663.6958 5.8066
5665.0020 5.8072
5666.3052 5.8092
5667.6118 5.8100
5668.9155 5.8067
5670.2197 5.8029
5671.5273 5.8013
5672.8320 5.7987
5674.1401 5.7969
5675.4453 5.7968
5676.7539 5.7928
5678.0601 5.7878
5679.3696 5.7857
5680.6758 5.7822
5681.9829 5.7709
5683.2930 5.7669
5684.6006 5.7727
5685.9111 5.7763
5687.2192 5.7711
5688.5308 5.7659
5689.8394 5.7627
5691.1484 5.7609
5692.4609 5.7635
5693.7705 5.7651
5695.0835 5.7597
5696.3936 5.7502
5697.7070 5.7412
5699.0176 5.7376
5700.3286 5.7356
5701.6431 5.7334
5702.9551 5.7321
5704.2700 5.7318
5705.5825 5.7288
5706.8979 5.7274
5708.2109 5.7203
5709.5239 5.7131
5710.8408 5.7126
5712.1543 5.7136
5713.4717 5.7099
5714.7861 5.7075
5716.1040 5.7055
5717.4189 5.7010
5718.7339 5.6964
5720.0527 5.6979
5721.3687 5.6986
5722.6880 5.6971
5724.0044 5.6914
5725.3242 5.6836
5726.6416 5.6792
5727.9590 5.6780
5729.2798 5.6635
5730.5977 5.6510
5731.9194 5.6545
5733.2378 5.6652
5734.5601 5.6685
5735.8794 5.6621
5737.1987 5.6564
5738.5215 5.6603
5739.8418 5.6636
5741.1655 5.6614
5742.4863 5.6555
5743.8105 5.6482
5745.1318 5.6433
5746.4536 5.6417
5747.7783 5.6413
5749.1006 5.6409
5750.4268 5.6390
5751.7495 5.6338
5753.0757 5.6300
5754.3994 5.6280
5755.7231 5.6255
5757.0503 5.6255
5758.3745 5.6273
5759.7026 5.6227
5761.0273 5.6160
5762.3560 5.6155
5763.6816 5.6159
5765.0078 5.6173
5766.3369 5.6192
5767.6636 5.6156
5768.9937 5.6096
5770.3208 5.5984
5771.6514 5.5913
5772.9790 5.5931
5774.3071 5.5994
5775.6387 5.6011
5776.9673 5.5993
5778.2993 5.5952
5779.6289 5.5916
5780.9614 5.5902
5782.2915 5.5897
5783.6250 5.5874
5784.9556 5.5851
5786.2861 5.5837
5787.6206 5.5795
5788.9521 5.5731
5790.2871 5.5670
5791.6191 5.5620
5792.9546 5.5610
5794.2871 5.5649
5795.6201 5.5626
5796.9565 5.5547
5798.2900 5.5470
5799.6274 5.5399
5800.9614 5.5335
5802.2993 5.5268
5803.6338 5.5187
5804.9692 5.4885
5806.3076 5.4413
5807.6436 5.4309
5808.9824 5.4729
5810.3188 5.5123
5811.6587 5.5289
5812.9956 5.5283
5814.3330 5.5224
5815.6738 5.5191
5817.0117 5.5191
5818.3530 5.5192
5819.6914 5.5205
5821.0337 5.5141
5822.3726 5.4963
5823.7119 5.4838
5825.0552 5.4987
5826.3950 5.5138
5827.7388 5.5201
5829.0791 5.5212
5830.4233 5.5199
5831.7646 5.5153
5833.1064 5.5139
5834.4517 5.5122
5835.7935 5.5103
5837.1396 5.5072
5838.4824 5.5027
5839.8286 5.4999
5841.1719 5.5043
5842.5156 5.5074
5843.8633 5.5032
5845.2075 5.4976
5846.5552 5.4973
5847.9004 5.4998
5849.2490 5.4998
5850.5942 5.4983
5851.9404 5.4965
5853.2896 5.4928
5854.6362 5.4889
5855.9863 5.4905
5857.3335 5.4909
5858.6841 5.4889
5860.0322 5.4866
5861.3799 5.4840
5862.7319 5.4803
5864.0806 5.4762
5865.4326 5.4715
5866.7822 5.4665
5868.1348 5.4607
5869.4849 5.4556
5870.8350 5.4527
5872.1890 5.4513
5873.5400 5.4482
5874.8940 5.4412
5876.2456 5.4322
5877.6006 5.4324
5878.9531 5.4416
5880.3052 5.4403
5881.6611 5.4305
5883.0146 5.4247
5884.3711 5.4278
5885.7246 5.4373
5887.0820 5.4442
5888.4365 5.4402
5889.7939 5.4340
5891.1489 5.4258
5892.5044 5.4208
5893.8633 5.4201
5895.2192 5.4199
5896.5786 5.4163
5897.9351 5.4120
5899.2949 5.4006
5900.6523 5.3959
5902.0098 5.3979
5903.3706 5.4004
5904.7285 5.4028
5906.0903 5.3982
5907.4487 5.3914
5908.8110 5.3859
5910.1704 5.3821
5911.5303 5.3744
5912.8931 5.3511
5914.2534 5.2958
5915.6172 5.1283
5916.9780 5.0630
5918.3428 5.1741
5919.7041 5.3039
5921.0659 5.2354
5922.4312 5.0987
5923.7939 5.1401
5925.1597 5.2587
5926.5229 5.3236
5927.8896 5.3224
5929.2534 5.3346
5930.6172 5.3390
5931.9849 5.3393
5933.3496 5.3368
5934.7178 5.3319
5936.0830 5.3272
5937.4517 5.3259
5938.8179 5.3256
5940.1841 5.3191
5941.5537 5.3158
5942.9204 5.3097
5944.2910 5.2954
5945.6587 5.2871
5947.0298 5.2936
5948.3975 5.2990
5949.7661 5.2873
5951.1382 5.2795
5952.5073 5.2933
5953.8799 5.3069
5955.2495 5.3027
5956.6226 5.2958
5957.9932 5.2907
5959.3638 5.2863
5960.7378 5.2830
5962.1094 5.2831
5963.4839 5.2816
5964.8560 5.2807
5966.2314 5.2705
5967.6040 5.2520
5968.9766 5.2397
5970.3530 5.2456
5971.7266 5.2512
5973.1035 5.2503
5974.4780 5.2507
5975.8555 5.2501
5977.2305 5.2471
5978.6055 5.2504
5979.9839 5.2521
5981.3599 5.2509
5982.7388 5.2440
5984.1152 5.2290
5985.4951 5.2174
5986.8721 5.2292
5988.2495 5.2377
5989.6304 5.2348
5991.0083 5.2333
5992.3896 5.2309
5993.7681 5.2208
5995.1504 5.2101
5996.5298 5.2100
5997.9126 5.2133
5999.2920 5.2135
6000.6724 5.2100
6002.0562 5.2055
6003.4370 5.2023
6004.8213 5.2028
6006.2026 5.2049
6007.5874 5.2041
6008.9697 5.2036
6010.3521 5.2049
6011.7378 5.2016
6013.1211 5.1976
6014.5078 5.1912
6015.8911 5.1837
6017.2783 5.1812
6018.6626 5.1860
6020.0474 5.1899
6021.4355 5.1853
6022.8208 5.1806
6024.2095 5.1831
6025.5957 5.1858
6026.9849 5.1809
6028.3716 5.1741
6029.7583 5.1727
6031.1489 5.1651
6032.5361 5.1560
6033.9272 5.1517
6035.3154 5.1498
6036.7070 5.1419
6038.0957 5.1348
6039.4849 5.1341
6040.8774 5.1382
6042.2671 5.1422
6043.6606 5.1430
6045.0508 5.1414
6046.4448 5.1354
6047.8359 5.1306
6049.2271 5.1309
6050.6221 5.1303
6052.0142 5.1243
6053.4097 5.1193
6054.8022 5.1173
6056.1982 5.1214
6057.5918 5.1252
6058.9854 5.1256
6060.3823 5.1221
6061.7764 5.1131
6063.1743 5.1013
6064.5693 5.0917
6065.9678 5.0898
6067.3633 5.0923
6068.7588 5.0917
6070.1582 5.0855
6071.5547 5.0835
6072.9551 5.0866
6074.3521 5.0865
6075.7529 5.0864
6077.1504 5.0892
6078.5483 5.0862
6079.9502 5.0788
6081.3491 5.0775
6082.7515 5.0803
6084.1504 5.0825
6085.5537 5.0817
6086.9536 5.0777
6088.3540 5.0718
6089.7578 5.0679
6091.1587 5.0654
6092.5635 5.0627
6093.9648 5.0612
6095.3701 5.0630
6096.7725 5.0617
6098.1782 5.0570
6099.5811 5.0547
6100.9844 5.0543
6102.3911 5.0526
6103.7949 5.0502
6105.2026 5.0477
6106.6069 5.0466
6108.0151 5.0421
6109.4204 5.0400
6110.8257 5.0438
6112.2349 5.0430
6113.6411 5.0384
6115.0508 5.0378
6116.4575 5.0372
6117.8682 5.0353
6119.2754 5.0344
6120.6831 5.0357
6122.0947 5.0408
6123.5029 5.0320
6124.9150 5.0247
6126.3242 5.0246
6127.7368 5.0239
6129.1465 5.0178
6130.5566 5.0173
6131.9702 5.0193
6133.3809 5.0184
6134.7954 5.0135
6136.2065 5.0086
6137.6216 5.0094
6139.0337 5.0101
6140.4458 5.0061
6141.8618 5.0039
6143.2749 5.0052
6144.6914 5.0059
6146.1050 5.0026
6147.5220 4.9971
6148.9365 4.9844
6150.3511 4.9811
6151.7690 4.9852
6153.1846 4.9855
6154.6035 4.9830
6156.0190 4.9825
6157.4390 4.9858
6158.8555 4.9880
6160.2720 4.9844
6161.6929 4.9761
6163.1104 4.9701
6164.5312 4.9652
6165.9497 4.9644
6167.3711 4.9618
6168.7900 4.9593
6170.2095 4.9596
6171.6323 4.9586
6173.0518 4.9584
6174.4756 4.9578
6175.8960 4.9548
6177.3198 4.9508
6178.7412 4.9487
6180.1626 4.9487
6181.5874 4.9467
6183.0098 4.9459
6184.4355 4.9446
6185.8579 4.9397
6187.2847 4.9305
6188.7080 4.9202
6190.1318 4.9143
6191.5591 4.9177
6192.9834 4.9196
6194.4116 4.9139
6195.8364 4.9047
6197.2651 4.9013
6198.6909 4.8996
6200.1172 4.8975
6201.5469 4.8978
6202.9731 4.8976
6204.4038 4.8959
6205.8311 4.9001
6207.2622 4.9097
6208.6899 4.9097
6210.1216 4.8989
6211.5503 4.8896
6212.9795 4.8897
6214.4121 4.8910
6215.8418 4.8924
6217.2749 4.8890
6218.7056 4.8838
6220.1392 4.8826
6221.5703 4.8847
6223.0015 4.8827
6224.4365 4.8815
6225.8687 4.8861
6227.3042 4.8883
6228.7368 4.8773
6230.1729 4.8544
6231.6064 4.8394
6233.0400 4.8458
6234.4771 4.8555
6235.9116 4.8605
6237.3496 4.8621
6238.7842 4.8608
6240.2231 4.8549
6241.6587 4.8522
6243.0942 4.8562
6244.5342 4.8589
6245.9707 4.8575
6247.4111 4.8538
6248.8481 4.8489
6250.2891 4.8458
6251.7271 4.8415
6253.1650 4.8423
6254.6069 4.8444
6256.0459 4.8420
6257.4888 4.8388
6258.9282 4.8375
6260.3716 4.8361
6261.8115 4.8336
6263.2520 4.8291
6264.6963 4.8242
6266.1377 4.8227
6267.5825 4.8231
6269.0244 4.8209
6270.4702 4.8184
6271.9126 4.8154
6273.3555 4.8119
6274.8022 4.8116
6276.2456 4.8135
6277.6929 4.8143
6279.1372 4.8093
6280.5850 4.8028
6282.0298 4.8010
6283.4751 4.8026
6284.9238 4.8026
6286.3696 4.7995
6287.8193 4.7954
6289.2661 4.7926
6290.7163 4.7914
6292.1636 4.7891
6293.6108 4.7870
6295.0620 4.7851
6296.5103 4.7763
6297.9624 4.7652
6299.4111 4.7613
6300.8638 4.7636
6302.3135 4.7607
6303.7632 4.7306
6305.2168 4.6778
6306.6675 4.6495
6308.1216 4.6635
6309.5728 4.6616
6311.0278 4.6376
6312.4795 4.6108
6313.9316 4.6272
6315.3877 4.6698
6316.8403 4.6970
6318.2974 4.7067
6319.7510 4.7151
6321.2080 4.7211
6322.6621 4.7212
6324.1201 4.7203
6325.5752 4.7204
6327.0303 4.7148
6328.4893 4.7182
6329.9453 4.7137
6331.4048 4.7135
6332.8613 4.7132
6334.3218 4.7068
6335.7788 4.7080
6337.2363 4.7053
6338.6978 4.7010
6340.1558 4.7101
6341.6182 4.7178
6343.0767 4.7100
6344.5396 4.7044
6345.9990 4.6974
6347.4590 4.6931
6348.9229 4.6977
6350.3833 4.7040
6351.8477 4.7043
6353.3091 4.7046
6354.7739 4.7062
6356.2358 4.7064
6357.6982 4.7018
6359.1641 4.6963
6360.6270 4.6947
6362.0938 4.6946
6363.5576 4.6912
6365.0249 4.6888
6366.4893 4.6882
6367.9536 4.6866
6369.4224 4.6837
6370.8877 4.6826
6372.3564 4.6816
6373.8228 4.6754
6375.2925 4.6665
6376.7588 4.6635
6378.2261 4.6686
6379.6968 4.6706
6381.1646 4.6644
6382.6357 4.6617
6384.1040 4.6626
6385.5762 4.6614
6387.0454 4.6566
6388.5146 4.6537
6389.9878 4.6493
6391.4580 4.6453
6392.9316 4.6451
6394.4023 4.6456
6395.8770 4.6435
6397.3481 4.6420
6398.8198 4.6409
6400.2954 4.6419
6401.7681 4.6409
6403.2441 4.6370
6404.7173 4.6321
6406.1943 4.6262
6407.6680 4.6202
6409.1421 4.6203
6410.6196 4.6270
6412.0947 4.6311
6413.5732 4.6280
6415.0488 4.6267
6416.5278 4.6255
6418.0039 4.6208
6419.4805 4.6162
6420.9609 4.6137
6422.4380 4.6123
6423.9189 4.6104
6425.3970 4.6037
6426.8784 4.6018
6428.3569 4.5999
6429.8359 4.5989
6431.3184 4.6014
6432.7979 4.6009
6434.2812 4.5955
6435.7617 4.5890
6437.2456 4.5887
6438.7266 4.5898
6440.2114 4.5867
6441.6929 4.5849
6443.1748 4.5821
6444.6606 4.5781
6446.1431 4.5761
6447.6294 4.5755
6449.1128 4.5744
6450.6001 4.5733
6452.0840 4.5724
6453.5684 4.5703
6455.0566 4.5669
6456.5415 4.5638
6458.0303 4.5604
6459.5161 4.5536
6461.0054 4.5504
6462.4917 4.5478
6463.9785 4.5455
6465.4692 4.5411
6466.9565 4.5353
6468.4478 4.5356
6469.9360 4.5384
6471.4277 4.5332
6472.9165 4.5288
6474.4058 4.5265
6475.8984 4.5226
6477.3882 4.5196
6478.8818 4.5177
6480.3726 4.5134
6481.8667 4.5091
6483.3579 4.5039
6484.8496 4.4971
6486.3447 4.4938
6487.8369 4.4975
6489.3330 4.4983
6490.8262 4.4916
6492.3228 4.4867
6493.8164 4.4899
6495.3101 4.4897
6496.8081 4.4870
6498.3027 4.4897
6499.8013 4.4916
6501.2964 4.4866
6502.7954 4.4763
6504.2915 4.4685
6505.7876 4.4632
6507.2881 4.4612
6508.7852 4.4666
6510.2861 4.4705
6511.7837 4.4651
6513.2852 4.4605
6514.7837 4.4632
6516.2822 4.4631
6517.7852 4.4593
6519.2842 4.4552
6520.7876 4.4504
6522.2876 4.4404
6523.7920 4.4328
6525.2925 4.4324
6526.7939 4.4384
6528.2988 4.4441
6529.8008 4.4442
6531.3062 4.4411
6532.8091 4.4381
6534.3154 4.4342
6535.8184 4.4310
6537.3223 4.4280
6538.8296 4.4239
6540.3340 4.4210
6541.8423 4.4209
6543.3472 4.4118
6544.8560 4.4019
6546.3613 4.3994
6547.8677 4.4027
6549.3774 4.4028
6550.8843 4.4013
6552.3945 4.4003
6553.9019 4.4002
6555.4136 4.3987
6556.9214 4.3942
6558.4336 4.3892
6559.9424 4.3842
6561.4512 4.3762
6562.9644 4.3689
6564.4741 4.3670
6565.9878 4.3699
6567.4985 4.3711
6569.0127 4.3686
6570.5239 4.3624
6572.0356 4.3554
6573.5513 4.3523
6575.0635 4.3517
6576.5796 4.3446
6578.0923 4.3401
6579.6094 4.3372
6581.1230 4.3269
6582.6372 4.3118
6584.1548 4.2972
6585.6694 4.2749
6587.1885 4.2335
6588.7036 4.1398
6590.2231 3.9550
6591.7393 3.8655
6593.2554 4.0024
6594.7759 4.1432
6596.2930 4.2141
6597.8140 4.2519
6599.3320 4.2757
6600.8535 4.2903
6602.3721 4.2981
6603.8911 4.3030
6605.4141 4.3093
6606.9336 4.3139
6608.4570 4.3147
6609.9771 4.3159
6611.5015 4.3193
6613.0225 4.3179
6614.5439 4.3168
6616.0693 4.3173
6617.5913 4.3183
6619.1172 4.3178
6620.6396 4.3154
6622.1665 4.3145
6623.6899 4.3130
6625.2139 4.3111
6626.7417 4.3128
6628.2661 4.3162
6629.7944 4.3175
6631.3198 4.3177
6632.8486 4.3115
6634.3745 4.3052
6635.9009 4.3026
6637.4312 4.3031
6638.9580 4.3036
6640.4888 4.3011
6642.0166 4.2916
6643.5483 4.2766
6645.0767 4.2785
6646.6055 4.2904
6648.1382 4.2931
6649.6675 4.2922
6651.2007 4.2932
6652.7310 4.2936
6654.2651 4.2938
6655.7959 4.2933
6657.3271 4.2919
6658.8623 4.2911
6660.3940 4.2885
6661.9297 4.2859
6663.4624 4.2840
6664.9990 4.2834
6666.5322 4.2835
6668.0659 4.2815
6669.6035 4.2801
6671.1377 4.2804
6672.6763 4.2783
6674.2114 4.2752
6675.7505 4.2743
6677.2861 4.2745
6678.8257 4.2770
6680.3623 4.2764
6681.8989 4.2720
6683.4399 4.2690
6684.9775 4.2700
6686.5190 4.2705
6688.0571 4.2717
6689.5996 4.2678
6691.1382 4.2636
6692.6777 4.2611
6694.2212 4.2593
6695.7607 4.2608
6697.3052 4.2652
6698.8457 4.2629
6700.3906 4.2604
6701.9316 4.2595
6703.4736 4.2574
6705.0195 4.2557
6706.5620 4.2560
6708.1084 4.2587
6709.6519 4.2593
6711.1987 4.2570
6712.7427 4.2546
6714.2871 4.2540
6715.8354 4.2529
6717.3804 4.2534
6718.9292 4.2524
6720.4751 4.2504
6722.0249 4.2486
6723.5713 4.2446
6725.1177 4.2395
6726.6685 4.2367
6728.2163 4.2345
6729.7676 4.2344
6731.3159 4.2375
6732.8682 4.2391
6734.4170 4.2396
6735.9663 4.2357
6737.5195 4.2324
6739.0693 4.2326
6740.6235 4.2343
6742.1743 4.2328
6743.7290 4.2286
6745.2803 4.2263
6746.8320 4.2258
6748.3877 4.2249
6749.9404 4.2226
6751.4966 4.2190
6753.0498 4.2102
6754.6069 4.2083
6756.1611 4.2145
6757.7153 4.2185
6759.2734 4.2146
6760.8286 4.2127
6762.3877 4.2117
6763.9434 4.2102
6765.5029 4.2077
6767.0596 4.2040
6768.6162 4.1994
6770.1772 4.1954
6771.7344 4.1945
6773.2959 4.1933
6774.8540 4.1910
6776.4165 4.1885
6777.9756 4.1863
6779.5347 4.1841
6781.0981 4.1835
6782.6582 4.1826
6784.2222 4.1814
6785.7827 4.1783
6787.3477 4.1739
6788.9092 4.1729
6790.4707 4.1715
6792.0366 4.1707
6793.5991 4.1685
6795.1655 4.1662
6796.7290 4.1653
6798.2964 4.1630
6799.8604 4.1610
6801.4282 4.1593
6802.9927 4.1566
6804.5581 4.1538
6806.1270 4.1524
6807.6929 4.1511
6809.2627 4.1493
6810.8291 4.1475
6812.3994 4.1457
6813.9668 4.1436
6815.5342 4.1415
6817.1060 4.1413
6818.6743 4.1409
6820.2466 4.1402
6821.8154 4.1390
6823.3887 4.1375
6824.9585 4.1359
6826.5283 4.1344
6828.1025 4.1325
6829.6733 4.1307
6831.2485 4.1296
6832.8198 4.1284
6834.3955 4.1266
6835.9678 4.1249
6837.5405 4.1232
6839.1172 4.1212
6840.6904 4.1192
6842.2681 4.1173
6843.8418 4.1151
6845.4199 4.1132
6846.9946 4.1121
6848.5698 4.1103
6850.1494 4.1084
6851.7251 4.1068
6853.3052 4.1057
6854.8818 4.1039
6856.4624 4.0981
6858.0396 4.0898
6859.6177 4.0910
6861.1992 4.0965
6862.7778 4.0960
6864.3604 4.0948
6865.9395 4.0930
6867.5225 4.0911
6869.1025 4.0893
6870.6826 4.0875
6872.2671 4.0856
6873.8481 4.0842
6875.4331 4.0827
6877.0146 4.0818
6878.6006 4.0809
6880.1831 4.0795
6881.7656 4.0779
6883.3525 4.0759
6884.9360 4.0729
6886.5239 4.0699
6888.1079 4.0684
6889.6963 4.0676
6891.2812 4.0659
6892.8667 4.0641
6894.4561 4.0641
6896.0425 4.0632
6897.6323 4.0615
6899.2192 4.0588
6900.8105 4.0554
6902.3979 4.0545
6903.9858 4.0545
6905.5776 4.0535
6907.1665 4.0520
6908.7593 4.0504
6910.3486 4.0485
6911.9419 4.0463
6913.5322 4.0446
6915.1226 4.0432
6916.7173 4.0414
6918.3081 4.0397
6919.9038 4.0386
6921.4956 4.0372
6923.0918 4.0356
6924.6846 4.0339
6926.2812 4.0323
6927.8745 4.0307
6929.4683 4.0289
6931.0664 4.0270
6932.6606 4.0255
6934.2593 4.0224
6935.8545 4.0188
6937.4541 4.0169
6939.0498 4.0168
6940.6460 4.0155
6942.2466 4.0138
6943.8438 4.0120
6945.4448 4.0104
6947.0430 4.0090
6948.6445 4.0073
6950.2432 4.0045
6951.8423 4.0002
6953.4453 3.9991
6955.0449 3.9995
6956.6489 3.9980
6958.2490 3.9948
6959.8535 3.9939
6961.4546 3.9931
6963.0562 3.9919
6964.6621 3.9910
6966.2642 3.9900
6967.8706 3.9882
6969.4736 3.9864
6971.0806 3.9850
6972.6841 3.9842
6974.2886 3.9828
6975.8965 3.9810
6977.5015 3.9799
6979.1104 3.9791
6980.7158 3.9781
6982.3257 3.9761
6983.9321 3.9745
6985.5386 3.9736
6987.1494 3.9722
6988.7568 3.9708
6990.3687 3.9694
6991.9766 3.9659
6993.5889 3.9637
6995.1978 3.9627
6996.8071 3.9609
6998.4204 3.9594
7000.0303 3.9585
7001.6445 3.9552
7003.2554 3.9522
7004.8701 3.9518
7006.4819 3.9526
7008.0938 3.9512
7009.7095 3.9464
7011.3223 3.9444
7012.9390 3.9445
7014.5522 3.9450
7016.1699 3.9449
7017.7837 3.9430
7019.3984 3.9429
7021.0171 3.9413
7022.6323 3.9354
7024.2515 3.9301
7025.8677 3.9306
7027.4878 3.9316
7029.1045 3.9293
7030.7212 3.9258
7032.3428 3.9245
7033.9604 3.9258
7035.5825 3.9273
7037.2007 3.9266
7038.8237 3.9270
7040.4429 3.9239
7042.0664 3.9183
7043.6865 3.9155
7045.3066 3.9179
7046.9316 3.9182
7048.5527 3.9136
7050.1782 3.9102
7051.7998 3.9100
7053.4263 3.9099
7055.0488 3.9071
7056.6719 3.9040
7058.2988 3.9034
7059.9229 3.9000
7061.5508 3.8969
7063.1753 3.8964
7064.8037 3.8982
7066.4292 3.9018
7068.0547 3.9035
7069.6846 3.8974
7071.3110 3.8927
7072.9419 3.8937
7074.5688 3.8931
7076.2002 3.8834
7077.8281 3.8785
7079.4561 3.8819
7081.0889 3.8814
7082.7178 3.8794
7084.3511 3.8843
7085.9810 3.8878
7087.6147 3.8880
7089.2451 3.8787
7090.8760 3.8677
7092.5112 3.8624
7094.1431 3.8617
7095.7788 3.8572
7097.4111 3.8483
7099.0479 3.8483
7100.6812 3.8567
7102.3145 3.8619
7103.9521 3.8582
7105.5864 3.8569
7107.2251 3.8563
7108.8599 3.8549
7110.4995 3.8474
7112.1353 3.8424
7113.7715 3.8485
7115.4116 3.8525
7117.0483 3.8527
7118.6899 3.8503
7120.3271 3.8450
7121.9692 3.8399
7123.6079 3.8388
7125.2466 3.8403
7126.8896 3.8421
7128.5293 3.8389
7130.1729 3.8356
7131.8130 3.8342
7133.4580 3.8332
7135.0986 3.8327
7136.7402 3.8305
7138.3857 3.8261
7140.0283 3.8244
7141.6748 3.8220
7143.3174 3.8147
7144.9648 3.8108
7146.6084 3.8102
7148.2524 3.8096
7149.9009 3.8101
7151.5459 3.8114
7153.1948 3.8120
7154.8403 3.8126
7156.4902 3.8130
7158.1367 3.8116
7159.7832 3.8089
7161.4346 3.8059
7163.0820 3.8037
7164.7339 3.8031
7166.3818 3.8015
7168.0347 3.8002
7169.6836 3.7984
7171.3369 3.7969
7172.9863 3.7960
7174.6367 3.7931
7176.2910 3.7931
7177.9419 3.7903
7179.5972 3.7871
7181.2490 3.7867
7182.9048 3.7880
7184.5571 3.7864
7186.2100 3.7824
7187.8672 3.7761
7189.5210 3.7759
7191.1787 3.7788
7192.8330 3.7771
7194.4917 3.7745
7196.1465 3.7705
7197.8022 3.7699
7199.4619 3.7711
7201.1182 3.7716
7202.7788 3.7705
7204.4355 3.7689
7206.0972 3.7672
7207.7549 3.7654
7209.4131 3.7640
7211.0757 3.7620
7212.7344 3.7591
7214.3975 3.7583
7216.0571 3.7579
7217.7212 3.7532
7219.3818 3.7504
7221.0425 3.7504
7222.7075 3.7478
7224.3691 3.7416
7226.0352 3.7388
7227.6973 3.7385
7229.3643 3.7376
7231.0273 3.7353
7232.6909 3.7322
7234.3584 3.7294
7236.0229 3.7293
7237.6914 3.7262
7239.3564 3.7232
7241.0259 3.7228
7242.6919 3.7234
7244.3579 3.7211
7246.0283 3.7175
7247.6953 3.7166
7249.3667 3.7167
7251.0342 3.7153
7252.7065 3.7117
7254.3750 3.7061
7256.0439 3.7033
7257.7168 3.7057
7259.3867 3.7079
7261.0605 3.7075
7262.7310 3.7063
7264.4058 3.7050
7266.0771 3.7029
7267.7485 3.7013
7269.4243 3.6992
7271.0967 3.6954
7272.7734 3.6914
7274.4463 3.6918
7276.1240 3.6912
7277.7979 3.6908
7279.4722 3.6903
7281.1509 3.6883
7282.8257 3.6851
7284.5054 3.6822
7286.1812 3.6772
7287.8613 3.6783
7289.5376 3.6804
7291.2148 3.6795
7292.8960 3.6770
7294.5737 3.6750
7296.2559 3.6733
7297.9341 3.6722
7299.6172 3.6715
7301.2964 3.6704
7302.9800 3.6684
7304.6602 3.6662
7306.3408 3.6634
7308.0254 3.6613
7309.7065 3.6600
7311.3921 3.6586
7313.0742 3.6567
7314.7607 3.6547
7316.4434 3.6527
7318.1265 3.6508
7319.8140 3.6441
7321.4980 3.6388
7323.1860 3.6423
7324.8711 3.6442
7326.5601 3.6434
7328.2456 3.6419
7329.9312 3.6401
7331.6216 3.6377
7333.3081 3.6350
7334.9995 3.6331
7336.6865 3.6320
7338.3784 3.6265
7340.0669 3.6182
7341.7554 3.6125
7343.4482 3.6124
7345.1377 3.6137
7346.8315 3.6137
7348.5215 3.6129
7350.2163 3.6106
7351.9067 3.6068
7353.5981 3.6041
7355.2939 3.6061
7356.9858 3.6046
7358.6826 3.6024
7360.3755 3.6016
7362.0728 3.6008
7363.7661 3.5989
7365.4604 3.5984
7367.1587 3.5971
7368.8535 3.5962
7370.5527 3.5951
7372.2485 3.5937
7373.9487 3.5926
7375.6450 3.5915
7377.3418 3.5904
7379.0430 3.5889
7380.7402 3.5876
7382.4424 3.5863
7384.1406 3.5844
7385.8433 3.5821
7387.5425 3.5802
7389.2422 3.5801
7390.9458 3.5799
7392.6465 3.5786
7394.3511 3.5771
7396.0522 3.5759
7397.7573 3.5754
7399.4595 3.5746
7401.1616 3.5729
7402.8682 3.5713
7404.5713 3.5706
7406.2788 3.5693
7407.9824 3.5683
7409.6909 3.5672
7411.3955 3.5660
7413.1006 3.5652
7414.8101 3.5656
7416.5156 3.5660
7418.2261 3.5624
7419.9326 3.5578
7421.6436 3.5560
7423.3506 3.5561
7425.0586 3.5546
7426.7705 3.5526
7428.4795 3.5542
7430.1924 3.5520
7431.9014 3.5493
7433.6152 3.5467
7435.3257 3.5422
7437.0400 3.5389
7438.7510 3.5357
7440.4624 3.5342
7442.1777 3.5345
7443.8901 3.5331
7445.6064 3.5291
7447.3193 3.5289
7449.0366 3.5264
7450.7505 3.5290
7452.4644 3.5295
7454.1831 3.5252
7455.8979 3.5216
7457.6172 3.5214
7459.3325 3.5189
7461.0527 3.5159
7462.7690 3.5133
7464.4858 3.5118
7466.2070 3.5126
7467.9248 3.5173
7469.6470 3.5194
7471.3652 3.5184
7473.0884 3.5178
7474.8076 3.5183
7476.5269 3.5183
7478.2510 3.5166
7479.9712 3.5141
7481.6963 3.5131
7483.4175 3.5126
7485.1431 3.5112
7486.8652 3.5098
7488.5874 3.5104
7490.3145 3.5078
7492.0371 3.5015
7493.7651 3.4993
7495.4888 3.5015
7497.2173 3.5018
7498.9419 3.4983
7500.6670 3.4979
7502.3970 3.4969
7504.1226 3.4942
7505.8530 3.4920
7507.5801 3.4918
7509.3110 3.4899
7511.0386 3.4878
7512.7666 3.4863
7514.4990 3.4854
7516.2275 3.4858
7517.9609 3.4875
7519.6904 3.4881
7521.4243 3.4864
7523.1548 3.4841
7524.8853 3.4812
7526.6206 3.4785
7528.3521 3.4769
7530.0884 3.4762
7531.8203 3.4758
7533.5571 3.4749
7535.2905 3.4725
7537.0239 3.4697
7538.7617 3.4679
7540.4961 3.4658
7542.2349 3.4628
7543.9702 3.4568
7545.7095 3.4559
7547.4453 3.4588
7549.1816 3.4586
7550.9229 3.4592
7552.6597 3.4584
7554.4014 3.4545
7556.1392 3.4523
7557.8818 3.4538
7559.6201 3.4557
7561.3594 3.4537
7563.1030 3.4504
7564.8428 3.4471
7566.5874 3.4453
7568.3281 3.4451
7570.0732 3.4452
7571.8149 3.4446
7573.5610 3.4432
7575.3032 3.4411
7577.0459 3.4396
7578.7930 3.4387
7580.5366 3.4374
7582.2847 3.4366
7584.0288 3.4352
7585.7778 3.4343
7587.5229 3.4329
7589.2686 3.4314
7591.0186 3.4308
7592.7646 3.4294
7594.5156 3.4273
7596.2627 3.4240
7598.0142 3.4210
7599.7622 3.4189
7601.5107 3.4175
7603.2637 3.4157
7605.0127 3.4146
7606.7661 3.4124
7608.5161 3.4101
7610.2710 3.4089
7612.0215 3.4082
7613.7725 3.4065
7615.5283 3.4051
7617.2803 3.4034
7619.0366 3.4018
7620.7896 3.4005
7622.5469 3.3996
7624.3003 3.3984
7626.0542 3.3973
7627.8130 3.3961
7629.5679 3.3950
7631.3271 3.3938
7633.0825 3.3925
7634.8428 3.3907
7636.5991 3.3894
7638.3560 3.3883
7640.1172 3.3870
7641.8750 3.3856
7643.6372 3.3842
7645.3955 3.3831
7647.1587 3.3826
7648.9180 3.3811
7650.6772 3.3795
7652.4419 3.3780
7654.2021 3.3764
7655.9673 3.3757
7657.7285 3.3756
7659.4941 3.3746
7661.2563 3.3731
7663.0186 3.3717
7664.7856 3.3702
7666.5493 3.3687
7668.3169 3.3668
7670.0811 3.3657
7671.8496 3.3646
7673.6147 3.3631
7675.3799 3.3620
7677.1499 3.3610
7678.9160 3.3596
7680.6870 3.3581
7682.4536 3.3569
7684.2251 3.3556
7685.9932 3.3539
7687.7612 3.3510
7689.5342 3.3474
7691.3027 3.3446
7693.0767 3.3431
7694.8462 3.3416
7696.6206 3.3398
7698.3911 3.3393
7700.1621 3.3411
7701.9380 3.3417
7703.7100 3.3408
7705.4863 3.3393
7707.2588 3.3378
7709.0361 3.3362
7710.8096 3.3354
7712.5879 3.3329
7714.3618 3.3311
7716.1367 3.3305
7717.9160 3.3287
7719.6914 3.3258
7721.4717 3.3256
7723.2480 3.3239
7725.0288 3.3220
7726.8062 3.3215
7728.5835 3.3211
7730.3657 3.3190
7732.1440 3.3165
7733.9272 3.3157
7735.7065 3.3155
7737.4902 3.3142
7739.2700 3.3123
7741.0508 3.3111
7742.8354 3.3091
7744.6167 3.2972
7746.4028 3.2939
7748.1851 3.3011
7749.9717 3.3036
7751.7544 3.3015
7753.5376 3.2997
7755.3257 3.2972
7757.1099 3.2953
7758.8984 3.2943
7760.6836 3.2933
7762.4731 3.2923
7764.2588 3.2910
7766.0449 3.2900
7767.8359 3.2893
7769.6226 3.2883
7771.4146 3.2870
7773.2021 3.2863
7774.9946 3.2835
7776.7832 3.2807
7778.5723 3.2799
7780.3662 3.2793
7782.1558 3.2770
7783.9507 3.2767
7785.7412 3.2778
7787.5366 3.2782
7789.3281 3.2778
7791.1201 3.2763
7792.9165 3.2740
7794.7095 3.2724
7796.5068 3.2705
7798.3003 3.2677
7800.0986 3.2653
7801.8931 3.2640
7803.6880 3.2598
7805.4873 3.2445
7807.2832 3.2312
7809.0835 3.2313
7810.8799 3.2450
7812.6812 3.2563
7814.4785 3.2541
7816.2759 3.2560
7818.0786 3.2558
7819.8770 3.2526
7821.6802 3.2498
7823.4795 3.2490
7825.2837 3.2490
7827.0840 3.2492
7828.8843 3.2450
7830.6899 3.2471
7832.4912 3.2513
7834.2974 3.2513
7836.0996 3.2478
7837.9067 3.2450
7839.7100 3.2405
7841.5132 3.2400
7843.3213 3.2408
7845.1260 3.2410
7846.9351 3.2412
7848.7402 3.2396
7850.5498 3.2363
7852.3560 3.2362
7854.1665 3.2388
7855.9736 3.2404
7857.7808 3.2388
7859.5928 3.2371
7861.4009 3.2358
7863.2139 3.2232
7865.0225 3.2151
7866.8364 3.2182
7868.6460 3.2222
7870.4561 3.2207
7872.2710 3.2228
7874.0820 3.2190
7875.8979 3.2155
7877.7100 3.2147
7879.5264 3.2133
7881.3389 3.2149
7883.1519 3.2149
7884.9697 3.2135
7886.7837 3.2113
7888.6025 3.2091
7890.4175 3.2080
7892.2368 3.2081
7894.0522 3.2050
7895.8687 3.2016
7897.6890 3.1995
7899.5059 3.1963
7901.3276 3.1914
7903.1455 3.1940
7904.9678 3.1960
7906.7861 3.1955
7908.6055 3.1966
7910.4292 3.1930
7912.2485 3.1825
7914.0732 3.1875
7915.8940 3.1859
7917.7192 3.1805
7919.5405 3.1829
7921.3628 3.1843
7923.1895 3.1744
7925.0122 3.1772
7926.8394 3.1733
7928.6631 3.1667
7930.4912 3.1548
7932.3159 3.1500
7934.1406 3.1639
7935.9702 3.1697
7937.7959 3.1530
7939.6265 3.1566
7941.4526 3.1697
7943.2842 3.1657
7945.1113 3.1456
7946.9390 3.1472
7948.7720 3.1577
7950.6006 3.1602
7952.4336 3.1520
7954.2632 3.1442
7956.0977 3.1435
7957.9277 3.1364
7959.7583 3.1406
7961.5938 3.1463
7963.4253 3.1423
7965.2617 3.1351
7967.0942 3.1375
7968.9316 3.1436
7970.7646 3.1491
7972.5981 3.1496
7974.4370 3.1471
7976.2715 3.1415
7978.1108 3.1334
7979.9458 3.1332
7981.7861 3.1368
7983.6226 3.1376
7985.4590 3.1350
7987.3003 3.1315
7989.1377 3.1304
7990.9800 3.1343
7992.8184 3.1320
7994.6616 3.1253
7996.5005 3.1137
7998.3447 3.1033
8000.1846 3.1050
8002.0249 3.1179
8003.8706 3.1227
8005.7114 3.1249
8007.5576 3.1194
8009.3999 3.1107
8011.2471 3.1100
8013.0898 3.1115
8014.9331 3.1143
8016.7812 3.1171
8018.6255 3.1156
8020.4746 3.1099
8022.3198 3.1059
8024.1699 3.1095
8026.0156 3.1130
8027.8623 3.1099
8029.7134 3.1095
8031.5605 3.1113
8033.4126 3.1046
8035.2607 3.0906
8037.1138 3.0838
8038.9624 3.0911
8040.8120 3.0993
8042.6660 3.0929
8044.5161 3.0790
8046.3711 3.0912
8048.2222 3.0950
8050.0781 3.0871
8051.9302 3.0867
8053.7827 3.0912
8055.6396 3.0858
8057.4927 3.0828
8059.3511 3.0737
8061.2051 3.0697
8063.0640 3.0692
8064.9189 3.0702
8066.7739 3.0743
8068.6343 3.0786
8070.4902 3.0743
8072.3516 3.0699
8074.2085 3.0715
8076.0703 3.0766
8077.9282 3.0767
8079.7866 3.0667
8081.6499 3.0589
8083.5088 3.0616
8085.3730 3.0661
8087.2329 3.0674
8089.0981 3.0680
8090.9590 3.0680
8092.8203 3.0690
8094.6865 3.0687
8096.5483 3.0648
8098.4155 3.0598
8100.2788 3.0585
8102.1465 3.0594
8104.0103 3.0559
8105.8745 3.0504
8107.7441 3.0504
8109.6089 3.0536
8111.4790 3.0524
8113.3452 3.0510
8115.2163 3.0485
8117.0830 3.0469
8118.9502 3.0452
8120.8228 3.0418
8122.6909 3.0378
8124.5640 3.0376
8126.4326 3.0365
8128.3066 3.0340
8130.1768 3.0324
8132.0513 3.0312
8133.9224 3.0286
8135.7935 3.0271
8137.6694 3.0261
8139.5415 3.0251
8141.4185 3.0240
8143.2915 3.0226
8145.1694 3.0211
8147.0430 3.0197
8148.9175 3.0180
8150.7964 3.0158
8152.6714 3.0145
8154.5513 3.0139
8156.4272 3.0124
8158.3081 3.0113
8160.1851 3.0101
8162.0625 3.0088
8163.9443 3.0076
8165.8228 3.0063
8167.7056 3.0046
8169.5845 3.0031
8171.4683 3.0024
8173.3481 3.0012
8175.2285 2.9998
8177.1138 2.9984
8178.9951 2.9970
8180.8809 2.9957
8182.7632 2.9944
8184.6499 2.9930
8186.5327 2.9916
8188.4160 2.9903
8190.3042 2.9889
8192.1885 2.9872
8194.0771 2.9856
8195.9629 2.9843
8197.8525 2.9831
8199.7383 2.9818
8201.6250 2.9802
8203.5156 2.9790
8205.4033 2.9784
8207.2959 2.9773
8209.1836 2.9760
8211.0762 2.9749
8212.9658 2.9739
8214.8545 2.9723
8216.7490 2.9705
8218.6396 2.9620
8220.5342 2.9577
8222.4258 2.9596
8224.3223 2.9597
8226.2139 2.9627
8228.1064 2.9632
8230.0039 2.9545
8231.8965 2.9525
8233.7949 2.9579
8235.6895 2.9539
8237.5889 2.9417
8239.4834 2.9475
8241.3789 2.9540
8243.2793 2.9543
8245.1758 2.9512
8247.0771 2.9481
8248.9746 2.9436
8250.8770 2.9351
8252.7744 2.9347
8254.6729 2.9384
8256.5771 2.9368
8258.4766 2.9305
8260.3809 2.9348
8262.2812 2.9397
8264.1865 2.9354
8266.0869 2.9315
8267.9893 2.9299
8269.8955 2.9243
8271.7979 2.9220
8273.7051 2.9297
8275.6084 2.9308
8277.5166 2.9253
8279.4209 2.9224
8281.3301 2.9244
8283.2354 2.9186
8285.1416 2.9061
8287.0518 2.9128
8288.9580 2.9173
8290.8691 2.9122
8292.7773 2.9130
8294.6895 2.9133
8296.5977 2.9128
8298.5059 2.9121
8300.4199 2.9103
8302.3291 2.9087
8304.2432 2.9090
8306.1543 2.9069
8308.0693 2.9052
8309.9805 2.9029
8311.8926 2.9011
8313.8086 2.9004
8315.7217 2.8999
8317.6396 2.8989
8319.5527 2.8989
8321.4707 2.8975
8323.3857 2.8952
8325.2998 2.8943
8327.2197 2.8965
8329.1357 2.8970
8331.0566 2.8903
8332.9727 2.8874
8334.8945 2.8884
8336.8115 2.8874
8338.7295 2.8838
8340.6523 2.8858
8342.5713 2.8798
8344.4951 2.8825
8346.4150 2.8843
8348.3398 2.8784
8350.2598 2.8741
8352.1807 2.8778
8354.1074 2.8730
8356.0293 2.8734
8357.9561 2.8734
8359.8789 2.8704
8361.8066 2.8718
8363.7295 2.8765
8365.6543 2.8764
8367.5830 2.8754
8369.5078 2.8723
8371.4375 2.8686
8373.3643 2.8685
8375.2949 2.8689
8377.2217 2.8677
8379.1484 2.8658
8381.0811 2.8613
8383.0088 2.8597
8384.9424 2.8655
8386.8711 2.8660
8388.8047 2.8674
8390.7344 2.8653
8392.6650 2.8630
8394.6006 2.8595
8396.5312 2.8536
8398.4678 2.8572
8400.3994 2.8605
8402.3369 2.8607
8404.2695 2.8591
8406.2031 2.8554
8408.1416 2.8498
8410.0762 2.8493
8412.0156 2.8491
8413.9502 2.8504
8415.8906 2.8520
8417.8271 2.8521
8419.7637 2.8506
8421.7051 2.8480
8423.6426 2.8459
8425.5850 2.8432
8427.5234 2.8370
8429.4668 2.8311
8431.4053 2.8305
8433.3496 2.8277
8435.2900 2.8326
8437.2305 2.8339
8439.1758 2.8375
8441.1172 2.8392
8443.0645 2.8286
8445.0059 2.8207
8446.9541 2.8068
8448.8965 2.8087
8450.8408 2.8195
8452.7891 2.8246
8454.7344 2.8220
8456.6836 2.8249
8458.6289 2.8325
8460.5791 2.8420
8462.5254 2.8417
8464.4727 2.8340
8466.4248 2.8290
8468.3721 2.8181
8470.3252 2.8163
8472.2734 2.8150
8474.2275 2.8003
8476.1768 2.7898
8478.1270 2.8053
8480.0820 2.8090
8482.0322 2.8085
8483.9883 2.8123
8485.9404 2.8182
8487.8975 2.8213
8489.8496 2.8205
8491.8027 2.8204
8493.7607 2.8234
8495.7148 2.8204
8497.6738 2.8093
8499.6289 2.7993
8501.5889 2.7959
8503.5449 2.7830
8505.5010 2.7808
8507.4619 2.7980
8509.4199 2.8122
8511.3818 2.8137
8513.3398 2.8083
8515.3027 2.7910
8517.2617 2.8003
8519.2217 2.8094
8521.1855 2.8126
8523.1465 2.8101
8525.1113 2.8013
8527.0723 2.7984
8529.0391 2.7977
8531.0010 2.8052
8532.9639 2.7826
8534.9316 2.7351
8536.8945 2.7203
8538.8633 2.7523
8540.8281 2.7509
8542.7969 2.7645
8544.7627 2.7763
8546.7285 2.7765
8548.6992 2.7823
8550.6660 2.7762
8552.6377 2.7779
8554.6045 2.7882
8556.5771 2.7898
8558.5459 2.7846
8560.5146 2.7882
8562.4893 2.7893
8564.4590 2.7911
8566.4336 2.7885
8568.4043 2.7833
8570.3799 2.7805
8572.3516 2.7776
8574.3242 2.7645
8576.3008 2.7698
8578.2744 2.6935
8580.2520 2.6416
8582.2256 2.6754
8584.2051 2.7225
8586.1797 2.7388
8588.1602 2.7572
8590.1357 2.7628
8592.1113 2.7618
8594.0928 2.7610
8596.0703 2.7579
8598.0527 2.7570
8600.0303 2.7616
8602.0137 2.7679
8603.9922 2.7683
8605.9717 2.7649
8607.9561 2.7641
8609.9365 2.7567
8611.9219 2.7540
8613.9033 2.7586
8615.8896 2.7616
8617.8711 2.7582
8619.8535 2.7534
8621.8418 2.7538
8623.8252 2.7517
8625.8135 2.7530
8627.7979 2.7486
8629.7881 2.7389
8631.7725 2.7329
8633.7588 2.7180
8635.7500 2.6882
8637.7363 2.6908
8639.7285 2.7145
8641.7158 2.7316
8643.7080 2.7347
8645.6973 2.7360
8647.6855 2.7400
8649.6797 2.7399
8651.6699 2.7383
8653.6650 2.7380
8655.6553 2.7363
8657.6514 2.7298
8659.6436 2.7249
8661.6357 2.7265
8663.6328 2.7295
8665.6260 2.7308
8667.6240 2.7329
8669.6182 2.7374
8671.6172 2.7383
8673.6123 2.7320
8675.6074 2.7272
8677.6084 2.7283
8679.6045 2.7302
8681.6055 2.7285
8683.6025 2.7283
8685.6055 2.7232
8687.6035 2.7178
8689.6025 2.7150
8691.6055 2.7122
8693.6055 2.7137
8695.6104 2.7141
8697.6104 2.6901
8699.6162 2.6278
8701.6172 2.5865
8703.6191 2.6292
8705.6260 2.6665
8707.6289 2.6925
8709.6367 2.7049
8711.6406 2.7084
8713.6494 2.7108
8715.6543 2.7153
8717.6592 2.7155
8719.6699 2.7170
8721.6758 2.7189
8723.6865 2.7188
8725.6934 2.7161
8727.7061 2.7142
8729.7129 2.7189
8731.7217 2.7157
8733.7354 2.7106
8735.7441 2.7095
8737.7588 2.7111
8739.7686 2.7111
8741.7842 2.7099
8743.7949 2.7031
8745.8115 2.7059
8747.8232 2.7089
8749.8359 2.7068
8751.8535 2.7076
8753.8672 2.7114
8755.8857 2.7077
8757.9004 2.7017
8759.9199 2.6997
8761.9346 2.7004
8763.9502 2.6982
8765.9717 2.6962
8767.9883 2.6984
8770.0098 2.6968
8772.0273 2.6940
8774.0498 2.6921
8776.0684 2.6886
8778.0879 2.6851
8780.1113 2.6840
8782.1318 2.6788
8784.1562 2.6761
8786.1777 2.6606
8788.2031 2.6192
8790.2256 2.6113
8792.2471 2.6516
8794.2754 2.6686
8796.2979 2.6723
8798.3262 2.6796
8800.3506 2.6797
8802.3799 2.6796
8804.4053 2.6833
8806.4307 2.6827
8808.4609 2.6810
8810.4873 2.6809
8812.5195 2.6810
8814.5459 2.6829
8816.5791 2.6822
8818.6074 2.6825
8820.6357 2.6837
8822.6699 2.6827
8824.6992 2.6791
8826.7344 2.6788
8828.7646 2.6799
8830.8008 2.6818
8832.8330 2.6839
8834.8643 2.6843
8836.9014 2.6810
8838.9346 2.6762
8840.9727 2.6771
8843.0068 2.6712
8845.0459 2.6627
8847.0811 2.6619
8849.1162 2.6685
8851.1562 2.6678
8853.1924 2.6689
8855.2344 2.6718
8857.2715 2.6725
8859.3145 2.6687
8861.3516 2.6640
8863.3906 2.6668
8865.4346 2.6696
8867.4736 2.6711
8869.5186 2.6691
8871.5596 2.6664
8873.6045 2.6657
8875.6465 2.6595
8877.6885 2.6563
8879.7354 2.6557
8881.7783 2.6542
8883.8262 2.6516
8885.8701 2.6476
8887.9189 2.6361
8889.9639 2.6269
8892.0088 2.6154
8894.0596 2.6005
8896.1055 2.5824
8898.1562 2.5565
8900.2041 2.5167
8902.2559 2.4937
8904.3037 2.5189
8906.3574 2.5528
8908.4062 2.5700
8910.4561 2.5842
8912.5107 2.5943
8914.5605 2.6079
8916.6162 2.6170
8918.6680 2.6215
8920.7246 2.6263
8922.7764 2.6337
8924.8291 2.6412
8926.8867 2.6468
8928.9404 2.6507
8931.0000 2.6537
8933.0547 2.6569
8935.1143 2.6610
8937.1699 2.6639
8939.2256 2.6668
8941.2871 2.6693
8943.3438 2.6704
8945.4062 2.6713
8947.4639 2.6716
8949.5273 2.6618
8951.5859 2.6466
8953.6455 2.6610
8955.7100 2.6739
8957.7705 2.6699
8959.8359 2.6711
8961.8975 2.6706
8963.9639 2.6641
8966.0264 2.6425
8968.0889 2.6443
8970.1572 2.6668
8972.2207 2.6672
8974.2891 2.6666
8976.3535 2.6657
8978.4238 2.6647
8980.4893 2.6638
8982.5557 2.6621
8984.6270 2.6598
8986.6934 2.6588
8988.7656 2.6580
8990.8340 2.6573
8992.9072 2.6562
8994.9756 2.6547
8997.0449 2.6533
8999.1201 2.6514
9001.1904 2.6500
9003.2656 2.6464
9005.3369 2.6429
9007.4131 2.6416
9009.4854 2.6407
9011.5586 2.6381
9013.6357 2.6355
9015.7100 2.6306
9017.7891 2.6262
9019.8633 2.6239
9021.9434 2.6210
9024.0186 2.6162
9026.0947 2.6107
9028.1758 2.6039
9030.2529 2.5965
9032.3350 2.5886
9034.4131 2.5797
9036.4971 2.5687
9038.5752 2.5555
9040.6543 2.5418
9042.7393 2.5262
9044.8193 2.5073
9046.9053 2.4848
9048.9863 2.4572
9051.0732 2.4254
9053.1553 2.3821
9055.2383 2.3686
9057.3262 2.3980
9059.4102 2.4354
9061.4990 2.4629
9063.5840 2.4858
9065.6738 2.5044
9067.7588 2.5193
9069.8506 2.5323
9071.9365 2.5444
9074.0234 2.5533
9076.1162 2.5604
9078.2041 2.5675
9080.2979 2.5742
9082.3867 2.5789
9084.4805 2.5811
9086.5703 2.5832
9088.6611 2.5861
9090.7568 2.5888
9092.8486 2.5916
9094.9453 2.5943
9097.0371 2.5943
9099.1348 2.5843
9101.2285 2.5410
9103.3223 2.5560
9105.4209 2.5901
9107.5156 2.5974
9109.6162 2.5956
9111.7119 2.5943
9113.8125 2.5967
9115.9092 2.5820
9118.0068 2.5688
9120.1094 2.5761
9122.2070 2.5935
9124.3105 2.5941
9126.4102 2.5824
9128.5146 2.5644
9130.6143 2.5734
9132.7148 2.5818
9134.8213 2.5471
9136.9219 2.5698
9139.0293 2.5862
9141.1318 2.5865
9143.2393 2.5843
9145.3428 2.5853
9147.4473 2.5840
9149.5566 2.5771
9151.6611 2.5518
9153.7715 2.5629
9155.8770 2.5797
9157.9883 2.5779
9160.0957 2.5778
9162.2031 2.5728
9164.3154 2.5716
9166.4238 2.5724
9168.5371 2.5732
9170.6465 2.5717
9172.7617 2.5677
9174.8711 2.5697
9176.9824 2.5702
9179.0986 2.5691
9181.2100 2.5679
9183.3271 2.5668
9185.4395 2.5656
9187.5576 2.5641
9189.6719 2.5629
9191.7852 2.5621
9193.9053 2.5603
9196.0205 2.5581
9198.1406 2.5573
9200.2568 2.5566
9202.3789 2.5554
9204.4951 2.5538
9206.6133 2.5524
9208.7363 2.5509
9210.8545 2.5489
9212.9785 2.5467
9215.0977 2.5408
9217.2227 2.5352
9219.3428 2.5345
9221.4639 2.5353
9223.5908 2.5315
9225.7129 2.5313
9227.8398 2.5261
9229.9629 2.5261
9232.0908 2.5259
9234.2148 2.5216
9236.3447 2.5171
9238.4688 2.5117
9240.5947 2.5082
9242.7256 2.4979
9244.8516 2.4882
9246.9834 2.4837
9249.1104 2.4772
9251.2432 2.4638
9253.3721 2.4431
9255.5010 2.4353
9257.6348 2.4197
9259.7646 2.3961
9261.8994 2.3875
9264.0303 2.3637
9266.1670 2.3333
9268.2988 2.2921
9270.4307 2.2813
9272.5684 2.3124
9274.7012 2.3465
9276.8398 2.3686
9278.9746 2.3862
9281.1143 2.4086
9283.2490 2.4176
9285.3848 2.4199
9287.5264 2.4419
9289.6621 2.4547
9291.8047 2.4615
9293.9424 2.4646
9296.0850 2.4689
9298.2236 2.4731
9300.3633 2.4660
9302.5078 2.4434
9304.6475 2.4495
9306.7930 2.4592
9308.9346 2.4755
9311.0811 2.4931
9313.2227 2.4915
9315.3652 2.4935
9317.5137 2.4942
9319.6572 2.4946
9321.8057 2.4947
9323.9502 2.4946
9326.1006 2.4946
9328.2461 2.4944
9330.3916 2.4938
9332.5439 2.4936
9334.6904 2.4929
9336.8428 2.4915
9338.9912 2.4908
9341.1445 2.4918
9343.2939 2.4902
9345.4434 2.4892
9347.5977 2.4894
9349.7480 2.4893
9351.9043 2.4882
9354.0557 2.4876
9356.2129 2.4871
9358.3652 2.4853
9360.5186 2.4837
9362.6768 2.4834
9364.8301 2.4830
9366.9902 2.4809
9369.1445 2.4801
9371.3057 2.4809
9373.4609 2.4809
9375.6172 2.4796
9377.7793 2.4789
9379.9365 2.4775
9382.0996 2.4760
9384.2578 2.4755
9386.4219 2.4752
9388.5820 2.4744
9390.7461 2.4732
9392.9072 2.4723
9395.0674 2.4717
9397.2344 2.4709
9399.3965 2.4699
9401.5635 2.4691
9403.7266 2.4682
9405.8945 2.4673
9408.0586 2.4664
9410.2227 2.4655
9412.3926 2.4646
9414.5586 2.4634
9416.7295 2.4624
9418.8955 2.4617
9421.0674 2.4599
9423.2344 2.4606
9425.4023 2.4567
9427.5762 2.4493
9429.7451 2.4498
9431.9189 2.4522
9434.0889 2.4417
9436.2646 2.4470
9438.4355 2.4541
9440.6064 2.4516
9442.7832 2.4508
9444.9561 2.4410
9447.1338 2.4136
9449.3076 2.4302
9451.4863 2.4464
9453.6602 2.4302
9455.8350 2.4216
9458.0156 2.4364
9460.1914 2.4419
9462.3730 2.4379
9464.5498 2.4370
9466.7324 2.4402
9468.9102 2.4373
9471.0889 2.4351
9473.2725 2.4357
9475.4521 2.4353
9477.6367 2.4310
9479.8174 2.4277
9482.0029 2.4316
9484.1846 2.4318
9486.3662 2.4294
9488.5537 2.4287
9490.7363 2.4290
9492.9258 2.4285
9495.1094 2.4273
9497.2988 2.4263
9499.4834 2.4249
9501.6689 2.4222
9503.8604 2.4207
9506.0459 2.4209
9508.2383 2.4200
9510.4258 2.4196
9512.6191 2.4185
9514.8076 2.4173
9516.9961 2.4161
9519.1904 2.4149
9521.3809 2.4134
9523.5762 2.4099
9525.7666 2.4083
9527.9639 2.4085
9530.1553 2.4079
9532.3477 2.4057
9534.5459 2.4039
9536.7393 2.4018
9538.9385 2.3993
9541.1328 2.3972
9543.3330 2.3954
9545.5283 2.3931
9547.7246 2.3898
9549.9268 2.3871
9552.1230 2.3840
9554.3262 2.3806
9556.5234 2.3767
9558.7275 2.3720
9560.9268 2.3667
9563.1309 2.3606
9565.3311 2.3536
9567.5322 2.3456
9569.7383 2.3364
9571.9395 2.3258
9574.1465 2.3135
9576.3496 2.2992
9578.5576 2.2832
9580.7607 2.2632
9582.9648 2.2398
9585.1748 2.2083
9587.3799 2.1738
9589.5908 2.1800
9591.7969 2.2139
9594.0088 2.2418
9596.2158 2.2617
9598.4238 2.2794
9600.6367 2.2930
9602.8457 2.3048
9605.0596 2.3147
9607.2695 2.3230
9609.4854 2.3299
9611.6953 2.3353
9613.9062 2.3397
9616.1240 2.3440
9618.3359 2.3480
9620.5537 2.3510
9622.7666 2.3532
9624.9863 2.3551
9627.2002 2.3564
9629.4150 2.3576
9631.6357 2.3584
9633.8516 2.3586
9636.0723 2.3589
9638.2891 2.3596
9640.5117 2.3592
9642.7295 2.3566
9644.9482 2.3434
9647.1719 2.3492
9649.3916 2.3588
9651.6172 2.3584
9653.8369 2.3591
9656.0635 2.3575
9658.2842 2.3604
9660.5068 2.3500
9662.7344 2.3376
9664.9570 2.3409
9667.1855 2.3553
9669.4102 2.3540
9671.6396 2.3516
9673.8643 2.3384
9676.0898 2.3369
9678.3213 2.3503
9680.5479 2.3515
9682.7803 2.3515
9685.0078 2.3502
9687.2412 2.3505
9689.4697 2.3477
9691.6982 2.3420
9693.9336 2.3424
9696.1631 2.3470
9698.3994 2.3388
9700.6299 2.3230
9702.8672 2.3270
9705.0996 2.3445
9707.3320 2.3414
9709.5703 2.3422
9711.8047 2.3408
9714.0439 2.3378
9716.2783 2.3371
9718.5186 2.3378
9720.7549 2.3353
9722.9912 2.3311
9725.2334 2.3332
9727.4707 2.3343
9729.7139 2.3335
9731.9521 2.3317
9734.1963 2.3284
9736.4355 2.3287
9738.6807 2.3297
9740.9209 2.3298
9743.1621 2.3295
9745.4082 2.3290
9747.6504 2.3282
9749.8984 2.3274
9752.1416 2.3266
9754.3896 2.3258
9756.6338 2.3250
9758.8789 2.3241
9761.1289 2.3233
9763.3740 2.3223
9765.6260 2.3204
9767.8721 2.3197
9770.1250 2.3196
9772.3721 2.3189
9774.6201 2.3182
9776.8750 2.3173
9779.1240 2.3139
9781.3789 2.3108
9783.6289 2.3109
9785.8848 2.3130
9788.1367 2.3127
9790.3877 2.3115
9792.6455 2.3112
9794.8984 2.3108
9797.1572 2.3100
9799.4111 2.3091
9801.6709 2.3082
9803.9258 2.3074
9806.1807 2.3061
9808.4424 2.3054
9810.6982 2.3049
9812.9609 2.3041
9815.2188 2.3034
9817.4814 2.3025
9819.7402 2.3015
9821.9990 2.3007
9824.2646 2.3000
9826.5244 2.2991
9828.7900 2.2979
9831.0518 2.2965
9833.3184 2.2956
9835.5801 2.2952
9837.8428 2.2947
9840.1113 2.2935
9842.3750 2.2923
9844.6455 2.2919
9846.9102 2.2917
9849.1807 2.2910
9851.4463 2.2896
9853.7129 2.2880
9855.9844 2.2872
9858.2520 2.2871
9860.5254 2.2868
9862.7939 2.2856
9865.0684 2.2840
9867.3379 2.2814
9869.6074 2.2784
9871.8838 2.2811
9874.1543 2.2810
9876.4316 2.2798
9878.7031 2.2791
9880.9814 2.2788
9883.2549 2.2778
9885.5283 2.2757
9887.8076 2.2759
9890.0830 2.2758
9892.3633 2.2749
9894.6387 2.2721
9896.9209 2.2662
9899.1973 2.2647
9901.4746 2.2658
9903.7578 2.2656
9906.0361 2.2660
9908.3203 2.2677
9910.5996 2.2680
9912.8857 2.2671
9915.1660 2.2658
9917.4521 2.2654
9919.7334 2.2651
9922.0156 2.2644
9924.3037 2.2635
9926.5869 2.2617
9928.8760 2.2630
9931.1602 2.2569
9933.4502 2.2453
9935.7354 2.2430
9938.0205 2.2569
9940.3125 2.2573
9942.5996 2.2551
9944.8926 2.2549
9947.1797 2.2552
9949.4736 2.2543
9951.7627 2.2529
9954.0518 2.2517
9956.3477 2.2504
9958.6377 2.2470
9960.9346 2.2468
9963.2256 2.2499
9965.5234 2.2490
9967.8154 2.2473
9970.1094 2.2481
9972.4082 2.2422
9974.7021 2.2354
9977.0020 2.2368
9979.2979 2.2440
9981.5986 2.2431
9983.8945 2.2390
9986.1914 2.2382
9988.4941 2.2391
9990.7920 2.2387
9993.0967 2.2373
9995.3955 2.2371
9997.7002 2.2364
10000.0000 2.2351
10002.3057 2.2343
10004.6016 2.2338
10006.9082 2.2327
10009.2158 2.2319
10011.5244 2.2311
10013.8223 2.2300
10016.1309 2.2290
10018.4404 2.2280
10020.7402 2.2268
10023.0508 2.2258
10025.3623 2.2246
10027.6738 2.2233
10029.9756 2.2222
10032.2881 2.2211
10034.6016 2.2198
10036.9043 2.2185
10039.2188 2.2147
10041.5342 2.2104
10043.8496 2.2102
10046.1543 2.2120
10048.4707 2.2092
10050.7881 2.2078
10053.0947 2.2054
10055.4131 2.2027
10057.7324 2.1999
10060.0508 2.1964
10062.3604 2.1925
10064.6807 2.1886
10067.0010 2.1840
10069.3115 2.1786
10071.6338 2.1724
10073.9561 2.1655
10076.2793 2.1573
10078.5918 2.1480
10080.9160 2.1370
10083.2402 2.1243
10085.5547 2.1089
10087.8799 2.0904
10090.2061 2.0664
10092.5332 2.0338
10094.8496 2.0319
10097.1777 2.0588
10099.5059 2.0857
10101.8232 2.1007
10104.1533 2.1160
10106.4834 2.1270
10108.8135 2.1367
10111.1338 2.1447
10113.4648 2.1513
10115.7969 2.1571
10118.1191 2.1618
10120.4521 2.1654
10122.7861 2.1687
10125.1201 2.1716
10127.4434 2.1738
10129.7793 2.1756
10132.1152 2.1772
10134.4404 2.1784
10136.7773 2.1793
10139.1152 2.1800
10141.4531 2.1805
10143.7803 2.1809
10146.1191 2.1809
10148.4590 2.1794
10150.7881 2.1770
10153.1289 2.1768
10155.4707 2.1748
10157.8125 2.1710
10160.1436 2.1727
10162.4863 2.1788
10164.8301 2.1800
10167.1621 2.1682
10169.5068 2.1648
10171.8525 2.1754
10174.1973 2.1770
10176.5322 2.1772
10178.8789 2.1769
10181.2266 2.1765
10183.5742 2.1759
10185.9111 2.1754
10188.2607 2.1744
10190.6094 2.1723
10192.9482 2.1720
10195.2988 2.1727
10197.6504 2.1721
10200.0020 2.1705
10202.3428 2.1707
10204.6953 2.1706
10207.0479 2.1681
10209.3906 2.1662
10211.7451 2.1670
10214.0996 2.1682
10216.4551 2.1666
10218.7998 2.1655
10221.1562 2.1653
10223.5137 2.1654
10225.8594 2.1638
10228.2178 2.1614
10230.5762 2.1615
10232.9355 2.1618
10235.2842 2.1613
10237.6436 2.1609
10240.0049 2.1605
10242.3545 2.1596
10244.7168 2.1590
10247.0791 2.1583
10249.4424 2.1577
10251.7939 2.1570
10254.1582 2.1563
10256.5234 2.1556
10258.8770 2.1547
10261.2422 2.1531
10263.6084 2.1531
10265.9756 2.1528
10268.3311 2.1519
10270.6992 2.1513
10273.0674 2.1506
10275.4258 2.1500
10277.7949 2.1494
10280.1650 2.1486
10282.5352 2.1476
10284.8955 2.1470
10287.2666 2.1466
10289.6396 2.1453
10292.0010 2.1446
10294.3740 2.1445
10296.7480 2.1440
10299.1221 2.1431
10301.4863 2.1422
10303.8613 2.1417
10306.2373 2.1412
10308.6025 2.1405
10310.9795 2.1398
10313.3574 2.1391
10315.7363 2.1384
