3563.6899 0.6298
3564.5117 0.6299
3565.3318 0.6302
3566.1538 0.6310
3566.9744 0.6324
3567.7969 0.6337
3568.6177 0.6344
3569.4385 0.6353
3570.2617 0.6368
3571.0830 0.6388
3571.9065 0.6408
3572.7283 0.6424
3573.5520 0.6440
3574.3740 0.6451
3575.1963 0.6451
3576.0208 0.6450
3576.8435 0.6458
3577.6682 0.6475
3578.4915 0.6488
3579.3167 0.6493
3580.1399 0.6504
3580.9636 0.6526
3581.7893 0.6545
3582.6133 0.6547
3583.4395 0.6530
3584.2639 0.6510
3585.0903 0.6502
3585.9150 0.6514
3586.7400 0.6543
3587.5671 0.6581
3588.3923 0.6615
3589.2200 0.6636
3590.0457 0.6643
3590.8735 0.6644
3591.6995 0.6650
3592.5259 0.6662
3593.3542 0.6676
3594.1809 0.6691
3595.0098 0.6706
3595.8367 0.6719
3596.6660 0.6737
3597.4934 0.6759
3598.3208 0.6777
3599.1506 0.6781
3599.9788 0.6774
3600.8088 0.6768
3601.6372 0.6768
3602.4678 0.6771
3603.2964 0.6773
3604.1252 0.6778
3604.9565 0.6787
3605.7859 0.6799
3606.6172 0.6808
3607.4470 0.6815
3608.2788 0.6827
3609.1089 0.6842
3609.9392 0.6846
3610.7717 0.6837
3611.6023 0.6828
3612.4351 0.6834
3613.2661 0.6866
3614.0994 0.6909
3614.9307 0.6944
3615.7625 0.6959
3616.5962 0.6951
3617.4282 0.6936
3618.2625 0.6934
3619.0947 0.6948
3619.9292 0.6972
3620.7620 0.7001
3621.5969 0.7030
3622.4302 0.7057
3623.2634 0.7082
3624.0989 0.7100
3624.9326 0.7105
3625.7686 0.7110
3626.6028 0.7121
3627.4390 0.7133
3628.2734 0.7137
3629.1082 0.7133
3629.9451 0.7122
3630.7800 0.7110
3631.6174 0.7109
3632.4529 0.7127
3633.2903 0.7159
3634.1262 0.7190
3634.9622 0.7217
3635.8005 0.7243
3636.6370 0.7260
3637.4756 0.7266
3638.3123 0.7262
3639.1514 0.7260
3639.9885 0.7260
3640.8259 0.7259
3641.6653 0.7259
3642.5032 0.7267
3643.3430 0.7284
3644.1812 0.7300
3645.0215 0.7306
3645.8601 0.7302
3646.6990 0.7297
3647.5398 0.7300
3648.3789 0.7314
3649.2202 0.7330
3650.0596 0.7342
3650.9014 0.7355
3651.7412 0.7378
3652.5813 0.7407
3653.4236 0.7429
3654.2642 0.7437
3655.1067 0.7440
3655.9475 0.7444
3656.7908 0.7446
3657.6318 0.7445
3658.4734 0.7448
3659.3169 0.7457
3660.1587 0.7463
3661.0029 0.7462
3661.8450 0.7458
3662.6895 0.7457
3663.5320 0.7466
3664.3748 0.7484
3665.2197 0.7503
3666.0630 0.7517
3666.9084 0.7528
3667.7520 0.7536
3668.5977 0.7548
3669.4417 0.7567
3670.2859 0.7591
3671.1321 0.7618
3671.9768 0.7640
3672.8235 0.7650
3673.6685 0.7641
3674.5156 0.7622
3675.3608 0.7596
3676.2063 0.7574
3677.0542 0.7567
3677.8999 0.7578
3678.7480 0.7600
3679.5945 0.7621
3680.4429 0.7642
3681.2896 0.7671
3682.1365 0.7700
3682.9856 0.7709
3683.8328 0.7690
3684.6824 0.7668
3685.5300 0.7685
3686.3799 0.7747
3687.2278 0.7815
3688.0781 0.7851
3688.9265 0.7836
3689.7751 0.7796
3690.6260 0.7786
3691.4751 0.7841
3692.3264 0.7944
3693.1758 0.8040
3694.0273 0.8056
3694.8772 0.7964
3695.7273 0.7840
3696.5793 0.7804
3697.4299 0.7928
3698.2825 0.8180
3699.1333 0.8435
3699.9863 0.8531
3700.8374 0.8405
3701.6887 0.8130
3702.5425 0.7863
3703.3943 0.7760
3704.2483 0.7907
3705.1003 0.8256
3705.9548 0.8666
3706.8074 0.8975
3707.6599 0.9060
3708.5149 0.8880
3709.3682 0.8494
3710.2234 0.8071
3711.0771 0.7800
3711.9329 0.7824
3712.7866 0.8171
3713.6409 0.8756
3714.4973 0.9405
3715.3518 0.9929
3716.2085 1.0195
3717.0635 1.0140
3717.9204 0.9779
3718.7759 0.9187
3719.6313 0.8511
3720.4890 0.7970
3721.3450 0.7746
3722.2031 0.7917
3723.0593 0.8445
3723.9180 0.9197
3724.7747 0.9992
3725.6316 1.0687
3726.4905 1.1199
3727.3479 1.1474
3728.2073 1.1479
3729.0649 1.1201
3729.9250 1.0652
3730.7830 0.9891
3731.6414 0.9048
3732.5017 0.8297
3733.3604 0.7810
3734.2214 0.7710
3735.0803 0.8039
3735.9417 0.8718
3736.8013 0.9608
3737.6609 1.0572
3738.5227 1.1487
3739.3828 1.2240
3740.2451 1.2754
3741.1055 1.3024
3741.9683 1.3081
3742.8291 1.2929
3743.6899 1.2553
3744.5532 1.1952
3745.4148 1.1158
3746.2786 1.0245
3747.1404 0.9316
3748.0044 0.8503
3748.8667 0.7949
3749.7290 0.7775
3750.5938 0.8042
3751.4565 0.8693
3752.3215 0.9597
3753.1848 1.0606
3754.0503 1.1586
3754.9138 1.2447
3755.7798 1.3146
3756.6438 1.3695
3757.5081 1.4102
3758.3745 1.4384
3759.2390 1.4557
3760.1060 1.4621
3760.9709 1.4553
3761.8381 1.4336
3762.7036 1.3980
3763.5693 1.3476
3764.4370 1.2818
3765.3032 1.2022
3766.1714 1.1120
3767.0378 1.0150
3767.9065 0.9194
3768.7732 0.8404
3769.6401 0.7939
3770.5095 0.7900
3771.3770 0.8299
3772.2466 0.9045
3773.1145 0.9999
3773.9844 1.1028
3774.8528 1.2030
3775.7209 1.2951
3776.5918 1.3769
3777.4604 1.4483
3778.3315 1.5095
3779.2009 1.5603
3780.0723 1.6007
3780.9419 1.6314
3781.8118 1.6531
3782.6838 1.6659
3783.5540 1.6702
3784.4265 1.6677
3785.2971 1.6588
3786.1699 1.6422
3787.0410 1.6168
3787.9121 1.5839
3788.7856 1.5432
3789.6572 1.4921
3790.5310 1.4279
3791.4031 1.3498
3792.2773 1.2591
3793.1499 1.1597
3794.0225 1.0560
3794.8972 0.9550
3795.7703 0.8681
3796.6455 0.8087
3797.5190 0.7897
3798.3948 0.8169
3799.2686 0.8836
3800.1426 0.9754
3801.0188 1.0777
3801.8933 1.1791
3802.7700 1.2731
3803.6448 1.3576
3804.5220 1.4324
3805.3972 1.4984
3806.2727 1.5559
3807.1504 1.6047
3808.0261 1.6444
3808.9043 1.6766
3809.7805 1.7009
3810.6589 1.7150
3811.5356 1.7187
3812.4126 1.7155
3813.2917 1.7121
3814.1689 1.7140
3815.0483 1.7215
3815.9260 1.7304
3816.8059 1.7343
3817.6841 1.7289
3818.5623 1.7160
3819.4429 1.7038
3820.3215 1.6926
3821.2024 1.6788
3822.0815 1.6598
3822.9629 1.6349
3823.8423 1.6038
3824.7241 1.5655
3825.6040 1.5207
3826.4841 1.4697
3827.3665 1.4120
3828.2468 1.3467
3829.1296 1.2725
3830.0105 1.1887
3830.8938 1.0973
3831.7751 1.0024
3832.6565 0.9121
3833.5403 0.8384
3834.4224 0.7954
3835.3064 0.7926
3836.1887 0.8296
3837.0735 0.8976
3837.9561 0.9846
3838.8391 1.0793
3839.7244 1.1731
3840.6077 1.2610
3841.4932 1.3408
3842.3770 1.4112
3843.2629 1.4710
3844.1472 1.5213
3845.0315 1.5641
3845.9182 1.5992
3846.8030 1.6261
3847.6899 1.6470
3848.5752 1.6650
3849.4626 1.6817
3850.3481 1.6969
3851.2339 1.7087
3852.1221 1.7139
3853.0083 1.7117
3853.8967 1.7057
3854.7832 1.7024
3855.6721 1.7065
3856.5591 1.7159
3857.4463 1.7268
3858.3359 1.7352
3859.2234 1.7368
3860.1135 1.7312
3861.0015 1.7225
3861.8918 1.7174
3862.7803 1.7174
3863.6687 1.7212
3864.5598 1.7260
3865.4487 1.7293
3866.3401 1.7309
3867.2297 1.7337
3868.1213 1.7352
3869.0112 1.7306
3869.9014 1.7188
3870.7937 1.7030
3871.6841 1.6880
3872.5769 1.6754
3873.4678 1.6644
3874.3611 1.6518
3875.2524 1.6331
3876.1438 1.6073
3877.0376 1.5762
3877.9297 1.5409
3878.8237 1.5009
3879.7161 1.4569
3880.6108 1.4076
3881.5037 1.3501
3882.3965 1.2824
3883.2917 1.2061
3884.1851 1.1227
3885.0808 1.0349
3885.9746 0.9481
3886.8706 0.8716
3887.7649 0.8187
3888.6592 0.8025
3889.5559 0.8270
3890.4507 0.8851
3891.3479 0.9636
3892.2429 1.0494
3893.1406 1.1332
3894.0361 1.2114
3894.9341 1.2824
3895.8301 1.3442
3896.7263 1.3952
3897.6250 1.4367
3898.5215 1.4720
3899.4207 1.5030
3900.3176 1.5295
3901.2170 1.5532
3902.1145 1.5743
3903.0122 1.5916
3903.9121 1.6039
3904.8103 1.6142
3905.7107 1.6258
3906.6094 1.6397
3907.5100 1.6541
3908.4089 1.6671
3909.3081 1.6763
3910.2097 1.6802
3911.1091 1.6782
3912.0110 1.6728
3912.9111 1.6674
3913.8132 1.6649
3914.7136 1.6666
3915.6143 1.6711
3916.5171 1.6744
3917.4182 1.6746
3918.3215 1.6732
3919.2229 1.6732
3920.1267 1.6757
3921.0286 1.6783
3921.9307 1.6793
3922.8350 1.6792
3923.7373 1.6783
3924.6421 1.6763
3925.5452 1.6725
3926.4502 1.6671
3927.3535 1.6579
3928.2571 1.6424
3929.1628 1.6173
3930.0667 1.5804
3930.9731 1.5344
3931.8774 1.4914
3932.7839 1.4663
3933.6887 1.4677
3934.5938 1.4951
3935.5010 1.5387
3936.4062 1.5821
3937.3142 1.6131
3938.2200 1.6315
3939.1279 1.6414
3940.0342 1.6462
3940.9407 1.6464
3941.8494 1.6418
3942.7561 1.6357
3943.6653 1.6312
3944.5725 1.6282
3945.4822 1.6263
3946.3899 1.6248
3947.2979 1.6227
3948.2080 1.6182
3949.1162 1.6117
3950.0269 1.6045
3950.9355 1.5969
3951.8467 1.5881
3952.7559 1.5777
3953.6650 1.5663
3954.5769 1.5541
3955.4866 1.5397
3956.3987 1.5218
3957.3088 1.5001
3958.2214 1.4749
3959.1321 1.4451
3960.0449 1.4089
3960.9561 1.3662
3961.8672 1.3175
3962.7808 1.2628
3963.6924 1.2007
3964.6064 1.1298
3965.5186 1.0505
3966.4329 0.9684
3967.3455 0.8929
3968.2581 0.8355
3969.1731 0.8076
3970.0862 0.8157
3971.0017 0.8561
3971.9153 0.9182
3972.8313 0.9909
3973.7451 1.0656
3974.6592 1.1368
3975.5759 1.2027
3976.4905 1.2616
3977.4075 1.3116
3978.3225 1.3532
3979.2397 1.3885
3980.1553 1.4199
3981.0708 1.4471
3981.9888 1.4695
3982.9050 1.4885
3983.8232 1.5053
3984.7397 1.5202
3985.6587 1.5331
3986.5757 1.5439
3987.4927 1.5522
3988.4121 1.5590
3989.3298 1.5656
3990.2498 1.5720
3991.1677 1.5768
3992.0879 1.5796
3993.0063 1.5810
3993.9250 1.5812
3994.8459 1.5808
3995.7649 1.5806
3996.6863 1.5805
3997.6057 1.5804
3998.5276 1.5808
3999.4475 1.5822
4000.3674 1.5835
4001.2900 1.5827
4002.2104 1.5787
4003.1333 1.5754
4004.0544 1.5751
4004.9775 1.5761
4005.8989 1.5771
4006.8206 1.5779
4007.7446 1.5782
4008.6665 1.5757
4009.5908 1.5716
4010.5132 1.5684
4011.4380 1.5672
4012.3608 1.5683
4013.2839 1.5705
4014.2095 1.5705
4015.1328 1.5653
4016.0588 1.5593
4016.9827 1.5638
4017.9089 1.5791
4018.8333 1.5927
4019.7578 1.5958
4020.6848 1.5921
4021.6096 1.5850
4022.5371 1.5767
4023.4624 1.5681
4024.3901 1.5601
4025.3162 1.5560
4026.2422 1.5584
4027.1704 1.5651
4028.0969 1.5727
4029.0259 1.5793
4029.9526 1.5841
4030.8821 1.5861
4031.8093 1.5872
4032.7390 1.5888
4033.6667 1.5906
4034.5947 1.5926
4035.5251 1.5948
4036.4534 1.5965
4037.3843 1.5976
4038.3130 1.5980
4039.2441 1.5975
4040.1736 1.5963
4041.1030 1.5945
4042.0347 1.5912
4042.9646 1.5861
4043.8970 1.5810
4044.8271 1.5782
4045.7600 1.5786
4046.6907 1.5806
4047.6216 1.5819
4048.5549 1.5816
4049.4863 1.5806
4050.4202 1.5798
4051.3521 1.5789
4052.2861 1.5774
4053.2185 1.5767
4054.1509 1.5774
4055.0857 1.5786
4056.0186 1.5797
4056.9539 1.5812
4057.8872 1.5832
4058.8230 1.5851
4059.7566 1.5847
4060.6907 1.5812
4061.6270 1.5757
4062.5613 1.5699
4063.4983 1.5652
4064.4331 1.5635
4065.3701 1.5645
4066.3054 1.5659
4067.2410 1.5657
4068.1787 1.5641
4069.1147 1.5620
4070.0530 1.5605
4070.9893 1.5589
4071.9280 1.5566
4072.8647 1.5545
4073.8018 1.5522
4074.7412 1.5487
4075.6787 1.5445
4076.6184 1.5416
4077.5562 1.5403
4078.4966 1.5403
4079.4348 1.5405
4080.3733 1.5392
4081.3142 1.5352
4082.2532 1.5295
4083.1943 1.5226
4084.1338 1.5140
4085.0757 1.5038
4086.0154 1.4925
4086.9553 1.4800
4087.8977 1.4659
4088.8381 1.4496
4089.7810 1.4301
4090.7219 1.4060
4091.6653 1.3761
4092.6064 1.3406
4093.5481 1.2991
4094.4919 1.2513
4095.4338 1.1975
4096.3784 1.1380
4097.3208 1.0737
4098.2656 1.0076
4099.2085 0.9460
4100.1514 0.8992
4101.0967 0.8781
4102.0400 0.8886
4102.9863 0.9286
4103.9302 0.9867
4104.8765 1.0521
4105.8208 1.1175
4106.7676 1.1785
4107.7124 1.2329
4108.6572 1.2801
4109.6045 1.3205
4110.5503 1.3561
4111.4980 1.3886
4112.4438 1.4177
4113.3921 1.4421
4114.3384 1.4609
4115.2852 1.4755
4116.2339 1.4875
4117.1807 1.4982
4118.1304 1.5070
4119.0776 1.5130
4120.0273 1.5165
4120.9751 1.5209
4121.9233 1.5266
4122.8740 1.5329
4123.8223 1.5374
4124.7734 1.5378
4125.7222 1.5337
4126.6733 1.5282
4127.6230 1.5229
4128.5723 1.5197
4129.5244 1.5203
4130.4746 1.5254
4131.4268 1.5342
4132.3774 1.5444
4133.3301 1.5542
4134.2812 1.5618
4135.2324 1.5667
4136.1855 1.5698
4137.1372 1.5730
4138.0913 1.5760
4139.0435 1.5777
4139.9976 1.5769
4140.9502 1.5732
4141.9028 1.5680
4142.8579 1.5638
4143.8110 1.5626
4144.7666 1.5646
4145.7202 1.5688
4146.6758 1.5736
4147.6299 1.5779
4148.5840 1.5814
4149.5405 1.5836
4150.4951 1.5831
4151.4526 1.5812
4152.4072 1.5800
4153.3647 1.5798
4154.3203 1.5791
4155.2764 1.5792
4156.2344 1.5805
4157.1904 1.5823
4158.1489 1.5834
4159.1055 1.5834
4160.0649 1.5824
4161.0220 1.5805
4161.9790 1.5780
4162.9390 1.5750
4163.8965 1.5627
4164.8564 1.5325
4165.8149 1.4990
4166.7754 1.5142
4167.7339 1.5527
4168.6929 1.5748
4169.6538 1.5767
4170.6133 1.5695
4171.5752 1.5615
4172.5347 1.5570
4173.4971 1.5584
4174.4570 1.5629
4175.4175 1.5660
4176.3799 1.5662
4177.3408 1.5653
4178.3042 1.5658
4179.2651 1.5683
4180.2290 1.5725
4181.1909 1.5771
4182.1548 1.5809
4183.1172 1.5833
4184.0796 1.5839
4185.0444 1.5831
4186.0068 1.5826
4186.9722 1.5832
4187.9355 1.5843
4188.9014 1.5847
4189.8647 1.5860
4190.8286 1.5880
4191.7949 1.5893
4192.7593 1.5892
4193.7261 1.5886
4194.6909 1.5877
4195.6582 1.5857
4196.6235 1.5830
4197.5889 1.5807
4198.5571 1.5786
4199.5229 1.5776
4200.4912 1.5793
4201.4575 1.5825
4202.4263 1.5843
4203.3931 1.5851
4204.3599 1.5860
4205.3296 1.5874
4206.2969 1.5886
4207.2671 1.5896
4208.2349 1.5907
4209.2051 1.5914
4210.1738 1.5911
4211.1421 1.5903
4212.1133 1.5901
4213.0820 1.5900
4214.0537 1.5896
4215.0229 1.5885
4215.9951 1.5873
4216.9648 1.5870
4217.9351 1.5883
4218.9077 1.5896
4219.8784 1.5903
4220.8516 1.5904
4221.8223 1.5896
4222.7959 1.5869
4223.7676 1.5818
4224.7393 1.5773
4225.7134 1.5763
4226.6855 1.5784
4227.6602 1.5818
4228.6328 1.5844
4229.6079 1.5844
4230.5806 1.5799
4231.5542 1.5725
4232.5298 1.5674
4233.5034 1.5678
4234.4800 1.5728
4235.4541 1.5779
4236.4307 1.5801
4237.4053 1.5814
4238.3799 1.5825
4239.3574 1.5822
4240.3325 1.5806
4241.3105 1.5798
4242.2861 1.5795
4243.2642 1.5781
4244.2407 1.5768
4245.2168 1.5765
4246.1958 1.5759
4247.1729 1.5735
4248.1519 1.5724
4249.1294 1.5737
4250.1094 1.5746
4251.0869 1.5741
4252.0649 1.5743
4253.0454 1.5779
4254.0239 1.5814
4255.0049 1.5814
4255.9834 1.5790
4256.9648 1.5756
4257.9443 1.5725
4258.9263 1.5707
4259.9058 1.5713
4260.8857 1.5737
4261.8687 1.5777
4262.8491 1.5820
4263.8320 1.5847
4264.8130 1.5847
4265.7964 1.5826
4266.7778 1.5787
4267.7593 1.5740
4268.7432 1.5698
4269.7256 1.5665
4270.7100 1.5637
4271.6924 1.5620
4272.6772 1.5621
4273.6606 1.5636
4274.6436 1.5661
4275.6294 1.5694
4276.6128 1.5732
4277.5991 1.5761
4278.5830 1.5768
4279.5698 1.5762
4280.5542 1.5758
4281.5391 1.5755
4282.5264 1.5741
4283.5117 1.5719
4284.4990 1.5704
4285.4849 1.5698
4286.4731 1.5676
4287.4590 1.5633
4288.4453 1.5590
4289.4346 1.5574
4290.4214 1.5578
4291.4106 1.5593
4292.3979 1.5601
4293.3877 1.5586
4294.3755 1.5548
4295.3633 1.5519
4296.3535 1.5499
4297.3423 1.5475
4298.3330 1.5439
4299.3218 1.5392
4300.3135 1.5346
4301.3027 1.5325
4302.2920 1.5343
4303.2842 1.5386
4304.2744 1.5427
4305.2666 1.5441
4306.2573 1.5427
4307.2500 1.5419
4308.2412 1.5432
4309.2319 1.5443
4310.2261 1.5427
4311.2173 1.5375
4312.2114 1.5306
4313.2036 1.5243
4314.1982 1.5213
4315.1904 1.5227
4316.1836 1.5260
4317.1787 1.5276
4318.1719 1.5256
4319.1675 1.5220
4320.1611 1.5175
4321.1572 1.5116
4322.1514 1.5040
4323.1460 1.4948
4324.1426 1.4844
4325.1377 1.4729
4326.1348 1.4607
4327.1299 1.4481
4328.1279 1.4333
4329.1235 1.4137
4330.1196 1.3881
4331.1182 1.3575
4332.1143 1.3225
4333.1133 1.2829
4334.1104 1.2378
4335.1099 1.1863
4336.1069 1.1299
4337.1069 1.0727
4338.1045 1.0216
4339.1025 0.9868
4340.1030 0.9782
4341.1016 0.9989
4342.1025 1.0422
4343.1016 1.0961
4344.1030 1.1521
4345.1025 1.2055
4346.1021 1.2540
4347.1040 1.2964
4348.1040 1.3314
4349.1069 1.3593
4350.1074 1.3826
4351.1104 1.4039
4352.1113 1.4251
4353.1128 1.4458
4354.1167 1.4639
4355.1182 1.4783
4356.1226 1.4898
4357.1245 1.4987
4358.1294 1.5063
4359.1318 1.5135
4360.1348 1.5199
4361.1401 1.5251
4362.1436 1.5299
4363.1494 1.5335
4364.1528 1.5354
4365.1592 1.5356
4366.1636 1.5340
4367.1680 1.5322
4368.1753 1.5324
4369.1802 1.5354
4370.1875 1.5397
4371.1929 1.5426
4372.2007 1.5437
4373.2065 1.5449
4374.2129 1.5461
4375.2212 1.5473
4376.2280 1.5494
4377.2368 1.5521
4378.2441 1.5540
4379.2534 1.5536
4380.2612 1.5498
4381.2686 1.5419
4382.2793 1.5311
4383.2871 1.5212
4384.2979 1.5167
4385.3066 1.5190
4386.3179 1.5245
4387.3267 1.5297
4388.3359 1.5334
4389.3481 1.5367
4390.3579 1.5399
4391.3701 1.5403
4392.3804 1.5388
4393.3936 1.5380
4394.4043 1.5391
4395.4150 1.5409
4396.4287 1.5422
4397.4399 1.5438
4398.4541 1.5449
4399.4658 1.5451
4400.4805 1.5449
4401.4927 1.5452
4402.5054 1.5466
4403.5205 1.5477
4404.5337 1.5479
4405.5493 1.5485
4406.5625 1.5498
4407.5786 1.5508
4408.5928 1.5507
4409.6069 1.5500
4410.6240 1.5482
4411.6387 1.5452
4412.6558 1.5414
4413.6709 1.5371
4414.6885 1.5328
4415.7041 1.5299
4416.7227 1.5302
4417.7388 1.5340
4418.7549 1.5399
4419.7739 1.5457
4420.7905 1.5490
4421.8101 1.5506
4422.8271 1.5508
4423.8472 1.5501
4424.8647 1.5484
4425.8828 1.5462
4426.9033 1.5448
4427.9219 1.5449
4428.9429 1.5453
4429.9619 1.5449
4430.9834 1.5442
4432.0024 1.5432
4433.0220 1.5413
4434.0444 1.5395
4435.0645 1.5398
4436.0874 1.5417
4437.1079 1.5445
4438.1309 1.5473
4439.1519 1.5482
4440.1733 1.5455
4441.1968 1.5409
4442.2188 1.5373
4443.2432 1.5361
4444.2651 1.5372
4445.2900 1.5397
4446.3125 1.5429
4447.3354 1.5436
4448.3613 1.5411
4449.3843 1.5383
4450.4106 1.5376
4451.4341 1.5388
4452.4609 1.5396
4453.4849 1.5399
4454.5098 1.5400
4455.5366 1.5409
4456.5615 1.5424
4457.5894 1.5432
4458.6147 1.5429
4459.6431 1.5433
4460.6689 1.5440
4461.6953 1.5439
4462.7241 1.5427
4463.7505 1.5413
4464.7798 1.5392
4465.8071 1.5364
4466.8369 1.5323
4467.8643 1.5270
4468.8921 1.5219
4469.9229 1.5196
4470.9512 1.5220
4471.9819 1.5272
4473.0107 1.5331
4474.0425 1.5385
4475.0718 1.5419
4476.1011 1.5404
4477.1333 1.5315
4478.1631 1.5147
4479.1958 1.4957
4480.2266 1.4834
4481.2593 1.4841
4482.2905 1.4985
4483.3213 1.5191
4484.3555 1.5340
4485.3872 1.5388
4486.4214 1.5378
4487.4536 1.5350
4488.4883 1.5319
4489.5210 1.5294
4490.5537 1.5299
4491.5889 1.5334
4492.6226 1.5379
4493.6582 1.5417
4494.6919 1.5443
4495.7285 1.5469
4496.7627 1.5475
4497.7998 1.5448
4498.8345 1.5405
4499.8696 1.5376
4500.9072 1.5386
4501.9424 1.5424
4502.9805 1.5454
4504.0166 1.5462
4505.0552 1.5446
4506.0913 1.5414
4507.1279 1.5383
4508.1675 1.5380
4509.2046 1.5409
4510.2446 1.5446
4511.2822 1.5459
4512.3223 1.5436
4513.3604 1.5399
4514.3984 1.5375
4515.4395 1.5369
4516.4785 1.5366
4517.5200 1.5361
4518.5591 1.5343
4519.6011 1.5310
4520.6406 1.5286
4521.6807 1.5292
4522.7236 1.5320
4523.7642 1.5361
4524.8071 1.5395
4525.8481 1.5408
4526.8916 1.5410
4527.9331 1.5407
4528.9746 1.5401
4530.0190 1.5389
4531.0610 1.5368
4532.1060 1.5344
4533.1489 1.5337
4534.1938 1.5348
4535.2373 1.5380
4536.2803 1.5422
4537.3267 1.5449
4538.3701 1.5441
4539.4170 1.5420
4540.4609 1.5408
4541.5083 1.5414
4542.5527 1.5426
4543.5981 1.5435
4544.6455 1.5434
4545.6909 1.5396
4546.7393 1.5312
4547.7852 1.5230
4548.8340 1.5194
4549.8804 1.5214
4550.9272 1.5260
4551.9766 1.5296
4553.0239 1.5291
4554.0737 1.5258
4555.1216 1.5227
4556.1719 1.5226
4557.2197 1.5264
4558.2686 1.5322
4559.3193 1.5371
4560.3682 1.5399
4561.4199 1.5406
4562.4692 1.5396
4563.5215 1.5381
4564.5713 1.5378
4565.6211 1.5401
4566.6743 1.5438
4567.7246 1.5459
4568.7778 1.5448
4569.8291 1.5417
4570.8828 1.5396
4571.9341 1.5389
4572.9888 1.5395
4574.0405 1.5399
4575.0928 1.5396
4576.1479 1.5393
4577.2007 1.5390
4578.2559 1.5381
4579.3091 1.5367
4580.3652 1.5338
4581.4189 1.5297
4582.4731 1.5265
4583.5298 1.5258
4584.5840 1.5272
4585.6411 1.5301
4586.6963 1.5323
4587.7539 1.5326
4588.8091 1.5319
4589.8647 1.5330
4590.9233 1.5356
4591.9795 1.5377
4593.0386 1.5391
4594.0952 1.5412
4595.1543 1.5443
4596.2114 1.5459
4597.2690 1.5465
4598.3291 1.5469
4599.3867 1.5466
4600.4473 1.5453
4601.5059 1.5440
4602.5669 1.5451
4603.6255 1.5475
4604.6846 1.5494
4605.7466 1.5501
4606.8062 1.5502
4607.8687 1.5504
4608.9287 1.5505
4609.9912 1.5509
4611.0518 1.5511
4612.1128 1.5502
4613.1763 1.5482
4614.2373 1.5453
4615.3013 1.5411
4616.3633 1.5365
4617.4277 1.5334
4618.4897 1.5328
4619.5522 1.5346
4620.6177 1.5378
4621.6807 1.5411
4622.7466 1.5439
4623.8096 1.5455
4624.8760 1.5457
4625.9399 1.5445
4627.0044 1.5417
4628.0713 1.5388
4629.1357 1.5370
4630.2031 1.5364
4631.2686 1.5361
4632.3364 1.5354
4633.4023 1.5338
4634.4678 1.5336
4635.5366 1.5362
4636.6030 1.5399
4637.6724 1.5426
4638.7393 1.5438
4639.8091 1.5447
4640.8765 1.5457
4641.9438 1.5464
4643.0142 1.5464
4644.0825 1.5457
4645.1533 1.5439
4646.2222 1.5400
4647.2935 1.5362
4648.3623 1.5377
4649.4316 1.5420
4650.5039 1.5448
4651.5737 1.5453
4652.6465 1.5448
4653.7168 1.5431
4654.7900 1.5408
4655.8608 1.5394
4656.9346 1.5398
4658.0059 1.5414
4659.0771 1.5427
4660.1519 1.5409
4661.2236 1.5378
4662.2983 1.5357
4663.3711 1.5348
4664.4463 1.5336
4665.5195 1.5319
4666.5928 1.5313
4667.6689 1.5322
4668.7427 1.5340
4669.8193 1.5355
4670.8936 1.5361
4671.9707 1.5358
4673.0454 1.5360
4674.1206 1.5374
4675.1982 1.5388
4676.2739 1.5391
4677.3521 1.5392
4678.4282 1.5417
4679.5073 1.5445
4680.5835 1.5458
4681.6602 1.5455
4682.7397 1.5445
4683.8174 1.5437
4684.8975 1.5437
4685.9751 1.5436
4687.0557 1.5431
4688.1338 1.5419
4689.2124 1.5401
4690.2935 1.5384
4691.3726 1.5375
4692.4546 1.5370
4693.5342 1.5368
4694.6162 1.5367
4695.6963 1.5367
4696.7764 1.5365
4697.8594 1.5358
4698.9404 1.5337
4700.0239 1.5309
4701.1050 1.5290
4702.1890 1.5287
4703.2710 1.5292
4704.3530 1.5297
4705.4375 1.5303
4706.5200 1.5300
4707.6055 1.5286
4708.6885 1.5271
4709.7744 1.5255
4710.8579 1.5226
4711.9414 1.5210
4713.0283 1.5231
4714.1123 1.5253
4715.1992 1.5260
4716.2842 1.5261
4717.3716 1.5264
4718.4570 1.5263
4719.5425 1.5270
4720.6309 1.5281
4721.7168 1.5282
4722.8057 1.5268
4723.8921 1.5251
4724.9814 1.5243
4726.0684 1.5233
4727.1553 1.5214
4728.2456 1.5194
4729.3335 1.5176
4730.4238 1.5159
4731.5122 1.5149
4732.6030 1.5154
4733.6919 1.5167
4734.7808 1.5177
4735.8726 1.5178
4736.9624 1.5172
4738.0547 1.5161
4739.1445 1.5147
4740.2373 1.5142
4741.3276 1.5154
4742.4214 1.5173
4743.5122 1.5184
4744.6035 1.5186
4745.6973 1.5183
4746.7891 1.5179
4747.8838 1.5174
4748.9761 1.5170
4750.0713 1.5173
4751.1641 1.5170
4752.2568 1.5158
4753.3525 1.5151
4754.4463 1.5152
4755.5425 1.5157
4756.6367 1.5157
4757.7334 1.5151
4758.8281 1.5129
4759.9229 1.5103
4761.0205 1.5084
4762.1157 1.5072
4763.2139 1.5063
4764.3096 1.5069
4765.4082 1.5087
4766.5044 1.5102
4767.6011 1.5106
4768.7002 1.5100
4769.7974 1.5090
4770.8975 1.5087
4771.9951 1.5094
4773.0952 1.5101
4774.1934 1.5104
4775.2915 1.5105
4776.3926 1.5104
4777.4917 1.5099
4778.5933 1.5090
4779.6924 1.5078
4780.7949 1.5070
4781.8945 1.5078
4782.9946 1.5107
4784.0977 1.5123
4785.1982 1.5126
4786.3018 1.5125
4787.4028 1.5113
4788.5068 1.5096
4789.6084 1.5094
4790.7100 1.5101
4791.8149 1.5095
4792.9170 1.5085
4794.0225 1.5084
4795.1255 1.5092
4796.2310 1.5095
4797.3345 1.5098
4798.4380 1.5095
4799.5444 1.5083
4800.6489 1.5065
4801.7559 1.5043
4802.8604 1.5023
4803.9678 1.5012
4805.0732 1.5015
4806.1782 1.5028
4807.2866 1.5041
4808.3926 1.5053
4809.5015 1.5061
4810.6079 1.5061
4811.7173 1.5052
4812.8242 1.5047
4813.9312 1.5052
4815.0415 1.5063
4816.1489 1.5062
4817.2598 1.5049
4818.3677 1.5040
4819.4790 1.5024
4820.5879 1.4991
4821.6968 1.4947
4822.8086 1.4913
4823.9180 1.4898
4825.0303 1.4900
4826.1401 1.4918
4827.2534 1.4939
4828.3638 1.4944
4829.4771 1.4930
4830.5884 1.4918
4831.6992 1.4907
4832.8135 1.4889
4833.9253 1.4863
4835.0400 1.4835
4836.1523 1.4813
4837.2676 1.4793
4838.3804 1.4763
4839.4937 1.4713
4840.6094 1.4649
4841.7231 1.4590
4842.8394 1.4546
4843.9536 1.4477
4845.0708 1.4383
4846.1851 1.4268
4847.3003 1.4139
4848.4180 1.3998
4849.5332 1.3843
4850.6514 1.3664
4851.7676 1.3448
4852.8862 1.3178
4854.0024 1.2852
4855.1191 1.2484
4856.2388 1.2091
4857.3560 1.1688
4858.4761 1.1305
4859.5938 1.1011
4860.7144 1.0904
4861.8325 1.1036
4862.9512 1.1348
4864.0723 1.1721
4865.1914 1.2115
4866.3135 1.2498
4867.4326 1.2839
4868.5552 1.3127
4869.6753 1.3381
4870.7954 1.3603
4871.9189 1.3786
4873.0396 1.3934
4874.1631 1.4056
4875.2847 1.4168
4876.4087 1.4280
4877.5308 1.4375
4878.6528 1.4456
4879.7778 1.4529
4880.9004 1.4586
4882.0259 1.4622
4883.1489 1.4646
4884.2749 1.4666
4885.3984 1.4693
4886.5225 1.4723
4887.6494 1.4737
4888.7734 1.4737
4889.9009 1.4745
4891.0259 1.4761
4892.1538 1.4780
4893.2793 1.4802
4894.4048 1.4833
4895.5337 1.4862
4896.6597 1.4865
4897.7891 1.4860
4898.9155 1.4864
4900.0454 1.4870
4901.1724 1.4871
4902.2998 1.4872
4903.4307 1.4877
4904.5586 1.4879
4905.6895 1.4885
4906.8179 1.4889
4907.9497 1.4885
4909.0786 1.4875
4910.2080 1.4869
4911.3403 1.4863
4912.4702 1.4862
4913.6030 1.4867
4914.7334 1.4875
4915.8667 1.4876
4916.9976 1.4859
4918.1313 1.4826
4919.2627 1.4785
4920.3945 1.4740
4921.5288 1.4702
4922.6611 1.4691
4923.7964 1.4722
4924.9292 1.4776
4926.0649 1.4839
4927.1978 1.4884
4928.3315 1.4892
4929.4678 1.4873
4930.6021 1.4862
4931.7388 1.4851
4932.8735 1.4842
4934.0107 1.4841
4935.1460 1.4838
4936.2812 1.4827
4937.4194 1.4824
4938.5557 1.4835
4939.6943 1.4850
4940.8306 1.4859
4941.9702 1.4860
4943.1069 1.4855
4944.2441 1.4846
4945.3843 1.4838
4946.5220 1.4834
4947.6626 1.4825
4948.8008 1.4812
4949.9419 1.4801
4951.0806 1.4796
4952.2197 1.4793
4953.3618 1.4778
4954.5010 1.4763
4955.6436 1.4753
4956.7837 1.4746
4957.9268 1.4740
4959.0674 1.4747
4960.2080 1.4761
4961.3521 1.4774
4962.4932 1.4784
4963.6377 1.4790
4964.7793 1.4786
4965.9243 1.4761
4967.0669 1.4737
4968.2095 1.4734
4969.3550 1.4749
4970.4980 1.4772
4971.6445 1.4789
4972.7881 1.4783
4973.9351 1.4772
4975.0791 1.4765
4976.2236 1.4760
4977.3711 1.4757
4978.5161 1.4755
4979.6641 1.4749
4980.8096 1.4739
4981.9585 1.4721
4983.1045 1.4701
4984.2510 1.4691
4985.4004 1.4696
4986.5469 1.4700
4987.6968 1.4703
4988.8442 1.4697
4989.9946 1.4684
4991.1426 1.4673
4992.2910 1.4672
4993.4419 1.4679
4994.5908 1.4672
4995.7427 1.4660
4996.8921 1.4649
4998.0439 1.4638
4999.1938 1.4617
5000.3438 1.4595
5001.4971 1.4582
5002.6475 1.4575
5003.8013 1.4582
5004.9521 1.4597
5006.1064 1.4600
5007.2583 1.4596
5008.4126 1.4598
5009.5649 1.4600
5010.7173 1.4594
5011.8730 1.4579
5013.0259 1.4561
5014.1816 1.4526
5015.3354 1.4483
5016.4917 1.4444
5017.6460 1.4419
5018.8003 1.4417
5019.9575 1.4452
5021.1123 1.4501
5022.2700 1.4542
5023.4258 1.4567
5024.5840 1.4568
5025.7397 1.4551
5026.8960 1.4536
5028.0552 1.4526
5029.2119 1.4525
5030.3716 1.4525
5031.5288 1.4520
5032.6890 1.4507
5033.8472 1.4492
5035.0049 1.4495
5036.1660 1.4509
5037.3247 1.4504
5038.4863 1.4473
5039.6455 1.4434
5040.8076 1.4420
5041.9668 1.4444
5043.1270 1.4475
5044.2900 1.4493
5045.4502 1.4497
5046.6138 1.4495
5047.7749 1.4495
5048.9390 1.4489
5050.1001 1.4484
5051.2622 1.4485
5052.4268 1.4462
5053.5894 1.4406
5054.7544 1.4353
5055.9175 1.4346
5057.0830 1.4383
5058.2466 1.4434
5059.4102 1.4471
5060.5771 1.4480
5061.7412 1.4464
5062.9082 1.4448
5064.0732 1.4440
5065.2407 1.4439
5066.4062 1.4438
5067.5718 1.4438
5068.7402 1.4442
5069.9062 1.4434
5071.0752 1.4418
5072.2417 1.4407
5073.4116 1.4408
5074.5786 1.4409
5075.7461 1.4402
5076.9165 1.4407
5078.0845 1.4424
5079.2554 1.4428
5080.4238 1.4419
5081.5957 1.4408
5082.7646 1.4401
5083.9336 1.4395
5085.1060 1.4401
5086.2759 1.4407
5087.4487 1.4400
5088.6191 1.4386
5089.7925 1.4385
5090.9634 1.4383
5092.1348 1.4388
5093.3091 1.4390
5094.4805 1.4385
5095.6553 1.4375
5096.8276 1.4363
5098.0029 1.4346
5099.1758 1.4341
5100.3516 1.4340
5101.5249 1.4343
5102.6987 1.4352
5103.8750 1.4364
5105.0493 1.4372
5106.2266 1.4383
5107.4014 1.4386
5108.5791 1.4375
5109.7544 1.4358
5110.9297 1.4351
5112.1084 1.4358
5113.2842 1.4370
5114.4634 1.4374
5115.6401 1.4370
5116.8198 1.4362
5117.9966 1.4351
5119.1743 1.4342
5120.3545 1.4332
5121.5327 1.4324
5122.7134 1.4325
5123.8921 1.4329
5125.0737 1.4314
5126.2524 1.4295
5127.4321 1.4277
5128.6143 1.4261
5129.7939 1.4253
5130.9771 1.4255
5132.1572 1.4258
5133.3408 1.4257
5134.5220 1.4262
5135.7031 1.4271
5136.8872 1.4274
5138.0688 1.4267
5139.2539 1.4263
5140.4360 1.4266
5141.6216 1.4262
5142.8042 1.4247
5143.9873 1.4235
5145.1738 1.4237
5146.3574 1.4245
5147.5439 1.4241
5148.7280 1.4231
5149.9155 1.4220
5151.1001 1.4216
5152.2852 1.4219
5153.4731 1.4221
5154.6587 1.4214
5155.8477 1.4214
5157.0337 1.4217
5158.2227 1.4214
5159.4097 1.4209
5160.5962 1.4216
5161.7861 1.4212
5162.9736 1.4190
5164.1646 1.4151
5165.3525 1.4099
5166.5435 1.4045
5167.7319 1.4008
5168.9209 1.3995
5170.1128 1.4018
5171.3022 1.4063
5172.4946 1.4102
5173.6846 1.4132
5174.8779 1.4173
5176.0684 1.4191
5177.2588 1.4188
5178.4526 1.4179
5179.6440 1.4151
5180.8384 1.4101
5182.0303 1.4060
5183.2251 1.4039
5184.4175 1.4037
5185.6104 1.4059
5186.8062 1.4088
5187.9995 1.4102
5189.1958 1.4102
5190.3896 1.4103
5191.5864 1.4110
5192.7808 1.4107
5193.9780 1.4094
5195.1729 1.4077
5196.3682 1.4061
5197.5664 1.4053
5198.7622 1.4066
5199.9609 1.4094
5201.1572 1.4116
5202.3564 1.4116
5203.5532 1.4098
5204.7505 1.4081
5205.9507 1.4075
5207.1484 1.4082
5208.3491 1.4093
5209.5474 1.4100
5210.7485 1.4103
5211.9473 1.4086
5213.1460 1.4070
5214.3481 1.4066
5215.5479 1.4053
5216.7505 1.4031
5217.9507 1.4043
5219.1538 1.4075
5220.3545 1.4089
5221.5557 1.4065
5222.7598 1.4023
5223.9609 1.3985
5225.1655 1.3945
5226.3677 1.3922
5227.5728 1.3938
5228.7754 1.3969
5229.9785 1.3990
5231.1846 1.3986
5232.3877 1.3962
5233.5942 1.3928
5234.7983 1.3910
5236.0054 1.3916
5237.2100 1.3938
5238.4150 1.3965
5239.6230 1.3993
5240.8281 1.4021
5242.0366 1.4053
5243.2427 1.4052
5244.4517 1.4015
5245.6582 1.3981
5246.8652 1.3983
5248.0747 1.3971
5249.2822 1.3961
5250.4927 1.3962
5251.7007 1.3968
5252.9116 1.3969
5254.1201 1.3960
5255.3286 1.3943
5256.5405 1.3930
5257.7500 1.3924
5258.9624 1.3915
5260.1724 1.3897
5261.3853 1.3877
5262.5957 1.3857
5263.8062 1.3836
5265.0200 1.3826
5266.2310 1.3834
5267.4458 1.3856
5268.6572 1.3871
5269.8721 1.3866
5271.0845 1.3846
5272.2974 1.3819
5273.5132 1.3798
5274.7261 1.3788
5275.9424 1.3783
5277.1562 1.3794
5278.3730 1.3818
5279.5874 1.3828
5280.8047 1.3820
5282.0195 1.3816
5283.2349 1.3830
5284.4531 1.3843
5285.6689 1.3856
5286.8877 1.3870
5288.1040 1.3876
5289.3232 1.3866
5290.5400 1.3847
5291.7573 1.3832
5292.9775 1.3821
5294.1953 1.3814
5295.4160 1.3813
5296.6343 1.3821
5297.8555 1.3828
5299.0742 1.3820
5300.2935 1.3804
5301.5156 1.3789
5302.7354 1.3780
5303.9580 1.3773
5305.1782 1.3763
5306.4014 1.3765
5307.6221 1.3766
5308.8433 1.3760
5310.0674 1.3757
5311.2891 1.3753
5312.5137 1.3722
5313.7358 1.3665
5314.9614 1.3625
5316.1841 1.3624
5317.4072 1.3651
5318.6333 1.3689
5319.8569 1.3730
5321.0835 1.3748
5322.3076 1.3733
5323.5347 1.3698
5324.7598 1.3667
5325.9844 1.3652
5327.2129 1.3649
5328.4380 1.3641
5329.6670 1.3636
5330.8931 1.3652
5332.1221 1.3675
5333.3491 1.3680
5334.5757 1.3665
5335.8062 1.3654
5337.0337 1.3644
5338.2642 1.3634
5339.4922 1.3630
5340.7236 1.3638
5341.9521 1.3655
5343.1812 1.3667
5344.4131 1.3670
5345.6426 1.3665
5346.8755 1.3657
5348.1055 1.3652
5349.3389 1.3649
5350.5693 1.3653
5351.8003 1.3657
5353.0342 1.3662
5354.2656 1.3667
5355.5005 1.3664
5356.7324 1.3656
5357.9678 1.3638
5359.2002 1.3604
5360.4331 1.3578
5361.6694 1.3566
5362.9028 1.3558
5364.1392 1.3556
5365.3735 1.3567
5366.6108 1.3571
5367.8452 1.3564
5369.0801 1.3557
5370.3184 1.3562
5371.5537 1.3576
5372.7925 1.3584
5374.0283 1.3582
5375.2676 1.3580
5376.5039 1.3575
5377.7441 1.3563
5378.9810 1.3550
5380.2183 1.3540
5381.4590 1.3532
5382.6973 1.3524
5383.9385 1.3526
5385.1768 1.3538
5386.4189 1.3544
5387.6577 1.3545
5388.8975 1.3539
5390.1401 1.3531
5391.3799 1.3524
5392.6230 1.3517
5393.8638 1.3505
5395.1074 1.3504
5396.3486 1.3498
5397.5903 1.3495
5398.8350 1.3493
5400.0767 1.3478
5401.3223 1.3450
5402.5645 1.3434
5403.8105 1.3444
5405.0537 1.3455
5406.2969 1.3451
5407.5439 1.3443
5408.7876 1.3450
5410.0352 1.3457
5411.2798 1.3452
5412.5273 1.3440
5413.7725 1.3429
5415.0181 1.3422
5416.2666 1.3431
5417.5127 1.3443
5418.7617 1.3443
5420.0083 1.3433
5421.2583 1.3422
5422.5054 1.3413
5423.7529 1.3400
5425.0034 1.3391
5426.2515 1.3379
5427.5029 1.3375
5428.7515 1.3379
5430.0034 1.3386
5431.2524 1.3389
5432.5020 1.3387
5433.7549 1.3381
5435.0049 1.3382
5436.2578 1.3391
5437.5088 1.3405
5438.7627 1.3414
5440.0137 1.3398
5441.2651 1.3376
5442.5200 1.3364
5443.7720 1.3362
5445.0273 1.3366
5446.2798 1.3376
5447.5356 1.3384
5448.7891 1.3381
5450.0425 1.3375
5451.2993 1.3366
5452.5532 1.3349
5453.8105 1.3332
5455.0654 1.3331
5456.3232 1.3339
5457.5786 1.3351
5458.8340 1.3352
5460.0928 1.3336
5461.3486 1.3310
5462.6084 1.3299
5463.8647 1.3293
5465.1250 1.3283
5466.3823 1.3274
5467.6396 1.3275
5468.9004 1.3280
5470.1587 1.3283
5471.4199 1.3281
5472.6787 1.3276
5473.9404 1.3268
5475.1997 1.3259
5476.4624 1.3255
5477.7222 1.3248
5478.9824 1.3246
5480.2461 1.3252
5481.5068 1.3255
5482.7705 1.3253
5484.0322 1.3253
5485.2964 1.3247
5486.5586 1.3240
5487.8208 1.3235
5489.0859 1.3230
5490.3491 1.3220
5491.6147 1.3209
5492.8784 1.3210
5494.1450 1.3216
5495.4087 1.3222
5496.6729 1.3225
5497.9404 1.3222
5499.2056 1.3212
5500.4736 1.3208
5501.7388 1.3202
5503.0073 1.3187
5504.2734 1.3173
5505.5396 1.3170
5506.8096 1.3176
5508.0762 1.3180
5509.3462 1.3185
5510.6138 1.3187
5511.8843 1.3189
5513.1523 1.3196
5514.4209 1.3205
5515.6924 1.3210
5516.9614 1.3205
5518.2334 1.3196
5519.5029 1.3194
5520.7759 1.3197
5522.0459 1.3185
5523.3159 1.3160
5524.5898 1.3134
5525.8608 1.3118
5527.1348 1.3120
5528.4062 1.3130
5529.6812 1.3126
5530.9536 1.3123
5532.2256 1.3120
5533.5015 1.3117
5534.7744 1.3118
5536.0508 1.3131
5537.3242 1.3153
5538.6011 1.3162
5539.8755 1.3152
5541.1499 1.3140
5542.4277 1.3133
5543.7026 1.3126
5544.9810 1.3117
5546.2568 1.3117
5547.5356 1.3117
5548.8115 1.3120
5550.0884 1.3125
5551.3682 1.3123
5552.6450 1.3118
5553.9258 1.3118
5555.2031 1.3116
5556.4844 1.3117
5557.7627 1.3115
5559.0410 1.3107
5560.3232 1.3100
5561.6021 1.3085
5562.8848 1.3075
5564.1646 1.3077
5565.4473 1.3081
5566.7280 1.3078
5568.0083 1.3070
5569.2925 1.3064
5570.5737 1.3061
5571.8579 1.3057
5573.1401 1.3051
5574.4253 1.3046
5575.7075 1.3049
5576.9932 1.3051
5578.2764 1.3050
5579.5596 1.3050
5580.8462 1.3050
5582.1299 1.3045
5583.4170 1.3026
5584.7017 1.3010
5585.9893 1.3001
5587.2744 1.2998
5588.5601 1.2999
5589.8486 1.3000
5591.1348 1.2997
5592.4238 1.3000
5593.7104 1.3003
5595.0005 1.3001
5596.2876 1.2993
5597.5747 1.2983
5598.8657 1.2979
5600.1538 1.2980
5601.4448 1.2975
5602.7334 1.2969
5604.0254 1.2969
5605.3149 1.2972
5606.6045 1.2972
5607.8970 1.2974
5609.1870 1.2977
5610.4805 1.2971
5611.7715 1.2956
5613.0654 1.2939
5614.3569 1.2931
5615.6484 1.2928
5616.9434 1.2925
5618.2354 1.2921
5619.5308 1.2926
5620.8237 1.2933
5622.1201 1.2927
5623.4131 1.2920
5624.7070 1.2913
5626.0039 1.2914
5627.2983 1.2914
5628.5957 1.2906
5629.8906 1.2900
5631.1890 1.2910
5632.4844 1.2909
5633.7803 1.2897
5635.0791 1.2884
5636.3755 1.2877
5637.6753 1.2872
5638.9722 1.2871
5640.2725 1.2866
5641.5703 1.2855
5642.8682 1.2846
5644.1694 1.2845
5645.4678 1.2849
5646.7695 1.2849
5648.0684 1.2849
5649.3711 1.2850
5650.6704 1.2843
5651.9707 1.2829
5653.2739 1.2819
5654.5742 1.2809
5655.8784 1.2799
5657.1797 1.2791
5658.4839 1.2787
5659.7856 1.2787
5661.0879 1.2794
5662.3931 1.2799
5663.6958 1.2791
5665.0020 1.2782
5666.3052 1.2777
5667.6118 1.2774
5668.9155 1.2773
5670.2197 1.2778
5671.5273 1.2781
5672.8320 1.2779
5674.1401 1.2772
5675.4453 1.2761
5676.7539 1.2743
5678.0601 1.2732
5679.3696 1.2733
5680.6758 1.2729
5681.9829 1.2721
5683.2930 1.2713
5684.6006 1.2708
5685.9111 1.2705
5687.2192 1.2703
5688.5308 1.2700
5689.8394 1.2695
5691.1484 1.2690
5692.4609 1.2689
5693.7705 1.2686
5695.0835 1.2679
5696.3936 1.2670
5697.7070 1.2663
5699.0176 1.2663
5700.3286 1.2664
5701.6431 1.2660
5702.9551 1.2648
5704.2700 1.2637
5705.5825 1.2632
5706.8979 1.2628
5708.2109 1.2623
5709.5239 1.2623
5710.8408 1.2616
5712.1543 1.2610
5713.4717 1.2607
5714.7861 1.2602
5716.1040 1.2594
5717.4189 1.2590
5718.7339 1.2591
5720.0527 1.2588
5721.3687 1.2581
5722.6880 1.2575
5724.0044 1.2566
5725.3242 1.2557
5726.6416 1.2553
5727.9590 1.2550
5729.2798 1.2545
5730.5977 1.2537
5731.9194 1.2537
5733.2378 1.2539
5734.5601 1.2537
5735.8794 1.2536
5737.1987 1.2535
5738.5215 1.2529
5739.8418 1.2519
5741.1655 1.2516
5742.4863 1.2509
5743.8105 1.2499
5745.1318 1.2490
5746.4536 1.2486
5747.7783 1.2482
5749.1006 1.2474
5750.4268 1.2468
5751.7495 1.2464
5753.0757 1.2462
5754.3994 1.2463
5755.7231 1.2458
5757.0503 1.2450
5758.3745 1.2449
5759.7026 1.2451
5761.0273 1.2449
5762.3560 1.2441
5763.6816 1.2431
5765.0078 1.2421
5766.3369 1.2417
5767.6636 1.2418
5768.9937 1.2413
5770.3208 1.2403
5771.6514 1.2404
5772.9790 1.2403
5774.3071 1.2390
5775.6387 1.2381
5776.9673 1.2375
5778.2993 1.2358
5779.6289 1.2345
5780.9614 1.2354
5782.2915 1.2362
5783.6250 1.2364
5784.9556 1.2361
5786.2861 1.2355
5787.6206 1.2346
5788.9521 1.2344
5790.2871 1.2345
5791.6191 1.2342
5792.9546 1.2339
5794.2871 1.2337
5795.6201 1.2329
5796.9565 1.2323
5798.2900 1.2322
5799.6274 1.2318
5800.9614 1.2316
5802.2993 1.2320
5803.6338 1.2324
5804.9692 1.2321
5806.3076 1.2321
5807.6436 1.2322
5808.9824 1.2322
5810.3188 1.2316
5811.6587 1.2306
5812.9956 1.2302
5814.3330 1.2298
5815.6738 1.2289
5817.0117 1.2284
5818.3530 1.2288
5819.6914 1.2284
5821.0337 1.2279
5822.3726 1.2274
5823.7119 1.2272
5825.0552 1.2269
5826.3950 1.2264
5827.7388 1.2258
5829.0791 1.2257
5830.4233 1.2258
5831.7646 1.2255
5833.1064 1.2247
5834.4517 1.2241
5835.7935 1.2238
5837.1396 1.2235
5838.4824 1.2235
5839.8286 1.2232
5841.1719 1.2226
5842.5156 1.2220
5843.8633 1.2216
5845.2075 1.2211
5846.5552 1.2207
5847.9004 1.2205
5849.2490 1.2203
5850.5942 1.2200
5851.9404 1.2196
5853.2896 1.2191
5854.6362 1.2182
5855.9863 1.2173
5857.3335 1.2168
5858.6841 1.2168
5860.0322 1.2163
5861.3799 1.2162
5862.7319 1.2163
5864.0806 1.2162
5865.4326 1.2159
5866.7822 1.2151
5868.1348 1.2144
5869.4849 1.2142
5870.8350 1.2132
5872.1890 1.2116
5873.5400 1.2094
5874.8940 1.2076
5876.2456 1.2080
5877.6006 1.2096
5878.9531 1.2102
5880.3052 1.2098
5881.6611 1.2092
5883.0146 1.2083
5884.3711 1.2069
5885.7246 1.2038
5887.0820 1.1985
5888.4365 1.1924
5889.7939 1.1912
5891.1489 1.1965
5892.5044 1.1988
5893.8633 1.1956
5895.2192 1.1933
5896.5786 1.1958
5897.9351 1.1998
5899.2949 1.2014
5900.6523 1.2027
5902.0098 1.2031
5903.3706 1.2030
5904.7285 1.2030
5906.0903 1.2027
5907.4487 1.2022
5908.8110 1.2019
5910.1704 1.2015
5911.5303 1.2011
5912.8931 1.2006
5914.2534 1.2000
5915.6172 1.1993
5916.9780 1.1984
5918.3428 1.1978
5919.7041 1.1985
5921.0659 1.1983
5922.4312 1.1978
5923.7939 1.1985
5925.1597 1.1994
5926.5229 1.1985
5927.8896 1.1972
5929.2534 1.1964
5930.6172 1.1958
5931.9849 1.1957
5933.3496 1.1961
5934.7178 1.1959
5936.0830 1.1953
5937.4517 1.1939
5938.8179 1.1921
5940.1841 1.1916
5941.5537 1.1924
5942.9204 1.1925
5944.2910 1.1916
5945.6587 1.1911
5947.0298 1.1906
5948.3975 1.1898
5949.7661 1.1899
5951.1382 1.1902
5952.5073 1.1891
5953.8799 1.1876
5955.2495 1.1861
5956.6226 1.1850
5957.9932 1.1854
5959.3638 1.1862
5960.7378 1.1867
5962.1094 1.1869
5963.4839 1.1869
5964.8560 1.1864
5966.2314 1.1854
5967.6040 1.1847
5968.9766 1.1850
5970.3530 1.1853
5971.7266 1.1851
5973.1035 1.1845
5974.4780 1.1828
5975.8555 1.1808
5977.2305 1.1794
5978.6055 1.1792
5979.9839 1.1801
5981.3599 1.1812
5982.7388 1.1813
5984.1152 1.1810
5985.4951 1.1808
5986.8721 1.1797
5988.2495 1.1784
5989.6304 1.1780
5991.0083 1.1784
5992.3896 1.1779
5993.7681 1.1781
5995.1504 1.1785
5996.5298 1.1780
5997.9126 1.1771
5999.2920 1.1772
6000.6724 1.1769
6002.0562 1.1760
6003.4370 1.1754
6004.8213 1.1757
6006.2026 1.1765
6007.5874 1.1767
6008.9697 1.1760
6010.3521 1.1747
6011.7378 1.1739
6013.1211 1.1739
6014.5078 1.1743
6015.8911 1.1746
6017.2783 1.1740
6018.6626 1.1733
6020.0474 1.1726
6021.4355 1.1721
6022.8208 1.1720
6024.2095 1.1720
6025.5957 1.1718
6026.9849 1.1719
6028.3716 1.1722
6029.7583 1.1722
6031.1489 1.1717
6032.5361 1.1719
6033.9272 1.1717
6035.3154 1.1708
6036.7070 1.1699
6038.0957 1.1695
6039.4849 1.1694
6040.8774 1.1690
6042.2671 1.1691
6043.6606 1.1690
6045.0508 1.1686
6046.4448 1.1679
6047.8359 1.1675
6049.2271 1.1675
6050.6221 1.1677
6052.0142 1.1673
6053.4097 1.1667
6054.8022 1.1663
6056.1982 1.1661
6057.5918 1.1664
6058.9854 1.1666
6060.3823 1.1664
6061.7764 1.1658
6063.1743 1.1654
6064.5693 1.1656
6065.9678 1.1657
6067.3633 1.1652
6068.7588 1.1647
6070.1582 1.1645
6071.5547 1.1642
6072.9551 1.1639
6074.3521 1.1637
6075.7529 1.1636
6077.1504 1.1633
6078.5483 1.1626
6079.9502 1.1620
6081.3491 1.1618
6082.7515 1.1614
6084.1504 1.1608
6085.5537 1.1605
6086.9536 1.1608
6088.3540 1.1611
6089.7578 1.1607
6091.1587 1.1602
6092.5635 1.1600
6093.9648 1.1600
6095.3701 1.1600
6096.7725 1.1592
6098.1782 1.1580
6099.5811 1.1576
6100.9844 1.1572
6102.3911 1.1569
6103.7949 1.1569
6105.2026 1.1573
6106.6069 1.1578
6108.0151 1.1577
6109.4204 1.1569
6110.8257 1.1561
6112.2349 1.1557
6113.6411 1.1554
6115.0508 1.1551
6116.4575 1.1549
6117.8682 1.1549
6119.2754 1.1548
6120.6831 1.1538
6122.0947 1.1527
6123.5029 1.1525
6124.9150 1.1530
6126.3242 1.1525
6127.7368 1.1520
6129.1465 1.1515
6130.5566 1.1510
6131.9702 1.1506
6133.3809 1.1505
6134.7954 1.1500
6136.2065 1.1490
6137.6216 1.1479
6139.0337 1.1477
6140.4458 1.1481
6141.8618 1.1478
6143.2749 1.1465
6144.6914 1.1448
6146.1050 1.1439
6147.5220 1.1438
6148.9365 1.1437
6150.3511 1.1438
6151.7690 1.1430
6153.1846 1.1408
6154.6035 1.1381
6156.0190 1.1361
6157.4390 1.1359
6158.8555 1.1372
6160.2720 1.1391
6161.6929 1.1413
6163.1104 1.1420
6164.5312 1.1417
6165.9497 1.1416
6167.3711 1.1413
6168.7900 1.1404
6170.2095 1.1399
6171.6323 1.1400
6173.0518 1.1401
6174.4756 1.1398
6175.8960 1.1388
6177.3198 1.1382
6178.7412 1.1381
6180.1626 1.1379
6181.5874 1.1378
6183.0098 1.1379
6184.4355 1.1376
6185.8579 1.1369
6187.2847 1.1363
6188.7080 1.1359
6190.1318 1.1358
6191.5591 1.1358
6192.9834 1.1347
6194.4116 1.1334
6195.8364 1.1330
6197.2651 1.1328
6198.6909 1.1325
6200.1172 1.1323
6201.5469 1.1323
6202.9731 1.1318
6204.4038 1.1314
6205.8311 1.1310
6207.2622 1.1301
6208.6899 1.1290
6210.1216 1.1289
6211.5503 1.1284
6212.9795 1.1275
6214.4121 1.1268
6215.8418 1.1262
6217.2749 1.1259
6218.7056 1.1258
6220.1392 1.1254
6221.5703 1.1245
6223.0015 1.1244
6224.4365 1.1241
6225.8687 1.1229
6227.3042 1.1223
6228.7368 1.1214
6230.1729 1.1211
6231.6064 1.1206
6233.0400 1.1197
6234.4771 1.1185
6235.9116 1.1173
6237.3496 1.1164
6238.7842 1.1162
6240.2231 1.1164
6241.6587 1.1165
6243.0942 1.1157
6244.5342 1.1136
6245.9707 1.1129
6247.4111 1.1127
6248.8481 1.1130
6250.2891 1.1141
6251.7271 1.1149
6253.1650 1.1145
6254.6069 1.1144
6256.0459 1.1142
6257.4888 1.1139
6258.9282 1.1134
6260.3716 1.1126
6261.8115 1.1124
6263.2520 1.1122
6264.6963 1.1114
6266.1377 1.1103
6267.5825 1.1089
6269.0244 1.1080
6270.4702 1.1080
6271.9126 1.1079
6273.3555 1.1066
6274.8022 1.0986
6276.2456 1.0891
6277.6929 1.0873
6279.1372 1.0925
6280.5850 1.0962
6282.0298 1.0987
6283.4751 1.1009
6284.9238 1.1023
6286.3696 1.1018
6287.8193 1.1003
6289.2661 1.0993
6290.7163 1.0983
6292.1636 1.0977
6293.6108 1.0974
6295.0620 1.0972
6296.5103 1.0973
6297.9624 1.0970
6299.4111 1.0973
6300.8638 1.0966
6302.3135 1.0958
6303.7632 1.0965
6305.2168 1.0963
6306.6675 1.0973
6308.1216 1.0965
6309.5728 1.0959
6311.0278 1.0961
6312.4795 1.0956
6313.9316 1.0948
6315.3877 1.0951
6316.8403 1.0949
6318.2974 1.0944
6319.7510 1.0947
6321.2080 1.0954
6322.6621 1.0947
6324.1201 1.0946
6325.5752 1.0949
6327.0303 1.0949
6328.4893 1.0945
6329.9453 1.0940
6331.4048 1.0935
6332.8613 1.0927
6334.3218 1.0927
6335.7788 1.0928
6337.2363 1.0924
6338.6978 1.0920
6340.1558 1.0919
6341.6182 1.0899
6343.0767 1.0864
6344.5396 1.0830
6345.9990 1.0812
6347.4590 1.0818
6348.9229 1.0846
6350.3833 1.0875
6351.8477 1.0888
6353.3091 1.0889
6354.7739 1.0886
6356.2358 1.0884
6357.6982 1.0879
6359.1641 1.0882
6360.6270 1.0880
6362.0938 1.0876
6363.5576 1.0874
6365.0249 1.0869
6366.4893 1.0849
6367.9536 1.0826
6369.4224 1.0807
6370.8877 1.0801
6372.3564 1.0812
6373.8228 1.0835
6375.2925 1.0855
6376.7588 1.0858
6378.2261 1.0846
6379.6968 1.0837
6381.1646 1.0834
6382.6357 1.0830
6384.1040 1.0826
6385.5762 1.0828
6387.0454 1.0827
6388.5146 1.0826
6389.9878 1.0827
6391.4580 1.0825
6392.9316 1.0816
6394.4023 1.0814
6395.8770 1.0812
6397.3481 1.0805
6398.8198 1.0797
6400.2954 1.0791
6401.7681 1.0787
6403.2441 1.0787
6404.7173 1.0790
6406.1943 1.0788
6407.6680 1.0787
6409.1421 1.0792
6410.6196 1.0788
6412.0947 1.0777
6413.5732 1.0769
6415.0488 1.0760
6416.5278 1.0754
6418.0039 1.0756
6419.4805 1.0758
6420.9609 1.0760
6422.4380 1.0765
6423.9189 1.0766
6425.3970 1.0759
6426.8784 1.0750
6428.3569 1.0745
6429.8359 1.0738
6431.3184 1.0734
6432.7979 1.0733
6434.2812 1.0731
6435.7617 1.0726
6437.2456 1.0724
6438.7266 1.0715
6440.2114 1.0711
6441.6929 1.0710
6443.1748 1.0712
6444.6606 1.0712
6446.1431 1.0707
6447.6294 1.0702
6449.1128 1.0691
6450.6001 1.0676
6452.0840 1.0656
6453.5684 1.0636
6455.0566 1.0624
6456.5415 1.0623
6458.0303 1.0631
6459.5161 1.0649
6461.0054 1.0663
6462.4917 1.0662
6463.9785 1.0661
6465.4692 1.0660
6466.9565 1.0662
6468.4478 1.0661
6469.9360 1.0658
6471.4277 1.0655
6472.9165 1.0638
6474.4058 1.0628
6475.8984 1.0630
6477.3882 1.0630
6478.8818 1.0624
6480.3726 1.0619
6481.8667 1.0607
6483.3579 1.0608
6484.8496 1.0617
6486.3447 1.0618
6487.8369 1.0610
6489.3330 1.0598
6490.8262 1.0581
6492.3228 1.0567
6493.8164 1.0560
6495.3101 1.0555
6496.8081 1.0554
6498.3027 1.0556
6499.8013 1.0557
6501.2964 1.0563
6502.7954 1.0566
6504.2915 1.0562
6505.7876 1.0552
6507.2881 1.0542
6508.7852 1.0538
6510.2861 1.0532
6511.7837 1.0521
6513.2852 1.0509
6514.7837 1.0498
6516.2822 1.0493
6517.7852 1.0494
6519.2842 1.0502
6520.7876 1.0504
6522.2876 1.0501
6523.7920 1.0496
6525.2925 1.0489
6526.7939 1.0484
6528.2988 1.0475
6529.8008 1.0464
6531.3062 1.0452
6532.8091 1.0439
6534.3154 1.0425
6535.8184 1.0413
6537.3223 1.0397
6538.8296 1.0376
6540.3340 1.0348
6541.8423 1.0314
6543.3472 1.0280
6544.8560 1.0251
6546.3613 1.0213
6547.8677 1.0171
6549.3774 1.0117
6550.8843 1.0043
6552.3945 0.9951
6553.9019 0.9855
6555.4136 0.9747
6556.9214 0.9664
6558.4336 0.9618
6559.9424 0.9545
6561.4512 0.9448
6562.9644 0.9492
6564.4741 0.9587
6565.9878 0.9638
6567.4985 0.9689
6569.0127 0.9775
6570.5239 0.9874
6572.0356 0.9960
6573.5513 1.0034
6575.0635 1.0096
6576.5796 1.0143
6578.0923 1.0179
6579.6094 1.0211
6581.1230 1.0238
6582.6372 1.0257
6584.1548 1.0272
6585.6694 1.0283
6587.1885 1.0289
6588.7036 1.0292
6590.2231 1.0299
6591.7393 1.0307
6593.2554 1.0317
6594.7759 1.0319
6596.2930 1.0315
6597.8140 1.0316
6599.3320 1.0318
6600.8535 1.0316
6602.3721 1.0313
6603.8911 1.0308
6605.4141 1.0306
6606.9336 1.0307
6608.4570 1.0304
6609.9771 1.0299
6611.5015 1.0293
6613.0225 1.0290
6614.5439 1.0290
6616.0693 1.0289
6617.5913 1.0284
6619.1172 1.0276
6620.6396 1.0274
6622.1665 1.0274
6623.6899 1.0272
6625.2139 1.0265
6626.7417 1.0258
6628.2661 1.0251
6629.7944 1.0249
6631.3198 1.0250
6632.8486 1.0249
6634.3745 1.0245
6635.9009 1.0242
6637.4312 1.0234
6638.9580 1.0227
6640.4888 1.0224
6642.0166 1.0223
6643.5483 1.0217
6645.0767 1.0205
6646.6055 1.0197
6648.1382 1.0199
6649.6675 1.0199
6651.2007 1.0194
6652.7310 1.0189
6654.2651 1.0185
6655.7959 1.0175
6657.3271 1.0169
6658.8623 1.0165
6660.3940 1.0161
6661.9297 1.0158
6663.4624 1.0153
6664.9990 1.0147
6666.5322 1.0143
6668.0659 1.0137
6669.6035 1.0129
6671.1377 1.0124
6672.6763 1.0120
6674.2114 1.0109
6675.7505 1.0094
6677.2861 1.0084
6678.8257 1.0083
6680.3623 1.0084
6681.8989 1.0076
6683.4399 1.0075
6684.9775 1.0075
6686.5190 1.0069
6688.0571 1.0064
6689.5996 1.0066
6691.1382 1.0061
6692.6777 1.0056
6694.2212 1.0049
6695.7607 1.0042
6697.3052 1.0036
6698.8457 1.0030
6700.3906 1.0026
6701.9316 1.0022
6703.4736 1.0022
6705.0195 1.0017
6706.5620 1.0011
6708.1084 1.0007
6709.6519 0.9999
6711.1987 0.9992
6712.7427 0.9983
6714.2871 0.9973
6715.8354 0.9964
6717.3804 0.9959
6718.9292 0.9956
6720.4751 0.9957
6722.0249 0.9954
6723.5713 0.9951
6725.1177 0.9944
6726.6685 0.9934
6728.2163 0.9933
6729.7676 0.9931
6731.3159 0.9925
6732.8682 0.9915
6734.4170 0.9908
6735.9663 0.9907
6737.5195 0.9906
6739.0693 0.9903
6740.6235 0.9900
6742.1743 0.9896
6743.7290 0.9890
6745.2803 0.9886
6746.8320 0.9884
6748.3877 0.9880
6749.9404 0.9878
6751.4966 0.9875
6753.0498 0.9870
6754.6069 0.9866
6756.1611 0.9860
6757.7153 0.9854
6759.2734 0.9851
6760.8286 0.9850
6762.3877 0.9849
6763.9434 0.9847
6765.5029 0.9844
6767.0596 0.9840
6768.6162 0.9837
6770.1772 0.9835
6771.7344 0.9832
6773.2959 0.9828
6774.8540 0.9824
6776.4165 0.9821
6777.9756 0.9817
6779.5347 0.9813
6781.0981 0.9809
6782.6582 0.9805
6784.2222 0.9800
6785.7827 0.9797
6787.3477 0.9793
6788.9092 0.9790
6790.4707 0.9786
6792.0366 0.9782
6793.5991 0.9778
6795.1655 0.9773
6796.7290 0.9769
6798.2964 0.9765
6799.8604 0.9761
6801.4282 0.9757
6802.9927 0.9753
6804.5581 0.9748
6806.1270 0.9744
6807.6929 0.9740
6809.2627 0.9736
6810.8291 0.9731
6812.3994 0.9727
6813.9668 0.9722
6815.5342 0.9718
6817.1060 0.9714
6818.6743 0.9709
6820.2466 0.9705
6821.8154 0.9700
6823.3887 0.9696
6824.9585 0.9692
6826.5283 0.9687
6828.1025 0.9683
6829.6733 0.9679
6831.2485 0.9676
6832.8198 0.9672
6834.3955 0.9668
6835.9678 0.9664
6837.5405 0.9660
6839.1172 0.9656
6840.6904 0.9652
6842.2681 0.9648
6843.8418 0.9644
6845.4199 0.9640
6846.9946 0.9637
6848.5698 0.9633
6850.1494 0.9629
6851.7251 0.9625
6853.3052 0.9621
6854.8818 0.9617
6856.4624 0.9612
6858.0396 0.9609
6859.6177 0.9605
6861.1992 0.9601
6862.7778 0.9597
6864.3604 0.9594
6865.9395 0.9590
6867.5225 0.9586
6869.1025 0.9581
6870.6826 0.9577
6872.2671 0.9574
6873.8481 0.9570
6875.4331 0.9567
6877.0146 0.9563
6878.6006 0.9559
6880.1831 0.9555
6881.7656 0.9551
6883.3525 0.9547
6884.9360 0.9544
6886.5239 0.9540
6888.1079 0.9537
6889.6963 0.9533
6891.2812 0.9529
6892.8667 0.9526
6894.4561 0.9522
6896.0425 0.9518
6897.6323 0.9515
6899.2192 0.9511
6900.8105 0.9507
6902.3979 0.9503
6903.9858 0.9498
6905.5776 0.9494
6907.1665 0.9491
6908.7593 0.9488
6910.3486 0.9484
6911.9419 0.9481
6913.5322 0.9477
6915.1226 0.9473
6916.7173 0.9470
6918.3081 0.9466
6919.9038 0.9461
6921.4956 0.9457
6923.0918 0.9455
6924.6846 0.9452
6926.2812 0.9447
6927.8745 0.9444
6929.4683 0.9440
6931.0664 0.9437
6932.6606 0.9433
6934.2593 0.9430
6935.8545 0.9426
6937.4541 0.9422
6939.0498 0.9418
6940.6460 0.9414
6942.2466 0.9411
6943.8438 0.9407
6945.4448 0.9403
6947.0430 0.9399
6948.6445 0.9394
6950.2432 0.9390
6951.8423 0.9385
6953.4453 0.9380
6955.0449 0.9375
6956.6489 0.9371
6958.2490 0.9367
6959.8535 0.9364
6961.4546 0.9358
6963.0562 0.9350
6964.6621 0.9345
6966.2642 0.9346
6967.8706 0.9342
6969.4736 0.9333
6971.0806 0.9326
6972.6841 0.9327
6974.2886 0.9323
6975.8965 0.9314
6977.5015 0.9309
6979.1104 0.9305
6980.7158 0.9300
6982.3257 0.9300
6983.9321 0.9303
6985.5386 0.9299
6987.1494 0.9295
6988.7568 0.9293
6990.3687 0.9289
6991.9766 0.9281
6993.5889 0.9278
6995.1978 0.9281
6996.8071 0.9279
6998.4204 0.9273
7000.0303 0.9265
7001.6445 0.9260
7003.2554 0.9261
7004.8701 0.9263
7006.4819 0.9257
7008.0938 0.9253
7009.7095 0.9249
7011.3223 0.9239
7012.9390 0.9233
7014.5522 0.9230
7016.1699 0.9229
7017.7837 0.9229
7019.3984 0.9229
7021.0171 0.9229
7022.6323 0.9223
7024.2515 0.9217
7025.8677 0.9213
7027.4878 0.9208
7029.1045 0.9202
7030.7212 0.9198
7032.3428 0.9191
7033.9604 0.9187
7035.5825 0.9188
7037.2007 0.9189
7038.8237 0.9185
7040.4429 0.9178
7042.0664 0.9178
7043.6865 0.9178
7045.3066 0.9174
7046.9316 0.9169
7048.5527 0.9167
7050.1782 0.9167
7051.7998 0.9164
7053.4263 0.9158
7055.0488 0.9150
7056.6719 0.9140
7058.2988 0.9128
7059.9229 0.9116
7061.5508 0.9110
7063.1753 0.9096
7064.8037 0.9089
7066.4292 0.9104
7068.0547 0.9124
7069.6846 0.9124
7071.3110 0.9108
7072.9419 0.9104
7074.5688 0.9100
7076.2002 0.9081
7077.8281 0.9063
7079.4561 0.9076
7081.0889 0.9102
7082.7178 0.9105
7084.3511 0.9097
7085.9810 0.9079
7087.6147 0.9066
7089.2451 0.9072
7090.8760 0.9077
7092.5112 0.9071
7094.1431 0.9064
7095.7788 0.9058
7097.4111 0.9053
7099.0479 0.9048
7100.6812 0.9048
7102.3145 0.9044
7103.9521 0.9036
7105.5864 0.9031
7107.2251 0.9028
7108.8599 0.9023
7110.4995 0.9021
7112.1353 0.9020
7113.7715 0.9016
7115.4116 0.9010
7117.0483 0.9004
7118.6899 0.9001
7120.3271 0.9005
7121.9692 0.9004
7123.6079 0.9002
7125.2466 0.8997
7126.8896 0.8990
7128.5293 0.8983
7130.1729 0.8980
7131.8130 0.8977
7133.4580 0.8973
7135.0986 0.8969
7136.7402 0.8966
7138.3857 0.8962
7140.0283 0.8958
7141.6748 0.8953
7143.3174 0.8949
7144.9648 0.8945
7146.6084 0.8941
7148.2524 0.8938
7149.9009 0.8934
7151.5459 0.8931
7153.1948 0.8926
7154.8403 0.8921
7156.4902 0.8917
7158.1367 0.8915
7159.7832 0.8911
7161.4346 0.8908
7163.0820 0.8904
7164.7339 0.8900
7166.3818 0.8897
7168.0347 0.8894
7169.6836 0.8890
7171.3369 0.8886
7172.9863 0.8883
7174.6367 0.8879
7176.2910 0.8875
7177.9419 0.8871
7179.5972 0.8867
7181.2490 0.8864
7182.9048 0.8861
7184.5571 0.8857
7186.2100 0.8853
7187.8672 0.8848
7189.5210 0.8836
7191.1787 0.8822
7192.8330 0.8811
7194.4917 0.8803
7196.1465 0.8797
7197.8022 0.8792
7199.4619 0.8786
7201.1182 0.8781
7202.7788 0.8777
7204.4355 0.8772
7206.0972 0.8767
7207.7549 0.8762
7209.4131 0.8757
7211.0757 0.8753
7212.7344 0.8748
7214.3975 0.8744
7216.0571 0.8739
7217.7212 0.8735
7219.3818 0.8731
7221.0425 0.8726
7222.7075 0.8722
7224.3691 0.8718
7226.0352 0.8715
7227.6973 0.8711
7229.3643 0.8707
7231.0273 0.8702
7232.6909 0.8698
7234.3584 0.8694
7236.0229 0.8690
7237.6914 0.8686
7239.3564 0.8682
7241.0259 0.8678
7242.6919 0.8674
7244.3579 0.8669
7246.0283 0.8665
7247.6953 0.8661
7249.3667 0.8656
7251.0342 0.8651
7252.7065 0.8646
7254.3750 0.8642
7256.0439 0.8639
7257.7168 0.8635
7259.3867 0.8630
7261.0605 0.8626
7262.7310 0.8622
7264.4058 0.8617
7266.0771 0.8613
7267.7485 0.8610
7269.4243 0.8606
7271.0967 0.8602
7272.7734 0.8597
7274.4463 0.8593
7276.1240 0.8589
7277.7979 0.8586
7279.4722 0.8582
7281.1509 0.8578
7282.8257 0.8573
7284.5054 0.8568
7286.1812 0.8563
7287.8613 0.8559
7289.5376 0.8555
7291.2148 0.8551
7292.8960 0.8547
7294.5737 0.8542
7296.2559 0.8537
7297.9341 0.8532
7299.6172 0.8527
7301.2964 0.8521
7302.9800 0.8515
7304.6602 0.8508
7306.3408 0.8499
7308.0254 0.8489
7309.7065 0.8477
7311.3921 0.8471
7313.0742 0.8466
7314.7607 0.8462
7316.4434 0.8458
7318.1265 0.8454
7319.8140 0.8449
7321.4980 0.8446
7323.1860 0.8442
7324.8711 0.8437
7326.5601 0.8433
7328.2456 0.8429
7329.9312 0.8425
7331.6216 0.8421
7333.3081 0.8417
7334.9995 0.8413
7336.6865 0.8410
7338.3784 0.8406
7340.0669 0.8402
7341.7554 0.8398
7343.4482 0.8395
7345.1377 0.8391
7346.8315 0.8387
7348.5215 0.8384
7350.2163 0.8380
7351.9067 0.8377
7353.5981 0.8374
7355.2939 0.8371
7356.9858 0.8368
7358.6826 0.8364
7360.3755 0.8361
7362.0728 0.8358
7363.7661 0.8353
7365.4604 0.8348
7367.1587 0.8345
7368.8535 0.8342
7370.5527 0.8337
7372.2485 0.8334
7373.9487 0.8331
7375.6450 0.8330
7377.3418 0.8328
7379.0430 0.8322
7380.7402 0.8316
7382.4424 0.8314
7384.1406 0.8310
7385.8433 0.8305
7387.5425 0.8301
7389.2422 0.8299
7390.9458 0.8296
7392.6465 0.8294
7394.3511 0.8290
7396.0522 0.8286
7397.7573 0.8282
7399.4595 0.8275
7401.1616 0.8269
7402.8682 0.8262
7404.5713 0.8254
7406.2788 0.8252
7407.9824 0.8248
7409.6909 0.8234
7411.3955 0.8236
7413.1006 0.8238
7414.8101 0.8234
7416.5156 0.8234
7418.2261 0.8233
7419.9326 0.8222
7421.6436 0.8219
7423.3506 0.8208
7425.0586 0.8206
7426.7705 0.8212
7428.4795 0.8214
7430.1924 0.8210
7431.9014 0.8210
7433.6152 0.8205
7435.3257 0.8202
7437.0400 0.8200
7438.7510 0.8194
7440.4624 0.8186
7442.1777 0.8188
7443.8901 0.8187
7445.6064 0.8188
7447.3193 0.8185
7449.0366 0.8177
7450.7505 0.8170
7452.4644 0.8175
7454.1831 0.8173
7455.8979 0.8168
7457.6172 0.8166
7459.3325 0.8161
7461.0527 0.8151
7462.7690 0.8144
7464.4858 0.8136
7466.2070 0.8127
7467.9248 0.8127
7469.6470 0.8132
7471.3652 0.8131
7473.0884 0.8129
7474.8076 0.8122
7476.5269 0.8117
7478.2510 0.8117
7479.9712 0.8118
7481.6963 0.8115
7483.4175 0.8115
7485.1431 0.8116
7486.8652 0.8108
7488.5874 0.8100
7490.3145 0.8097
7492.0371 0.8094
7493.7651 0.8089
7495.4888 0.8085
7497.2173 0.8082
7498.9419 0.8081
7500.6670 0.8079
7502.3970 0.8074
7504.1226 0.8071
7505.8530 0.8064
7507.5801 0.8058
7509.3110 0.8055
7511.0386 0.8052
7512.7666 0.8045
7514.4990 0.8044
7516.2275 0.8043
7517.9609 0.8042
7519.6904 0.8040
7521.4243 0.8036
7523.1548 0.8030
7524.8853 0.8027
7526.6206 0.8025
7528.3521 0.8021
7530.0884 0.8017
7531.8203 0.8014
7533.5571 0.8011
7535.2905 0.8006
7537.0239 0.8003
7538.7617 0.8002
7540.4961 0.7998
7542.2349 0.7993
7543.9702 0.7989
7545.7095 0.7987
7547.4453 0.7984
7549.1816 0.7981
7550.9229 0.7977
7552.6597 0.7975
7554.4014 0.7972
7556.1392 0.7969
7557.8818 0.7966
7559.6201 0.7961
7561.3594 0.7954
7563.1030 0.7947
7564.8428 0.7941
7566.5874 0.7936
7568.3281 0.7931
7570.0732 0.7926
7571.8149 0.7922
7573.5610 0.7917
7575.3032 0.7913
7577.0459 0.7908
7578.7930 0.7904
7580.5366 0.7900
7582.2847 0.7896
7584.0288 0.7892
7585.7778 0.7889
7587.5229 0.7885
7589.2686 0.7881
7591.0186 0.7877
7592.7646 0.7874
7594.5156 0.7870
7596.2627 0.7867
7598.0142 0.7863
7599.7622 0.7859
7601.5107 0.7855
7603.2637 0.7852
7605.0127 0.7848
7606.7661 0.7844
7608.5161 0.7839
7610.2710 0.7834
7612.0215 0.7829
7613.7725 0.7825
7615.5283 0.7820
7617.2803 0.7815
7619.0366 0.7811
7620.7896 0.7807
7622.5469 0.7804
7624.3003 0.7801
7626.0542 0.7797
7627.8130 0.7794
7629.5679 0.7790
7631.3271 0.7787
7633.0825 0.7783
7634.8428 0.7779
7636.5991 0.7776
7638.3560 0.7772
7640.1172 0.7769
7641.8750 0.7765
7643.6372 0.7761
7645.3955 0.7758
7647.1587 0.7754
7648.9180 0.7750
7650.6772 0.7747
7652.4419 0.7743
7654.2021 0.7739
7655.9673 0.7735
7657.7285 0.7732
7659.4941 0.7728
7661.2563 0.7724
7663.0186 0.7721
7664.7856 0.7717
7666.5493 0.7714
7668.3169 0.7710
7670.0811 0.7706
7671.8496 0.7703
7673.6147 0.7699
7675.3799 0.7695
7677.1499 0.7691
7678.9160 0.7687
7680.6870 0.7684
7682.4536 0.7680
7684.2251 0.7676
7685.9932 0.7672
7687.7612 0.7668
7689.5342 0.7664
7691.3027 0.7661
7693.0767 0.7657
7694.8462 0.7653
7696.6206 0.7649
7698.3911 0.7645
7700.1621 0.7641
7701.9380 0.7637
7703.7100 0.7633
7705.4863 0.7630
7707.2588 0.7626
7709.0361 0.7621
7710.8096 0.7616
7712.5879 0.7614
7714.3618 0.7612
7716.1367 0.7608
7717.9160 0.7604
7719.6914 0.7600
7721.4717 0.7597
7723.2480 0.7592
7725.0288 0.7588
7726.8062 0.7585
7728.5835 0.7581
7730.3657 0.7577
7732.1440 0.7574
7733.9272 0.7571
7735.7065 0.7568
7737.4902 0.7565
7739.2700 0.7560
7741.0508 0.7556
7742.8354 0.7554
7744.6167 0.7550
7746.4028 0.7546
7748.1851 0.7542
7749.9717 0.7539
7751.7544 0.7537
7753.5376 0.7534
7755.3257 0.7528
7757.1099 0.7523
7758.8984 0.7519
7760.6836 0.7515
7762.4731 0.7512
7764.2588 0.7507
7766.0449 0.7491
7767.8359 0.7461
7769.6226 0.7418
7771.4146 0.7379
7773.2021 0.7366
7774.9946 0.7388
7776.7832 0.7431
7778.5723 0.7458
7780.3662 0.7469
7782.1558 0.7471
7783.9507 0.7470
7785.7412 0.7466
7787.5366 0.7459
7789.3281 0.7459
7791.1201 0.7457
7792.9165 0.7449
7794.7095 0.7445
7796.5068 0.7444
7798.3003 0.7437
7800.0986 0.7432
7801.8931 0.7429
7803.6880 0.7425
7805.4873 0.7425
7807.2832 0.7424
7809.0835 0.7416
7810.8799 0.7417
7812.6812 0.7414
7814.4785 0.7410
7816.2759 0.7409
7818.0786 0.7410
7819.8770 0.7404
7821.6802 0.7392
7823.4795 0.7390
7825.2837 0.7382
7827.0840 0.7372
7828.8843 0.7367
7830.6899 0.7363
7832.4912 0.7355
7834.2974 0.7345
7836.0996 0.7346
7837.9067 0.7347
7839.7100 0.7347
7841.5132 0.7352
7843.3213 0.7350
7845.1260 0.7340
7846.9351 0.7332
7848.7402 0.7327
7850.5498 0.7324
7852.3560 0.7318
7854.1665 0.7307
7855.9736 0.7304
7857.7808 0.7299
7859.5928 0.7291
7861.4009 0.7285
7863.2139 0.7278
7865.0225 0.7265
7866.8364 0.7275
7868.6460 0.7272
7870.4561 0.7264
7872.2710 0.7261
7874.0820 0.7246
7875.8979 0.7225
7877.7100 0.7236
7879.5264 0.7240
7881.3389 0.7251
7883.1519 0.7258
7884.9697 0.7230
7886.7837 0.7217
7888.6025 0.7208
7890.4175 0.7184
7892.2368 0.7150
7894.0522 0.7127
7895.8687 0.7138
7897.6890 0.7187
7899.5059 0.7169
7901.3276 0.7154
7903.1455 0.7186
7904.9678 0.7216
7906.7861 0.7178
7908.6055 0.7143
7910.4292 0.7165
7912.2485 0.7190
7914.0732 0.7176
7915.8940 0.7151
7917.7192 0.7153
7919.5405 0.7136
7921.3628 0.7147
7923.1895 0.7152
7925.0122 0.7148
7926.8394 0.7130
7928.6631 0.7106
7930.4912 0.7144
7932.3159 0.7164
7934.1406 0.7170
7935.9702 0.7165
7937.7959 0.7154
7939.6265 0.7144
7941.4526 0.7130
7943.2842 0.7131
7945.1113 0.7120
7946.9390 0.7105
7948.7720 0.7098
7950.6006 0.7099
7952.4336 0.7101
7954.2632 0.7103
7956.0977 0.7092
7957.9277 0.7066
7959.7583 0.7039
7961.5938 0.7032
7963.4253 0.7054
7965.2617 0.7082
7967.0942 0.7072
7968.9316 0.7058
7970.7646 0.7057
7972.5981 0.7056
7974.4370 0.7062
7976.2715 0.7068
7978.1108 0.7059
7979.9458 0.7051
7981.7861 0.7046
7983.6226 0.7034
7985.4590 0.7043
7987.3003 0.7059
7989.1377 0.7062
7990.9800 0.7054
7992.8184 0.7046
7994.6616 0.7036
7996.5005 0.7006
7998.3447 0.6970
8000.1846 0.6970
8002.0249 0.6996
8003.8706 0.6998
8005.7114 0.6954
8007.5576 0.6958
8009.3999 0.6995
8011.2471 0.6972
8013.0898 0.6959
8014.9331 0.6986
8016.7812 0.6992
8018.6255 0.6979
8020.4746 0.6953
8022.3198 0.6931
8024.1699 0.6928
8026.0156 0.6927
8027.8623 0.6915
8029.7134 0.6944
8031.5605 0.6949
8033.4126 0.6933
8035.2607 0.6929
8037.1138 0.6942
8038.9624 0.6945
8040.8120 0.6924
8042.6660 0.6891
8044.5161 0.6890
8046.3711 0.6909
8048.2222 0.6920
8050.0781 0.6917
8051.9302 0.6916
8053.7827 0.6917
8055.6396 0.6918
8057.4927 0.6911
8059.3511 0.6902
8061.2051 0.6899
8063.0640 0.6889
8064.9189 0.6886
8066.7739 0.6883
8068.6343 0.6874
8070.4902 0.6868
8072.3516 0.6875
8074.2085 0.6871
8076.0703 0.6866
8077.9282 0.6859
8079.7866 0.6857
8081.6499 0.6853
8083.5088 0.6841
8085.3730 0.6837
8087.2329 0.6838
8089.0981 0.6835
8090.9590 0.6830
8092.8203 0.6827
8094.6865 0.6823
8096.5483 0.6820
8098.4155 0.6817
8100.2788 0.6814
8102.1465 0.6810
8104.0103 0.6807
8105.8745 0.6803
8107.7441 0.6800
8109.6089 0.6796
8111.4790 0.6793
8113.3452 0.6789
8115.2163 0.6785
8117.0830 0.6782
8118.9502 0.6779
8120.8228 0.6775
8122.6909 0.6772
8124.5640 0.6769
8126.4326 0.6765
8128.3066 0.6762
8130.1768 0.6758
8132.0513 0.6755
8133.9224 0.6751
8135.7935 0.6748
8137.6694 0.6744
8139.5415 0.6741
8141.4185 0.6737
8143.2915 0.6734
8145.1694 0.6730
8147.0430 0.6727
8148.9175 0.6723
8150.7964 0.6720
8152.6714 0.6716
8154.5513 0.6712
8156.4272 0.6709
8158.3081 0.6705
8160.1851 0.6702
8162.0625 0.6699
8163.9443 0.6696
8165.8228 0.6692
8167.7056 0.6690
8169.5845 0.6686
8171.4683 0.6683
8173.3481 0.6680
8175.2285 0.6677
8177.1138 0.6673
8178.9951 0.6670
8180.8809 0.6666
8182.7632 0.6662
8184.6499 0.6659
8186.5327 0.6656
8188.4160 0.6654
8190.3042 0.6651
8192.1885 0.6648
8194.0771 0.6644
8195.9629 0.6641
8197.8525 0.6637
8199.7383 0.6632
8201.6250 0.6629
8203.5156 0.6628
8205.4033 0.6626
8207.2959 0.6622
8209.1836 0.6619
8211.0762 0.6614
8212.9658 0.6607
8214.8545 0.6604
8216.7490 0.6603
8218.6396 0.6601
8220.5342 0.6595
8222.4258 0.6593
8224.3223 0.6591
8226.2139 0.6587
8228.1064 0.6583
8230.0039 0.6580
8231.8965 0.6573
8233.7949 0.6567
8235.6895 0.6568
8237.5889 0.6567
8239.4834 0.6563
8241.3789 0.6558
8243.2793 0.6555
8245.1758 0.6552
8247.0771 0.6546
8248.9746 0.6542
8250.8770 0.6541
8252.7744 0.6537
8254.6729 0.6534
8256.5771 0.6529
8258.4766 0.6525
8260.3809 0.6522
8262.2812 0.6516
8264.1865 0.6510
8266.0869 0.6508
8267.9893 0.6505
8269.8955 0.6501
8271.7979 0.6499
8273.7051 0.6495
8275.6084 0.6491
8277.5166 0.6489
8279.4209 0.6487
8281.3301 0.6483
8283.2354 0.6480
8285.1416 0.6479
8287.0518 0.6474
8288.9580 0.6471
8290.8691 0.6469
8292.7773 0.6468
8294.6895 0.6465
8296.5977 0.6462
8298.5059 0.6462
8300.4199 0.6458
8302.3291 0.6452
8304.2432 0.6451
8306.1543 0.6451
8308.0693 0.6446
8309.9805 0.6439
8311.8926 0.6439
8313.8086 0.6437
8315.7217 0.6436
8317.6396 0.6434
8319.5527 0.6429
8321.4707 0.6427
8323.3857 0.6427
8325.2998 0.6427
8327.2197 0.6430
8329.1357 0.6427
8331.0566 0.6420
8332.9727 0.6420
8334.8945 0.6416
8336.8115 0.6410
8338.7295 0.6410
8340.6523 0.6407
8342.5713 0.6400
8344.4951 0.6395
8346.4150 0.6389
8348.3398 0.6390
8350.2598 0.6390
8352.1807 0.6385
8354.1074 0.6378
8356.0293 0.6375
8357.9561 0.6377
8359.8789 0.6380
8361.8066 0.6381
8363.7295 0.6379
8365.6543 0.6374
8367.5830 0.6367
8369.5078 0.6361
8371.4375 0.6358
8373.3643 0.6357
8375.2949 0.6357
8377.2217 0.6360
8379.1484 0.6367
8381.0811 0.6361
8383.0088 0.6357
8384.9424 0.6353
8386.8711 0.6344
8388.8047 0.6332
8390.7344 0.6323
8392.6650 0.6322
8394.6006 0.6328
8396.5312 0.6338
8398.4678 0.6346
8400.3994 0.6344
8402.3369 0.6331
8404.2695 0.6319
8406.2031 0.6299
8408.1416 0.6288
8410.0762 0.6287
8412.0156 0.6283
8413.9502 0.6277
8415.8906 0.6290
8417.8271 0.6307
8419.7637 0.6321
8421.7051 0.6330
8423.6426 0.6332
8425.5850 0.6328
8427.5234 0.6317
8429.4668 0.6296
8431.4053 0.6273
8433.3496 0.6248
8435.2900 0.6231
8437.2305 0.6232
8439.1758 0.6231
8441.1172 0.6221
8443.0645 0.6215
8445.0059 0.6220
8446.9541 0.6239
8448.8965 0.6273
8450.8408 0.6300
8452.7891 0.6310
8454.7344 0.6303
8456.6836 0.6280
8458.6289 0.6247
8460.5791 0.6216
8462.5254 0.6180
8464.4727 0.6154
8466.4248 0.6149
8468.3721 0.6163
8470.3252 0.6190
8472.2734 0.6226
8474.2275 0.6255
8476.1768 0.6276
8478.1270 0.6293
8480.0820 0.6302
8482.0322 0.6306
8483.9883 0.6308
8485.9404 0.6294
8487.8975 0.6279
8489.8496 0.6255
8491.8027 0.6219
8493.7607 0.6169
8495.7148 0.6113
8497.6738 0.6065
8499.6289 0.6042
8501.5889 0.6042
8503.5449 0.6061
8505.5010 0.6097
8507.4619 0.6144
8509.4199 0.6180
8511.3818 0.6214
8513.3398 0.6245
8515.3027 0.6262
8517.2617 0.6266
8519.2217 0.6274
8521.1855 0.6281
8523.1465 0.6280
8525.1113 0.6271
8527.0723 0.6254
8529.0391 0.6232
8531.0010 0.6204
8532.9639 0.6174
8534.9316 0.6130
8536.8945 0.6071
8538.8633 0.6000
8540.8281 0.5940
8542.7969 0.5914
8544.7627 0.5917
8546.7285 0.5948
8548.6992 0.5995
8550.6660 0.6045
8552.6377 0.6089
8554.6045 0.6127
8556.5771 0.6164
8558.5459 0.6190
8560.5146 0.6207
8562.4893 0.6219
8564.4590 0.6229
8566.4336 0.6234
8568.4043 0.6235
8570.3799 0.6233
8572.3516 0.6231
8574.3242 0.6227
8576.3008 0.6216
8578.2744 0.6196
8580.2520 0.6166
8582.2256 0.6140
8584.2051 0.6107
8586.1797 0.6063
8588.1602 0.6013
8590.1357 0.5958
8592.1113 0.5884
8594.0928 0.5821
8596.0703 0.5784
8598.0527 0.5779
8600.0303 0.5806
8602.0137 0.5862
8603.9922 0.5925
8605.9717 0.5975
8607.9561 0.6018
8609.9365 0.6057
8611.9219 0.6088
8613.9033 0.6108
8615.8896 0.6122
8617.8711 0.6135
8619.8535 0.6149
8621.8418 0.6157
8623.8252 0.6158
8625.8135 0.6159
8627.7979 0.6159
8629.7881 0.6157
8631.7725 0.6157
8633.7588 0.6153
8635.7500 0.6145
8637.7363 0.6134
8639.7285 0.6121
8641.7158 0.6100
8643.7080 0.6076
8645.6973 0.6053
8647.6855 0.6026
8649.6797 0.5986
8651.6699 0.5945
8653.6650 0.5896
8655.6553 0.5835
8657.6514 0.5759
8659.6436 0.5678
8661.6357 0.5617
8663.6328 0.5596
8665.6260 0.5616
8667.6240 0.5661
8669.6182 0.5728
8671.6172 0.5796
8673.6123 0.5841
8675.6074 0.5874
8677.6084 0.5902
8679.6045 0.5926
8681.6055 0.5946
8683.6025 0.5967
8685.6055 0.5994
8687.6035 0.6013
8689.6025 0.6026
8691.6055 0.6038
8693.6055 0.6043
8695.6104 0.6041
8697.6104 0.6039
8699.6162 0.6042
8701.6172 0.6042
8703.6191 0.6039
8705.6260 0.6034
8707.6289 0.6027
8709.6367 0.6020
8711.6406 0.6009
8713.6494 0.6003
8715.6543 0.5999
8717.6592 0.5993
8719.6699 0.5982
8721.6758 0.5968
8723.6865 0.5961
8725.6934 0.5952
8727.7061 0.5932
8729.7129 0.5907
8731.7217 0.5881
8733.7354 0.5851
8735.7441 0.5815
8737.7588 0.5774
8739.7686 0.5721
8741.7842 0.5655
8743.7949 0.5580
8745.8115 0.5503
8747.8232 0.5452
8749.8359 0.5442
8751.8535 0.5469
8753.8672 0.5523
8755.8857 0.5589
8757.9004 0.5653
8759.9199 0.5704
8761.9346 0.5745
8763.9502 0.5779
8765.9717 0.5807
8767.9883 0.5830
8770.0098 0.5848
8772.0273 0.5863
8774.0498 0.5871
8776.0684 0.5874
8778.0879 0.5873
8780.1113 0.5875
8782.1318 0.5883
8784.1562 0.5880
8786.1777 0.5878
8788.2031 0.5878
8790.2256 0.5876
8792.2471 0.5872
8794.2754 0.5874
8796.2979 0.5877
8798.3262 0.5874
8800.3506 0.5864
8802.3799 0.5853
8804.4053 0.5846
8806.4307 0.5841
8808.4609 0.5834
8810.4873 0.5832
8812.5195 0.5831
8814.5459 0.5828
8816.5791 0.5817
8818.6074 0.5802
8820.6357 0.5798
8822.6699 0.5802
8824.6992 0.5798
8826.7344 0.5790
8828.7646 0.5782
8830.8008 0.5772
8832.8330 0.5758
8834.8643 0.5743
8836.9014 0.5725
8838.9346 0.5703
8840.9727 0.5681
8843.0068 0.5658
8845.0459 0.5633
8847.0811 0.5600
8849.1162 0.5562
8851.1562 0.5519
8853.1924 0.5465
8855.2344 0.5396
8857.2715 0.5322
8859.3145 0.5251
8861.3516 0.5212
8863.3906 0.5233
8865.4346 0.5299
8867.4736 0.5364
8869.5186 0.5425
8871.5596 0.5475
8873.6045 0.5515
8875.6465 0.5547
8877.6885 0.5572
8879.7354 0.5594
8881.7783 0.5611
8883.8262 0.5624
8885.8701 0.5634
8887.9189 0.5641
8889.9639 0.5645
8892.0088 0.5648
8894.0596 0.5649
8896.1055 0.5649
8898.1562 0.5649
8900.2041 0.5648
8902.2559 0.5648
8904.3037 0.5647
8906.3574 0.5646
8908.4062 0.5642
8910.4561 0.5635
8912.5107 0.5635
8914.5605 0.5639
8916.6162 0.5636
8918.6680 0.5634
8920.7246 0.5632
8922.7764 0.5627
8924.8291 0.5617
8926.8867 0.5611
8928.9404 0.5619
8931.0000 0.5617
8933.0547 0.5614
8935.1143 0.5611
8937.1699 0.5608
8939.2256 0.5605
8941.2871 0.5602
8943.3438 0.5599
8945.4062 0.5595
8947.4639 0.5592
8949.5273 0.5588
8951.5859 0.5585
8953.6455 0.5581
8955.7100 0.5578
8957.7705 0.5574
8959.8359 0.5570
8961.8975 0.5566
8963.9639 0.5561
8966.0264 0.5557
8968.0889 0.5552
8970.1572 0.5547
8972.2207 0.5542
8974.2891 0.5537
8976.3535 0.5531
8978.4238 0.5524
8980.4893 0.5517
8982.5557 0.5509
8984.6270 0.5500
8986.6934 0.5489
8988.7656 0.5477
8990.8340 0.5463
8992.9072 0.5446
8994.9756 0.5425
8997.0449 0.5400
8999.1201 0.5370
9001.1904 0.5333
9003.2656 0.5289
9005.3369 0.5237
9007.4131 0.5176
9009.4854 0.5108
9011.5586 0.5026
9013.6357 0.4974
9015.7100 0.5018
9017.7891 0.5093
9019.8633 0.5157
9021.9434 0.5210
9024.0186 0.5256
9026.0947 0.5294
9028.1758 0.5324
9030.2529 0.5349
9032.3350 0.5368
9034.4131 0.5382
9036.4971 0.5393
9038.5752 0.5401
9040.6543 0.5407
9042.7393 0.5411
9044.8193 0.5414
9046.9053 0.5416
9048.9863 0.5417
9051.0732 0.5418
9053.1553 0.5418
9055.2383 0.5418
9057.3262 0.5415
9059.4102 0.5404
9061.4990 0.5402
9063.5840 0.5410
9065.6738 0.5410
9067.7588 0.5408
9069.8506 0.5406
9071.9365 0.5404
9074.0234 0.5399
9076.1162 0.5394
9078.2041 0.5393
9080.2979 0.5394
9082.3867 0.5392
9084.4805 0.5387
9086.5703 0.5381
9088.6611 0.5378
9090.7568 0.5379
9092.8486 0.5358
9094.9453 0.5362
9097.0371 0.5370
9099.1348 0.5370
9101.2285 0.5366
9103.3223 0.5364
9105.4209 0.5361
9107.5156 0.5357
9109.6162 0.5348
9111.7119 0.5345
9113.8125 0.5348
9115.9092 0.5346
9118.0068 0.5343
9120.1094 0.5339
9122.2070 0.5335
9124.3105 0.5333
9126.4102 0.5331
9128.5146 0.5327
9130.6143 0.5323
9132.7148 0.5321
9134.8213 0.5319
9136.9219 0.5316
9139.0293 0.5312
9141.1318 0.5309
9143.2393 0.5306
9145.3428 0.5303
9147.4473 0.5300
9149.5566 0.5297
9151.6611 0.5293
9153.7715 0.5290
9155.8770 0.5286
9157.9883 0.5283
9160.0957 0.5280
9162.2031 0.5277
9164.3154 0.5273
9166.4238 0.5270
9168.5371 0.5266
9170.6465 0.5262
9172.7617 0.5257
9174.8711 0.5252
9176.9824 0.5247
9179.0986 0.5245
9181.2100 0.5241
9183.3271 0.5236
9185.4395 0.5230
9187.5576 0.5225
9189.6719 0.5221
9191.7852 0.5214
9193.9053 0.5207
9196.0205 0.5199
9198.1406 0.5191
9200.2568 0.5180
9202.3789 0.5166
9204.4951 0.5154
9206.6133 0.5140
9208.7363 0.5120
9210.8545 0.5096
9212.9785 0.5068
9215.0977 0.5030
9217.2227 0.4979
9219.3428 0.4943
9221.4639 0.4890
9223.5908 0.4826
9225.7129 0.4750
9227.8398 0.4704
9229.9629 0.4752
9232.0908 0.4821
9234.2148 0.4879
9236.3447 0.4927
9238.4688 0.4970
9240.5947 0.5000
9242.7256 0.5015
9244.8516 0.5046
9246.9834 0.5069
9249.1104 0.5083
9251.2432 0.5092
9253.3721 0.5100
9255.5010 0.5106
9257.6348 0.5102
9259.7646 0.5084
9261.8994 0.5081
9264.0303 0.5088
9266.1670 0.5098
9268.2988 0.5116
9270.4307 0.5115
9272.5684 0.5115
9274.7012 0.5114
9276.8398 0.5113
9278.9746 0.5111
9281.1143 0.5110
9283.2490 0.5108
9285.3848 0.5106
9287.5264 0.5104
9289.6621 0.5101
9291.8047 0.5099
9293.9424 0.5097
9296.0850 0.5094
9298.2236 0.5092
9300.3633 0.5090
9302.5078 0.5087
9304.6475 0.5085
9306.7930 0.5083
9308.9346 0.5080
9311.0811 0.5078
9313.2227 0.5075
9315.3652 0.5073
9317.5137 0.5070
9319.6572 0.5067
9321.8057 0.5065
9323.9502 0.5061
9326.1006 0.5058
9328.2461 0.5056
9330.3916 0.5054
9332.5439 0.5051
9334.6904 0.5049
9336.8428 0.5046
9338.9912 0.5043
9341.1445 0.5040
9343.2939 0.5038
9345.4434 0.5035
9347.5977 0.5033
9349.7480 0.5030
9351.9043 0.5027
9354.0557 0.5025
9356.2129 0.5022
9358.3652 0.5019
9360.5186 0.5016
9362.6768 0.5014
9364.8301 0.5011
9366.9902 0.5008
9369.1445 0.5006
9371.3057 0.5003
9373.4609 0.5000
9375.6172 0.4997
9377.7793 0.4995
9379.9365 0.4992
9382.0996 0.4989
9384.2578 0.4985
9386.4219 0.4982
9388.5820 0.4980
9390.7461 0.4975
9392.9072 0.4973
9395.0674 0.4973
9397.2344 0.4970
9399.3965 0.4968
9401.5635 0.4962
9403.7266 0.4949
9405.8945 0.4947
9408.0586 0.4957
9410.2227 0.4949
9412.3926 0.4947
9414.5586 0.4947
9416.7295 0.4946
9418.8955 0.4943
9421.0674 0.4940
9423.2344 0.4938
9425.4023 0.4934
9427.5762 0.4931
9429.7451 0.4929
9431.9189 0.4927
9434.0889 0.4924
9436.2646 0.4921
9438.4355 0.4919
9440.6064 0.4916
9442.7832 0.4913
9444.9561 0.4910
9447.1338 0.4908
9449.3076 0.4905
9451.4863 0.4902
9453.6602 0.4899
9455.8350 0.4896
9458.0156 0.4893
9460.1914 0.4890
9462.3730 0.4888
9464.5498 0.4885
9466.7324 0.4882
9468.9102 0.4879
9471.0889 0.4876
9473.2725 0.4874
9475.4521 0.4871
9477.6367 0.4868
9479.8174 0.4864
9482.0029 0.4861
9484.1846 0.4858
9486.3662 0.4855
9488.5537 0.4851
9490.7363 0.4848
9492.9258 0.4844
9495.1094 0.4840
9497.2988 0.4836
9499.4834 0.4832
9501.6689 0.4828
9503.8604 0.4823
9506.0459 0.4818
9508.2383 0.4812
9510.4258 0.4806
9512.6191 0.4799
9514.8076 0.4792
9516.9961 0.4783
9519.1904 0.4772
9521.3809 0.4760
9523.5762 0.4745
9525.7666 0.4728
9527.9639 0.4707
9530.1553 0.4682
9532.3477 0.4651
9534.5459 0.4614
9536.7393 0.4570
9538.9385 0.4518
9541.1328 0.4458
9543.3330 0.4383
9545.5283 0.4378
9547.7246 0.4433
9549.9268 0.4497
9552.1230 0.4542
9554.3262 0.4584
9556.5234 0.4616
9558.7275 0.4643
9560.9268 0.4664
9563.1309 0.4681
9565.3311 0.4694
9567.5322 0.4704
9569.7383 0.4711
9571.9395 0.4717
9574.1465 0.4721
9576.3496 0.4724
9578.5576 0.4726
9580.7607 0.4728
9582.9648 0.4728
9585.1748 0.4729
9587.3799 0.4728
9589.5908 0.4728
9591.7969 0.4727
9594.0088 0.4726
9596.2158 0.4725
9598.4238 0.4723
9600.6367 0.4721
9602.8457 0.4719
9605.0596 0.4718
9607.2695 0.4716
9609.4854 0.4715
9611.6953 0.4713
9613.9062 0.4711
9616.1240 0.4708
9618.3359 0.4703
9620.5537 0.4701
9622.7666 0.4702
9624.9863 0.4701
9627.2002 0.4697
9629.4150 0.4689
9631.6357 0.4683
9633.8516 0.4690
9636.0723 0.4689
9638.2891 0.4687
9640.5117 0.4685
9642.7295 0.4683
9644.9482 0.4680
9647.1719 0.4678
9649.3916 0.4675
9651.6172 0.4674
9653.8369 0.4670
9656.0635 0.4664
9658.2842 0.4661
9660.5068 0.4664
9662.7344 0.4662
9664.9570 0.4660
9667.1855 0.4657
9669.4102 0.4655
9671.6396 0.4653
9673.8643 0.4650
9676.0898 0.4648
9678.3213 0.4645
9680.5479 0.4643
9682.7803 0.4641
9685.0078 0.4639
9687.2412 0.4636
9689.4697 0.4634
9691.6982 0.4632
9693.9336 0.4629
9696.1631 0.4627
9698.3994 0.4625
9700.6299 0.4623
9702.8672 0.4620
9705.0996 0.4618
9707.3320 0.4616
9709.5703 0.4613
9711.8047 0.4611
9714.0439 0.4609
9716.2783 0.4606
9718.5186 0.4604
9720.7549 0.4602
9722.9912 0.4599
9725.2334 0.4597
9727.4707 0.4595
9729.7139 0.4593
9731.9521 0.4590
9734.1963 0.4588
9736.4355 0.4586
9738.6807 0.4583
9740.9209 0.4581
9743.1621 0.4579
9745.4082 0.4577
9747.6504 0.4574
9749.8984 0.4572
9752.1416 0.4570
9754.3896 0.4568
9756.6338 0.4565
9758.8789 0.4563
9761.1289 0.4561
9763.3740 0.4559
9765.6260 0.4556
9767.8721 0.4554
9770.1250 0.4552
9772.3721 0.4550
9774.6201 0.4547
9776.8750 0.4545
9779.1240 0.4543
9781.3789 0.4541
9783.6289 0.4538
9785.8848 0.4536
9788.1367 0.4534
9790.3877 0.4531
9792.6455 0.4529
9794.8984 0.4527
9797.1572 0.4525
9799.4111 0.4523
9801.6709 0.4521
9803.9258 0.4518
9806.1807 0.4516
9808.4424 0.4514
9810.6982 0.4511
9812.9609 0.4509
9815.2188 0.4507
9817.4814 0.4505
9819.7402 0.4503
9821.9990 0.4500
9824.2646 0.4497
9826.5244 0.4496
9828.7900 0.4494
9831.0518 0.4492
9833.3184 0.4490
9835.5801 0.4487
9837.8428 0.4485
9840.1113 0.4483
9842.3750 0.4481
9844.6455 0.4479
9846.9102 0.4477
9849.1807 0.4474
9851.4463 0.4472
9853.7129 0.4470
9855.9844 0.4468
9858.2520 0.4466
9860.5254 0.4463
9862.7939 0.4461
9865.0684 0.4459
9867.3379 0.4457
9869.6074 0.4455
9871.8838 0.4453
9874.1543 0.4451
9876.4316 0.4449
9878.7031 0.4447
9880.9814 0.4444
9883.2549 0.4443
9885.5283 0.4440
9887.8076 0.4435
9890.0830 0.4431
9892.3633 0.4433
9894.6387 0.4432
9896.9209 0.4429
9899.1973 0.4427
9901.4746 0.4425
9903.7578 0.4423
9906.0361 0.4421
9908.3203 0.4419
9910.5996 0.4417
9912.8857 0.4415
9915.1660 0.4413
9917.4521 0.4411
9919.7334 0.4409
9922.0156 0.4406
9924.3037 0.4404
9926.5869 0.4402
9928.8760 0.4399
9931.1602 0.4397
9933.4502 0.4396
9935.7354 0.4394
9938.0205 0.4392
9940.3125 0.4389
9942.5996 0.4387
9944.8926 0.4385
9947.1797 0.4383
9949.4736 0.4381
9951.7627 0.4379
9954.0518 0.4377
9956.3477 0.4375
9958.6377 0.4372
9960.9346 0.4370
9963.2256 0.4368
9965.5234 0.4366
9967.8154 0.4364
9970.1094 0.4361
9972.4082 0.4359
9974.7021 0.4357
9977.0020 0.4354
9979.2979 0.4352
9981.5986 0.4350
9983.8945 0.4347
9986.1914 0.4345
9988.4941 0.4342
9990.7920 0.4340
9993.0967 0.4336
9995.3955 0.4333
9997.7002 0.4330
10000.0000 0.4328
10002.3057 0.4324
10004.6016 0.4321
10006.9082 0.4317
10009.2158 0.4313
10011.5244 0.4308
10013.8223 0.4303
10016.1309 0.4296
10018.4404 0.4290
10020.7402 0.4282
10023.0508 0.4272
10025.3623 0.4261
10027.6738 0.4248
10029.9756 0.4232
10032.2881 0.4213
10034.6016 0.4190
10036.9043 0.4162
10039.2188 0.4129
10041.5342 0.4090
10043.8496 0.4044
10046.1543 0.3980
10048.4707 0.3960
10050.7881 0.4000
10053.0947 0.4059
10055.4131 0.4094
10057.7324 0.4128
10060.0508 0.4155
10062.3604 0.4176
10064.6807 0.4194
10067.0010 0.4208
10069.3115 0.4219
10071.6338 0.4227
10073.9561 0.4233
10076.2793 0.4238
10078.5918 0.4242
10080.9160 0.4245
10083.2402 0.4247
10085.5547 0.4248
10087.8799 0.4249
10090.2061 0.4249
10092.5332 0.4249
10094.8496 0.4249
10097.1777 0.4248
10099.5059 0.4248
10101.8232 0.4247
10104.1533 0.4245
10106.4834 0.4244
10108.8135 0.4242
10111.1338 0.4240
10113.4648 0.4239
10115.7969 0.4239
10118.1191 0.4239
10120.4521 0.4236
10122.7861 0.4233
10125.1201 0.4233
10127.4434 0.4232
10129.7793 0.4231
10132.1152 0.4229
10134.4404 0.4228
10136.7773 0.4226
10139.1152 0.4225
10141.4531 0.4223
10143.7803 0.4221
10146.1191 0.4220
10148.4590 0.4218
10150.7881 0.4217
10153.1289 0.4215
10155.4707 0.4213
10157.8125 0.4212
10160.1436 0.4210
10162.4863 0.4208
10164.8301 0.4206
10167.1621 0.4205
10169.5068 0.4203
10171.8525 0.4201
10174.1973 0.4200
10176.5322 0.4198
10178.8789 0.4196
10181.2266 0.4195
10183.5742 0.4193
10185.9111 0.4191
10188.2607 0.4190
10190.6094 0.4188
10192.9482 0.4186
10195.2988 0.4185
10197.6504 0.4183
10200.0020 0.4181
10202.3428 0.4180
10204.6953 0.4178
10207.0479 0.4176
10209.3906 0.4175
10211.7451 0.4173
10214.0996 0.4171
10216.4551 0.4170
10218.7998 0.4168
10221.1562 0.4166
10223.5137 0.4165
10225.8594 0.4163
10228.2178 0.4161
10230.5762 0.4160
10232.9355 0.4158
10235.2842 0.4157
10237.6436 0.4155
10240.0049 0.4153
10242.3545 0.4152
10244.7168 0.4150
10247.0791 0.4148
10249.4424 0.4147
10251.7939 0.4145
10254.1582 0.4144
10256.5234 0.4142
10258.8770 0.4140
10261.2422 0.4139
10263.6084 0.4137
10265.9756 0.4136
10268.3311 0.4134
10270.6992 0.4132
10273.0674 0.4131
10275.4258 0.4129
10277.7949 0.4128
10280.1650 0.4126
10282.5352 0.4124
10284.8955 0.4123
10287.2666 0.4121
10289.6396 0.4120
10292.0010 0.4118
10294.3740 0.4116
10296.7480 0.4115
10299.1221 0.4113
10301.4863 0.4112
