3562.0508 1.0558
3562.8704 1.0551
3563.6899 1.0545
3564.5117 1.0539
3565.3318 1.0531
3566.1538 1.0520
3566.9744 1.0510
3567.7969 1.0503
3568.6177 1.0495
3569.4385 1.0487
3570.2617 1.0482
3571.0830 1.0479
3571.9065 1.0475
3572.7283 1.0470
3573.5520 1.0465
3574.3740 1.0463
3575.1963 1.0462
3576.0208 1.0461
3576.8435 1.0459
3577.6682 1.0457
3578.4915 1.0453
3579.3167 1.0443
3580.1399 1.0435
3580.9636 1.0430
3581.7893 1.0428
3582.6133 1.0425
3583.4395 1.0418
3584.2639 1.0414
3585.0903 1.0415
3585.9150 1.0414
3586.7400 1.0405
3587.5671 1.0389
3588.3923 1.0373
3589.2200 1.0362
3590.0457 1.0359
3590.8735 1.0363
3591.6995 1.0370
3592.5259 1.0375
3593.3542 1.0374
3594.1809 1.0367
3595.0098 1.0360
3595.8367 1.0354
3596.6660 1.0350
3597.4934 1.0348
3598.3208 1.0345
3599.1506 1.0343
3599.9788 1.0340
3600.8088 1.0339
3601.6372 1.0339
3602.4678 1.0337
3603.2964 1.0330
3604.1252 1.0318
3604.9565 1.0308
3605.7859 1.0300
3606.6172 1.0293
3607.4470 1.0285
3608.2788 1.0279
3609.1089 1.0275
3609.9392 1.0271
3610.7717 1.0266
3611.6023 1.0261
3612.4351 1.0258
3613.2661 1.0255
3614.0994 1.0248
3614.9307 1.0235
3615.7625 1.0224
3616.5962 1.0219
3617.4282 1.0225
3618.2625 1.0234
3619.0947 1.0239
3619.9292 1.0235
3620.7620 1.0223
3621.5969 1.0209
3622.4302 1.0201
3623.2634 1.0199
3624.0989 1.0201
3624.9326 1.0204
3625.7686 1.0208
3626.6028 1.0210
3627.4390 1.0212
3628.2734 1.0210
3629.1082 1.0204
3629.9451 1.0198
3630.7800 1.0194
3631.6174 1.0191
3632.4529 1.0184
3633.2903 1.0173
3634.1262 1.0160
3634.9622 1.0148
3635.8005 1.0140
3636.6370 1.0140
3637.4756 1.0145
3638.3123 1.0149
3639.1514 1.0152
3639.9885 1.0154
3640.8259 1.0152
3641.6653 1.0146
3642.5032 1.0136
3643.3430 1.0127
3644.1812 1.0119
3645.0215 1.0110
3645.8601 1.0103
3646.6990 1.0098
3647.5398 1.0097
3648.3789 1.0095
3649.2202 1.0089
3650.0596 1.0079
3650.9014 1.0069
3651.7412 1.0063
3652.5813 1.0061
3653.4236 1.0059
3654.2642 1.0056
3655.1067 1.0054
3655.9475 1.0056
3656.7908 1.0059
3657.6318 1.0059
3658.4734 1.0054
3659.3169 1.0047
3660.1587 1.0041
3661.0029 1.0033
3661.8450 1.0025
3662.6895 1.0019
3663.5320 1.0014
3664.3748 1.0008
3665.2197 1.0000
3666.0630 0.9990
3666.9084 0.9983
3667.7520 0.9978
3668.5977 0.9978
3669.4417 0.9978
3670.2859 0.9975
3671.1321 0.9971
3671.9768 0.9967
3672.8235 0.9964
3673.6685 0.9965
3674.5156 0.9967
3675.3608 0.9969
3676.2063 0.9970
3677.0542 0.9965
3677.8999 0.9953
3678.7480 0.9937
3679.5945 0.9919
3680.4429 0.9903
3681.2896 0.9893
3682.1365 0.9890
3682.9856 0.9891
3683.8328 0.9892
3684.6824 0.9893
3685.5300 0.9897
3686.3799 0.9901
3687.2278 0.9895
3688.0781 0.9878
3688.9265 0.9863
3689.7751 0.9865
3690.6260 0.9883
3691.4751 0.9902
3692.3264 0.9906
3693.1758 0.9890
3694.0273 0.9867
3694.8772 0.9857
3695.7273 0.9875
3696.5793 0.9911
3697.4299 0.9938
3698.2825 0.9931
3699.1333 0.9883
3699.9863 0.9827
3700.8374 0.9812
3701.6887 0.9864
3702.5425 0.9961
3703.3943 1.0050
3704.2483 1.0070
3705.1003 1.0001
3705.9548 0.9878
3706.8074 0.9769
3707.6599 0.9733
3708.5149 0.9797
3709.3682 0.9936
3710.2234 1.0092
3711.0771 1.0200
3711.9329 1.0212
3712.7866 1.0118
3713.6409 0.9950
3714.4973 0.9776
3715.3518 0.9672
3716.2085 0.9691
3717.0635 0.9841
3717.9204 1.0075
3718.7759 1.0325
3719.6313 1.0518
3720.4890 1.0601
3721.3450 1.0554
3722.2031 1.0386
3723.0593 1.0132
3723.9180 0.9856
3724.7747 0.9644
3725.6316 0.9566
3726.4905 0.9648
3727.3479 0.9870
3728.2073 1.0170
3729.0649 1.0479
3729.9250 1.0743
3730.7830 1.0931
3731.6414 1.1020
3732.5017 1.1000
3733.3604 1.0865
3734.2214 1.0624
3735.0803 1.0303
3735.9417 0.9957
3736.8013 0.9657
3737.6609 0.9472
3738.5227 0.9448
3739.3828 0.9594
3740.2451 0.9874
3741.1055 1.0231
3741.9683 1.0613
3742.8291 1.0967
3743.6899 1.1251
3744.5532 1.1437
3745.4148 1.1526
3746.2786 1.1531
3747.1404 1.1451
3748.0044 1.1280
3748.8667 1.1019
3749.7290 1.0685
3750.5938 1.0307
3751.4565 0.9928
3752.3215 0.9604
3753.1848 0.9391
3754.0503 0.9338
3754.9138 0.9460
3755.7798 0.9731
3756.6438 1.0097
3757.5081 1.0497
3758.3745 1.0879
3759.2390 1.1210
3760.1060 1.1476
3760.9709 1.1681
3761.8381 1.1831
3762.7036 1.1931
3763.5693 1.1988
3764.4370 1.2000
3765.3032 1.1957
3766.1714 1.1855
3767.0378 1.1697
3767.9065 1.1479
3768.7732 1.1199
3769.6401 1.0865
3770.5095 1.0491
3771.3770 1.0092
3772.2466 0.9705
3773.1145 0.9393
3773.9844 0.9220
3774.8528 0.9221
3775.7209 0.9396
3776.5918 0.9703
3777.4604 1.0087
3778.3315 1.0494
3779.2009 1.0887
3780.0723 1.1244
3780.9419 1.1561
3781.8118 1.1836
3782.6838 1.2069
3783.5540 1.2261
3784.4265 1.2411
3785.2971 1.2523
3786.1699 1.2598
3787.0410 1.2638
3787.9121 1.2644
3788.7856 1.2623
3789.6572 1.2577
3790.5310 1.2498
3791.4031 1.2385
3792.2773 1.2241
3793.1499 1.2066
3794.0225 1.1847
3794.8972 1.1574
3795.7703 1.1246
3796.6455 1.0868
3797.5190 1.0458
3798.3948 1.0033
3799.2686 0.9624
3800.1426 0.9278
3801.0188 0.9052
3801.8933 0.8993
3802.7700 0.9118
3803.6448 0.9397
3804.5220 0.9769
3805.3972 1.0175
3806.2727 1.0573
3807.1504 1.0939
3808.0261 1.1267
3808.9043 1.1556
3809.7805 1.1810
3810.6589 1.2030
3811.5356 1.2214
3812.4126 1.2363
3813.2917 1.2481
3814.1689 1.2567
3815.0483 1.2611
3815.9260 1.2614
3816.8059 1.2593
3817.6841 1.2575
3818.5623 1.2578
3819.4429 1.2604
3820.3215 1.2632
3821.2024 1.2636
3822.0815 1.2602
3822.9629 1.2543
3823.8423 1.2487
3824.7241 1.2435
3825.6040 1.2370
3826.4841 1.2284
3827.3665 1.2174
3828.2468 1.2038
3829.1296 1.1874
3830.0105 1.1683
3830.8938 1.1468
3831.7751 1.1225
3832.6565 1.0951
3833.5403 1.0641
3834.4224 1.0293
3835.3064 0.9915
3836.1887 0.9526
3837.0735 0.9161
3837.9561 0.8872
3838.8391 0.8713
3839.7244 0.8716
3840.6077 0.8877
3841.4932 0.9158
3842.3770 0.9507
3843.2629 0.9882
3844.1472 1.0251
3845.0315 1.0594
3845.9182 1.0903
3846.8030 1.1174
3847.6899 1.1402
3848.5752 1.1594
3849.4626 1.1755
3850.3481 1.1886
3851.2339 1.1983
3852.1221 1.2059
3853.0083 1.2123
3853.8967 1.2183
3854.7832 1.2236
3855.6721 1.2275
3856.5591 1.2285
3857.4463 1.2266
3858.3359 1.2235
3859.2234 1.2219
3860.1135 1.2232
3861.0015 1.2265
3861.8918 1.2302
3862.7803 1.2327
3863.6687 1.2322
3864.5598 1.2290
3865.4487 1.2249
3866.3401 1.2225
3867.2297 1.2221
3868.1213 1.2231
3869.0112 1.2243
3869.9014 1.2249
3870.7937 1.2249
3871.6841 1.2253
3872.5769 1.2251
3873.4678 1.2222
3874.3611 1.2164
3875.2524 1.2094
3876.1438 1.2028
3877.0376 1.1972
3877.9297 1.1922
3878.8237 1.1863
3879.7161 1.1777
3880.6108 1.1663
3881.5037 1.1529
3882.3965 1.1378
3883.2917 1.1209
3884.1851 1.1023
3885.0808 1.0815
3885.9746 1.0571
3886.8706 1.0287
3887.7649 0.9970
3888.6592 0.9625
3889.5559 0.9264
3890.4507 0.8911
3891.3479 0.8607
3892.2429 0.8405
3893.1406 0.8354
3894.0361 0.8466
3894.9341 0.8709
3895.8301 0.9025
3896.7263 0.9364
3897.6250 0.9692
3898.5215 0.9997
3899.4207 1.0272
3900.3176 1.0508
3901.2170 1.0701
3902.1145 1.0858
3903.0122 1.0991
3903.9121 1.1107
3904.8103 1.1206
3905.7107 1.1293
3906.6094 1.1370
3907.5100 1.1431
3908.4089 1.1472
3909.3081 1.1507
3910.2097 1.1549
3911.1091 1.1599
3912.0110 1.1651
3912.9111 1.1695
3913.8132 1.1723
3914.7136 1.1730
3915.6143 1.1713
3916.5171 1.1684
3917.4182 1.1657
3918.3215 1.1643
3919.2229 1.1645
3920.1267 1.1657
3921.0286 1.1663
3921.9307 1.1656
3922.8350 1.1644
3923.7373 1.1640
3924.6421 1.1644
3925.5452 1.1647
3926.4502 1.1645
3927.3535 1.1638
3928.2571 1.1627
3929.1628 1.1612
3930.0667 1.1590
3930.9731 1.1560
3931.8774 1.1515
3932.7839 1.1442
3933.6887 1.1329
3934.5938 1.1168
3935.5010 1.0975
3936.4062 1.0802
3937.3142 1.0708
3938.2200 1.0722
3939.1279 1.0839
3940.0342 1.1011
3940.9407 1.1174
3941.8494 1.1286
3942.7561 1.1348
3943.6653 1.1379
3944.5725 1.1390
3945.4822 1.1381
3946.3899 1.1355
3947.2979 1.1325
3948.2080 1.1302
3949.1162 1.1284
3950.0269 1.1271
3950.9355 1.1259
3951.8467 1.1243
3952.7559 1.1218
3953.6650 1.1185
3954.5769 1.1150
3955.4866 1.1113
3956.3987 1.1071
3957.3088 1.1022
3958.2214 1.0970
3959.1321 1.0914
3960.0449 1.0848
3960.9561 1.0768
3961.8672 1.0673
3962.7808 1.0564
3963.6924 1.0435
3964.6064 1.0280
3965.5186 1.0099
3966.4329 0.9894
3967.3455 0.9664
3968.2581 0.9404
3969.1731 0.9108
3970.0862 0.8780
3971.0017 0.8444
3971.9153 0.8141
3972.8313 0.7918
3973.7451 0.7819
3974.6592 0.7864
3975.5759 0.8034
3976.4905 0.8287
3977.4075 0.8577
3978.3225 0.8870
3979.2397 0.9148
3980.1553 0.9403
3981.0708 0.9630
3981.9888 0.9821
3982.9050 0.9978
3983.8232 1.0112
3984.7397 1.0230
3985.6587 1.0331
3986.5757 1.0413
3987.4927 1.0483
3988.4121 1.0543
3989.3298 1.0596
3990.2498 1.0641
3991.1677 1.0678
3992.0879 1.0704
3993.0063 1.0725
3993.9250 1.0746
3994.8459 1.0765
3995.7649 1.0778
3996.6863 1.0783
3997.6057 1.0782
3998.5276 1.0776
3999.4475 1.0769
4000.3674 1.0763
4001.2900 1.0756
4002.2104 1.0750
4003.1333 1.0746
4004.0544 1.0747
4004.9775 1.0746
4005.8989 1.0735
4006.8206 1.0712
4007.7446 1.0694
4008.6665 1.0689
4009.5908 1.0687
4010.5132 1.0686
4011.4380 1.0683
4012.3608 1.0678
4013.2839 1.0660
4014.2095 1.0638
4015.1328 1.0621
4016.0588 1.0611
4016.9827 1.0611
4017.9089 1.0614
4018.8333 1.0606
4019.7578 1.0577
4020.6848 1.0550
4021.6096 1.0571
4022.5371 1.0628
4023.4624 1.0673
4024.3901 1.0675
4025.3162 1.0652
4026.2422 1.0616
4027.1704 1.0577
4028.0969 1.0537
4029.0259 1.0500
4029.9526 1.0481
4030.8821 1.0488
4031.8093 1.0511
4032.7390 1.0536
4033.6667 1.0556
4034.5947 1.0568
4035.5251 1.0570
4036.4534 1.0568
4037.3843 1.0570
4038.3130 1.0571
4039.2441 1.0574
4040.1736 1.0577
4041.1030 1.0578
4042.0347 1.0577
4042.9646 1.0572
4043.8970 1.0564
4044.8271 1.0554
4045.7600 1.0541
4046.6907 1.0521
4047.6216 1.0494
4048.5549 1.0469
4049.4863 1.0454
4050.4202 1.0451
4051.3521 1.0454
4052.2861 1.0453
4053.2185 1.0446
4054.1509 1.0436
4055.0857 1.0428
4056.0186 1.0418
4056.9539 1.0407
4057.8872 1.0399
4058.8230 1.0397
4059.7566 1.0396
4060.6907 1.0396
4061.6270 1.0396
4062.5613 1.0399
4063.4983 1.0400
4064.4331 1.0392
4065.3701 1.0371
4066.3054 1.0343
4067.2410 1.0314
4068.1787 1.0292
4069.1147 1.0281
4070.0530 1.0280
4070.9893 1.0280
4071.9280 1.0273
4072.8647 1.0261
4073.8018 1.0247
4074.7412 1.0236
4075.6787 1.0224
4076.6184 1.0209
4077.5562 1.0195
4078.4966 1.0180
4079.4348 1.0160
4080.3733 1.0138
4081.3142 1.0122
4082.2532 1.0112
4083.1943 1.0108
4084.1338 1.0103
4085.0757 1.0091
4086.0154 1.0068
4086.9553 1.0039
4087.8977 1.0005
4088.8381 0.9965
4089.7810 0.9918
4090.7219 0.9866
4091.6653 0.9810
4092.6064 0.9747
4093.5481 0.9675
4094.4919 0.9589
4095.4338 0.9484
4096.3784 0.9355
4097.3208 0.9204
4098.2656 0.9029
4099.2085 0.8828
4100.1514 0.8603
4101.0967 0.8356
4102.0400 0.8090
4102.9863 0.7820
4103.9302 0.7572
4104.8765 0.7389
4105.8208 0.7315
4106.7676 0.7370
4107.7124 0.7538
4108.6572 0.7772
4109.6045 0.8032
4110.5503 0.8288
4111.4980 0.8525
4112.4438 0.8735
4113.3921 0.8916
4114.3384 0.9071
4115.2852 0.9207
4116.2339 0.9331
4117.1807 0.9441
4118.1304 0.9530
4119.0776 0.9598
4120.0273 0.9650
4120.9751 0.9692
4121.9233 0.9730
4122.8740 0.9759
4123.8223 0.9776
4124.7734 0.9785
4125.7222 0.9798
4126.6733 0.9816
4127.6230 0.9837
4128.5723 0.9848
4129.5244 0.9842
4130.4746 0.9819
4131.4268 0.9792
4132.3774 0.9766
4133.3301 0.9750
4134.2812 0.9749
4135.2324 0.9767
4136.1855 0.9799
4137.1372 0.9835
4138.0913 0.9868
4139.0435 0.9893
4139.9976 0.9906
4140.9502 0.9913
4141.9028 0.9921
4142.8579 0.9928
4143.8110 0.9929
4144.7666 0.9919
4145.7202 0.9897
4146.6758 0.9872
4147.6299 0.9851
4148.5840 0.9843
4149.5405 0.9848
4150.4951 0.9860
4151.4526 0.9874
4152.4072 0.9886
4153.3647 0.9895
4154.3203 0.9898
4155.2764 0.9890
4156.2344 0.9877
4157.1904 0.9868
4158.1489 0.9862
4159.1055 0.9855
4160.0649 0.9851
4161.0220 0.9851
4161.9790 0.9854
4162.9390 0.9853
4163.8965 0.9847
4164.8564 0.9838
4165.8149 0.9825
4166.7754 0.9810
4167.7339 0.9791
4168.6929 0.9729
4169.6538 0.9591
4170.6133 0.9471
4171.5752 0.9547
4172.5347 0.9699
4173.4971 0.9769
4174.4570 0.9764
4175.4175 0.9729
4176.3799 0.9693
4177.3408 0.9673
4178.3042 0.9676
4179.2651 0.9690
4180.2290 0.9696
4181.1909 0.9691
4182.1548 0.9683
4183.1172 0.9681
4184.0796 0.9687
4185.0444 0.9700
4186.0068 0.9713
4186.9722 0.9723
4187.9355 0.9727
4188.9014 0.9724
4189.8647 0.9716
4190.8286 0.9710
4191.7949 0.9708
4192.7593 0.9707
4193.7261 0.9704
4194.6909 0.9705
4195.6582 0.9709
4196.6235 0.9708
4197.5889 0.9703
4198.5571 0.9695
4199.5229 0.9687
4200.4912 0.9673
4201.4575 0.9658
4202.4263 0.9644
4203.3931 0.9631
4204.3599 0.9624
4205.3296 0.9627
4206.2969 0.9635
4207.2671 0.9637
4208.2349 0.9635
4209.2051 0.9635
4210.1738 0.9635
4211.1421 0.9635
4212.1133 0.9635
4213.0820 0.9635
4214.0537 0.9632
4215.0229 0.9626
4215.9951 0.9618
4216.9648 0.9613
4217.9351 0.9608
4218.9077 0.9602
4219.8784 0.9592
4220.8516 0.9583
4221.8223 0.9578
4222.7959 0.9579
4223.7676 0.9579
4224.7393 0.9578
4225.7134 0.9573
4226.6855 0.9564
4227.6602 0.9547
4228.6328 0.9522
4229.6079 0.9501
4230.5806 0.9494
4231.5542 0.9499
4232.5298 0.9508
4233.5034 0.9513
4234.4800 0.9507
4235.4541 0.9482
4236.4307 0.9447
4237.4053 0.9424
4238.3799 0.9425
4239.3574 0.9442
4240.3325 0.9456
4241.3105 0.9460
4242.2861 0.9460
4243.2642 0.9460
4244.2407 0.9453
4245.2168 0.9442
4246.1958 0.9435
4247.1729 0.9429
4248.1519 0.9419
4249.1294 0.9409
4250.1094 0.9404
4251.0869 0.9396
4252.0649 0.9382
4253.0454 0.9374
4254.0239 0.9376
4255.0049 0.9374
4255.9834 0.9367
4256.9648 0.9366
4257.9443 0.9376
4258.9263 0.9385
4259.9058 0.9379
4260.8857 0.9364
4261.8687 0.9346
4262.8491 0.9329
4263.8320 0.9319
4264.8130 0.9318
4265.7964 0.9324
4266.7778 0.9336
4267.7593 0.9349
4268.7432 0.9354
4269.7256 0.9348
4270.7100 0.9334
4271.6924 0.9314
4272.6772 0.9290
4273.6606 0.9270
4274.6436 0.9252
4275.6294 0.9237
4276.6128 0.9227
4277.5991 0.9224
4278.5830 0.9226
4279.5698 0.9232
4280.5542 0.9242
4281.5391 0.9253
4282.5264 0.9259
4283.5117 0.9256
4284.4990 0.9249
4285.4849 0.9244
4286.4731 0.9238
4287.4590 0.9227
4288.4453 0.9214
4289.4346 0.9204
4290.4214 0.9198
4291.4106 0.9183
4292.3979 0.9161
4293.3877 0.9140
4294.3755 0.9131
4295.3633 0.9129
4296.3535 0.9132
4297.3423 0.9130
4298.3330 0.9117
4299.3218 0.9098
4300.3135 0.9083
4301.3027 0.9071
4302.2920 0.9056
4303.2842 0.9037
4304.2744 0.9013
4305.2666 0.8992
4306.2573 0.8981
4307.2500 0.8986
4308.2412 0.8999
4309.2319 0.9011
4310.2261 0.9010
4311.2173 0.9000
4312.2114 0.8994
4313.2036 0.8995
4314.1982 0.8995
4315.1904 0.8982
4316.1836 0.8956
4317.1787 0.8923
4318.1719 0.8895
4319.1675 0.8881
4320.1611 0.8885
4321.1572 0.8894
4322.1514 0.8894
4323.1460 0.8881
4324.1426 0.8861
4325.1377 0.8838
4326.1348 0.8810
4327.1299 0.8774
4328.1279 0.8732
4329.1235 0.8686
4330.1196 0.8635
4331.1182 0.8582
4332.1143 0.8526
4333.1133 0.8461
4334.1104 0.8375
4335.1099 0.8265
4336.1069 0.8135
4337.1069 0.7988
4338.1045 0.7822
4339.1025 0.7633
4340.1030 0.7419
4341.1016 0.7186
4342.1025 0.6954
4343.1016 0.6750
4344.1030 0.6617
4345.1025 0.6595
4346.1021 0.6689
4347.1040 0.6867
4348.1040 0.7083
4349.1069 0.7304
4350.1074 0.7512
4351.1104 0.7700
4352.1113 0.7863
4353.1128 0.7996
4354.1167 0.8101
4355.1182 0.8189
4356.1226 0.8270
4357.1245 0.8352
4358.1294 0.8430
4359.1318 0.8497
4360.1348 0.8549
4361.1401 0.8590
4362.1436 0.8621
4363.1494 0.8648
4364.1528 0.8672
4365.1592 0.8694
4366.1636 0.8710
4367.1680 0.8725
4368.1753 0.8735
4369.1802 0.8738
4370.1875 0.8733
4371.1929 0.8722
4372.2007 0.8712
4373.2065 0.8710
4374.2129 0.8720
4375.2212 0.8733
4376.2280 0.8740
4377.2368 0.8740
4378.2441 0.8741
4379.2534 0.8742
4380.2612 0.8743
4381.2686 0.8748
4382.2793 0.8755
4383.2871 0.8758
4384.2979 0.8751
4385.3066 0.8730
4386.3179 0.8692
4387.3267 0.8644
4388.3359 0.8602
4389.3481 0.8584
4390.3579 0.8592
4391.3701 0.8611
4392.3804 0.8628
4393.3936 0.8638
4394.4043 0.8648
4395.4150 0.8656
4396.4287 0.8652
4397.4399 0.8642
4398.4541 0.8636
4399.4658 0.8637
4400.4805 0.8641
4401.4927 0.8642
4402.5054 0.8645
4403.5205 0.8645
4404.5337 0.8642
4405.5493 0.8637
4406.5625 0.8635
4407.5786 0.8637
4408.5928 0.8638
4409.6069 0.8634
4410.6240 0.8634
4411.6387 0.8635
4412.6558 0.8635
4413.6709 0.8630
4414.6885 0.8624
4415.7041 0.8612
4416.7227 0.8596
4417.7388 0.8576
4418.7549 0.8555
4419.7739 0.8534
4420.7905 0.8521
4421.8101 0.8520
4422.8271 0.8533
4423.8472 0.8554
4424.8647 0.8572
4425.8828 0.8581
4426.9033 0.8583
4427.9219 0.8580
4428.9429 0.8572
4429.9619 0.8561
4430.9834 0.8549
4432.0024 0.8541
4433.0220 0.8538
4434.0444 0.8536
4435.0645 0.8530
4436.0874 0.8524
4437.1079 0.8515
4438.1309 0.8504
4439.1519 0.8494
4440.1733 0.8493
4441.1968 0.8497
4442.2188 0.8505
4443.2432 0.8512
4444.2651 0.8511
4445.2900 0.8495
4446.3125 0.8472
4447.3354 0.8455
4448.3613 0.8449
4449.3843 0.8450
4450.4106 0.8457
4451.4341 0.8466
4452.4609 0.8463
4453.4849 0.8448
4454.5098 0.8435
4455.5366 0.8430
4456.5615 0.8431
4457.5894 0.8431
4458.6147 0.8428
4459.6431 0.8425
4460.6689 0.8426
4461.6953 0.8428
4462.7241 0.8427
4463.7505 0.8422
4464.7798 0.8421
4465.8071 0.8420
4466.8369 0.8415
4467.8643 0.8407
4468.8921 0.8397
4469.9229 0.8385
4470.9512 0.8370
4471.9819 0.8350
4473.0107 0.8324
4474.0425 0.8301
4475.0718 0.8291
4476.1011 0.8299
4477.1333 0.8317
4478.1631 0.8337
4479.1958 0.8355
4480.2266 0.8363
4481.2593 0.8351
4482.2905 0.8307
4483.3213 0.8233
4484.3555 0.8154
4485.3872 0.8107
4486.4214 0.8115
4487.4536 0.8174
4488.4883 0.8254
4489.5210 0.8305
4490.5537 0.8316
4491.5889 0.8307
4492.6226 0.8293
4493.6582 0.8277
4494.6919 0.8264
4495.7285 0.8265
4496.7627 0.8277
4497.7998 0.8291
4498.8345 0.8302
4499.8696 0.8310
4500.9072 0.8316
4501.9424 0.8313
4502.9805 0.8298
4504.0166 0.8277
4505.0552 0.8264
4506.0913 0.8267
4507.1279 0.8279
4508.1675 0.8287
4509.2046 0.8285
4510.2446 0.8274
4511.2822 0.8258
4512.3223 0.8243
4513.3604 0.8240
4514.3984 0.8250
4515.4395 0.8261
4516.4785 0.8260
4517.5200 0.8247
4518.5591 0.8229
4519.6011 0.8217
4520.6406 0.8212
4521.6807 0.8207
4522.7236 0.8201
4523.7642 0.8190
4524.8071 0.8173
4525.8481 0.8162
4526.8916 0.8162
4527.9331 0.8171
4528.9746 0.8185
4530.0190 0.8194
4531.0610 0.8195
4532.1060 0.8193
4533.1489 0.8188
4534.1938 0.8182
4535.2373 0.8173
4536.2803 0.8161
4537.3267 0.8149
4538.3701 0.8144
4539.4170 0.8146
4540.4609 0.8157
4541.5083 0.8170
4542.5527 0.8176
4543.5981 0.8169
4544.6455 0.8157
4545.6909 0.8150
4546.7393 0.8150
4547.7852 0.8152
4548.8340 0.8152
4549.8804 0.8147
4550.9272 0.8126
4551.9766 0.8088
4553.0239 0.8053
4554.0737 0.8039
4555.1216 0.8046
4556.1719 0.8061
4557.2197 0.8071
4558.2686 0.8064
4559.3193 0.8047
4560.3682 0.8032
4561.4199 0.8031
4562.4692 0.8045
4563.5215 0.8065
4564.5713 0.8081
4565.6211 0.8087
4566.6743 0.8086
4567.7246 0.8079
4568.7778 0.8070
4569.8291 0.8066
4570.8828 0.8074
4571.9341 0.8086
4572.9888 0.8089
4574.0405 0.8080
4575.0928 0.8065
4576.1479 0.8054
4577.2007 0.8049
4578.2559 0.8049
4579.3091 0.8047
4580.3652 0.8043
4581.4189 0.8038
4582.4731 0.8034
4583.5298 0.8027
4584.5840 0.8018
4585.6411 0.8002
4586.6963 0.7982
4587.7539 0.7968
4588.8091 0.7963
4589.8647 0.7967
4590.9233 0.7976
4591.9795 0.7981
4593.0386 0.7978
4594.0952 0.7973
4595.1543 0.7975
4596.2114 0.7983
4597.2690 0.7987
4598.3291 0.7990
4599.3867 0.7996
4600.4473 0.8006
4601.5059 0.8008
4602.5669 0.8008
4603.6255 0.8006
4604.6846 0.8001
4605.7466 0.7993
4606.8062 0.7986
4607.8687 0.7988
4608.9287 0.7995
4609.9912 0.7999
4611.0518 0.7998
4612.1128 0.7996
4613.1763 0.7993
4614.2373 0.7991
4615.3013 0.7990
4616.3633 0.7987
4617.4277 0.7980
4618.4897 0.7969
4619.5522 0.7953
4620.6177 0.7933
4621.6807 0.7912
4622.7466 0.7898
4623.8096 0.7894
4624.8760 0.7899
4625.9399 0.7910
4627.0044 0.7920
4628.0713 0.7928
4629.1357 0.7931
4630.2031 0.7928
4631.2686 0.7919
4632.3364 0.7905
4633.4023 0.7891
4634.4678 0.7881
4635.5366 0.7876
4636.6030 0.7873
4637.6724 0.7866
4638.7393 0.7857
4639.8091 0.7855
4640.8765 0.7863
4641.9438 0.7876
4643.0142 0.7882
4644.0825 0.7884
4645.1533 0.7885
4646.2222 0.7886
4647.2935 0.7886
4648.3623 0.7883
4649.4316 0.7877
4650.5039 0.7866
4651.5737 0.7846
4652.6465 0.7830
4653.7168 0.7836
4654.7900 0.7851
4655.8608 0.7858
4656.9346 0.7856
4658.0059 0.7851
4659.0771 0.7841
4660.1519 0.7829
4661.2236 0.7822
4662.2983 0.7821
4663.3711 0.7825
4664.4463 0.7826
4665.5195 0.7815
4666.5928 0.7800
4667.6689 0.7790
4668.7427 0.7783
4669.8193 0.7776
4670.8936 0.7766
4671.9707 0.7762
4673.0454 0.7763
4674.1206 0.7768
4675.1982 0.7771
4676.2739 0.7770
4677.3521 0.7766
4678.4282 0.7765
4679.5073 0.7768
4680.5835 0.7771
4681.6602 0.7768
4682.7397 0.7768
4683.8174 0.7775
4684.8975 0.7784
4685.9751 0.7785
4687.0557 0.7781
4688.1338 0.7774
4689.2124 0.7769
4690.2935 0.7766
4691.3726 0.7763
4692.4546 0.7758
4693.5342 0.7750
4694.6162 0.7740
4695.6963 0.7731
4696.7764 0.7725
4697.8594 0.7720
4698.9404 0.7717
4700.0239 0.7714
4701.1050 0.7712
4702.1890 0.7708
4703.2710 0.7702
4704.3530 0.7690
4705.4375 0.7676
4706.5200 0.7667
4707.6055 0.7664
4708.6885 0.7664
4709.7744 0.7663
4710.8579 0.7663
4711.9414 0.7658
4713.0283 0.7649
4714.1123 0.7641
4715.1992 0.7631
4716.2842 0.7617
4717.3716 0.7610
4718.4570 0.7617
4719.5425 0.7623
4720.6309 0.7622
4721.7168 0.7620
4722.8057 0.7619
4723.8921 0.7616
4724.9814 0.7616
4726.0684 0.7618
4727.1553 0.7615
4728.2456 0.7607
4729.3335 0.7598
4730.4238 0.7592
4731.5122 0.7585
4732.6030 0.7575
4733.6919 0.7564
4734.7808 0.7555
4735.8726 0.7546
4736.9624 0.7540
4738.0547 0.7540
4739.1445 0.7543
4740.2373 0.7544
4741.3276 0.7541
4742.4214 0.7536
4743.5122 0.7529
4744.6035 0.7521
4745.6973 0.7518
4746.7891 0.7521
4747.8838 0.7526
4748.9761 0.7527
4750.0713 0.7525
4751.1641 0.7521
4752.2568 0.7517
4753.3525 0.7513
4754.4463 0.7509
4755.5425 0.7508
4756.6367 0.7504
4757.7334 0.7496
4758.8281 0.7492
4759.9229 0.7490
4761.0205 0.7489
4762.1157 0.7487
4763.2139 0.7481
4764.3096 0.7470
4765.4082 0.7457
4766.5044 0.7447
4767.6011 0.7440
4768.7002 0.7434
4769.7974 0.7435
4770.8975 0.7441
4771.9951 0.7444
4773.0952 0.7442
4774.1934 0.7437
4775.2915 0.7431
4776.3926 0.7428
4777.4917 0.7429
4778.5933 0.7429
4779.6924 0.7428
4780.7949 0.7426
4781.8945 0.7423
4782.9946 0.7418
4784.0977 0.7412
4785.1982 0.7405
4786.3018 0.7400
4787.4028 0.7402
4788.5068 0.7411
4789.6084 0.7415
4790.7100 0.7413
4791.8149 0.7410
4792.9170 0.7402
4794.0225 0.7394
4795.1255 0.7391
4796.2310 0.7391
4797.3345 0.7386
4798.4380 0.7380
4799.5444 0.7378
4800.6489 0.7379
4801.7559 0.7378
4802.8604 0.7377
4803.9678 0.7373
4805.0732 0.7365
4806.1782 0.7355
4807.2866 0.7344
4808.3926 0.7334
4809.5015 0.7328
4810.6079 0.7328
4811.7173 0.7331
4812.8242 0.7334
4813.9312 0.7336
4815.0415 0.7337
4816.1489 0.7334
4817.2598 0.7329
4818.3677 0.7325
4819.4790 0.7325
4820.5879 0.7327
4821.6968 0.7323
4822.8086 0.7316
4823.9180 0.7310
4825.0303 0.7301
4826.1401 0.7284
4827.2534 0.7265
4828.3638 0.7250
4829.4771 0.7242
4830.5884 0.7242
4831.6992 0.7248
4832.8135 0.7253
4833.9253 0.7252
4835.0400 0.7244
4836.1523 0.7237
4837.2676 0.7230
4838.3804 0.7220
4839.4937 0.7208
4840.6094 0.7194
4841.7231 0.7184
4842.8394 0.7173
4843.9536 0.7158
4845.0708 0.7135
4846.1851 0.7106
4847.3003 0.7082
4848.4180 0.7062
4849.5332 0.7030
4850.6514 0.6989
4851.7676 0.6940
4852.8862 0.6885
4854.0024 0.6826
4855.1191 0.6760
4856.2388 0.6684
4857.3560 0.6593
4858.4761 0.6479
4859.5938 0.6343
4860.7144 0.6191
4861.8325 0.6030
4862.9512 0.5866
4864.0723 0.5713
4865.1914 0.5599
4866.3135 0.5568
4867.4326 0.5630
4868.5552 0.5759
4869.6753 0.5909
4870.7954 0.6065
4871.9189 0.6216
4873.0396 0.6348
4874.1631 0.6460
4875.2847 0.6558
4876.4087 0.6643
4877.5308 0.6713
4878.6528 0.6769
4879.7778 0.6815
4880.9004 0.6858
4882.0259 0.6900
4883.1489 0.6936
4884.2749 0.6966
4885.3984 0.6993
4886.5225 0.7012
4887.6494 0.7024
4888.7734 0.7031
4889.9009 0.7037
4891.0259 0.7047
4892.1538 0.7056
4893.2793 0.7059
4894.4048 0.7057
4895.5337 0.7059
4896.6597 0.7064
4897.7891 0.7069
4898.9155 0.7076
4900.0454 0.7088
4901.1724 0.7096
4902.2998 0.7094
4903.4307 0.7090
4904.5586 0.7091
4905.6895 0.7091
4906.8179 0.7089
4907.9497 0.7088
4909.0786 0.7088
4910.2080 0.7087
4911.3403 0.7087
4912.4702 0.7087
4913.6030 0.7083
4914.7334 0.7077
4915.8667 0.7072
4916.9976 0.7069
4918.1313 0.7066
4919.2627 0.7067
4920.3945 0.7068
4921.5288 0.7066
4922.6611 0.7056
4923.7964 0.7040
4924.9292 0.7021
4926.0649 0.7001
4927.1978 0.6985
4928.3315 0.6981
4929.4678 0.6993
4930.6021 0.7014
4931.7388 0.7037
4932.8735 0.7052
4934.0107 0.7051
4935.1460 0.7042
4936.2812 0.7035
4937.4194 0.7029
4938.5557 0.7024
4939.6943 0.7022
4940.8306 0.7018
4941.9702 0.7012
4943.1069 0.7010
4944.2441 0.7013
4945.3843 0.7017
4946.5220 0.7018
4947.6626 0.7017
4948.8008 0.7012
4949.9419 0.7007
4951.0806 0.7002
4952.2197 0.6999
4953.3618 0.6993
4954.5010 0.6986
4955.6436 0.6980
4956.7837 0.6976
4957.9268 0.6973
4959.0674 0.6965
4960.2080 0.6957
4961.3521 0.6952
4962.4932 0.6947
4963.6377 0.6943
4964.7793 0.6945
4965.9243 0.6948
4967.0669 0.6952
4968.2095 0.6954
4969.3550 0.6954
4970.4980 0.6950
4971.6445 0.6938
4972.7881 0.6927
4973.9351 0.6925
4975.0791 0.6930
4976.2236 0.6938
4977.3711 0.6942
4978.5161 0.6937
4979.6641 0.6931
4980.8096 0.6926
4981.9585 0.6923
4983.1045 0.6920
4984.2510 0.6917
4985.4004 0.6913
4986.5469 0.6907
4987.6968 0.6897
4988.8442 0.6888
4989.9946 0.6883
4991.1426 0.6884
4992.2910 0.6884
4993.4419 0.6883
4994.5908 0.6878
4995.7427 0.6871
4996.8921 0.6865
4998.0439 0.6864
4999.1938 0.6865
5000.3438 0.6860
5001.4971 0.6853
5002.6475 0.6847
5003.8013 0.6841
5004.9521 0.6830
5006.1064 0.6820
5007.2583 0.6813
5008.4126 0.6809
5009.5649 0.6812
5010.7173 0.6815
5011.8730 0.6814
5013.0259 0.6811
5014.1816 0.6810
5015.3354 0.6810
5016.4917 0.6805
5017.6460 0.6797
5018.8003 0.6787
5019.9575 0.6771
5021.1123 0.6752
5022.2700 0.6735
5023.4258 0.6724
5024.5840 0.6724
5025.7397 0.6738
5026.8960 0.6756
5028.0552 0.6770
5029.2119 0.6778
5030.3716 0.6775
5031.5288 0.6766
5032.6890 0.6759
5033.8472 0.6754
5035.0049 0.6752
5036.1660 0.6750
5037.3247 0.6746
5038.4863 0.6739
5039.6455 0.6732
5040.8076 0.6733
5041.9668 0.6736
5043.1270 0.6731
5044.2900 0.6716
5045.4502 0.6700
5046.6138 0.6694
5047.7749 0.6703
5048.9390 0.6714
5050.1001 0.6719
5051.2622 0.6718
5052.4268 0.6716
5053.5894 0.6715
5054.7544 0.6710
5055.9175 0.6707
5057.0830 0.6706
5058.2466 0.6693
5059.4102 0.6668
5060.5771 0.6647
5061.7412 0.6645
5062.9082 0.6660
5064.0732 0.6679
5065.2407 0.6691
5066.4062 0.6691
5067.5718 0.6683
5068.7402 0.6675
5069.9062 0.6671
5071.0752 0.6669
5072.2417 0.6667
5073.4116 0.6666
5074.5786 0.6666
5075.7461 0.6661
5076.9165 0.6653
5078.0845 0.6648
5079.2554 0.6647
5080.4238 0.6645
5081.5957 0.6641
5082.7646 0.6642
5083.9336 0.6648
5085.1060 0.6647
5086.2759 0.6641
5087.4487 0.6636
5088.6191 0.6632
5089.7925 0.6628
5090.9634 0.6630
5092.1348 0.6630
5093.3091 0.6625
5094.4805 0.6619
5095.6553 0.6617
5096.8276 0.6615
5098.0029 0.6616
5099.1758 0.6615
5100.3516 0.6611
5101.5249 0.6605
5102.6987 0.6599
5103.8750 0.6591
5105.0493 0.6588
5106.2266 0.6586
5107.4014 0.6586
5108.5791 0.6589
5109.7544 0.6592
5110.9297 0.6594
5112.1084 0.6597
5113.2842 0.6596
5114.4634 0.6589
5115.6401 0.6582
5116.8198 0.6578
5117.9966 0.6580
5119.1743 0.6583
5120.3545 0.6583
5121.5327 0.6580
5122.7134 0.6575
5123.8921 0.6569
5125.0737 0.6564
5126.2524 0.6559
5127.4321 0.6554
5128.6143 0.6554
5129.7939 0.6553
5130.9771 0.6546
5132.1572 0.6537
5133.3408 0.6528
5134.5220 0.6521
5135.7031 0.6517
5136.8872 0.6517
5138.0688 0.6516
5139.2539 0.6515
5140.4360 0.6516
5141.6216 0.6518
5142.8042 0.6517
5143.9873 0.6513
5145.1738 0.6510
5146.3574 0.6510
5147.5439 0.6507
5148.7280 0.6499
5149.9155 0.6493
5151.1001 0.6494
5152.2852 0.6495
5153.4731 0.6492
5154.6587 0.6486
5155.8477 0.6481
5157.0337 0.6478
5158.2227 0.6478
5159.4097 0.6477
5160.5962 0.6474
5161.7861 0.6473
5162.9736 0.6473
5164.1646 0.6469
5165.3525 0.6467
5166.5435 0.6468
5167.7319 0.6465
5168.9209 0.6454
5170.1128 0.6436
5171.3022 0.6413
5172.4946 0.6391
5173.6846 0.6376
5174.8779 0.6371
5176.0684 0.6381
5177.2588 0.6398
5178.4526 0.6411
5179.6440 0.6423
5180.8384 0.6438
5182.0303 0.6442
5183.2251 0.6439
5184.4175 0.6434
5185.6104 0.6420
5186.8062 0.6398
5187.9995 0.6381
5189.1958 0.6373
5190.3896 0.6372
5191.5864 0.6381
5192.7808 0.6391
5193.9780 0.6394
5195.1729 0.6393
5196.3682 0.6392
5197.5664 0.6394
5198.7622 0.6391
5199.9609 0.6384
5201.1572 0.6376
5202.3564 0.6369
5203.5532 0.6365
5204.7505 0.6370
5205.9507 0.6381
5207.1484 0.6387
5208.3491 0.6385
5209.5474 0.6376
5210.7485 0.6369
5211.9473 0.6366
5213.1460 0.6368
5214.3481 0.6371
5215.5479 0.6373
5216.7505 0.6372
5217.9507 0.6363
5219.1538 0.6356
5220.3545 0.6354
5221.5557 0.6346
5222.7598 0.6338
5223.9609 0.6343
5225.1655 0.6355
5226.3677 0.6357
5227.5728 0.6344
5228.7754 0.6327
5229.9785 0.6310
5231.1846 0.6294
5232.3877 0.6285
5233.5942 0.6292
5234.7983 0.6303
5236.0054 0.6309
5237.2100 0.6305
5238.4150 0.6294
5239.6230 0.6279
5240.8281 0.6272
5242.0366 0.6275
5243.2427 0.6283
5244.4517 0.6293
5245.6582 0.6303
5246.8652 0.6313
5248.0747 0.6325
5249.2822 0.6320
5250.4927 0.6303
5251.7007 0.6291
5252.9116 0.6291
5254.1201 0.6284
5255.3286 0.6280
5256.5405 0.6280
5257.7500 0.6281
5258.9624 0.6280
5260.1724 0.6275
5261.3853 0.6267
5262.5957 0.6261
5263.8062 0.6258
5265.0200 0.6252
5266.2310 0.6244
5267.4458 0.6235
5268.6572 0.6226
5269.8721 0.6217
5271.0845 0.6212
5272.2974 0.6216
5273.5132 0.6223
5274.7261 0.6227
5275.9424 0.6224
5277.1562 0.6214
5278.3730 0.6202
5279.5874 0.6193
5280.8047 0.6188
5282.0195 0.6186
5283.2349 0.6190
5284.4531 0.6199
5285.6689 0.6201
5286.8877 0.6196
5288.1040 0.6195
5289.3232 0.6200
5290.5400 0.6204
5291.7573 0.6208
5292.9775 0.6213
5294.1953 0.6213
5295.4160 0.6208
5296.6343 0.6199
5297.8555 0.6192
5299.0742 0.6187
5300.2935 0.6183
5301.5156 0.6183
5302.7354 0.6185
5303.9580 0.6186
5305.1782 0.6181
5306.4014 0.6174
5307.6221 0.6167
5308.8433 0.6163
5310.0674 0.6159
5311.2891 0.6155
5312.5137 0.6155
5313.7358 0.6154
5314.9614 0.6150
5316.1841 0.6149
5317.4072 0.6145
5318.6333 0.6130
5319.8569 0.6106
5321.0835 0.6091
5322.3076 0.6092
5323.5347 0.6102
5324.7598 0.6117
5325.9844 0.6132
5327.2129 0.6137
5328.4380 0.6128
5329.6670 0.6113
5330.8931 0.6100
5332.1221 0.6094
5333.3491 0.6092
5334.5757 0.6088
5335.8062 0.6086
5337.0337 0.6092
5338.2642 0.6100
5339.4922 0.6100
5340.7236 0.6093
5341.9521 0.6088
5343.1812 0.6083
5344.4131 0.6078
5345.6426 0.6076
5346.8755 0.6079
5348.1055 0.6085
5349.3389 0.6089
5350.5693 0.6089
5351.8003 0.6085
5353.0342 0.6082
5354.2656 0.6079
5355.5005 0.6077
5356.7324 0.6078
5357.9678 0.6078
5359.2002 0.6080
5360.4331 0.6081
5361.6694 0.6078
5362.9028 0.6074
5364.1392 0.6065
5365.3735 0.6050
5366.6108 0.6040
5367.8452 0.6034
5369.0801 0.6031
5370.3184 0.6030
5371.5537 0.6034
5372.7925 0.6034
5374.0283 0.6030
5375.2676 0.6027
5376.5039 0.6028
5377.7441 0.6033
5378.9810 0.6035
5380.2183 0.6033
5381.4590 0.6032
5382.6973 0.6029
5383.9385 0.6023
5385.1768 0.6017
5386.4189 0.6012
5387.6577 0.6008
5388.8975 0.6004
5390.1401 0.6005
5391.3799 0.6009
5392.6230 0.6011
5393.8638 0.6010
5395.1074 0.6007
5396.3486 0.6002
5397.5903 0.5999
5398.8350 0.5995
5400.0767 0.5990
5401.3223 0.5989
5402.5645 0.5985
5403.8105 0.5984
5405.0537 0.5982
5406.2969 0.5974
5407.5439 0.5962
5408.7876 0.5956
5410.0352 0.5961
5411.2798 0.5964
5412.5273 0.5960
5413.7725 0.5957
5415.0181 0.5959
5416.2666 0.5961
5417.5127 0.5958
5418.7617 0.5953
5420.0083 0.5947
5421.2583 0.5944
5422.5054 0.5948
5423.7529 0.5952
5425.0034 0.5950
5426.2515 0.5945
5427.5029 0.5940
5428.7515 0.5936
5430.0034 0.5930
5431.2524 0.5925
5432.5020 0.5920
5433.7549 0.5919
5435.0049 0.5920
5436.2578 0.5922
5437.5088 0.5922
5438.7627 0.5920
5440.0137 0.5917
5441.2651 0.5917
5442.5200 0.5921
5443.7720 0.5926
5445.0273 0.5928
5446.2798 0.5920
5447.5356 0.5910
5448.7891 0.5906
5450.0425 0.5905
5451.2993 0.5906
5452.5532 0.5909
5453.8105 0.5911
5455.0654 0.5909
5456.3232 0.5906
5457.5786 0.5901
5458.8340 0.5894
5460.0928 0.5887
5461.3486 0.5886
5462.6084 0.5889
5463.8647 0.5893
5465.1250 0.5892
5466.3823 0.5884
5467.6396 0.5874
5468.9004 0.5869
5470.1587 0.5866
5471.4199 0.5861
5472.6787 0.5858
5473.9404 0.5858
5475.1997 0.5859
5476.4624 0.5859
5477.7222 0.5858
5478.9824 0.5855
5480.2461 0.5851
5481.5068 0.5847
5482.7705 0.5845
5484.0322 0.5841
5485.2964 0.5840
5486.5586 0.5842
5487.8208 0.5842
5489.0859 0.5841
5490.3491 0.5840
5491.6147 0.5837
5492.8784 0.5834
5494.1450 0.5832
5495.4087 0.5829
5496.6729 0.5824
5497.9404 0.5819
5499.2056 0.5820
5500.4736 0.5822
5501.7388 0.5823
5503.0073 0.5824
5504.2734 0.5821
5505.5396 0.5817
5506.8096 0.5815
5508.0762 0.5812
5509.3462 0.5805
5510.6138 0.5799
5511.8843 0.5798
5513.1523 0.5800
5514.4209 0.5801
5515.6924 0.5802
5516.9614 0.5802
5518.2334 0.5803
5519.5029 0.5805
5520.7759 0.5808
5522.0459 0.5809
5523.3159 0.5807
5524.5898 0.5802
5525.8608 0.5802
5527.1348 0.5802
5528.4062 0.5796
5529.6812 0.5785
5530.9536 0.5774
5532.2256 0.5768
5533.5015 0.5769
5534.7744 0.5772
5536.0508 0.5770
5537.3242 0.5768
5538.6011 0.5767
5539.8755 0.5765
5541.1499 0.5765
5542.4277 0.5771
5543.7026 0.5778
5544.9810 0.5781
5546.2568 0.5776
5547.5356 0.5771
5548.8115 0.5767
5550.0884 0.5764
5551.3682 0.5760
5552.6450 0.5760
5553.9258 0.5759
5555.2031 0.5761
5556.4844 0.5762
5557.7627 0.5760
5559.0410 0.5758
5560.3232 0.5757
5561.6021 0.5756
5562.8848 0.5756
5564.1646 0.5754
5565.4473 0.5751
5566.7280 0.5747
5568.0083 0.5741
5569.2925 0.5737
5570.5737 0.5738
5571.8579 0.5738
5573.1401 0.5736
5574.4253 0.5733
5575.7075 0.5730
5576.9932 0.5728
5578.2764 0.5726
5579.5596 0.5724
5580.8462 0.5722
5582.1299 0.5722
5583.4170 0.5722
5584.7017 0.5722
5585.9893 0.5721
5587.2744 0.5721
5588.5601 0.5718
5589.8486 0.5710
5591.1348 0.5703
5592.4238 0.5699
5593.7104 0.5698
5595.0005 0.5698
5596.2876 0.5698
5597.5747 0.5696
5598.8657 0.5697
5600.1538 0.5698
5601.4448 0.5696
5602.7334 0.5693
5604.0254 0.5688
5605.3149 0.5686
5606.6045 0.5687
5607.8970 0.5684
5609.1870 0.5681
5610.4805 0.5681
5611.7715 0.5682
5613.0654 0.5682
5614.3569 0.5682
5615.6484 0.5683
5616.9434 0.5679
5618.2354 0.5672
5619.5308 0.5666
5620.8237 0.5663
5622.1201 0.5661
5623.4131 0.5659
5624.7070 0.5658
5626.0039 0.5660
5627.2983 0.5662
5628.5957 0.5659
5629.8906 0.5655
5631.1890 0.5653
5632.4844 0.5653
5633.7803 0.5652
5635.0791 0.5648
5636.3755 0.5646
5637.6753 0.5650
5638.9722 0.5648
5640.2725 0.5643
5641.5703 0.5638
5642.8682 0.5635
5644.1694 0.5633
5645.4678 0.5632
5646.7695 0.5629
5648.0684 0.5624
5649.3711 0.5621
5650.6704 0.5621
5651.9707 0.5622
5653.2739 0.5621
5654.5742 0.5621
5655.8784 0.5621
5657.1797 0.5617
5658.4839 0.5611
5659.7856 0.5607
5661.0879 0.5603
5662.3931 0.5598
5663.6958 0.5595
5665.0020 0.5593
5666.3052 0.5594
5667.6118 0.5596
5668.9155 0.5597
5670.2197 0.5593
5671.5273 0.5590
5672.8320 0.5588
5674.1401 0.5586
5675.4453 0.5586
5676.7539 0.5588
5678.0601 0.5588
5679.3696 0.5587
5680.6758 0.5584
5681.9829 0.5578
5683.2930 0.5571
5684.6006 0.5567
5685.9111 0.5567
5687.2192 0.5565
5688.5308 0.5561
5689.8394 0.5558
5691.1484 0.5556
5692.4609 0.5554
5693.7705 0.5554
5695.0835 0.5552
5696.3936 0.5550
5697.7070 0.5548
5699.0176 0.5547
5700.3286 0.5545
5701.6431 0.5542
5702.9551 0.5538
5704.2700 0.5535
5705.5825 0.5535
5706.8979 0.5536
5708.2109 0.5533
5709.5239 0.5528
5710.8408 0.5524
5712.1543 0.5521
5713.4717 0.5520
5714.7861 0.5518
5716.1040 0.5517
5717.4189 0.5514
5718.7339 0.5512
5720.0527 0.5510
5721.3687 0.5508
5722.6880 0.5504
5724.0044 0.5503
5725.3242 0.5503
5726.6416 0.5501
5727.9590 0.5498
5729.2798 0.5495
5730.5977 0.5492
5731.9194 0.5488
5733.2378 0.5486
5734.5601 0.5485
5735.8794 0.5482
5737.1987 0.5479
5738.5215 0.5479
5739.8418 0.5480
5741.1655 0.5479
5742.4863 0.5478
5743.8105 0.5478
5745.1318 0.5475
5746.4536 0.5471
5747.7783 0.5469
5749.1006 0.5466
5750.4268 0.5462
5751.7495 0.5458
5753.0757 0.5457
5754.3994 0.5455
5755.7231 0.5451
5757.0503 0.5449
5758.3745 0.5447
5759.7026 0.5446
5761.0273 0.5446
5762.3560 0.5444
5763.6816 0.5441
5765.0078 0.5440
5766.3369 0.5441
5767.6636 0.5440
5768.9937 0.5436
5770.3208 0.5432
5771.6514 0.5428
5772.9790 0.5426
5774.3071 0.5427
5775.6387 0.5424
5776.9673 0.5420
5778.2993 0.5421
5779.6289 0.5420
5780.9614 0.5414
5782.2915 0.5411
5783.6250 0.5408
5784.9556 0.5401
5786.2861 0.5396
5787.6206 0.5400
5788.9521 0.5403
5790.2871 0.5403
5791.6191 0.5402
5792.9546 0.5399
5794.2871 0.5396
5795.6201 0.5395
5796.9565 0.5396
5798.2900 0.5394
5799.6274 0.5393
5800.9614 0.5392
5802.2993 0.5388
5803.6338 0.5386
5804.9692 0.5385
5806.3076 0.5384
5807.6436 0.5383
5808.9824 0.5385
5810.3188 0.5386
5811.6587 0.5385
5812.9956 0.5385
5814.3330 0.5385
5815.6738 0.5384
5817.0117 0.5382
5818.3530 0.5378
5819.6914 0.5376
5821.0337 0.5374
5822.3726 0.5370
5823.7119 0.5369
5825.0552 0.5370
5826.3950 0.5369
5827.7388 0.5366
5829.0791 0.5365
5830.4233 0.5364
5831.7646 0.5362
5833.1064 0.5360
5834.4517 0.5358
5835.7935 0.5358
5837.1396 0.5358
5838.4824 0.5356
5839.8286 0.5353
5841.1719 0.5351
5842.5156 0.5349
5843.8633 0.5348
5845.2075 0.5348
5846.5552 0.5347
5847.9004 0.5344
5849.2490 0.5342
5850.5942 0.5340
5851.9404 0.5338
5853.2896 0.5337
5854.6362 0.5336
5855.9863 0.5335
5857.3335 0.5334
5858.6841 0.5332
5860.0322 0.5330
5861.3799 0.5326
5862.7319 0.5322
5864.0806 0.5321
5865.4326 0.5320
5866.7822 0.5318
5868.1348 0.5318
5869.4849 0.5319
5870.8350 0.5318
5872.1890 0.5316
5873.5400 0.5313
5874.8940 0.5311
5876.2456 0.5310
5877.6006 0.5305
5878.9531 0.5298
5880.3052 0.5289
5881.6611 0.5283
5883.0146 0.5286
5884.3711 0.5292
5885.7246 0.5294
5887.0820 0.5292
5888.4365 0.5290
5889.7939 0.5286
5891.1489 0.5279
5892.5044 0.5266
5893.8633 0.5244
5895.2192 0.5219
5896.5786 0.5220
5897.9351 0.5241
5899.2949 0.5247
5900.6523 0.5233
5902.0098 0.5226
5903.3706 0.5239
5904.7285 0.5253
5906.0903 0.5259
5907.4487 0.5264
5908.8110 0.5265
5910.1704 0.5265
5911.5303 0.5265
5912.8931 0.5264
5914.2534 0.5262
5915.6172 0.5261
5916.9780 0.5259
5918.3428 0.5258
5919.7041 0.5255
5921.0659 0.5253
5922.4312 0.5250
5923.7939 0.5246
5925.1597 0.5245
5926.5229 0.5248
5927.8896 0.5246
5929.2534 0.5245
5930.6172 0.5248
5931.9849 0.5251
5933.3496 0.5247
5934.7178 0.5242
5936.0830 0.5239
5937.4517 0.5237
5938.8179 0.5237
5940.1841 0.5238
5941.5537 0.5237
5942.9204 0.5235
5944.2910 0.5228
5945.6587 0.5222
5947.0298 0.5221
5948.3975 0.5224
5949.7661 0.5224
5951.1382 0.5220
5952.5073 0.5219
5953.8799 0.5216
5955.2495 0.5214
5956.6226 0.5215
5957.9932 0.5215
5959.3638 0.5210
5960.7378 0.5205
5962.1094 0.5198
5963.4839 0.5195
5964.8560 0.5197
5966.2314 0.5200
5967.6040 0.5202
5968.9766 0.5203
5970.3530 0.5203
5971.7266 0.5201
5973.1035 0.5197
5974.4780 0.5195
5975.8555 0.5196
5977.2305 0.5197
5978.6055 0.5196
5979.9839 0.5193
5981.3599 0.5186
5982.7388 0.5178
5984.1152 0.5174
5985.4951 0.5174
5986.8721 0.5178
5988.2495 0.5182
5989.6304 0.5182
5991.0083 0.5181
5992.3896 0.5180
5993.7681 0.5175
5995.1504 0.5170
5996.5298 0.5169
5997.9126 0.5171
5999.2920 0.5169
6000.6724 0.5171
6002.0562 0.5172
6003.4370 0.5169
6004.8213 0.5166
6006.2026 0.5167
6007.5874 0.5165
6008.9697 0.5162
6010.3521 0.5160
6011.7378 0.5162
6013.1211 0.5165
6014.5078 0.5166
6015.8911 0.5162
6017.2783 0.5157
6018.6626 0.5155
6020.0474 0.5155
6021.4355 0.5157
6022.8208 0.5158
6024.2095 0.5155
6025.5957 0.5153
6026.9849 0.5150
6028.3716 0.5149
6029.7583 0.5148
6031.1489 0.5149
6032.5361 0.5148
6033.9272 0.5149
6035.3154 0.5150
6036.7070 0.5150
6038.0957 0.5148
6039.4849 0.5149
6040.8774 0.5148
6042.2671 0.5145
6043.6606 0.5141
6045.0508 0.5140
6046.4448 0.5140
6047.8359 0.5138
6049.2271 0.5139
6050.6221 0.5139
6052.0142 0.5137
6053.4097 0.5135
6054.8022 0.5133
6056.1982 0.5133
6057.5918 0.5135
6058.9854 0.5133
6060.3823 0.5131
6061.7764 0.5129
6063.1743 0.5129
6064.5693 0.5130
6065.9678 0.5131
6067.3633 0.5130
6068.7588 0.5128
6070.1582 0.5127
6071.5547 0.5128
6072.9551 0.5128
6074.3521 0.5126
6075.7529 0.5125
6077.1504 0.5124
6078.5483 0.5123
6079.9502 0.5122
6081.3491 0.5122
6082.7515 0.5121
6084.1504 0.5120
6085.5537 0.5117
6086.9536 0.5115
6088.3540 0.5115
6089.7578 0.5113
6091.1587 0.5111
6092.5635 0.5110
6093.9648 0.5112
6095.3701 0.5113
6096.7725 0.5112
6098.1782 0.5110
6099.5811 0.5109
6100.9844 0.5110
6102.3911 0.5110
6103.7949 0.5106
6105.2026 0.5102
6106.6069 0.5101
6108.0151 0.5099
6109.4204 0.5099
6110.8257 0.5099
6112.2349 0.5101
6113.6411 0.5103
6115.0508 0.5102
6116.4575 0.5099
6117.8682 0.5096
6119.2754 0.5095
6120.6831 0.5094
6122.0947 0.5093
6123.5029 0.5093
6124.9150 0.5093
6126.3242 0.5093
6127.7368 0.5089
6129.1465 0.5085
6130.5566 0.5085
6131.9702 0.5087
6133.3809 0.5084
6134.7954 0.5083
6136.2065 0.5081
6137.6216 0.5079
6139.0337 0.5078
6140.4458 0.5078
6141.8618 0.5076
6143.2749 0.5072
6144.6914 0.5068
6146.1050 0.5068
6147.5220 0.5070
6148.9365 0.5068
6150.3511 0.5063
6151.7690 0.5056
6153.1846 0.5054
6154.6035 0.5054
6156.0190 0.5054
6157.4390 0.5054
6158.8555 0.5051
6160.2720 0.5042
6161.6929 0.5031
6163.1104 0.5024
6164.5312 0.5024
6165.9497 0.5030
6167.3711 0.5039
6168.7900 0.5047
6170.2095 0.5049
6171.6323 0.5049
6173.0518 0.5048
6174.4756 0.5047
6175.8960 0.5044
6177.3198 0.5043
6178.7412 0.5043
6180.1626 0.5044
6181.5874 0.5042
6183.0098 0.5039
6184.4355 0.5037
6185.8579 0.5037
6187.2847 0.5037
6188.7080 0.5037
6190.1318 0.5037
6191.5591 0.5036
6192.9834 0.5033
6194.4116 0.5032
6195.8364 0.5030
6197.2651 0.5030
6198.6909 0.5030
6200.1172 0.5026
6201.5469 0.5021
6202.9731 0.5020
6204.4038 0.5019
6205.8311 0.5019
6207.2622 0.5018
6208.6899 0.5019
6210.1216 0.5016
6211.5503 0.5016
6212.9795 0.5014
6214.4121 0.5010
6215.8418 0.5007
6217.2749 0.5007
6218.7056 0.5005
6220.1392 0.5001
6221.5703 0.4999
6223.0015 0.4997
6224.4365 0.4996
6225.8687 0.4996
6227.3042 0.4994
6228.7368 0.4991
6230.1729 0.4992
6231.6064 0.4990
6233.0400 0.4986
6234.4771 0.4984
6235.9116 0.4980
6237.3496 0.4980
6238.7842 0.4978
6240.2231 0.4974
6241.6587 0.4970
6243.0942 0.4965
6244.5342 0.4962
6245.9707 0.4962
6247.4111 0.4964
6248.8481 0.4964
6250.2891 0.4960
6251.7271 0.4952
6253.1650 0.4951
6254.6069 0.4950
6256.0459 0.4952
6257.4888 0.4957
6258.9282 0.4960
6260.3716 0.4958
6261.8115 0.4959
6263.2520 0.4958
6264.6963 0.4958
6266.1377 0.4955
6267.5825 0.4953
6269.0244 0.4952
6270.4702 0.4952
6271.9126 0.4949
6273.3555 0.4944
6274.8022 0.4939
6276.2456 0.4936
6277.6929 0.4937
6279.1372 0.4937
6280.5850 0.4930
6282.0298 0.4893
6283.4751 0.4859
6284.9238 0.4857
6286.3696 0.4879
6287.8193 0.4893
6289.2661 0.4903
6290.7163 0.4913
6292.1636 0.4918
6293.6108 0.4915
6295.0620 0.4910
6296.5103 0.4906
6297.9624 0.4903
6299.4111 0.4901
6300.8638 0.4900
6302.3135 0.4900
6303.7632 0.4900
6305.2168 0.4899
6306.6675 0.4901
6308.1216 0.4898
6309.5728 0.4897
6311.0278 0.4899
6312.4795 0.4899
6313.9316 0.4904
6315.3877 0.4899
6316.8403 0.4898
6318.2974 0.4899
6319.7510 0.4898
6321.2080 0.4895
6322.6621 0.4897
6324.1201 0.4896
6325.5752 0.4894
6327.0303 0.4897
6328.4893 0.4899
6329.9453 0.4897
6331.4048 0.4897
6332.8613 0.4899
6334.3218 0.4899
6335.7788 0.4897
6337.2363 0.4896
6338.6978 0.4894
6340.1558 0.4891
6341.6182 0.4892
6343.0767 0.4893
6344.5396 0.4892
6345.9990 0.4891
6347.4590 0.4890
6348.9229 0.4881
6350.3833 0.4867
6351.8477 0.4854
6353.3091 0.4849
6354.7739 0.4853
6356.2358 0.4865
6357.6982 0.4877
6359.1641 0.4882
6360.6270 0.4882
6362.0938 0.4881
6363.5576 0.4881
6365.0249 0.4879
6366.4893 0.4881
6367.9536 0.4881
6369.4224 0.4879
6370.8877 0.4879
6372.3564 0.4876
6373.8228 0.4869
6375.2925 0.4860
6376.7588 0.4853
6378.2261 0.4852
6379.6968 0.4858
6381.1646 0.4868
6382.6357 0.4875
6384.1040 0.4876
6385.5762 0.4871
6387.0454 0.4868
6388.5146 0.4868
6389.9878 0.4867
6391.4580 0.4866
6392.9316 0.4867
6394.4023 0.4867
6395.8770 0.4867
6397.3481 0.4868
6398.8198 0.4867
6400.2954 0.4864
6401.7681 0.4864
6403.2441 0.4863
6404.7173 0.4861
6406.1943 0.4858
6407.6680 0.4856
6409.1421 0.4855
6410.6196 0.4856
6412.0947 0.4857
6413.5732 0.4857
6415.0488 0.4857
6416.5278 0.4860
6418.0039 0.4858
6419.4805 0.4854
6420.9609 0.4851
6422.4380 0.4848
6423.9189 0.4846
6425.3970 0.4848
6426.8784 0.4849
6428.3569 0.4850
6429.8359 0.4853
6431.3184 0.4853
6432.7979 0.4850
6434.2812 0.4848
6435.7617 0.4846
6437.2456 0.4844
6438.7266 0.4843
6440.2114 0.4843
6441.6929 0.4842
6443.1748 0.4841
6444.6606 0.4840
6446.1431 0.4837
6447.6294 0.4836
6449.1128 0.4836
6450.6001 0.4838
6452.0840 0.4838
6453.5684 0.4836
6455.0566 0.4835
6456.5415 0.4830
6458.0303 0.4824
6459.5161 0.4817
6461.0054 0.4809
6462.4917 0.4806
6463.9785 0.4806
6465.4692 0.4811
6466.9565 0.4819
6468.4478 0.4824
6469.9360 0.4823
6471.4277 0.4824
6472.9165 0.4824
6474.4058 0.4825
6475.8984 0.4825
6477.3882 0.4825
6478.8818 0.4823
6480.3726 0.4816
6481.8667 0.4813
6483.3579 0.4815
6484.8496 0.4815
6486.3447 0.4813
6487.8369 0.4811
6489.3330 0.4807
6490.8262 0.4809
6492.3228 0.4813
6493.8164 0.4813
6495.3101 0.4810
6496.8081 0.4805
6498.3027 0.4799
6499.8013 0.4794
6501.2964 0.4792
6502.7954 0.4791
6504.2915 0.4791
6505.7876 0.4793
6507.2881 0.4793
6508.7852 0.4796
6510.2861 0.4798
6511.7837 0.4796
6513.2852 0.4793
6514.7837 0.4790
6516.2822 0.4789
6517.7852 0.4786
6519.2842 0.4782
6520.7876 0.4778
6522.2876 0.4774
6523.7920 0.4773
6525.2925 0.4774
6526.7939 0.4778
6528.2988 0.4779
6529.8008 0.4778
6531.3062 0.4776
6532.8091 0.4774
6534.3154 0.4773
6535.8184 0.4769
6537.3223 0.4765
6538.8296 0.4761
6540.3340 0.4756
6541.8423 0.4751
6543.3472 0.4747
6544.8560 0.4740
6546.3613 0.4732
6547.8677 0.4721
6549.3774 0.4708
6550.8843 0.4695
6552.3945 0.4683
6553.9019 0.4668
6555.4136 0.4651
6556.9214 0.4629
6558.4336 0.4599
6559.9424 0.4562
6561.4512 0.4523
6562.9644 0.4481
6564.4741 0.4450
6565.9878 0.4433
6567.4985 0.4399
6569.0127 0.4367
6570.5239 0.4390
6572.0356 0.4429
6573.5513 0.4447
6575.0635 0.4471
6576.5796 0.4507
6578.0923 0.4547
6579.6094 0.4581
6581.1230 0.4611
6582.6372 0.4636
6584.1548 0.4655
6585.6694 0.4669
6587.1885 0.4682
6588.7036 0.4693
6590.2231 0.4701
6591.7393 0.4707
6593.2554 0.4712
6594.7759 0.4715
6596.2930 0.4717
6597.8140 0.4720
6599.3320 0.4724
6600.8535 0.4729
6602.3721 0.4729
6603.8911 0.4728
6605.4141 0.4730
6606.9336 0.4731
6608.4570 0.4730
6609.9771 0.4730
6611.5015 0.4728
6613.0225 0.4728
6614.5439 0.4729
6616.0693 0.4728
6617.5913 0.4726
6619.1172 0.4724
6620.6396 0.4724
6622.1665 0.4725
6623.6899 0.4725
6625.2139 0.4723
6626.7417 0.4720
6628.2661 0.4720
6629.7944 0.4721
6631.3198 0.4720
6632.8486 0.4718
6634.3745 0.4716
6635.9009 0.4713
6637.4312 0.4713
6638.9580 0.4714
6640.4888 0.4715
6642.0166 0.4713
6643.5483 0.4712
6645.0767 0.4710
6646.6055 0.4708
6648.1382 0.4707
6649.6675 0.4707
6651.2007 0.4705
6652.7310 0.4700
6654.2651 0.4698
6655.7959 0.4700
6657.3271 0.4700
6658.8623 0.4699
6660.3940 0.4697
6661.9297 0.4696
6663.4624 0.4692
6664.9990 0.4691
6666.5322 0.4689
6668.0659 0.4689
6669.6035 0.4688
6671.1377 0.4686
6672.6763 0.4684
6674.2114 0.4684
6675.7505 0.4681
6677.2861 0.4679
6678.8257 0.4678
6680.3623 0.4676
6681.8989 0.4672
6683.4399 0.4667
6684.9775 0.4664
6686.5190 0.4664
6688.0571 0.4665
6689.5996 0.4662
6691.1382 0.4663
6692.6777 0.4663
6694.2212 0.4660
6695.7607 0.4660
6697.3052 0.4661
6698.8457 0.4659
6700.3906 0.4658
6701.9316 0.4655
6703.4736 0.4653
6705.0195 0.4651
6706.5620 0.4650
6708.1084 0.4649
6709.6519 0.4648
6711.1987 0.4648
6712.7427 0.4647
6714.2871 0.4645
6715.8354 0.4644
6717.3804 0.4641
6718.9292 0.4638
6720.4751 0.4635
6722.0249 0.4632
6723.5713 0.4629
6725.1177 0.4628
6726.6685 0.4627
6728.2163 0.4628
6729.7676 0.4627
6731.3159 0.4627
6732.8682 0.4624
6734.4170 0.4621
6735.9663 0.4621
6737.5195 0.4621
6739.0693 0.4619
6740.6235 0.4615
6742.1743 0.4614
6743.7290 0.4614
6745.2803 0.4614
6746.8320 0.4613
6748.3877 0.4613
6749.9404 0.4611
6751.4966 0.4609
6753.0498 0.4608
6754.6069 0.4608
6756.1611 0.4607
6757.7153 0.4607
6759.2734 0.4606
6760.8286 0.4605
6762.3877 0.4604
6763.9434 0.4602
6765.5029 0.4600
6767.0596 0.4600
6768.6162 0.4600
6770.1772 0.4600
6771.7344 0.4600
6773.2959 0.4599
6774.8540 0.4598
6776.4165 0.4597
6777.9756 0.4597
6779.5347 0.4596
6781.0981 0.4595
6782.6582 0.4594
6784.2222 0.4594
6785.7827 0.4593
6787.3477 0.4592
6788.9092 0.4590
6790.4707 0.4589
6792.0366 0.4588
6793.5991 0.4587
6795.1655 0.4586
6796.7290 0.4586
6798.2964 0.4585
6799.8604 0.4584
6801.4282 0.4582
6802.9927 0.4581
6804.5581 0.4580
6806.1270 0.4579
6807.6929 0.4578
6809.2627 0.4577
6810.8291 0.4576
6812.3994 0.4575
6813.9668 0.4573
6815.5342 0.4572
6817.1060 0.4571
6818.6743 0.4570
6820.2466 0.4569
6821.8154 0.4568
6823.3887 0.4566
6824.9585 0.4565
6826.5283 0.4564
6828.1025 0.4563
6829.6733 0.4562
6831.2485 0.4560
6832.8198 0.4559
6834.3955 0.4558
6835.9678 0.4557
6837.5405 0.4556
6839.1172 0.4555
6840.6904 0.4554
6842.2681 0.4553
6843.8418 0.4552
6845.4199 0.4551
6846.9946 0.4550
6848.5698 0.4549
6850.1494 0.4548
6851.7251 0.4547
6853.3052 0.4546
6854.8818 0.4545
6856.4624 0.4544
6858.0396 0.4543
6859.6177 0.4542
6861.1992 0.4541
6862.7778 0.4540
6864.3604 0.4539
6865.9395 0.4538
6867.5225 0.4537
6869.1025 0.4536
6870.6826 0.4535
6872.2671 0.4534
6873.8481 0.4533
6875.4331 0.4532
6877.0146 0.4531
6878.6006 0.4530
6880.1831 0.4529
6881.7656 0.4528
6883.3525 0.4527
6884.9360 0.4526
6886.5239 0.4526
6888.1079 0.4525
6889.6963 0.4524
6891.2812 0.4523
6892.8667 0.4522
6894.4561 0.4521
6896.0425 0.4520
6897.6323 0.4519
6899.2192 0.4518
6900.8105 0.4517
6902.3979 0.4516
6903.9858 0.4516
6905.5776 0.4515
6907.1665 0.4514
6908.7593 0.4513
6910.3486 0.4512
6911.9419 0.4510
6913.5322 0.4509
6915.1226 0.4509
6916.7173 0.4508
6918.3081 0.4507
6919.9038 0.4506
6921.4956 0.4505
6923.0918 0.4504
6924.6846 0.4504
6926.2812 0.4502
6927.8745 0.4501
6929.4683 0.4500
6931.0664 0.4500
6932.6606 0.4499
6934.2593 0.4498
6935.8545 0.4497
6937.4541 0.4496
6939.0498 0.4496
6940.6460 0.4495
6942.2466 0.4494
6943.8438 0.4493
6945.4448 0.4492
6947.0430 0.4491
6948.6445 0.4490
6950.2432 0.4489
6951.8423 0.4488
6953.4453 0.4487
6955.0449 0.4486
6956.6489 0.4485
6958.2490 0.4483
6959.8535 0.4482
6961.4546 0.4481
6963.0562 0.4479
6964.6621 0.4478
6966.2642 0.4478
6967.8706 0.4477
6969.4736 0.4475
6971.0806 0.4472
6972.6841 0.4471
6974.2886 0.4472
6975.8965 0.4471
6977.5015 0.4467
6979.1104 0.4466
6980.7158 0.4467
6982.3257 0.4465
6983.9321 0.4462
6985.5386 0.4461
6987.1494 0.4460
6988.7568 0.4459
6990.3687 0.4460
6991.9766 0.4461
6993.5889 0.4460
6995.1978 0.4459
6996.8071 0.4459
6998.4204 0.4457
7000.0303 0.4455
7001.6445 0.4455
7003.2554 0.4456
7004.8701 0.4456
7006.4819 0.4454
7008.0938 0.4451
7009.7095 0.4450
7011.3223 0.4451
7012.9390 0.4452
7014.5522 0.4450
7016.1699 0.4450
7017.7837 0.4448
7019.3984 0.4445
7021.0171 0.4443
7022.6323 0.4443
7024.2515 0.4443
7025.8677 0.4443
7027.4878 0.4444
7029.1045 0.4444
7030.7212 0.4442
7032.3428 0.4441
7033.9604 0.4440
7035.5825 0.4438
7037.2007 0.4437
7038.8237 0.4435
7040.4429 0.4433
7042.0664 0.4432
7043.6865 0.4434
7045.3066 0.4434
7046.9316 0.4433
7048.5527 0.4431
7050.1782 0.4432
7051.7998 0.4432
7053.4263 0.4431
7055.0488 0.4430
7056.6719 0.4430
7058.2988 0.4430
7059.9229 0.4429
7061.5508 0.4427
7063.1753 0.4425
7064.8037 0.4421
7066.4292 0.4417
7068.0547 0.4413
7069.6846 0.4411
7071.3110 0.4406
7072.9419 0.4404
7074.5688 0.4412
7076.2002 0.4420
7077.8281 0.4419
7079.4561 0.4414
7081.0889 0.4413
7082.7178 0.4412
7084.3511 0.4403
7085.9810 0.4398
7087.6147 0.4405
7089.2451 0.4416
7090.8760 0.4417
7092.5112 0.4414
7094.1431 0.4406
7095.7788 0.4403
7097.4111 0.4406
7099.0479 0.4408
7100.6812 0.4406
7102.3145 0.4404
7103.9521 0.4402
7105.5864 0.4401
7107.2251 0.4400
7108.8599 0.4400
7110.4995 0.4399
7112.1353 0.4396
7113.7715 0.4395
7115.4116 0.4394
7117.0483 0.4393
7118.6899 0.4393
7120.3271 0.4393
7121.9692 0.4391
7123.6079 0.4390
7125.2466 0.4388
7126.8896 0.4388
7128.5293 0.4390
7130.1729 0.4390
7131.8130 0.4389
7133.4580 0.4388
7135.0986 0.4385
7136.7402 0.4383
7138.3857 0.4383
7140.0283 0.4382
7141.6748 0.4381
7143.3174 0.4380
7144.9648 0.4379
7146.6084 0.4378
7148.2524 0.4377
7149.9009 0.4376
7151.5459 0.4375
7153.1948 0.4374
7154.8403 0.4373
7156.4902 0.4372
7158.1367 0.4371
7159.7832 0.4370
7161.4346 0.4369
7163.0820 0.4367
7164.7339 0.4367
7166.3818 0.4366
7168.0347 0.4365
7169.6836 0.4365
7171.3369 0.4364
7172.9863 0.4363
7174.6367 0.4362
7176.2910 0.4361
7177.9419 0.4360
7179.5972 0.4359
7181.2490 0.4358
7182.9048 0.4357
7184.5571 0.4356
7186.2100 0.4355
7187.8672 0.4354
7189.5210 0.4354
7191.1787 0.4353
7192.8330 0.4352
7194.4917 0.4351
7196.1465 0.4349
7197.8022 0.4345
7199.4619 0.4340
7201.1182 0.4336
7202.7788 0.4333
7204.4355 0.4332
7206.0972 0.4330
7207.7549 0.4328
7209.4131 0.4327
7211.0757 0.4326
7212.7344 0.4324
7214.3975 0.4323
7216.0571 0.4321
7217.7212 0.4320
7219.3818 0.4319
7221.0425 0.4318
7222.7075 0.4316
7224.3691 0.4315
7226.0352 0.4314
7227.6973 0.4313
7229.3643 0.4312
7231.0273 0.4310
7232.6909 0.4310
7234.3584 0.4309
7236.0229 0.4308
7237.6914 0.4306
7239.3564 0.4305
7241.0259 0.4304
7242.6919 0.4303
7244.3579 0.4302
7246.0283 0.4301
7247.6953 0.4300
7249.3667 0.4299
7251.0342 0.4298
7252.7065 0.4296
7254.3750 0.4295
7256.0439 0.4294
7257.7168 0.4293
7259.3867 0.4291
7261.0605 0.4290
7262.7310 0.4289
7264.4058 0.4288
7266.0771 0.4287
7267.7485 0.4286
7269.4243 0.4284
7271.0967 0.4283
7272.7734 0.4282
7274.4463 0.4281
7276.1240 0.4280
7277.7979 0.4279
7279.4722 0.4278
7281.1509 0.4277
7282.8257 0.4276
7284.5054 0.4275
7286.1812 0.4274
7287.8613 0.4273
7289.5376 0.4271
7291.2148 0.4270
7292.8960 0.4269
7294.5737 0.4267
7296.2559 0.4266
7297.9341 0.4265
7299.6172 0.4264
7301.2964 0.4263
7302.9800 0.4261
7304.6602 0.4260
7306.3408 0.4259
7308.0254 0.4257
7309.7065 0.4255
7311.3921 0.4253
7313.0742 0.4251
7314.7607 0.4248
7316.4434 0.4244
7318.1265 0.4240
7319.8140 0.4238
7321.4980 0.4237
7323.1860 0.4236
7324.8711 0.4235
7326.5601 0.4233
7328.2456 0.4232
7329.9312 0.4231
7331.6216 0.4230
7333.3081 0.4229
7334.9995 0.4228
7336.6865 0.4227
7338.3784 0.4225
7340.0669 0.4224
7341.7554 0.4223
7343.4482 0.4222
7345.1377 0.4222
7346.8315 0.4221
7348.5215 0.4219
7350.2163 0.4218
7351.9067 0.4217
7353.5981 0.4217
7355.2939 0.4216
7356.9858 0.4215
7358.6826 0.4214
7360.3755 0.4213
7362.0728 0.4212
7363.7661 0.4212
7365.4604 0.4211
7367.1587 0.4210
7368.8535 0.4209
7370.5527 0.4208
7372.2485 0.4207
7373.9487 0.4206
7375.6450 0.4205
7377.3418 0.4204
7379.0430 0.4202
7380.7402 0.4202
7382.4424 0.4201
7384.1406 0.4201
7385.8433 0.4201
7387.5425 0.4199
7389.2422 0.4197
7390.9458 0.4197
7392.6465 0.4196
7394.3511 0.4194
7396.0522 0.4193
7397.7573 0.4193
7399.4595 0.4192
7401.1616 0.4192
7402.8682 0.4191
7404.5713 0.4190
7406.2788 0.4188
7407.9824 0.4186
7409.6909 0.4184
7411.3955 0.4182
7413.1006 0.4179
7414.8101 0.4179
7416.5156 0.4177
7418.2261 0.4173
7419.9326 0.4174
7421.6436 0.4176
7423.3506 0.4174
7425.0586 0.4175
7426.7705 0.4174
7428.4795 0.4171
7430.1924 0.4170
7431.9014 0.4166
7433.6152 0.4167
7435.3257 0.4170
7437.0400 0.4170
7438.7510 0.4169
7440.4624 0.4170
7442.1777 0.4168
7443.8901 0.4167
7445.6064 0.4167
7447.3193 0.4165
7449.0366 0.4162
7450.7505 0.4164
7452.4644 0.4164
7454.1831 0.4165
7455.8979 0.4164
7457.6172 0.4161
7459.3325 0.4159
7461.0527 0.4162
7462.7690 0.4161
7464.4858 0.4160
7466.2070 0.4159
7467.9248 0.4157
7469.6470 0.4154
7471.3652 0.4151
7473.0884 0.4149
7474.8076 0.4146
7476.5269 0.4147
7478.2510 0.4149
7479.9712 0.4149
7481.6963 0.4149
7483.4175 0.4146
7485.1431 0.4145
7486.8652 0.4146
7488.5874 0.4146
7490.3145 0.4145
7492.0371 0.4146
7493.7651 0.4147
7495.4888 0.4143
7497.2173 0.4141
7498.9419 0.4141
7500.6670 0.4140
7502.3970 0.4138
7504.1226 0.4137
7505.8530 0.4136
7507.5801 0.4136
7509.3110 0.4136
7511.0386 0.4134
7512.7666 0.4133
7514.4990 0.4131
7516.2275 0.4129
7517.9609 0.4129
7519.6904 0.4128
7521.4243 0.4126
7523.1548 0.4125
7524.8853 0.4126
7526.6206 0.4126
7528.3521 0.4125
7530.0884 0.4124
7531.8203 0.4122
7533.5571 0.4122
7535.2905 0.4121
7537.0239 0.4120
7538.7617 0.4119
7540.4961 0.4118
7542.2349 0.4117
7543.9702 0.4116
7545.7095 0.4115
7547.4453 0.4115
7549.1816 0.4114
7550.9229 0.4112
7552.6597 0.4111
7554.4014 0.4111
7556.1392 0.4110
7557.8818 0.4109
7559.6201 0.4108
7561.3594 0.4108
7563.1030 0.4107
7564.8428 0.4106
7566.5874 0.4105
7568.3281 0.4103
7570.0732 0.4101
7571.8149 0.4099
7573.5610 0.4097
7575.3032 0.4095
7577.0459 0.4094
7578.7930 0.4092
7580.5366 0.4091
7582.2847 0.4089
7584.0288 0.4088
7585.7778 0.4087
7587.5229 0.4086
7589.2686 0.4084
7591.0186 0.4083
7592.7646 0.4082
7594.5156 0.4081
7596.2627 0.4080
7598.0142 0.4079
7599.7622 0.4078
7601.5107 0.4077
7603.2637 0.4076
7605.0127 0.4075
7606.7661 0.4074
7608.5161 0.4073
7610.2710 0.4072
7612.0215 0.4070
7613.7725 0.4069
7615.5283 0.4068
7617.2803 0.4067
7619.0366 0.4065
7620.7896 0.4064
7622.5469 0.4062
7624.3003 0.4060
7626.0542 0.4059
7627.8130 0.4058
7629.5679 0.4057
7631.3271 0.4056
7633.0825 0.4055
7634.8428 0.4054
7636.5991 0.4053
7638.3560 0.4052
7640.1172 0.4051
7641.8750 0.4050
7643.6372 0.4049
7645.3955 0.4048
7647.1587 0.4047
7648.9180 0.4046
7650.6772 0.4045
7652.4419 0.4043
7654.2021 0.4042
7655.9673 0.4041
7657.7285 0.4040
7659.4941 0.4039
7661.2563 0.4038
7663.0186 0.4037
7664.7856 0.4036
7666.5493 0.4035
7668.3169 0.4034
7670.0811 0.4033
7671.8496 0.4032
7673.6147 0.4031
7675.3799 0.4029
7677.1499 0.4028
7678.9160 0.4027
7680.6870 0.4026
7682.4536 0.4025
7684.2251 0.4024
7685.9932 0.4023
7687.7612 0.4021
7689.5342 0.4020
7691.3027 0.4019
7693.0767 0.4018
7694.8462 0.4017
7696.6206 0.4016
7698.3911 0.4014
7700.1621 0.4013
7701.9380 0.4012
7703.7100 0.4011
7705.4863 0.4010
7707.2588 0.4009
7709.0361 0.4007
7710.8096 0.4006
7712.5879 0.4005
7714.3618 0.4004
7716.1367 0.4003
7717.9160 0.4001
7719.6914 0.3999
7721.4717 0.3999
7723.2480 0.3998
7725.0288 0.3997
7726.8062 0.3996
7728.5835 0.3995
7730.3657 0.3994
7732.1440 0.3992
7733.9272 0.3991
7735.7065 0.3990
7737.4902 0.3989
7739.2700 0.3988
7741.0508 0.3987
7742.8354 0.3986
7744.6167 0.3985
7746.4028 0.3984
7748.1851 0.3982
7749.9717 0.3981
7751.7544 0.3981
7753.5376 0.3980
7755.3257 0.3978
7757.1099 0.3977
7758.8984 0.3976
7760.6836 0.3976
7762.4731 0.3975
7764.2588 0.3973
7766.0449 0.3971
7767.8359 0.3970
7769.6226 0.3968
7771.4146 0.3968
7773.2021 0.3966
7774.9946 0.3959
7776.7832 0.3946
7778.5723 0.3929
7780.3662 0.3915
7782.1558 0.3911
7783.9507 0.3922
7785.7412 0.3940
7787.5366 0.3950
7789.3281 0.3954
7791.1201 0.3955
7792.9165 0.3955
7794.7095 0.3953
7796.5068 0.3951
7798.3003 0.3951
7800.0986 0.3950
7801.8931 0.3947
7803.6880 0.3947
7805.4873 0.3946
7807.2832 0.3944
7809.0835 0.3942
7810.8799 0.3941
7812.6812 0.3940
7814.4785 0.3941
7816.2759 0.3940
7818.0786 0.3938
7819.8770 0.3938
7821.6802 0.3937
7823.4795 0.3936
7825.2837 0.3936
7827.0840 0.3936
7828.8843 0.3934
7830.6899 0.3930
7832.4912 0.3929
7834.2974 0.3926
7836.0996 0.3922
7837.9067 0.3921
7839.7100 0.3919
7841.5132 0.3916
7843.3213 0.3913
7845.1260 0.3914
7846.9351 0.3914
7848.7402 0.3915
7850.5498 0.3917
7852.3560 0.3916
7854.1665 0.3912
7855.9736 0.3909
7857.7808 0.3908
7859.5928 0.3907
7861.4009 0.3904
7863.2139 0.3901
7865.0225 0.3900
7866.8364 0.3898
7868.6460 0.3895
7870.4561 0.3893
7872.2710 0.3890
7874.0820 0.3885
7875.8979 0.3890
7877.7100 0.3888
7879.5264 0.3886
7881.3389 0.3885
7883.1519 0.3878
7884.9697 0.3871
7886.7837 0.3877
7888.6025 0.3877
7890.4175 0.3884
7892.2368 0.3884
7894.0522 0.3873
7895.8687 0.3869
7897.6890 0.3865
7899.5059 0.3855
7901.3276 0.3842
7903.1455 0.3834
7904.9678 0.3841
7906.7861 0.3860
7908.6055 0.3850
7910.4292 0.3846
7912.2485 0.3862
7914.0732 0.3870
7915.8940 0.3854
7917.7192 0.3842
7919.5405 0.3853
7921.3628 0.3862
7923.1895 0.3854
7925.0122 0.3847
7926.8394 0.3847
7928.6631 0.3841
7930.4912 0.3847
7932.3159 0.3848
7934.1406 0.3846
7935.9702 0.3838
7937.7959 0.3831
7939.6265 0.3848
7941.4526 0.3854
7943.2842 0.3857
7945.1113 0.3854
7946.9390 0.3850
7948.7720 0.3846
7950.6006 0.3841
7952.4336 0.3842
7954.2632 0.3837
7956.0977 0.3832
7957.9277 0.3830
7959.7583 0.3830
7961.5938 0.3831
7963.4253 0.3832
7965.2617 0.3827
7967.0942 0.3816
7968.9316 0.3806
7970.7646 0.3805
7972.5981 0.3815
7974.4370 0.3826
7976.2715 0.3820
7978.1108 0.3816
7979.9458 0.3815
7981.7861 0.3815
7983.6226 0.3818
7985.4590 0.3820
7987.3003 0.3816
7989.1377 0.3814
7990.9800 0.3811
7992.8184 0.3808
7994.6616 0.3812
7996.5005 0.3818
7998.3447 0.3819
8000.1846 0.3816
8002.0249 0.3813
8003.8706 0.3808
8005.7114 0.3796
8007.5576 0.3782
8009.3999 0.3785
8011.2471 0.3796
8013.0898 0.3793
8014.9331 0.3777
8016.7812 0.3781
8018.6255 0.3795
8020.4746 0.3783
8022.3198 0.3782
8024.1699 0.3792
8026.0156 0.3793
8027.8623 0.3788
8029.7134 0.3777
8031.5605 0.3769
8033.4126 0.3769
8035.2607 0.3767
8037.1138 0.3765
8038.9624 0.3777
8040.8120 0.3777
8042.6660 0.3771
8044.5161 0.3771
8046.3711 0.3776
8048.2222 0.3776
8050.0781 0.3767
8051.9302 0.3754
8053.7827 0.3756
8055.6396 0.3764
8057.4927 0.3767
8059.3511 0.3766
8061.2051 0.3766
8063.0640 0.3767
8064.9189 0.3767
8066.7739 0.3764
8068.6343 0.3761
8070.4902 0.3760
8072.3516 0.3756
8074.2085 0.3755
8076.0703 0.3753
8077.9282 0.3750
8079.7866 0.3749
8081.6499 0.3751
8083.5088 0.3749
8085.3730 0.3747
8087.2329 0.3745
8089.0981 0.3744
8090.9590 0.3742
8092.8203 0.3738
8094.6865 0.3737
8096.5483 0.3737
8098.4155 0.3736
8100.2788 0.3734
8102.1465 0.3733
8104.0103 0.3731
8105.8745 0.3730
8107.7441 0.3729
8109.6089 0.3728
8111.4790 0.3727
8113.3452 0.3725
8115.2163 0.3724
8117.0830 0.3723
8118.9502 0.3721
8120.8228 0.3720
8122.6909 0.3719
8124.5640 0.3717
8126.4326 0.3716
8128.3066 0.3715
8130.1768 0.3713
8132.0513 0.3712
8133.9224 0.3711
8135.7935 0.3710
8137.6694 0.3708
8139.5415 0.3707
8141.4185 0.3706
8143.2915 0.3704
8145.1694 0.3703
8147.0430 0.3702
8148.9175 0.3700
8150.7964 0.3699
8152.6714 0.3698
8154.5513 0.3696
8156.4272 0.3695
8158.3081 0.3694
8160.1851 0.3692
8162.0625 0.3691
8163.9443 0.3689
8165.8228 0.3688
8167.7056 0.3687
8169.5845 0.3686
8171.4683 0.3684
8173.3481 0.3683
8175.2285 0.3682
8177.1138 0.3681
8178.9951 0.3679
8180.8809 0.3678
8182.7632 0.3677
8184.6499 0.3676
8186.5327 0.3674
8188.4160 0.3673
8190.3042 0.3671
8192.1885 0.3670
8194.0771 0.3669
8195.9629 0.3668
8197.8525 0.3667
8199.7383 0.3666
8201.6250 0.3664
8203.5156 0.3663
8205.4033 0.3662
8207.2959 0.3660
8209.1836 0.3658
8211.0762 0.3657
8212.9658 0.3657
8214.8545 0.3656
8216.7490 0.3654
8218.6396 0.3653
8220.5342 0.3651
8222.4258 0.3648
8224.3223 0.3647
8226.2139 0.3647
8228.1064 0.3645
8230.0039 0.3643
8231.8965 0.3642
8233.7949 0.3642
8235.6895 0.3640
8237.5889 0.3638
8239.4834 0.3637
8241.3789 0.3634
8243.2793 0.3632
8245.1758 0.3633
8247.0771 0.3632
8248.9746 0.3630
8250.8770 0.3628
8252.7744 0.3627
8254.6729 0.3626
8256.5771 0.3623
8258.4766 0.3622
8260.3809 0.3621
8262.2812 0.3620
8264.1865 0.3618
8266.0869 0.3616
8267.9893 0.3615
8269.8955 0.3613
8271.7979 0.3611
8273.7051 0.3609
8275.6084 0.3608
8277.5166 0.3606
8279.4209 0.3605
8281.3301 0.3604
8283.2354 0.3602
8285.1416 0.3601
8287.0518 0.3600
8288.9580 0.3599
8290.8691 0.3597
8292.7773 0.3596
8294.6895 0.3596
8296.5977 0.3594
8298.5059 0.3593
8300.4199 0.3592
8302.3291 0.3591
8304.2432 0.3590
8306.1543 0.3589
8308.0693 0.3588
8309.9805 0.3587
8311.8926 0.3584
8313.8086 0.3584
8315.7217 0.3584
8317.6396 0.3581
8319.5527 0.3579
8321.4707 0.3579
8323.3857 0.3578
8325.2998 0.3578
8327.2197 0.3576
8329.1357 0.3575
8331.0566 0.3574
8332.9727 0.3574
8334.8945 0.3573
8336.8115 0.3575
8338.7295 0.3573
8340.6523 0.3570
8342.5713 0.3570
8344.4951 0.3568
8346.4150 0.3566
8348.3398 0.3566
8350.2598 0.3564
8352.1807 0.3561
8354.1074 0.3559
8356.0293 0.3557
8357.9561 0.3557
8359.8789 0.3557
8361.8066 0.3555
8363.7295 0.3552
8365.6543 0.3551
8367.5830 0.3552
8369.5078 0.3553
8371.4375 0.3553
8373.3643 0.3552
8375.2949 0.3550
8377.2217 0.3547
8379.1484 0.3544
8381.0811 0.3543
8383.0088 0.3542
8384.9424 0.3542
8386.8711 0.3544
8388.8047 0.3546
8390.7344 0.3543
8392.6650 0.3542
8394.6006 0.3540
8396.5312 0.3536
8398.4678 0.3531
8400.3994 0.3527
8402.3369 0.3527
8404.2695 0.3530
8406.2031 0.3534
8408.1416 0.3537
8410.0762 0.3535
8412.0156 0.3529
8413.9502 0.3524
8415.8906 0.3516
8417.8271 0.3512
8419.7637 0.3512
8421.7051 0.3509
8423.6426 0.3508
8425.5850 0.3513
8427.5234 0.3520
8429.4668 0.3525
8431.4053 0.3528
8433.3496 0.3528
8435.2900 0.3526
8437.2305 0.3521
8439.1758 0.3512
8441.1172 0.3503
8443.0645 0.3493
8445.0059 0.3487
8446.9541 0.3487
8448.8965 0.3486
8450.8408 0.3482
8452.7891 0.3480
8454.7344 0.3482
8456.6836 0.3491
8458.6289 0.3504
8460.5791 0.3514
8462.5254 0.3517
8464.4727 0.3513
8466.4248 0.3503
8468.3721 0.3489
8470.3252 0.3476
8472.2734 0.3462
8474.2275 0.3452
8476.1768 0.3451
8478.1270 0.3457
8480.0820 0.3468
8482.0322 0.3483
8483.9883 0.3494
8485.9404 0.3502
8487.8975 0.3508
8489.8496 0.3511
8491.8027 0.3512
8493.7607 0.3512
8495.7148 0.3506
8497.6738 0.3499
8499.6289 0.3489
8501.5889 0.3473
8503.5449 0.3452
8505.5010 0.3430
8507.4619 0.3411
8509.4199 0.3403
8511.3818 0.3404
8513.3398 0.3412
8515.3027 0.3427
8517.2617 0.3446
8519.2217 0.3459
8521.1855 0.3473
8523.1465 0.3485
8525.1113 0.3490
8527.0723 0.3492
8529.0391 0.3495
8531.0010 0.3497
8532.9639 0.3496
8534.9316 0.3491
8536.8945 0.3484
8538.8633 0.3474
8540.8281 0.3463
8542.7969 0.3450
8544.7627 0.3431
8546.7285 0.3406
8548.6992 0.3377
8550.6660 0.3355
8552.6377 0.3346
8554.6045 0.3348
8556.5771 0.3361
8558.5459 0.3381
8560.5146 0.3400
8562.4893 0.3417
8564.4590 0.3432
8566.4336 0.3446
8568.4043 0.3456
8570.3799 0.3462
8572.3516 0.3466
8574.3242 0.3470
8576.3008 0.3471
8578.2744 0.3471
8580.2520 0.3470
8582.2256 0.3469
8584.2051 0.3467
8586.1797 0.3462
8588.1602 0.3452
8590.1357 0.3440
8592.1113 0.3429
8594.0928 0.3415
8596.0703 0.3396
8598.0527 0.3376
8600.0303 0.3353
8602.0137 0.3322
8603.9922 0.3298
8605.9717 0.3284
8607.9561 0.3283
8609.9365 0.3296
8611.9219 0.3319
8613.9033 0.3343
8615.8896 0.3363
8617.8711 0.3379
8619.8535 0.3394
8621.8418 0.3406
8623.8252 0.3413
8625.8135 0.3418
8627.7979 0.3423
8629.7881 0.3428
8631.7725 0.3430
8633.7588 0.3430
8635.7500 0.3430
8637.7363 0.3430
8639.7285 0.3429
8641.7158 0.3428
8643.7080 0.3426
8645.6973 0.3422
8647.6855 0.3418
8649.6797 0.3412
8651.6699 0.3402
8653.6650 0.3392
8655.6553 0.3383
8657.6514 0.3371
8659.6436 0.3354
8661.6357 0.3337
8663.6328 0.3316
8665.6260 0.3290
8667.6240 0.3259
8669.6182 0.3226
8671.6172 0.3203
8673.6123 0.3197
8675.6074 0.3206
8677.6084 0.3225
8679.6045 0.3252
8681.6055 0.3278
8683.6025 0.3295
8685.6055 0.3307
8687.6035 0.3318
8689.6025 0.3327
8691.6055 0.3334
8693.6055 0.3343
8695.6104 0.3353
8697.6104 0.3360
8699.6162 0.3365
8701.6172 0.3369
8703.6191 0.3370
8705.6260 0.3368
8707.6289 0.3367
8709.6367 0.3368
8711.6406 0.3367
8713.6494 0.3365
8715.6543 0.3363
8717.6592 0.3360
8719.6699 0.3356
8721.6758 0.3352
8723.6865 0.3349
8725.6934 0.3347
8727.7061 0.3344
8729.7129 0.3338
8731.7217 0.3332
8733.7354 0.3329
8735.7441 0.3325
8737.7588 0.3316
8739.7686 0.3305
8741.7842 0.3294
8743.7949 0.3281
8745.8115 0.3266
8747.8232 0.3249
8749.8359 0.3226
8751.8535 0.3199
8753.8672 0.3167
8755.8857 0.3137
8757.9004 0.3117
8759.9199 0.3115
8761.9346 0.3127
8763.9502 0.3149
8765.9717 0.3176
8767.9883 0.3200
8770.0098 0.3220
8772.0273 0.3235
8774.0498 0.3248
8776.0684 0.3259
8778.0879 0.3267
8780.1113 0.3273
8782.1318 0.3279
8784.1562 0.3281
8786.1777 0.3282
8788.2031 0.3281
8790.2256 0.3281
8792.2471 0.3284
8794.2754 0.3282
8796.2979 0.3280
8798.3262 0.3280
8800.3506 0.3278
8802.3799 0.3276
8804.4053 0.3277
8806.4307 0.3277
8808.4609 0.3275
8810.4873 0.3270
8812.5195 0.3265
8814.5459 0.3262
8816.5791 0.3260
8818.6074 0.3256
8820.6357 0.3255
8822.6699 0.3254
8824.6992 0.3252
8826.7344 0.3247
8828.7646 0.3240
8830.8008 0.3239
8832.8330 0.3240
8834.8643 0.3237
8836.9014 0.3233
8838.9346 0.3229
8840.9727 0.3225
8843.0068 0.3218
8845.0459 0.3211
8847.0811 0.3203
8849.1162 0.3194
8851.1562 0.3184
8853.1924 0.3174
8855.2344 0.3163
8857.2715 0.3149
8859.3145 0.3133
8861.3516 0.3115
8863.3906 0.3092
8865.4346 0.3063
8867.4736 0.3032
8869.5186 0.3004
8871.5596 0.2990
8873.6045 0.3002
8875.6465 0.3028
8877.6885 0.3053
8879.7354 0.3077
8881.7783 0.3095
8883.8262 0.3111
8885.8701 0.3122
8887.9189 0.3131
8889.9639 0.3139
8892.0088 0.3145
8894.0596 0.3150
8896.1055 0.3153
8898.1562 0.3155
8900.2041 0.3156
8902.2559 0.3156
8904.3037 0.3156
8906.3574 0.3155
8908.4062 0.3154
8910.4561 0.3154
8912.5107 0.3153
8914.5605 0.3152
8916.6162 0.3151
8918.6680 0.3148
8920.7246 0.3144
8922.7764 0.3144
8924.8291 0.3145
8926.8867 0.3143
8928.9404 0.3142
8931.0000 0.3140
8933.0547 0.3137
8935.1143 0.3132
8937.1699 0.3130
8939.2256 0.3132
8941.2871 0.3131
8943.3438 0.3129
8945.4062 0.3127
8947.4639 0.3125
8949.5273 0.3123
8951.5859 0.3121
8953.6455 0.3119
8955.7100 0.3117
8957.7705 0.3115
8959.8359 0.3112
8961.8975 0.3110
8963.9639 0.3108
8966.0264 0.3106
8968.0889 0.3104
8970.1572 0.3101
8972.2207 0.3099
8974.2891 0.3096
8976.3535 0.3094
8978.4238 0.3091
8980.4893 0.3088
8982.5557 0.3086
8984.6270 0.3083
8986.6934 0.3079
8988.7656 0.3076
8990.8340 0.3072
8992.9072 0.3068
8994.9756 0.3064
8997.0449 0.3058
8999.1201 0.3053
9001.1904 0.3046
9003.2656 0.3038
9005.3369 0.3029
9007.4131 0.3018
9009.4854 0.3004
9011.5586 0.2988
9013.6357 0.2970
9015.7100 0.2948
9017.7891 0.2922
9019.8633 0.2893
9021.9434 0.2858
9024.0186 0.2842
9026.0947 0.2862
9028.1758 0.2891
9030.2529 0.2916
9032.3350 0.2936
9034.4131 0.2953
9036.4971 0.2967
9038.5752 0.2978
9040.6543 0.2987
9042.7393 0.2993
9044.8193 0.2998
9046.9053 0.3001
9048.9863 0.3004
9051.0732 0.3005
9053.1553 0.3006
9055.2383 0.3006
9057.3262 0.3006
9059.4102 0.3006
9061.4990 0.3005
9063.5840 0.3004
9065.6738 0.3003
9067.7588 0.3001
9069.8506 0.2996
9071.9365 0.2995
9074.0234 0.2997
9076.1162 0.2996
9078.2041 0.2994
9080.2979 0.2992
9082.3867 0.2991
9084.4805 0.2988
9086.5703 0.2985
9088.6611 0.2984
9090.7568 0.2983
9092.8486 0.2981
9094.9453 0.2979
9097.0371 0.2975
9099.1348 0.2973
9101.2285 0.2972
9103.3223 0.2963
9105.4209 0.2965
9107.5156 0.2967
9109.6162 0.2965
9111.7119 0.2963
9113.8125 0.2961
9115.9092 0.2959
9118.0068 0.2956
9120.1094 0.2951
9122.2070 0.2950
9124.3105 0.2950
9126.4102 0.2948
9128.5146 0.2946
9130.6143 0.2943
9132.7148 0.2941
9134.8213 0.2939
9136.9219 0.2938
9139.0293 0.2935
9141.1318 0.2932
9143.2393 0.2931
9145.3428 0.2929
9147.4473 0.2927
9149.5566 0.2924
9151.6611 0.2922
9153.7715 0.2920
9155.8770 0.2918
9157.9883 0.2915
9160.0957 0.2913
9162.2031 0.2911
9164.3154 0.2908
9166.4238 0.2906
9168.5371 0.2904
9170.6465 0.2902
9172.7617 0.2899
9174.8711 0.2897
9176.9824 0.2894
9179.0986 0.2892
9181.2100 0.2889
9183.3271 0.2886
9185.4395 0.2883
9187.5576 0.2880
9189.6719 0.2878
9191.7852 0.2876
9193.9053 0.2873
9196.0205 0.2869
9198.1406 0.2866
9200.2568 0.2864
9202.3789 0.2860
9204.4951 0.2856
9206.6133 0.2852
9208.7363 0.2847
9210.8545 0.2841
9212.9785 0.2835
9215.0977 0.2829
9217.2227 0.2822
9219.3428 0.2813
9221.4639 0.2802
9223.5908 0.2789
9225.7129 0.2772
9227.8398 0.2751
9229.9629 0.2735
9232.0908 0.2712
9234.2148 0.2685
9236.3447 0.2652
9238.4688 0.2638
9240.5947 0.2659
9242.7256 0.2685
9244.8516 0.2707
9246.9834 0.2725
9249.1104 0.2741
9251.2432 0.2751
9253.3721 0.2756
9255.5010 0.2768
9257.6348 0.2775
9259.7646 0.2779
9261.8994 0.2781
9264.0303 0.2784
9266.1670 0.2785
9268.2988 0.2781
9270.4307 0.2773
9272.5684 0.2772
9274.7012 0.2773
9276.8398 0.2777
9278.9746 0.2782
9281.1143 0.2780
9283.2490 0.2779
9285.3848 0.2778
9287.5264 0.2776
9289.6621 0.2774
9291.8047 0.2772
9293.9424 0.2771
9296.0850 0.2769
9298.2236 0.2767
9300.3633 0.2765
9302.5078 0.2763
9304.6475 0.2760
9306.7930 0.2758
9308.9346 0.2756
9311.0811 0.2754
9313.2227 0.2752
9315.3652 0.2750
9317.5137 0.2748
9319.6572 0.2745
9321.8057 0.2743
9323.9502 0.2741
9326.1006 0.2739
9328.2461 0.2737
9330.3916 0.2734
9332.5439 0.2732
9334.6904 0.2730
9336.8428 0.2727
9338.9912 0.2725
9341.1445 0.2723
9343.2939 0.2721
9345.4434 0.2718
9347.5977 0.2716
9349.7480 0.2714
9351.9043 0.2711
9354.0557 0.2709
9356.2129 0.2707
9358.3652 0.2705
9360.5186 0.2702
9362.6768 0.2700
9364.8301 0.2698
9366.9902 0.2695
9369.1445 0.2693
9371.3057 0.2691
9373.4609 0.2688
9375.6172 0.2686
9377.7793 0.2684
9379.9365 0.2681
9382.0996 0.2679
9384.2578 0.2677
9386.4219 0.2674
9388.5820 0.2672
9390.7461 0.2670
9392.9072 0.2667
9395.0674 0.2664
9397.2344 0.2662
9399.3965 0.2660
9401.5635 0.2656
9403.7266 0.2654
9405.8945 0.2653
9408.0586 0.2651
9410.2227 0.2648
9412.3926 0.2644
9414.5586 0.2637
9416.7295 0.2637
9418.8955 0.2639
9421.0674 0.2634
9423.2344 0.2632
9425.4023 0.2631
9427.5762 0.2629
9429.7451 0.2626
9431.9189 0.2624
9434.0889 0.2622
9436.2646 0.2619
9438.4355 0.2616
9440.6064 0.2614
9442.7832 0.2612
9444.9561 0.2609
9447.1338 0.2607
9449.3076 0.2605
9451.4863 0.2602
9453.6602 0.2600
9455.8350 0.2597
9458.0156 0.2595
9460.1914 0.2592
9462.3730 0.2590
9464.5498 0.2587
9466.7324 0.2585
9468.9102 0.2582
9471.0889 0.2580
9473.2725 0.2577
9475.4521 0.2575
9477.6367 0.2572
9479.8174 0.2570
9482.0029 0.2567
9484.1846 0.2565
9486.3662 0.2562
9488.5537 0.2559
9490.7363 0.2557
9492.9258 0.2554
9495.1094 0.2551
9497.2988 0.2549
9499.4834 0.2546
9501.6689 0.2543
9503.8604 0.2540
9506.0459 0.2537
9508.2383 0.2534
9510.4258 0.2531
9512.6191 0.2528
9514.8076 0.2524
9516.9961 0.2521
9519.1904 0.2517
9521.3809 0.2513
9523.5762 0.2509
9525.7666 0.2504
9527.9639 0.2499
9530.1553 0.2493
9532.3477 0.2487
9534.5459 0.2479
9536.7393 0.2471
9538.9385 0.2461
9541.1328 0.2449
9543.3330 0.2434
9545.5283 0.2418
9547.7246 0.2398
9549.9268 0.2376
9552.1230 0.2349
9554.3262 0.2319
9556.5234 0.2319
9558.7275 0.2342
9560.9268 0.2365
9563.1309 0.2382
9565.3311 0.2396
9567.5322 0.2408
9569.7383 0.2417
9571.9395 0.2423
9574.1465 0.2428
9576.3496 0.2432
9578.5576 0.2434
9580.7607 0.2436
9582.9648 0.2436
9585.1748 0.2436
9587.3799 0.2436
9589.5908 0.2435
9591.7969 0.2434
9594.0088 0.2433
9596.2158 0.2431
9598.4238 0.2430
9600.6367 0.2428
9602.8457 0.2426
9605.0596 0.2424
9607.2695 0.2422
9609.4854 0.2420
9611.6953 0.2417
9613.9062 0.2415
9616.1240 0.2413
9618.3359 0.2411
9620.5537 0.2409
9622.7666 0.2406
9624.9863 0.2404
9627.2002 0.2401
9629.4150 0.2397
9631.6357 0.2395
9633.8516 0.2394
9636.0723 0.2392
9638.2891 0.2389
9640.5117 0.2383
9642.7295 0.2380
9644.9482 0.2381
9647.1719 0.2379
9649.3916 0.2377
9651.6172 0.2374
9653.8369 0.2372
9656.0635 0.2369
9658.2842 0.2366
9660.5068 0.2364
9662.7344 0.2361
9664.9570 0.2358
9667.1855 0.2354
9669.4102 0.2351
9671.6396 0.2351
9673.8643 0.2348
9676.0898 0.2346
9678.3213 0.2343
9680.5479 0.2341
9682.7803 0.2338
9685.0078 0.2335
9687.2412 0.2333
9689.4697 0.2330
9691.6982 0.2327
9693.9336 0.2325
9696.1631 0.2322
9698.3994 0.2320
9700.6299 0.2317
9702.8672 0.2314
9705.0996 0.2312
9707.3320 0.2309
9709.5703 0.2307
9711.8047 0.2304
9714.0439 0.2301
9716.2783 0.2299
9718.5186 0.2296
9720.7549 0.2293
9722.9912 0.2291
9725.2334 0.2288
9727.4707 0.2285
9729.7139 0.2283
9731.9521 0.2280
9734.1963 0.2277
9736.4355 0.2275
9738.6807 0.2272
9740.9209 0.2269
9743.1621 0.2267
9745.4082 0.2264
9747.6504 0.2261
9749.8984 0.2259
9752.1416 0.2256
9754.3896 0.2253
9756.6338 0.2251
9758.8789 0.2248
9761.1289 0.2245
9763.3740 0.2243
9765.6260 0.2240
9767.8721 0.2237
9770.1250 0.2234
9772.3721 0.2232
9774.6201 0.2229
9776.8750 0.2226
9779.1240 0.2224
9781.3789 0.2221
9783.6289 0.2218
9785.8848 0.2216
9788.1367 0.2213
9790.3877 0.2210
9792.6455 0.2207
9794.8984 0.2205
9797.1572 0.2202
9799.4111 0.2199
9801.6709 0.2196
9803.9258 0.2194
9806.1807 0.2191
9808.4424 0.2188
9810.6982 0.2185
9812.9609 0.2183
9815.2188 0.2180
9817.4814 0.2177
9819.7402 0.2174
9821.9990 0.2172
9824.2646 0.2169
9826.5244 0.2166
9828.7900 0.2163
9831.0518 0.2161
9833.3184 0.2158
9835.5801 0.2155
9837.8428 0.2152
9840.1113 0.2149
9842.3750 0.2147
9844.6455 0.2144
9846.9102 0.2141
9849.1807 0.2138
9851.4463 0.2136
9853.7129 0.2133
9855.9844 0.2130
9858.2520 0.2127
9860.5254 0.2124
9862.7939 0.2122
9865.0684 0.2119
9867.3379 0.2116
9869.6074 0.2113
9871.8838 0.2110
9874.1543 0.2108
9876.4316 0.2105
9878.7031 0.2102
9880.9814 0.2099
9883.2549 0.2096
9885.5283 0.2094
9887.8076 0.2091
9890.0830 0.2088
9892.3633 0.2085
9894.6387 0.2082
9896.9209 0.2079
9899.1973 0.2075
9901.4746 0.2072
9903.7578 0.2071
9906.0361 0.2068
9908.3203 0.2065
9910.5996 0.2062
9912.8857 0.2060
9915.1660 0.2057
9917.4521 0.2054
9919.7334 0.2051
9922.0156 0.2048
9924.3037 0.2045
9926.5869 0.2042
9928.8760 0.2040
9931.1602 0.2037
9933.4502 0.2034
9935.7354 0.2031
9938.0205 0.2028
9940.3125 0.2025
9942.5996 0.2022
9944.8926 0.2019
9947.1797 0.2017
9949.4736 0.2014
9951.7627 0.2011
9954.0518 0.2008
9956.3477 0.2005
9958.6377 0.2002
9960.9346 0.1999
9963.2256 0.1996
9965.5234 0.1993
9967.8154 0.1990
9970.1094 0.1987
9972.4082 0.1984
9974.7021 0.1981
9977.0020 0.1978
9979.2979 0.1975
9981.5986 0.1972
9983.8945 0.1969
9986.1914 0.1966
9988.4941 0.1963
9990.7920 0.1960
9993.0967 0.1957
9995.3955 0.1954
9997.7002 0.1951
10000.0000 0.1948
10002.3057 0.1944
10004.6016 0.1941
10006.9082 0.1937
10009.2158 0.1934
10011.5244 0.1931
10013.8223 0.1928
10016.1309 0.1924
10018.4404 0.1920
10020.7402 0.1916
10023.0508 0.1912
10025.3623 0.1908
10027.6738 0.1903
10029.9756 0.1898
10032.2881 0.1893
10034.6016 0.1887
10036.9043 0.1880
10039.2188 0.1872
10041.5342 0.1864
10043.8496 0.1854
10046.1543 0.1842
10048.4707 0.1828
10050.7881 0.1812
10053.0947 0.1794
10055.4131 0.1773
10057.7324 0.1745
10060.0508 0.1738
10062.3604 0.1755
10064.6807 0.1775
10067.0010 0.1786
10069.3115 0.1798
10071.6338 0.1806
10073.9561 0.1812
10076.2793 0.1817
10078.5918 0.1820
10080.9160 0.1822
10083.2402 0.1823
10085.5547 0.1823
10087.8799 0.1823
10090.2061 0.1822
10092.5332 0.1821
10094.8496 0.1819
10097.1777 0.1817
10099.5059 0.1815
10101.8232 0.1813
10104.1533 0.1811
10106.4834 0.1808
10108.8135 0.1806
10111.1338 0.1803
10113.4648 0.1801
10115.7969 0.1798
10118.1191 0.1795
10120.4521 0.1792
10122.7861 0.1789
10125.1201 0.1786
10127.4434 0.1784
10129.7793 0.1781
10132.1152 0.1778
10134.4404 0.1774
10136.7773 0.1772
10139.1152 0.1769
10141.4531 0.1766
10143.7803 0.1764
10146.1191 0.1761
10148.4590 0.1758
10150.7881 0.1755
10153.1289 0.1752
10155.4707 0.1748
10157.8125 0.1745
10160.1436 0.1742
10162.4863 0.1739
10164.8301 0.1736
10167.1621 0.1733
10169.5068 0.1730
10171.8525 0.1727
10174.1973 0.1724
10176.5322 0.1721
10178.8789 0.1718
10181.2266 0.1715
10183.5742 0.1712
10185.9111 0.1709
10188.2607 0.1706
10190.6094 0.1703
10192.9482 0.1699
10195.2988 0.1696
10197.6504 0.1693
10200.0020 0.1690
10202.3428 0.1687
10204.6953 0.1684
10207.0479 0.1681
10209.3906 0.1678
10211.7451 0.1675
10214.0996 0.1671
10216.4551 0.1668
10218.7998 0.1665
10221.1562 0.1662
10223.5137 0.1659
10225.8594 0.1656
10228.2178 0.1653
10230.5762 0.1649
10232.9355 0.1646
10235.2842 0.1643
10237.6436 0.1640
10240.0049 0.1637
10242.3545 0.1634
10244.7168 0.1631
10247.0791 0.1627
10249.4424 0.1624
10251.7939 0.1621
10254.1582 0.1618
10256.5234 0.1615
10258.8770 0.1611
10261.2422 0.1608
10263.6084 0.1605
10265.9756 0.1602
10268.3311 0.1599
10270.6992 0.1596
10273.0674 0.1592
10275.4258 0.1589
10277.7949 0.1586
10280.1650 0.1583
10282.5352 0.1580
10284.8955 0.1576
10287.2666 0.1573
10289.6396 0.1570
10292.0010 0.1567
10294.3740 0.1563
10296.7480 0.1560
10299.1221 0.1557
10301.4863 0.1554
10303.8613 0.1551
10306.2373 0.1547
