3561.2297 -0.2616
3562.0508 -0.2632
3562.8704 -0.2662
3563.6899 -0.2715
3564.5117 -0.2778
3565.3318 -0.2805
3566.1538 -0.2762
3566.9744 -0.2684
3567.7969 -0.2635
3568.6177 -0.2623
3569.4385 -0.2626
3570.2617 -0.2627
3571.0830 -0.2632
3571.9065 -0.2673
3572.7283 -0.2751
3573.5520 -0.2818
3574.3740 -0.2830
3575.1963 -0.2778
3576.0208 -0.2705
3576.8435 -0.2658
3577.6682 -0.2642
3578.4915 -0.2643
3579.3167 -0.2651
3580.1399 -0.2657
3580.9636 -0.2657
3581.7893 -0.2650
3582.6133 -0.2643
3583.4395 -0.2642
3584.2639 -0.2646
3585.0903 -0.2644
3585.9150 -0.2632
3586.7400 -0.2622
3587.5671 -0.2623
3588.3923 -0.2631
3589.2200 -0.2642
3590.0457 -0.2660
3590.8735 -0.2692
3591.6995 -0.2730
3592.5259 -0.2741
3593.3542 -0.2720
3594.1809 -0.2687
3595.0098 -0.2670
3595.8367 -0.2673
3596.6660 -0.2687
3597.4934 -0.2693
3598.3208 -0.2689
3599.1506 -0.2680
3599.9788 -0.2678
3600.8088 -0.2692
3601.6372 -0.2714
3602.4678 -0.2723
3603.2964 -0.2708
3604.1252 -0.2672
3604.9565 -0.2634
3605.7859 -0.2615
3606.6172 -0.2618
3607.4470 -0.2635
3608.2788 -0.2664
3609.1089 -0.2695
3609.9392 -0.2708
3610.7717 -0.2688
3611.6023 -0.2667
3612.4351 -0.2664
3613.2661 -0.2662
3614.0994 -0.2643
3614.9307 -0.2608
3615.7625 -0.2578
3616.5962 -0.2566
3617.4282 -0.2583
3618.2625 -0.2633
3619.0947 -0.2697
3619.9292 -0.2734
3620.7620 -0.2706
3621.5969 -0.2636
3622.4302 -0.2578
3623.2634 -0.2545
3624.0989 -0.2527
3624.9326 -0.2510
3625.7686 -0.2499
3626.6028 -0.2497
3627.4390 -0.2499
3628.2734 -0.2508
3629.1082 -0.2521
3629.9451 -0.2531
3630.7800 -0.2526
3631.6174 -0.2511
3632.4529 -0.2497
3633.2903 -0.2485
3634.1262 -0.2474
3634.9622 -0.2466
3635.8005 -0.2465
3636.6370 -0.2471
3637.4756 -0.2480
3638.3123 -0.2483
3639.1514 -0.2475
3639.9885 -0.2453
3640.8259 -0.2430
3641.6653 -0.2418
3642.5032 -0.2413
3643.3430 -0.2411
3644.1812 -0.2409
3645.0215 -0.2407
3645.8601 -0.2405
3646.6990 -0.2404
3647.5398 -0.2401
3648.3789 -0.2397
3649.2202 -0.2392
3650.0596 -0.2386
3650.9014 -0.2374
3651.7412 -0.2360
3652.5813 -0.2342
3653.4236 -0.2317
3654.2642 -0.2283
3655.1067 -0.2248
3655.9475 -0.2218
3656.7908 -0.2197
3657.6318 -0.2181
3658.4734 -0.2168
3659.3169 -0.2152
3660.1587 -0.2125
3661.0029 -0.2090
3661.8450 -0.2052
3662.6895 -0.2016
3663.5320 -0.2025
3664.3748 -0.2088
3665.2197 -0.2151
3666.0630 -0.2150
3666.9084 -0.2093
3667.7520 -0.1943
3668.5977 -0.1758
3669.4417 -0.1661
3670.2859 -0.1725
3671.1321 -0.1823
3671.9768 -0.1806
3672.8235 -0.1807
3673.6685 -0.1871
3674.5156 -0.1894
3675.3608 -0.1708
3676.2063 -0.1302
3677.0542 -0.0967
3677.8999 -0.0971
3678.7480 -0.1231
3679.5945 -0.1445
3680.4429 -0.1333
3681.2896 -0.0919
3682.1365 -0.0568
3682.9856 -0.0552
3683.8328 -0.0867
3684.6824 -0.1281
3685.5300 -0.1443
3686.3799 -0.1136
3687.2278 -0.0585
3688.0781 -0.0160
3688.9265 -0.0047
3689.7751 -0.0278
3690.6260 -0.0768
3691.4751 -0.1279
3692.3264 -0.1445
3693.1758 -0.1195
3694.0273 -0.0705
3694.8772 -0.0195
3695.7273 0.0174
3696.5793 0.0289
3697.4299 0.0099
3698.2825 -0.0393
3699.1333 -0.0998
3699.9863 -0.1404
3700.8374 -0.1328
3701.6887 -0.0806
3702.5425 -0.0249
3703.3943 0.0176
3704.2483 0.0481
3705.1003 0.0679
3705.9548 0.0714
3706.8074 0.0537
3707.6599 0.0122
3708.5149 -0.0481
3709.3682 -0.1020
3710.2234 -0.1190
3711.0771 -0.0836
3711.9329 -0.0184
3712.7866 0.0356
3713.6409 0.0660
3714.4973 0.0792
3715.3518 0.0868
3716.2085 0.0967
3717.0635 0.1063
3717.9204 0.1069
3718.7759 0.0932
3719.6313 0.0590
3720.4890 0.0025
3721.3450 -0.0657
3722.2031 -0.1154
3723.0593 -0.1123
3723.9180 -0.0718
3724.7747 -0.0196
3725.6316 0.0291
3726.4905 0.0710
3727.3479 0.1018
3728.2073 0.1138
3729.0649 0.1146
3729.9250 0.1173
3730.7830 0.1268
3731.6414 0.1356
3732.5017 0.1328
3733.3604 0.1181
3734.2214 0.0952
3735.0803 0.0578
3735.9417 0.0006
3736.8013 -0.0668
3737.6609 -0.1137
3738.5227 -0.1017
3739.3828 -0.0387
3740.2451 0.0366
3741.1055 0.0902
3741.9683 0.1123
3742.8291 0.1148
3743.6899 0.1114
3744.5532 0.1027
3745.4148 0.0869
3746.2786 0.0667
3747.1404 0.0511
3748.0044 0.0486
3748.8667 0.0557
3749.7290 0.0723
3750.5938 0.0948
3751.4565 0.1169
3752.3215 0.1336
3753.1848 0.1453
3754.0503 0.1485
3754.9138 0.1329
3755.7798 0.0877
3756.6438 0.0135
3757.5081 -0.0661
3758.3745 -0.1044
3759.2390 -0.0673
3760.1060 0.0125
3760.9709 0.0908
3761.8381 0.1431
3762.7036 0.1705
3763.5693 0.1852
3764.4370 0.1937
3765.3032 0.1973
3766.1714 0.1986
3767.0378 0.2006
3767.9065 0.2041
3768.7732 0.2057
3769.6401 0.1991
3770.5095 0.1890
3771.3770 0.1860
3772.2466 0.1946
3773.1145 0.2081
3773.9844 0.2167
3774.8528 0.2213
3775.7209 0.2254
3776.5918 0.2288
3777.4604 0.2305
3778.3315 0.2295
3779.2009 0.2260
3780.0723 0.2208
3780.9419 0.2118
3781.8118 0.1941
3782.6838 0.1604
3783.5540 0.1033
3784.4265 0.0236
3785.2971 -0.0422
3786.1699 -0.0418
3787.0410 0.0206
3787.9121 0.1042
3788.7856 0.1677
3789.6572 0.2016
3790.5310 0.2188
3791.4031 0.2282
3792.2773 0.2337
3793.1499 0.2372
3794.0225 0.2409
3794.8972 0.2462
3795.7703 0.2522
3796.6455 0.2571
3797.5190 0.2599
3798.3948 0.2594
3799.2686 0.2538
3800.1426 0.2416
3801.0188 0.2249
3801.8933 0.2152
3802.7700 0.2195
3803.6448 0.2348
3804.5220 0.2502
3805.3972 0.2559
3806.2727 0.2486
3807.1504 0.2365
3808.0261 0.2299
3808.9043 0.2338
3809.7805 0.2433
3810.6589 0.2487
3811.5356 0.2434
3812.4126 0.2337
3813.2917 0.2273
3814.1689 0.2273
3815.0483 0.2321
3815.9260 0.2399
3816.8059 0.2469
3817.6841 0.2478
3818.5623 0.2374
3819.4429 0.2117
3820.3215 0.1672
3821.2024 0.1002
3822.0815 0.0171
3822.9629 -0.0265
3823.8423 -0.0022
3824.7241 0.0719
3825.6040 0.1473
3826.4841 0.1989
3827.3665 0.2333
3828.2468 0.2558
3829.1296 0.2702
3830.0105 0.2783
3830.8938 0.2796
3831.7751 0.2750
3832.6565 0.2711
3833.5403 0.2730
3834.4224 0.2760
3835.3064 0.2728
3836.1887 0.2628
3837.0735 0.2559
3837.9561 0.2620
3838.8391 0.2697
3839.7244 0.2641
3840.6077 0.2412
3841.4932 0.2106
3842.3770 0.1823
3843.2629 0.1656
3844.1472 0.1834
3845.0315 0.2261
3845.9182 0.2651
3846.8030 0.2791
3847.6899 0.2725
3848.5752 0.2478
3849.4626 0.2144
3850.3481 0.1985
3851.2339 0.2149
3852.1221 0.2479
3853.0083 0.2692
3853.8967 0.2797
3854.7832 0.2876
3855.6721 0.2952
3856.5591 0.3007
3857.4463 0.3026
3858.3359 0.2996
3859.2234 0.2927
3860.1135 0.2884
3861.0015 0.2895
3861.8918 0.2942
3862.7803 0.2981
3863.6687 0.2998
3864.5598 0.2991
3865.4487 0.2975
3866.3401 0.2975
3867.2297 0.2998
3868.1213 0.3014
3869.0112 0.2997
3869.9014 0.2972
3870.7937 0.2933
3871.6841 0.2846
3872.5769 0.2655
3873.4678 0.2287
3874.3611 0.1650
3875.2524 0.0710
3876.1438 -0.0006
3877.0376 -0.0011
3877.9297 0.0714
3878.8237 0.1666
3879.7161 0.2332
3880.6108 0.2684
3881.5037 0.2851
3882.3965 0.2924
3883.2917 0.2948
3884.1851 0.2952
3885.0808 0.2930
3885.9746 0.2836
3886.8706 0.2685
3887.7649 0.2591
3888.6592 0.2641
3889.5559 0.2798
3890.4507 0.2907
3891.3479 0.2885
3892.2429 0.2766
3893.1406 0.2675
3894.0361 0.2712
3894.9341 0.2864
3895.8301 0.2995
3896.7263 0.3053
3897.6250 0.3059
3898.5215 0.2999
3899.4207 0.2851
3900.3176 0.2651
3901.2170 0.2538
3902.1145 0.2628
3903.0122 0.2801
3903.9121 0.2937
3904.8103 0.2985
3905.7107 0.2967
3906.6094 0.2939
3907.5100 0.2944
3908.4089 0.2979
3909.3081 0.3024
3910.2097 0.3058
3911.1091 0.3074
3912.0110 0.3077
3912.9111 0.3056
3913.8132 0.3030
3914.7136 0.3016
3915.6143 0.3000
3916.5171 0.2939
3917.4182 0.2804
3918.3215 0.2528
3919.2229 0.1835
3920.1267 0.0920
3921.0286 0.0385
3921.9307 0.0764
3922.8350 0.1698
3923.7373 0.2332
3924.6421 0.2570
3925.5452 0.2618
3926.4502 0.2680
3927.3535 0.2837
3928.2571 0.2988
3929.1628 0.3051
3930.0667 0.3039
3930.9731 0.2984
3931.8774 0.2922
3932.7839 0.2900
3933.6887 0.2930
3934.5938 0.2965
3935.5010 0.3001
3936.4062 0.3033
3937.3142 0.3049
3938.2200 0.3035
3939.1279 0.3004
3940.0342 0.2991
3940.9407 0.3004
3941.8494 0.3024
3942.7561 0.3037
3943.6653 0.3037
3944.5725 0.3025
3945.4822 0.3009
3946.3899 0.2981
3947.2979 0.2936
3948.2080 0.2888
3949.1162 0.2864
3950.0269 0.2859
3950.9355 0.2799
3951.8467 0.2688
3952.7559 0.2425
3953.6650 0.1809
3954.5769 0.0689
3955.4866 -0.0652
3956.3987 -0.1372
3957.3088 -0.1114
3958.2214 -0.0138
3959.1321 0.1015
3960.0449 0.1856
3960.9561 0.2261
3961.8672 0.2482
3962.7808 0.2651
3963.6924 0.2776
3964.6064 0.2832
3965.5186 0.2827
3966.4329 0.2800
3967.3455 0.2796
3968.2581 0.2804
3969.1731 0.2811
3970.0862 0.2813
3971.0017 0.2821
3971.9153 0.2837
3972.8313 0.2844
3973.7451 0.2841
3974.6592 0.2838
3975.5759 0.2838
3976.4905 0.2830
3977.4075 0.2809
3978.3225 0.2798
3979.2397 0.2795
3980.1553 0.2787
3981.0708 0.2766
3981.9888 0.2744
3982.9050 0.2728
3983.8232 0.2710
3984.7397 0.2701
3985.6587 0.2699
3986.5757 0.2690
3987.4927 0.2646
3988.4121 0.2553
3989.3298 0.2471
3990.2498 0.2465
3991.1677 0.2515
3992.0879 0.2567
3993.0063 0.2600
3993.9250 0.2637
3994.8459 0.2681
3995.7649 0.2677
3996.6863 0.2625
3997.6057 0.2555
3998.5276 0.2498
3999.4475 0.2465
4000.3674 0.2479
4001.2900 0.2495
4002.2104 0.2503
4003.1333 0.2522
4004.0544 0.2568
4004.9775 0.2616
4005.8989 0.2649
4006.8206 0.2664
4007.7446 0.2650
4008.6665 0.2599
4009.5908 0.2509
4010.5132 0.2386
4011.4380 0.2266
4012.3608 0.2214
4013.2839 0.2243
4014.2095 0.2322
4015.1328 0.2406
4016.0588 0.2471
4016.9827 0.2514
4017.9089 0.2510
4018.8333 0.2466
4019.7578 0.2422
4020.6848 0.2416
4021.6096 0.2439
4022.5371 0.2461
4023.4624 0.2473
4024.3901 0.2475
4025.3162 0.2476
4026.2422 0.2487
4027.1704 0.2507
4028.0969 0.2513
4029.0259 0.2491
4029.9526 0.2446
4030.8821 0.2397
4031.8093 0.2363
4032.7390 0.2356
4033.6667 0.2371
4034.5947 0.2368
4035.5251 0.2348
4036.4534 0.2335
4037.3843 0.2338
4038.3130 0.2326
4039.2441 0.2301
4040.1736 0.2284
4041.1030 0.2292
4042.0347 0.2322
4042.9646 0.2349
4043.8970 0.2345
4044.8271 0.2347
4045.7600 0.2370
4046.6907 0.2394
4047.6216 0.2397
4048.5549 0.2375
4049.4863 0.2332
4050.4202 0.2296
4051.3521 0.2266
4052.2861 0.2203
4053.2185 0.2107
4054.1509 0.2053
4055.0857 0.2117
4056.0186 0.2195
4056.9539 0.2218
4057.8872 0.2204
4058.8230 0.2197
4059.7566 0.2209
4060.6907 0.2216
4061.6270 0.2193
4062.5613 0.2151
4063.4983 0.2113
4064.4331 0.2104
4065.3701 0.2140
4066.3054 0.2187
4067.2410 0.2206
4068.1787 0.2203
4069.1147 0.2193
4070.0530 0.2188
4070.9893 0.2192
4071.9280 0.2191
4072.8647 0.2178
4073.8018 0.2170
4074.7412 0.2175
4075.6787 0.2190
4076.6184 0.2209
4077.5562 0.2219
4078.4966 0.2210
4079.4348 0.2193
4080.3733 0.2172
4081.3142 0.2145
4082.2532 0.2097
4083.1943 0.2018
4084.1338 0.1902
4085.0757 0.1668
4086.0154 0.1183
4086.9553 0.0423
4087.8977 -0.0341
4088.8381 -0.0514
4089.7810 0.0084
4090.7219 0.0870
4091.6653 0.1454
4092.6064 0.1771
4093.5481 0.1926
4094.4919 0.2008
4095.4338 0.2031
4096.3784 0.2008
4097.3208 0.1974
4098.2656 0.1964
4099.2085 0.1990
4100.1514 0.2025
4101.0967 0.2053
4102.0400 0.2076
4102.9863 0.2088
4103.9302 0.2079
4104.8765 0.2051
4105.8208 0.2012
4106.7676 0.1963
4107.7124 0.1889
4108.6572 0.1811
4109.6045 0.1776
4110.5503 0.1811
4111.4980 0.1860
4112.4438 0.1822
4113.3921 0.1620
4114.3384 0.1353
4115.2852 0.1192
4116.2339 0.1191
4117.1807 0.1197
4118.1304 0.1311
4119.0776 0.1558
4120.0273 0.1799
4120.9751 0.1915
4121.9233 0.1938
4122.8740 0.1932
4123.8223 0.1921
4124.7734 0.1912
4125.7222 0.1909
4126.6733 0.1912
4127.6230 0.1912
4128.5723 0.1890
4129.5244 0.1844
4130.4746 0.1797
4131.4268 0.1772
4132.3774 0.1781
4133.3301 0.1826
4134.2812 0.1886
4135.2324 0.1921
4136.1855 0.1926
4137.1372 0.1915
4138.0913 0.1906
4139.0435 0.1904
4139.9976 0.1908
4140.9502 0.1910
4141.9028 0.1910
4142.8579 0.1912
4143.8110 0.1913
4144.7666 0.1911
4145.7202 0.1898
4146.6758 0.1867
4147.6299 0.1820
4148.5840 0.1762
4149.5405 0.1716
4150.4951 0.1721
4151.4526 0.1793
4152.4072 0.1857
4153.3647 0.1883
4154.3203 0.1880
4155.2764 0.1860
4156.2344 0.1815
4157.1904 0.1714
4158.1489 0.1517
4159.1055 0.1298
4160.0649 0.1211
4161.0220 0.1325
4161.9790 0.1501
4162.9390 0.1496
4163.8965 0.1266
4164.8564 0.1061
4165.8149 0.1088
4166.7754 0.1349
4167.7339 0.1625
4168.6929 0.1737
4169.6538 0.1746
4170.6133 0.1739
4171.5752 0.1742
4172.5347 0.1737
4173.4971 0.1710
4174.4570 0.1695
4175.4175 0.1714
4176.3799 0.1735
4177.3408 0.1742
4178.3042 0.1743
4179.2651 0.1744
4180.2290 0.1746
4181.1909 0.1747
4182.1548 0.1752
4183.1172 0.1755
4184.0796 0.1751
4185.0444 0.1745
4186.0068 0.1744
4186.9722 0.1737
4187.9355 0.1728
4188.9014 0.1722
4189.8647 0.1724
4190.8286 0.1728
4191.7949 0.1728
4192.7593 0.1736
4193.7261 0.1748
4194.6909 0.1753
4195.6582 0.1748
4196.6235 0.1745
4197.5889 0.1750
4198.5571 0.1758
4199.5229 0.1760
4200.4912 0.1747
4201.4575 0.1722
4202.4263 0.1706
4203.3931 0.1719
4204.3599 0.1741
4205.3296 0.1753
4206.2969 0.1756
4207.2671 0.1758
4208.2349 0.1765
4209.2051 0.1766
4210.1738 0.1742
4211.1421 0.1711
4212.1133 0.1692
4213.0820 0.1694
4214.0537 0.1711
4215.0229 0.1723
4215.9951 0.1713
4216.9648 0.1592
4217.9351 0.1311
4218.9077 0.0989
4219.8784 0.0924
4220.8516 0.1242
4221.8223 0.1554
4222.7959 0.1711
4223.7676 0.1754
4224.7393 0.1757
4225.7134 0.1738
4226.6855 0.1688
4227.6602 0.1589
4228.6328 0.1528
4229.6079 0.1549
4230.5806 0.1616
4231.5542 0.1649
4232.5298 0.1642
4233.5034 0.1651
4234.4800 0.1678
4235.4541 0.1695
4236.4307 0.1683
4237.4053 0.1659
4238.3799 0.1646
4239.3574 0.1648
4240.3325 0.1658
4241.3105 0.1662
4242.2861 0.1647
4243.2642 0.1606
4244.2407 0.1556
4245.2168 0.1554
4246.1958 0.1563
4247.1729 0.1551
4248.1519 0.1536
4249.1294 0.1570
4250.1094 0.1638
4251.0869 0.1675
4252.0649 0.1672
4253.0454 0.1650
4254.0239 0.1634
4255.0049 0.1632
4255.9834 0.1627
4256.9648 0.1594
4257.9443 0.1532
4258.9263 0.1476
4259.9058 0.1465
4260.8857 0.1501
4261.8687 0.1547
4262.8491 0.1578
4263.8320 0.1593
4264.8130 0.1606
4265.7964 0.1628
4266.7778 0.1650
4267.7593 0.1655
4268.7432 0.1646
4269.7256 0.1630
4270.7100 0.1624
4271.6924 0.1637
4272.6772 0.1655
4273.6606 0.1654
4274.6436 0.1619
4275.6294 0.1576
4276.6128 0.1568
4277.5991 0.1598
4278.5830 0.1604
4279.5698 0.1545
4280.5542 0.1478
4281.5391 0.1410
4282.5264 0.1377
4283.5117 0.1409
4284.4990 0.1458
4285.4849 0.1396
4286.4731 0.1308
4287.4590 0.1219
4288.4453 0.1145
4289.4346 0.1158
4290.4214 0.1348
4291.4106 0.1564
4292.3979 0.1618
4293.3877 0.1591
4294.3755 0.1590
4295.3633 0.1641
4296.3535 0.1692
4297.3423 0.1669
4298.3330 0.1567
4299.3218 0.1449
4300.3135 0.1399
4301.3027 0.1463
4302.2920 0.1590
4303.2842 0.1672
4304.2744 0.1687
4305.2666 0.1670
4306.2573 0.1659
4307.2500 0.1678
4308.2412 0.1719
4309.2319 0.1731
4310.2261 0.1682
4311.2173 0.1625
4312.2114 0.1617
4313.2036 0.1670
4314.1982 0.1732
4315.1904 0.1750
4316.1836 0.1737
4317.1787 0.1728
4318.1719 0.1729
4319.1675 0.1718
4320.1611 0.1679
4321.1572 0.1604
4322.1514 0.1451
4323.1460 0.1133
4324.1426 0.0596
4325.1377 -0.0071
4326.1348 -0.0530
4327.1299 -0.0308
4328.1279 0.0358
4329.1235 0.0954
4330.1196 0.1316
4331.1182 0.1520
4332.1143 0.1631
4333.1133 0.1682
4334.1104 0.1692
4335.1099 0.1608
4336.1069 0.1389
4337.1069 0.1128
4338.1045 0.1070
4339.1025 0.1329
4340.1030 0.1576
4341.1016 0.1684
4342.1025 0.1687
4343.1016 0.1664
4344.1030 0.1665
4345.1025 0.1689
4346.1021 0.1675
4347.1040 0.1638
4348.1040 0.1621
4349.1069 0.1644
4350.1074 0.1676
4351.1104 0.1676
4352.1113 0.1646
4353.1128 0.1595
4354.1167 0.1551
4355.1182 0.1544
4356.1226 0.1586
4357.1245 0.1636
4358.1294 0.1651
4359.1318 0.1643
4360.1348 0.1633
4361.1401 0.1638
4362.1436 0.1653
4363.1494 0.1662
4364.1528 0.1667
4365.1592 0.1664
4366.1636 0.1646
4367.1680 0.1598
4368.1753 0.1488
4369.1802 0.1270
4370.1875 0.1030
4371.1929 0.0979
4372.2007 0.1128
4373.2065 0.1330
4374.2129 0.1443
4375.2212 0.1471
4376.2280 0.1475
4377.2368 0.1492
4378.2441 0.1492
4379.2534 0.1428
4380.2612 0.1324
4381.2686 0.1324
4382.2793 0.1441
4383.2871 0.1527
4384.2979 0.1530
4385.3066 0.1500
4386.3179 0.1497
4387.3267 0.1530
4388.3359 0.1550
4389.3481 0.1550
4390.3579 0.1543
4391.3701 0.1541
4392.3804 0.1548
4393.3936 0.1551
4394.4043 0.1548
4395.4150 0.1534
4396.4287 0.1518
4397.4399 0.1506
4398.4541 0.1487
4399.4658 0.1443
4400.4805 0.1325
4401.4927 0.1129
4402.5054 0.0991
4403.5205 0.1041
4404.5337 0.1226
4405.5493 0.1355
4406.5625 0.1397
4407.5786 0.1400
4408.5928 0.1392
4409.6069 0.1375
4410.6240 0.1347
4411.6387 0.1315
4412.6558 0.1290
4413.6709 0.1282
4414.6885 0.1286
4415.7041 0.1293
4416.7227 0.1298
4417.7388 0.1312
4418.7549 0.1322
4419.7739 0.1331
4420.7905 0.1342
4421.8101 0.1358
4422.8271 0.1377
4423.8472 0.1406
4424.8647 0.1429
4425.8828 0.1430
4426.9033 0.1402
4427.9219 0.1344
4428.9429 0.1276
4429.9619 0.1282
4430.9834 0.1370
4432.0024 0.1449
4433.0220 0.1485
4434.0444 0.1484
4435.0645 0.1445
4436.0874 0.1393
4437.1079 0.1390
4438.1309 0.1433
4439.1519 0.1475
4440.1733 0.1485
4441.1968 0.1483
4442.2188 0.1503
4443.2432 0.1522
4444.2651 0.1523
4445.2900 0.1509
4446.3125 0.1485
4447.3354 0.1468
4448.3613 0.1478
4449.3843 0.1491
4450.4106 0.1493
4451.4341 0.1473
4452.4609 0.1413
4453.4849 0.1324
4454.5098 0.1288
4455.5366 0.1274
4456.5615 0.1241
4457.5894 0.1238
4458.6147 0.1319
4459.6431 0.1433
4460.6689 0.1507
4461.6953 0.1532
4462.7241 0.1521
4463.7505 0.1418
4464.7798 0.1122
4465.8071 0.0637
4466.8369 0.0375
4467.8643 0.0707
4468.8921 0.1170
4469.9229 0.1442
4470.9512 0.1514
4471.9819 0.1490
4473.0107 0.1390
4474.0425 0.1259
4475.0718 0.1174
4476.1011 0.1158
4477.1333 0.1213
4478.1631 0.1349
4479.1958 0.1478
4480.2266 0.1536
4481.2593 0.1553
4482.2905 0.1548
4483.3213 0.1524
4484.3555 0.1477
4485.3872 0.1378
4486.4214 0.1299
4487.4536 0.1320
4488.4883 0.1407
4489.5210 0.1471
4490.5537 0.1468
4491.5889 0.1375
4492.6226 0.1168
4493.6582 0.1067
4494.6919 0.1172
4495.7285 0.1381
4496.7627 0.1495
4497.7998 0.1495
4498.8345 0.1379
4499.8696 0.1212
4500.9072 0.1145
4501.9424 0.1250
4502.9805 0.1374
4504.0166 0.1300
4505.0552 0.1101
4506.0913 0.0920
4507.1279 0.0821
4508.1675 0.0858
4509.2046 0.1092
4510.2446 0.1355
4511.2822 0.1473
4512.3223 0.1499
4513.3604 0.1498
4514.3984 0.1492
4515.4395 0.1492
4516.4785 0.1482
4517.5200 0.1390
4518.5591 0.1266
4519.6011 0.1230
4520.6406 0.1332
4521.6807 0.1462
4522.7236 0.1505
4523.7642 0.1492
4524.8071 0.1429
4525.8481 0.1345
4526.8916 0.1308
4527.9331 0.1373
4528.9746 0.1456
4530.0190 0.1483
4531.0610 0.1459
4532.1060 0.1341
4533.1489 0.1081
4534.1938 0.0781
4535.2373 0.0790
4536.2803 0.1092
4537.3267 0.1320
4538.3701 0.1322
4539.4170 0.1152
4540.4609 0.0927
4541.5083 0.0873
4542.5527 0.0935
4543.5981 0.1020
4544.6455 0.1150
4545.6909 0.1328
4546.7393 0.1419
4547.7852 0.1387
4548.8340 0.1334
4549.8804 0.1337
4550.9272 0.1391
4551.9766 0.1452
4553.0239 0.1484
4554.0737 0.1483
4555.1216 0.1421
4556.1719 0.1320
4557.2197 0.1264
4558.2686 0.1302
4559.3193 0.1353
4560.3682 0.1294
4561.4199 0.1235
4562.4692 0.1258
4563.5215 0.1318
4564.5713 0.1329
4565.6211 0.1263
4566.6743 0.1083
4567.7246 0.0750
4568.7778 0.0606
4569.8291 0.0789
4570.8828 0.1102
4571.9341 0.1202
4572.9888 0.1112
4574.0405 0.1127
4575.0928 0.1211
4576.1479 0.1267
4577.2007 0.1282
4578.2559 0.1315
4579.3091 0.1356
4580.3652 0.1358
4581.4189 0.1361
4582.4731 0.1383
4583.5298 0.1411
4584.5840 0.1425
4585.6411 0.1430
4586.6963 0.1432
4587.7539 0.1436
4588.8091 0.1439
4589.8647 0.1437
4590.9233 0.1439
4591.9795 0.1449
4593.0386 0.1451
4594.0952 0.1444
4595.1543 0.1438
4596.2114 0.1436
4597.2690 0.1436
4598.3291 0.1432
4599.3867 0.1404
4600.4473 0.1347
4601.5059 0.1272
4602.5669 0.1194
4603.6255 0.1131
4604.6846 0.1135
4605.7466 0.1222
4606.8062 0.1329
4607.8687 0.1402
4608.9287 0.1425
4609.9912 0.1412
4611.0518 0.1380
4612.1128 0.1275
4613.1763 0.1100
4614.2373 0.0993
4615.3013 0.1071
4616.3633 0.1240
4617.4277 0.1277
4618.4897 0.1186
4619.5522 0.1126
4620.6177 0.1173
4621.6807 0.1287
4622.7466 0.1372
4623.8096 0.1410
4624.8760 0.1428
4625.9399 0.1437
4627.0044 0.1439
4628.0713 0.1438
4629.1357 0.1444
4630.2031 0.1460
4631.2686 0.1460
4632.3364 0.1450
4633.4023 0.1443
4634.4678 0.1442
4635.5366 0.1448
4636.6030 0.1449
4637.6724 0.1443
4638.7393 0.1430
4639.8091 0.1410
4640.8765 0.1386
4641.9438 0.1375
4643.0142 0.1404
4644.0825 0.1439
4645.1533 0.1446
4646.2222 0.1415
4647.2935 0.1363
4648.3623 0.1320
4649.4316 0.1308
4650.5039 0.1273
4651.5737 0.1256
4652.6465 0.1283
4653.7168 0.1329
4654.7900 0.1351
4655.8608 0.1375
4656.9346 0.1400
4658.0059 0.1413
4659.0771 0.1417
4660.1519 0.1422
4661.2236 0.1420
4662.2983 0.1410
4663.3711 0.1400
4664.4463 0.1401
4665.5195 0.1415
4666.5928 0.1433
4667.6689 0.1441
4668.7427 0.1440
4669.8193 0.1438
4670.8936 0.1435
4671.9707 0.1434
4673.0454 0.1435
4674.1206 0.1438
4675.1982 0.1439
4676.2739 0.1440
4677.3521 0.1440
4678.4282 0.1439
4679.5073 0.1437
4680.5835 0.1430
4681.6602 0.1419
4682.7397 0.1409
4683.8174 0.1405
4684.8975 0.1408
4685.9751 0.1411
4687.0557 0.1401
4688.1338 0.1382
4689.2124 0.1389
4690.2935 0.1404
4691.3726 0.1412
4692.4546 0.1411
4693.5342 0.1406
4694.6162 0.1397
4695.6963 0.1384
4696.7764 0.1358
4697.8594 0.1334
4698.9404 0.1331
4700.0239 0.1343
4701.1050 0.1349
4702.1890 0.1359
4703.2710 0.1367
4704.3530 0.1369
4705.4375 0.1366
4706.5200 0.1362
4707.6055 0.1350
4708.6885 0.1329
4709.7744 0.1295
4710.8579 0.1258
4711.9414 0.1239
4713.0283 0.1245
4714.1123 0.1241
4715.1992 0.1206
4716.2842 0.1199
4717.3716 0.1240
4718.4570 0.1295
4719.5425 0.1320
4720.6309 0.1320
4721.7168 0.1313
4722.8057 0.1300
4723.8921 0.1287
4724.9814 0.1288
4726.0684 0.1304
4727.1553 0.1316
4728.2456 0.1321
4729.3335 0.1320
4730.4238 0.1315
4731.5122 0.1308
4732.6030 0.1299
4733.6919 0.1293
4734.7808 0.1288
4735.8726 0.1279
4736.9624 0.1266
4738.0547 0.1251
4739.1445 0.1235
4740.2373 0.1224
4741.3276 0.1225
4742.4214 0.1227
4743.5122 0.1219
4744.6035 0.1194
4745.6973 0.1162
4746.7891 0.1138
4747.8838 0.1131
4748.9761 0.1142
4750.0713 0.1165
4751.1641 0.1186
4752.2568 0.1195
4753.3525 0.1200
4754.4463 0.1212
4755.5425 0.1222
4756.6367 0.1227
4757.7334 0.1236
4758.8281 0.1253
4759.9229 0.1258
4761.0205 0.1244
4762.1157 0.1227
4763.2139 0.1218
4764.3096 0.1219
4765.4082 0.1229
4766.5044 0.1251
4767.6011 0.1261
4768.7002 0.1252
4769.7974 0.1240
4770.8975 0.1242
4771.9951 0.1249
4773.0952 0.1250
4774.1934 0.1257
4775.2915 0.1265
4776.3926 0.1274
4777.4917 0.1286
4778.5933 0.1293
4779.6924 0.1276
4780.7949 0.1250
4781.8945 0.1245
4782.9946 0.1260
4784.0977 0.1275
4785.1982 0.1282
4786.3018 0.1275
4787.4028 0.1257
4788.5068 0.1233
4789.6084 0.1221
4790.7100 0.1232
4791.8149 0.1251
4792.9170 0.1257
4794.0225 0.1258
4795.1255 0.1250
4796.2310 0.1241
4797.3345 0.1240
4798.4380 0.1245
4799.5444 0.1255
4800.6489 0.1267
4801.7559 0.1267
4802.8604 0.1257
4803.9678 0.1247
4805.0732 0.1246
4806.1782 0.1236
4807.2866 0.1147
4808.3926 0.1069
4809.5015 0.1084
4810.6079 0.1174
4811.7173 0.1239
4812.8242 0.1264
4813.9312 0.1280
4815.0415 0.1292
4816.1489 0.1296
4817.2598 0.1296
4818.3677 0.1294
4819.4790 0.1279
4820.5879 0.1266
4821.6968 0.1274
4822.8086 0.1293
4823.9180 0.1301
4825.0303 0.1304
4826.1401 0.1312
4827.2534 0.1325
4828.3638 0.1338
4829.4771 0.1332
4830.5884 0.1289
4831.6992 0.1221
4832.8135 0.1199
4833.9253 0.1251
4835.0400 0.1300
4836.1523 0.1310
4837.2676 0.1303
4838.3804 0.1290
4839.4937 0.1250
4840.6094 0.1191
4841.7231 0.1073
4842.8394 0.0815
4843.9536 0.0401
4845.0708 0.0044
4846.1851 0.0148
4847.3003 0.0512
4848.4180 0.0825
4849.5332 0.1022
4850.6514 0.1167
4851.7676 0.1246
4852.8862 0.1272
4854.0024 0.1271
4855.1191 0.1265
4856.2388 0.1262
4857.3560 0.1255
4858.4761 0.1223
4859.5938 0.1158
4860.7144 0.1119
4861.8325 0.1135
4862.9512 0.1174
4864.0723 0.1194
4865.1914 0.1196
4866.3135 0.1183
4867.4326 0.1159
4868.5552 0.1136
4869.6753 0.1135
4870.7954 0.1164
4871.9189 0.1193
4873.0396 0.1203
4874.1631 0.1201
4875.2847 0.1188
4876.4087 0.1170
4877.5308 0.1164
4878.6528 0.1172
4879.7778 0.1194
4880.9004 0.1198
4882.0259 0.1194
4883.1489 0.1198
4884.2749 0.1207
4885.3984 0.1207
4886.5225 0.1205
4887.6494 0.1206
4888.7734 0.1207
4889.9009 0.1208
4891.0259 0.1212
4892.1538 0.1212
4893.2793 0.1213
4894.4048 0.1211
4895.5337 0.1208
4896.6597 0.1211
4897.7891 0.1223
4898.9155 0.1242
4900.0454 0.1254
4901.1724 0.1245
4902.2998 0.1236
4903.4307 0.1222
4904.5586 0.1162
4905.6895 0.1004
4906.8179 0.0704
4907.9497 0.0563
4909.0786 0.0756
4910.2080 0.1084
4911.3403 0.1259
4912.4702 0.1294
4913.6030 0.1305
4914.7334 0.1312
4915.8667 0.1315
4916.9976 0.1314
4918.1313 0.1305
4919.2627 0.1292
4920.3945 0.1289
4921.5288 0.1287
4922.6611 0.1287
4923.7964 0.1294
4924.9292 0.1300
4926.0649 0.1283
4927.1978 0.1264
4928.3315 0.1259
4929.4678 0.1257
4930.6021 0.1254
4931.7388 0.1259
4932.8735 0.1268
4934.0107 0.1263
4935.1460 0.1236
4936.2812 0.1224
4937.4194 0.1241
4938.5557 0.1265
4939.6943 0.1272
4940.8306 0.1259
4941.9702 0.1252
4943.1069 0.1258
4944.2441 0.1269
4945.3843 0.1272
4946.5220 0.1260
4947.6626 0.1244
4948.8008 0.1248
4949.9419 0.1256
4951.0806 0.1249
4952.2197 0.1235
4953.3618 0.1235
4954.5010 0.1254
4955.6436 0.1271
4956.7837 0.1279
4957.9268 0.1280
4959.0674 0.1276
4960.2080 0.1266
4961.3521 0.1256
4962.4932 0.1255
4963.6377 0.1254
4964.7793 0.1247
4965.9243 0.1236
4967.0669 0.1225
4968.2095 0.1217
4969.3550 0.1230
4970.4980 0.1245
4971.6445 0.1248
4972.7881 0.1234
4973.9351 0.1204
4975.0791 0.1180
4976.2236 0.1177
4977.3711 0.1194
4978.5161 0.1223
4979.6641 0.1247
4980.8096 0.1246
4981.9585 0.1236
4983.1045 0.1217
4984.2510 0.1166
4985.4004 0.1109
4986.5469 0.1095
4987.6968 0.1134
4988.8442 0.1172
4989.9946 0.1197
4991.1426 0.1216
4992.2910 0.1230
4993.4419 0.1239
4994.5908 0.1248
4995.7427 0.1261
4996.8921 0.1246
4998.0439 0.1190
4999.1938 0.1093
5000.3438 0.0920
5001.4971 0.0659
5002.6475 0.0627
5003.8013 0.0915
5004.9521 0.1155
5006.1064 0.1225
5007.2583 0.1244
5008.4126 0.1263
5009.5649 0.1252
5010.7173 0.1237
5011.8730 0.1237
5013.0259 0.1230
5014.1816 0.1195
5015.3354 0.1164
5016.4917 0.1169
5017.6460 0.1172
5018.8003 0.1156
5019.9575 0.1152
5021.1123 0.1179
5022.2700 0.1187
5023.4258 0.1079
5024.5840 0.0988
5025.7397 0.1036
5026.8960 0.1154
5028.0552 0.1210
5029.2119 0.1211
5030.3716 0.1204
5031.5288 0.1214
5032.6890 0.1229
5033.8472 0.1237
5035.0049 0.1237
5036.1660 0.1224
5037.3247 0.1161
5038.4863 0.0978
5039.6455 0.0875
5040.8076 0.0967
5041.9668 0.1158
5043.1270 0.1240
5044.2900 0.1241
5045.4502 0.1249
5046.6138 0.1272
5047.7749 0.1284
5048.9390 0.1274
5050.1001 0.1252
5051.2622 0.1247
5052.4268 0.1247
5053.5894 0.1235
5054.7544 0.1220
5055.9175 0.1218
5057.0830 0.1215
5058.2466 0.1200
5059.4102 0.1203
5060.5771 0.1229
5061.7412 0.1258
5062.9082 0.1267
5064.0732 0.1264
5065.2407 0.1259
5066.4062 0.1256
5067.5718 0.1256
5068.7402 0.1250
5069.9062 0.1231
5071.0752 0.1215
5072.2417 0.1224
5073.4116 0.1239
5074.5786 0.1242
5075.7461 0.1232
5076.9165 0.1222
5078.0845 0.1223
5079.2554 0.1221
5080.4238 0.1205
5081.5957 0.1189
5082.7646 0.1157
5083.9336 0.1115
5085.1060 0.1132
5086.2759 0.1200
5087.4487 0.1224
5088.6191 0.1220
5089.7925 0.1216
5090.9634 0.1223
5092.1348 0.1234
5093.3091 0.1235
5094.4805 0.1238
5095.6553 0.1234
5096.8276 0.1229
5098.0029 0.1230
5099.1758 0.1225
5100.3516 0.1215
5101.5249 0.1208
5102.6987 0.1210
5103.8750 0.1220
5105.0493 0.1231
5106.2266 0.1221
5107.4014 0.1216
5108.5791 0.1218
5109.7544 0.1209
5110.9297 0.1190
5112.1084 0.1182
5113.2842 0.1198
5114.4634 0.1219
5115.6401 0.1230
5116.8198 0.1230
5117.9966 0.1226
5119.1743 0.1226
5120.3545 0.1229
5121.5327 0.1226
5122.7134 0.1224
5123.8921 0.1224
5125.0737 0.1217
5126.2524 0.1194
5127.4321 0.1168
5128.6143 0.1167
5129.7939 0.1183
5130.9771 0.1186
5132.1572 0.1169
5133.3408 0.1159
5134.5220 0.1181
5135.7031 0.1194
5136.8872 0.1190
5138.0688 0.1189
5139.2539 0.1194
5140.4360 0.1200
5141.6216 0.1212
5142.8042 0.1215
5143.9873 0.1205
5145.1738 0.1207
5146.3574 0.1221
5147.5439 0.1218
5148.7280 0.1163
5149.9155 0.1024
5151.1001 0.0718
5152.2852 0.0572
5153.4731 0.0747
5154.6587 0.1053
5155.8477 0.1171
5157.0337 0.1218
5158.2227 0.1243
5159.4097 0.1232
5160.5962 0.1208
5161.7861 0.1208
5162.9736 0.1216
5164.1646 0.1220
5165.3525 0.1207
5166.5435 0.1186
5167.7319 0.1178
5168.9209 0.1190
5170.1128 0.1200
5171.3022 0.1203
5172.4946 0.1209
5173.6846 0.1223
5174.8779 0.1234
5176.0684 0.1227
5177.2588 0.1209
5178.4526 0.1160
5179.6440 0.1047
5180.8384 0.0994
5182.0303 0.1058
5183.2251 0.1169
5184.4175 0.1213
5185.6104 0.1220
5186.8062 0.1219
5187.9995 0.1221
5189.1958 0.1222
5190.3896 0.1224
5191.5864 0.1229
5192.7808 0.1224
5193.9780 0.1204
5195.1729 0.1185
5196.3682 0.1167
5197.5664 0.1140
5198.7622 0.1107
5199.9609 0.1099
5201.1572 0.1133
5202.3564 0.1171
5203.5532 0.1194
5204.7505 0.1201
5205.9507 0.1189
5207.1484 0.1176
5208.3491 0.1135
5209.5474 0.1075
5210.7485 0.1060
5211.9473 0.1125
5213.1460 0.1189
5214.3481 0.1185
5215.5479 0.1095
5216.7505 0.0965
5217.9507 0.0907
5219.1538 0.0975
5220.3545 0.1055
5221.5557 0.1110
5222.7598 0.1161
5223.9609 0.1185
5225.1655 0.1184
5226.3677 0.1183
5227.5728 0.1180
5228.7754 0.1156
5229.9785 0.1139
5231.1846 0.1140
5232.3877 0.1147
5233.5942 0.1152
5234.7983 0.1156
5236.0054 0.1162
5237.2100 0.1148
5238.4150 0.1144
5239.6230 0.1160
5240.8281 0.1163
5242.0366 0.1120
5243.2427 0.1070
5244.4517 0.1100
5245.6582 0.1122
5246.8652 0.1099
5248.0747 0.1092
5249.2822 0.1150
5250.4927 0.1203
5251.7007 0.1212
5252.9116 0.1201
5254.1201 0.1180
5255.3286 0.1143
5256.5405 0.1080
5257.7500 0.0925
5258.9624 0.0865
5260.1724 0.0966
5261.3853 0.1111
5262.5957 0.1165
5263.8062 0.1180
5265.0200 0.1177
5266.2310 0.1139
5267.4458 0.1128
5268.6572 0.1162
5269.8721 0.1199
5271.0845 0.1203
5272.2974 0.1191
5273.5132 0.1171
5274.7261 0.1161
5275.9424 0.1166
5277.1562 0.1180
5278.3730 0.1186
5279.5874 0.1187
5280.8047 0.1185
5282.0195 0.1173
5283.2349 0.1165
5284.4531 0.1175
5285.6689 0.1187
5286.8877 0.1185
5288.1040 0.1169
5289.3232 0.1160
5290.5400 0.1166
5291.7573 0.1180
5292.9775 0.1194
5294.1953 0.1188
5295.4160 0.1151
5296.6343 0.1070
5297.8555 0.0927
5299.0742 0.0788
5300.2935 0.0844
5301.5156 0.1055
5302.7354 0.1161
5303.9580 0.1182
5305.1782 0.1184
5306.4014 0.1176
5307.6221 0.1158
5308.8433 0.1168
5310.0674 0.1193
5311.2891 0.1190
5312.5137 0.1164
5313.7358 0.1159
5314.9614 0.1187
5316.1841 0.1187
5317.4072 0.1163
5318.6333 0.1153
5319.8569 0.1159
5321.0835 0.1156
5322.3076 0.1149
5323.5347 0.1170
5324.7598 0.1193
5325.9844 0.1198
5327.2129 0.1185
5328.4380 0.1166
5329.6670 0.1166
5330.8931 0.1189
5332.1221 0.1209
5333.3491 0.1217
5334.5757 0.1214
5335.8062 0.1204
5337.0337 0.1195
5338.2642 0.1190
5339.4922 0.1192
5340.7236 0.1192
5341.9521 0.1186
5343.1812 0.1162
5344.4131 0.1094
5345.6426 0.1034
5346.8755 0.1079
5348.1055 0.1150
5349.3389 0.1187
5350.5693 0.1199
5351.8003 0.1195
5353.0342 0.1182
5354.2656 0.1171
5355.5005 0.1172
5356.7324 0.1181
5357.9678 0.1186
5359.2002 0.1185
5360.4331 0.1197
5361.6694 0.1205
5362.9028 0.1198
5364.1392 0.1184
5365.3735 0.1178
5366.6108 0.1183
5367.8452 0.1180
5369.0801 0.1166
5370.3184 0.1163
5371.5537 0.1173
5372.7925 0.1179
5374.0283 0.1171
5375.2676 0.1174
5376.5039 0.1174
5377.7441 0.1163
5378.9810 0.1153
5380.2183 0.1163
5381.4590 0.1180
5382.6973 0.1169
5383.9385 0.1147
5385.1768 0.1145
5386.4189 0.1157
5387.6577 0.1155
5388.8975 0.1154
5390.1401 0.1168
5391.3799 0.1187
5392.6230 0.1190
5393.8638 0.1177
5395.1074 0.1164
5396.3486 0.1155
5397.5903 0.1161
5398.8350 0.1180
5400.0767 0.1188
5401.3223 0.1183
5402.5645 0.1179
5403.8105 0.1177
5405.0537 0.1178
5406.2969 0.1164
5407.5439 0.1156
5408.7876 0.1167
5410.0352 0.1171
5411.2798 0.1142
5412.5273 0.1141
5413.7725 0.1144
5415.0181 0.1135
5416.2666 0.1135
5417.5127 0.1160
5418.7617 0.1183
5420.0083 0.1195
5421.2583 0.1196
5422.5054 0.1193
5423.7529 0.1187
5425.0034 0.1174
5426.2515 0.1168
5427.5029 0.1168
5428.7515 0.1171
5430.0034 0.1173
5431.2524 0.1171
5432.5020 0.1164
5433.7549 0.1167
5435.0049 0.1161
5436.2578 0.1150
5437.5088 0.1158
5438.7627 0.1181
5440.0137 0.1195
5441.2651 0.1197
5442.5200 0.1206
5443.7720 0.1213
5445.0273 0.1209
5446.2798 0.1190
5447.5356 0.1159
5448.7891 0.1142
5450.0425 0.1168
5451.2993 0.1196
5452.5532 0.1206
5453.8105 0.1203
5455.0654 0.1198
5456.3232 0.1196
5457.5786 0.1208
5458.8340 0.1199
5460.0928 0.1142
5461.3486 0.1077
5462.6084 0.1078
5463.8647 0.1139
5465.1250 0.1171
5466.3823 0.1185
5467.6396 0.1178
5468.9004 0.1154
5470.1587 0.1136
5471.4199 0.1145
5472.6787 0.1167
5473.9404 0.1171
5475.1997 0.1168
5476.4624 0.1175
5477.7222 0.1192
5478.9824 0.1208
5480.2461 0.1212
5481.5068 0.1209
5482.7705 0.1199
5484.0322 0.1181
5485.2964 0.1162
5486.5586 0.1148
5487.8208 0.1114
5489.0859 0.1110
5490.3491 0.1131
5491.6147 0.1154
5492.8784 0.1175
5494.1450 0.1200
5495.4087 0.1217
5496.6729 0.1234
5497.9404 0.1243
5499.2056 0.1241
5500.4736 0.1234
5501.7388 0.1228
5503.0073 0.1233
5504.2734 0.1238
5505.5396 0.1231
5506.8096 0.1217
5508.0762 0.1208
5509.3462 0.1206
5510.6138 0.1210
5511.8843 0.1217
5513.1523 0.1216
5514.4209 0.1194
5515.6924 0.1149
5516.9614 0.1111
5518.2334 0.1149
5519.5029 0.1194
5520.7759 0.1209
5522.0459 0.1207
5523.3159 0.1207
5524.5898 0.1203
5525.8608 0.1186
5527.1348 0.1185
5528.4062 0.1200
5529.6812 0.1215
5530.9536 0.1219
5532.2256 0.1227
5533.5015 0.1238
5534.7744 0.1243
5536.0508 0.1240
5537.3242 0.1235
5538.6011 0.1237
5539.8755 0.1245
5541.1499 0.1246
5542.4277 0.1242
5543.7026 0.1241
5544.9810 0.1241
5546.2568 0.1239
5547.5356 0.1243
5548.8115 0.1254
5550.0884 0.1256
5551.3682 0.1250
5552.6450 0.1244
5553.9258 0.1245
5555.2031 0.1252
5556.4844 0.1257
5557.7627 0.1253
5559.0410 0.1242
5560.3232 0.1237
5561.6021 0.1241
5562.8848 0.1251
5564.1646 0.1253
5565.4473 0.1254
5566.7280 0.1254
5568.0083 0.1250
5569.2925 0.1243
5570.5737 0.1247
5571.8579 0.1258
5573.1401 0.1267
5574.4253 0.1271
5575.7075 0.1268
5576.9932 0.1258
5578.2764 0.1253
5579.5596 0.1253
5580.8462 0.1255
5582.1299 0.1258
5583.4170 0.1262
5584.7017 0.1269
5585.9893 0.1270
5587.2744 0.1255
5588.5601 0.1251
5589.8486 0.1253
5591.1348 0.1252
5592.4238 0.1252
5593.7104 0.1257
5595.0005 0.1263
5596.2876 0.1266
5597.5747 0.1263
5598.8657 0.1260
5600.1538 0.1260
5601.4448 0.1258
5602.7334 0.1259
5604.0254 0.1266
5605.3149 0.1274
5606.6045 0.1278
5607.8970 0.1279
5609.1870 0.1278
5610.4805 0.1278
5611.7715 0.1276
5613.0654 0.1273
5614.3569 0.1275
5615.6484 0.1279
5616.9434 0.1276
5618.2354 0.1267
5619.5308 0.1257
5620.8237 0.1245
5622.1201 0.1241
5623.4131 0.1250
5624.7070 0.1257
5626.0039 0.1252
5627.2983 0.1247
5628.5957 0.1252
5629.8906 0.1260
5631.1890 0.1262
5632.4844 0.1262
5633.7803 0.1270
5635.0791 0.1276
5636.3755 0.1276
5637.6753 0.1276
5638.9722 0.1277
5640.2725 0.1270
5641.5703 0.1267
5642.8682 0.1275
5644.1694 0.1280
5645.4678 0.1276
5646.7695 0.1268
5648.0684 0.1263
5649.3711 0.1263
5650.6704 0.1265
5651.9707 0.1267
5653.2739 0.1266
5654.5742 0.1263
5655.8784 0.1266
5657.1797 0.1271
5658.4839 0.1274
5659.7856 0.1273
5661.0879 0.1272
5662.3931 0.1275
5663.6958 0.1279
5665.0020 0.1276
5666.3052 0.1275
5667.6118 0.1276
5668.9155 0.1275
5670.2197 0.1271
5671.5273 0.1267
5672.8320 0.1270
5674.1401 0.1278
5675.4453 0.1284
5676.7539 0.1284
5678.0601 0.1280
5679.3696 0.1279
5680.6758 0.1278
5681.9829 0.1265
5683.2930 0.1249
5684.6006 0.1241
5685.9111 0.1239
5687.2192 0.1234
5688.5308 0.1244
5689.8394 0.1261
5691.1484 0.1269
5692.4609 0.1269
5693.7705 0.1269
5695.0835 0.1275
5696.3936 0.1276
5697.7070 0.1282
5699.0176 0.1285
5700.3286 0.1276
5701.6431 0.1265
5702.9551 0.1266
5704.2700 0.1271
5705.5825 0.1273
5706.8979 0.1267
5708.2109 0.1259
5709.5239 0.1261
5710.8408 0.1272
5712.1543 0.1275
5713.4717 0.1272
5714.7861 0.1269
5716.1040 0.1268
5717.4189 0.1270
5718.7339 0.1275
5720.0527 0.1278
5721.3687 0.1278
5722.6880 0.1278
5724.0044 0.1276
5725.3242 0.1270
5726.6416 0.1262
5727.9590 0.1257
5729.2798 0.1258
5730.5977 0.1267
5731.9194 0.1279
5733.2378 0.1287
5734.5601 0.1294
5735.8794 0.1296
5737.1987 0.1293
5738.5215 0.1292
5739.8418 0.1294
5741.1655 0.1296
5742.4863 0.1294
5743.8105 0.1294
5745.1318 0.1288
5746.4536 0.1280
5747.7783 0.1278
5749.1006 0.1282
5750.4268 0.1280
5751.7495 0.1276
5753.0757 0.1268
5754.3994 0.1258
5755.7231 0.1251
5757.0503 0.1246
5758.3745 0.1231
5759.7026 0.1173
5761.0273 0.1074
5762.3560 0.1043
5763.6816 0.1108
5765.0078 0.1190
5766.3369 0.1228
5767.6636 0.1247
5768.9937 0.1256
5770.3208 0.1263
5771.6514 0.1270
5772.9790 0.1277
5774.3071 0.1275
5775.6387 0.1260
5776.9673 0.1223
5778.2993 0.1205
5779.6289 0.1232
5780.9614 0.1278
5782.2915 0.1292
5783.6250 0.1297
5784.9556 0.1296
5786.2861 0.1287
5787.6206 0.1280
5788.9521 0.1285
5790.2871 0.1291
5791.6191 0.1294
5792.9546 0.1285
5794.2871 0.1284
5795.6201 0.1299
5796.9565 0.1317
5798.2900 0.1323
5799.6274 0.1322
5800.9614 0.1319
5802.2993 0.1315
5803.6338 0.1313
5804.9692 0.1319
5806.3076 0.1323
5807.6436 0.1323
5808.9824 0.1323
5810.3188 0.1325
5811.6587 0.1330
5812.9956 0.1334
5814.3330 0.1333
5815.6738 0.1327
5817.0117 0.1326
5818.3530 0.1331
5819.6914 0.1335
5821.0337 0.1334
5822.3726 0.1326
5823.7119 0.1318
5825.0552 0.1312
5826.3950 0.1313
5827.7388 0.1319
5829.0791 0.1319
5830.4233 0.1307
5831.7646 0.1311
5833.1064 0.1322
5834.4517 0.1329
5835.7935 0.1330
5837.1396 0.1327
5838.4824 0.1328
5839.8286 0.1338
5841.1719 0.1345
5842.5156 0.1348
5843.8633 0.1347
5845.2075 0.1343
5846.5552 0.1337
5847.9004 0.1330
5849.2490 0.1328
5850.5942 0.1329
5851.9404 0.1327
5853.2896 0.1319
5854.6362 0.1295
5855.9863 0.1218
5857.3335 0.1229
5858.6841 0.1296
5860.0322 0.1343
5861.3799 0.1346
5862.7319 0.1341
5864.0806 0.1336
5865.4326 0.1331
5866.7822 0.1317
5868.1348 0.1207
5869.4849 0.0891
5870.8350 0.0523
5872.1890 0.0791
5873.5400 0.1130
5874.8940 0.1078
5876.2456 0.0768
5877.6006 0.0707
5878.9531 0.1086
5880.3052 0.1281
5881.6611 0.1318
5883.0146 0.1318
5884.3711 0.1332
5885.7246 0.1351
5887.0820 0.1360
5888.4365 0.1357
5889.7939 0.1351
5891.1489 0.1346
5892.5044 0.1347
5893.8633 0.1350
5895.2192 0.1349
5896.5786 0.1349
5897.9351 0.1346
5899.2949 0.1339
5900.6523 0.1338
5902.0098 0.1347
5903.3706 0.1348
5904.7285 0.1335
5906.0903 0.1343
5907.4487 0.1356
5908.8110 0.1360
5910.1704 0.1359
5911.5303 0.1365
5912.8931 0.1370
5914.2534 0.1379
5915.6172 0.1385
5916.9780 0.1382
5918.3428 0.1375
5919.7041 0.1370
5921.0659 0.1354
5922.4312 0.1331
5923.7939 0.1328
5925.1597 0.1342
5926.5229 0.1344
5927.8896 0.1346
5929.2534 0.1357
5930.6172 0.1362
5931.9849 0.1360
5933.3496 0.1363
5934.7178 0.1369
5936.0830 0.1347
5937.4517 0.1289
5938.8179 0.1281
5940.1841 0.1314
5941.5537 0.1340
5942.9204 0.1345
5944.2910 0.1360
5945.6587 0.1366
5947.0298 0.1367
5948.3975 0.1369
5949.7661 0.1374
5951.1382 0.1379
5952.5073 0.1386
5953.8799 0.1392
5955.2495 0.1388
5956.6226 0.1362
5957.9932 0.1311
5959.3638 0.1268
5960.7378 0.1311
5962.1094 0.1369
5963.4839 0.1391
5964.8560 0.1392
5966.2314 0.1389
5967.6040 0.1386
5968.9766 0.1394
5970.3530 0.1392
5971.7266 0.1389
5973.1035 0.1393
5974.4780 0.1391
5975.8555 0.1374
5977.2305 0.1373
5978.6055 0.1399
5979.9839 0.1415
5981.3599 0.1419
5982.7388 0.1421
5984.1152 0.1420
5985.4951 0.1419
5986.8721 0.1419
5988.2495 0.1411
5989.6304 0.1382
5991.0083 0.1353
5992.3896 0.1362
5993.7681 0.1400
5995.1504 0.1419
5996.5298 0.1425
5997.9126 0.1426
5999.2920 0.1426
6000.6724 0.1430
6002.0562 0.1437
6003.4370 0.1435
6004.8213 0.1433
6006.2026 0.1435
6007.5874 0.1437
6008.9697 0.1438
6010.3521 0.1442
6011.7378 0.1442
6013.1211 0.1438
6014.5078 0.1435
6015.8911 0.1430
6017.2783 0.1420
6018.6626 0.1418
6020.0474 0.1433
6021.4355 0.1443
6022.8208 0.1444
6024.2095 0.1437
6025.5957 0.1429
6026.9849 0.1435
6028.3716 0.1451
6029.7583 0.1459
6031.1489 0.1459
6032.5361 0.1459
6033.9272 0.1464
6035.3154 0.1471
6036.7070 0.1471
6038.0957 0.1473
6039.4849 0.1470
6040.8774 0.1466
6042.2671 0.1472
6043.6606 0.1485
6045.0508 0.1484
6046.4448 0.1479
6047.8359 0.1478
6049.2271 0.1480
6050.6221 0.1482
6052.0142 0.1483
6053.4097 0.1487
6054.8022 0.1495
6056.1982 0.1501
6057.5918 0.1503
6058.9854 0.1504
6060.3823 0.1505
6061.7764 0.1507
6063.1743 0.1503
6064.5693 0.1500
6065.9678 0.1504
6067.3633 0.1510
6068.7588 0.1511
6070.1582 0.1511
6071.5547 0.1516
6072.9551 0.1520
6074.3521 0.1521
6075.7529 0.1524
6077.1504 0.1527
6078.5483 0.1533
6079.9502 0.1536
6081.3491 0.1531
6082.7515 0.1523
6084.1504 0.1521
6085.5537 0.1531
6086.9536 0.1539
6088.3540 0.1540
6089.7578 0.1538
6091.1587 0.1537
6092.5635 0.1537
6093.9648 0.1537
6095.3701 0.1541
6096.7725 0.1546
6098.1782 0.1551
6099.5811 0.1557
6100.9844 0.1559
6102.3911 0.1561
6103.7949 0.1559
6105.2026 0.1559
6106.6069 0.1560
6108.0151 0.1562
6109.4204 0.1564
6110.8257 0.1567
6112.2349 0.1572
6113.6411 0.1575
6115.0508 0.1577
6116.4575 0.1577
6117.8682 0.1576
6119.2754 0.1575
6120.6831 0.1572
6122.0947 0.1566
6123.5029 0.1565
6124.9150 0.1565
6126.3242 0.1546
6127.7368 0.1502
6129.1465 0.1500
6130.5566 0.1540
6131.9702 0.1574
6133.3809 0.1578
6134.7954 0.1555
6136.2065 0.1509
6137.6216 0.1492
6139.0337 0.1521
6140.4458 0.1555
6141.8618 0.1568
6143.2749 0.1569
6144.6914 0.1565
6146.1050 0.1560
6147.5220 0.1559
6148.9365 0.1560
6150.3511 0.1561
6151.7690 0.1557
6153.1846 0.1548
6154.6035 0.1531
6156.0190 0.1536
6157.4390 0.1545
6158.8555 0.1547
6160.2720 0.1552
6161.6929 0.1563
6163.1104 0.1567
6164.5312 0.1571
6165.9497 0.1574
6167.3711 0.1576
6168.7900 0.1579
6170.2095 0.1586
6171.6323 0.1595
6173.0518 0.1598
6174.4756 0.1589
6175.8960 0.1579
6177.3198 0.1582
6178.7412 0.1594
6180.1626 0.1592
6181.5874 0.1563
6183.0098 0.1539
6184.4355 0.1546
6185.8579 0.1577
6187.2847 0.1599
6188.7080 0.1610
6190.1318 0.1610
6191.5591 0.1607
6192.9834 0.1609
6194.4116 0.1617
6195.8364 0.1624
6197.2651 0.1630
6198.6909 0.1639
6200.1172 0.1641
6201.5469 0.1639
6202.9731 0.1640
6204.4038 0.1642
6205.8311 0.1643
6207.2622 0.1645
6208.6899 0.1647
6210.1216 0.1645
6211.5503 0.1641
6212.9795 0.1639
6214.4121 0.1643
6215.8418 0.1632
6217.2749 0.1601
6218.7056 0.1584
6220.1392 0.1611
6221.5703 0.1637
6223.0015 0.1637
6224.4365 0.1625
6225.8687 0.1583
6227.3042 0.1552
6228.7368 0.1593
6230.1729 0.1650
6231.6064 0.1660
6233.0400 0.1661
6234.4771 0.1663
6235.9116 0.1664
6237.3496 0.1668
6238.7842 0.1670
6240.2231 0.1666
6241.6587 0.1666
6243.0942 0.1668
6244.5342 0.1668
6245.9707 0.1664
6247.4111 0.1656
6248.8481 0.1628
6250.2891 0.1618
6251.7271 0.1633
6253.1650 0.1649
6254.6069 0.1635
6256.0459 0.1570
6257.4888 0.1477
6258.9282 0.1454
6260.3716 0.1456
6261.8115 0.1421
6263.2520 0.1373
6264.6963 0.1394
6266.1377 0.1489
6267.5825 0.1561
6269.0244 0.1591
6270.4702 0.1598
6271.9126 0.1607
6273.3555 0.1633
6274.8022 0.1642
6276.2456 0.1648
6277.6929 0.1650
6279.1372 0.1649
6280.5850 0.1651
6282.0298 0.1648
6283.4751 0.1641
6284.9238 0.1630
6286.3696 0.1633
6287.8193 0.1648
6289.2661 0.1657
6290.7163 0.1662
6292.1636 0.1673
6293.6108 0.1674
6295.0620 0.1665
6296.5103 0.1654
6297.9624 0.1651
6299.4111 0.1667
6300.8638 0.1686
6302.3135 0.1696
6303.7632 0.1699
6305.2168 0.1704
6306.6675 0.1711
6308.1216 0.1711
6309.5728 0.1701
6311.0278 0.1692
6312.4795 0.1696
6313.9316 0.1709
6315.3877 0.1718
6316.8403 0.1723
6318.2974 0.1720
6319.7510 0.1721
6321.2080 0.1715
6322.6621 0.1696
6324.1201 0.1605
6325.5752 0.1339
6327.0303 0.1299
6328.4893 0.1525
6329.9453 0.1703
6331.4048 0.1721
6332.8613 0.1726
6334.3218 0.1724
6335.7788 0.1723
6337.2363 0.1726
6338.6978 0.1732
6340.1558 0.1734
6341.6182 0.1730
6343.0767 0.1731
6344.5396 0.1732
6345.9990 0.1729
6347.4590 0.1695
6348.9229 0.1561
6350.3833 0.1376
6351.8477 0.1466
6353.3091 0.1670
6354.7739 0.1739
6356.2358 0.1734
6357.6982 0.1736
6359.1641 0.1732
6360.6270 0.1744
6362.0938 0.1749
6363.5576 0.1753
6365.0249 0.1757
6366.4893 0.1763
6367.9536 0.1772
6369.4224 0.1776
6370.8877 0.1777
6372.3564 0.1779
6373.8228 0.1781
6375.2925 0.1778
6376.7588 0.1773
6378.2261 0.1776
6379.6968 0.1775
6381.1646 0.1769
6382.6357 0.1773
6384.1040 0.1785
6385.5762 0.1788
6387.0454 0.1789
6388.5146 0.1789
6389.9878 0.1785
6391.4580 0.1781
6392.9316 0.1775
6394.4023 0.1761
6395.8770 0.1748
6397.3481 0.1768
6398.8198 0.1786
6400.2954 0.1793
6401.7681 0.1798
6403.2441 0.1801
6404.7173 0.1804
6406.1943 0.1807
6407.6680 0.1809
6409.1421 0.1808
6410.6196 0.1801
6412.0947 0.1791
6413.5732 0.1794
6415.0488 0.1805
6416.5278 0.1811
6418.0039 0.1811
6419.4805 0.1809
6420.9609 0.1807
6422.4380 0.1804
6423.9189 0.1789
6425.3970 0.1783
6426.8784 0.1793
6428.3569 0.1805
6429.8359 0.1804
6431.3184 0.1794
6432.7979 0.1753
6434.2812 0.1687
6435.7617 0.1681
6437.2456 0.1746
6438.7266 0.1799
6440.2114 0.1811
6441.6929 0.1811
6443.1748 0.1814
6444.6606 0.1817
6446.1431 0.1816
6447.6294 0.1813
6449.1128 0.1815
6450.6001 0.1820
6452.0840 0.1820
6453.5684 0.1811
6455.0566 0.1808
6456.5415 0.1822
6458.0303 0.1827
6459.5161 0.1802
6461.0054 0.1778
6462.4917 0.1780
6463.9785 0.1804
6465.4692 0.1824
6466.9565 0.1828
6468.4478 0.1825
6469.9360 0.1816
6471.4277 0.1811
6472.9165 0.1815
6474.4058 0.1819
6475.8984 0.1825
6477.3882 0.1840
6478.8818 0.1853
6480.3726 0.1860
6481.8667 0.1859
6483.3579 0.1852
6484.8496 0.1847
6486.3447 0.1850
6487.8369 0.1856
6489.3330 0.1861
6490.8262 0.1862
6492.3228 0.1853
6493.8164 0.1822
6495.3101 0.1802
6496.8081 0.1820
6498.3027 0.1847
6499.8013 0.1861
6501.2964 0.1865
6502.7954 0.1859
6504.2915 0.1865
6505.7876 0.1869
6507.2881 0.1867
6508.7852 0.1865
6510.2861 0.1864
6511.7837 0.1861
6513.2852 0.1870
6514.7837 0.1878
6516.2822 0.1885
6517.7852 0.1895
6519.2842 0.1901
6520.7876 0.1895
6522.2876 0.1881
6523.7920 0.1881
6525.2925 0.1901
6526.7939 0.1930
6528.2988 0.1953
6529.8008 0.1967
6531.3062 0.1962
6532.8091 0.1971
6534.3154 0.1982
6535.8184 0.1940
6537.3223 0.1731
6538.8296 0.1294
6540.3340 0.1338
6541.8423 0.1837
6543.3472 0.2177
6544.8560 0.2145
6546.3613 0.2057
6547.8677 0.2021
6549.3774 0.2000
6550.8843 0.1988
6552.3945 0.1979
6553.9019 0.1968
6555.4136 0.1959
6556.9214 0.1949
6558.4336 0.1951
6559.9424 0.1944
6561.4512 0.1936
6562.9644 0.1937
6564.4741 0.1940
6565.9878 0.1935
6567.4985 0.1931
6569.0127 0.1927
6570.5239 0.1926
6572.0356 0.1929
6573.5513 0.1932
6575.0635 0.1934
6576.5796 0.1929
6578.0923 0.1932
6579.6094 0.1940
6581.1230 0.1942
6582.6372 0.1940
6584.1548 0.1937
6585.6694 0.1936
6587.1885 0.1938
6588.7036 0.1938
6590.2231 0.1923
6591.7393 0.1893
6593.2554 0.1889
6594.7759 0.1923
6596.2930 0.1938
6597.8140 0.1940
6599.3320 0.1941
6600.8535 0.1939
6602.3721 0.1942
6603.8911 0.1938
6605.4141 0.1935
6606.9336 0.1941
6608.4570 0.1948
6609.9771 0.1947
6611.5015 0.1950
6613.0225 0.1951
6614.5439 0.1951
6616.0693 0.1950
6617.5913 0.1952
6619.1172 0.1955
6620.6396 0.1952
6622.1665 0.1946
6623.6899 0.1944
6625.2139 0.1948
6626.7417 0.1954
6628.2661 0.1960
6629.7944 0.1959
6631.3198 0.1957
6632.8486 0.1957
6634.3745 0.1959
6635.9009 0.1961
6637.4312 0.1958
6638.9580 0.1954
6640.4888 0.1959
6642.0166 0.1965
6643.5483 0.1969
6645.0767 0.1975
6646.6055 0.1977
6648.1382 0.1969
6649.6675 0.1961
6651.2007 0.1965
6652.7310 0.1970
6654.2651 0.1952
6655.7959 0.1914
6657.3271 0.1923
6658.8623 0.1965
6660.3940 0.1985
6661.9297 0.1988
6663.4624 0.1993
6664.9990 0.1997
6666.5322 0.2004
6668.0659 0.1998
6669.6035 0.1994
6671.1377 0.1992
6672.6763 0.1989
6674.2114 0.1989
6675.7505 0.1988
6677.2861 0.1983
6678.8257 0.1988
6680.3623 0.1997
6681.8989 0.2004
6683.4399 0.2006
6684.9775 0.2006
6686.5190 0.2009
6688.0571 0.2011
6689.5996 0.2009
6691.1382 0.2005
6692.6777 0.1996
6694.2212 0.1993
6695.7607 0.1999
6697.3052 0.2004
6698.8457 0.2003
6700.3906 0.1990
6701.9316 0.1972
6703.4736 0.1997
6705.0195 0.2017
6706.5620 0.2018
6708.1084 0.2017
6709.6519 0.2019
6711.1987 0.2014
6712.7427 0.2009
6714.2871 0.2009
6715.8354 0.2011
6717.3804 0.2012
6718.9292 0.2013
6720.4751 0.2016
6722.0249 0.2017
6723.5713 0.2018
6725.1177 0.2018
6726.6685 0.2021
6728.2163 0.2026
6729.7676 0.2029
6731.3159 0.2034
6732.8682 0.2035
6734.4170 0.2032
6735.9663 0.2030
6737.5195 0.2032
6739.0693 0.2036
6740.6235 0.2035
6742.1743 0.2034
6743.7290 0.2036
6745.2803 0.2035
6746.8320 0.2031
6748.3877 0.2032
6749.9404 0.2037
6751.4966 0.2035
6753.0498 0.2033
6754.6069 0.2034
6756.1611 0.2037
6757.7153 0.2039
6759.2734 0.2037
6760.8286 0.2038
6762.3877 0.2036
6763.9434 0.2034
6765.5029 0.2034
6767.0596 0.2035
6768.6162 0.2021
6770.1772 0.2006
6771.7344 0.2018
6773.2959 0.2035
6774.8540 0.2041
6776.4165 0.2045
6777.9756 0.2045
6779.5347 0.2047
6781.0981 0.2055
6782.6582 0.2060
6784.2222 0.2062
6785.7827 0.2066
6787.3477 0.2066
6788.9092 0.2066
6790.4707 0.2070
6792.0366 0.2074
6793.5991 0.2076
6795.1655 0.2077
6796.7290 0.2077
6798.2964 0.2078
6799.8604 0.2080
6801.4282 0.2082
6802.9927 0.2082
6804.5581 0.2082
6806.1270 0.2079
6807.6929 0.2081
6809.2627 0.2084
6810.8291 0.2087
6812.3994 0.2087
6813.9668 0.2086
6815.5342 0.2086
6817.1060 0.2088
6818.6743 0.2090
6820.2466 0.2091
6821.8154 0.2090
6823.3887 0.2089
6824.9585 0.2093
6826.5283 0.2096
6828.1025 0.2098
6829.6733 0.2099
6831.2485 0.2100
6832.8198 0.2100
6834.3955 0.2097
6835.9678 0.2097
6837.5405 0.2100
6839.1172 0.2100
6840.6904 0.2100
6842.2681 0.2106
6843.8418 0.2108
6845.4199 0.2110
6846.9946 0.2105
6848.5698 0.2103
6850.1494 0.2107
6851.7251 0.2114
6853.3052 0.2116
6854.8818 0.2118
6856.4624 0.2119
6858.0396 0.2119
6859.6177 0.2119
6861.1992 0.2120
6862.7778 0.2122
6864.3604 0.2124
6865.9395 0.2126
6867.5225 0.2128
6869.1025 0.2129
6870.6826 0.2131
6872.2671 0.2132
6873.8481 0.2133
6875.4331 0.2134
6877.0146 0.2135
6878.6006 0.2136
6880.1831 0.2137
6881.7656 0.2133
6883.3525 0.2130
6884.9360 0.2134
6886.5239 0.2139
6888.1079 0.2142
6889.6963 0.2144
6891.2812 0.2145
6892.8667 0.2147
6894.4561 0.2149
6896.0425 0.2149
6897.6323 0.2146
6899.2192 0.2140
6900.8105 0.2145
6902.3979 0.2153
6903.9858 0.2152
6905.5776 0.2149
6907.1665 0.2153
6908.7593 0.2156
6910.3486 0.2159
6911.9419 0.2163
6913.5322 0.2165
6915.1226 0.2166
6916.7173 0.2168
6918.3081 0.2169
6919.9038 0.2171
6921.4956 0.2172
6923.0918 0.2173
6924.6846 0.2174
6926.2812 0.2176
6927.8745 0.2177
6929.4683 0.2175
6931.0664 0.2176
6932.6606 0.2180
6934.2593 0.2182
6935.8545 0.2183
6937.4541 0.2183
6939.0498 0.2185
6940.6460 0.2187
6942.2466 0.2188
6943.8438 0.2189
6945.4448 0.2190
6947.0430 0.2190
6948.6445 0.2192
6950.2432 0.2194
6951.8423 0.2195
6953.4453 0.2196
6955.0449 0.2196
6956.6489 0.2196
6958.2490 0.2197
6959.8535 0.2198
6961.4546 0.2203
6963.0562 0.2206
6964.6621 0.2203
6966.2642 0.2202
6967.8706 0.2204
6969.4736 0.2196
6971.0806 0.2193
6972.6841 0.2202
6974.2886 0.2215
6975.8965 0.2217
6977.5015 0.2212
6979.1104 0.2204
6980.7158 0.2213
6982.3257 0.2227
6983.9321 0.2232
6985.5386 0.2230
6987.1494 0.2229
6988.7568 0.2233
6990.3687 0.2232
6991.9766 0.2229
6993.5889 0.2226
6995.1978 0.2223
6996.8071 0.2227
6998.4204 0.2231
7000.0303 0.2236
7001.6445 0.2237
7003.2554 0.2235
7004.8701 0.2235
7006.4819 0.2231
7008.0938 0.2230
7009.7095 0.2243
7011.3223 0.2254
7012.9390 0.2253
7014.5522 0.2251
7016.1699 0.2254
7017.7837 0.2225
7019.3984 0.2214
7021.0171 0.2236
7022.6323 0.2263
7024.2515 0.2263
7025.8677 0.2260
7027.4878 0.2263
7029.1045 0.2266
7030.7212 0.2265
7032.3428 0.2255
7033.9604 0.2239
7035.5825 0.2257
7037.2007 0.2261
7038.8237 0.2252
7040.4429 0.2242
7042.0664 0.2241
7043.6865 0.2256
7045.3066 0.2271
7046.9316 0.2276
7048.5527 0.2283
7050.1782 0.2286
7051.7998 0.2285
7053.4263 0.2286
7055.0488 0.2279
7056.6719 0.2284
7058.2988 0.2292
7059.9229 0.2295
7061.5508 0.2296
7063.1753 0.2300
7064.8037 0.2306
7066.4292 0.2305
7068.0547 0.2304
7069.6846 0.2304
7071.3110 0.2306
7072.9419 0.2309
7074.5688 0.2309
7076.2002 0.2310
7077.8281 0.2310
7079.4561 0.2313
7081.0889 0.2315
7082.7178 0.2315
7084.3511 0.2316
7085.9810 0.2319
7087.6147 0.2316
7089.2451 0.2315
7090.8760 0.2320
7092.5112 0.2322
7094.1431 0.2321
7095.7788 0.2323
7097.4111 0.2325
7099.0479 0.2328
7100.6812 0.2332
7102.3145 0.2333
7103.9521 0.2331
7105.5864 0.2334
7107.2251 0.2337
7108.8599 0.2337
7110.4995 0.2335
7112.1353 0.2335
7113.7715 0.2340
7115.4116 0.2343
7117.0483 0.2344
7118.6899 0.2346
7120.3271 0.2347
7121.9692 0.2350
7123.6079 0.2352
7125.2466 0.2353
7126.8896 0.2355
7128.5293 0.2356
7130.1729 0.2357
7131.8130 0.2353
7133.4580 0.2348
7135.0986 0.2356
7136.7402 0.2362
7138.3857 0.2364
7140.0283 0.2365
7141.6748 0.2366
7143.3174 0.2368
7144.9648 0.2371
7146.6084 0.2374
7148.2524 0.2376
7149.9009 0.2377
7151.5459 0.2379
7153.1948 0.2381
7154.8403 0.2383
7156.4902 0.2384
7158.1367 0.2385
7159.7832 0.2388
7161.4346 0.2390
7163.0820 0.2391
7164.7339 0.2392
7166.3818 0.2389
7168.0347 0.2380
7169.6836 0.2372
7171.3369 0.2369
7172.9863 0.2368
7174.6367 0.2366
7176.2910 0.2365
7177.9419 0.2365
7179.5972 0.2365
7181.2490 0.2365
7182.9048 0.2365
7184.5571 0.2363
7186.2100 0.2364
7187.8672 0.2366
7189.5210 0.2367
7191.1787 0.2368
7192.8330 0.2370
7194.4917 0.2371
7196.1465 0.2372
7197.8022 0.2371
7199.4619 0.2369
7201.1182 0.2371
7202.7788 0.2376
7204.4355 0.2379
7206.0972 0.2380
7207.7549 0.2381
7209.4131 0.2382
7211.0757 0.2383
7212.7344 0.2383
7214.3975 0.2385
7216.0571 0.2386
7217.7212 0.2387
7219.3818 0.2388
7221.0425 0.2390
7222.7075 0.2392
7224.3691 0.2393
7226.0352 0.2394
7227.6973 0.2394
7229.3643 0.2392
7231.0273 0.2390
7232.6909 0.2396
7234.3584 0.2400
7236.0229 0.2401
7237.6914 0.2401
7239.3564 0.2401
7241.0259 0.2401
7242.6919 0.2403
7244.3579 0.2405
7246.0283 0.2406
7247.6953 0.2407
7249.3667 0.2408
7251.0342 0.2409
7252.7065 0.2410
7254.3750 0.2411
7256.0439 0.2412
7257.7168 0.2413
7259.3867 0.2414
7261.0605 0.2414
7262.7310 0.2414
7264.4058 0.2413
7266.0771 0.2414
7267.7485 0.2417
7269.4243 0.2418
7271.0967 0.2419
7272.7734 0.2420
7274.4463 0.2421
7276.1240 0.2422
7277.7979 0.2422
7279.4722 0.2423
7281.1509 0.2424
7282.8257 0.2420
7284.5054 0.2416
7286.1812 0.2415
7287.8613 0.2416
7289.5376 0.2418
7291.2148 0.2419
7292.8960 0.2420
7294.5737 0.2419
7296.2559 0.2418
7297.9341 0.2418
7299.6172 0.2421
7301.2964 0.2422
7302.9800 0.2423
7304.6602 0.2423
7306.3408 0.2423
7308.0254 0.2424
7309.7065 0.2424
7311.3921 0.2424
7313.0742 0.2426
7314.7607 0.2427
7316.4434 0.2428
7318.1265 0.2429
7319.8140 0.2430
7321.4980 0.2431
7323.1860 0.2432
7324.8711 0.2433
7326.5601 0.2434
7328.2456 0.2435
7329.9312 0.2436
7331.6216 0.2437
7333.3081 0.2438
7334.9995 0.2440
7336.6865 0.2441
7338.3784 0.2442
7340.0669 0.2444
7341.7554 0.2445
7343.4482 0.2444
7345.1377 0.2445
7346.8315 0.2447
7348.5215 0.2451
7350.2163 0.2454
7351.9067 0.2455
7353.5981 0.2457
7355.2939 0.2460
7356.9858 0.2463
7358.6826 0.2465
7360.3755 0.2466
7362.0728 0.2465
7363.7661 0.2465
7365.4604 0.2470
7367.1587 0.2473
7368.8535 0.2474
7370.5527 0.2476
7372.2485 0.2474
7373.9487 0.2471
7375.6450 0.2468
7377.3418 0.2471
7379.0430 0.2478
7380.7402 0.2481
7382.4424 0.2476
7384.1406 0.2485
7385.8433 0.2492
7387.5425 0.2493
7389.2422 0.2492
7390.9458 0.2488
7392.6465 0.2483
7394.3511 0.2482
7396.0522 0.2483
7397.7573 0.2474
7399.4595 0.2465
7401.1616 0.2475
7402.8682 0.2496
7404.5713 0.2495
7406.2788 0.2497
7407.9824 0.2495
7409.6909 0.2496
7411.3955 0.2500
7413.1006 0.2502
7414.8101 0.2508
7416.5156 0.2484
7418.2261 0.2466
7419.9326 0.2482
7421.6436 0.2511
7423.3506 0.2512
7425.0586 0.2505
7426.7705 0.2508
7428.4795 0.2516
7430.1924 0.2525
7431.9014 0.2529
7433.6152 0.2524
7435.3257 0.2516
7437.0400 0.2494
7438.7510 0.2497
7440.4624 0.2513
7442.1777 0.2499
7443.8901 0.2454
7445.6064 0.2484
7447.3193 0.2518
7449.0366 0.2528
7450.7505 0.2530
7452.4644 0.2533
7454.1831 0.2529
7455.8979 0.2534
7457.6172 0.2544
7459.3325 0.2546
7461.0527 0.2547
7462.7690 0.2553
7464.4858 0.2554
7466.2070 0.2554
7467.9248 0.2555
7469.6470 0.2559
7471.3652 0.2563
7473.0884 0.2564
7474.8076 0.2560
7476.5269 0.2560
7478.2510 0.2560
7479.9712 0.2559
7481.6963 0.2562
7483.4175 0.2568
7485.1431 0.2570
7486.8652 0.2568
7488.5874 0.2567
7490.3145 0.2566
7492.0371 0.2571
7493.7651 0.2579
7495.4888 0.2580
7497.2173 0.2577
7498.9419 0.2580
7500.6670 0.2582
7502.3970 0.2584
7504.1226 0.2587
7505.8530 0.2587
7507.5801 0.2584
7509.3110 0.2582
7511.0386 0.2583
7512.7666 0.2586
7514.4990 0.2590
7516.2275 0.2593
7517.9609 0.2594
7519.6904 0.2596
7521.4243 0.2598
7523.1548 0.2598
7524.8853 0.2599
7526.6206 0.2601
7528.3521 0.2603
7530.0884 0.2605
7531.8203 0.2607
7533.5571 0.2609
7535.2905 0.2609
7537.0239 0.2607
7538.7617 0.2605
7540.4961 0.2603
7542.2349 0.2604
7543.9702 0.2605
7545.7095 0.2605
7547.4453 0.2606
7549.1816 0.2607
7550.9229 0.2607
7552.6597 0.2608
7554.4014 0.2609
7556.1392 0.2609
7557.8818 0.2611
7559.6201 0.2613
7561.3594 0.2613
7563.1030 0.2614
7564.8428 0.2615
7566.5874 0.2616
7568.3281 0.2617
7570.0732 0.2619
7571.8149 0.2620
7573.5610 0.2622
7575.3032 0.2623
7577.0459 0.2624
7578.7930 0.2625
7580.5366 0.2626
7582.2847 0.2627
7584.0288 0.2628
7585.7778 0.2628
7587.5229 0.2626
7589.2686 0.2622
7591.0186 0.2619
7592.7646 0.2618
7594.5156 0.2617
7596.2627 0.2616
7598.0142 0.2619
7599.7622 0.2624
7601.5107 0.2625
7603.2637 0.2628
7605.0127 0.2629
7606.7661 0.2631
7608.5161 0.2632
7610.2710 0.2633
7612.0215 0.2635
7613.7725 0.2637
7615.5283 0.2638
7617.2803 0.2640
7619.0366 0.2641
7620.7896 0.2642
7622.5469 0.2643
7624.3003 0.2645
7626.0542 0.2647
7627.8130 0.2648
7629.5679 0.2648
7631.3271 0.2648
7633.0825 0.2649
7634.8428 0.2648
7636.5991 0.2649
7638.3560 0.2653
7640.1172 0.2656
7641.8750 0.2657
7643.6372 0.2659
7645.3955 0.2660
7647.1587 0.2661
7648.9180 0.2662
7650.6772 0.2663
7652.4419 0.2664
7654.2021 0.2664
7655.9673 0.2665
7657.7285 0.2666
7659.4941 0.2667
7661.2563 0.2667
7663.0186 0.2667
7664.7856 0.2665
7666.5493 0.2667
7668.3169 0.2671
7670.0811 0.2673
7671.8496 0.2674
7673.6147 0.2674
7675.3799 0.2676
7677.1499 0.2676
7678.9160 0.2675
7680.6870 0.2675
7682.4536 0.2677
7684.2251 0.2676
7685.9932 0.2666
7687.7612 0.2670
7689.5342 0.2676
7691.3027 0.2678
7693.0767 0.2677
7694.8462 0.2675
7696.6206 0.2675
7698.3911 0.2676
7700.1621 0.2679
7701.9380 0.2681
7703.7100 0.2683
7705.4863 0.2683
7707.2588 0.2684
7709.0361 0.2687
7710.8096 0.2690
7712.5879 0.2693
7714.3618 0.2695
7716.1367 0.2696
7717.9160 0.2696
7719.6914 0.2698
7721.4717 0.2700
7723.2480 0.2700
7725.0288 0.2701
7726.8062 0.2703
7728.5835 0.2708
7730.3657 0.2712
7732.1440 0.2714
7733.9272 0.2714
7735.7065 0.2714
7737.4902 0.2712
7739.2700 0.2711
7741.0508 0.2708
7742.8354 0.2711
7744.6167 0.2656
7746.4028 0.2520
7748.1851 0.2408
7749.9717 0.2429
7751.7544 0.2599
7753.5376 0.2704
7755.3257 0.2724
7757.1099 0.2728
7758.8984 0.2733
7760.6836 0.2736
7762.4731 0.2737
7764.2588 0.2737
7766.0449 0.2737
7767.8359 0.2736
7769.6226 0.2738
7771.4146 0.2745
7773.2021 0.2747
7774.9946 0.2751
7776.7832 0.2754
7778.5723 0.2748
7780.3662 0.2740
7782.1558 0.2746
7783.9507 0.2755
7785.7412 0.2752
7787.5366 0.2749
7789.3281 0.2758
7791.1201 0.2763
7792.9165 0.2750
7794.7095 0.2753
7796.5068 0.2758
7798.3003 0.2761
7800.0986 0.2762
7801.8931 0.2757
7803.6880 0.2750
7805.4873 0.2753
7807.2832 0.2756
7809.0835 0.2757
7810.8799 0.2760
7812.6812 0.2763
7814.4785 0.2757
7816.2759 0.2756
7818.0786 0.2762
7819.8770 0.2767
7821.6802 0.2769
7823.4795 0.2772
7825.2837 0.2772
7827.0840 0.2771
7828.8843 0.2771
7830.6899 0.2773
7832.4912 0.2775
7834.2974 0.2778
7836.0996 0.2778
7837.9067 0.2773
7839.7100 0.2774
7841.5132 0.2779
7843.3213 0.2780
7845.1260 0.2775
7846.9351 0.2774
7848.7402 0.2773
7850.5498 0.2747
7852.3560 0.2739
7854.1665 0.2769
7855.9736 0.2790
7857.7808 0.2788
7859.5928 0.2782
7861.4009 0.2775
7863.2139 0.2775
7865.0225 0.2779
7866.8364 0.2777
7868.6460 0.2757
7870.4561 0.2722
7872.2710 0.2748
7874.0820 0.2786
7875.8979 0.2784
7877.7100 0.2783
7879.5264 0.2789
7881.3389 0.2787
7883.1519 0.2784
7884.9697 0.2785
7886.7837 0.2790
7888.6025 0.2792
7890.4175 0.2788
7892.2368 0.2791
7894.0522 0.2790
7895.8687 0.2788
7897.6890 0.2790
7899.5059 0.2786
7901.3276 0.2785
7903.1455 0.2782
7904.9678 0.2792
7906.7861 0.2801
7908.6055 0.2801
7910.4292 0.2802
7912.2485 0.2803
7914.0732 0.2796
7915.8940 0.2795
7917.7192 0.2801
7919.5405 0.2804
7921.3628 0.2800
7923.1895 0.2798
7925.0122 0.2801
7926.8394 0.2807
7928.6631 0.2815
7930.4912 0.2817
7932.3159 0.2802
7934.1406 0.2802
7935.9702 0.2805
7937.7959 0.2811
7939.6265 0.2817
7941.4526 0.2818
7943.2842 0.2818
7945.1113 0.2816
7946.9390 0.2817
7948.7720 0.2821
7950.6006 0.2829
7952.4336 0.2838
7954.2632 0.2841
7956.0977 0.2837
7957.9277 0.2837
7959.7583 0.2838
7961.5938 0.2837
7963.4253 0.2835
7965.2617 0.2832
7967.0942 0.2832
7968.9316 0.2833
7970.7646 0.2836
7972.5981 0.2838
7974.4370 0.2836
7976.2715 0.2833
7978.1108 0.2843
7979.9458 0.2839
7981.7861 0.2840
7983.6226 0.2845
7985.4590 0.2846
7987.3003 0.2842
7989.1377 0.2849
7990.9800 0.2849
7992.8184 0.2845
7994.6616 0.2842
7996.5005 0.2840
7998.3447 0.2837
8000.1846 0.2837
8002.0249 0.2839
8003.8706 0.2851
8005.7114 0.2859
8007.5576 0.2853
8009.3999 0.2848
8011.2471 0.2847
8013.0898 0.2852
8014.9331 0.2856
8016.7812 0.2853
8018.6255 0.2850
8020.4746 0.2862
8022.3198 0.2865
8024.1699 0.2865
8026.0156 0.2866
8027.8623 0.2867
8029.7134 0.2866
8031.5605 0.2865
8033.4126 0.2860
8035.2607 0.2864
8037.1138 0.2870
8038.9624 0.2871
8040.8120 0.2872
8042.6660 0.2873
8044.5161 0.2875
8046.3711 0.2877
8048.2222 0.2878
8050.0781 0.2878
8051.9302 0.2878
8053.7827 0.2881
8055.6396 0.2883
8057.4927 0.2883
8059.3511 0.2884
8061.2051 0.2886
8063.0640 0.2889
8064.9189 0.2889
8066.7739 0.2890
8068.6343 0.2891
8070.4902 0.2893
8072.3516 0.2895
8074.2085 0.2896
8076.0703 0.2897
8077.9282 0.2899
8079.7866 0.2900
8081.6499 0.2901
8083.5088 0.2903
8085.3730 0.2904
8087.2329 0.2904
8089.0981 0.2904
8090.9590 0.2906
8092.8203 0.2907
8094.6865 0.2908
8096.5483 0.2910
8098.4155 0.2911
8100.2788 0.2912
8102.1465 0.2913
8104.0103 0.2914
8105.8745 0.2915
8107.7441 0.2916
8109.6089 0.2917
8111.4790 0.2918
8113.3452 0.2919
8115.2163 0.2920
8117.0830 0.2921
8118.9502 0.2922
8120.8228 0.2923
8122.6909 0.2924
8124.5640 0.2925
8126.4326 0.2926
8128.3066 0.2926
8130.1768 0.2925
8132.0513 0.2926
8133.9224 0.2928
8135.7935 0.2929
8137.6694 0.2929
8139.5415 0.2930
8141.4185 0.2931
8143.2915 0.2933
8145.1694 0.2934
8147.0430 0.2934
8148.9175 0.2934
8150.7964 0.2935
8152.6714 0.2936
8154.5513 0.2937
8156.4272 0.2935
8158.3081 0.2934
8160.1851 0.2934
8162.0625 0.2936
8163.9443 0.2941
8165.8228 0.2943
8167.7056 0.2943
8169.5845 0.2945
8171.4683 0.2946
8173.3481 0.2943
8175.2285 0.2940
8177.1138 0.2946
8178.9951 0.2950
8180.8809 0.2951
8182.7632 0.2951
8184.6499 0.2949
8186.5327 0.2941
8188.4160 0.2935
8190.3042 0.2945
8192.1885 0.2953
8194.0771 0.2949
8195.9629 0.2947
8197.8525 0.2956
8199.7383 0.2961
8201.6250 0.2954
8203.5156 0.2958
8205.4033 0.2954
8207.2959 0.2945
8209.1836 0.2949
8211.0762 0.2967
8212.9658 0.2968
8214.8545 0.2966
8216.7490 0.2969
8218.6396 0.2974
8220.5342 0.2972
8222.4258 0.2970
8224.3223 0.2978
8226.2139 0.2979
8228.1064 0.2980
8230.0039 0.2982
8231.8965 0.2984
8233.7949 0.2985
8235.6895 0.2985
8237.5889 0.2983
8239.4834 0.2986
8241.3789 0.2989
8243.2793 0.2989
8245.1758 0.2988
8247.0771 0.2989
8248.9746 0.2990
8250.8770 0.2992
8252.7744 0.2992
8254.6729 0.2990
8256.5771 0.2992
8258.4766 0.2992
8260.3809 0.2987
8262.2812 0.2995
8264.1865 0.3000
8266.0869 0.2995
8267.9893 0.3007
8269.8955 0.3014
8271.7979 0.2997
8273.7051 0.3002
8275.6084 0.3016
8277.5166 0.3007
8279.4209 0.2985
8281.3301 0.3005
8283.2354 0.3025
8285.1416 0.3002
8287.0518 0.2971
8288.9580 0.2982
8290.8691 0.3026
8292.7773 0.3033
8294.6895 0.2988
8296.5977 0.2959
8298.5059 0.2986
8300.4199 0.3037
8302.3291 0.3042
8304.2432 0.3004
8306.1543 0.2949
8308.0693 0.2962
8309.9805 0.3023
8311.8926 0.3064
8313.8086 0.3059
8315.7217 0.3018
8317.6396 0.2943
8319.5527 0.2947
8321.4707 0.3016
8323.3857 0.3073
8325.2998 0.3089
8327.2197 0.3076
8329.1357 0.3017
8331.0566 0.2938
8332.9727 0.2932
8334.8945 0.3014
8336.8115 0.3077
8338.7295 0.3097
8340.6523 0.3097
8342.5713 0.3076
8344.4951 0.3016
8346.4150 0.2936
8348.3398 0.2917
8350.2598 0.3020
8352.1807 0.3085
8354.1074 0.3112
8356.0293 0.3120
8357.9561 0.3116
8359.8789 0.3095
8361.8066 0.3049
8363.7295 0.2941
8365.6543 0.2901
8367.5830 0.2964
8369.5078 0.3058
8371.4375 0.3105
8373.3643 0.3127
8375.2949 0.3139
8377.2217 0.3127
8379.1484 0.3098
8381.0811 0.3060
8383.0088 0.2998
8384.9424 0.2904
8386.8711 0.2903
8388.8047 0.2988
8390.7344 0.3078
8392.6650 0.3127
8394.6006 0.3166
8396.5312 0.3176
8398.4678 0.3178
8400.3994 0.3173
8402.3369 0.3156
8404.2695 0.3130
8406.2031 0.3097
8408.1416 0.3013
8410.0762 0.2887
8412.0156 0.2912
8413.9502 0.3040
8415.8906 0.3080
8417.8271 0.2962
8419.7637 0.2904
8421.7051 0.3088
8423.6426 0.3193
8425.5850 0.3187
8427.5234 0.3193
8429.4668 0.3190
8431.4053 0.3180
8433.3496 0.3149
8435.2900 0.3110
8437.2305 0.3028
8439.1758 0.2928
8441.1172 0.2938
8443.0645 0.3076
8445.0059 0.3153
8446.9541 0.3188
8448.8965 0.3208
8450.8408 0.3214
8452.7891 0.3210
8454.7344 0.3216
8456.6836 0.3221
8458.6289 0.3217
8460.5791 0.3212
8462.5254 0.3210
8464.4727 0.3208
8466.4248 0.3203
8468.3721 0.3135
8470.3252 0.3059
8472.2734 0.2990
8474.2275 0.2925
8476.1768 0.2916
8478.1270 0.3062
8480.0820 0.3146
8482.0322 0.3189
8483.9883 0.3203
8485.9404 0.3195
8487.8975 0.3219
8489.8496 0.3237
8491.8027 0.3237
8493.7607 0.3234
8495.7148 0.3237
8497.6738 0.3244
8499.6289 0.3253
8501.5889 0.3250
8503.5449 0.3249
8505.5010 0.3249
8507.4619 0.3236
8509.4199 0.3211
8511.3818 0.3168
8513.3398 0.2997
8515.3027 0.2884
8517.2617 0.2863
8519.2217 0.2948
8521.1855 0.3095
8523.1465 0.3183
8525.1113 0.3212
8527.0723 0.3222
8529.0391 0.3232
8531.0010 0.3242
8532.9639 0.3247
8534.9316 0.3250
8536.8945 0.3253
8538.8633 0.3238
8540.8281 0.3239
8542.7969 0.3249
8544.7627 0.3249
8546.7285 0.3250
8548.6992 0.3253
8550.6660 0.3256
8552.6377 0.3258
8554.6045 0.3259
8556.5771 0.3256
8558.5459 0.3252
8560.5146 0.3249
8562.4893 0.3237
8564.4590 0.3197
8566.4336 0.3137
8568.4043 0.3047
8570.3799 0.2933
8572.3516 0.3004
8574.3242 0.3145
8576.3008 0.3221
8578.2744 0.3241
8580.2520 0.3260
8582.2256 0.3265
8584.2051 0.3260
8586.1797 0.3267
8588.1602 0.3269
8590.1357 0.3263
8592.1113 0.3257
8594.0928 0.3258
8596.0703 0.3267
8598.0527 0.3273
8600.0303 0.3247
8602.0137 0.3237
8603.9922 0.3270
8605.9717 0.3280
8607.9561 0.3279
8609.9365 0.3279
8611.9219 0.3275
8613.9033 0.3272
8615.8896 0.3274
8617.8711 0.3275
8619.8535 0.3278
8621.8418 0.3277
8623.8252 0.3274
8625.8135 0.3264
8627.7979 0.3254
8629.7881 0.3249
8631.7725 0.3176
8633.7588 0.3016
8635.7500 0.2915
8637.7363 0.2955
8639.7285 0.3096
8641.7158 0.3222
8643.7080 0.3258
8645.6973 0.3279
8647.6855 0.3298
8649.6797 0.3257
8651.6699 0.3159
8653.6650 0.3124
8655.6553 0.3156
8657.6514 0.3200
8659.6436 0.3264
8661.6357 0.3312
8663.6328 0.3317
8665.6260 0.3320
8667.6240 0.3315
8669.6182 0.3313
8671.6172 0.3306
8673.6123 0.3273
8675.6074 0.3244
8677.6084 0.3289
8679.6045 0.3318
8681.6055 0.3276
8683.6025 0.3254
8685.6055 0.3288
8687.6035 0.3317
8689.6025 0.3274
8691.6055 0.3265
8693.6055 0.3306
8695.6104 0.3325
8697.6104 0.3316
8699.6162 0.3306
8701.6172 0.3300
8703.6191 0.3317
8705.6260 0.3318
8707.6289 0.3313
8709.6367 0.3311
8711.6406 0.3310
8713.6494 0.3301
8715.6543 0.3283
8717.6592 0.3246
8719.6699 0.3128
8721.6758 0.3007
8723.6865 0.3026
8725.6934 0.3197
8727.7061 0.3275
8729.7129 0.3308
8731.7217 0.3324
8733.7354 0.3327
8735.7441 0.3326
8737.7588 0.3331
8739.7686 0.3329
8741.7842 0.3328
8743.7949 0.3326
8745.8115 0.3325
8747.8232 0.3327
8749.8359 0.3327
8751.8535 0.3321
8753.8672 0.3322
8755.8857 0.3327
8757.9004 0.3331
8759.9199 0.3332
8761.9346 0.3335
8763.9502 0.3337
8765.9717 0.3335
8767.9883 0.3338
8770.0098 0.3340
8772.0273 0.3336
8774.0498 0.3332
8776.0684 0.3329
8778.0879 0.3329
8780.1113 0.3329
8782.1318 0.3325
8784.1562 0.3322
8786.1777 0.3326
8788.2031 0.3333
8790.2256 0.3323
8792.2471 0.3316
8794.2754 0.3323
8796.2979 0.3335
8798.3262 0.3341
8800.3506 0.3341
8802.3799 0.3334
8804.4053 0.3334
8806.4307 0.3335
8808.4609 0.3330
8810.4873 0.3332
8812.5195 0.3332
8814.5459 0.3330
8816.5791 0.3324
8818.6074 0.3316
8820.6357 0.3307
8822.6699 0.3295
8824.6992 0.3269
8826.7344 0.3246
8828.7646 0.3208
8830.8008 0.3136
8832.8330 0.3047
8834.8643 0.3012
8836.9014 0.3108
8838.9346 0.3180
8840.9727 0.3221
8843.0068 0.3250
8845.0459 0.3271
8847.0811 0.3290
8849.1162 0.3304
8851.1562 0.3311
8853.1924 0.3320
8855.2344 0.3331
8857.2715 0.3339
8859.3145 0.3344
8861.3516 0.3348
8863.3906 0.3351
8865.4346 0.3354
8867.4736 0.3356
8869.5186 0.3360
8871.5596 0.3363
8873.6045 0.3365
8875.6465 0.3367
8877.6885 0.3369
8879.7354 0.3368
8881.7783 0.3361
8883.8262 0.3355
8885.8701 0.3370
8887.9189 0.3374
8889.9639 0.3374
8892.0088 0.3376
8894.0596 0.3375
8896.1055 0.3366
8898.1562 0.3349
8900.2041 0.3366
8902.2559 0.3379
8904.3037 0.3378
8906.3574 0.3378
8908.4062 0.3378
8910.4561 0.3380
8912.5107 0.3380
8914.5605 0.3380
8916.6162 0.3380
8918.6680 0.3380
8920.7246 0.3381
8922.7764 0.3381
8924.8291 0.3381
8926.8867 0.3381
8928.9404 0.3381
8931.0000 0.3381
8933.0547 0.3381
8935.1143 0.3380
8937.1699 0.3380
8939.2256 0.3380
8941.2871 0.3379
8943.3438 0.3378
8945.4062 0.3377
8947.4639 0.3376
8949.5273 0.3374
8951.5859 0.3373
8953.6455 0.3371
8955.7100 0.3368
8957.7705 0.3364
8959.8359 0.3359
8961.8975 0.3354
8963.9639 0.3347
8966.0264 0.3338
8968.0889 0.3326
8970.1572 0.3311
8972.2207 0.3292
8974.2891 0.3267
8976.3535 0.3236
8978.4238 0.3198
8980.4893 0.3153
8982.5557 0.3101
8984.6270 0.3041
8986.6934 0.3050
8988.7656 0.3101
8990.8340 0.3157
8992.9072 0.3202
8994.9756 0.3240
8997.0449 0.3270
8999.1201 0.3294
9001.1904 0.3314
9003.2656 0.3331
9005.3369 0.3343
9007.4131 0.3352
9009.4854 0.3360
9011.5586 0.3367
9013.6357 0.3370
9015.7100 0.3372
9017.7891 0.3375
9019.8633 0.3379
9021.9434 0.3382
9024.0186 0.3385
9026.0947 0.3388
9028.1758 0.3388
9030.2529 0.3376
9032.3350 0.3355
9034.4131 0.3378
9036.4971 0.3392
9038.5752 0.3394
9040.6543 0.3393
9042.7393 0.3393
9044.8193 0.3392
9046.9053 0.3379
9048.9863 0.3381
9051.0732 0.3392
9053.1553 0.3399
9055.2383 0.3398
9057.3262 0.3391
9059.4102 0.3383
9061.4990 0.3397
9063.5840 0.3380
9065.6738 0.3365
9067.7588 0.3390
9069.8506 0.3402
9071.9365 0.3398
9074.0234 0.3400
9076.1162 0.3403
9078.2041 0.3402
9080.2979 0.3395
9082.3867 0.3382
9084.4805 0.3397
9086.5703 0.3402
9088.6611 0.3404
9090.7568 0.3402
9092.8486 0.3396
9094.9453 0.3399
9097.0371 0.3404
9099.1348 0.3405
9101.2285 0.3398
9103.3223 0.3396
9105.4209 0.3404
9107.5156 0.3406
9109.6162 0.3405
9111.7119 0.3405
9113.8125 0.3406
9115.9092 0.3406
9118.0068 0.3406
9120.1094 0.3406
9122.2070 0.3406
9124.3105 0.3404
9126.4102 0.3403
9128.5146 0.3404
9130.6143 0.3405
9132.7148 0.3406
9134.8213 0.3406
9136.9219 0.3406
9139.0293 0.3406
9141.1318 0.3405
9143.2393 0.3402
9145.3428 0.3395
9147.4473 0.3387
9149.5566 0.3392
9151.6611 0.3399
9153.7715 0.3401
9155.8770 0.3396
9157.9883 0.3390
9160.0957 0.3398
9162.2031 0.3398
9164.3154 0.3395
9166.4238 0.3391
9168.5371 0.3388
9170.6465 0.3387
9172.7617 0.3366
9174.8711 0.3362
9176.9824 0.3365
9179.0986 0.3361
9181.2100 0.3346
9183.3271 0.3330
9185.4395 0.3314
9187.5576 0.3274
9189.6719 0.3250
9191.7852 0.3231
9193.9053 0.3189
9196.0205 0.3140
9198.1406 0.3084
9200.2568 0.3097
9202.3789 0.3147
9204.4951 0.3198
9206.6133 0.3238
9208.7363 0.3271
9210.8545 0.3302
9212.9785 0.3302
9215.0977 0.3320
9217.2227 0.3351
9219.3428 0.3365
9221.4639 0.3370
9223.5908 0.3378
9225.7129 0.3388
9227.8398 0.3386
9229.9629 0.3364
9232.0908 0.3340
9234.2148 0.3355
9236.3447 0.3367
9238.4688 0.3395
9240.5947 0.3407
9242.7256 0.3405
9244.8516 0.3409
9246.9834 0.3410
9249.1104 0.3411
9251.2432 0.3412
9253.3721 0.3412
9255.5010 0.3413
9257.6348 0.3413
9259.7646 0.3412
9261.8994 0.3414
9264.0303 0.3413
9266.1670 0.3412
9268.2988 0.3413
9270.4307 0.3416
9272.5684 0.3413
9274.7012 0.3414
9276.8398 0.3417
9278.9746 0.3417
9281.1143 0.3417
9283.2490 0.3418
9285.3848 0.3418
9287.5264 0.3418
9289.6621 0.3418
9291.8047 0.3418
9293.9424 0.3416
9296.0850 0.3413
9298.2236 0.3414
9300.3633 0.3419
9302.5078 0.3419
9304.6475 0.3419
9306.7930 0.3419
9308.9346 0.3417
9311.0811 0.3416
9313.2227 0.3419
9315.3652 0.3420
9317.5137 0.3420
9319.6572 0.3420
9321.8057 0.3421
9323.9502 0.3421
9326.1006 0.3421
9328.2461 0.3421
9330.3916 0.3421
9332.5439 0.3421
9334.6904 0.3421
9336.8428 0.3421
9338.9912 0.3421
9341.1445 0.3421
9343.2939 0.3420
9345.4434 0.3421
9347.5977 0.3421
9349.7480 0.3421
9351.9043 0.3423
9354.0557 0.3417
9356.2129 0.3414
9358.3652 0.3417
9360.5186 0.3417
9362.6768 0.3409
9364.8301 0.3420
9366.9902 0.3422
9369.1445 0.3422
9371.3057 0.3421
9373.4609 0.3410
9375.6172 0.3392
9377.7793 0.3418
9379.9365 0.3412
9382.0996 0.3402
9384.2578 0.3409
9386.4219 0.3419
9388.5820 0.3420
9390.7461 0.3421
9392.9072 0.3423
9395.0674 0.3420
9397.2344 0.3416
9399.3965 0.3416
9401.5635 0.3421
9403.7266 0.3421
9405.8945 0.3420
9408.0586 0.3421
9410.2227 0.3422
9412.3926 0.3422
9414.5586 0.3421
9416.7295 0.3421
9418.8955 0.3422
9421.0674 0.3422
9423.2344 0.3422
9425.4023 0.3422
9427.5762 0.3422
9429.7451 0.3420
9431.9189 0.3420
9434.0889 0.3421
9436.2646 0.3421
9438.4355 0.3422
9440.6064 0.3421
9442.7832 0.3421
9444.9561 0.3421
9447.1338 0.3421
9449.3076 0.3420
9451.4863 0.3417
9453.6602 0.3417
9455.8350 0.3420
9458.0156 0.3420
9460.1914 0.3418
9462.3730 0.3417
9464.5498 0.3416
9466.7324 0.3415
9468.9102 0.3415
9471.0889 0.3415
9473.2725 0.3414
9475.4521 0.3411
9477.6367 0.3409
9479.8174 0.3408
9482.0029 0.3407
9484.1846 0.3405
9486.3662 0.3401
9488.5537 0.3397
9490.7363 0.3392
9492.9258 0.3385
9495.1094 0.3377
9497.2988 0.3367
9499.4834 0.3353
9501.6689 0.3336
9503.8604 0.3314
9506.0459 0.3289
9508.2383 0.3255
9510.4258 0.3217
9512.6191 0.3164
9514.8076 0.3131
9516.9961 0.3157
9519.1904 0.3212
9521.3809 0.3251
9523.5762 0.3284
9525.7666 0.3312
9527.9639 0.3333
9530.1553 0.3351
9532.3477 0.3364
9534.5459 0.3375
9536.7393 0.3383
9538.9385 0.3389
9541.1328 0.3394
9543.3330 0.3399
9545.5283 0.3403
9547.7246 0.3406
9549.9268 0.3408
9552.1230 0.3410
9554.3262 0.3411
9556.5234 0.3413
9558.7275 0.3413
9560.9268 0.3414
9563.1309 0.3415
9565.3311 0.3416
9567.5322 0.3415
9569.7383 0.3414
9571.9395 0.3411
9574.1465 0.3416
9576.3496 0.3417
9578.5576 0.3418
9580.7607 0.3418
9582.9648 0.3419
9585.1748 0.3419
9587.3799 0.3411
9589.5908 0.3408
9591.7969 0.3414
9594.0088 0.3420
9596.2158 0.3419
9598.4238 0.3410
9600.6367 0.3387
9602.8457 0.3404
9605.0596 0.3420
9607.2695 0.3419
9609.4854 0.3420
9611.6953 0.3420
9613.9062 0.3420
9616.1240 0.3419
9618.3359 0.3418
9620.5537 0.3419
9622.7666 0.3419
9624.9863 0.3412
9627.2002 0.3405
9629.4150 0.3414
9631.6357 0.3420
9633.8516 0.3419
9636.0723 0.3419
9638.2891 0.3418
9640.5117 0.3418
9642.7295 0.3419
9644.9482 0.3418
9647.1719 0.3417
9649.3916 0.3416
9651.6172 0.3418
9653.8369 0.3418
9656.0635 0.3418
9658.2842 0.3418
9660.5068 0.3417
9662.7344 0.3417
9664.9570 0.3417
9667.1855 0.3417
9669.4102 0.3418
9671.6396 0.3418
9673.8643 0.3417
9676.0898 0.3417
9678.3213 0.3417
9680.5479 0.3417
9682.7803 0.3417
9685.0078 0.3417
9687.2412 0.3417
9689.4697 0.3416
9691.6982 0.3416
9693.9336 0.3416
9696.1631 0.3415
9698.3994 0.3415
9700.6299 0.3416
9702.8672 0.3416
9705.0996 0.3415
9707.3320 0.3415
9709.5703 0.3414
9711.8047 0.3414
9714.0439 0.3415
9716.2783 0.3415
9718.5186 0.3415
9720.7549 0.3415
9722.9912 0.3415
9725.2334 0.3414
9727.4707 0.3414
9729.7139 0.3414
9731.9521 0.3414
9734.1963 0.3414
9736.4355 0.3414
9738.6807 0.3413
9740.9209 0.3413
9743.1621 0.3413
9745.4082 0.3413
9747.6504 0.3412
9749.8984 0.3412
9752.1416 0.3412
9754.3896 0.3412
9756.6338 0.3410
9758.8789 0.3408
9761.1289 0.3409
9763.3740 0.3411
9765.6260 0.3411
9767.8721 0.3410
9770.1250 0.3410
9772.3721 0.3411
9774.6201 0.3410
9776.8750 0.3409
9779.1240 0.3408
9781.3789 0.3408
9783.6289 0.3409
9785.8848 0.3410
9788.1367 0.3409
9790.3877 0.3408
9792.6455 0.3405
9794.8984 0.3403
9797.1572 0.3406
9799.4111 0.3404
9801.6709 0.3406
9803.9258 0.3406
9806.1807 0.3406
9808.4424 0.3405
9810.6982 0.3403
9812.9609 0.3405
9815.2188 0.3406
9817.4814 0.3405
9819.7402 0.3404
9821.9990 0.3403
9824.2646 0.3402
9826.5244 0.3402
9828.7900 0.3403
9831.0518 0.3403
9833.3184 0.3403
9835.5801 0.3402
9837.8428 0.3401
9840.1113 0.3402
9842.3750 0.3402
9844.6455 0.3403
9846.9102 0.3402
9849.1807 0.3401
9851.4463 0.3400
9853.7129 0.3402
9855.9844 0.3395
9858.2520 0.3387
9860.5254 0.3392
9862.7939 0.3401
9865.0684 0.3400
9867.3379 0.3398
9869.6074 0.3399
9871.8838 0.3400
9874.1543 0.3399
9876.4316 0.3397
9878.7031 0.3396
9880.9814 0.3399
9883.2549 0.3398
9885.5283 0.3399
9887.8076 0.3399
9890.0830 0.3398
9892.3633 0.3397
9894.6387 0.3395
9896.9209 0.3394
9899.1973 0.3393
9901.4746 0.3395
9903.7578 0.3397
9906.0361 0.3396
9908.3203 0.3395
9910.5996 0.3395
9912.8857 0.3393
9915.1660 0.3391
9917.4521 0.3392
9919.7334 0.3394
9922.0156 0.3394
9924.3037 0.3393
9926.5869 0.3393
9928.8760 0.3393
9931.1602 0.3392
9933.4502 0.3392
9935.7354 0.3392
9938.0205 0.3391
9940.3125 0.3391
9942.5996 0.3390
9944.8926 0.3390
9947.1797 0.3390
9949.4736 0.3389
9951.7627 0.3388
9954.0518 0.3388
9956.3477 0.3387
9958.6377 0.3387
9960.9346 0.3386
9963.2256 0.3382
9965.5234 0.3379
9967.8154 0.3382
9970.1094 0.3383
9972.4082 0.3381
9974.7021 0.3380
9977.0020 0.3379
9979.2979 0.3377
9981.5986 0.3375
9983.8945 0.3372
9986.1914 0.3369
9988.4941 0.3366
9990.7920 0.3362
9993.0967 0.3356
9995.3955 0.3350
9997.7002 0.3342
10000.0000 0.3331
10002.3057 0.3318
10004.6016 0.3302
10006.9082 0.3282
10009.2158 0.3257
10011.5244 0.3227
10013.8223 0.3186
10016.1309 0.3148
10018.4404 0.3161
10020.7402 0.3208
10023.0508 0.3241
10025.3623 0.3266
10027.6738 0.3290
10029.9756 0.3306
10032.2881 0.3320
10034.6016 0.3331
10036.9043 0.3339
10039.2188 0.3346
10041.5342 0.3351
10043.8496 0.3353
10046.1543 0.3358
10048.4707 0.3361
10050.7881 0.3363
10053.0947 0.3365
10055.4131 0.3366
10057.7324 0.3367
10060.0508 0.3368
10062.3604 0.3368
10064.6807 0.3368
10067.0010 0.3369
10069.3115 0.3368
10071.6338 0.3367
10073.9561 0.3364
10076.2793 0.3364
10078.5918 0.3362
10080.9160 0.3359
10083.2402 0.3363
10085.5547 0.3369
10087.8799 0.3367
10090.2061 0.3361
10092.5332 0.3363
10094.8496 0.3367
10097.1777 0.3367
10099.5059 0.3367
10101.8232 0.3367
10104.1533 0.3367
10106.4834 0.3367
10108.8135 0.3366
10111.1338 0.3366
10113.4648 0.3365
10115.7969 0.3364
10118.1191 0.3365
10120.4521 0.3364
10122.7861 0.3363
10125.1201 0.3364
10127.4434 0.3363
10129.7793 0.3362
10132.1152 0.3361
10134.4404 0.3362
10136.7773 0.3362
10139.1152 0.3361
10141.4531 0.3360
10143.7803 0.3361
10146.1191 0.3360
10148.4590 0.3360
10150.7881 0.3359
10153.1289 0.3359
10155.4707 0.3358
10157.8125 0.3358
10160.1436 0.3358
10162.4863 0.3357
10164.8301 0.3357
10167.1621 0.3356
10169.5068 0.3356
10171.8525 0.3356
10174.1973 0.3355
10176.5322 0.3355
10178.8789 0.3354
10181.2266 0.3354
10183.5742 0.3353
10185.9111 0.3353
10188.2607 0.3352
10190.6094 0.3352
10192.9482 0.3352
10195.2988 0.3351
10197.6504 0.3351
10200.0020 0.3350
10202.3428 0.3350
10204.6953 0.3349
10207.0479 0.3349
10209.3906 0.3348
10211.7451 0.3347
10214.0996 0.3347
10216.4551 0.3347
10218.7998 0.3347
10221.1562 0.3346
10223.5137 0.3345
10225.8594 0.3345
10228.2178 0.3345
10230.5762 0.3344
10232.9355 0.3344
10235.2842 0.3343
10237.6436 0.3343
10240.0049 0.3342
10242.3545 0.3342
10244.7168 0.3341
10247.0791 0.3341
10249.4424 0.3340
10251.7939 0.3340
10254.1582 0.3339
10256.5234 0.3338
10258.8770 0.3338
10261.2422 0.3338
10263.6084 0.3337
10265.9756 0.3337
10268.3311 0.3336
10270.6992 0.3336
10273.0674 0.3335
10275.4258 0.3334
10277.7949 0.3334
10280.1650 0.3333
10282.5352 0.3333
10284.8955 0.3332
10287.2666 0.3332
10289.6396 0.3331
10292.0010 0.3331
10294.3740 0.3330
10296.7480 0.3328
10299.1221 0.3325
10301.4863 0.3328
10303.8613 0.3328
10306.2373 0.3327
10308.6025 0.3327
10310.9795 0.3326
10313.3574 0.3326
10315.7363 0.3325
10318.1035 0.3325
10320.4824 0.3324
10322.8623 0.3324
10325.2314 0.3323
10327.6123 0.3322
