3587.5671 -0.1537
3588.3923 -0.1377
3589.2200 -0.1292
3590.0457 -0.1270
3590.8735 -0.1278
3591.6995 -0.1291
3592.5259 -0.1297
3593.3542 -0.1287
3594.1809 -0.1262
3595.0098 -0.1246
3595.8367 -0.1247
3596.6660 -0.1249
3597.4934 -0.1231
3598.3208 -0.1197
3599.1506 -0.1177
3599.9788 -0.1183
3600.8088 -0.1201
3601.6372 -0.1228
3602.4678 -0.1278
3603.2964 -0.1356
3604.1252 -0.1428
3604.9565 -0.1416
3605.7859 -0.1341
3606.6172 -0.1272
3607.4470 -0.1247
3608.2788 -0.1263
3609.1089 -0.1290
3609.9392 -0.1291
3610.7717 -0.1267
3611.6023 -0.1246
3612.4351 -0.1253
3613.2661 -0.1291
3614.0994 -0.1333
3614.9307 -0.1331
3615.7625 -0.1267
3616.5962 -0.1171
3617.4282 -0.1093
3618.2625 -0.1065
3619.0947 -0.1083
3619.9292 -0.1129
3620.7620 -0.1202
3621.5969 -0.1259
3622.4302 -0.1252
3623.2634 -0.1192
3624.0989 -0.1151
3624.9326 -0.1152
3625.7686 -0.1129
3626.6028 -0.1061
3627.4390 -0.0977
3628.2734 -0.0916
3629.1082 -0.0906
3629.9451 -0.0973
3630.7800 -0.1112
3631.6174 -0.1245
3632.4529 -0.1267
3633.2903 -0.1151
3634.1262 -0.0978
3634.9622 -0.0865
3635.8005 -0.0803
3636.6370 -0.0758
3637.4756 -0.0720
3638.3123 -0.0696
3639.1514 -0.0693
3639.9885 -0.0700
3640.8259 -0.0723
3641.6653 -0.0749
3642.5032 -0.0754
3643.3430 -0.0728
3644.1812 -0.0687
3645.0215 -0.0653
3645.8601 -0.0623
3646.6990 -0.0595
3647.5398 -0.0578
3648.3789 -0.0578
3649.2202 -0.0592
3650.0596 -0.0608
3650.9014 -0.0603
3651.7412 -0.0564
3652.5813 -0.0507
3653.4236 -0.0457
3654.2642 -0.0433
3655.1067 -0.0421
3655.9475 -0.0412
3656.7908 -0.0404
3657.6318 -0.0396
3658.4734 -0.0388
3659.3169 -0.0382
3660.1587 -0.0370
3661.0029 -0.0354
3661.8450 -0.0340
3662.6895 -0.0318
3663.5320 -0.0283
3664.3748 -0.0242
3665.2197 -0.0193
3666.0630 -0.0121
3666.9084 -0.0035
3667.7520 0.0048
3668.5977 0.0113
3669.4417 0.0159
3670.2859 0.0196
3671.1321 0.0230
3671.9768 0.0282
3672.8235 0.0356
3673.6685 0.0446
3674.5156 0.0538
3675.3608 0.0604
3676.2063 0.0523
3677.0542 0.0362
3677.8999 0.0272
3678.7480 0.0331
3679.5945 0.0538
3680.4429 0.0961
3681.2896 0.1359
3682.1365 0.1414
3682.9856 0.1206
3683.8328 0.1058
3684.6824 0.1144
3685.5300 0.1077
3686.3799 0.0905
3687.2278 0.1030
3688.0781 0.1698
3688.9265 0.2663
3689.7751 0.3213
3690.6260 0.2886
3691.4751 0.2211
3692.3264 0.2002
3693.1758 0.2586
3694.0273 0.3593
3694.8772 0.4180
3695.7273 0.3874
3696.5793 0.2935
3697.4299 0.2133
3698.2825 0.2190
3699.1333 0.3204
3699.9863 0.4492
3700.8374 0.5229
3701.6887 0.5168
3702.5425 0.4345
3703.3943 0.3120
3704.2483 0.2162
3705.1003 0.2162
3705.9548 0.3057
3706.8074 0.4276
3707.6599 0.5369
3708.5149 0.6017
3709.3682 0.6019
3710.2234 0.5298
3711.0771 0.3958
3711.9329 0.2616
3712.7866 0.2105
3713.6409 0.2745
3714.4973 0.4101
3715.3518 0.5312
3716.2085 0.6173
3717.0635 0.6808
3717.9204 0.7136
3718.7759 0.7034
3719.6313 0.6410
3720.4890 0.5255
3721.3450 0.3795
3722.2031 0.2794
3723.0593 0.2923
3723.9180 0.4095
3724.7747 0.5615
3725.6316 0.6677
3726.4905 0.7189
3727.3479 0.7413
3728.2073 0.7618
3729.0649 0.7861
3729.9250 0.8028
3730.7830 0.7927
3731.6414 0.7446
3732.5017 0.6433
3733.3604 0.4943
3734.2214 0.3456
3735.0803 0.2712
3735.9417 0.3210
3736.8013 0.4352
3737.6609 0.5548
3738.5227 0.6633
3739.3828 0.7525
3740.2451 0.8090
3741.1055 0.8236
3741.9683 0.8229
3742.8291 0.8375
3743.6899 0.8624
3744.5532 0.8738
3745.4148 0.8564
3746.2786 0.8137
3747.1404 0.7511
3748.0044 0.6453
3748.8667 0.4962
3749.7290 0.3504
3750.5938 0.2868
3751.4565 0.3676
3752.3215 0.5425
3753.1848 0.7038
3754.0503 0.7978
3754.9138 0.8288
3755.7798 0.8263
3756.6438 0.8145
3757.5081 0.7885
3758.3745 0.7454
3759.2390 0.7004
3760.1060 0.6758
3760.9709 0.6801
3761.8381 0.7054
3762.7036 0.7517
3763.5693 0.8063
3764.4370 0.8530
3765.3032 0.8880
3766.1714 0.9091
3767.0378 0.9029
3767.9065 0.8434
3768.7732 0.7069
3769.6401 0.5179
3770.5095 0.3615
3771.3770 0.3352
3772.2466 0.4756
3773.1145 0.6748
3773.9844 0.8346
3774.8528 0.9310
3775.7209 0.9816
3776.5918 1.0091
3777.4604 1.0247
3778.3315 1.0300
3779.2009 1.0332
3780.0723 1.0402
3780.9419 1.0480
3781.8118 1.0457
3782.6838 1.0253
3783.5540 1.0045
3784.4265 1.0101
3785.2971 1.0376
3786.1699 1.0658
3787.0410 1.0819
3787.9121 1.0914
3788.7856 1.1011
3789.6572 1.1082
3790.5310 1.1100
3791.4031 1.1056
3792.2773 1.0959
3793.1499 1.0813
3794.0225 1.0548
3794.8972 1.0018
3795.7703 0.9032
3796.6455 0.7458
3797.5190 0.5624
3798.3948 0.4536
3799.2686 0.5234
3800.1426 0.7046
3801.0188 0.8850
3801.8933 1.0057
3802.7700 1.0661
3803.6448 1.0973
3804.5220 1.1150
3805.3972 1.1257
3806.2727 1.1338
3807.1504 1.1441
3808.0261 1.1577
3808.9043 1.1715
3809.7805 1.1815
3810.6589 1.1859
3811.5356 1.1808
3812.4126 1.1619
3813.2917 1.1288
3814.1689 1.0923
3815.0483 1.0817
3815.9260 1.1056
3816.8059 1.1444
3817.6841 1.1730
3818.5623 1.1749
3819.4429 1.1507
3820.3215 1.1241
3821.2024 1.1196
3822.0815 1.1364
3822.9629 1.1569
3823.8423 1.1613
3824.7241 1.1424
3825.6040 1.1206
3826.4841 1.1124
3827.3665 1.1175
3828.2468 1.1322
3829.1296 1.1509
3830.0105 1.1636
3830.8938 1.1573
3831.7751 1.1202
3832.6565 1.0444
3833.5403 0.9203
3834.4224 0.7463
3835.3064 0.5690
3836.1887 0.5271
3837.0735 0.6467
3837.9561 0.8286
3838.8391 0.9848
3839.7244 1.0872
3840.6077 1.1555
3841.4932 1.1994
3842.3770 1.2278
3843.2629 1.2408
3844.1472 1.2379
3845.0315 1.2261
3845.9182 1.2213
3846.8030 1.2303
3847.6899 1.2331
3848.5752 1.2175
3849.4626 1.1950
3850.3481 1.1891
3851.2339 1.2100
3852.1221 1.2207
3853.0083 1.1893
3853.8967 1.1266
3854.7832 1.0555
3855.6721 0.9977
3856.5591 0.9828
3857.4463 1.0570
3858.3359 1.1628
3859.2234 1.2303
3860.1135 1.2435
3861.0015 1.2111
3861.8918 1.1424
3862.7803 1.0692
3863.6687 1.0652
3864.5598 1.1264
3865.4487 1.1961
3866.3401 1.2350
3867.2297 1.2545
3868.1213 1.2735
3869.0112 1.2899
3869.9014 1.3001
3870.7937 1.3004
3871.6841 1.2895
3872.5769 1.2738
3873.4678 1.2688
3874.3611 1.2766
3875.2524 1.2874
3876.1438 1.2949
3877.0376 1.2968
3877.9297 1.2940
3878.8237 1.2910
3879.7161 1.2942
3880.6108 1.2999
3881.5037 1.3010
3882.3965 1.2959
3883.2917 1.2893
3884.1851 1.2777
3885.0808 1.2501
3885.9746 1.1920
3886.8706 1.0833
3887.7649 0.9063
3888.6592 0.6881
3889.5559 0.5733
3890.4507 0.6541
3891.3479 0.8581
3892.2429 1.0604
3893.1406 1.1864
3894.0361 1.2468
3894.9341 1.2756
3895.8301 1.2871
3896.7263 1.2911
3897.6250 1.2904
3898.5215 1.2799
3899.4207 1.2520
3900.3176 1.2171
3901.2170 1.2084
3902.1145 1.2339
3903.0122 1.2690
3903.9121 1.2842
3904.8103 1.2685
3905.7107 1.2383
3906.6094 1.2281
3907.5100 1.2507
3908.4089 1.2865
3909.3081 1.3115
3910.2097 1.3196
3911.1091 1.3163
3912.0110 1.2944
3912.9111 1.2523
3913.8132 1.2109
3914.7136 1.2011
3915.6143 1.2352
3916.5171 1.2755
3917.4182 1.2991
3918.3215 1.3031
3919.2229 1.2971
3920.1267 1.2930
3921.0286 1.2975
3921.9307 1.3075
3922.8350 1.3176
3923.7373 1.3240
3924.6421 1.3268
3925.5452 1.3257
3926.4502 1.3196
3927.3535 1.3145
3928.2571 1.3127
3929.1628 1.3056
3930.0667 1.2859
3930.9731 1.2441
3931.8774 1.1513
3932.7839 0.9537
3933.6887 0.7507
3934.5938 0.7149
3935.5010 0.8676
3936.4062 1.0790
3937.3142 1.1876
3938.2200 1.2170
3939.1279 1.2254
3940.0342 1.2507
3940.9407 1.2891
3941.8494 1.3183
3942.7561 1.3251
3943.6653 1.3177
3944.5725 1.3027
3945.4822 1.2916
3946.3899 1.2917
3947.2979 1.3006
3948.2080 1.3088
3949.1162 1.3173
3950.0269 1.3242
3950.9355 1.3252
3951.8467 1.3199
3952.7559 1.3136
3953.6650 1.3133
3954.5769 1.3179
3955.4866 1.3224
3956.3987 1.3243
3957.3088 1.3233
3958.2214 1.3202
3959.1321 1.3159
3960.0449 1.3080
3960.9561 1.2962
3961.8672 1.2874
3962.7808 1.2846
3963.6924 1.2803
3964.6064 1.2612
3965.5186 1.2270
3966.4329 1.1417
3967.3455 0.9481
3968.2581 0.6550
3969.1731 0.3777
3970.0862 0.2931
3971.0017 0.4369
3971.9153 0.6990
3972.8313 0.9445
3973.7451 1.0997
3974.6592 1.1703
3975.5759 1.2143
3976.4905 1.2512
3977.4075 1.2742
3978.3225 1.2810
3979.2397 1.2771
3980.1553 1.2721
3981.0708 1.2730
3981.9888 1.2755
3982.9050 1.2764
3983.8232 1.2773
3984.7397 1.2803
3985.6587 1.2840
3986.5757 1.2846
3987.4927 1.2837
3988.4121 1.2838
3989.3298 1.2834
3990.2498 1.2803
3991.1677 1.2759
3992.0879 1.2744
3993.0063 1.2742
3993.9250 1.2709
3994.8459 1.2658
3995.7649 1.2613
3996.6863 1.2577
3997.6057 1.2542
3998.5276 1.2530
3999.4475 1.2529
4000.3674 1.2484
4001.2900 1.2335
4002.2104 1.2112
4003.1333 1.1972
4004.0544 1.2034
4004.9775 1.2165
4005.8989 1.2265
4006.8206 1.2344
4007.7446 1.2439
4008.6665 1.2520
4009.5908 1.2458
4010.5132 1.2310
4011.4380 1.2158
4012.3608 1.2044
4013.2839 1.2007
4014.2095 1.2062
4015.1328 1.2088
4016.0588 1.2109
4016.9827 1.2185
4017.9089 1.2300
4018.8333 1.2405
4019.7578 1.2466
4020.6848 1.2481
4021.6096 1.2418
4022.5371 1.2263
4023.4624 1.2020
4024.3901 1.1726
4025.3162 1.1491
4026.2422 1.1451
4027.1704 1.1582
4028.0969 1.1778
4029.0259 1.1959
4029.9526 1.2093
4030.8821 1.2162
4031.8093 1.2106
4032.7390 1.1989
4033.6667 1.1923
4034.5947 1.1942
4035.5251 1.2003
4036.4534 1.2047
4037.3843 1.2068
4038.3130 1.2067
4039.2441 1.2080
4040.1736 1.2118
4041.1030 1.2158
4042.0347 1.2152
4042.9646 1.2076
4043.8970 1.1963
4044.8271 1.1860
4045.7600 1.1805
4046.6907 1.1812
4047.6216 1.1848
4048.5549 1.1816
4049.4863 1.1770
4050.4202 1.1763
4051.3521 1.1761
4052.2861 1.1722
4053.2185 1.1665
4054.1509 1.1645
4055.0857 1.1692
4056.0186 1.1768
4056.9539 1.1803
4057.8872 1.1791
4058.8230 1.1814
4059.7566 1.1880
4060.6907 1.1920
4061.6270 1.1906
4062.5613 1.1833
4063.4983 1.1734
4064.4331 1.1659
4065.3701 1.1579
4066.3054 1.1381
4067.2410 1.1173
4068.1787 1.1158
4069.1147 1.1351
4070.0530 1.1500
4070.9893 1.1502
4071.9280 1.1469
4072.8647 1.1476
4073.8018 1.1507
4074.7412 1.1503
4075.6787 1.1427
4076.6184 1.1324
4077.5562 1.1255
4078.4966 1.1283
4079.4348 1.1386
4080.3733 1.1480
4081.3142 1.1499
4082.2532 1.1482
4083.1943 1.1462
4084.1338 1.1463
4085.0757 1.1472
4086.0154 1.1460
4086.9553 1.1428
4087.8977 1.1423
4088.8381 1.1446
4089.7810 1.1489
4090.7219 1.1529
4091.6653 1.1538
4092.6064 1.1506
4093.5481 1.1463
4094.4919 1.1414
4095.4338 1.1334
4096.3784 1.1197
4097.3208 1.0984
4098.2656 1.0636
4099.2085 0.9912
4100.1514 0.8484
4101.0967 0.6566
4102.0400 0.5233
4102.9863 0.5520
4103.9302 0.7322
4104.8765 0.9030
4105.8208 1.0116
4106.7676 1.0683
4107.7124 1.0966
4108.6572 1.1104
4109.6045 1.1109
4110.5503 1.1031
4111.4980 1.0969
4112.4438 1.0985
4113.3921 1.1059
4114.3384 1.1139
4115.2852 1.1199
4116.2339 1.1247
4117.1807 1.1258
4118.1304 1.1219
4119.0776 1.1143
4120.0273 1.1045
4120.9751 1.0913
4121.9233 1.0722
4122.8740 1.0567
4123.8223 1.0560
4124.7734 1.0671
4125.7222 1.0734
4126.6733 1.0516
4127.6230 0.9919
4128.5723 0.9356
4129.5244 0.9166
4130.4746 0.9181
4131.4268 0.9263
4132.3774 0.9654
4133.3301 1.0298
4134.2812 1.0740
4135.2324 1.0910
4136.1855 1.0926
4137.1372 1.0904
4138.0913 1.0882
4139.0435 1.0864
4139.9976 1.0864
4140.9502 1.0874
4141.9028 1.0858
4142.8579 1.0785
4143.8110 1.0669
4144.7666 1.0574
4145.7202 1.0546
4146.6758 1.0604
4147.6299 1.0729
4148.5840 1.0858
4149.5405 1.0912
4150.4951 1.0902
4151.4526 1.0876
4152.4072 1.0861
4153.3647 1.0864
4154.3203 1.0874
4155.2764 1.0877
4156.2344 1.0880
4157.1904 1.0885
4158.1489 1.0887
4159.1055 1.0875
4160.0649 1.0831
4161.0220 1.0742
4161.9790 1.0620
4162.9390 1.0483
4163.8965 1.0416
4164.8564 1.0496
4165.8149 1.0678
4166.7754 1.0799
4167.7339 1.0824
4168.6929 1.0803
4169.6538 1.0740
4170.6133 1.0594
4171.5752 1.0279
4172.5347 0.9767
4173.4971 0.9316
4174.4570 0.9328
4175.4175 0.9711
4176.3799 0.9992
4177.3408 0.9774
4178.3042 0.9165
4179.2651 0.8848
4180.2290 0.9196
4181.1909 0.9867
4182.1548 1.0378
4183.1172 1.0523
4184.0796 1.0503
4185.0444 1.0499
4186.0068 1.0508
4186.9722 1.0470
4187.9355 1.0412
4188.9014 1.0405
4189.8647 1.0466
4190.8286 1.0501
4191.7949 1.0509
4192.7593 1.0511
4193.7261 1.0516
4194.6909 1.0521
4195.6582 1.0524
4196.6235 1.0540
4197.5889 1.0539
4198.5571 1.0526
4199.5229 1.0517
4200.4912 1.0513
4201.4575 1.0494
4202.4263 1.0473
4203.3931 1.0468
4204.3599 1.0477
4205.3296 1.0483
4206.2969 1.0486
4207.2671 1.0512
4208.2349 1.0540
4209.2051 1.0538
4210.1738 1.0526
4211.1421 1.0527
4212.1133 1.0544
4213.0820 1.0561
4214.0537 1.0556
4215.0229 1.0508
4215.9951 1.0453
4216.9648 1.0441
4217.9351 1.0485
4218.9077 1.0535
4219.8784 1.0551
4220.8516 1.0553
4221.8223 1.0566
4222.7959 1.0581
4223.7676 1.0564
4224.7393 1.0494
4225.7134 1.0428
4226.6855 1.0404
4227.6602 1.0426
4228.6328 1.0466
4229.6079 1.0481
4230.5806 1.0389
4231.5542 0.9965
4232.5298 0.9173
4233.5034 0.8610
4234.4800 0.8829
4235.4541 0.9675
4236.4307 1.0283
4237.4053 1.0508
4238.3799 1.0563
4239.3574 1.0552
4240.3325 1.0482
4241.3105 1.0324
4242.2861 1.0094
4243.2642 1.0026
4244.2407 1.0148
4245.2168 1.0278
4246.1958 1.0314
4247.1729 1.0297
4248.1519 1.0339
4249.1294 1.0406
4250.1094 1.0414
4251.0869 1.0371
4252.0649 1.0321
4253.0454 1.0303
4254.0239 1.0319
4255.0049 1.0342
4255.9834 1.0339
4256.9648 1.0279
4257.9443 1.0167
4258.9263 1.0080
4259.9058 1.0104
4260.8857 1.0111
4261.8687 1.0060
4262.8491 1.0072
4263.8320 1.0190
4264.8130 1.0336
4265.7964 1.0385
4266.7778 1.0350
4267.7593 1.0300
4268.7432 1.0278
4269.7256 1.0275
4270.7100 1.0245
4271.6924 1.0139
4272.6772 0.9982
4273.6606 0.9888
4274.6436 0.9913
4275.6294 1.0013
4276.6128 1.0113
4277.5991 1.0170
4278.5830 1.0195
4279.5698 1.0236
4280.5542 1.0292
4281.5391 1.0329
4282.5264 1.0328
4283.5117 1.0298
4284.4990 1.0262
4285.4849 1.0269
4286.4731 1.0309
4287.4590 1.0338
4288.4453 1.0307
4289.4346 1.0206
4290.4214 1.0123
4291.4106 1.0158
4292.3979 1.0219
4293.3877 1.0174
4294.3755 1.0012
4295.3633 0.9857
4296.3535 0.9711
4297.3423 0.9698
4298.3330 0.9821
4299.3218 0.9844
4300.3135 0.9648
4301.3027 0.9440
4302.2920 0.9242
4303.2842 0.9100
4304.2744 0.9319
4305.2666 0.9824
4306.2573 1.0222
4307.2500 1.0227
4308.2412 1.0162
4309.2319 1.0221
4310.2261 1.0358
4311.2173 1.0419
4312.2114 1.0291
4313.2036 1.0014
4314.1982 0.9771
4315.1904 0.9767
4316.1836 0.9999
4317.1787 1.0271
4318.1719 1.0403
4319.1675 1.0394
4320.1611 1.0347
4321.1572 1.0347
4322.1514 1.0423
4323.1460 1.0502
4324.1426 1.0480
4325.1377 1.0335
4326.1348 1.0231
4327.1299 1.0282
4328.1279 1.0427
4329.1235 1.0537
4330.1196 1.0546
4331.1182 1.0506
4332.1143 1.0501
4333.1133 1.0498
4334.1104 1.0448
4335.1099 1.0327
4336.1069 1.0094
4337.1069 0.9617
4338.1045 0.8683
4339.1025 0.7229
4340.1030 0.5742
4341.1016 0.5252
4342.1025 0.6266
4343.1016 0.7928
4344.1030 0.9076
4345.1025 0.9753
4346.1021 1.0133
4347.1040 1.0330
4348.1040 1.0408
4349.1069 1.0368
4350.1074 1.0055
4351.1104 0.9425
4352.1113 0.8960
4353.1128 0.9130
4354.1167 0.9818
4355.1182 1.0283
4356.1226 1.0408
4357.1245 1.0373
4358.1294 1.0338
4359.1318 1.0366
4360.1348 1.0403
4361.1401 1.0337
4362.1436 1.0252
4363.1494 1.0258
4364.1528 1.0330
4365.1592 1.0380
4366.1636 1.0350
4367.1680 1.0256
4368.1753 1.0132
4369.1802 1.0054
4370.1875 1.0091
4371.1929 1.0205
4372.2007 1.0299
4373.2065 1.0305
4374.2129 1.0277
4375.2212 1.0266
4376.2280 1.0290
4377.2368 1.0322
4378.2441 1.0336
4379.2534 1.0343
4380.2612 1.0324
4381.2686 1.0262
4382.2793 1.0106
4383.2871 0.9750
4384.2979 0.9193
4385.3066 0.8732
4386.3179 0.8838
4387.3267 0.9289
4388.3359 0.9684
4389.3481 0.9863
4390.3579 0.9889
4391.3701 0.9898
4392.3804 0.9946
4393.3936 0.9891
4394.4043 0.9673
4395.4150 0.9504
4396.4287 0.9614
4397.4399 0.9918
4398.4541 1.0029
4399.4658 0.9982
4400.4805 0.9932
4401.4927 0.9961
4402.5054 1.0039
4403.5205 1.0066
4404.5337 1.0052
4405.5493 1.0038
4406.5625 1.0045
4407.5786 1.0058
4408.5928 1.0059
4409.6069 1.0042
4410.6240 1.0001
4411.6387 0.9970
4412.6558 0.9939
4413.6709 0.9878
4414.6885 0.9720
4415.7041 0.9370
4416.7227 0.8891
4417.7388 0.8743
4418.7549 0.9027
4419.7739 0.9437
4420.7905 0.9659
4421.8101 0.9702
4422.8271 0.9695
4423.8472 0.9668
4424.8647 0.9616
4425.8828 0.9545
4426.9033 0.9473
4427.9219 0.9428
4428.9429 0.9424
4429.9619 0.9437
4430.9834 0.9449
4432.0024 0.9468
4433.0220 0.9499
4434.0444 0.9520
4435.0645 0.9540
4436.0874 0.9571
4437.1079 0.9609
4438.1309 0.9662
4439.1519 0.9728
4440.1733 0.9765
4441.1968 0.9741
4442.2188 0.9649
4443.2432 0.9485
4444.2651 0.9380
4445.2900 0.9471
4446.3125 0.9704
4447.3354 0.9841
4448.3613 0.9893
4449.3843 0.9851
4450.4106 0.9738
4451.4341 0.9645
4452.4609 0.9688
4453.4849 0.9806
4454.5098 0.9869
4455.5366 0.9873
4456.5615 0.9886
4457.5894 0.9938
4458.6147 0.9968
4459.6431 0.9954
4460.6689 0.9907
4461.6953 0.9852
4462.7241 0.9835
4463.7505 0.9869
4464.7798 0.9890
4465.8071 0.9880
4466.8369 0.9800
4467.8643 0.9614
4468.8921 0.9445
4469.9229 0.9392
4470.9512 0.9354
4471.9819 0.9266
4473.0107 0.9348
4474.0425 0.9583
4475.0718 0.9822
4476.1011 0.9949
4477.1333 0.9970
4478.1631 0.9893
4479.1958 0.9506
4480.2266 0.8562
4481.2593 0.7544
4482.2905 0.7395
4483.3213 0.8506
4484.3555 0.9439
4485.3872 0.9851
4486.4214 0.9923
4487.4536 0.9790
4488.4883 0.9515
4489.5210 0.9223
4490.5537 0.9096
4491.5889 0.9111
4492.6226 0.9329
4493.6582 0.9657
4494.6919 0.9906
4495.7285 0.9987
4496.7627 1.0004
4497.7998 0.9974
4498.8345 0.9904
4499.8696 0.9744
4500.9072 0.9508
4501.9424 0.9390
4502.9805 0.9535
4504.0166 0.9732
4505.0552 0.9825
4506.0913 0.9739
4507.1279 0.9419
4508.1675 0.8943
4509.2046 0.8900
4510.2446 0.9314
4511.2822 0.9725
4512.3223 0.9887
4513.3604 0.9778
4514.3984 0.9435
4515.4395 0.9069
4516.4785 0.9107
4517.5200 0.9422
4518.5591 0.9555
4519.6011 0.9237
4520.6406 0.8741
4521.6807 0.8390
4522.7236 0.8246
4523.7642 0.8541
4524.8071 0.9152
4525.8481 0.9673
4526.8916 0.9825
4527.9331 0.9851
4528.9746 0.9838
4530.0190 0.9830
4531.0610 0.9828
4532.1060 0.9748
4533.1489 0.9476
4534.1938 0.9217
4535.2373 0.9290
4536.2803 0.9582
4537.3267 0.9817
4538.3701 0.9852
4539.4170 0.9778
4540.4609 0.9592
4541.5083 0.9411
4542.5527 0.9431
4543.5981 0.9617
4544.6455 0.9777
4545.6909 0.9782
4546.7393 0.9668
4547.7852 0.9257
4548.8340 0.8535
4549.8804 0.8066
4550.9272 0.8378
4551.9766 0.9153
4553.0239 0.9464
4554.0737 0.9287
4555.1216 0.8784
4556.1719 0.8387
4557.2197 0.8391
4558.2686 0.8585
4559.3193 0.8790
4560.3682 0.9182
4561.4199 0.9531
4562.4692 0.9626
4563.5215 0.9499
4564.5713 0.9406
4565.6211 0.9475
4566.6743 0.9620
4567.7246 0.9736
4568.7778 0.9781
4569.8291 0.9728
4570.8828 0.9536
4571.9341 0.9300
4572.9888 0.9274
4574.0405 0.9405
4575.0928 0.9430
4576.1479 0.9256
4577.2007 0.9171
4578.2559 0.9298
4579.3091 0.9400
4580.3652 0.9363
4581.4189 0.9112
4582.4731 0.8553
4583.5298 0.7808
4584.5840 0.7792
4585.6411 0.8466
4586.6963 0.9013
4587.7539 0.9041
4588.8091 0.8847
4589.8647 0.8988
4590.9233 0.9179
4591.9795 0.9249
4593.0386 0.9298
4594.0952 0.9386
4595.1543 0.9455
4596.2114 0.9440
4597.2690 0.9467
4598.3291 0.9530
4599.3867 0.9581
4600.4473 0.9603
4601.5059 0.9608
4602.5669 0.9612
4603.6255 0.9623
4604.6846 0.9621
4605.7466 0.9617
4606.8062 0.9629
4607.8687 0.9648
4608.9287 0.9641
4609.9912 0.9621
4611.0518 0.9609
4612.1128 0.9606
4613.1763 0.9604
4614.2373 0.9577
4615.3013 0.9484
4616.3633 0.9326
4617.4277 0.9144
4618.4897 0.8965
4619.5522 0.8870
4620.6177 0.8952
4621.6807 0.9198
4622.7466 0.9425
4623.8096 0.9545
4624.8760 0.9560
4625.9399 0.9513
4627.0044 0.9385
4628.0713 0.9068
4629.1357 0.8648
4630.2031 0.8580
4631.2686 0.8894
4632.3364 0.9200
4633.4023 0.9156
4634.4678 0.8910
4635.5366 0.8866
4636.6030 0.9070
4637.6724 0.9315
4638.7393 0.9469
4639.8091 0.9529
4640.8765 0.9561
4641.9438 0.9575
4643.0142 0.9571
4644.0825 0.9571
4645.1533 0.9594
4646.2222 0.9623
4647.2935 0.9608
4648.3623 0.9583
4649.4316 0.9570
4650.5039 0.9576
4651.5737 0.9586
4652.6465 0.9580
4653.7168 0.9557
4654.7900 0.9519
4655.8608 0.9464
4656.9346 0.9412
4658.0059 0.9420
4659.0771 0.9502
4660.1519 0.9567
4661.2236 0.9545
4662.2983 0.9442
4663.3711 0.9320
4664.4463 0.9248
4665.5195 0.9212
4666.5928 0.9124
4667.6689 0.9124
4668.7427 0.9222
4669.8193 0.9301
4670.8936 0.9348
4671.9707 0.9406
4673.0454 0.9457
4674.1206 0.9471
4675.1982 0.9481
4676.2739 0.9485
4677.3521 0.9472
4678.4282 0.9445
4679.5073 0.9427
4680.5835 0.9440
4681.6602 0.9481
4682.7397 0.9512
4683.8174 0.9520
4684.8975 0.9513
4685.9751 0.9506
4687.0557 0.9499
4688.1338 0.9496
4689.2124 0.9499
4690.2935 0.9503
4691.3726 0.9504
4692.4546 0.9503
4693.5342 0.9502
4694.6162 0.9497
4695.6963 0.9486
4696.7764 0.9465
4697.8594 0.9437
4698.9404 0.9416
4700.0239 0.9411
4701.1050 0.9421
4702.1890 0.9415
4703.2710 0.9379
4704.3530 0.9347
4705.4375 0.9380
4706.5200 0.9408
4707.6055 0.9416
4708.6885 0.9408
4709.7744 0.9389
4710.8579 0.9363
4711.9414 0.9323
4713.0283 0.9253
4714.1123 0.9214
4715.1992 0.9223
4716.2842 0.9247
4717.3716 0.9261
4718.4570 0.9283
4719.5425 0.9296
4720.6309 0.9292
4721.7168 0.9283
4722.8057 0.9265
4723.8921 0.9227
4724.9814 0.9166
4726.0684 0.9076
4727.1553 0.8999
4728.2456 0.8981
4729.3335 0.8991
4730.4238 0.8957
4731.5122 0.8873
4732.6030 0.8907
4733.6919 0.9029
4734.7808 0.9129
4735.8726 0.9161
4736.9624 0.9147
4738.0547 0.9124
4739.1445 0.9088
4740.2373 0.9067
4741.3276 0.9085
4742.4214 0.9120
4743.5122 0.9140
4744.6035 0.9142
4745.6973 0.9135
4746.7891 0.9119
4747.8838 0.9098
4748.9761 0.9079
4750.0713 0.9064
4751.1641 0.9048
4752.2568 0.9020
4753.3525 0.8987
4754.4463 0.8949
4755.5425 0.8912
4756.6367 0.8892
4757.7334 0.8899
4758.8281 0.8897
4759.9229 0.8860
4761.0205 0.8789
4762.1157 0.8716
4763.2139 0.8673
4764.3096 0.8670
4765.4082 0.8708
4766.5044 0.8764
4767.6011 0.8800
4768.7002 0.8813
4769.7974 0.8826
4770.8975 0.8855
4771.9951 0.8868
4773.0952 0.8879
4774.1934 0.8909
4775.2915 0.8940
4776.3926 0.8934
4777.4917 0.8889
4778.5933 0.8853
4779.6924 0.8841
4780.7949 0.8849
4781.8945 0.8882
4782.9946 0.8927
4784.0977 0.8932
4785.1982 0.8895
4786.3018 0.8880
4787.4028 0.8891
4788.5068 0.8900
4789.6084 0.8902
4790.7100 0.8922
4791.8149 0.8937
4792.9170 0.8960
4794.0225 0.8986
4795.1255 0.8979
4796.2310 0.8923
4797.3345 0.8870
4798.4380 0.8883
4799.5444 0.8919
4800.6489 0.8947
4801.7559 0.8949
4802.8604 0.8919
4803.9678 0.8867
4805.0732 0.8811
4806.1782 0.8806
4807.2866 0.8842
4808.3926 0.8875
4809.5015 0.8880
4810.6079 0.8874
4811.7173 0.8848
4812.8242 0.8833
4813.9312 0.8834
4815.0415 0.8849
4816.1489 0.8872
4817.2598 0.8892
4818.3677 0.8878
4819.4790 0.8848
4820.5879 0.8833
4821.6968 0.8829
4822.8086 0.8749
4823.9180 0.8506
4825.0303 0.8392
4826.1401 0.8528
4827.2534 0.8721
4828.3638 0.8833
4829.4771 0.8873
4830.5884 0.8905
4831.6992 0.8924
4832.8135 0.8925
4833.9253 0.8923
4835.0400 0.8905
4836.1523 0.8866
4837.2676 0.8847
4838.3804 0.8884
4839.4937 0.8915
4840.6094 0.8926
4841.7231 0.8933
4842.8394 0.8954
4843.9536 0.8985
4845.0708 0.9004
4846.1851 0.8956
4847.3003 0.8817
4848.4180 0.8683
4849.5332 0.8694
4850.6514 0.8844
4851.7676 0.8914
4852.8862 0.8914
4854.0024 0.8894
4855.1191 0.8840
4856.2388 0.8724
4857.3560 0.8546
4858.4761 0.8176
4859.5938 0.7387
4860.7144 0.6380
4861.8325 0.5919
4862.9512 0.6475
4864.0723 0.7375
4865.1914 0.7957
4866.3135 0.8372
4867.4326 0.8646
4868.5552 0.8776
4869.6753 0.8802
4870.7954 0.8786
4871.9189 0.8772
4873.0396 0.8767
4874.1631 0.8729
4875.2847 0.8618
4876.4087 0.8470
4877.5308 0.8422
4878.6528 0.8501
4879.7778 0.8573
4880.9004 0.8600
4882.0259 0.8586
4883.1489 0.8543
4884.2749 0.8481
4885.3984 0.8436
4886.5225 0.8469
4887.6494 0.8539
4888.7734 0.8589
4889.9009 0.8596
4891.0259 0.8581
4892.1538 0.8537
4893.2793 0.8503
4894.4048 0.8498
4895.5337 0.8529
4896.6597 0.8570
4897.7891 0.8563
4898.9155 0.8555
4900.0454 0.8573
4901.1724 0.8583
4902.2998 0.8577
4903.4307 0.8572
4904.5586 0.8574
4905.6895 0.8571
4906.8179 0.8577
4907.9497 0.8579
4909.0786 0.8577
4910.2080 0.8576
4911.3403 0.8566
4912.4702 0.8561
4913.6030 0.8572
4914.7334 0.8607
4915.8667 0.8647
4916.9976 0.8656
4918.1313 0.8622
4919.2627 0.8607
4920.3945 0.8543
4921.5288 0.8327
4922.6611 0.7811
4923.7964 0.7163
4924.9292 0.7101
4926.0649 0.7819
4927.1978 0.8445
4928.3315 0.8699
4929.4678 0.8736
4930.6021 0.8754
4931.7388 0.8765
4932.8735 0.8768
4934.0107 0.8755
4935.1460 0.8725
4936.2812 0.8699
4937.4194 0.8695
4938.5557 0.8689
4939.6943 0.8689
4940.8306 0.8712
4941.9702 0.8700
4943.1069 0.8651
4944.2441 0.8613
4945.3843 0.8608
4946.5220 0.8597
4947.6626 0.8594
4948.8008 0.8611
4949.9419 0.8620
4951.0806 0.8586
4952.2197 0.8518
4953.3618 0.8520
4954.5010 0.8572
4955.6436 0.8613
4956.7837 0.8607
4957.9268 0.8572
4959.0674 0.8565
4960.2080 0.8585
4961.3521 0.8604
4962.4932 0.8594
4963.6377 0.8556
4964.7793 0.8527
4965.9243 0.8548
4967.0669 0.8552
4968.2095 0.8520
4969.3550 0.8494
4970.4980 0.8510
4971.6445 0.8557
4972.7881 0.8587
4973.9351 0.8594
4975.0791 0.8590
4976.2236 0.8572
4977.3711 0.8544
4978.5161 0.8524
4979.6641 0.8525
4980.8096 0.8514
4981.9585 0.8490
4983.1045 0.8461
4984.2510 0.8433
4985.4004 0.8426
4986.5469 0.8466
4987.6968 0.8489
4988.8442 0.8479
4989.9946 0.8426
4991.1426 0.8354
4992.2910 0.8310
4993.4419 0.8321
4994.5908 0.8372
4995.7427 0.8441
4996.8921 0.8470
4998.0439 0.8454
4999.1938 0.8421
5000.3438 0.8353
5001.4971 0.8204
5002.6475 0.8101
5003.8013 0.8124
5004.9521 0.8220
5006.1064 0.8296
5007.2583 0.8343
5008.4126 0.8381
5009.5649 0.8406
5010.7173 0.8423
5011.8730 0.8446
5013.0259 0.8458
5014.1816 0.8383
5015.3354 0.8212
5016.4917 0.7942
5017.6460 0.7399
5018.8003 0.6937
5019.9575 0.7143
5021.1123 0.7927
5022.2700 0.8278
5023.4258 0.8370
5024.5840 0.8415
5025.7397 0.8433
5026.8960 0.8391
5028.0552 0.8364
5029.2119 0.8372
5030.3716 0.8318
5031.5288 0.8228
5032.6890 0.8184
5033.8472 0.8205
5035.0049 0.8193
5036.1660 0.8146
5037.3247 0.8172
5038.4863 0.8238
5039.6455 0.8155
5040.8076 0.7871
5041.9668 0.7749
5043.1270 0.7990
5044.2900 0.8208
5045.4502 0.8276
5046.6138 0.8257
5047.7749 0.8249
5048.9390 0.8281
5050.1001 0.8308
5051.2622 0.8316
5052.4268 0.8307
5053.5894 0.8240
5054.7544 0.7998
5055.9175 0.7549
5057.0830 0.7488
5058.2466 0.7865
5059.4102 0.8215
5060.5771 0.8317
5061.7412 0.8298
5062.9082 0.8335
5064.0732 0.8383
5065.2407 0.8387
5066.4062 0.8343
5067.5718 0.8300
5068.7402 0.8295
5069.9062 0.8287
5071.0752 0.8244
5072.2417 0.8222
5073.4116 0.8217
5074.5786 0.8196
5075.7461 0.8165
5076.9165 0.8191
5078.0845 0.8263
5079.2554 0.8309
5080.4238 0.8314
5081.5957 0.8300
5082.7646 0.8286
5083.9336 0.8278
5085.1060 0.8277
5086.2759 0.8245
5087.4487 0.8195
5088.6191 0.8175
5089.7925 0.8204
5090.9634 0.8232
5092.1348 0.8219
5093.3091 0.8189
5094.4805 0.8174
5095.6553 0.8173
5096.8276 0.8157
5098.0029 0.8110
5099.1758 0.8068
5100.3516 0.7958
5101.5249 0.7906
5102.6987 0.7997
5103.8750 0.8141
5105.0493 0.8151
5106.2266 0.8134
5107.4014 0.8133
5108.5791 0.8152
5109.7544 0.8168
5110.9297 0.8165
5112.1084 0.8169
5113.2842 0.8148
5114.4634 0.8143
5115.6401 0.8139
5116.8198 0.8118
5117.9966 0.8091
5119.1743 0.8080
5120.3545 0.8088
5121.5327 0.8118
5122.7134 0.8118
5123.8921 0.8092
5125.0737 0.8085
5126.2524 0.8084
5127.4321 0.8042
5128.6143 0.8000
5129.7939 0.8003
5130.9771 0.8046
5132.1572 0.8087
5133.3408 0.8097
5134.5220 0.8088
5135.7031 0.8079
5136.8872 0.8080
5138.0688 0.8080
5139.2539 0.8069
5140.4360 0.8062
5141.6216 0.8061
5142.8042 0.8023
5143.9873 0.7957
5145.1738 0.7913
5146.3574 0.7926
5147.5439 0.7961
5148.7280 0.7941
5149.9155 0.7893
5151.1001 0.7901
5152.2852 0.7950
5153.4731 0.7961
5154.6587 0.7944
5155.8477 0.7948
5157.0337 0.7954
5158.2227 0.7974
5159.4097 0.7993
5160.5962 0.7985
5161.7861 0.7960
5162.9736 0.7980
5164.1646 0.8004
5165.3525 0.7953
5166.5435 0.7756
5167.7319 0.7294
5168.9209 0.6577
5170.1128 0.6552
5171.3022 0.7196
5172.4946 0.7729
5173.6846 0.7910
5174.8779 0.7988
5176.0684 0.8020
5177.2588 0.7956
5178.4526 0.7925
5179.6440 0.7932
5180.8384 0.7946
5182.0303 0.7941
5183.2251 0.7894
5184.4175 0.7846
5185.6104 0.7849
5186.8062 0.7874
5187.9995 0.7888
5189.1958 0.7891
5190.3896 0.7909
5191.5864 0.7945
5192.7808 0.7947
5193.9780 0.7921
5195.1729 0.7853
5196.3682 0.7684
5197.5664 0.7416
5198.7622 0.7408
5199.9609 0.7639
5201.1572 0.7834
5202.3564 0.7891
5203.5532 0.7889
5204.7505 0.7885
5205.9507 0.7887
5207.1484 0.7886
5208.3491 0.7892
5209.5474 0.7893
5210.7485 0.7867
5211.9473 0.7809
5213.1460 0.7769
5214.3481 0.7716
5215.5479 0.7639
5216.7505 0.7575
5217.9507 0.7589
5219.1538 0.7686
5220.3545 0.7755
5221.5557 0.7793
5222.7598 0.7785
5223.9609 0.7752
5225.1655 0.7703
5226.3677 0.7579
5227.5728 0.7445
5228.7754 0.7503
5229.9785 0.7666
5231.1846 0.7761
5232.3877 0.7673
5233.5942 0.7403
5234.7983 0.7111
5236.0054 0.7124
5237.2100 0.7304
5238.4150 0.7470
5239.6230 0.7583
5240.8281 0.7686
5242.0366 0.7704
5243.2427 0.7698
5244.4517 0.7694
5245.6582 0.7666
5246.8652 0.7604
5248.0747 0.7578
5249.2822 0.7587
5250.4927 0.7599
5251.7007 0.7606
5252.9116 0.7615
5254.1201 0.7613
5255.3286 0.7569
5256.5405 0.7584
5257.7500 0.7619
5258.9624 0.7577
5260.1724 0.7454
5261.3853 0.7383
5262.5957 0.7491
5263.8062 0.7481
5265.0200 0.7417
5266.2310 0.7467
5267.4458 0.7609
5268.6572 0.7697
5269.8721 0.7683
5271.0845 0.7649
5272.2974 0.7579
5273.5132 0.7480
5274.7261 0.7246
5275.9424 0.6909
5277.1562 0.6908
5278.3730 0.7258
5279.5874 0.7494
5280.8047 0.7574
5282.0195 0.7587
5283.2349 0.7550
5284.4531 0.7453
5285.6689 0.7477
5286.8877 0.7571
5288.1040 0.7623
5289.3232 0.7609
5290.5400 0.7568
5291.7573 0.7522
5292.9775 0.7509
5294.1953 0.7532
5295.4160 0.7554
5296.6343 0.7560
5297.8555 0.7555
5299.0742 0.7540
5300.2935 0.7503
5301.5156 0.7501
5302.7354 0.7527
5303.9580 0.7542
5305.1782 0.7520
5306.4014 0.7476
5307.6221 0.7468
5308.8433 0.7488
5310.0674 0.7521
5311.2891 0.7535
5312.5137 0.7492
5313.7358 0.7368
5314.9614 0.7127
5316.1841 0.6726
5317.4072 0.6568
5318.6333 0.6863
5319.8569 0.7333
5321.0835 0.7458
5322.3076 0.7480
5323.5347 0.7474
5324.7598 0.7437
5325.9844 0.7411
5327.2129 0.7451
5328.4380 0.7496
5329.6670 0.7446
5330.8931 0.7394
5332.1221 0.7419
5333.3491 0.7465
5334.5757 0.7436
5335.8062 0.7374
5337.0337 0.7376
5338.2642 0.7377
5339.4922 0.7356
5340.7236 0.7359
5341.9521 0.7415
5343.1812 0.7453
5344.4131 0.7443
5345.6426 0.7396
5346.8755 0.7363
5348.1055 0.7381
5349.3389 0.7438
5350.5693 0.7468
5351.8003 0.7473
5353.0342 0.7454
5354.2656 0.7427
5355.5005 0.7406
5356.7324 0.7397
5357.9678 0.7399
5359.2002 0.7390
5360.4331 0.7367
5361.6694 0.7261
5362.9028 0.7091
5364.1392 0.7017
5365.3735 0.7188
5366.6108 0.7317
5367.8452 0.7375
5369.0801 0.7382
5370.3184 0.7358
5371.5537 0.7324
5372.7925 0.7302
5374.0283 0.7313
5375.2676 0.7330
5376.5039 0.7328
5377.7441 0.7331
5378.9810 0.7358
5380.2183 0.7362
5381.4590 0.7330
5382.6973 0.7299
5383.9385 0.7295
5385.1768 0.7298
5386.4189 0.7277
5387.6577 0.7241
5388.8975 0.7250
5390.1401 0.7271
5391.3799 0.7263
5392.6230 0.7248
5393.8638 0.7254
5395.1074 0.7243
5396.3486 0.7204
5397.5903 0.7197
5398.8350 0.7230
5400.0767 0.7247
5401.3223 0.7200
5402.5645 0.7151
5403.8105 0.7171
5405.0537 0.7179
5406.2969 0.7168
5407.5439 0.7174
5408.7876 0.7211
5410.0352 0.7245
5411.2798 0.7228
5412.5273 0.7192
5413.7725 0.7158
5415.0181 0.7146
5416.2666 0.7170
5417.5127 0.7210
5418.7617 0.7207
5420.0083 0.7193
5421.2583 0.7181
5422.5054 0.7175
5423.7529 0.7166
5425.0034 0.7124
5426.2515 0.7122
5427.5029 0.7151
5428.7515 0.7118
5430.0034 0.7062
5431.2524 0.7070
5432.5020 0.7064
5433.7549 0.7034
5435.0049 0.7062
5436.2578 0.7118
5437.5088 0.7159
5438.7627 0.7173
5440.0137 0.7165
5441.2651 0.7154
5442.5200 0.7126
5443.7720 0.7098
5445.0273 0.7086
5446.2798 0.7086
5447.5356 0.7089
5448.7891 0.7089
5450.0425 0.7070
5451.2993 0.7062
5452.5532 0.7060
5453.8105 0.7037
5455.0654 0.7015
5456.3232 0.7055
5457.5786 0.7098
5458.8340 0.7112
5460.0928 0.7116
5461.3486 0.7136
5462.6084 0.7139
5463.8647 0.7115
5465.1250 0.7049
5466.3823 0.6978
5467.6396 0.6972
5468.9004 0.7045
5470.1587 0.7092
5471.4199 0.7095
5472.6787 0.7082
5473.9404 0.7068
5475.1997 0.7071
5476.4624 0.7087
5477.7222 0.7027
5478.9824 0.6848
5480.2461 0.6750
5481.5068 0.6820
5482.7705 0.6947
5484.0322 0.6993
5485.2964 0.7008
5486.5586 0.6967
5487.8208 0.6904
5489.0859 0.6884
5490.3491 0.6918
5491.6147 0.6956
5492.8784 0.6947
5494.1450 0.6942
5495.4087 0.6968
5496.6729 0.7006
5497.9404 0.7030
5499.2056 0.7027
5500.4736 0.7011
5501.7388 0.6975
5503.0073 0.6925
5504.2734 0.6886
5505.5396 0.6832
5506.8096 0.6760
5508.0762 0.6780
5509.3462 0.6830
5510.6138 0.6877
5511.8843 0.6927
5513.1523 0.6975
5514.4209 0.7010
5515.6924 0.7042
5516.9614 0.7046
5518.2334 0.7032
5519.5029 0.7010
5520.7759 0.7002
5522.0459 0.7014
5523.3159 0.7014
5524.5898 0.6982
5525.8608 0.6949
5527.1348 0.6931
5528.4062 0.6928
5529.6812 0.6937
5530.9536 0.6946
5532.2256 0.6925
5533.5015 0.6843
5534.7744 0.6726
5536.0508 0.6695
5537.3242 0.6812
5538.6011 0.6890
5539.8755 0.6895
5541.1499 0.6890
5542.4277 0.6884
5543.7026 0.6859
5544.9810 0.6821
5546.2568 0.6834
5547.5356 0.6871
5548.8115 0.6887
5550.0884 0.6897
5551.3682 0.6915
5552.6450 0.6933
5553.9258 0.6932
5555.2031 0.6915
5556.4844 0.6905
5557.7627 0.6914
5559.0410 0.6925
5560.3232 0.6919
5561.6021 0.6906
5562.8848 0.6904
5564.1646 0.6895
5565.4473 0.6890
5566.7280 0.6902
5568.0083 0.6922
5569.2925 0.6913
5570.5737 0.6891
5571.8579 0.6879
5573.1401 0.6884
5574.4253 0.6896
5575.7075 0.6899
5576.9932 0.6876
5578.2764 0.6848
5579.5596 0.6842
5580.8462 0.6856
5582.1299 0.6868
5583.4170 0.6867
5584.7017 0.6866
5585.9893 0.6859
5587.2744 0.6838
5588.5601 0.6828
5589.8486 0.6840
5591.1348 0.6864
5592.4238 0.6876
5593.7104 0.6876
5595.0005 0.6855
5596.2876 0.6831
5597.5747 0.6821
5598.8657 0.6820
5600.1538 0.6821
5601.4448 0.6824
5602.7334 0.6835
5604.0254 0.6843
5605.3149 0.6826
5606.6045 0.6789
5607.8970 0.6787
5609.1870 0.6785
5610.4805 0.6779
5611.7715 0.6779
5613.0654 0.6789
5614.3569 0.6797
5615.6484 0.6793
5616.9434 0.6780
5618.2354 0.6774
5619.5308 0.6768
5620.8237 0.6761
5622.1201 0.6763
5623.4131 0.6781
5624.7070 0.6791
5626.0039 0.6794
5627.2983 0.6790
5628.5957 0.6784
5629.8906 0.6778
5631.1890 0.6767
5632.4844 0.6760
5633.7803 0.6765
5635.0791 0.6764
5636.3755 0.6747
5637.6753 0.6719
5638.9722 0.6692
5640.2725 0.6662
5641.5703 0.6664
5642.8682 0.6683
5644.1694 0.6684
5645.4678 0.6663
5646.7695 0.6654
5648.0684 0.6670
5649.3711 0.6679
5650.6704 0.6676
5651.9707 0.6678
5653.2739 0.6694
5654.5742 0.6698
5655.8784 0.6692
5657.1797 0.6692
5658.4839 0.6681
5659.7856 0.6662
5661.0879 0.6659
5662.3931 0.6679
5663.6958 0.6675
5665.0020 0.6656
5666.3052 0.6636
5667.6118 0.6625
5668.9155 0.6623
5670.2197 0.6624
5671.5273 0.6624
5672.8320 0.6612
5674.1401 0.6606
5675.4453 0.6612
5676.7539 0.6619
5678.0601 0.6619
5679.3696 0.6610
5680.6758 0.6608
5681.9829 0.6613
5683.2930 0.6613
5684.6006 0.6600
5685.9111 0.6595
5687.2192 0.6594
5688.5308 0.6585
5689.8394 0.6570
5691.1484 0.6562
5692.4609 0.6570
5693.7705 0.6585
5695.0835 0.6589
5696.3936 0.6578
5697.7070 0.6568
5699.0176 0.6564
5700.3286 0.6550
5701.6431 0.6507
5702.9551 0.6471
5704.2700 0.6457
5705.5825 0.6443
5706.8979 0.6438
5708.2109 0.6466
5709.5239 0.6499
5710.8408 0.6503
5712.1543 0.6496
5713.4717 0.6499
5714.7861 0.6505
5716.1040 0.6504
5717.4189 0.6518
5718.7339 0.6507
5720.0527 0.6475
5721.3687 0.6457
5722.6880 0.6461
5724.0044 0.6469
5725.3242 0.6463
5726.6416 0.6438
5727.9590 0.6423
5729.2798 0.6435
5730.5977 0.6451
5731.9194 0.6446
5733.2378 0.6434
5734.5601 0.6424
5735.8794 0.6421
5737.1987 0.6425
5738.5215 0.6431
5739.8418 0.6431
5741.1655 0.6427
5742.4863 0.6422
5743.8105 0.6408
5745.1318 0.6387
5746.4536 0.6367
5747.7783 0.6356
5749.1006 0.6360
5750.4268 0.6382
5751.7495 0.6402
5753.0757 0.6416
5754.3994 0.6424
5755.7231 0.6419
5757.0503 0.6408
5758.3745 0.6405
5759.7026 0.6406
5761.0273 0.6402
5762.3560 0.6395
5763.6816 0.6387
5765.0078 0.6366
5766.3369 0.6344
5767.6636 0.6346
5768.9937 0.6346
5770.3208 0.6332
5771.6514 0.6316
5772.9790 0.6291
5774.3071 0.6265
5775.6387 0.6248
5776.9673 0.6229
5778.2993 0.6156
5779.6289 0.5978
5780.9614 0.5756
5782.2915 0.5793
5783.6250 0.5977
5784.9556 0.6124
5786.2861 0.6185
5787.6206 0.6215
5788.9521 0.6227
5790.2871 0.6239
5791.6191 0.6253
5792.9546 0.6258
5794.2871 0.6239
5795.6201 0.6181
5796.9565 0.6089
5798.2900 0.6086
5799.6274 0.6179
5800.9614 0.6253
5802.2993 0.6268
5803.6338 0.6270
5804.9692 0.6256
5806.3076 0.6226
5807.6436 0.6219
5808.9824 0.6229
5810.3188 0.6237
5811.6587 0.6231
5812.9956 0.6204
5814.3330 0.6214
5815.6738 0.6253
5817.0117 0.6279
5818.3530 0.6281
5819.6914 0.6272
5821.0337 0.6260
5822.3726 0.6245
5823.7119 0.6246
5825.0552 0.6255
5826.3950 0.6257
5827.7388 0.6251
5829.0791 0.6247
5830.4233 0.6251
5831.7646 0.6259
5833.1064 0.6260
5834.4517 0.6248
5835.7935 0.6230
5837.1396 0.6232
5838.4824 0.6239
5839.8286 0.6241
5841.1719 0.6227
5842.5156 0.6201
5843.8633 0.6179
5845.2075 0.6167
5846.5552 0.6172
5847.9004 0.6179
5849.2490 0.6160
5850.5942 0.6138
5851.9404 0.6154
5853.2896 0.6174
5854.6362 0.6179
5855.9863 0.6171
5857.3335 0.6162
5858.6841 0.6167
5860.0322 0.6188
5861.3799 0.6196
5862.7319 0.6194
5864.0806 0.6184
5865.4326 0.6169
5866.7822 0.6150
5868.1348 0.6132
5869.4849 0.6128
5870.8350 0.6125
5872.1890 0.6110
5873.5400 0.6080
5874.8940 0.5971
5876.2456 0.5821
5877.6006 0.5928
5878.9531 0.6080
5880.3052 0.6133
5881.6611 0.6124
5883.0146 0.6108
5884.3711 0.6091
5885.7246 0.6070
5887.0820 0.6001
5888.4365 0.5545
5889.7939 0.4633
5891.1489 0.4246
5892.5044 0.5153
5893.8633 0.5689
5895.2192 0.5139
5896.5786 0.4540
5897.9351 0.4880
5899.2949 0.5717
5900.6523 0.5980
5902.0098 0.5992
5903.3706 0.6001
5904.7285 0.6039
5906.0903 0.6071
5907.4487 0.6076
5908.8110 0.6060
5910.1704 0.6040
5911.5303 0.6029
5912.8931 0.6032
5914.2534 0.6030
5915.6172 0.6022
5916.9780 0.6018
5918.3428 0.6003
5919.7041 0.5981
5921.0659 0.5988
5922.4312 0.6001
5923.7939 0.5985
5925.1597 0.5957
5926.5229 0.5988
5927.8896 0.6005
5929.2534 0.6001
5930.6172 0.6001
5931.9849 0.6011
5933.3496 0.6021
5934.7178 0.6037
5936.0830 0.6039
5937.4517 0.6021
5938.8179 0.6003
5940.1841 0.5981
5941.5537 0.5930
5942.9204 0.5878
5944.2910 0.5897
5945.6587 0.5911
5947.0298 0.5909
5948.3975 0.5917
5949.7661 0.5936
5951.1382 0.5935
5952.5073 0.5926
5953.8799 0.5940
5955.2495 0.5929
5956.6226 0.5837
5957.9932 0.5714
5959.3638 0.5745
5960.7378 0.5826
5962.1094 0.5852
5963.4839 0.5868
5964.8560 0.5895
5966.2314 0.5897
5967.6040 0.5893
5968.9766 0.5898
5970.3530 0.5904
5971.7266 0.5913
5973.1035 0.5925
5974.4780 0.5929
5975.8555 0.5899
5977.2305 0.5810
5978.6055 0.5664
5979.9839 0.5644
5981.3599 0.5772
5982.7388 0.5882
5984.1152 0.5896
5985.4951 0.5892
5986.8721 0.5875
5988.2495 0.5875
5989.6304 0.5884
5991.0083 0.5870
5992.3896 0.5865
5993.7681 0.5872
5995.1504 0.5840
5996.5298 0.5806
5997.9126 0.5824
5999.2920 0.5884
6000.6724 0.5900
6002.0562 0.5904
6003.4370 0.5900
6004.8213 0.5892
6006.2026 0.5887
6007.5874 0.5878
6008.9697 0.5840
6010.3521 0.5750
6011.7378 0.5712
6013.1211 0.5763
6014.5078 0.5839
6015.8911 0.5861
6017.2783 0.5866
6018.6626 0.5860
6020.0474 0.5859
6021.4355 0.5869
6022.8208 0.5874
6024.2095 0.5860
6025.5957 0.5856
6026.9849 0.5856
6028.3716 0.5855
6029.7583 0.5856
6031.1489 0.5858
6032.5361 0.5851
6033.9272 0.5834
6035.3154 0.5824
6036.7070 0.5801
6038.0957 0.5778
6039.4849 0.5784
6040.8774 0.5817
6042.2671 0.5825
6043.6606 0.5814
6045.0508 0.5789
6046.4448 0.5778
6047.8359 0.5798
6049.2271 0.5829
6050.6221 0.5832
6052.0142 0.5826
6053.4097 0.5826
6054.8022 0.5836
6056.1982 0.5843
6057.5918 0.5836
6058.9854 0.5836
6060.3823 0.5820
6061.7764 0.5813
6063.1743 0.5832
6064.5693 0.5849
6065.9678 0.5834
6067.3633 0.5819
6068.7588 0.5817
6070.1582 0.5817
6071.5547 0.5816
6072.9551 0.5816
6074.3521 0.5824
6075.7529 0.5839
6077.1504 0.5844
6078.5483 0.5842
6079.9502 0.5839
6081.3491 0.5838
6082.7515 0.5835
6084.1504 0.5818
6085.5537 0.5812
6086.9536 0.5822
6088.3540 0.5827
6089.7578 0.5821
6091.1587 0.5820
6092.5635 0.5831
6093.9648 0.5829
6095.3701 0.5829
6096.7725 0.5831
6098.1782 0.5836
6099.5811 0.5844
6100.9844 0.5841
6102.3911 0.5818
6103.7949 0.5797
6105.2026 0.5801
6106.6069 0.5821
6108.0151 0.5828
6109.4204 0.5822
6110.8257 0.5812
6112.2349 0.5808
6113.6411 0.5802
6115.0508 0.5800
6116.4575 0.5808
6117.8682 0.5813
6119.2754 0.5824
6120.6831 0.5828
6122.0947 0.5828
6123.5029 0.5824
6124.9150 0.5815
6126.3242 0.5811
6127.7368 0.5810
6129.1465 0.5811
6130.5566 0.5812
6131.9702 0.5815
6133.3809 0.5821
6134.7954 0.5823
6136.2065 0.5819
6137.6216 0.5814
6139.0337 0.5808
6140.4458 0.5800
6141.8618 0.5785
6143.2749 0.5766
6144.6914 0.5768
6146.1050 0.5750
6147.5220 0.5668
6148.9365 0.5586
6150.3511 0.5618
6151.7690 0.5722
6153.1846 0.5767
6154.6035 0.5748
6156.0190 0.5661
6157.4390 0.5565
6158.8555 0.5559
6160.2720 0.5645
6161.6929 0.5699
6163.1104 0.5712
6164.5312 0.5703
6165.9497 0.5687
6167.3711 0.5674
6168.7900 0.5669
6170.2095 0.5667
6171.6323 0.5661
6173.0518 0.5643
6174.4756 0.5608
6175.8960 0.5575
6177.3198 0.5598
6178.7412 0.5604
6180.1626 0.5605
6181.5874 0.5619
6183.0098 0.5636
6184.4355 0.5638
6185.8579 0.5642
6187.2847 0.5642
6188.7080 0.5642
6190.1318 0.5648
6191.5591 0.5663
6192.9834 0.5677
6194.4116 0.5667
6195.8364 0.5633
6197.2651 0.5619
6198.6909 0.5633
6200.1172 0.5647
6201.5469 0.5616
6202.9731 0.5533
6204.4038 0.5498
6205.8311 0.5542
6207.2622 0.5605
6208.6899 0.5641
6210.1216 0.5651
6211.5503 0.5641
6212.9795 0.5631
6214.4121 0.5639
6215.8418 0.5653
6217.2749 0.5662
6218.7056 0.5674
6220.1392 0.5687
6221.5703 0.5679
6223.0015 0.5672
6224.4365 0.5672
6225.8687 0.5672
6227.3042 0.5669
6228.7368 0.5670
6230.1729 0.5665
6231.6064 0.5653
6233.0400 0.5641
6234.4771 0.5637
6235.9116 0.5634
6237.3496 0.5584
6238.7842 0.5500
6240.2231 0.5506
6241.6587 0.5571
6243.0942 0.5609
6244.5342 0.5585
6245.9707 0.5537
6247.4111 0.5407
6248.8481 0.5409
6250.2891 0.5529
6251.7271 0.5624
6253.1650 0.5618
6254.6069 0.5621
6256.0459 0.5616
6257.4888 0.5619
6258.9282 0.5623
6260.3716 0.5616
6261.8115 0.5602
6263.2520 0.5603
6264.6963 0.5600
6266.1377 0.5591
6267.5825 0.5576
6269.0244 0.5535
6270.4702 0.5468
6271.9126 0.5468
6273.3555 0.5509
6274.8022 0.5522
6276.2456 0.5437
6277.6929 0.5244
6279.1372 0.5057
6280.5850 0.5058
6282.0298 0.5026
6283.4751 0.4904
6284.9238 0.4842
6286.3696 0.4958
6287.8193 0.5186
6289.2661 0.5304
6290.7163 0.5340
6292.1636 0.5347
6293.6108 0.5382
6295.0620 0.5428
6296.5103 0.5435
6297.9624 0.5445
6299.4111 0.5437
6300.8638 0.5436
6302.3135 0.5433
6303.7632 0.5416
6305.2168 0.5392
6306.6675 0.5365
6308.1216 0.5386
6309.5728 0.5411
6311.0278 0.5423
6312.4795 0.5434
6313.9316 0.5450
6315.3877 0.5436
6316.8403 0.5405
6318.2974 0.5377
6319.7510 0.5385
6321.2080 0.5425
6322.6621 0.5458
6324.1201 0.5467
6325.5752 0.5470
6327.0303 0.5480
6328.4893 0.5487
6329.9453 0.5474
6331.4048 0.5441
6332.8613 0.5424
6334.3218 0.5444
6335.7788 0.5465
6337.2363 0.5477
6338.6978 0.5478
6340.1558 0.5465
6341.6182 0.5461
6343.0767 0.5431
6344.5396 0.5367
6345.9990 0.4943
6347.4590 0.4436
6348.9229 0.4594
6350.3833 0.5213
6351.8477 0.5410
6353.3091 0.5431
6354.7739 0.5430
6356.2358 0.5420
6357.6982 0.5415
6359.1641 0.5421
6360.6270 0.5429
6362.0938 0.5420
6363.5576 0.5411
6365.0249 0.5409
6366.4893 0.5403
6367.9536 0.5376
6369.4224 0.5232
6370.8877 0.4764
6372.3564 0.4574
6373.8228 0.4933
6375.2925 0.5354
6376.7588 0.5376
6378.2261 0.5376
6379.6968 0.5362
6381.1646 0.5365
6382.6357 0.5387
6384.1040 0.5388
6385.5762 0.5394
6387.0454 0.5397
6388.5146 0.5411
6389.9878 0.5424
6391.4580 0.5425
6392.9316 0.5422
6394.4023 0.5424
6395.8770 0.5419
6397.3481 0.5401
6398.8198 0.5393
6400.2954 0.5396
6401.7681 0.5383
6403.2441 0.5367
6404.7173 0.5387
6406.1943 0.5399
6407.6680 0.5399
6409.1421 0.5395
6410.6196 0.5386
6412.0947 0.5371
6413.5732 0.5359
6415.0488 0.5331
6416.5278 0.5287
6418.0039 0.5278
6419.4805 0.5332
6420.9609 0.5356
6422.4380 0.5364
6423.9189 0.5368
6425.3970 0.5371
6426.8784 0.5372
6428.3569 0.5373
6429.8359 0.5373
6431.3184 0.5360
6432.7979 0.5330
6434.2812 0.5314
6435.7617 0.5325
6437.2456 0.5346
6438.7266 0.5346
6440.2114 0.5339
6441.6929 0.5328
6443.1748 0.5320
6444.6606 0.5300
6446.1431 0.5258
6447.6294 0.5257
6449.1128 0.5283
6450.6001 0.5293
6452.0840 0.5280
6453.5684 0.5228
6455.0566 0.5100
6456.5415 0.4957
6458.0303 0.5036
6459.5161 0.5183
6461.0054 0.5262
6462.4917 0.5267
6463.9785 0.5261
6465.4692 0.5266
6466.9565 0.5266
6468.4478 0.5254
6469.9360 0.5245
6471.4277 0.5249
6472.9165 0.5255
6474.4058 0.5241
6475.8984 0.5211
6477.3882 0.5221
6478.8818 0.5246
6480.3726 0.5229
6481.8667 0.5154
6483.3579 0.5110
6484.8496 0.5141
6486.3447 0.5192
6487.8369 0.5217
6489.3330 0.5213
6490.8262 0.5196
6492.3228 0.5169
6493.8164 0.5164
6495.3101 0.5167
6496.8081 0.5172
6498.3027 0.5188
6499.8013 0.5221
6501.2964 0.5243
6502.7954 0.5245
6504.2915 0.5231
6505.7876 0.5210
6507.2881 0.5199
6508.7852 0.5206
6510.2861 0.5216
6511.7837 0.5219
6513.2852 0.5213
6514.7837 0.5163
6516.2822 0.5086
6517.7852 0.5063
6519.2842 0.5126
6520.7876 0.5168
6522.2876 0.5188
6523.7920 0.5181
6525.2925 0.5168
6526.7939 0.5182
6528.2988 0.5179
6529.8008 0.5168
6531.3062 0.5161
6532.8091 0.5150
6534.3154 0.5146
6535.8184 0.5166
6537.3223 0.5176
6538.8296 0.5191
6540.3340 0.5208
6541.8423 0.5207
6543.3472 0.5178
6544.8560 0.5146
6546.3613 0.5159
6547.8677 0.5216
6549.3774 0.5273
6550.8843 0.5316
6552.3945 0.5328
6553.9019 0.5311
6555.4136 0.5341
6556.9214 0.5337
6558.4336 0.5133
6559.9424 0.4343
6561.4512 0.3605
6562.9644 0.4175
6564.4741 0.5450
6565.9878 0.5771
6567.4985 0.5602
6569.0127 0.5435
6570.5239 0.5370
6572.0356 0.5325
6573.5513 0.5297
6575.0635 0.5268
6576.5796 0.5240
6578.0923 0.5211
6579.6094 0.5193
6581.1230 0.5192
6582.6372 0.5162
6584.1548 0.5148
6585.6694 0.5150
6587.1885 0.5144
6588.7036 0.5126
6590.2231 0.5112
6591.7393 0.5099
6593.2554 0.5097
6594.7759 0.5098
6596.2930 0.5101
6597.8140 0.5096
6599.3320 0.5079
6600.8535 0.5092
6602.3721 0.5099
6603.8911 0.5095
6605.4141 0.5083
6606.9336 0.5072
6608.4570 0.5068
6609.9771 0.5067
6611.5015 0.5055
6613.0225 0.4991
6614.5439 0.4934
6616.0693 0.4954
6617.5913 0.5030
6619.1172 0.5037
6620.6396 0.5037
6622.1665 0.5029
6623.6899 0.5025
6625.2139 0.5022
6626.7417 0.5006
6628.2661 0.5001
6629.7944 0.5017
6631.3198 0.5018
6632.8486 0.5013
6634.3745 0.5013
6635.9009 0.5010
6637.4312 0.5004
6638.9580 0.4999
6640.4888 0.5000
6642.0166 0.4997
6643.5483 0.4983
6645.0767 0.4964
6646.6055 0.4960
6648.1382 0.4967
6649.6675 0.4978
6651.2007 0.4980
6652.7310 0.4971
6654.2651 0.4962
6655.7959 0.4959
6657.3271 0.4961
6658.8623 0.4955
6660.3940 0.4940
6661.9297 0.4932
6663.4624 0.4944
6664.9990 0.4948
6666.5322 0.4957
6668.0659 0.4963
6669.6035 0.4953
6671.1377 0.4927
6672.6763 0.4910
6674.2114 0.4922
6675.7505 0.4917
6677.2861 0.4832
6678.8257 0.4776
6680.3623 0.4827
6681.8989 0.4918
6683.4399 0.4932
6684.9775 0.4938
6686.5190 0.4942
6688.0571 0.4951
6689.5996 0.4953
6691.1382 0.4928
6692.6777 0.4919
6694.2212 0.4907
6695.7607 0.4898
6697.3052 0.4892
6698.8457 0.4882
6700.3906 0.4871
6701.9316 0.4884
6703.4736 0.4899
6705.0195 0.4905
6706.5620 0.4903
6708.1084 0.4900
6709.6519 0.4901
6711.1987 0.4897
6712.7427 0.4887
6714.2871 0.4865
6715.8354 0.4844
6717.3804 0.4840
6718.9292 0.4851
6720.4751 0.4852
6722.0249 0.4838
6723.5713 0.4782
6725.1177 0.4776
6726.6685 0.4837
6728.2163 0.4862
6729.7676 0.4851
6731.3159 0.4849
6732.8682 0.4841
6734.4170 0.4823
6735.9663 0.4809
6737.5195 0.4808
6739.0693 0.4809
6740.6235 0.4804
6742.1743 0.4803
6743.7290 0.4803
6745.2803 0.4800
6746.8320 0.4797
6748.3877 0.4793
6749.9404 0.4799
6751.4966 0.4802
6753.0498 0.4806
6754.6069 0.4810
6756.1611 0.4804
6757.7153 0.4789
6759.2734 0.4784
6760.8286 0.4788
6762.3877 0.4788
6763.9434 0.4779
6765.5029 0.4772
6767.0596 0.4772
6768.6162 0.4758
6770.1772 0.4750
6771.7344 0.4752
6773.2959 0.4753
6774.8540 0.4742
6776.4165 0.4732
6777.9756 0.4733
6779.5347 0.4735
6781.0981 0.4730
6782.6582 0.4722
6784.2222 0.4718
6785.7827 0.4707
6787.3477 0.4698
6788.9092 0.4700
6790.4707 0.4682
6792.0366 0.4638
6793.5991 0.4614
6795.1655 0.4658
6796.7290 0.4677
6798.2964 0.4684
6799.8604 0.4685
6801.4282 0.4680
6802.9927 0.4683
6804.5581 0.4699
6806.1270 0.4699
6807.6929 0.4702
6809.2627 0.4702
6810.8291 0.4697
6812.3994 0.4694
6813.9668 0.4701
6815.5342 0.4703
6817.1060 0.4701
6818.6743 0.4697
6820.2466 0.4691
6821.8154 0.4690
6823.3887 0.4689
6824.9585 0.4687
6826.5283 0.4684
6828.1025 0.4675
6829.6733 0.4666
6831.2485 0.4667
6832.8198 0.4670
6834.3955 0.4668
6835.9678 0.4662
6837.5405 0.4656
6839.1172 0.4653
6840.6904 0.4653
6842.2681 0.4651
6843.8418 0.4646
6845.4199 0.4637
6846.9946 0.4635
6848.5698 0.4639
6850.1494 0.4639
6851.7251 0.4637
6853.3052 0.4634
6854.8818 0.4631
6856.4624 0.4623
6858.0396 0.4612
6859.6177 0.4611
6861.1992 0.4611
6862.7778 0.4603
6864.3604 0.4606
6865.9395 0.4612
6867.5225 0.4611
6869.1025 0.4605
6870.6826 0.4586
6872.2671 0.4583
6873.8481 0.4593
6875.4331 0.4599
6877.0146 0.4598
6878.6006 0.4596
6880.1831 0.4593
6881.7656 0.4587
6883.3525 0.4583
6884.9360 0.4582
6886.5239 0.4581
6888.1079 0.4580
6889.6963 0.4580
6891.2812 0.4577
6892.8667 0.4575
6894.4561 0.4574
6896.0425 0.4572
6897.6323 0.4569
6899.2192 0.4566
6900.8105 0.4562
6902.3979 0.4561
6903.9858 0.4554
6905.5776 0.4538
6907.1665 0.4530
6908.7593 0.4539
6910.3486 0.4543
6911.9419 0.4544
6913.5322 0.4543
6915.1226 0.4541
6916.7173 0.4540
6918.3081 0.4538
6919.9038 0.4531
6921.4956 0.4512
6923.0918 0.4504
6924.6846 0.4515
6926.2812 0.4523
6927.8745 0.4508
6929.4683 0.4504
6931.0664 0.4508
6932.6606 0.4510
6934.2593 0.4511
6935.8545 0.4515
6937.4541 0.4513
6939.0498 0.4511
6940.6460 0.4509
6942.2466 0.4508
6943.8438 0.4506
6945.4448 0.4503
6947.0430 0.4500
6948.6445 0.4499
6950.2432 0.4498
6951.8423 0.4491
6953.4453 0.4483
6955.0449 0.4484
6956.6489 0.4488
6958.2490 0.4486
6959.8535 0.4481
6961.4546 0.4478
6963.0562 0.4478
6964.6621 0.4477
6966.2642 0.4473
6967.8706 0.4471
6969.4736 0.4466
6971.0806 0.4462
6972.6841 0.4462
6974.2886 0.4462
6975.8965 0.4459
6977.5015 0.4455
6979.1104 0.4449
6980.7158 0.4444
6982.3257 0.4442
6983.9321 0.4441
6985.5386 0.4448
6987.1494 0.4444
6988.7568 0.4432
6990.3687 0.4428
6991.9766 0.4422
6993.5889 0.4395
6995.1978 0.4394
6996.8071 0.4420
6998.4204 0.4435
7000.0303 0.4428
7001.6445 0.4406
7003.2554 0.4390
7004.8701 0.4420
7006.4819 0.4440
7008.0938 0.4437
7009.7095 0.4427
7011.3223 0.4425
7012.9390 0.4427
7014.5522 0.4416
7016.1699 0.4404
7017.7837 0.4389
7019.3984 0.4384
7021.0171 0.4389
7022.6323 0.4393
7024.2515 0.4400
7025.8677 0.4390
7027.4878 0.4383
7029.1045 0.4375
7030.7212 0.4361
7032.3428 0.4364
7033.9604 0.4397
7035.5825 0.4403
7037.2007 0.4390
7038.8237 0.4388
7040.4429 0.4367
7042.0664 0.4291
7043.6865 0.4294
7045.3066 0.4363
7046.9316 0.4389
7048.5527 0.4377
7050.1782 0.4369
7051.7998 0.4373
7053.4263 0.4372
7055.0488 0.4361
7056.6719 0.4315
7058.2988 0.4305
7059.9229 0.4339
7061.5508 0.4328
7063.1753 0.4298
7064.8037 0.4273
7066.4292 0.4283
7068.0547 0.4316
7069.6846 0.4340
7071.3110 0.4342
7072.9419 0.4354
7074.5688 0.4349
7076.2002 0.4346
7077.8281 0.4334
7079.4561 0.4319
7081.0889 0.4334
7082.7178 0.4344
7084.3511 0.4341
7085.9810 0.4340
7087.6147 0.4347
7089.2451 0.4352
7090.8760 0.4342
7092.5112 0.4336
7094.1431 0.4331
7095.7788 0.4332
7097.4111 0.4332
7099.0479 0.4328
7100.6812 0.4323
7102.3145 0.4320
7103.9521 0.4323
7105.5864 0.4320
7107.2251 0.4315
7108.8599 0.4314
7110.4995 0.4312
7112.1353 0.4296
7113.7715 0.4297
7115.4116 0.4302
7117.0483 0.4299
7118.6899 0.4293
7120.3271 0.4292
7121.9692 0.4292
7123.6079 0.4296
7125.2466 0.4297
7126.8896 0.4291
7128.5293 0.4285
7130.1729 0.4288
7131.8130 0.4287
7133.4580 0.4279
7135.0986 0.4270
7136.7402 0.4271
7138.3857 0.4277
7140.0283 0.4275
7141.6748 0.4274
7143.3174 0.4271
7144.9648 0.4271
7146.6084 0.4272
7148.2524 0.4271
7149.9009 0.4268
7151.5459 0.4267
7153.1948 0.4265
7154.8403 0.4256
7156.4902 0.4239
7158.1367 0.4232
7159.7832 0.4250
7161.4346 0.4252
7163.0820 0.4251
7164.7339 0.4249
7166.3818 0.4247
7168.0347 0.4247
7169.6836 0.4249
7171.3369 0.4249
7172.9863 0.4248
7174.6367 0.4247
7176.2910 0.4246
7177.9419 0.4245
7179.5972 0.4243
7181.2490 0.4241
7182.9048 0.4239
7184.5571 0.4240
7186.2100 0.4238
7187.8672 0.4236
7189.5210 0.4232
7191.1787 0.4213
7192.8330 0.4185
7194.4917 0.4166
7196.1465 0.4156
7197.8022 0.4148
7199.4619 0.4139
7201.1182 0.4133
7202.7788 0.4127
7204.4355 0.4122
7206.0972 0.4117
7207.7549 0.4110
7209.4131 0.4102
7211.0757 0.4102
7212.7344 0.4099
7214.3975 0.4096
7216.0571 0.4094
7217.7212 0.4093
7219.3818 0.4090
7221.0425 0.4085
7222.7075 0.4076
7224.3691 0.4070
7226.0352 0.4072
7227.6973 0.4078
7229.3643 0.4079
7231.0273 0.4073
7232.6909 0.4071
7234.3584 0.4070
7236.0229 0.4065
7237.6914 0.4059
7239.3564 0.4061
7241.0259 0.4057
7242.6919 0.4053
7244.3579 0.4052
7246.0283 0.4051
7247.6953 0.4050
7249.3667 0.4048
7251.0342 0.4044
7252.7065 0.4038
7254.3750 0.4025
7256.0439 0.4023
7257.7168 0.4032
7259.3867 0.4032
7261.0605 0.4028
7262.7310 0.4023
7264.4058 0.4017
7266.0771 0.4014
7267.7485 0.4013
7269.4243 0.4013
7271.0967 0.4010
7272.7734 0.4007
7274.4463 0.4003
7276.1240 0.4000
7277.7979 0.3998
7279.4722 0.3995
7281.1509 0.3992
7282.8257 0.3989
7284.5054 0.3985
7286.1812 0.3980
7287.8613 0.3974
7289.5376 0.3967
7291.2148 0.3968
7292.8960 0.3967
7294.5737 0.3965
7296.2559 0.3962
7297.9341 0.3959
7299.6172 0.3956
7301.2964 0.3951
7302.9800 0.3947
7304.6602 0.3945
7306.3408 0.3938
7308.0254 0.3923
7309.7065 0.3910
7311.3921 0.3905
7313.0742 0.3902
7314.7607 0.3901
7316.4434 0.3899
7318.1265 0.3894
7319.8140 0.3886
7321.4980 0.3878
7323.1860 0.3879
7324.8711 0.3878
7326.5601 0.3875
7328.2456 0.3871
7329.9312 0.3866
7331.6216 0.3861
7333.3081 0.3857
7334.9995 0.3852
7336.6865 0.3849
7338.3784 0.3847
7340.0669 0.3844
7341.7554 0.3841
7343.4482 0.3838
7345.1377 0.3836
7346.8315 0.3833
7348.5215 0.3830
7350.2163 0.3827
7351.9067 0.3824
7353.5981 0.3821
7355.2939 0.3818
7356.9858 0.3816
7358.6826 0.3814
7360.3755 0.3813
7362.0728 0.3807
7363.7661 0.3807
7365.4604 0.3806
7367.1587 0.3801
7368.8535 0.3795
7370.5527 0.3793
7372.2485 0.3795
7373.9487 0.3799
7375.6450 0.3798
7377.3418 0.3795
7379.0430 0.3795
7380.7402 0.3798
7382.4424 0.3800
7384.1406 0.3797
7385.8433 0.3793
7387.5425 0.3786
7389.2422 0.3783
7390.9458 0.3792
7392.6465 0.3788
7394.3511 0.3788
7396.0522 0.3783
7397.7573 0.3773
7399.4595 0.3761
7401.1616 0.3751
7402.8682 0.3760
7404.5713 0.3771
7406.2788 0.3759
7407.9824 0.3755
7409.6909 0.3773
7411.3955 0.3778
7413.1006 0.3773
7414.8101 0.3763
7416.5156 0.3746
7418.2261 0.3732
7419.9326 0.3728
7421.6436 0.3720
7423.3506 0.3684
7425.0586 0.3674
7426.7705 0.3712
7428.4795 0.3737
7430.1924 0.3725
7431.9014 0.3726
7433.6152 0.3714
7435.3257 0.3717
7437.0400 0.3717
7438.7510 0.3724
7440.4624 0.3712
7442.1777 0.3641
7443.8901 0.3619
7445.6064 0.3683
7447.3193 0.3717
7449.0366 0.3703
7450.7505 0.3686
7452.4644 0.3695
7454.1831 0.3711
7455.8979 0.3724
7457.6172 0.3718
7459.3325 0.3699
7461.0527 0.3664
7462.7690 0.3616
7464.4858 0.3643
7466.2070 0.3664
7467.9248 0.3567
7469.6470 0.3522
7471.3652 0.3611
7473.0884 0.3667
7474.8076 0.3667
7476.5269 0.3673
7478.2510 0.3665
7479.9712 0.3657
7481.6963 0.3668
7483.4175 0.3683
7485.1431 0.3677
7486.8652 0.3683
7488.5874 0.3685
7490.3145 0.3681
7492.0371 0.3678
7493.7651 0.3676
7495.4888 0.3682
7497.2173 0.3685
7498.9419 0.3675
7500.6670 0.3663
7502.3970 0.3659
7504.1226 0.3654
7505.8530 0.3646
7507.5801 0.3655
7509.3110 0.3660
7511.0386 0.3655
7512.7666 0.3645
7514.4990 0.3638
7516.2275 0.3633
7517.9609 0.3647
7519.6904 0.3655
7521.4243 0.3647
7523.1548 0.3638
7524.8853 0.3641
7526.6206 0.3638
7528.3521 0.3640
7530.0884 0.3640
7531.8203 0.3633
7533.5571 0.3620
7535.2905 0.3611
7537.0239 0.3612
7538.7617 0.3615
7540.4961 0.3619
7542.2349 0.3618
7543.9702 0.3616
7545.7095 0.3615
7547.4453 0.3613
7549.1816 0.3608
7550.9229 0.3607
7552.6597 0.3607
7554.4014 0.3606
7556.1392 0.3606
7557.8818 0.3605
7559.6201 0.3603
7561.3594 0.3596
7563.1030 0.3585
7564.8428 0.3576
7566.5874 0.3568
7568.3281 0.3565
7570.0732 0.3562
7571.8149 0.3558
7573.5610 0.3555
7575.3032 0.3551
7577.0459 0.3547
7578.7930 0.3544
7580.5366 0.3539
7582.2847 0.3537
7584.0288 0.3536
7585.7778 0.3534
7587.5229 0.3529
7589.2686 0.3526
7591.0186 0.3524
7592.7646 0.3521
7594.5156 0.3520
7596.2627 0.3518
7598.0142 0.3516
7599.7622 0.3514
7601.5107 0.3512
7603.2637 0.3509
7605.0127 0.3507
7606.7661 0.3504
7608.5161 0.3501
7610.2710 0.3498
7612.0215 0.3490
7613.7725 0.3478
7615.5283 0.3464
7617.2803 0.3453
7619.0366 0.3448
7620.7896 0.3439
7622.5469 0.3435
7624.3003 0.3440
7626.0542 0.3443
7627.8130 0.3441
7629.5679 0.3441
7631.3271 0.3440
7633.0825 0.3438
7634.8428 0.3435
7636.5991 0.3433
7638.3560 0.3433
7640.1172 0.3431
7641.8750 0.3429
7643.6372 0.3428
7645.3955 0.3426
7647.1587 0.3423
7648.9180 0.3420
7650.6772 0.3420
7652.4419 0.3417
7654.2021 0.3414
7655.9673 0.3408
7657.7285 0.3404
7659.4941 0.3400
7661.2563 0.3393
7663.0186 0.3395
7664.7856 0.3398
7666.5493 0.3398
7668.3169 0.3396
7670.0811 0.3394
7671.8496 0.3392
7673.6147 0.3389
7675.3799 0.3385
7677.1499 0.3383
7678.9160 0.3379
7680.6870 0.3376
7682.4536 0.3373
7684.2251 0.3371
7685.9932 0.3367
7687.7612 0.3363
7689.5342 0.3355
7691.3027 0.3346
7693.0767 0.3349
7694.8462 0.3352
7696.6206 0.3350
7698.3911 0.3346
7700.1621 0.3344
7701.9380 0.3341
7703.7100 0.3337
7705.4863 0.3327
7707.2588 0.3326
7709.0361 0.3325
7710.8096 0.3307
7712.5879 0.3285
7714.3618 0.3298
7716.1367 0.3305
7717.9160 0.3299
7719.6914 0.3290
7721.4717 0.3283
7723.2480 0.3278
7725.0288 0.3277
7726.8062 0.3278
7728.5835 0.3278
7730.3657 0.3275
7732.1440 0.3271
7733.9272 0.3270
7735.7065 0.3271
7737.4902 0.3273
7739.2700 0.3275
7741.0508 0.3274
7742.8354 0.3270
7744.6167 0.3265
7746.4028 0.3266
7748.1851 0.3265
7749.9717 0.3260
7751.7544 0.3257
7753.5376 0.3261
7755.3257 0.3267
7757.1099 0.3269
7758.8984 0.3267
7760.6836 0.3262
7762.4731 0.3253
7764.2588 0.3245
7766.0449 0.3237
7767.8359 0.3225
7769.6226 0.3212
7771.4146 0.2973
7773.2021 0.2645
7774.9946 0.2486
7776.7832 0.2671
7778.5723 0.3083
7780.3662 0.3207
7782.1558 0.3227
7783.9507 0.3232
7785.7412 0.3236
7787.5366 0.3237
7789.3281 0.3232
7791.1201 0.3228
7792.9165 0.3220
7794.7095 0.3216
7796.5068 0.3221
7798.3003 0.3229
7800.0986 0.3227
7801.8931 0.3235
7803.6880 0.3229
7805.4873 0.3203
7807.2832 0.3191
7809.0835 0.3207
7810.8799 0.3216
7812.6812 0.3194
7814.4785 0.3197
7816.2759 0.3215
7818.0786 0.3203
7819.8770 0.3172
7821.6802 0.3186
7823.4795 0.3187
7825.2837 0.3190
7827.0840 0.3182
7828.8843 0.3161
7830.6899 0.3145
7832.4912 0.3152
7834.2974 0.3150
7836.0996 0.3149
7837.9067 0.3155
7839.7100 0.3148
7841.5132 0.3129
7843.3213 0.3130
7845.1260 0.3139
7846.9351 0.3141
7848.7402 0.3143
7850.5498 0.3143
7852.3560 0.3135
7854.1665 0.3129
7855.9736 0.3127
7857.7808 0.3126
7859.5928 0.3127
7861.4009 0.3126
7863.2139 0.3117
7865.0225 0.3103
7866.8364 0.3106
7868.6460 0.3111
7870.4561 0.3101
7872.2710 0.3086
7874.0820 0.3080
7875.8979 0.3060
7877.7100 0.2983
7879.5264 0.3012
7881.3389 0.3074
7883.1519 0.3096
7884.9697 0.3078
7886.7837 0.3058
7888.6025 0.3040
7890.4175 0.3042
7892.2368 0.3044
7894.0522 0.3018
7895.8687 0.2950
7897.6890 0.2892
7899.5059 0.3001
7901.3276 0.3032
7903.1455 0.3020
7904.9678 0.3020
7906.7861 0.3026
7908.6055 0.3012
7910.4292 0.3003
7912.2485 0.3005
7914.0732 0.3010
7915.8940 0.3004
7917.7192 0.2993
7919.5405 0.2995
7921.3628 0.2982
7923.1895 0.2980
7925.0122 0.2973
7926.8394 0.2961
7928.6631 0.2952
7930.4912 0.2947
7932.3159 0.2974
7934.1406 0.2978
7935.9702 0.2972
7937.7959 0.2971
7939.6265 0.2964
7941.4526 0.2940
7943.2842 0.2942
7945.1113 0.2953
7946.9390 0.2946
7948.7720 0.2932
7950.6006 0.2927
7952.4336 0.2932
7954.2632 0.2942
7956.0977 0.2957
7957.9277 0.2934
7959.7583 0.2905
7961.5938 0.2907
7963.4253 0.2910
7965.2617 0.2923
7967.0942 0.2925
7968.9316 0.2922
7970.7646 0.2916
7972.5981 0.2907
7974.4370 0.2906
7976.2715 0.2916
7978.1108 0.2932
7979.9458 0.2942
7981.7861 0.2938
7983.6226 0.2925
7985.4590 0.2923
7987.3003 0.2917
7989.1377 0.2909
7990.9800 0.2898
7992.8184 0.2889
7994.6616 0.2886
7996.5005 0.2883
7998.3447 0.2886
8000.1846 0.2882
8002.0249 0.2868
8003.8706 0.2869
8005.7114 0.2881
8007.5576 0.2863
8009.3999 0.2867
8011.2471 0.2874
8013.0898 0.2862
8014.9331 0.2856
8016.7812 0.2867
8018.6255 0.2856
8020.4746 0.2842
8022.3198 0.2831
8024.1699 0.2819
8026.0156 0.2810
8027.8623 0.2807
8029.7134 0.2813
8031.5605 0.2843
8033.4126 0.2838
8035.2607 0.2819
8037.1138 0.2805
8038.9624 0.2803
8040.8120 0.2811
8042.6660 0.2812
8044.5161 0.2791
8046.3711 0.2798
8048.2222 0.2815
8050.0781 0.2812
8051.9302 0.2808
8053.7827 0.2805
8055.6396 0.2801
8057.4927 0.2795
8059.3511 0.2782
8061.2051 0.2771
8063.0640 0.2782
8064.9189 0.2785
8066.7739 0.2782
8068.6343 0.2779
8070.4902 0.2778
8072.3516 0.2778
8074.2085 0.2778
8076.0703 0.2773
8077.9282 0.2767
8079.7866 0.2765
8081.6499 0.2766
8083.5088 0.2765
8085.3730 0.2760
8087.2329 0.2758
8089.0981 0.2760
8090.9590 0.2758
8092.8203 0.2755
8094.6865 0.2752
8096.5483 0.2751
8098.4155 0.2751
8100.2788 0.2750
8102.1465 0.2747
8104.0103 0.2744
8105.8745 0.2743
8107.7441 0.2741
8109.6089 0.2739
8111.4790 0.2737
8113.3452 0.2734
8115.2163 0.2729
8117.0830 0.2725
8118.9502 0.2726
8120.8228 0.2723
8122.6909 0.2721
8124.5640 0.2719
8126.4326 0.2717
8128.3066 0.2714
8130.1768 0.2712
8132.0513 0.2710
8133.9224 0.2707
8135.7935 0.2704
8137.6694 0.2703
8139.5415 0.2700
8141.4185 0.2696
8143.2915 0.2693
8145.1694 0.2691
8147.0430 0.2689
8148.9175 0.2686
8150.7964 0.2683
8152.6714 0.2680
8154.5513 0.2677
8156.4272 0.2672
8158.3081 0.2667
8160.1851 0.2665
8162.0625 0.2665
8163.9443 0.2661
8165.8228 0.2656
8167.7056 0.2653
8169.5845 0.2652
8171.4683 0.2650
8173.3481 0.2647
8175.2285 0.2643
8177.1138 0.2639
8178.9951 0.2637
8180.8809 0.2635
8182.7632 0.2629
8184.6499 0.2619
8186.5327 0.2613
8188.4160 0.2609
8190.3042 0.2613
8192.1885 0.2617
8194.0771 0.2615
8195.9629 0.2610
8197.8525 0.2611
8199.7383 0.2606
8201.6250 0.2589
8203.5156 0.2588
8205.4033 0.2597
8207.2959 0.2598
8209.1836 0.2594
8211.0762 0.2590
8212.9658 0.2573
8214.8545 0.2548
8216.7490 0.2543
8218.6396 0.2564
8220.5342 0.2569
8222.4258 0.2549
8224.3223 0.2554
8226.2139 0.2570
8228.1064 0.2565
8230.0039 0.2548
8231.8965 0.2553
8233.7949 0.2528
8235.6895 0.2511
8237.5889 0.2535
8239.4834 0.2559
8241.3789 0.2550
8243.2793 0.2542
8245.1758 0.2551
8247.0771 0.2551
8248.9746 0.2538
8250.8770 0.2537
8252.7744 0.2549
8254.6729 0.2543
8256.5771 0.2543
8258.4766 0.2542
8260.3809 0.2541
8262.2812 0.2539
8264.1865 0.2533
8266.0869 0.2525
8267.9893 0.2529
8269.8955 0.2530
8271.7979 0.2522
8273.7051 0.2516
8275.6084 0.2516
8277.5166 0.2512
8279.4209 0.2513
8281.3301 0.2502
8283.2354 0.2497
8285.1416 0.2497
8287.0518 0.2488
8288.9580 0.2475
8290.8691 0.2501
8292.7773 0.2486
8294.6895 0.2489
8296.5977 0.2513
8298.5059 0.2505
8300.4199 0.2463
8302.3291 0.2494
8304.2432 0.2504
8306.1543 0.2452
8308.0693 0.2431
8309.9805 0.2487
8311.8926 0.2500
8313.8086 0.2408
8315.7217 0.2366
8317.6396 0.2434
8319.5527 0.2509
8321.4707 0.2473
8323.3857 0.2350
8325.2998 0.2326
8327.2197 0.2435
8329.1357 0.2508
8331.0566 0.2472
8332.9727 0.2355
8334.8945 0.2254
8336.8115 0.2354
8338.7295 0.2485
8340.6523 0.2531
8342.5713 0.2481
8344.4951 0.2348
8346.4150 0.2195
8348.3398 0.2296
8350.2598 0.2454
8352.1807 0.2541
8354.1074 0.2547
8356.0293 0.2474
8357.9561 0.2301
8359.8789 0.2139
8361.8066 0.2240
8363.7295 0.2420
8365.6543 0.2523
8367.5830 0.2540
8369.5078 0.2518
8371.4375 0.2436
8373.3643 0.2250
8375.2949 0.2094
8377.2217 0.2163
8379.1484 0.2408
8381.0811 0.2505
8383.0088 0.2543
8384.9424 0.2547
8386.8711 0.2519
8388.8047 0.2447
8390.7344 0.2283
8392.6650 0.2037
8394.6006 0.2049
8396.5312 0.2253
8398.4678 0.2422
8400.3994 0.2499
8402.3369 0.2534
8404.2695 0.2541
8406.2031 0.2486
8408.1416 0.2409
8410.0762 0.2299
8412.0156 0.2110
8413.9502 0.1938
8415.8906 0.2023
8417.8271 0.2258
8419.7637 0.2410
8421.7051 0.2514
8423.6426 0.2575
8425.5850 0.2581
8427.5234 0.2575
8429.4668 0.2551
8431.4053 0.2492
8433.3496 0.2429
8435.2900 0.2307
8437.2305 0.2062
8439.1758 0.1828
8441.1172 0.2049
8443.0645 0.2309
8445.0059 0.2210
8446.9541 0.1938
8448.8965 0.1985
8450.8408 0.2477
8452.7891 0.2541
8454.7344 0.2540
8456.6836 0.2542
8458.6289 0.2525
8460.5791 0.2479
8462.5254 0.2390
8464.4727 0.2276
8466.4248 0.2017
8468.3721 0.1867
8470.3252 0.2018
8472.2734 0.2331
8474.2275 0.2442
8476.1768 0.2506
8478.1270 0.2536
8480.0820 0.2531
8482.0322 0.2524
8483.9883 0.2535
8485.9404 0.2537
8487.8975 0.2517
8489.8496 0.2506
8491.8027 0.2495
8493.7607 0.2488
8495.7148 0.2429
8497.6738 0.2233
8499.6289 0.2066
8501.5889 0.1895
8503.5449 0.1761
8505.5010 0.1885
8507.4619 0.2223
8509.4199 0.2348
8511.3818 0.2430
8513.3398 0.2414
8515.3027 0.2426
8517.2617 0.2477
8519.2217 0.2501
8521.1855 0.2487
8523.1465 0.2481
8525.1113 0.2486
8527.0723 0.2504
8529.0391 0.2510
8531.0010 0.2496
8532.9639 0.2492
8534.9316 0.2482
8536.8945 0.2424
8538.8633 0.2375
8540.8281 0.2151
8542.7969 0.1746
8544.7627 0.1568
8546.7285 0.1602
8548.6992 0.1899
8550.6660 0.2187
8552.6377 0.2330
8554.6045 0.2365
8556.5771 0.2379
8558.5459 0.2401
8560.5146 0.2416
8562.4893 0.2420
8564.4590 0.2423
8566.4336 0.2414
8568.4043 0.2373
8570.3799 0.2393
8572.3516 0.2399
8574.3242 0.2395
8576.3008 0.2394
8578.2744 0.2397
8580.2520 0.2398
8582.2256 0.2400
8584.2051 0.2393
8586.1797 0.2379
8588.1602 0.2365
8590.1357 0.2349
8592.1113 0.2299
8594.0928 0.2174
8596.0703 0.2021
8598.0527 0.1735
8600.0303 0.1615
8602.0137 0.1879
8603.9922 0.2184
8605.9717 0.2272
8607.9561 0.2320
8609.9365 0.2346
8611.9219 0.2341
8613.9033 0.2331
8615.8896 0.2345
8617.8711 0.2336
8619.8535 0.2314
8621.8418 0.2301
8623.8252 0.2307
8625.8135 0.2324
8627.7979 0.2315
8629.7881 0.2231
8631.7725 0.2269
8633.7588 0.2320
8635.7500 0.2325
8637.7363 0.2316
8639.7285 0.2311
8641.7158 0.2295
8643.7080 0.2290
8645.6973 0.2288
8647.6855 0.2288
8649.6797 0.2288
8651.6699 0.2279
8653.6650 0.2263
8655.6553 0.2228
8657.6514 0.2220
8659.6436 0.2153
8661.6357 0.1899
8663.6328 0.1517
8665.6260 0.1401
8667.6240 0.1620
8669.6182 0.1952
8671.6172 0.2162
8673.6123 0.2206
8675.6074 0.2250
8677.6084 0.2265
8679.6045 0.2067
8681.6055 0.1887
8683.6025 0.1868
8685.6055 0.1964
8687.6035 0.2071
8689.6025 0.2227
8691.6055 0.2278
8693.6055 0.2284
8695.6104 0.2279
8697.6104 0.2263
8699.6162 0.2253
8701.6172 0.2217
8703.6191 0.2104
8705.6260 0.2116
8707.6289 0.2220
8709.6367 0.2229
8711.6406 0.2106
8713.6494 0.2108
8715.6543 0.2213
8717.6592 0.2190
8719.6699 0.2100
8721.6758 0.2120
8723.6865 0.2219
8725.6934 0.2220
8727.7061 0.2193
8729.7129 0.2164
8731.7217 0.2167
8733.7354 0.2197
8735.7441 0.2182
8737.7588 0.2169
8739.7686 0.2164
8741.7842 0.2149
8743.7949 0.2117
8745.8115 0.2057
8747.8232 0.1915
8749.8359 0.1574
8751.8535 0.1387
8753.8672 0.1622
8755.8857 0.1961
8757.9004 0.2076
8759.9199 0.2131
8761.9346 0.2151
8763.9502 0.2144
8765.9717 0.2145
8767.9883 0.2148
8770.0098 0.2138
8772.0273 0.2131
8774.0498 0.2120
8776.0684 0.2118
8778.0879 0.2118
8780.1113 0.2107
8782.1318 0.2091
8784.1562 0.2095
8786.1777 0.2104
8788.2031 0.2103
8790.2256 0.2103
8792.2471 0.2106
8794.2754 0.2103
8796.2979 0.2096
8798.3262 0.2101
8800.3506 0.2095
8802.3799 0.2081
8804.4053 0.2067
8806.4307 0.2059
8808.4609 0.2056
8810.4873 0.2048
8812.5195 0.2033
8814.5459 0.2028
8816.5791 0.2038
8818.6074 0.2039
8820.6357 0.2003
8822.6699 0.1997
8824.6992 0.2018
8826.7344 0.2037
8828.7646 0.2041
8830.8008 0.2030
8832.8330 0.2011
8834.8643 0.2015
8836.9014 0.2001
8838.9346 0.1993
8840.9727 0.1992
8843.0068 0.1985
8845.0459 0.1975
8847.0811 0.1953
8849.1162 0.1929
8851.1562 0.1904
8853.1924 0.1859
8855.2344 0.1791
8857.2715 0.1728
8859.3145 0.1610
8861.3516 0.1403
8863.3906 0.1217
8865.4346 0.1253
8867.4736 0.1496
8869.5186 0.1619
8871.5596 0.1698
8873.6045 0.1750
8875.6465 0.1793
8877.6885 0.1830
8879.7354 0.1852
8881.7783 0.1861
8883.8262 0.1883
8885.8701 0.1901
8887.9189 0.1913
8889.9639 0.1920
8892.0088 0.1923
8894.0596 0.1926
8896.1055 0.1928
8898.1562 0.1930
8900.2041 0.1934
8902.2559 0.1937
8904.3037 0.1937
8906.3574 0.1936
8908.4062 0.1937
8910.4561 0.1924
8912.5107 0.1898
8914.5605 0.1899
8916.6162 0.1930
8918.6680 0.1924
8920.7246 0.1923
8922.7764 0.1923
8924.8291 0.1910
8926.8867 0.1874
8928.9404 0.1851
8931.0000 0.1901
8933.0547 0.1905
8935.1143 0.1900
8937.1699 0.1896
8939.2256 0.1894
8941.2871 0.1892
8943.3438 0.1888
8945.4062 0.1884
8947.4639 0.1880
8949.5273 0.1877
8951.5859 0.1873
8953.6455 0.1869
8955.7100 0.1865
8957.7705 0.1861
8959.8359 0.1857
8961.8975 0.1852
8963.9639 0.1847
8966.0264 0.1841
8968.0889 0.1836
8970.1572 0.1832
8972.2207 0.1826
8974.2891 0.1820
8976.3535 0.1813
8978.4238 0.1804
8980.4893 0.1797
8982.5557 0.1788
8984.6270 0.1779
8986.6934 0.1768
8988.7656 0.1754
8990.8340 0.1737
8992.9072 0.1719
8994.9756 0.1698
8997.0449 0.1671
8999.1201 0.1636
9001.1904 0.1593
9003.2656 0.1538
9005.3369 0.1471
9007.4131 0.1389
9009.4854 0.1289
9011.5586 0.1174
9013.6357 0.1036
9015.7100 0.0935
9017.7891 0.1007
9019.8633 0.1138
9021.9434 0.1251
9024.0186 0.1345
9026.0947 0.1422
9028.1758 0.1483
9030.2529 0.1530
9032.3350 0.1570
9034.4131 0.1600
9036.4971 0.1621
9038.5752 0.1637
9040.6543 0.1650
9042.7393 0.1659
9044.8193 0.1661
9046.9053 0.1662
9048.9863 0.1665
9051.0732 0.1669
9053.1553 0.1673
9055.2383 0.1677
9057.3262 0.1677
9059.4102 0.1666
9061.4990 0.1614
9063.5840 0.1597
9065.6738 0.1654
9067.7588 0.1668
9069.8506 0.1663
9071.9365 0.1658
9074.0234 0.1656
9076.1162 0.1637
9078.2041 0.1609
9080.2979 0.1623
9082.3867 0.1645
9084.4805 0.1649
9086.5703 0.1637
9088.6611 0.1613
9090.7568 0.1605
9092.8486 0.1627
9094.9453 0.1551
9097.0371 0.1569
9099.1348 0.1613
9101.2285 0.1620
9103.3223 0.1607
9105.4209 0.1612
9107.5156 0.1611
9109.6162 0.1603
9111.7119 0.1569
9113.8125 0.1558
9115.9092 0.1592
9118.0068 0.1590
9120.1094 0.1590
9122.2070 0.1572
9124.3105 0.1563
9126.4102 0.1569
9128.5146 0.1575
9130.6143 0.1567
9132.7148 0.1545
9134.8213 0.1551
9136.9219 0.1559
9139.0293 0.1557
9141.1318 0.1552
9143.2393 0.1549
9145.3428 0.1545
9147.4473 0.1542
9149.5566 0.1537
9151.6611 0.1533
9153.7715 0.1529
9155.8770 0.1518
9157.9883 0.1515
9160.0957 0.1514
9162.2031 0.1513
9164.3154 0.1510
9166.4238 0.1505
9168.5371 0.1501
9170.6465 0.1495
9172.7617 0.1489
9174.8711 0.1475
9176.9824 0.1452
9179.0986 0.1437
9181.2100 0.1452
9183.3271 0.1461
9185.4395 0.1454
9187.5576 0.1434
9189.6719 0.1428
9191.7852 0.1442
9193.9053 0.1432
9196.0205 0.1420
9198.1406 0.1404
9200.2568 0.1401
9202.3789 0.1378
9204.4951 0.1329
9206.6133 0.1329
9208.7363 0.1329
9210.8545 0.1303
9212.9785 0.1263
9215.0977 0.1222
9217.2227 0.1164
9219.3428 0.1064
9221.4639 0.1028
9223.5908 0.0952
9225.7129 0.0845
9227.8398 0.0715
9229.9629 0.0623
9232.0908 0.0702
9234.2148 0.0824
9236.3447 0.0927
9238.4688 0.1009
9240.5947 0.1081
9242.7256 0.1128
9244.8516 0.1118
9246.9834 0.1186
9249.1104 0.1238
9251.2432 0.1255
9253.3721 0.1263
9255.5010 0.1281
9257.6348 0.1294
9259.7646 0.1271
9261.8994 0.1193
9264.0303 0.1177
9266.1670 0.1212
9268.2988 0.1243
9270.4307 0.1306
9272.5684 0.1303
9274.7012 0.1304
9276.8398 0.1306
9278.9746 0.1305
9281.1143 0.1303
9283.2490 0.1301
9285.3848 0.1298
9287.5264 0.1296
9289.6621 0.1291
9291.8047 0.1287
9293.9424 0.1285
9296.0850 0.1279
9298.2236 0.1271
9300.3633 0.1276
9302.5078 0.1272
9304.6475 0.1263
9306.7930 0.1264
9308.9346 0.1266
9311.0811 0.1262
9313.2227 0.1259
9315.3652 0.1255
9317.5137 0.1252
9319.6572 0.1248
9321.8057 0.1244
9323.9502 0.1239
9326.1006 0.1228
9328.2461 0.1220
9330.3916 0.1223
9332.5439 0.1229
9334.6904 0.1224
9336.8428 0.1221
9338.9912 0.1215
9341.1445 0.1207
9343.2939 0.1204
9345.4434 0.1207
9347.5977 0.1203
9349.7480 0.1200
9351.9043 0.1196
9354.0557 0.1193
9356.2129 0.1190
9358.3652 0.1185
9360.5186 0.1182
9362.6768 0.1179
9364.8301 0.1175
9366.9902 0.1171
9369.1445 0.1167
9371.3057 0.1164
9373.4609 0.1159
9375.6172 0.1154
9377.7793 0.1152
9379.9365 0.1148
9382.0996 0.1146
9384.2578 0.1142
9386.4219 0.1123
9388.5820 0.1119
9390.7461 0.1123
9392.9072 0.1106
9395.0674 0.1099
9397.2344 0.1121
9399.3965 0.1116
9401.5635 0.1114
9403.7266 0.1103
9405.8945 0.1055
9408.0586 0.1047
9410.2227 0.1096
9412.3926 0.1057
9414.5586 0.1047
9416.7295 0.1068
9418.8955 0.1078
9421.0674 0.1075
9423.2344 0.1074
9425.4023 0.1073
9427.5762 0.1059
9429.7451 0.1048
9431.9189 0.1051
9434.0889 0.1056
9436.2646 0.1050
9438.4355 0.1046
9440.6064 0.1045
9442.7832 0.1042
9444.9561 0.1037
9447.1338 0.1033
9449.3076 0.1030
9451.4863 0.1028
9453.6602 0.1024
9455.8350 0.1020
9458.0156 0.1016
9460.1914 0.1010
9462.3730 0.1004
9464.5498 0.1001
9466.7324 0.0998
9468.9102 0.0995
9471.0889 0.0992
9473.2725 0.0988
9475.4521 0.0985
9477.6367 0.0980
9479.8174 0.0977
9482.0029 0.0967
9484.1846 0.0959
9486.3662 0.0959
9488.5537 0.0959
9490.7363 0.0953
9492.9258 0.0946
9495.1094 0.0940
9497.2988 0.0935
9499.4834 0.0929
9501.6689 0.0925
9503.8604 0.0921
9506.0459 0.0914
9508.2383 0.0904
9510.4258 0.0896
9512.6191 0.0891
9514.8076 0.0884
9516.9961 0.0873
9519.1904 0.0861
9521.3809 0.0847
9523.5762 0.0830
9525.7666 0.0810
9527.9639 0.0784
9530.1553 0.0754
9532.3477 0.0716
9534.5459 0.0667
9536.7393 0.0611
9538.9385 0.0542
9541.1328 0.0454
9543.3330 0.0353
9545.5283 0.0220
9547.7246 0.0200
9549.9268 0.0293
9552.1230 0.0409
9554.3262 0.0487
9556.5234 0.0558
9558.7275 0.0612
9560.9268 0.0655
9563.1309 0.0688
9565.3311 0.0713
9567.5322 0.0732
9569.7383 0.0746
9571.9395 0.0755
9574.1465 0.0762
9576.3496 0.0769
9578.5576 0.0774
9580.7607 0.0776
9582.9648 0.0778
9585.1748 0.0778
9587.3799 0.0778
9589.5908 0.0776
9591.7969 0.0774
9594.0088 0.0773
9596.2158 0.0773
9598.4238 0.0768
9600.6367 0.0764
9602.8457 0.0755
9605.0596 0.0751
9607.2695 0.0759
9609.4854 0.0755
9611.6953 0.0753
9613.9062 0.0750
9616.1240 0.0749
9618.3359 0.0739
9620.5537 0.0717
9622.7666 0.0715
9624.9863 0.0730
9627.2002 0.0734
9629.4150 0.0723
9631.6357 0.0683
9633.8516 0.0646
9636.0723 0.0705
9638.2891 0.0714
9640.5117 0.0711
9642.7295 0.0708
9644.9482 0.0704
9647.1719 0.0701
9649.3916 0.0695
9651.6172 0.0690
9653.8369 0.0690
9656.0635 0.0680
9658.2842 0.0658
9660.5068 0.0648
9662.7344 0.0673
9664.9570 0.0671
9667.1855 0.0668
9669.4102 0.0664
9671.6396 0.0659
9673.8643 0.0655
9676.0898 0.0654
9678.3213 0.0648
9680.5479 0.0641
9682.7803 0.0639
9685.0078 0.0639
9687.2412 0.0635
9689.4697 0.0631
9691.6982 0.0626
9693.9336 0.0623
9696.1631 0.0619
9698.3994 0.0615
9700.6299 0.0613
9702.8672 0.0610
9705.0996 0.0606
9707.3320 0.0603
9709.5703 0.0599
9711.8047 0.0596
9714.0439 0.0592
9716.2783 0.0588
9718.5186 0.0584
9720.7549 0.0580
9722.9912 0.0576
9725.2334 0.0572
9727.4707 0.0568
9729.7139 0.0563
9731.9521 0.0562
9734.1963 0.0559
9736.4355 0.0554
9738.6807 0.0550
9740.9209 0.0546
9743.1621 0.0541
9745.4082 0.0538
9747.6504 0.0536
9749.8984 0.0533
9752.1416 0.0529
9754.3896 0.0525
9756.6338 0.0522
9758.8789 0.0518
9761.1289 0.0514
9763.3740 0.0511
9765.6260 0.0507
9767.8721 0.0503
9770.1250 0.0499
9772.3721 0.0496
9774.6201 0.0492
9776.8750 0.0488
9779.1240 0.0484
9781.3789 0.0480
9783.6289 0.0477
9785.8848 0.0473
9788.1367 0.0468
9790.3877 0.0459
9792.6455 0.0454
9794.8984 0.0455
9797.1572 0.0453
9799.4111 0.0449
9801.6709 0.0445
9803.9258 0.0443
9806.1807 0.0440
9808.4424 0.0434
9810.6982 0.0428
9812.9609 0.0423
9815.2188 0.0422
9817.4814 0.0420
9819.7402 0.0417
9821.9990 0.0413
9824.2646 0.0406
9826.5244 0.0392
9828.7900 0.0394
9831.0518 0.0392
9833.3184 0.0386
9835.5801 0.0387
9837.8428 0.0384
9840.1113 0.0380
9842.3750 0.0371
9844.6455 0.0368
9846.9102 0.0370
9849.1807 0.0366
9851.4463 0.0362
9853.7129 0.0355
9855.9844 0.0349
9858.2520 0.0345
9860.5254 0.0343
9862.7939 0.0340
9865.0684 0.0337
9867.3379 0.0334
9869.6074 0.0328
9871.8838 0.0323
9874.1543 0.0322
9876.4316 0.0321
9878.7031 0.0318
9880.9814 0.0312
9883.2549 0.0305
9885.5283 0.0305
9887.8076 0.0299
9890.0830 0.0275
9892.3633 0.0262
9894.6387 0.0283
9896.9209 0.0287
9899.1973 0.0281
9901.4746 0.0275
9903.7578 0.0274
9906.0361 0.0273
9908.3203 0.0265
9910.5996 0.0257
9912.8857 0.0258
9915.1660 0.0259
9917.4521 0.0253
9919.7334 0.0252
9922.0156 0.0248
9924.3037 0.0242
9926.5869 0.0236
9928.8760 0.0229
9931.1602 0.0223
9933.4502 0.0220
9935.7354 0.0224
9938.0205 0.0222
9940.3125 0.0216
9942.5996 0.0212
9944.8926 0.0208
9947.1797 0.0199
9949.4736 0.0193
9951.7627 0.0195
9954.0518 0.0194
9956.3477 0.0189
9958.6377 0.0185
9960.9346 0.0182
9963.2256 0.0178
9965.5234 0.0173
9967.8154 0.0170
9970.1094 0.0167
9972.4082 0.0162
9974.7021 0.0158
9977.0020 0.0154
9979.2979 0.0150
9981.5986 0.0146
9983.8945 0.0141
9986.1914 0.0137
9988.4941 0.0133
9990.7920 0.0128
9993.0967 0.0125
9995.3955 0.0116
9997.7002 0.0104
10000.0000 0.0098
10002.3057 0.0104
10004.6016 0.0097
10006.9082 0.0092
10009.2158 0.0087
10011.5244 0.0080
10013.8223 0.0072
10016.1309 0.0064
10018.4404 0.0054
10020.7402 0.0044
10023.0508 0.0033
10025.3623 0.0019
10027.6738 0.0003
10029.9756 -0.0016
10032.2881 -0.0040
10034.6016 -0.0070
10036.9043 -0.0106
10039.2188 -0.0150
10041.5342 -0.0204
10043.8496 -0.0271
10046.1543 -0.0349
10048.4707 -0.0462
10050.7881 -0.0507
10053.0947 -0.0443
10055.4131 -0.0336
10057.7324 -0.0276
10060.0508 -0.0219
10062.3604 -0.0176
10064.6807 -0.0142
10067.0010 -0.0115
10069.3115 -0.0096
10071.6338 -0.0081
10073.9561 -0.0069
10076.2793 -0.0065
10078.5918 -0.0060
10080.9160 -0.0053
10083.2402 -0.0049
10085.5547 -0.0048
10087.8799 -0.0048
10090.2061 -0.0048
10092.5332 -0.0049
10094.8496 -0.0050
10097.1777 -0.0052
10099.5059 -0.0054
10101.8232 -0.0057
10104.1533 -0.0062
10106.4834 -0.0071
10108.8135 -0.0078
10111.1338 -0.0080
10113.4648 -0.0091
10115.7969 -0.0095
10118.1191 -0.0083
10120.4521 -0.0079
10122.7861 -0.0092
10125.1201 -0.0106
10127.4434 -0.0097
10129.7793 -0.0096
10132.1152 -0.0098
10134.4404 -0.0101
10136.7773 -0.0104
10139.1152 -0.0107
10141.4531 -0.0111
10143.7803 -0.0114
10146.1191 -0.0120
10148.4590 -0.0124
10150.7881 -0.0127
10153.1289 -0.0129
10155.4707 -0.0135
10157.8125 -0.0137
10160.1436 -0.0140
10162.4863 -0.0144
10164.8301 -0.0150
10167.1621 -0.0154
10169.5068 -0.0155
10171.8525 -0.0159
10174.1973 -0.0165
10176.5322 -0.0168
10178.8789 -0.0170
10181.2266 -0.0174
10183.5742 -0.0178
10185.9111 -0.0182
10188.2607 -0.0186
10190.6094 -0.0190
10192.9482 -0.0193
10195.2988 -0.0196
10197.6504 -0.0200
10200.0020 -0.0204
10202.3428 -0.0207
10204.6953 -0.0211
10207.0479 -0.0215
10209.3906 -0.0219
10211.7451 -0.0223
10214.0996 -0.0226
10216.4551 -0.0230
10218.7998 -0.0234
10221.1562 -0.0238
10223.5137 -0.0241
10225.8594 -0.0245
10228.2178 -0.0249
10230.5762 -0.0253
10232.9355 -0.0257
10235.2842 -0.0261
10237.6436 -0.0265
10240.0049 -0.0268
10242.3545 -0.0272
10244.7168 -0.0277
10247.0791 -0.0282
10249.4424 -0.0284
10251.7939 -0.0287
10254.1582 -0.0291
10256.5234 -0.0295
10258.8770 -0.0299
10261.2422 -0.0302
10263.6084 -0.0306
10265.9756 -0.0310
10268.3311 -0.0313
10270.6992 -0.0317
10273.0674 -0.0321
10275.4258 -0.0325
10277.7949 -0.0329
10280.1650 -0.0332
10282.5352 -0.0336
10284.8955 -0.0340
10287.2666 -0.0344
10289.6396 -0.0348
10292.0010 -0.0352
10294.3740 -0.0355
10296.7480 -0.0359
10299.1221 -0.0363
10301.4863 -0.0367
10303.8613 -0.0371
10306.2373 -0.0374
10308.6025 -0.0378
10310.9795 -0.0382
10313.3574 -0.0386
10315.7363 -0.0390
10318.1035 -0.0394
10320.4824 -0.0398
10322.8623 -0.0402
10325.2314 -0.0405
10327.6123 -0.0409
10329.9941 -0.0414
10332.3760 -0.0423
10334.7471 -0.0428
10337.1309 -0.0424
10339.5146 -0.0428
10341.8877 -0.0432
10344.2725 -0.0436
10346.6572 -0.0440
10349.0430 -0.0443
10351.4189 -0.0447
10353.8057 -0.0451
10356.1934 -0.0455
10358.5693 -0.0459
10360.9580 -0.0463
10363.3477 -0.0469
10365.7373 -0.0474
10368.1162 -0.0478
10370.5068 -0.0479
10372.8984 -0.0483
10375.2793 -0.0487
10377.6719 -0.0490
10380.0645 -0.0494
10382.4580 -0.0497
10384.8408 -0.0501
10387.2363 -0.0505
