3586.7400 -0.1772
3587.5671 -0.1674
3588.3923 -0.1600
3589.2200 -0.1566
3590.0457 -0.1559
3590.8735 -0.1563
3591.6995 -0.1566
3592.5259 -0.1562
3593.3542 -0.1549
3594.1809 -0.1533
3595.0098 -0.1524
3595.8367 -0.1523
3596.6660 -0.1517
3597.4934 -0.1498
3598.3208 -0.1478
3599.1506 -0.1470
3599.9788 -0.1474
3600.8088 -0.1482
3601.6372 -0.1496
3602.4678 -0.1528
3603.2964 -0.1571
3604.1252 -0.1589
3604.9565 -0.1563
3605.7859 -0.1514
3606.6172 -0.1482
3607.4470 -0.1476
3608.2788 -0.1486
3609.1089 -0.1492
3609.9392 -0.1483
3610.7717 -0.1465
3611.6023 -0.1455
3612.4351 -0.1464
3613.2661 -0.1485
3614.0994 -0.1496
3614.9307 -0.1478
3615.7625 -0.1430
3616.5962 -0.1373
3617.4282 -0.1339
3618.2625 -0.1332
3619.0947 -0.1345
3619.9292 -0.1373
3620.7620 -0.1410
3621.5969 -0.1426
3622.4302 -0.1401
3623.2634 -0.1367
3624.0989 -0.1352
3624.9326 -0.1348
3625.7686 -0.1322
3626.6028 -0.1274
3627.4390 -0.1228
3628.2734 -0.1201
3629.1082 -0.1210
3629.9451 -0.1260
3630.7800 -0.1338
3631.6174 -0.1390
3632.4529 -0.1363
3633.2903 -0.1275
3634.1262 -0.1188
3634.9622 -0.1136
3635.8005 -0.1105
3636.6370 -0.1079
3637.4756 -0.1057
3638.3123 -0.1046
3639.1514 -0.1044
3639.9885 -0.1047
3640.8259 -0.1058
3641.6653 -0.1067
3642.5032 -0.1058
3643.3430 -0.1036
3644.1812 -0.1011
3645.0215 -0.0990
3645.8601 -0.0971
3646.6990 -0.0954
3647.5398 -0.0945
3648.3789 -0.0946
3649.2202 -0.0952
3650.0596 -0.0954
3650.9014 -0.0940
3651.7412 -0.0909
3652.5813 -0.0874
3653.4236 -0.0851
3654.2642 -0.0838
3655.1067 -0.0829
3655.9475 -0.0821
3656.7908 -0.0813
3657.6318 -0.0805
3658.4734 -0.0799
3659.3169 -0.0791
3660.1587 -0.0780
3661.0029 -0.0768
3661.8450 -0.0756
3662.6895 -0.0737
3663.5320 -0.0714
3664.3748 -0.0687
3665.2197 -0.0652
3666.0630 -0.0605
3666.9084 -0.0554
3667.7520 -0.0509
3668.5977 -0.0475
3669.4417 -0.0449
3670.2859 -0.0427
3671.1321 -0.0403
3671.9768 -0.0366
3672.8235 -0.0318
3673.6685 -0.0264
3674.5156 -0.0212
3675.3608 -0.0200
3676.2063 -0.0268
3677.0542 -0.0350
3677.8999 -0.0359
3678.7480 -0.0296
3679.5945 -0.0126
3680.4429 0.0119
3681.2896 0.0284
3682.1365 0.0235
3682.9856 0.0109
3683.8328 0.0109
3684.6824 0.0133
3685.5300 0.0068
3686.3799 0.0012
3687.2278 0.0196
3688.0781 0.0688
3688.9265 0.1160
3689.7751 0.1261
3690.6260 0.0967
3691.4751 0.0648
3692.3264 0.0713
3693.1758 0.1202
3694.0273 0.1694
3694.8772 0.1819
3695.7273 0.1488
3696.5793 0.0948
3697.4299 0.0658
3698.2825 0.0956
3699.1333 0.1628
3699.9863 0.2235
3700.8374 0.2469
3701.6887 0.2258
3702.5425 0.1680
3703.3943 0.1008
3704.2483 0.0703
3705.1003 0.0927
3705.9548 0.1528
3706.8074 0.2197
3707.6599 0.2717
3708.5149 0.2935
3709.3682 0.2773
3710.2234 0.2223
3711.0771 0.1453
3711.9329 0.0852
3712.7866 0.0836
3713.6409 0.1431
3714.4973 0.2159
3715.3518 0.2745
3716.2085 0.3159
3717.0635 0.3448
3717.9204 0.3541
3718.7759 0.3374
3719.6313 0.2908
3720.4890 0.2185
3721.3450 0.1448
3722.2031 0.1119
3723.0593 0.1467
3723.9180 0.2266
3724.7747 0.3006
3725.6316 0.3458
3726.4905 0.3657
3727.3479 0.3760
3728.2073 0.3887
3729.0649 0.4021
3729.9250 0.4061
3730.7830 0.3930
3731.6414 0.3556
3732.5017 0.2891
3733.3604 0.2027
3734.2214 0.1324
3735.0803 0.1235
3735.9417 0.1688
3736.8013 0.2359
3737.6609 0.2994
3738.5227 0.3552
3739.3828 0.3983
3740.2451 0.4184
3741.1055 0.4217
3741.9683 0.4236
3742.8291 0.4351
3743.6899 0.4483
3744.5532 0.4481
3745.4148 0.4326
3746.2786 0.4056
3747.1404 0.3633
3748.0044 0.2955
3748.8667 0.2098
3749.7290 0.1421
3750.5938 0.1426
3751.4565 0.2126
3752.3215 0.3116
3753.1848 0.3874
3754.0503 0.4224
3754.9138 0.4295
3755.7798 0.4265
3756.6438 0.4173
3757.5081 0.3996
3758.3745 0.3746
3759.2390 0.3530
3760.1060 0.3473
3760.9709 0.3547
3761.8381 0.3739
3762.7036 0.4023
3763.5693 0.4317
3764.4370 0.4547
3765.3032 0.4715
3766.1714 0.4786
3767.0378 0.4647
3767.9065 0.4160
3768.7732 0.3273
3769.6401 0.2230
3770.5095 0.1614
3771.3770 0.1911
3772.2466 0.2868
3773.1145 0.3922
3773.9844 0.4656
3774.8528 0.5057
3775.7209 0.5272
3776.5918 0.5397
3777.4604 0.5459
3778.3315 0.5481
3779.2009 0.5507
3780.0723 0.5556
3780.9419 0.5590
3781.8118 0.5531
3782.6838 0.5410
3783.5540 0.5345
3784.4265 0.5437
3785.2971 0.5613
3786.1699 0.5739
3787.0410 0.5810
3787.9121 0.5864
3788.7856 0.5917
3789.6572 0.5948
3790.5310 0.5946
3791.4031 0.5912
3792.2773 0.5854
3793.1499 0.5755
3794.0225 0.5563
3794.8972 0.5187
3795.7703 0.4525
3796.6455 0.3543
3797.5190 0.2640
3798.3948 0.2447
3799.2686 0.3138
3800.1426 0.4213
3801.0188 0.5086
3801.8933 0.5584
3802.7700 0.5838
3803.6448 0.5975
3804.5220 0.6056
3805.3972 0.6108
3806.2727 0.6156
3807.1504 0.6225
3808.0261 0.6305
3808.9043 0.6376
3809.7805 0.6422
3810.6589 0.6431
3811.5356 0.6378
3812.4126 0.6242
3813.2917 0.6038
3814.1689 0.5891
3815.0483 0.5913
3815.9260 0.6099
3816.8059 0.6310
3817.6841 0.6413
3818.5623 0.6354
3819.4429 0.6207
3820.3215 0.6102
3821.2024 0.6134
3822.0815 0.6256
3822.9629 0.6346
3823.8423 0.6309
3824.7241 0.6192
3825.6040 0.6099
3826.4841 0.6090
3827.3665 0.6146
3828.2468 0.6244
3829.1296 0.6343
3830.0105 0.6379
3830.8938 0.6284
3831.7751 0.6001
3832.6565 0.5489
3833.5403 0.4692
3834.4224 0.3653
3835.3064 0.2953
3836.1887 0.3095
3837.0735 0.3983
3837.9561 0.4974
3838.8391 0.5689
3839.7244 0.6167
3840.6077 0.6482
3841.4932 0.6684
3842.3770 0.6808
3843.2629 0.6846
3844.1472 0.6800
3845.0315 0.6748
3845.9182 0.6759
3846.8030 0.6810
3847.6899 0.6793
3848.5752 0.6677
3849.4626 0.6576
3850.3481 0.6627
3851.2339 0.6739
3852.1221 0.6720
3853.0083 0.6465
3853.8967 0.6087
3854.7832 0.5718
3855.6721 0.5469
3856.5591 0.5596
3857.4463 0.6118
3858.3359 0.6660
3859.2234 0.6897
3860.1135 0.6865
3861.0015 0.6594
3861.8918 0.6184
3862.7803 0.5904
3863.6687 0.6051
3864.5598 0.6468
3865.4487 0.6774
3866.3401 0.6933
3867.2297 0.7037
3868.1213 0.7140
3869.0112 0.7220
3869.9014 0.7259
3870.7937 0.7236
3871.6841 0.7159
3872.5769 0.7096
3873.4678 0.7101
3874.3611 0.7162
3875.2524 0.7219
3876.1438 0.7250
3877.0376 0.7250
3877.9297 0.7234
3878.8237 0.7231
3879.7161 0.7262
3880.6108 0.7291
3881.5037 0.7281
3882.3965 0.7254
3883.2917 0.7213
3884.1851 0.7123
3885.0808 0.6916
3885.9746 0.6505
3886.8706 0.5768
3887.7649 0.4629
3888.6592 0.3614
3889.5559 0.3395
3890.4507 0.4200
3891.3479 0.5419
3892.2429 0.6349
3893.1406 0.6870
3894.0361 0.7117
3894.9341 0.7231
3895.8301 0.7272
3896.7263 0.7286
3897.6250 0.7272
3898.5215 0.7174
3899.4207 0.6998
3900.3176 0.6850
3901.2170 0.6883
3902.1145 0.7078
3903.0122 0.7240
3903.9121 0.7249
3904.8103 0.7119
3905.7107 0.6982
3906.6094 0.7000
3907.5100 0.7183
3908.4089 0.7365
3909.3081 0.7461
3910.2097 0.7482
3911.1091 0.7430
3912.0110 0.7267
3912.9111 0.7015
3913.8132 0.6842
3914.7136 0.6912
3915.6143 0.7131
3916.5171 0.7328
3917.4182 0.7413
3918.3215 0.7403
3919.2229 0.7370
3920.1267 0.7371
3921.0286 0.7414
3921.9307 0.7475
3922.8350 0.7526
3923.7373 0.7554
3924.6421 0.7566
3925.5452 0.7548
3926.4502 0.7517
3927.3535 0.7499
3928.2571 0.7488
3929.1628 0.7427
3930.0667 0.7283
3930.9731 0.6982
3931.8774 0.6231
3932.7839 0.5069
3933.6887 0.4211
3934.5938 0.4505
3935.5010 0.5636
3936.4062 0.6557
3937.3142 0.6949
3938.2200 0.7029
3939.1279 0.7092
3940.0342 0.7283
3940.9407 0.7488
3941.8494 0.7595
3942.7561 0.7599
3943.6653 0.7540
3944.5725 0.7460
3945.4822 0.7424
3946.3899 0.7457
3947.2979 0.7506
3948.2080 0.7555
3949.1162 0.7601
3950.0269 0.7632
3950.9355 0.7624
3951.8467 0.7588
3952.7559 0.7570
3953.6650 0.7584
3954.5769 0.7614
3955.4866 0.7637
3956.3987 0.7643
3957.3088 0.7634
3958.2214 0.7618
3959.1321 0.7590
3960.0449 0.7540
3960.9561 0.7479
3961.8672 0.7447
3962.7808 0.7445
3963.6924 0.7389
3964.6064 0.7261
3965.5186 0.6986
3966.4329 0.6320
3967.3455 0.5001
3968.2581 0.3283
3969.1731 0.2173
3970.0862 0.2252
3971.0017 0.3386
3971.9153 0.4880
3972.8313 0.6047
3973.7451 0.6653
3974.6592 0.6964
3975.5759 0.7187
3976.4905 0.7365
3977.4075 0.7456
3978.3225 0.7465
3979.2397 0.7435
3980.1553 0.7426
3981.0708 0.7439
3981.9888 0.7453
3982.9050 0.7459
3983.8232 0.7470
3984.7397 0.7494
3985.6587 0.7510
3986.5757 0.7511
3987.4927 0.7509
3988.4121 0.7513
3989.3298 0.7509
3990.2498 0.7487
3991.1677 0.7473
3992.0879 0.7472
3993.0063 0.7469
3993.9250 0.7447
3994.8459 0.7422
3995.7649 0.7403
3996.6863 0.7385
3997.6057 0.7373
3998.5276 0.7373
3999.4475 0.7369
4000.3674 0.7328
4001.2900 0.7221
4002.2104 0.7112
4003.1333 0.7084
4004.0544 0.7146
4004.9775 0.7219
4005.8989 0.7266
4006.8206 0.7315
4007.7446 0.7374
4008.6665 0.7390
4009.5908 0.7335
4010.5132 0.7250
4011.4380 0.7176
4012.3608 0.7129
4013.2839 0.7140
4014.2095 0.7169
4015.1328 0.7182
4016.0588 0.7203
4016.9827 0.7261
4017.9089 0.7327
4018.8333 0.7377
4019.7578 0.7403
4020.6848 0.7398
4021.6096 0.7346
4022.5371 0.7243
4023.4624 0.7095
4024.3901 0.6941
4025.3162 0.6857
4026.2422 0.6879
4027.1704 0.6977
4028.0969 0.7088
4029.0259 0.7178
4029.9526 0.7243
4030.8821 0.7255
4031.8093 0.7208
4032.7390 0.7150
4033.6667 0.7136
4034.5947 0.7165
4035.5251 0.7197
4036.4534 0.7219
4037.3843 0.7227
4038.3130 0.7229
4039.2441 0.7245
4040.1736 0.7272
4041.1030 0.7288
4042.0347 0.7271
4042.9646 0.7221
4043.8970 0.7160
4044.8271 0.7115
4045.7600 0.7103
4046.6907 0.7122
4047.6216 0.7130
4048.5549 0.7107
4049.4863 0.7090
4050.4202 0.7096
4051.3521 0.7089
4052.2861 0.7062
4053.2185 0.7040
4054.1509 0.7046
4055.0857 0.7084
4056.0186 0.7125
4056.9539 0.7128
4057.8872 0.7131
4058.8230 0.7157
4059.7566 0.7194
4060.6907 0.7207
4061.6270 0.7188
4062.5613 0.7140
4063.4983 0.7094
4064.4331 0.7058
4065.3701 0.6996
4066.3054 0.6876
4067.2410 0.6791
4068.1787 0.6854
4069.1147 0.6960
4070.0530 0.7010
4070.9893 0.6997
4071.9280 0.6986
4072.8647 0.7003
4073.8018 0.7019
4074.7412 0.7000
4075.6787 0.6953
4076.6184 0.6903
4077.5562 0.6885
4078.4966 0.6926
4079.4348 0.6990
4080.3733 0.7025
4081.3142 0.7027
4082.2532 0.7018
4083.1943 0.7012
4084.1338 0.7020
4085.0757 0.7023
4086.0154 0.7012
4086.9553 0.7002
4087.8977 0.7008
4088.8381 0.7028
4089.7810 0.7056
4090.7219 0.7075
4091.6653 0.7071
4092.6064 0.7052
4093.5481 0.7030
4094.4919 0.7000
4095.4338 0.6948
4096.3784 0.6859
4097.3208 0.6727
4098.2656 0.6468
4099.2085 0.5932
4100.1514 0.5017
4101.0967 0.3986
4102.0400 0.3602
4102.9863 0.4197
4103.9302 0.5220
4104.8765 0.6035
4105.8208 0.6494
4106.7676 0.6722
4107.7124 0.6845
4108.6572 0.6890
4109.6045 0.6873
4110.5503 0.6830
4111.4980 0.6813
4112.4438 0.6842
4113.3921 0.6889
4114.3384 0.6930
4115.2852 0.6962
4116.2339 0.6984
4117.1807 0.6982
4118.1304 0.6952
4119.0776 0.6908
4120.0273 0.6851
4120.9751 0.6767
4121.9233 0.6666
4122.8740 0.6609
4123.8223 0.6644
4124.7734 0.6714
4125.7222 0.6697
4126.6733 0.6487
4127.6230 0.6143
4128.5723 0.5901
4129.5244 0.5882
4130.4746 0.5885
4131.4268 0.6001
4132.3774 0.6287
4133.3301 0.6623
4134.2812 0.6801
4135.2324 0.6848
4136.1855 0.6847
4137.1372 0.6837
4138.0913 0.6827
4139.0435 0.6823
4139.9976 0.6829
4140.9502 0.6835
4141.9028 0.6815
4142.8579 0.6764
4143.8110 0.6705
4144.7666 0.6668
4145.7202 0.6674
4146.6758 0.6726
4147.6299 0.6805
4148.5840 0.6861
4149.5405 0.6877
4150.4951 0.6867
4151.4526 0.6856
4152.4072 0.6854
4153.3647 0.6861
4154.3203 0.6867
4155.2764 0.6870
4156.2344 0.6875
4157.1904 0.6880
4158.1489 0.6881
4159.1055 0.6870
4160.0649 0.6838
4161.0220 0.6784
4161.9790 0.6714
4162.9390 0.6650
4163.8965 0.6645
4164.8564 0.6728
4165.8149 0.6819
4166.7754 0.6865
4167.7339 0.6867
4168.6929 0.6849
4169.6538 0.6803
4170.6133 0.6695
4171.5752 0.6469
4172.5347 0.6188
4173.4971 0.6027
4174.4570 0.6138
4175.4175 0.6376
4176.3799 0.6422
4177.3408 0.6179
4178.3042 0.5887
4179.2651 0.5851
4180.2290 0.6155
4181.1909 0.6525
4182.1548 0.6708
4183.1172 0.6740
4184.0796 0.6729
4185.0444 0.6734
4186.0068 0.6735
4186.9722 0.6705
4187.9355 0.6684
4188.9014 0.6703
4189.8647 0.6735
4190.8286 0.6750
4191.7949 0.6753
4192.7593 0.6757
4193.7261 0.6762
4194.6909 0.6766
4195.6582 0.6773
4196.6235 0.6782
4197.5889 0.6780
4198.5571 0.6774
4199.5229 0.6775
4200.4912 0.6771
4201.4575 0.6761
4202.4263 0.6755
4203.3931 0.6758
4204.3599 0.6766
4205.3296 0.6768
4206.2969 0.6778
4207.2671 0.6796
4208.2349 0.6808
4209.2051 0.6805
4210.1738 0.6802
4211.1421 0.6809
4212.1133 0.6822
4213.0820 0.6829
4214.0537 0.6820
4215.0229 0.6791
4215.9951 0.6768
4216.9648 0.6780
4217.9351 0.6810
4218.9077 0.6833
4219.8784 0.6839
4220.8516 0.6843
4221.8223 0.6854
4222.7959 0.6861
4223.7676 0.6839
4224.7393 0.6801
4225.7134 0.6775
4226.6855 0.6775
4227.6602 0.6797
4228.6328 0.6817
4229.6079 0.6816
4230.5806 0.6700
4231.5542 0.6385
4232.5298 0.5951
4233.5034 0.5789
4234.4800 0.6131
4235.4541 0.6556
4236.4307 0.6801
4237.4053 0.6872
4238.3799 0.6885
4239.3574 0.6869
4240.3325 0.6817
4241.3105 0.6703
4242.2861 0.6609
4243.2642 0.6618
4244.2407 0.6705
4245.2168 0.6759
4246.1958 0.6758
4247.1729 0.6765
4248.1519 0.6799
4249.1294 0.6828
4250.1094 0.6821
4251.0869 0.6793
4252.0649 0.6775
4253.0454 0.6776
4254.0239 0.6790
4255.0049 0.6801
4255.9834 0.6790
4256.9648 0.6746
4257.9443 0.6681
4258.9263 0.6668
4259.9058 0.6684
4260.8857 0.6678
4261.8687 0.6654
4262.8491 0.6689
4263.8320 0.6774
4264.8130 0.6834
4265.7964 0.6841
4266.7778 0.6816
4267.7593 0.6795
4268.7432 0.6792
4269.7256 0.6791
4270.7100 0.6759
4271.6924 0.6689
4272.6772 0.6612
4273.6606 0.6587
4274.6436 0.6628
4275.6294 0.6688
4276.6128 0.6735
4277.5991 0.6759
4278.5830 0.6775
4279.5698 0.6805
4280.5542 0.6836
4281.5391 0.6849
4282.5264 0.6843
4283.5117 0.6825
4284.4990 0.6814
4285.4849 0.6830
4286.4731 0.6856
4287.4590 0.6863
4288.4453 0.6828
4289.4346 0.6774
4290.4214 0.6752
4291.4106 0.6790
4292.3979 0.6811
4293.3877 0.6750
4294.3755 0.6665
4295.3633 0.6582
4296.3535 0.6526
4297.3423 0.6555
4298.3330 0.6630
4299.3218 0.6576
4300.3135 0.6466
4301.3027 0.6355
4302.2920 0.6258
4303.2842 0.6237
4304.2744 0.6452
4305.2666 0.6739
4306.2573 0.6854
4307.2500 0.6828
4308.2412 0.6813
4309.2319 0.6873
4310.2261 0.6947
4311.2173 0.6939
4312.2114 0.6828
4313.2036 0.6676
4314.1982 0.6589
4315.1904 0.6647
4316.1836 0.6807
4317.1787 0.6928
4318.1719 0.6965
4319.1675 0.6948
4320.1611 0.6930
4321.1572 0.6948
4322.1514 0.7002
4323.1460 0.7030
4324.1426 0.6984
4325.1377 0.6908
4326.1348 0.6883
4327.1299 0.6942
4328.1279 0.7026
4329.1235 0.7062
4330.1196 0.7053
4331.1182 0.7039
4332.1143 0.7042
4333.1133 0.7035
4334.1104 0.6994
4335.1099 0.6912
4336.1069 0.6743
4337.1069 0.6388
4338.1045 0.5762
4339.1025 0.4916
4340.1030 0.4230
4341.1016 0.4360
4342.1025 0.5133
4343.1016 0.5960
4344.1030 0.6470
4345.1025 0.6761
4346.1021 0.6922
4347.1040 0.7000
4348.1040 0.7026
4349.1069 0.6950
4350.1074 0.6708
4351.1104 0.6358
4352.1113 0.6221
4353.1128 0.6498
4354.1167 0.6838
4355.1182 0.7015
4356.1226 0.7036
4357.1245 0.7008
4358.1294 0.7004
4359.1318 0.7035
4360.1348 0.7030
4361.1401 0.6987
4362.1436 0.6956
4363.1494 0.6981
4364.1528 0.7026
4365.1592 0.7036
4366.1636 0.7005
4367.1680 0.6947
4368.1753 0.6886
4369.1802 0.6867
4370.1875 0.6915
4371.1929 0.6982
4372.2007 0.7013
4373.2065 0.7007
4374.2129 0.6994
4375.2212 0.6998
4376.2280 0.7019
4377.2368 0.7033
4378.2441 0.7041
4379.2534 0.7042
4380.2612 0.7025
4381.2686 0.6976
4382.2793 0.6858
4383.2871 0.6603
4384.2979 0.6295
4385.3066 0.6164
4386.3179 0.6322
4387.3267 0.6589
4388.3359 0.6756
4389.3481 0.6810
4390.3579 0.6817
4391.3701 0.6834
4392.3804 0.6849
4393.3936 0.6785
4394.4043 0.6649
4395.4150 0.6622
4396.4287 0.6749
4397.4399 0.6885
4398.4541 0.6906
4399.4658 0.6868
4400.4805 0.6859
4401.4927 0.6897
4402.5054 0.6930
4403.5205 0.6936
4404.5337 0.6927
4405.5493 0.6925
4406.5625 0.6935
4407.5786 0.6941
4408.5928 0.6940
4409.6069 0.6926
4410.6240 0.6906
4411.6387 0.6893
4412.6558 0.6873
4413.6709 0.6829
4414.6885 0.6701
4415.7041 0.6470
4416.7227 0.6256
4417.7388 0.6277
4418.7549 0.6503
4419.7739 0.6687
4420.7905 0.6762
4421.8101 0.6771
4422.8271 0.6764
4423.8472 0.6746
4424.8647 0.6714
4425.8828 0.6675
4426.9033 0.6642
4427.9219 0.6629
4428.9429 0.6634
4429.9619 0.6644
4430.9834 0.6652
4432.0024 0.6669
4433.0220 0.6685
4434.0444 0.6697
4435.0645 0.6712
4436.0874 0.6733
4437.1079 0.6757
4438.1309 0.6793
4439.1519 0.6827
4440.1733 0.6836
4441.1968 0.6809
4442.2188 0.6745
4443.2432 0.6653
4444.2651 0.6642
4445.2900 0.6739
4446.3125 0.6853
4447.3354 0.6908
4448.3613 0.6918
4449.3843 0.6877
4450.4106 0.6810
4451.4341 0.6793
4452.4609 0.6841
4453.4849 0.6902
4454.5098 0.6922
4455.5366 0.6921
4456.5615 0.6944
4457.5894 0.6970
4458.6147 0.6979
4459.6431 0.6964
4460.6689 0.6937
4461.6953 0.6912
4462.7241 0.6921
4463.7505 0.6940
4464.7798 0.6948
4465.8071 0.6930
4466.8369 0.6867
4467.8643 0.6753
4468.8921 0.6696
4469.9229 0.6678
4470.9512 0.6645
4471.9819 0.6622
4473.0107 0.6711
4474.0425 0.6857
4475.0718 0.6964
4476.1011 0.7009
4477.1333 0.7003
4478.1631 0.6907
4479.1958 0.6590
4480.2266 0.5981
4481.2593 0.5560
4482.2905 0.5838
4483.3213 0.6461
4484.3555 0.6864
4485.3872 0.6991
4486.4214 0.6983
4487.4536 0.6872
4488.4883 0.6709
4489.5210 0.6584
4490.5537 0.6551
4491.5889 0.6600
4492.6226 0.6763
4493.6582 0.6936
4494.6919 0.7031
4495.7285 0.7058
4496.7627 0.7058
4497.7998 0.7033
4498.8345 0.6984
4499.8696 0.6867
4500.9072 0.6757
4501.9424 0.6753
4502.9805 0.6862
4504.0166 0.6956
4505.0552 0.6971
4506.0913 0.6878
4507.1279 0.6638
4508.1675 0.6459
4509.2046 0.6546
4510.2446 0.6816
4511.2822 0.6988
4512.3223 0.7016
4513.3604 0.6896
4514.3984 0.6689
4515.4395 0.6557
4516.4785 0.6665
4517.5200 0.6844
4518.5591 0.6797
4519.6011 0.6566
4520.6406 0.6318
4521.6807 0.6173
4522.7236 0.6175
4523.7642 0.6441
4524.8071 0.6786
4525.8481 0.6978
4526.8916 0.7023
4527.9331 0.7026
4528.9746 0.7019
4530.0190 0.7019
4531.0610 0.7016
4532.1060 0.6922
4533.1489 0.6765
4534.1938 0.6682
4535.2373 0.6791
4536.2803 0.6964
4537.3267 0.7040
4538.3701 0.7035
4539.4170 0.6969
4540.4609 0.6861
4541.5083 0.6794
4542.5527 0.6861
4543.5981 0.6971
4544.6455 0.7023
4545.6909 0.7002
4546.7393 0.6886
4547.7852 0.6589
4548.8340 0.6180
4549.8804 0.6113
4550.9272 0.6441
4551.9766 0.6791
4553.0239 0.6845
4554.0737 0.6662
4555.1216 0.6365
4556.1719 0.6256
4557.2197 0.6315
4558.2686 0.6428
4559.3193 0.6572
4560.3682 0.6805
4561.4199 0.6948
4562.4692 0.6931
4563.5215 0.6861
4564.5713 0.6846
4565.6211 0.6910
4566.6743 0.6992
4567.7246 0.7040
4568.7778 0.7050
4569.8291 0.6987
4570.8828 0.6866
4571.9341 0.6771
4572.9888 0.6805
4574.0405 0.6881
4575.0928 0.6828
4576.1479 0.6745
4577.2007 0.6750
4578.2559 0.6832
4579.3091 0.6862
4580.3652 0.6801
4581.4189 0.6604
4582.4731 0.6210
4583.5298 0.5940
4584.5840 0.6104
4585.6411 0.6519
4586.6963 0.6700
4587.7539 0.6610
4588.8091 0.6591
4589.8647 0.6695
4590.9233 0.6782
4591.9795 0.6803
4593.0386 0.6842
4594.0952 0.6896
4595.1543 0.6910
4596.2114 0.6908
4597.2690 0.6935
4598.3291 0.6972
4599.3867 0.6994
4600.4473 0.7002
4601.5059 0.7006
4602.5669 0.7011
4603.6255 0.7017
4604.6846 0.7015
4605.7466 0.7017
4606.8062 0.7030
4607.8687 0.7036
4608.9287 0.7030
4609.9912 0.7021
4611.0518 0.7019
4612.1128 0.7019
4613.1763 0.7017
4614.2373 0.6990
4615.3013 0.6925
4616.3633 0.6832
4617.4277 0.6733
4618.4897 0.6646
4619.5522 0.6634
4620.6177 0.6726
4621.6807 0.6866
4622.7466 0.6971
4623.8096 0.7012
4624.8760 0.7003
4625.9399 0.6971
4627.0044 0.6858
4628.0713 0.6651
4629.1357 0.6474
4630.2031 0.6534
4631.2686 0.6753
4632.3364 0.6836
4633.4023 0.6746
4634.4678 0.6644
4635.5366 0.6679
4636.6030 0.6821
4637.6724 0.6939
4638.7393 0.6998
4639.8091 0.7025
4640.8765 0.7039
4641.9438 0.7044
4643.0142 0.7042
4644.0825 0.7048
4645.1533 0.7068
4646.2222 0.7074
4647.2935 0.7064
4648.3623 0.7053
4649.4316 0.7051
4650.5039 0.7059
4651.5737 0.7063
4652.6465 0.7057
4653.7168 0.7042
4654.7900 0.7019
4655.8608 0.6989
4656.9346 0.6970
4658.0059 0.6999
4659.0771 0.7046
4660.1519 0.7065
4661.2236 0.7035
4662.2983 0.6971
4663.3711 0.6911
4664.4463 0.6892
4665.5195 0.6856
4666.5928 0.6824
4667.6689 0.6849
4668.7427 0.6911
4669.8193 0.6942
4670.8936 0.6972
4671.9707 0.7006
4673.0454 0.7027
4674.1206 0.7032
4675.1982 0.7039
4676.2739 0.7039
4677.3521 0.7029
4678.4282 0.7016
4679.5073 0.7014
4680.5835 0.7030
4681.6602 0.7055
4682.7397 0.7068
4683.8174 0.7069
4684.8975 0.7066
4685.9751 0.7064
4687.0557 0.7062
4688.1338 0.7062
4689.2124 0.7067
4690.2935 0.7069
4691.3726 0.7071
4692.4546 0.7072
4693.5342 0.7072
4694.6162 0.7069
4695.6963 0.7063
4696.7764 0.7050
4697.8594 0.7037
4698.9404 0.7030
4700.0239 0.7033
4701.1050 0.7039
4702.1890 0.7030
4703.2710 0.7006
4704.3530 0.7008
4705.4375 0.7029
4706.5200 0.7041
4707.6055 0.7043
4708.6885 0.7037
4709.7744 0.7027
4710.8579 0.7012
4711.9414 0.6984
4713.0283 0.6950
4714.1123 0.6941
4715.1992 0.6955
4716.2842 0.6965
4717.3716 0.6977
4718.4570 0.6989
4719.5425 0.6994
4720.6309 0.6991
4721.7168 0.6986
4722.8057 0.6973
4723.8921 0.6949
4724.9814 0.6910
4726.0684 0.6862
4727.1553 0.6831
4728.2456 0.6836
4729.3335 0.6837
4730.4238 0.6800
4731.5122 0.6777
4732.6030 0.6821
4733.6919 0.6893
4734.7808 0.6933
4735.8726 0.6937
4736.9624 0.6929
4738.0547 0.6915
4739.1445 0.6898
4740.2373 0.6895
4741.3276 0.6914
4742.4214 0.6931
4743.5122 0.6939
4744.6035 0.6939
4745.6973 0.6935
4746.7891 0.6926
4747.8838 0.6915
4748.9761 0.6907
4750.0713 0.6901
4751.1641 0.6892
4752.2568 0.6876
4753.3525 0.6858
4754.4463 0.6838
4755.5425 0.6821
4756.6367 0.6819
4757.7334 0.6824
4758.8281 0.6818
4759.9229 0.6790
4761.0205 0.6749
4762.1157 0.6717
4763.2139 0.6703
4764.3096 0.6713
4765.4082 0.6741
4766.5044 0.6771
4767.6011 0.6785
4768.7002 0.6791
4769.7974 0.6805
4770.8975 0.6819
4771.9951 0.6826
4773.0952 0.6836
4774.1934 0.6858
4775.2915 0.6869
4776.3926 0.6856
4777.4917 0.6832
4778.5933 0.6819
4779.6924 0.6819
4780.7949 0.6829
4781.8945 0.6855
4782.9946 0.6873
4784.0977 0.6866
4785.1982 0.6848
4786.3018 0.6848
4787.4028 0.6857
4788.5068 0.6859
4789.6084 0.6867
4790.7100 0.6878
4791.8149 0.6889
4792.9170 0.6904
4794.0225 0.6916
4795.1255 0.6899
4796.2310 0.6867
4797.3345 0.6853
4798.4380 0.6870
4799.5444 0.6891
4800.6489 0.6903
4801.7559 0.6897
4802.8604 0.6876
4803.9678 0.6846
4805.0732 0.6825
4806.1782 0.6835
4807.2866 0.6860
4808.3926 0.6871
4809.5015 0.6873
4810.6079 0.6866
4811.7173 0.6854
4812.8242 0.6851
4813.9312 0.6856
4815.0415 0.6868
4816.1489 0.6882
4817.2598 0.6887
4818.3677 0.6876
4819.4790 0.6861
4820.5879 0.6860
4821.6968 0.6854
4822.8086 0.6762
4823.9180 0.6647
4825.0303 0.6638
4826.1401 0.6748
4827.2534 0.6839
4828.3638 0.6879
4829.4771 0.6900
4830.5884 0.6916
4831.6992 0.6923
4832.8135 0.6923
4833.9253 0.6922
4835.0400 0.6906
4836.1523 0.6888
4837.2676 0.6891
4838.3804 0.6916
4839.4937 0.6929
4840.6094 0.6933
4841.7231 0.6942
4842.8394 0.6957
4843.9536 0.6975
4845.0708 0.6975
4846.1851 0.6930
4847.3003 0.6842
4848.4180 0.6799
4849.5332 0.6848
4850.6514 0.6922
4851.7676 0.6942
4852.8862 0.6935
4854.0024 0.6922
4855.1191 0.6878
4856.2388 0.6807
4857.3560 0.6676
4858.4761 0.6394
4859.5938 0.5889
4860.7144 0.5377
4861.8325 0.5404
4862.9512 0.5827
4864.0723 0.6268
4865.1914 0.6532
4866.3135 0.6731
4867.4326 0.6847
4868.5552 0.6891
4869.6753 0.6894
4870.7954 0.6885
4871.9189 0.6880
4873.0396 0.6875
4874.1631 0.6842
4875.2847 0.6763
4876.4087 0.6703
4877.5308 0.6708
4878.6528 0.6760
4879.7778 0.6791
4880.9004 0.6796
4882.0259 0.6783
4883.1489 0.6755
4884.2749 0.6724
4885.3984 0.6714
4886.5225 0.6747
4887.6494 0.6786
4888.7734 0.6803
4889.9009 0.6803
4891.0259 0.6789
4892.1538 0.6765
4893.2793 0.6754
4894.4048 0.6760
4895.5337 0.6787
4896.6597 0.6798
4897.7891 0.6792
4898.9155 0.6794
4900.0454 0.6807
4901.1724 0.6808
4902.2998 0.6805
4903.4307 0.6806
4904.5586 0.6807
4905.6895 0.6807
4906.8179 0.6813
4907.9497 0.6813
4909.0786 0.6814
4910.2080 0.6812
4911.3403 0.6808
4912.4702 0.6809
4913.6030 0.6822
4914.7334 0.6846
4915.8667 0.6864
4916.9976 0.6857
4918.1313 0.6843
4919.2627 0.6830
4920.3945 0.6770
4921.5288 0.6599
4922.6611 0.6233
4923.7964 0.5993
4924.9292 0.6147
4926.0649 0.6583
4927.1978 0.6843
4928.3315 0.6909
4929.4678 0.6925
4930.6021 0.6934
4931.7388 0.6940
4932.8735 0.6940
4934.0107 0.6929
4935.1460 0.6912
4936.2812 0.6906
4937.4194 0.6904
4938.5557 0.6903
4939.6943 0.6909
4940.8306 0.6920
4941.9702 0.6902
4943.1069 0.6876
4944.2441 0.6866
4945.3843 0.6864
4946.5220 0.6859
4947.6626 0.6863
4948.8008 0.6876
4949.9419 0.6873
4951.0806 0.6842
4952.2197 0.6819
4953.3618 0.6835
4954.5010 0.6867
4955.6436 0.6880
4956.7837 0.6867
4957.9268 0.6854
4959.0674 0.6859
4960.2080 0.6873
4961.3521 0.6879
4962.4932 0.6867
4963.6377 0.6845
4964.7793 0.6844
4965.9243 0.6855
4967.0669 0.6851
4968.2095 0.6831
4969.3550 0.6827
4970.4980 0.6847
4971.6445 0.6871
4972.7881 0.6883
4973.9351 0.6885
4975.0791 0.6881
4976.2236 0.6869
4977.3711 0.6855
4978.5161 0.6851
4979.6641 0.6851
4980.8096 0.6843
4981.9585 0.6829
4983.1045 0.6814
4984.2510 0.6802
4985.4004 0.6812
4986.5469 0.6834
4987.6968 0.6841
4988.8442 0.6827
4989.9946 0.6790
4991.1426 0.6756
4992.2910 0.6746
4993.4419 0.6763
4994.5908 0.6798
4995.7427 0.6833
4996.8921 0.6836
4998.0439 0.6824
4999.1938 0.6802
5000.3438 0.6747
5001.4971 0.6668
5002.6475 0.6637
5003.8013 0.6678
5004.9521 0.6728
5006.1064 0.6763
5007.2583 0.6787
5008.4126 0.6807
5009.5649 0.6819
5010.7173 0.6829
5011.8730 0.6846
5013.0259 0.6835
5014.1816 0.6774
5015.3354 0.6660
5016.4917 0.6468
5017.6460 0.6126
5018.8003 0.6017
5019.9575 0.6310
5021.1123 0.6677
5022.2700 0.6788
5023.4258 0.6816
5024.5840 0.6843
5025.7397 0.6834
5026.8960 0.6813
5028.0552 0.6808
5029.2119 0.6807
5030.3716 0.6765
5031.5288 0.6720
5032.6890 0.6719
5033.8472 0.6726
5035.0049 0.6710
5036.1660 0.6695
5037.3247 0.6725
5038.4863 0.6751
5039.6455 0.6635
5040.8076 0.6503
5041.9668 0.6519
5043.1270 0.6676
5044.2900 0.6762
5045.4502 0.6771
5046.6138 0.6761
5047.7749 0.6768
5048.9390 0.6787
5050.1001 0.6799
5051.2622 0.6800
5052.4268 0.6789
5053.5894 0.6727
5054.7544 0.6522
5055.9175 0.6342
5057.0830 0.6413
5058.2466 0.6660
5059.4102 0.6789
5060.5771 0.6803
5061.7412 0.6806
5062.9082 0.6833
5064.0732 0.6853
5065.2407 0.6844
5066.4062 0.6815
5067.5718 0.6804
5068.7402 0.6804
5069.9062 0.6793
5071.0752 0.6771
5072.2417 0.6766
5073.4116 0.6763
5074.5786 0.6745
5075.7461 0.6741
5076.9165 0.6768
5078.0845 0.6808
5079.2554 0.6824
5080.4238 0.6821
5081.5957 0.6814
5082.7646 0.6808
5083.9336 0.6807
5085.1060 0.6803
5086.2759 0.6780
5087.4487 0.6755
5088.6191 0.6761
5089.7925 0.6780
5090.9634 0.6787
5092.1348 0.6775
5093.3091 0.6761
5094.4805 0.6759
5095.6553 0.6758
5096.8276 0.6741
5098.0029 0.6717
5099.1758 0.6685
5100.3516 0.6624
5101.5249 0.6630
5102.6987 0.6710
5103.8750 0.6756
5105.0493 0.6751
5106.2266 0.6745
5107.4014 0.6750
5108.5791 0.6764
5109.7544 0.6766
5110.9297 0.6768
5112.1084 0.6766
5113.2842 0.6756
5114.4634 0.6758
5115.6401 0.6752
5116.8198 0.6739
5117.9966 0.6728
5119.1743 0.6727
5120.3545 0.6737
5121.5327 0.6754
5122.7134 0.6743
5123.8921 0.6734
5125.0737 0.6735
5126.2524 0.6727
5127.4321 0.6702
5128.6143 0.6686
5129.7939 0.6702
5130.9771 0.6728
5132.1572 0.6744
5133.3408 0.6746
5134.5220 0.6740
5135.7031 0.6738
5136.8872 0.6741
5138.0688 0.6738
5139.2539 0.6734
5140.4360 0.6733
5141.6216 0.6728
5142.8042 0.6699
5143.9873 0.6664
5145.1738 0.6655
5146.3574 0.6672
5147.5439 0.6682
5148.7280 0.6663
5149.9155 0.6643
5151.1001 0.6667
5152.2852 0.6686
5153.4731 0.6684
5154.6587 0.6679
5155.8477 0.6684
5157.0337 0.6689
5158.2227 0.6704
5159.4097 0.6709
5160.5962 0.6699
5161.7861 0.6695
5162.9736 0.6711
5164.1646 0.6714
5165.3525 0.6659
5166.5435 0.6508
5167.7319 0.6156
5168.9209 0.5885
5170.1128 0.6038
5171.3022 0.6440
5172.4946 0.6625
5173.6846 0.6695
5174.8779 0.6730
5176.0684 0.6726
5177.2588 0.6690
5178.4526 0.6686
5179.6440 0.6694
5180.8384 0.6701
5182.0303 0.6688
5183.2251 0.6660
5184.4175 0.6643
5185.6104 0.6655
5186.8062 0.6669
5187.9995 0.6673
5189.1958 0.6678
5190.3896 0.6693
5191.5864 0.6709
5192.7808 0.6703
5193.9780 0.6683
5195.1729 0.6630
5196.3682 0.6500
5197.5664 0.6400
5198.7622 0.6457
5199.9609 0.6601
5201.1572 0.6670
5202.3564 0.6684
5203.5532 0.6682
5204.7505 0.6683
5205.9507 0.6684
5207.1484 0.6685
5208.3491 0.6690
5209.5474 0.6686
5210.7485 0.6663
5211.9473 0.6635
5213.1460 0.6614
5214.3481 0.6581
5215.5479 0.6536
5216.7505 0.6518
5217.9507 0.6550
5219.1538 0.6602
5220.3545 0.6632
5221.5557 0.6645
5222.7598 0.6632
5223.9609 0.6616
5225.1655 0.6572
5226.3677 0.6496
5227.5728 0.6454
5228.7754 0.6526
5229.9785 0.6613
5231.1846 0.6626
5232.3877 0.6531
5233.5942 0.6368
5234.7983 0.6257
5236.0054 0.6327
5237.2100 0.6430
5238.4150 0.6504
5239.6230 0.6567
5240.8281 0.6607
5242.0366 0.6607
5243.2427 0.6604
5244.4517 0.6602
5245.6582 0.6574
5246.8652 0.6548
5248.0747 0.6544
5249.2822 0.6552
5250.4927 0.6558
5251.7007 0.6562
5252.9116 0.6570
5254.1201 0.6556
5255.3286 0.6542
5256.5405 0.6560
5257.7500 0.6571
5258.9624 0.6523
5260.1724 0.6454
5261.3853 0.6468
5262.5957 0.6512
5263.8062 0.6487
5265.0200 0.6465
5266.2310 0.6528
5267.4458 0.6600
5268.6572 0.6622
5269.8721 0.6607
5271.0845 0.6584
5272.2974 0.6538
5273.5132 0.6471
5274.7261 0.6285
5275.9424 0.6171
5277.1562 0.6259
5278.3730 0.6458
5279.5874 0.6542
5280.8047 0.6567
5282.0195 0.6567
5283.2349 0.6526
5284.4531 0.6495
5285.6689 0.6530
5286.8877 0.6582
5288.1040 0.6592
5289.3232 0.6578
5290.5400 0.6553
5291.7573 0.6535
5292.9775 0.6537
5294.1953 0.6553
5295.4160 0.6562
5296.6343 0.6563
5297.8555 0.6560
5299.0742 0.6547
5300.2935 0.6531
5301.5156 0.6540
5302.7354 0.6555
5303.9580 0.6555
5305.1782 0.6536
5306.4014 0.6519
5307.6221 0.6523
5308.8433 0.6539
5310.0674 0.6557
5311.2891 0.6554
5312.5137 0.6514
5313.7358 0.6422
5314.9614 0.6257
5316.1841 0.6051
5317.4072 0.6075
5318.6333 0.6323
5319.8569 0.6498
5321.0835 0.6531
5322.3076 0.6535
5323.5347 0.6527
5324.7598 0.6502
5325.9844 0.6506
5327.2129 0.6535
5328.4380 0.6542
5329.6670 0.6507
5330.8931 0.6492
5332.1221 0.6523
5333.3491 0.6530
5334.5757 0.6503
5335.8062 0.6481
5337.0337 0.6488
5338.2642 0.6485
5339.4922 0.6473
5340.7236 0.6492
5341.9521 0.6522
5343.1812 0.6533
5344.4131 0.6519
5345.6426 0.6492
5346.8755 0.6485
5348.1055 0.6510
5349.3389 0.6536
5350.5693 0.6547
5351.8003 0.6545
5353.0342 0.6532
5354.2656 0.6519
5355.5005 0.6510
5356.7324 0.6510
5357.9678 0.6510
5359.2002 0.6503
5360.4331 0.6479
5361.6694 0.6398
5362.9028 0.6311
5364.1392 0.6337
5365.3735 0.6435
5366.6108 0.6488
5367.8452 0.6508
5369.0801 0.6504
5370.3184 0.6487
5371.5537 0.6471
5372.7925 0.6467
5374.0283 0.6477
5375.2676 0.6484
5376.5039 0.6480
5377.7441 0.6491
5378.9810 0.6503
5380.2183 0.6497
5381.4590 0.6478
5382.6973 0.6467
5383.9385 0.6470
5385.1768 0.6467
5386.4189 0.6451
5387.6577 0.6440
5388.8975 0.6451
5390.1401 0.6459
5391.3799 0.6449
5392.6230 0.6449
5393.8638 0.6450
5395.1074 0.6438
5396.3486 0.6420
5397.5903 0.6427
5398.8350 0.6450
5400.0767 0.6441
5401.3223 0.6412
5402.5645 0.6400
5403.8105 0.6415
5405.0537 0.6413
5406.2969 0.6409
5407.5439 0.6422
5408.7876 0.6445
5410.0352 0.6454
5411.2798 0.6438
5412.5273 0.6419
5413.7725 0.6404
5415.0181 0.6406
5416.2666 0.6427
5417.5127 0.6441
5418.7617 0.6435
5420.0083 0.6428
5421.2583 0.6423
5422.5054 0.6423
5423.7529 0.6409
5425.0034 0.6392
5426.2515 0.6401
5427.5029 0.6412
5428.7515 0.6376
5430.0034 0.6366
5431.2524 0.6370
5432.5020 0.6361
5433.7549 0.6352
5435.0049 0.6380
5436.2578 0.6409
5437.5088 0.6426
5438.7627 0.6429
5440.0137 0.6423
5441.2651 0.6415
5442.5200 0.6398
5443.7720 0.6387
5445.0273 0.6385
5446.2798 0.6386
5447.5356 0.6388
5448.7891 0.6385
5450.0425 0.6375
5451.2993 0.6376
5452.5532 0.6370
5453.8105 0.6355
5455.0654 0.6356
5456.3232 0.6384
5457.5786 0.6403
5458.8340 0.6405
5460.0928 0.6413
5461.3486 0.6422
5462.6084 0.6419
5463.8647 0.6398
5465.1250 0.6357
5466.3823 0.6327
5467.6396 0.6350
5468.9004 0.6387
5470.1587 0.6404
5471.4199 0.6400
5472.6787 0.6392
5473.9404 0.6387
5475.1997 0.6398
5476.4624 0.6394
5477.7222 0.6333
5478.9824 0.6239
5480.2461 0.6222
5481.5068 0.6292
5482.7705 0.6340
5484.0322 0.6359
5485.2964 0.6355
5486.5586 0.6325
5487.8208 0.6296
5489.0859 0.6301
5490.3491 0.6326
5491.6147 0.6335
5492.8784 0.6329
5494.1450 0.6333
5495.4087 0.6352
5496.6729 0.6373
5497.9404 0.6379
5499.2056 0.6375
5500.4736 0.6363
5501.7388 0.6340
5503.0073 0.6313
5504.2734 0.6295
5505.5396 0.6252
5506.8096 0.6235
5508.0762 0.6257
5509.3462 0.6286
5510.6138 0.6311
5511.8843 0.6341
5513.1523 0.6363
5514.4209 0.6383
5515.6924 0.6396
5516.9614 0.6394
5518.2334 0.6384
5519.5029 0.6373
5520.7759 0.6376
5522.0459 0.6382
5523.3159 0.6375
5524.5898 0.6356
5525.8608 0.6342
5527.1348 0.6336
5528.4062 0.6338
5529.6812 0.6345
5530.9536 0.6345
5532.2256 0.6322
5533.5015 0.6266
5534.7744 0.6207
5536.0508 0.6239
5537.3242 0.6299
5538.6011 0.6325
5539.8755 0.6321
5541.1499 0.6320
5542.4277 0.6315
5543.7026 0.6294
5544.9810 0.6285
5546.2568 0.6300
5547.5356 0.6319
5548.8115 0.6324
5550.0884 0.6332
5551.3682 0.6344
5552.6450 0.6350
5553.9258 0.6346
5555.2031 0.6337
5556.4844 0.6336
5557.7627 0.6345
5559.0410 0.6347
5560.3232 0.6341
5561.6021 0.6337
5562.8848 0.6336
5564.1646 0.6331
5565.4473 0.6332
5566.7280 0.6344
5568.0083 0.6349
5569.2925 0.6340
5570.5737 0.6329
5571.8579 0.6327
5573.1401 0.6333
5574.4253 0.6340
5575.7075 0.6336
5576.9932 0.6321
5578.2764 0.6310
5579.5596 0.6312
5580.8462 0.6322
5582.1299 0.6325
5583.4170 0.6325
5584.7017 0.6324
5585.9893 0.6318
5587.2744 0.6307
5588.5601 0.6307
5589.8486 0.6319
5591.1348 0.6330
5592.4238 0.6334
5593.7104 0.6331
5595.0005 0.6317
5596.2876 0.6307
5597.5747 0.6305
5598.8657 0.6306
5600.1538 0.6307
5601.4448 0.6310
5602.7334 0.6318
5604.0254 0.6319
5605.3149 0.6301
5606.6045 0.6289
5607.8970 0.6291
5609.1870 0.6289
5610.4805 0.6286
5611.7715 0.6290
5613.0654 0.6296
5614.3569 0.6299
5615.6484 0.6294
5616.9434 0.6288
5618.2354 0.6287
5619.5308 0.6283
5620.8237 0.6280
5622.1201 0.6286
5623.4131 0.6296
5624.7070 0.6300
5626.0039 0.6301
5627.2983 0.6298
5628.5957 0.6296
5629.8906 0.6291
5631.1890 0.6286
5632.4844 0.6285
5633.7803 0.6289
5635.0791 0.6285
5636.3755 0.6273
5637.6753 0.6258
5638.9722 0.6243
5640.2725 0.6232
5641.5703 0.6240
5642.8682 0.6249
5644.1694 0.6243
5645.4678 0.6233
5646.7695 0.6235
5648.0684 0.6245
5649.3711 0.6247
5650.6704 0.6244
5651.9707 0.6251
5653.2739 0.6258
5654.5742 0.6258
5655.8784 0.6255
5657.1797 0.6255
5658.4839 0.6245
5659.7856 0.6238
5661.0879 0.6244
5662.3931 0.6252
5663.6958 0.6246
5665.0020 0.6234
5666.3052 0.6226
5667.6118 0.6223
5668.9155 0.6223
5670.2197 0.6224
5671.5273 0.6222
5672.8320 0.6215
5674.1401 0.6216
5675.4453 0.6221
5676.7539 0.6224
5678.0601 0.6222
5679.3696 0.6218
5680.6758 0.6219
5681.9829 0.6223
5683.2930 0.6218
5684.6006 0.6214
5685.9111 0.6213
5687.2192 0.6211
5688.5308 0.6205
5689.8394 0.6197
5691.1484 0.6198
5692.4609 0.6205
5693.7705 0.6212
5695.0835 0.6211
5696.3936 0.6204
5697.7070 0.6201
5699.0176 0.6199
5700.3286 0.6184
5701.6431 0.6161
5702.9551 0.6146
5704.2700 0.6141
5705.5825 0.6132
5706.8979 0.6139
5708.2109 0.6158
5709.5239 0.6171
5710.8408 0.6169
5712.1543 0.6167
5713.4717 0.6172
5714.7861 0.6171
5716.1040 0.6176
5717.4189 0.6180
5718.7339 0.6169
5720.0527 0.6152
5721.3687 0.6149
5722.6880 0.6154
5724.0044 0.6156
5725.3242 0.6148
5726.6416 0.6135
5727.9590 0.6133
5729.2798 0.6144
5730.5977 0.6148
5731.9194 0.6143
5733.2378 0.6137
5734.5601 0.6133
5735.8794 0.6134
5737.1987 0.6138
5738.5215 0.6140
5739.8418 0.6139
5741.1655 0.6137
5742.4863 0.6133
5743.8105 0.6124
5745.1318 0.6112
5746.4536 0.6103
5747.7783 0.6101
5749.1006 0.6108
5750.4268 0.6121
5751.7495 0.6131
5753.0757 0.6138
5754.3994 0.6140
5755.7231 0.6136
5757.0503 0.6131
5758.3745 0.6131
5759.7026 0.6132
5761.0273 0.6129
5762.3560 0.6126
5763.6816 0.6118
5765.0078 0.6106
5766.3369 0.6099
5767.6636 0.6103
5768.9937 0.6099
5770.3208 0.6092
5771.6514 0.6081
5772.9790 0.6066
5774.3071 0.6054
5775.6387 0.6047
5776.9673 0.6031
5778.2993 0.5967
5779.6289 0.5847
5780.9614 0.5773
5782.2915 0.5840
5783.6250 0.5946
5784.9556 0.6001
5786.2861 0.6027
5787.6206 0.6039
5788.9521 0.6045
5790.2871 0.6052
5791.6191 0.6059
5792.9546 0.6058
5794.2871 0.6041
5795.6201 0.5997
5796.9565 0.5961
5798.2900 0.5983
5799.6274 0.6042
5800.9614 0.6064
5802.2993 0.6069
5803.6338 0.6067
5804.9692 0.6056
5806.3076 0.6042
5807.6436 0.6045
5808.9824 0.6051
5810.3188 0.6054
5811.6587 0.6044
5812.9956 0.6035
5814.3330 0.6049
5815.6738 0.6071
5817.0117 0.6079
5818.3530 0.6078
5819.6914 0.6072
5821.0337 0.6065
5822.3726 0.6060
5823.7119 0.6064
5825.0552 0.6068
5826.3950 0.6067
5827.7388 0.6064
5829.0791 0.6064
5830.4233 0.6067
5831.7646 0.6071
5833.1064 0.6070
5834.4517 0.6060
5835.7935 0.6055
5837.1396 0.6058
5838.4824 0.6062
5839.8286 0.6061
5841.1719 0.6049
5842.5156 0.6036
5843.8633 0.6026
5845.2075 0.6023
5846.5552 0.6028
5847.9004 0.6029
5849.2490 0.6012
5850.5942 0.6011
5851.9404 0.6023
5853.2896 0.6032
5854.6362 0.6031
5855.9863 0.6026
5857.3335 0.6023
5858.6841 0.6032
5860.0322 0.6041
5861.3799 0.6043
5862.7319 0.6040
5864.0806 0.6034
5865.4326 0.6025
5866.7822 0.6014
5868.1348 0.6008
5869.4849 0.6007
5870.8350 0.6004
5872.1890 0.5993
5873.5400 0.5968
5874.8940 0.5874
5876.2456 0.5854
5877.6006 0.5936
5878.9531 0.6005
5880.3052 0.6012
5881.6611 0.6004
5883.0146 0.5996
5884.3711 0.5987
5885.7246 0.5971
5887.0820 0.5871
5888.4365 0.5514
5889.7939 0.4987
5891.1489 0.5186
5892.5044 0.5654
5893.8633 0.5715
5895.2192 0.5314
5896.5786 0.5136
5897.9351 0.5567
5899.2949 0.5874
5900.6523 0.5945
5902.0098 0.5940
5903.3706 0.5952
5904.7285 0.5976
5906.0903 0.5987
5907.4487 0.5984
5908.8110 0.5974
5910.1704 0.5965
5911.5303 0.5962
5912.8931 0.5965
5914.2534 0.5961
5915.6172 0.5959
5916.9780 0.5955
5918.3428 0.5945
5919.7041 0.5937
5921.0659 0.5946
5922.4312 0.5949
5923.7939 0.5931
5925.1597 0.5931
5926.5229 0.5949
5927.8896 0.5953
5929.2534 0.5950
5930.6172 0.5954
5931.9849 0.5959
5933.3496 0.5966
5934.7178 0.5973
5936.0830 0.5970
5937.4517 0.5958
5938.8179 0.5951
5940.1841 0.5931
5941.5537 0.5900
5942.9204 0.5886
5944.2910 0.5902
5945.6587 0.5905
5947.0298 0.5904
5948.3975 0.5914
5949.7661 0.5920
5951.1382 0.5917
5952.5073 0.5916
5953.8799 0.5924
5955.2495 0.5902
5956.6226 0.5830
5957.9932 0.5799
5959.3638 0.5834
5960.7378 0.5873
5962.1094 0.5877
5963.4839 0.5893
5964.8560 0.5901
5966.2314 0.5900
5967.6040 0.5900
5968.9766 0.5904
5970.3530 0.5907
5971.7266 0.5913
5973.1035 0.5920
5974.4780 0.5916
5975.8555 0.5887
5977.2305 0.5826
5978.6055 0.5755
5979.9839 0.5793
5981.3599 0.5867
5982.7388 0.5903
5984.1152 0.5903
5985.4951 0.5899
5986.8721 0.5890
5988.2495 0.5897
5989.6304 0.5895
5991.0083 0.5888
5992.3896 0.5889
5993.7681 0.5889
5995.1504 0.5865
5996.5298 0.5856
5997.9126 0.5882
5999.2920 0.5905
6000.6724 0.5910
6002.0562 0.5911
6003.4370 0.5907
6004.8213 0.5903
6006.2026 0.5901
6007.5874 0.5892
6008.9697 0.5859
6010.3521 0.5814
6011.7378 0.5813
6013.1211 0.5857
6014.5078 0.5884
6015.8911 0.5892
6017.2783 0.5892
6018.6626 0.5889
6020.0474 0.5891
6021.4355 0.5898
6022.8208 0.5894
6024.2095 0.5889
6025.5957 0.5888
6026.9849 0.5888
6028.3716 0.5888
6029.7583 0.5890
6031.1489 0.5889
6032.5361 0.5883
6033.9272 0.5875
6035.3154 0.5868
6036.7070 0.5854
6038.0957 0.5846
6039.4849 0.5859
6040.8774 0.5873
6042.2671 0.5873
6043.6606 0.5863
6045.0508 0.5850
6046.4448 0.5851
6047.8359 0.5868
6049.2271 0.5879
6050.6221 0.5878
6052.0142 0.5875
6053.4097 0.5878
6054.8022 0.5885
6056.1982 0.5884
6057.5918 0.5882
6058.9854 0.5880
6060.3823 0.5871
6061.7764 0.5873
6063.1743 0.5887
6064.5693 0.5887
6065.9678 0.5878
6067.3633 0.5873
6068.7588 0.5874
6070.1582 0.5873
6071.5547 0.5873
6072.9551 0.5874
6074.3521 0.5881
6075.7529 0.5888
6077.1504 0.5889
6078.5483 0.5887
6079.9502 0.5886
6081.3491 0.5887
6082.7515 0.5881
6084.1504 0.5874
6085.5537 0.5874
6086.9536 0.5881
6088.3540 0.5880
6089.7578 0.5877
6091.1587 0.5880
6092.5635 0.5884
6093.9648 0.5883
6095.3701 0.5884
6096.7725 0.5885
6098.1782 0.5890
6099.5811 0.5892
6100.9844 0.5887
6102.3911 0.5872
6103.7949 0.5865
6105.2026 0.5875
6106.6069 0.5883
6108.0151 0.5883
6109.4204 0.5879
6110.8257 0.5875
6112.2349 0.5873
6113.6411 0.5869
6115.0508 0.5872
6116.4575 0.5876
6117.8682 0.5879
6119.2754 0.5885
6120.6831 0.5885
6122.0947 0.5886
6123.5029 0.5882
6124.9150 0.5878
6126.3242 0.5877
6127.7368 0.5877
6129.1465 0.5878
6130.5566 0.5878
6131.9702 0.5881
6133.3809 0.5884
6134.7954 0.5884
6136.2065 0.5881
6137.6216 0.5879
6139.0337 0.5875
6140.4458 0.5869
6141.8618 0.5860
6143.2749 0.5854
6144.6914 0.5854
6146.1050 0.5833
6147.5220 0.5775
6148.9365 0.5758
6150.3511 0.5797
6151.7690 0.5847
6153.1846 0.5855
6154.6035 0.5831
6156.0190 0.5771
6157.4390 0.5738
6158.8555 0.5760
6160.2720 0.5806
6161.6929 0.5825
6163.1104 0.5826
6164.5312 0.5819
6165.9497 0.5810
6167.3711 0.5805
6168.7900 0.5803
6170.2095 0.5802
6171.6323 0.5797
6173.0518 0.5784
6174.4756 0.5760
6175.8960 0.5757
6177.3198 0.5769
6178.7412 0.5769
6180.1626 0.5772
6181.5874 0.5783
6183.0098 0.5788
6184.4355 0.5790
6185.8579 0.5791
6187.2847 0.5791
6188.7080 0.5792
6190.1318 0.5797
6191.5591 0.5807
6192.9834 0.5810
6194.4116 0.5799
6195.8364 0.5781
6197.2651 0.5781
6198.6909 0.5793
6200.1172 0.5792
6201.5469 0.5760
6202.9731 0.5721
6204.4038 0.5718
6205.8311 0.5754
6207.2622 0.5782
6208.6899 0.5796
6210.1216 0.5796
6211.5503 0.5790
6212.9795 0.5787
6214.4121 0.5795
6215.8418 0.5801
6217.2749 0.5807
6218.7056 0.5815
6220.1392 0.5818
6221.5703 0.5812
6223.0015 0.5810
6224.4365 0.5811
6225.8687 0.5810
6227.3042 0.5809
6228.7368 0.5809
6230.1729 0.5805
6231.6064 0.5797
6233.0400 0.5792
6234.4771 0.5794
6235.9116 0.5782
6237.3496 0.5745
6238.7842 0.5710
6240.2231 0.5736
6241.6587 0.5770
6243.0942 0.5774
6244.5342 0.5757
6245.9707 0.5713
6247.4111 0.5654
6248.8481 0.5693
6250.2891 0.5765
6251.7271 0.5786
6253.1650 0.5783
6254.6069 0.5784
6256.0459 0.5782
6257.4888 0.5785
6258.9282 0.5785
6260.3716 0.5778
6261.8115 0.5774
6263.2520 0.5775
6264.6963 0.5773
6266.1377 0.5766
6267.5825 0.5756
6269.0244 0.5721
6270.4702 0.5698
6271.9126 0.5710
6273.3555 0.5731
6274.8022 0.5721
6276.2456 0.5646
6277.6929 0.5526
6279.1372 0.5471
6280.5850 0.5477
6282.0298 0.5440
6283.4751 0.5370
6284.9238 0.5376
6286.3696 0.5481
6287.8193 0.5584
6289.2661 0.5627
6290.7163 0.5636
6292.1636 0.5642
6293.6108 0.5671
6295.0620 0.5684
6296.5103 0.5689
6297.9624 0.5691
6299.4111 0.5686
6300.8638 0.5687
6302.3135 0.5682
6303.7632 0.5671
6305.2168 0.5655
6306.6675 0.5650
6308.1216 0.5666
6309.5728 0.5677
6311.0278 0.5681
6312.4795 0.5691
6313.9316 0.5693
6315.3877 0.5681
6316.8403 0.5664
6318.2974 0.5654
6319.7510 0.5669
6321.2080 0.5690
6322.6621 0.5703
6324.1201 0.5705
6325.5752 0.5708
6327.0303 0.5714
6328.4893 0.5715
6329.9453 0.5701
6331.4048 0.5685
6332.8613 0.5684
6334.3218 0.5698
6335.7788 0.5707
6337.2363 0.5712
6338.6978 0.5708
6340.1558 0.5704
6341.6182 0.5698
6343.0767 0.5674
6344.5396 0.5593
6345.9990 0.5260
6347.4590 0.5138
6348.9229 0.5364
6350.3833 0.5647
6351.8477 0.5681
6353.3091 0.5687
6354.7739 0.5684
6356.2358 0.5678
6357.6982 0.5678
6359.1641 0.5683
6360.6270 0.5685
6362.0938 0.5677
6363.5576 0.5675
6365.0249 0.5674
6366.4893 0.5669
6367.9536 0.5635
6369.4224 0.5497
6370.8877 0.5229
6372.3564 0.5285
6373.8228 0.5533
6375.2925 0.5668
6376.7588 0.5654
6378.2261 0.5656
6379.6968 0.5646
6381.1646 0.5658
6382.6357 0.5663
6384.1040 0.5665
6385.5762 0.5668
6387.0454 0.5671
6388.5146 0.5680
6389.9878 0.5684
6391.4580 0.5683
6392.9316 0.5683
6394.4023 0.5683
6395.8770 0.5678
6397.3481 0.5667
6398.8198 0.5669
6400.2954 0.5666
6401.7681 0.5657
6403.2441 0.5655
6404.7173 0.5668
6406.1943 0.5670
6407.6680 0.5670
6409.1421 0.5666
6410.6196 0.5660
6412.0947 0.5652
6413.5732 0.5644
6415.0488 0.5624
6416.5278 0.5601
6418.0039 0.5617
6419.4805 0.5641
6420.9609 0.5649
6422.4380 0.5653
6423.9189 0.5655
6425.3970 0.5656
6426.8784 0.5656
6428.3569 0.5657
6429.8359 0.5655
6431.3184 0.5644
6432.7979 0.5627
6434.2812 0.5626
6435.7617 0.5636
6437.2456 0.5643
6438.7266 0.5641
6440.2114 0.5636
6441.6929 0.5630
6443.1748 0.5626
6444.6606 0.5606
6446.1431 0.5591
6447.6294 0.5598
6449.1128 0.5612
6450.6001 0.5611
6452.0840 0.5600
6453.5684 0.5552
6455.0566 0.5470
6456.5415 0.5432
6458.0303 0.5507
6459.5161 0.5579
6461.0054 0.5599
6462.4917 0.5597
6463.9785 0.5597
6465.4692 0.5599
6466.9565 0.5597
6468.4478 0.5589
6469.9360 0.5587
6471.4277 0.5592
6472.9165 0.5591
6474.4058 0.5578
6475.8984 0.5567
6477.3882 0.5581
6478.8818 0.5589
6480.3726 0.5561
6481.8667 0.5524
6483.3579 0.5516
6484.8496 0.5542
6486.3447 0.5567
6487.8369 0.5572
6489.3330 0.5567
6490.8262 0.5554
6492.3228 0.5543
6493.8164 0.5544
6495.3101 0.5546
6496.8081 0.5550
6498.3027 0.5564
6499.8013 0.5580
6501.2964 0.5588
6502.7954 0.5585
6504.2915 0.5575
6505.7876 0.5564
6507.2881 0.5563
6508.7852 0.5568
6510.2861 0.5572
6511.7837 0.5572
6513.2852 0.5563
6514.7837 0.5522
6516.2822 0.5489
6517.7852 0.5499
6519.2842 0.5534
6520.7876 0.5551
6522.2876 0.5557
6523.7920 0.5546
6525.2925 0.5549
6526.7939 0.5553
6528.2988 0.5548
6529.8008 0.5543
6531.3062 0.5539
6532.8091 0.5532
6534.3154 0.5537
6535.8184 0.5546
6537.3223 0.5552
6538.8296 0.5561
6540.3340 0.5568
6541.8423 0.5561
6543.3472 0.5541
6544.8560 0.5533
6546.3613 0.5550
6547.8677 0.5585
6549.3774 0.5613
6550.8843 0.5632
6552.3945 0.5626
6553.9019 0.5628
6555.4136 0.5643
6556.9214 0.5608
6558.4336 0.5400
6559.9424 0.4835
6561.4512 0.4751
6562.9644 0.5290
6564.4741 0.5848
6565.9878 0.5849
6567.4985 0.5733
6569.0127 0.5674
6570.5239 0.5643
6572.0356 0.5623
6573.5513 0.5608
6575.0635 0.5592
6576.5796 0.5577
6578.0923 0.5561
6579.6094 0.5559
6581.1230 0.5551
6582.6372 0.5536
6584.1548 0.5533
6585.6694 0.5534
6587.1885 0.5526
6588.7036 0.5518
6590.2231 0.5510
6591.7393 0.5505
6593.2554 0.5505
6594.7759 0.5506
6596.2930 0.5507
6597.8140 0.5499
6599.3320 0.5497
6600.8535 0.5505
6602.3721 0.5506
6603.8911 0.5501
6605.4141 0.5494
6606.9336 0.5490
6608.4570 0.5489
6609.9771 0.5487
6611.5015 0.5471
6613.0225 0.5430
6614.5439 0.5414
6616.0693 0.5447
6617.5913 0.5473
6619.1172 0.5471
6620.6396 0.5471
6622.1665 0.5465
6623.6899 0.5466
6625.2139 0.5459
6626.7417 0.5452
6628.2661 0.5454
6629.7944 0.5462
6631.3198 0.5459
6632.8486 0.5459
6634.3745 0.5458
6635.9009 0.5455
6637.4312 0.5452
6638.9580 0.5450
6640.4888 0.5451
6642.0166 0.5447
6643.5483 0.5436
6645.0767 0.5429
6646.6055 0.5430
6648.1382 0.5435
6649.6675 0.5440
6651.2007 0.5437
6652.7310 0.5432
6654.2651 0.5429
6655.7959 0.5428
6657.3271 0.5428
6658.8623 0.5423
6660.3940 0.5413
6661.9297 0.5415
6663.4624 0.5420
6664.9990 0.5423
6666.5322 0.5428
6668.0659 0.5429
6669.6035 0.5418
6671.1377 0.5404
6672.6763 0.5402
6674.2114 0.5408
6675.7505 0.5391
6677.2861 0.5337
6678.8257 0.5333
6680.3623 0.5379
6681.8989 0.5411
6683.4399 0.5413
6684.9775 0.5416
6686.5190 0.5419
6688.0571 0.5425
6689.5996 0.5417
6691.1382 0.5407
6692.6777 0.5402
6694.2212 0.5395
6695.7607 0.5392
6697.3052 0.5388
6698.8457 0.5380
6700.3906 0.5380
6701.9316 0.5389
6703.4736 0.5395
6705.0195 0.5396
6706.5620 0.5394
6708.1084 0.5394
6709.6519 0.5394
6711.1987 0.5390
6712.7427 0.5382
6714.2871 0.5368
6715.8354 0.5360
6717.3804 0.5363
6718.9292 0.5367
6720.4751 0.5365
6722.0249 0.5350
6723.5713 0.5318
6725.1177 0.5341
6726.6685 0.5366
6728.2163 0.5370
6729.7676 0.5364
6731.3159 0.5364
6732.8682 0.5356
6734.4170 0.5346
6735.9663 0.5342
6737.5195 0.5342
6739.0693 0.5341
6740.6235 0.5339
6742.1743 0.5339
6743.7290 0.5338
6745.2803 0.5336
6746.8320 0.5334
6748.3877 0.5334
6749.9404 0.5337
6751.4966 0.5338
6753.0498 0.5341
6754.6069 0.5341
6756.1611 0.5335
6757.7153 0.5328
6759.2734 0.5328
6760.8286 0.5331
6762.3877 0.5327
6763.9434 0.5322
6765.5029 0.5321
6767.0596 0.5318
6768.6162 0.5310
6770.1772 0.5308
6771.7344 0.5310
6773.2959 0.5307
6774.8540 0.5301
6776.4165 0.5298
6777.9756 0.5299
6779.5347 0.5299
6781.0981 0.5294
6782.6582 0.5292
6784.2222 0.5288
6785.7827 0.5282
6787.3477 0.5279
6788.9092 0.5278
6790.4707 0.5260
6792.0366 0.5236
6793.5991 0.5240
6795.1655 0.5263
6796.7290 0.5269
6798.2964 0.5272
6799.8604 0.5270
6801.4282 0.5268
6802.9927 0.5273
6804.5581 0.5280
6806.1270 0.5278
6807.6929 0.5280
6809.2627 0.5278
6810.8291 0.5276
6812.3994 0.5276
6813.9668 0.5280
6815.5342 0.5279
6817.1060 0.5278
6818.6743 0.5275
6820.2466 0.5272
6821.8154 0.5272
6823.3887 0.5272
6824.9585 0.5270
6826.5283 0.5267
6828.1025 0.5261
6829.6733 0.5259
6831.2485 0.5260
6832.8198 0.5260
6834.3955 0.5258
6835.9678 0.5254
6837.5405 0.5251
6839.1172 0.5251
6840.6904 0.5250
6842.2681 0.5249
6843.8418 0.5245
6845.4199 0.5240
6846.9946 0.5242
6848.5698 0.5243
6850.1494 0.5242
6851.7251 0.5241
6853.3052 0.5239
6854.8818 0.5237
6856.4624 0.5230
6858.0396 0.5226
6859.6177 0.5227
6861.1992 0.5225
6862.7778 0.5221
6864.3604 0.5225
6865.9395 0.5226
6867.5225 0.5225
6869.1025 0.5218
6870.6826 0.5210
6872.2671 0.5212
6873.8481 0.5218
6875.4331 0.5219
6877.0146 0.5218
6878.6006 0.5216
6880.1831 0.5214
6881.7656 0.5210
6883.3525 0.5209
6884.9360 0.5208
6886.5239 0.5208
6888.1079 0.5208
6889.6963 0.5207
6891.2812 0.5205
6892.8667 0.5204
6894.4561 0.5203
6896.0425 0.5202
6897.6323 0.5200
6899.2192 0.5198
6900.8105 0.5196
6902.3979 0.5195
6903.9858 0.5188
6905.5776 0.5180
6907.1665 0.5180
6908.7593 0.5185
6910.3486 0.5186
6911.9419 0.5186
6913.5322 0.5184
6915.1226 0.5184
6916.7173 0.5183
6918.3081 0.5181
6919.9038 0.5175
6921.4956 0.5164
6923.0918 0.5165
6924.6846 0.5172
6926.2812 0.5170
6927.8745 0.5163
6929.4683 0.5163
6931.0664 0.5165
6932.6606 0.5165
6934.2593 0.5167
6935.8545 0.5168
6937.4541 0.5166
6939.0498 0.5165
6940.6460 0.5164
6942.2466 0.5163
6943.8438 0.5162
6945.4448 0.5160
6947.0430 0.5159
6948.6445 0.5158
6950.2432 0.5156
6951.8423 0.5151
6953.4453 0.5149
6955.0449 0.5150
6956.6489 0.5151
6958.2490 0.5149
6959.8535 0.5146
6961.4546 0.5146
6963.0562 0.5146
6964.6621 0.5144
6966.2642 0.5142
6967.8706 0.5140
6969.4736 0.5137
6971.0806 0.5136
6972.6841 0.5136
6974.2886 0.5135
6975.8965 0.5133
6977.5015 0.5130
6979.1104 0.5127
6980.7158 0.5125
6982.3257 0.5123
6983.9321 0.5125
6985.5386 0.5127
6987.1494 0.5122
6988.7568 0.5116
6990.3687 0.5117
6991.9766 0.5106
6993.5889 0.5096
6995.1978 0.5101
6996.8071 0.5116
6998.4204 0.5118
7000.0303 0.5111
7001.6445 0.5097
7003.2554 0.5099
7004.8701 0.5116
7006.4819 0.5122
7008.0938 0.5116
7009.7095 0.5112
7011.3223 0.5113
7012.9390 0.5111
7014.5522 0.5104
7016.1699 0.5097
7017.7837 0.5090
7019.3984 0.5091
7021.0171 0.5092
7022.6323 0.5096
7024.2515 0.5096
7025.8677 0.5089
7027.4878 0.5087
7029.1045 0.5079
7030.7212 0.5074
7032.3428 0.5084
7033.9604 0.5098
7035.5825 0.5096
7037.2007 0.5088
7038.8237 0.5091
7040.4429 0.5058
7042.0664 0.5031
7043.6865 0.5050
7045.3066 0.5087
7046.9316 0.5087
7048.5527 0.5079
7050.1782 0.5079
7051.7998 0.5080
7053.4263 0.5078
7055.0488 0.5066
7056.6719 0.5039
7058.2988 0.5053
7059.9229 0.5060
7061.5508 0.5048
7063.1753 0.5031
7064.8037 0.5023
7066.4292 0.5037
7068.0547 0.5055
7069.6846 0.5061
7071.3110 0.5064
7072.9419 0.5068
7074.5688 0.5063
7076.2002 0.5062
7077.8281 0.5050
7079.4561 0.5051
7081.0889 0.5058
7082.7178 0.5061
7084.3511 0.5058
7085.9810 0.5060
7087.6147 0.5065
7089.2451 0.5063
7090.8760 0.5057
7092.5112 0.5054
7094.1431 0.5052
7095.7788 0.5054
7097.4111 0.5052
7099.0479 0.5049
7100.6812 0.5047
7102.3145 0.5046
7103.9521 0.5047
7105.5864 0.5044
7107.2251 0.5042
7108.8599 0.5042
7110.4995 0.5037
7112.1353 0.5031
7113.7715 0.5034
7115.4116 0.5035
7117.0483 0.5031
7118.6899 0.5029
7120.3271 0.5029
7121.9692 0.5029
7123.6079 0.5031
7125.2466 0.5030
7126.8896 0.5026
7128.5293 0.5025
7130.1729 0.5026
7131.8130 0.5024
7133.4580 0.5018
7135.0986 0.5014
7136.7402 0.5018
7138.3857 0.5018
7140.0283 0.5017
7141.6748 0.5016
7143.3174 0.5015
7144.9648 0.5015
7146.6084 0.5015
7148.2524 0.5014
7149.9009 0.5012
7151.5459 0.5011
7153.1948 0.5009
7154.8403 0.5002
7156.4902 0.4992
7158.1367 0.4996
7159.7832 0.5003
7161.4346 0.5002
7163.0820 0.5001
7164.7339 0.5000
7166.3818 0.4999
7168.0347 0.5000
7169.6836 0.5000
7171.3369 0.4999
7172.9863 0.4999
7174.6367 0.4998
7176.2910 0.4997
7177.9419 0.4996
7179.5972 0.4995
7181.2490 0.4994
7182.9048 0.4993
7184.5571 0.4993
7186.2100 0.4991
7187.8672 0.4990
7189.5210 0.4985
7191.1787 0.4972
7192.8330 0.4957
7194.4917 0.4950
7196.1465 0.4944
7197.8022 0.4940
7199.4619 0.4935
7201.1182 0.4932
7202.7788 0.4928
7204.4355 0.4926
7206.0972 0.4923
7207.7549 0.4917
7209.4131 0.4915
7211.0757 0.4915
7212.7344 0.4912
7214.3975 0.4911
7216.0571 0.4910
7217.7212 0.4909
7219.3818 0.4907
7221.0425 0.4903
7222.7075 0.4898
7224.3691 0.4896
7226.0352 0.4899
7227.6973 0.4901
7229.3643 0.4899
7231.0273 0.4896
7232.6909 0.4895
7234.3584 0.4894
7236.0229 0.4890
7237.6914 0.4889
7239.3564 0.4889
7241.0259 0.4886
7242.6919 0.4884
7244.3579 0.4884
7246.0283 0.4883
7247.6953 0.4882
7249.3667 0.4880
7251.0342 0.4877
7252.7065 0.4873
7254.3750 0.4866
7256.0439 0.4869
7257.7168 0.4872
7259.3867 0.4871
7261.0605 0.4868
7262.7310 0.4865
7264.4058 0.4862
7266.0771 0.4860
7267.7485 0.4860
7269.4243 0.4859
7271.0967 0.4857
7272.7734 0.4855
7274.4463 0.4853
7276.1240 0.4851
7277.7979 0.4850
7279.4722 0.4848
7281.1509 0.4846
7282.8257 0.4844
7284.5054 0.4842
7286.1812 0.4838
7287.8613 0.4834
7289.5376 0.4832
7291.2148 0.4833
7292.8960 0.4832
7294.5737 0.4830
7296.2559 0.4828
7297.9341 0.4826
7299.6172 0.4824
7301.2964 0.4821
7302.9800 0.4819
7304.6602 0.4818
7306.3408 0.4811
7308.0254 0.4803
7309.7065 0.4797
7311.3921 0.4795
7313.0742 0.4794
7314.7607 0.4793
7316.4434 0.4791
7318.1265 0.4787
7319.8140 0.4782
7321.4980 0.4779
7323.1860 0.4780
7324.8711 0.4779
7326.5601 0.4777
7328.2456 0.4774
7329.9312 0.4771
7331.6216 0.4768
7333.3081 0.4766
7334.9995 0.4763
7336.6865 0.4762
7338.3784 0.4760
7340.0669 0.4758
7341.7554 0.4757
7343.4482 0.4755
7345.1377 0.4753
7346.8315 0.4752
7348.5215 0.4750
7350.2163 0.4748
7351.9067 0.4746
7353.5981 0.4744
7355.2939 0.4742
7356.9858 0.4741
7358.6826 0.4740
7360.3755 0.4738
7362.0728 0.4736
7363.7661 0.4736
7365.4604 0.4734
7367.1587 0.4731
7368.8535 0.4728
7370.5527 0.4728
7372.2485 0.4729
7373.9487 0.4731
7375.6450 0.4729
7377.3418 0.4727
7379.0430 0.4728
7380.7402 0.4729
7382.4424 0.4729
7384.1406 0.4727
7385.8433 0.4724
7387.5425 0.4720
7389.2422 0.4722
7390.9458 0.4724
7392.6465 0.4722
7394.3511 0.4721
7396.0522 0.4717
7397.7573 0.4711
7399.4595 0.4703
7401.1616 0.4702
7402.8682 0.4708
7404.5713 0.4710
7406.2788 0.4701
7407.9824 0.4707
7409.6909 0.4713
7411.3955 0.4713
7413.1006 0.4709
7414.8101 0.4702
7416.5156 0.4692
7418.2261 0.4687
7419.9326 0.4685
7421.6436 0.4674
7423.3506 0.4657
7425.0586 0.4660
7426.7705 0.4686
7428.4795 0.4686
7430.1924 0.4683
7431.9014 0.4680
7433.6152 0.4675
7435.3257 0.4678
7437.0400 0.4678
7438.7510 0.4684
7440.4624 0.4657
7442.1777 0.4626
7443.8901 0.4633
7445.6064 0.4671
7447.3193 0.4674
7449.0366 0.4662
7450.7505 0.4660
7452.4644 0.4667
7454.1831 0.4675
7455.8979 0.4679
7457.6172 0.4671
7459.3325 0.4660
7461.0527 0.4631
7462.7690 0.4621
7464.4858 0.4641
7466.2070 0.4633
7467.9248 0.4567
7469.6470 0.4588
7471.3652 0.4631
7473.0884 0.4648
7474.8076 0.4645
7476.5269 0.4648
7478.2510 0.4640
7479.9712 0.4641
7481.6963 0.4650
7483.4175 0.4652
7485.1431 0.4649
7486.8652 0.4654
7488.5874 0.4652
7490.3145 0.4650
7492.0371 0.4648
7493.7651 0.4649
7495.4888 0.4652
7497.2173 0.4651
7498.9419 0.4643
7500.6670 0.4639
7502.3970 0.4636
7504.1226 0.4632
7505.8530 0.4631
7507.5801 0.4636
7509.3110 0.4636
7511.0386 0.4631
7512.7666 0.4626
7514.4990 0.4623
7516.2275 0.4623
7517.9609 0.4631
7519.6904 0.4632
7521.4243 0.4625
7523.1548 0.4624
7524.8853 0.4624
7526.6206 0.4623
7528.3521 0.4624
7530.0884 0.4622
7531.8203 0.4616
7533.5571 0.4609
7535.2905 0.4606
7537.0239 0.4608
7538.7617 0.4610
7540.4961 0.4610
7542.2349 0.4609
7543.9702 0.4608
7545.7095 0.4607
7547.4453 0.4605
7549.1816 0.4603
7550.9229 0.4603
7552.6597 0.4602
7554.4014 0.4601
7556.1392 0.4601
7557.8818 0.4600
7559.6201 0.4598
7561.3594 0.4593
7563.1030 0.4587
7564.8428 0.4582
7566.5874 0.4578
7568.3281 0.4576
7570.0732 0.4574
7571.8149 0.4572
7573.5610 0.4570
7575.3032 0.4568
7577.0459 0.4566
7578.7930 0.4563
7580.5366 0.4561
7582.2847 0.4560
7584.0288 0.4559
7585.7778 0.4557
7587.5229 0.4554
7589.2686 0.4553
7591.0186 0.4551
7592.7646 0.4550
7594.5156 0.4549
7596.2627 0.4548
7598.0142 0.4546
7599.7622 0.4545
7601.5107 0.4543
7603.2637 0.4542
7605.0127 0.4540
7606.7661 0.4538
7608.5161 0.4536
7610.2710 0.4534
7612.0215 0.4528
7613.7725 0.4520
7615.5283 0.4513
7617.2803 0.4508
7619.0366 0.4504
7620.7896 0.4500
7622.5469 0.4500
7624.3003 0.4503
7626.0542 0.4502
7627.8130 0.4502
7629.5679 0.4501
7631.3271 0.4500
7633.0825 0.4499
7634.8428 0.4497
7636.5991 0.4496
7638.3560 0.4495
7640.1172 0.4494
7641.8750 0.4493
7643.6372 0.4492
7645.3955 0.4490
7647.1587 0.4488
7648.9180 0.4487
7650.6772 0.4486
7652.4419 0.4485
7654.2021 0.4482
7655.9673 0.4479
7657.7285 0.4477
7659.4941 0.4473
7661.2563 0.4471
7663.0186 0.4472
7664.7856 0.4473
7666.5493 0.4472
7668.3169 0.4471
7670.0811 0.4470
7671.8496 0.4468
7673.6147 0.4466
7675.3799 0.4464
7677.1499 0.4462
7678.9160 0.4460
7680.6870 0.4458
7682.4536 0.4457
7684.2251 0.4455
7685.9932 0.4452
7687.7612 0.4450
7689.5342 0.4443
7691.3027 0.4442
7693.0767 0.4444
7694.8462 0.4444
7696.6206 0.4442
7698.3911 0.4440
7700.1621 0.4438
7701.9380 0.4436
7703.7100 0.4432
7705.4863 0.4428
7707.2588 0.4428
7709.0361 0.4425
7710.8096 0.4409
7712.5879 0.4407
7714.3618 0.4414
7716.1367 0.4415
7717.9160 0.4410
7719.6914 0.4405
7721.4717 0.4401
7723.2480 0.4400
7725.0288 0.4399
7726.8062 0.4399
7728.5835 0.4399
7730.3657 0.4396
7732.1440 0.4394
7733.9272 0.4394
7735.7065 0.4395
7737.4902 0.4395
7739.2700 0.4396
7741.0508 0.4394
7742.8354 0.4391
7744.6167 0.4390
7746.4028 0.4390
7748.1851 0.4388
7749.9717 0.4385
7751.7544 0.4385
7753.5376 0.4388
7755.3257 0.4390
7757.1099 0.4390
7758.8984 0.4388
7760.6836 0.4384
7762.4731 0.4379
7764.2588 0.4375
7766.0449 0.4368
7767.8359 0.4366
7769.6226 0.4320
7771.4146 0.4152
7773.2021 0.3989
7774.9946 0.3978
7776.7832 0.4163
7778.5723 0.4332
7780.3662 0.4361
7782.1558 0.4365
7783.9507 0.4367
7785.7412 0.4369
7787.5366 0.4368
7789.3281 0.4365
7791.1201 0.4362
7792.9165 0.4357
7794.7095 0.4356
7796.5068 0.4361
7798.3003 0.4362
7800.0986 0.4363
7801.8931 0.4365
7803.6880 0.4357
7805.4873 0.4342
7807.2832 0.4344
7809.0835 0.4353
7810.8799 0.4350
7812.6812 0.4340
7814.4785 0.4347
7816.2759 0.4354
7818.0786 0.4335
7819.8770 0.4331
7821.6802 0.4337
7823.4795 0.4337
7825.2837 0.4337
7827.0840 0.4329
7828.8843 0.4316
7830.6899 0.4314
7832.4912 0.4316
7834.2974 0.4314
7836.0996 0.4315
7837.9067 0.4317
7839.7100 0.4307
7841.5132 0.4301
7843.3213 0.4304
7845.1260 0.4308
7846.9351 0.4308
7848.7402 0.4310
7850.5498 0.4307
7852.3560 0.4303
7854.1665 0.4300
7855.9736 0.4299
7857.7808 0.4298
7859.5928 0.4299
7861.4009 0.4296
7863.2139 0.4289
7865.0225 0.4285
7866.8364 0.4288
7868.6460 0.4288
7870.4561 0.4279
7872.2710 0.4273
7874.0820 0.4270
7875.8979 0.4243
7877.7100 0.4215
7879.5264 0.4249
7881.3389 0.4276
7883.1519 0.4275
7884.9697 0.4264
7886.7837 0.4252
7888.6025 0.4246
7890.4175 0.4249
7892.2368 0.4246
7894.0522 0.4222
7895.8687 0.4175
7897.6890 0.4183
7899.5059 0.4240
7901.3276 0.4238
7903.1455 0.4233
7904.9678 0.4237
7906.7861 0.4234
7908.6055 0.4227
7910.4292 0.4224
7912.2485 0.4226
7914.0732 0.4227
7915.8940 0.4220
7917.7192 0.4218
7919.5405 0.4216
7921.3628 0.4210
7923.1895 0.4209
7925.0122 0.4203
7926.8394 0.4197
7928.6631 0.4191
7930.4912 0.4196
7932.3159 0.4208
7934.1406 0.4206
7935.9702 0.4203
7937.7959 0.4203
7939.6265 0.4193
7941.4526 0.4185
7943.2842 0.4189
7945.1113 0.4192
7946.9390 0.4184
7948.7720 0.4178
7950.6006 0.4178
7952.4336 0.4181
7954.2632 0.4188
7956.0977 0.4192
7957.9277 0.4170
7959.7583 0.4164
7961.5938 0.4165
7963.4253 0.4169
7965.2617 0.4174
7967.0942 0.4173
7968.9316 0.4171
7970.7646 0.4166
7972.5981 0.4162
7974.4370 0.4164
7976.2715 0.4171
7978.1108 0.4179
7979.9458 0.4182
7981.7861 0.4175
7983.6226 0.4171
7985.4590 0.4169
7987.3003 0.4165
7989.1377 0.4160
7990.9800 0.4153
7992.8184 0.4150
7994.6616 0.4148
7996.5005 0.4147
7998.3447 0.4148
8000.1846 0.4143
8002.0249 0.4136
8003.8706 0.4144
8005.7114 0.4140
8007.5576 0.4134
8009.3999 0.4138
8011.2471 0.4139
8013.0898 0.4129
8014.9331 0.4134
8016.7812 0.4133
8018.6255 0.4126
8020.4746 0.4119
8022.3198 0.4112
8024.1699 0.4106
8026.0156 0.4102
8027.8623 0.4101
8029.7134 0.4110
8031.5605 0.4122
8033.4126 0.4113
8035.2607 0.4103
8037.1138 0.4097
8038.9624 0.4099
8040.8120 0.4103
8042.6660 0.4098
8044.5161 0.4089
8046.3711 0.4100
8048.2222 0.4102
8050.0781 0.4100
8051.9302 0.4098
8053.7827 0.4096
8055.6396 0.4093
8057.4927 0.4089
8059.3511 0.4079
8061.2051 0.4079
8063.0640 0.4084
8064.9189 0.4084
8066.7739 0.4081
8068.6343 0.4080
8070.4902 0.4079
8072.3516 0.4080
8074.2085 0.4078
8076.0703 0.4075
8077.9282 0.4072
8079.7866 0.4072
8081.6499 0.4072
8083.5088 0.4070
8085.3730 0.4067
8087.2329 0.4067
8089.0981 0.4067
8090.9590 0.4065
8092.8203 0.4063
8094.6865 0.4062
8096.5483 0.4061
8098.4155 0.4061
8100.2788 0.4060
8102.1465 0.4058
8104.0103 0.4057
8105.8745 0.4055
8107.7441 0.4054
8109.6089 0.4053
8111.4790 0.4051
8113.3452 0.4049
8115.2163 0.4046
8117.0830 0.4045
8118.9502 0.4044
8120.8228 0.4042
8122.6909 0.4041
8124.5640 0.4040
8126.4326 0.4038
8128.3066 0.4037
8130.1768 0.4035
8132.0513 0.4034
8133.9224 0.4032
8135.7935 0.4030
8137.6694 0.4029
8139.5415 0.4027
8141.4185 0.4025
8143.2915 0.4023
8145.1694 0.4022
8147.0430 0.4020
8148.9175 0.4018
8150.7964 0.4017
8152.6714 0.4015
8154.5513 0.4012
8156.4272 0.4009
8158.3081 0.4007
8160.1851 0.4006
8162.0625 0.4005
8163.9443 0.4002
8165.8228 0.4000
8167.7056 0.3998
8169.5845 0.3998
8171.4683 0.3996
8173.3481 0.3993
8175.2285 0.3991
8177.1138 0.3989
8178.9951 0.3988
8180.8809 0.3987
8182.7632 0.3981
8184.6499 0.3976
8186.5327 0.3973
8188.4160 0.3972
8190.3042 0.3975
8192.1885 0.3976
8194.0771 0.3973
8195.9629 0.3972
8197.8525 0.3971
8199.7383 0.3966
8201.6250 0.3957
8203.5156 0.3961
8205.4033 0.3964
8207.2959 0.3963
8209.1836 0.3960
8211.0762 0.3956
8212.9658 0.3944
8214.8545 0.3931
8216.7490 0.3938
8218.6396 0.3947
8220.5342 0.3942
8222.4258 0.3933
8224.3223 0.3941
8226.2139 0.3947
8228.1064 0.3937
8230.0039 0.3935
8231.8965 0.3932
8233.7949 0.3917
8235.6895 0.3914
8237.5889 0.3934
8239.4834 0.3937
8241.3789 0.3930
8243.2793 0.3930
8245.1758 0.3934
8247.0771 0.3930
8248.9746 0.3923
8250.8770 0.3929
8252.7744 0.3930
8254.6729 0.3927
8256.5771 0.3927
8258.4766 0.3926
8260.3809 0.3925
8262.2812 0.3923
8264.1865 0.3918
8266.0869 0.3916
8267.9893 0.3919
8269.8955 0.3917
8271.7979 0.3912
8273.7051 0.3911
8275.6084 0.3909
8277.5166 0.3908
8279.4209 0.3906
8281.3301 0.3900
8283.2354 0.3899
8285.1416 0.3898
8287.0518 0.3889
8288.9580 0.3891
8290.8691 0.3900
8292.7773 0.3888
8294.6895 0.3899
8296.5977 0.3908
8298.5059 0.3889
8300.4199 0.3881
8302.3291 0.3900
8304.2432 0.3893
8306.1543 0.3858
8308.0693 0.3873
8309.9805 0.3899
8311.8926 0.3880
8313.8086 0.3831
8315.7217 0.3830
8317.6396 0.3884
8319.5527 0.3901
8321.4707 0.3851
8323.3857 0.3800
8325.2998 0.3817
8327.2197 0.3884
8329.1357 0.3898
8331.0566 0.3855
8332.9727 0.3782
8334.8945 0.3771
8336.8115 0.3845
8338.7295 0.3904
8340.6523 0.3904
8342.5713 0.3858
8344.4951 0.3764
8346.4150 0.3735
8348.3398 0.3817
8350.2598 0.3894
8352.1807 0.3920
8354.1074 0.3908
8356.0293 0.3841
8357.9561 0.3740
8359.8789 0.3697
8361.8066 0.3792
8363.7295 0.3878
8365.6543 0.3909
8367.5830 0.3910
8369.5078 0.3886
8371.4375 0.3819
8373.3643 0.3711
8375.2949 0.3660
8377.2217 0.3770
8379.1484 0.3867
8381.0811 0.3903
8383.0088 0.3914
8384.9424 0.3909
8386.8711 0.3885
8388.8047 0.3832
8390.7344 0.3704
8392.6650 0.3619
8394.6006 0.3677
8396.5312 0.3799
8398.4678 0.3865
8400.3994 0.3895
8402.3369 0.3909
8404.2695 0.3899
8406.2031 0.3861
8408.1416 0.3813
8410.0762 0.3739
8412.0156 0.3616
8413.9502 0.3583
8415.8906 0.3672
8417.8271 0.3795
8419.7637 0.3859
8421.7051 0.3910
8423.6426 0.3926
8425.5850 0.3927
8427.5234 0.3920
8429.4668 0.3899
8431.4053 0.3863
8433.3496 0.3824
8435.2900 0.3728
8437.2305 0.3568
8439.1758 0.3540
8441.1172 0.3700
8443.0645 0.3787
8445.0059 0.3651
8446.9541 0.3542
8448.8965 0.3719
8450.8408 0.3909
8452.7891 0.3899
8454.7344 0.3903
8456.6836 0.3899
8458.6289 0.3885
8460.5791 0.3849
8462.5254 0.3796
8464.4727 0.3707
8466.4248 0.3564
8468.3721 0.3543
8470.3252 0.3699
8472.2734 0.3818
8474.2275 0.3862
8476.1768 0.3889
8478.1270 0.3898
8480.0820 0.3890
8482.0322 0.3892
8483.9883 0.3897
8485.9404 0.3892
8487.8975 0.3881
8489.8496 0.3876
8491.8027 0.3870
8493.7607 0.3866
8495.7148 0.3793
8497.6738 0.3688
8499.6289 0.3599
8501.5889 0.3509
8503.5449 0.3469
8505.5010 0.3629
8507.4619 0.3758
8509.4199 0.3812
8511.3818 0.3838
8513.3398 0.3822
8515.3027 0.3845
8517.2617 0.3868
8519.2217 0.3870
8521.1855 0.3862
8523.1465 0.3861
8525.1113 0.3867
8527.0723 0.3877
8529.0391 0.3873
8531.0010 0.3867
8532.9639 0.3865
8534.9316 0.3850
8536.8945 0.3815
8538.8633 0.3776
8540.8281 0.3574
8542.7969 0.3403
8544.7627 0.3354
8546.7285 0.3430
8548.6992 0.3616
8550.6660 0.3740
8552.6377 0.3786
8554.6045 0.3798
8556.5771 0.3807
8558.5459 0.3818
8560.5146 0.3823
8562.4893 0.3823
8564.4590 0.3826
8566.4336 0.3808
8568.4043 0.3798
8570.3799 0.3811
8572.3516 0.3810
8574.3242 0.3808
8576.3008 0.3809
8578.2744 0.3809
8580.2520 0.3810
8582.2256 0.3809
8584.2051 0.3803
8586.1797 0.3795
8588.1602 0.3789
8590.1357 0.3774
8592.1113 0.3730
8594.0928 0.3653
8596.0703 0.3550
8598.0527 0.3384
8600.0303 0.3431
8602.0137 0.3602
8603.9922 0.3723
8605.9717 0.3748
8607.9561 0.3772
8609.9365 0.3778
8611.9219 0.3771
8613.9033 0.3773
8615.8896 0.3776
8617.8711 0.3767
8619.8535 0.3755
8621.8418 0.3752
8623.8252 0.3760
8625.8135 0.3767
8627.7979 0.3741
8629.7881 0.3711
8631.7725 0.3750
8633.7588 0.3764
8635.7500 0.3761
8637.7363 0.3758
8639.7285 0.3753
8641.7158 0.3744
8643.7080 0.3743
8645.6973 0.3742
8647.6855 0.3743
8649.6797 0.3741
8651.6699 0.3734
8653.6650 0.3721
8655.6553 0.3703
8657.6514 0.3700
8659.6436 0.3624
8661.6357 0.3435
8663.6328 0.3272
8665.6260 0.3285
8667.6240 0.3451
8669.6182 0.3621
8671.6172 0.3682
8673.6123 0.3705
8675.6074 0.3727
8677.6084 0.3697
8679.6045 0.3567
8681.6055 0.3504
8683.6025 0.3530
8685.6055 0.3583
8687.6035 0.3654
8689.6025 0.3725
8691.6055 0.3733
8693.6055 0.3736
8695.6104 0.3728
8697.6104 0.3722
8699.6162 0.3712
8701.6172 0.3677
8703.6191 0.3623
8705.6260 0.3669
8707.6289 0.3713
8709.6367 0.3674
8711.6406 0.3627
8713.6494 0.3656
8715.6543 0.3704
8717.6592 0.3654
8719.6699 0.3629
8721.6758 0.3668
8723.6865 0.3703
8725.6934 0.3691
8727.7061 0.3676
8729.7129 0.3662
8731.7217 0.3678
8733.7354 0.3682
8735.7441 0.3672
8737.7588 0.3667
8739.7686 0.3663
8741.7842 0.3651
8743.7949 0.3628
8745.8115 0.3585
8747.8232 0.3459
8749.8359 0.3282
8751.8535 0.3260
8753.8672 0.3465
8755.8857 0.3585
8757.9004 0.3631
8759.9199 0.3652
8761.9346 0.3656
8763.9502 0.3651
8765.9717 0.3654
8767.9883 0.3651
8770.0098 0.3646
8772.0273 0.3641
8774.0498 0.3637
8776.0684 0.3637
8778.0879 0.3635
8780.1113 0.3625
8782.1318 0.3621
8784.1562 0.3625
8786.1777 0.3628
8788.2031 0.3627
8790.2256 0.3628
8792.2471 0.3628
8794.2754 0.3624
8796.2979 0.3623
8798.3262 0.3625
8800.3506 0.3618
8802.3799 0.3610
8804.4053 0.3603
8806.4307 0.3601
8808.4609 0.3598
8810.4873 0.3592
8812.5195 0.3584
8814.5459 0.3585
8816.5791 0.3593
8818.6074 0.3581
8820.6357 0.3566
8822.6699 0.3569
8824.6992 0.3582
8826.7344 0.3589
8828.7646 0.3588
8830.8008 0.3578
8832.8330 0.3572
8834.8643 0.3573
8836.9014 0.3564
8838.9346 0.3562
8840.9727 0.3560
8843.0068 0.3556
8845.0459 0.3548
8847.0811 0.3534
8849.1162 0.3521
8851.1562 0.3505
8853.1924 0.3472
8855.2344 0.3438
8857.2715 0.3394
8859.3145 0.3310
8861.3516 0.3191
8863.3906 0.3120
8865.4346 0.3218
8867.4736 0.3322
8869.5186 0.3376
8871.5596 0.3412
8873.6045 0.3437
8875.6465 0.3459
8877.6885 0.3476
8879.7354 0.3484
8881.7783 0.3491
8883.8262 0.3503
8885.8701 0.3511
8887.9189 0.3516
8889.9639 0.3519
8892.0088 0.3520
8894.0596 0.3521
8896.1055 0.3522
8898.1562 0.3523
8900.2041 0.3525
8902.2559 0.3526
8904.3037 0.3525
8906.3574 0.3525
8908.4062 0.3524
8910.4561 0.3513
8912.5107 0.3500
8914.5605 0.3514
8916.6162 0.3521
8918.6680 0.3517
8920.7246 0.3517
8922.7764 0.3515
8924.8291 0.3503
8926.8867 0.3478
8928.9404 0.3488
8931.0000 0.3508
8933.0547 0.3505
8935.1143 0.3502
8937.1699 0.3500
8939.2256 0.3499
8941.2871 0.3498
8943.3438 0.3495
8945.4062 0.3493
8947.4639 0.3490
8949.5273 0.3488
8951.5859 0.3486
8953.6455 0.3484
8955.7100 0.3481
8957.7705 0.3479
8959.8359 0.3476
8961.8975 0.3474
8963.9639 0.3470
8966.0264 0.3467
8968.0889 0.3465
8970.1572 0.3462
8972.2207 0.3458
8974.2891 0.3455
8976.3535 0.3450
8978.4238 0.3446
8980.4893 0.3441
8982.5557 0.3436
8984.6270 0.3431
8986.6934 0.3424
8988.7656 0.3415
8990.8340 0.3406
8992.9072 0.3395
8994.9756 0.3382
8997.0449 0.3366
8999.1201 0.3345
9001.1904 0.3319
9003.2656 0.3286
9005.3369 0.3246
9007.4131 0.3197
9009.4854 0.3138
9011.5586 0.3072
9013.6357 0.2990
9015.7100 0.2979
9017.7891 0.3037
9019.8633 0.3108
9021.9434 0.3164
9024.0186 0.3212
9026.0947 0.3250
9028.1758 0.3280
9030.2529 0.3303
9032.3350 0.3323
9034.4131 0.3337
9036.4971 0.3347
9038.5752 0.3354
9040.6543 0.3361
9042.7393 0.3364
9044.8193 0.3364
9046.9053 0.3365
9048.9863 0.3367
9051.0732 0.3369
9053.1553 0.3371
9055.2383 0.3372
9057.3262 0.3370
9059.4102 0.3358
9061.4990 0.3324
9063.5840 0.3343
9065.6738 0.3364
9067.7588 0.3366
9069.8506 0.3362
9071.9365 0.3360
9074.0234 0.3357
9076.1162 0.3339
9078.2041 0.3335
9080.2979 0.3346
9082.3867 0.3355
9084.4805 0.3353
9086.5703 0.3343
9088.6611 0.3329
9090.7568 0.3339
9092.8486 0.3329
9094.9453 0.3295
9097.0371 0.3322
9099.1348 0.3338
9101.2285 0.3333
9103.3223 0.3331
9105.4209 0.3333
9107.5156 0.3331
9109.6162 0.3322
9111.7119 0.3301
9113.8125 0.3313
9115.9092 0.3322
9118.0068 0.3320
9120.1094 0.3317
9122.2070 0.3306
9124.3105 0.3306
9126.4102 0.3310
9128.5146 0.3311
9130.6143 0.3302
9132.7148 0.3294
9134.8213 0.3300
9136.9219 0.3302
9139.0293 0.3299
9141.1318 0.3297
9143.2393 0.3295
9145.3428 0.3293
9147.4473 0.3291
9149.5566 0.3288
9151.6611 0.3286
9153.7715 0.3282
9155.8770 0.3277
9157.9883 0.3276
9160.0957 0.3276
9162.2031 0.3274
9164.3154 0.3272
9166.4238 0.3270
9168.5371 0.3267
9170.6465 0.3263
9172.7617 0.3259
9174.8711 0.3248
9176.9824 0.3235
9179.0986 0.3235
9181.2100 0.3243
9183.3271 0.3245
9185.4395 0.3238
9187.5576 0.3226
9189.6719 0.3232
9191.7852 0.3233
9193.9053 0.3226
9196.0205 0.3219
9198.1406 0.3211
9200.2568 0.3210
9202.3789 0.3185
9204.4951 0.3171
9206.6133 0.3173
9208.7363 0.3168
9210.8545 0.3149
9212.9785 0.3126
9215.0977 0.3104
9217.2227 0.3057
9219.3428 0.3015
9221.4639 0.2994
9223.5908 0.2941
9225.7129 0.2879
9227.8398 0.2803
9229.9629 0.2796
9232.0908 0.2855
9234.2148 0.2920
9236.3447 0.2971
9238.4688 0.3012
9240.5947 0.3051
9242.7256 0.3056
9244.8516 0.3066
9246.9834 0.3106
9249.1104 0.3126
9251.2432 0.3130
9253.3721 0.3137
9255.5010 0.3147
9257.6348 0.3148
9259.7646 0.3123
9261.8994 0.3083
9264.0303 0.3096
9266.1670 0.3108
9268.2988 0.3137
9270.4307 0.3159
9272.5684 0.3153
9274.7012 0.3155
9276.8398 0.3155
9278.9746 0.3154
9281.1143 0.3153
9283.2490 0.3152
9285.3848 0.3150
9287.5264 0.3148
9289.6621 0.3145
9291.8047 0.3144
9293.9424 0.3142
9296.0850 0.3138
9298.2236 0.3135
9300.3633 0.3138
9302.5078 0.3132
9304.6475 0.3130
9306.7930 0.3132
9308.9346 0.3131
9311.0811 0.3129
9313.2227 0.3127
9315.3652 0.3125
9317.5137 0.3123
9319.6572 0.3121
9321.8057 0.3118
9323.9502 0.3115
9326.1006 0.3108
9328.2461 0.3106
9330.3916 0.3110
9332.5439 0.3110
9334.6904 0.3107
9336.8428 0.3105
9338.9912 0.3101
9341.1445 0.3096
9343.2939 0.3097
9345.4434 0.3097
9347.5977 0.3095
9349.7480 0.3093
9351.9043 0.3091
9354.0557 0.3089
9356.2129 0.3087
9358.3652 0.3085
9360.5186 0.3083
9362.6768 0.3081
9364.8301 0.3079
9366.9902 0.3076
9369.1445 0.3075
9371.3057 0.3072
9373.4609 0.3069
9375.6172 0.3067
9377.7793 0.3065
9379.9365 0.3063
9382.0996 0.3063
9384.2578 0.3056
9386.4219 0.3048
9388.5820 0.3049
9390.7461 0.3049
9392.9072 0.3035
9395.0674 0.3044
9397.2344 0.3048
9399.3965 0.3045
9401.5635 0.3043
9403.7266 0.3031
9405.8945 0.3002
9408.0586 0.3025
9410.2227 0.3028
9412.3926 0.3008
9414.5586 0.3011
9416.7295 0.3023
9418.8955 0.3024
9421.0674 0.3022
9423.2344 0.3022
9425.4023 0.3019
9427.5762 0.3011
9429.7451 0.3007
9431.9189 0.3012
9434.0889 0.3010
9436.2646 0.3007
9438.4355 0.3006
9440.6064 0.3005
9442.7832 0.3003
9444.9561 0.3000
9447.1338 0.2998
9449.3076 0.2996
9451.4863 0.2995
9453.6602 0.2992
9455.8350 0.2990
9458.0156 0.2988
9460.1914 0.2984
9462.3730 0.2982
9464.5498 0.2980
9466.7324 0.2978
9468.9102 0.2977
9471.0889 0.2975
9473.2725 0.2973
9475.4521 0.2970
9477.6367 0.2968
9479.8174 0.2965
9482.0029 0.2959
9484.1846 0.2957
9486.3662 0.2957
9488.5537 0.2956
9490.7363 0.2952
9492.9258 0.2948
9495.1094 0.2945
9497.2988 0.2942
9499.4834 0.2939
9501.6689 0.2937
9503.8604 0.2934
9506.0459 0.2929
9508.2383 0.2924
9510.4258 0.2921
9512.6191 0.2918
9514.8076 0.2913
9516.9961 0.2906
9519.1904 0.2899
9521.3809 0.2891
9523.5762 0.2881
9525.7666 0.2869
9527.9639 0.2854
9530.1553 0.2836
9532.3477 0.2812
9534.5459 0.2784
9536.7393 0.2751
9538.9385 0.2708
9541.1328 0.2659
9543.3330 0.2594
9545.5283 0.2537
9547.7246 0.2556
9549.9268 0.2622
9552.1230 0.2673
9554.3262 0.2715
9556.5234 0.2750
9558.7275 0.2776
9560.9268 0.2797
9563.1309 0.2813
9565.3311 0.2825
9567.5322 0.2834
9569.7383 0.2841
9571.9395 0.2845
9574.1465 0.2848
9576.3496 0.2852
9578.5576 0.2854
9580.7607 0.2855
9582.9648 0.2855
9585.1748 0.2855
9587.3799 0.2855
9589.5908 0.2854
9591.7969 0.2853
9594.0088 0.2852
9596.2158 0.2851
9598.4238 0.2849
9600.6367 0.2846
9602.8457 0.2840
9605.0596 0.2843
9607.2695 0.2844
9609.4854 0.2842
9611.6953 0.2840
9613.9062 0.2839
9616.1240 0.2838
9618.3359 0.2827
9620.5537 0.2819
9622.7666 0.2823
9624.9863 0.2831
9627.2002 0.2828
9629.4150 0.2819
9631.6357 0.2787
9633.8516 0.2795
9636.0723 0.2820
9638.2891 0.2818
9640.5117 0.2817
9642.7295 0.2815
9644.9482 0.2813
9647.1719 0.2811
9649.3916 0.2807
9651.6172 0.2806
9653.8369 0.2805
9656.0635 0.2796
9658.2842 0.2783
9660.5068 0.2789
9662.7344 0.2798
9664.9570 0.2794
9667.1855 0.2793
9669.4102 0.2790
9671.6396 0.2788
9673.8643 0.2787
9676.0898 0.2785
9678.3213 0.2781
9680.5479 0.2778
9682.7803 0.2778
9685.0078 0.2777
9687.2412 0.2775
9689.4697 0.2772
9691.6982 0.2770
9693.9336 0.2768
9696.1631 0.2766
9698.3994 0.2764
9700.6299 0.2763
9702.8672 0.2761
9705.0996 0.2759
9707.3320 0.2757
9709.5703 0.2755
9711.8047 0.2753
9714.0439 0.2751
9716.2783 0.2749
9718.5186 0.2747
9720.7549 0.2744
9722.9912 0.2742
9725.2334 0.2740
9727.4707 0.2737
9729.7139 0.2735
9731.9521 0.2735
9734.1963 0.2733
9736.4355 0.2730
9738.6807 0.2728
9740.9209 0.2725
9743.1621 0.2723
9745.4082 0.2722
9747.6504 0.2720
9749.8984 0.2718
9752.1416 0.2716
9754.3896 0.2714
9756.6338 0.2712
9758.8789 0.2710
9761.1289 0.2708
9763.3740 0.2706
9765.6260 0.2704
9767.8721 0.2702
9770.1250 0.2700
9772.3721 0.2698
9774.6201 0.2696
9776.8750 0.2694
9779.1240 0.2691
9781.3789 0.2689
9783.6289 0.2688
9785.8848 0.2685
9788.1367 0.2682
9790.3877 0.2677
9792.6455 0.2676
9794.8984 0.2676
9797.1572 0.2675
9799.4111 0.2673
9801.6709 0.2671
9803.9258 0.2670
9806.1807 0.2667
9808.4424 0.2664
9810.6982 0.2661
9812.9609 0.2659
9815.2188 0.2658
9817.4814 0.2657
9819.7402 0.2655
9821.9990 0.2652
9824.2646 0.2647
9826.5244 0.2642
9828.7900 0.2644
9831.0518 0.2640
9833.3184 0.2640
9835.5801 0.2639
9837.8428 0.2637
9840.1113 0.2634
9842.3750 0.2629
9844.6455 0.2630
9846.9102 0.2629
9849.1807 0.2628
9851.4463 0.2625
9853.7129 0.2621
9855.9844 0.2618
9858.2520 0.2616
9860.5254 0.2615
9862.7939 0.2613
9865.0684 0.2612
9867.3379 0.2610
9869.6074 0.2606
9871.8838 0.2605
9874.1543 0.2604
9876.4316 0.2603
9878.7031 0.2601
9880.9814 0.2597
9883.2549 0.2595
9885.5283 0.2595
9887.8076 0.2586
9890.0830 0.2574
9892.3633 0.2575
9894.6387 0.2586
9896.9209 0.2584
9899.1973 0.2581
9901.4746 0.2579
9903.7578 0.2578
9906.0361 0.2577
9908.3203 0.2572
9910.5996 0.2569
9912.8857 0.2571
9915.1660 0.2569
9917.4521 0.2567
9919.7334 0.2566
9922.0156 0.2563
9924.3037 0.2560
9926.5869 0.2556
9928.8760 0.2553
9931.1602 0.2550
9933.4502 0.2550
9935.7354 0.2552
9938.0205 0.2549
9940.3125 0.2546
9942.5996 0.2545
9944.8926 0.2541
9947.1797 0.2536
9949.4736 0.2535
9951.7627 0.2537
9954.0518 0.2535
9956.3477 0.2532
9958.6377 0.2530
9960.9346 0.2528
9963.2256 0.2526
9965.5234 0.2523
9967.8154 0.2522
9970.1094 0.2520
9972.4082 0.2518
9974.7021 0.2515
9977.0020 0.2513
9979.2979 0.2511
9981.5986 0.2509
9983.8945 0.2506
9986.1914 0.2504
9988.4941 0.2502
9990.7920 0.2500
9993.0967 0.2497
9995.3955 0.2491
9997.7002 0.2485
10000.0000 0.2485
10002.3057 0.2487
10004.6016 0.2482
10006.9082 0.2480
10009.2158 0.2477
10011.5244 0.2473
10013.8223 0.2469
10016.1309 0.2464
10018.4404 0.2458
10020.7402 0.2453
10023.0508 0.2446
10025.3623 0.2438
10027.6738 0.2429
10029.9756 0.2417
10032.2881 0.2403
10034.6016 0.2386
10036.9043 0.2364
10039.2188 0.2338
10041.5342 0.2306
10043.8496 0.2267
10046.1543 0.2218
10048.4707 0.2161
10050.7881 0.2164
10053.0947 0.2218
10055.4131 0.2264
10057.7324 0.2294
10060.0508 0.2324
10062.3604 0.2344
10064.6807 0.2361
10067.0010 0.2374
10069.3115 0.2384
10071.6338 0.2391
10073.9561 0.2396
10076.2793 0.2398
10078.5918 0.2402
10080.9160 0.2405
10083.2402 0.2406
10085.5547 0.2407
10087.8799 0.2407
10090.2061 0.2407
10092.5332 0.2406
10094.8496 0.2405
10097.1777 0.2404
10099.5059 0.2403
10101.8232 0.2401
10104.1533 0.2398
10106.4834 0.2393
10108.8135 0.2391
10111.1338 0.2388
10113.4648 0.2383
10115.7969 0.2384
10118.1191 0.2391
10120.4521 0.2389
10122.7861 0.2379
10125.1201 0.2378
10127.4434 0.2383
10129.7793 0.2382
10132.1152 0.2381
10134.4404 0.2379
10136.7773 0.2377
10139.1152 0.2375
10141.4531 0.2374
10143.7803 0.2372
10146.1191 0.2369
10148.4590 0.2367
10150.7881 0.2366
10153.1289 0.2364
10155.4707 0.2361
10157.8125 0.2360
10160.1436 0.2358
10162.4863 0.2356
10164.8301 0.2353
10167.1621 0.2352
10169.5068 0.2351
10171.8525 0.2348
10174.1973 0.2345
10176.5322 0.2345
10178.8789 0.2343
10181.2266 0.2341
10183.5742 0.2339
10185.9111 0.2337
10188.2607 0.2334
10190.6094 0.2332
10192.9482 0.2331
10195.2988 0.2329
10197.6504 0.2327
10200.0020 0.2325
10202.3428 0.2323
10204.6953 0.2322
10207.0479 0.2320
10209.3906 0.2318
10211.7451 0.2316
10214.0996 0.2314
10216.4551 0.2312
10218.7998 0.2310
10221.1562 0.2308
10223.5137 0.2306
10225.8594 0.2304
10228.2178 0.2302
10230.5762 0.2300
10232.9355 0.2298
10235.2842 0.2296
10237.6436 0.2294
10240.0049 0.2292
10242.3545 0.2290
10244.7168 0.2287
10247.0791 0.2285
10249.4424 0.2284
10251.7939 0.2283
10254.1582 0.2280
10256.5234 0.2278
10258.8770 0.2276
10261.2422 0.2275
10263.6084 0.2273
10265.9756 0.2271
10268.3311 0.2269
10270.6992 0.2267
10273.0674 0.2265
10275.4258 0.2263
10277.7949 0.2261
10280.1650 0.2259
10282.5352 0.2257
10284.8955 0.2255
10287.2666 0.2253
10289.6396 0.2251
10292.0010 0.2249
10294.3740 0.2247
10296.7480 0.2245
10299.1221 0.2243
10301.4863 0.2241
10303.8613 0.2240
10306.2373 0.2238
10308.6025 0.2236
10310.9795 0.2234
10313.3574 0.2232
10315.7363 0.2230
10318.1035 0.2228
10320.4824 0.2226
10322.8623 0.2224
10325.2314 0.2222
10327.6123 0.2220
10329.9941 0.2217
10332.3760 0.2211
10334.7471 0.2212
10337.1309 0.2213
10339.5146 0.2210
10341.8877 0.2208
10344.2725 0.2206
10346.6572 0.2204
10349.0430 0.2203
10351.4189 0.2201
10353.8057 0.2199
10356.1934 0.2197
10358.5693 0.2195
