3576.8435 4.5638
3577.6682 4.5597
3578.4915 4.5325
3579.3167 4.5012
3580.1399 4.4880
3580.9636 4.5045
3581.7893 4.5349
3582.6133 4.5332
3583.4395 4.4977
3584.2639 4.4641
3585.0903 4.4536
3585.9150 4.4613
3586.7400 4.4672
3587.5671 4.4633
3588.3923 4.4593
3589.2200 4.4611
3590.0457 4.4677
3590.8735 4.4747
3591.6995 4.4794
3592.5259 4.4864
3593.3542 4.4948
3594.1809 4.5032
3595.0098 4.5118
3595.8367 4.5176
3596.6660 4.5138
3597.4934 4.5013
3598.3208 4.4895
3599.1506 4.4824
3599.9788 4.4772
3600.8088 4.4666
3601.6372 4.4451
3602.4678 4.4280
3603.2964 4.4236
3604.1252 4.4223
3604.9565 4.4206
3605.7859 4.4226
3606.6172 4.4279
3607.4470 4.4273
3608.2788 4.4231
3609.1089 4.4192
3609.9392 4.4140
3610.7717 4.4002
3611.6023 4.3722
3612.4351 4.3487
3613.2661 4.3590
3614.0994 4.3892
3614.9307 4.4099
3615.7625 4.4012
3616.5962 4.3715
3617.4282 4.3534
3618.2625 4.3544
3619.0947 4.3603
3619.9292 4.3602
3620.7620 4.3542
3621.5969 4.3476
3622.4302 4.3391
3623.2634 4.3349
3624.0989 4.3485
3624.9326 4.3765
3625.7686 4.3982
3626.6028 4.3939
3627.4390 4.3674
3628.2734 4.3226
3629.1082 4.2700
3629.9451 4.2316
3630.7800 4.2296
3631.6174 4.2628
3632.4529 4.2968
3633.2903 4.3166
3634.1262 4.3214
3634.9622 4.3126
3635.8005 4.2961
3636.6370 4.2851
3637.4756 4.2801
3638.3123 4.2682
3639.1514 4.2473
3639.9885 4.2226
3640.8259 4.2024
3641.6653 4.1950
3642.5032 4.1985
3643.3430 4.2002
3644.1812 4.1940
3645.0215 4.1835
3645.8601 4.1781
3646.6990 4.1845
3647.5398 4.1957
3648.3789 4.1997
3649.2202 4.1957
3650.0596 4.1876
3650.9014 4.1803
3651.7412 4.1792
3652.5813 4.1817
3653.4236 4.1793
3654.2642 4.1732
3655.1067 4.1652
3655.9475 4.1546
3656.7908 4.1402
3657.6318 4.1256
3658.4734 4.1184
3659.3169 4.1151
3660.1587 4.1087
3661.0029 4.0979
3661.8450 4.0910
3662.6895 4.0887
3663.5320 4.0812
3664.3748 4.0710
3665.2197 4.0665
3666.0630 4.0721
3666.9084 4.0814
3667.7520 4.0789
3668.5977 4.0699
3669.4417 4.0614
3670.2859 4.0541
3671.1321 4.0441
3671.9768 4.0305
3672.8235 4.0252
3673.6685 4.0198
3674.5156 4.0036
3675.3608 3.9830
3676.2063 3.9706
3677.0542 3.9653
3677.8999 3.9716
3678.7480 4.0146
3679.5945 4.0522
3680.4429 4.0434
3681.2896 4.0009
3682.1365 3.9957
3682.9856 4.0327
3683.8328 4.0095
3684.6824 3.9417
3685.5300 3.9197
3686.3799 4.0187
3687.2278 4.2000
3688.0781 4.2853
3688.9265 4.1911
3689.7751 4.0390
3690.6260 3.9948
3691.4751 4.1386
3692.3264 4.3723
3693.1758 4.4786
3694.0273 4.3632
3694.8772 4.1207
3695.7273 3.9356
3696.5793 3.9739
3697.4299 4.2537
3698.2825 4.5834
3699.1333 4.7572
3699.9863 4.6937
3700.8374 4.4264
3701.6887 4.0810
3702.5425 3.8459
3703.3943 3.8697
3704.2483 4.1181
3705.1003 4.4717
3705.9548 4.7945
3706.8074 4.9622
3707.6599 4.8947
3708.5149 4.6002
3709.3682 4.1928
3710.2234 3.8647
3711.0771 3.7785
3711.9329 3.9928
3712.7866 4.4074
3713.6409 4.8393
3714.4973 5.2045
3715.3518 5.4417
3716.2085 5.4899
3717.0635 5.3072
3717.9204 4.9161
3718.7759 4.4211
3719.6313 3.9729
3720.4890 3.7251
3721.3450 3.7685
3722.2031 4.0937
3723.0593 4.5729
3723.9180 5.0443
3724.7747 5.4144
3725.6316 5.6687
3726.4905 5.8241
3727.3479 5.8821
3728.2073 5.8010
3729.0649 5.5443
3729.9250 5.1405
3730.7830 4.6412
3731.6414 4.1274
3732.5017 3.7188
3733.3604 3.5528
3734.2214 3.6893
3735.0803 4.0330
3735.9417 4.5073
3736.8013 5.0501
3737.6609 5.5834
3738.5227 6.0075
3739.3828 6.2538
3740.2451 6.3564
3741.1055 6.3701
3741.9683 6.3114
3742.8291 6.1535
3743.6899 5.8596
3744.5532 5.4633
3745.4148 5.0351
3746.2786 4.5716
3747.1404 4.0872
3748.0044 3.6689
3748.8667 3.4708
3749.7290 3.6041
3750.5938 3.9807
3751.4565 4.4623
3752.3215 4.9547
3753.1848 5.4142
3754.0503 5.8185
3754.9138 6.1232
3755.7798 6.2798
3756.6438 6.3315
3757.5081 6.3629
3758.3745 6.4309
3759.2390 6.5046
3760.1060 6.5180
3760.9709 6.4929
3761.8381 6.4125
3762.7036 6.2494
3763.5693 5.9916
3764.4370 5.6498
3765.3032 5.2418
3766.1714 4.7927
3767.0378 4.3176
3767.9065 3.8589
3768.7732 3.5103
3769.6401 3.4043
3770.5095 3.6077
3771.3770 4.0069
3772.2466 4.4795
3773.1145 4.9528
3773.9844 5.3977
3774.8528 5.8103
3775.7209 6.1896
3776.5918 6.5193
3777.4604 6.7857
3778.3315 6.9887
3779.2009 7.1369
3780.0723 7.2353
3780.9419 7.2817
3781.8118 7.3094
3782.6838 7.3396
3783.5540 7.3561
3784.4265 7.3239
3785.2971 7.2318
3786.1699 7.1111
3787.0410 6.9861
3787.9121 6.8501
3788.7856 6.6807
3789.6572 6.4538
3790.5310 6.1550
3791.4031 5.7773
3792.2773 5.3299
3793.1499 4.8444
3794.0225 4.3536
3794.8972 3.8871
3795.7703 3.4927
3796.6455 3.2957
3797.5190 3.3943
3798.3948 3.7348
3799.2686 4.2057
3800.1426 4.7038
3801.0188 5.1710
3801.8933 5.5879
3802.7700 5.9433
3803.6448 6.2377
3804.5220 6.4816
3805.3972 6.6907
3806.2727 6.8783
3807.1504 7.0512
3808.0261 7.1951
3808.9043 7.2937
3809.7805 7.3342
3810.6589 7.3070
3811.5356 7.2169
3812.4126 7.1235
3813.2917 7.0964
3814.1689 7.1508
3815.0483 7.2590
3815.9260 7.3620
3816.8059 7.3862
3817.6841 7.3030
3818.5623 7.1768
3819.4429 7.0995
3820.3215 7.0970
3821.2024 7.1085
3822.0815 7.0279
3822.9629 6.8398
3823.8423 6.6434
3824.7241 6.4778
3825.6040 6.3191
3826.4841 6.1187
3827.3665 5.8533
3828.2468 5.5586
3829.1296 5.2371
3830.0105 4.8584
3830.8938 4.4264
3831.7751 3.9826
3832.6565 3.5762
3833.5403 3.2700
3834.4224 3.2010
3835.3064 3.3801
3836.1887 3.7240
3837.0735 4.1317
3837.9561 4.5547
3838.8391 4.9681
3839.7244 5.3667
3840.6077 5.7445
3841.4932 6.0806
3842.3770 6.3542
3843.2629 6.5704
3844.1472 6.7433
3845.0315 6.8805
3845.9182 6.9813
3846.8030 7.0422
3847.6899 7.0672
3848.5752 7.0836
3849.4626 7.1477
3850.3481 7.2365
3851.2339 7.2921
3852.1221 7.2937
3853.0083 7.2520
3853.8967 7.1753
3854.7832 7.1114
3855.6721 7.1540
3856.5591 7.2398
3857.4463 7.2814
3858.3359 7.2652
3859.2234 7.2624
3860.1135 7.2677
3861.0015 7.2537
3861.8918 7.2549
3862.7803 7.2744
3863.6687 7.2813
3864.5598 7.2791
3865.4487 7.3192
3866.3401 7.3727
3867.2297 7.4086
3868.1213 7.4123
3869.0112 7.3780
3869.9014 7.3042
3870.7937 7.2192
3871.6841 7.1780
3872.5769 7.1792
3873.4678 7.1851
3874.3611 7.1559
3875.2524 7.0733
3876.1438 6.9088
3877.0376 6.7040
3877.9297 6.5443
3878.8237 6.4347
3879.7161 6.3011
3880.6108 6.0822
3881.5037 5.7987
3882.3965 5.4650
3883.2917 5.0797
3884.1851 4.6471
3885.0808 4.1878
3885.9746 3.7407
3886.8706 3.3692
3887.7649 3.2151
3888.6592 3.3393
3889.5559 3.6851
3890.4507 4.1271
3891.3479 4.5648
3892.2429 4.9700
3893.1406 5.3358
3894.0361 5.6686
3894.9341 5.9708
3895.8301 6.2305
3896.7263 6.4212
3897.6250 6.5248
3898.5215 6.5976
3899.4207 6.7103
3900.3176 6.8649
3901.2170 7.0020
3902.1145 7.0716
3903.0122 7.0941
3903.9121 7.1060
3904.8103 7.1679
3905.7107 7.2906
3906.6094 7.4238
3907.5100 7.5035
3908.4089 7.5325
3909.3081 7.5310
3910.2097 7.4887
3911.1091 7.3962
3912.0110 7.2909
3912.9111 7.2718
3913.8132 7.3674
3914.7136 7.4680
3915.6143 7.5328
3916.5171 7.5627
3917.4182 7.5657
3918.3215 7.5544
3919.2229 7.5626
3920.1267 7.5840
3921.0286 7.6036
3921.9307 7.6254
3922.8350 7.6588
3923.7373 7.6842
3924.6421 7.6670
3925.5452 7.6192
3926.4502 7.5735
3927.3535 7.5391
3928.2571 7.4881
3929.1628 7.3523
3930.0667 7.0174
3930.9731 6.3875
3931.8774 5.7954
3932.7839 5.6776
3933.6887 6.1900
3934.5938 6.9126
3935.5010 7.3394
3936.4062 7.5193
3937.3142 7.5915
3938.2200 7.6402
3939.1279 7.6844
3940.0342 7.7007
3940.9407 7.6784
3941.8494 7.6233
3942.7561 7.5789
3943.6653 7.5759
3944.5725 7.6030
3945.4822 7.6141
3946.3899 7.6146
3947.2979 7.6274
3948.2080 7.6355
3949.1162 7.6197
3950.0269 7.5827
3950.9355 7.5499
3951.8467 7.5361
3952.7559 7.5137
3953.6650 7.4648
3954.5769 7.3908
3955.4866 7.3086
3956.3987 7.2379
3957.3088 7.1689
3958.2214 7.0550
3959.1321 6.8799
3960.0449 6.6625
3960.9561 6.4331
3961.8672 6.1936
3962.7808 5.8956
3963.6924 5.5177
3964.6064 5.0491
3965.5186 4.4902
3966.4329 3.8826
3967.3455 3.3563
3968.2581 3.1086
3969.1731 3.1954
3970.0862 3.5370
3971.0017 4.0070
3971.9153 4.4937
3972.8313 4.9499
3973.7451 5.3783
3974.6592 5.7673
3975.5759 6.1103
3976.4905 6.4038
3977.4075 6.6446
3978.3225 6.8330
3979.2397 6.9824
3980.1553 7.1058
3981.0708 7.2179
3981.9888 7.3257
3982.9050 7.4237
3983.8232 7.4962
3984.7397 7.5385
3985.6587 7.5862
3986.5757 7.6532
3987.4927 7.7213
3988.4121 7.7617
3989.3298 7.7747
3990.2498 7.7974
3991.1677 7.8348
3992.0879 7.8598
3993.0063 7.8580
3993.9250 7.8408
3994.8459 7.8308
3995.7649 7.8233
3996.6863 7.8252
3997.6057 7.8468
3998.5276 7.8819
3999.4475 7.9054
4000.3674 7.8933
4001.2900 7.8699
4002.2104 7.8419
4003.1333 7.8111
4004.0544 7.7985
4004.9775 7.8302
4005.8989 7.8935
4006.8206 7.9354
4007.7446 7.9480
4008.6665 7.9383
4009.5908 7.9076
4010.5132 7.8622
4011.4380 7.8369
4012.3608 7.8699
4013.2839 7.9177
4014.2095 7.9480
4015.1328 7.9612
4016.0588 7.9788
4016.9827 8.0146
4017.9089 8.0414
4018.8333 8.0517
4019.7578 8.0527
4020.6848 8.0466
4021.6096 8.0230
4022.5371 7.9706
4023.4624 7.9222
4024.3901 7.9263
4025.3162 7.9626
4026.2422 7.9917
4027.1704 7.9972
4028.0969 7.9982
4029.0259 7.9995
4029.9526 8.0028
4030.8821 8.0115
4031.8093 8.0281
4032.7390 8.0517
4033.6667 8.0774
4034.5947 8.1051
4035.5251 8.1452
4036.4534 8.1821
4037.3843 8.2004
4038.3130 8.2005
4039.2441 8.1997
4040.1736 8.2113
4041.1030 8.2129
4042.0347 8.1802
4042.9646 8.1086
4043.8970 8.0288
4044.8271 8.0059
4045.7600 8.0543
4046.6907 8.0913
4047.6216 8.1066
4048.5549 8.1146
4049.4863 8.1147
4050.4202 8.0915
4051.3521 8.0505
4052.2861 8.0276
4053.2185 8.0500
4054.1509 8.1007
4055.0857 8.1334
4056.0186 8.1311
4056.9539 8.1411
4057.8872 8.1658
4058.8230 8.1823
4059.7566 8.1684
4060.6907 8.1109
4061.6270 8.0224
4062.5613 7.9908
4063.4983 8.0245
4064.4331 8.0517
4065.3701 8.0432
4066.3054 8.0390
4067.2410 8.0780
4068.1787 8.0879
4069.1147 8.0241
4070.0530 7.9474
4070.9893 7.9247
4071.9280 7.9619
4072.8647 7.9909
4073.8018 7.9675
4074.7412 7.8959
4075.6787 7.8201
4076.6184 7.7976
4077.5562 7.8521
4078.4966 7.9212
4079.4348 7.9250
4080.3733 7.8894
4081.3142 7.8482
4082.2532 7.8118
4083.1943 7.7726
4084.1338 7.7253
4085.0757 7.6803
4086.0154 7.6344
4086.9553 7.5725
4087.8977 7.4859
4088.8381 7.3734
4089.7810 7.2319
4090.7219 7.0535
4091.6653 6.8536
4092.6064 6.6219
4093.5481 6.3386
4094.4919 5.9945
4095.4338 5.6025
4096.3784 5.1759
4097.3208 4.7147
4098.2656 4.2178
4099.2085 3.7409
4100.1514 3.4265
4101.0967 3.4582
4102.0400 3.8325
4102.9863 4.3324
4103.9302 4.8310
4104.8765 5.2850
4105.8208 5.6860
4106.7676 6.0344
4107.7124 6.3246
4108.6572 6.5658
4109.6045 6.7833
4110.5503 6.9900
4111.4980 7.1796
4112.4438 7.3357
4113.3921 7.4509
4114.3384 7.5383
4115.2852 7.6014
4116.2339 7.6362
4117.1807 7.6492
4118.1304 7.6694
4119.0776 7.6991
4120.0273 7.7042
4120.9751 7.7056
4121.9233 7.7322
4122.8740 7.7812
4123.8223 7.8097
4124.7734 7.7927
4125.7222 7.7149
4126.6733 7.6350
4127.6230 7.6103
4128.5723 7.6341
4129.5244 7.6329
4130.4746 7.6454
4131.4268 7.7096
4132.3774 7.7860
4133.3301 7.8377
4134.2812 7.8628
4135.2324 7.8752
4136.1855 7.8820
4137.1372 7.8948
4138.0913 7.9132
4139.0435 7.9287
4139.9976 7.9233
4140.9502 7.8717
4141.9028 7.7872
4142.8579 7.7559
4143.8110 7.7872
4144.7666 7.8388
4145.7202 7.8671
4146.6758 7.8669
4147.6299 7.8553
4148.5840 7.8483
4149.5405 7.8545
4150.4951 7.8649
4151.4526 7.8571
4152.4072 7.8222
4153.3647 7.8040
4154.3203 7.8057
4155.2764 7.8079
4156.2344 7.8067
4157.1904 7.8125
4158.1489 7.8214
4159.1055 7.8107
4160.0649 7.7790
4161.0220 7.7281
4161.9790 7.6736
4162.9390 7.6020
4163.8965 7.4246
4164.8564 7.1761
4165.8149 7.2366
4166.7754 7.5080
4167.7339 7.7275
4168.6929 7.7521
4169.6538 7.6503
4170.6133 7.5112
4171.5752 7.4130
4172.5347 7.4076
4173.4971 7.4814
4174.4570 7.5563
4175.4175 7.5452
4176.3799 7.4538
4177.3408 7.4033
4178.3042 7.4496
4179.2651 7.5493
4180.2290 7.6149
4181.1909 7.6172
4182.1548 7.6035
4183.1172 7.5924
4184.0796 7.5821
4185.0444 7.5613
4186.0068 7.5302
4186.9722 7.5208
4187.9355 7.5499
4188.9014 7.5695
4189.8647 7.5736
4190.8286 7.5797
4191.7949 7.5928
4192.7593 7.5866
4193.7261 7.5612
4194.6909 7.5416
4195.6582 7.5173
4196.6235 7.4833
4197.5889 7.4602
4198.5571 7.4687
4199.5229 7.4612
4200.4912 7.4401
4201.4575 7.4344
4202.4263 7.4466
4203.3931 7.4558
4204.3599 7.4603
4205.3296 7.4736
4206.2969 7.4821
4207.2671 7.4776
4208.2349 7.4648
4209.2051 7.4552
4210.1738 7.4531
4211.1421 7.4523
4212.1133 7.4369
4213.0820 7.4062
4214.0537 7.3819
4215.0229 7.3897
4215.9951 7.4211
4216.9648 7.4317
4217.9351 7.4217
4218.9077 7.4103
4219.8784 7.4050
4220.8516 7.3969
4221.8223 7.3734
4222.7959 7.3301
4223.7676 7.2650
4224.7393 7.1981
4225.7134 7.1762
4226.6855 7.2381
4227.6602 7.3437
4228.6328 7.3851
4229.6079 7.3255
4230.5806 7.1860
4231.5542 7.0563
4232.5298 7.0462
4233.5034 7.1592
4234.4800 7.2448
4235.4541 7.2871
4236.4307 7.2987
4237.4053 7.2946
4238.3799 7.2836
4239.3574 7.2564
4240.3325 7.2060
4241.3105 7.1915
4242.2861 7.2129
4243.2642 7.2227
4244.2407 7.1749
4245.2168 7.0959
4246.1958 7.1005
4247.1729 7.1432
4248.1519 7.1493
4249.1294 7.1176
4250.1094 7.1043
4251.0869 7.1257
4252.0649 7.1361
4253.0454 7.1486
4254.0239 7.1694
4255.0049 7.1802
4255.9834 7.1599
4256.9648 7.1224
4257.9443 7.0895
4258.9263 7.0595
4259.9058 7.0525
4260.8857 7.0788
4261.8687 7.1235
4262.8491 7.1592
4263.8320 7.1793
4264.8130 7.1876
4265.7964 7.1799
4266.7778 7.1534
4267.7593 7.1080
4268.7432 7.0385
4269.7256 6.9452
4270.7100 6.8914
4271.6924 6.8924
4272.6772 6.9230
4273.6606 6.9568
4274.6436 7.0012
4275.6294 7.0348
4276.6128 7.0437
4277.5991 7.0448
4278.5830 7.0472
4279.5698 7.0397
4280.5542 7.0102
4281.5391 6.9729
4282.5264 6.9565
4283.5117 6.9649
4284.4990 6.9770
4285.4849 6.9633
4286.4731 6.9108
4287.4590 6.8320
4288.4453 6.7851
4289.4346 6.8115
4290.4214 6.8725
4291.4106 6.8782
4292.3979 6.8083
4293.3877 6.7730
4294.3755 6.7857
4295.3633 6.8222
4296.3535 6.8349
4297.3423 6.7727
4298.3330 6.6459
4299.3218 6.5960
4300.3135 6.6016
4301.3027 6.6420
4302.2920 6.7185
4303.2842 6.8120
4304.2744 6.8408
4305.2666 6.7598
4306.2573 6.6862
4307.2500 6.6986
4308.2412 6.7722
4309.2319 6.8144
4310.2261 6.7620
4311.2173 6.6300
4312.2114 6.5133
4313.2036 6.4923
4314.1982 6.5776
4315.1904 6.7020
4316.1836 6.7644
4317.1787 6.7465
4318.1719 6.6736
4319.1675 6.6037
4320.1611 6.5820
4321.1572 6.5986
4322.1514 6.5669
4323.1460 6.4438
4324.1426 6.3429
4325.1377 6.3184
4326.1348 6.3299
4327.1299 6.2945
4328.1279 6.1838
4329.1235 6.0445
4330.1196 5.8956
4331.1182 5.7190
4332.1143 5.4964
4333.1133 5.2226
4334.1104 4.8973
4335.1099 4.5237
4336.1069 4.1116
4337.1069 3.6817
4338.1045 3.3077
4339.1025 3.1329
4340.1030 3.2936
4341.1016 3.6759
4342.1025 4.0932
4343.1016 4.4833
4344.1030 4.8401
4345.1025 5.1590
4346.1021 5.4343
4347.1040 5.6606
4348.1040 5.8165
4349.1069 5.8947
4350.1074 5.9483
4351.1104 6.0617
4352.1113 6.2397
4353.1128 6.3760
4354.1167 6.4662
4355.1182 6.5280
4356.1226 6.5749
4357.1245 6.6129
4358.1294 6.6399
4359.1318 6.6631
4360.1348 6.6866
4361.1401 6.7110
4362.1436 6.7352
4363.1494 6.7537
4364.1528 6.7517
4365.1592 6.7149
4366.1636 6.6683
4367.1680 6.6504
4368.1753 6.6726
4369.1802 6.7115
4370.1875 6.7334
4371.1929 6.7320
4372.2007 6.7030
4373.2065 6.6868
4374.2129 6.7168
4375.2212 6.7812
4376.2280 6.8231
4377.2368 6.8319
4378.2441 6.8273
4379.2534 6.8067
4380.2612 6.7461
4381.2686 6.6266
4382.2793 6.4859
4383.2871 6.4450
4384.2979 6.5147
4385.3066 6.6250
4386.3179 6.7090
4387.3267 6.7368
4388.3359 6.7194
4389.3481 6.7069
4390.3579 6.7189
4391.3701 6.6981
4392.3804 6.6117
4393.3936 6.5199
4394.4043 6.5541
4395.4150 6.6759
4396.4287 6.7302
4397.4399 6.6972
4398.4541 6.6459
4399.4658 6.6515
4400.4805 6.7183
4401.4927 6.7512
4402.5054 6.7247
4403.5205 6.6976
4404.5337 6.7127
4405.5493 6.7494
4406.5625 6.7507
4407.5786 6.7435
4408.5928 6.7411
4409.6069 6.7437
4410.6240 6.7439
4411.6387 6.7225
4412.6558 6.6506
4413.6709 6.5451
4414.6885 6.4512
4415.7041 6.4169
4416.7227 6.4682
4417.7388 6.5792
4418.7549 6.6566
4419.7739 6.6606
4420.7905 6.6364
4421.8101 6.6147
4422.8271 6.5995
4423.8472 6.5829
4424.8647 6.5629
4425.8828 6.5492
4426.9033 6.5469
4427.9219 6.5507
4428.9429 6.5566
4429.9619 6.5640
4430.9834 6.5678
4432.0024 6.5566
4433.0220 6.5640
4434.0444 6.5970
4435.0645 6.6357
4436.0874 6.6577
4437.1079 6.6673
4438.1309 6.6665
4439.1519 6.6512
4440.1733 6.6049
4441.1968 6.5306
4442.2188 6.4772
4443.2432 6.5217
4444.2651 6.6203
4445.2900 6.6838
4446.3125 6.6972
4447.3354 6.6719
4448.3613 6.6263
4449.3843 6.6088
4450.4106 6.6506
4451.4341 6.6807
4452.4609 6.6757
4453.4849 6.6602
4454.5098 6.6670
4455.5366 6.6903
4456.5615 6.6979
4457.5894 6.6990
4458.6147 6.7005
4459.6431 6.7042
4460.6689 6.7083
4461.6953 6.7016
4462.7241 6.6774
4463.7505 6.6593
4464.7798 6.6285
4465.8071 6.5648
4466.8369 6.4949
4467.8643 6.4975
4468.8921 6.5476
4469.9229 6.5865
4470.9512 6.6190
4471.9819 6.6576
4473.0107 6.6911
4474.0425 6.7047
4475.0718 6.6951
4476.1011 6.6685
4477.1333 6.5994
4478.1631 6.4406
4479.1958 6.2224
4480.2266 6.1715
4481.2593 6.3815
4482.2905 6.5806
4483.3213 6.6779
4484.3555 6.6970
4485.3872 6.6670
4486.4214 6.6047
4487.4536 6.5545
4488.4883 6.5337
4489.5210 6.5352
4490.5537 6.5574
4491.5889 6.6001
4492.6226 6.6370
4493.6582 6.6697
4494.6919 6.6936
4495.7285 6.7020
4496.7627 6.6864
4497.7998 6.6329
4498.8345 6.5348
4499.8696 6.4740
4500.9072 6.5197
4501.9424 6.6082
4502.9805 6.6631
4504.0166 6.6614
4505.0552 6.6156
4506.0913 6.5429
4507.1279 6.5238
4508.1675 6.5705
4509.2046 6.6384
4510.2446 6.6743
4511.2822 6.6646
4512.3223 6.5884
4513.3604 6.5076
4514.3984 6.4903
4515.4395 6.5316
4516.4785 6.5586
4517.5200 6.5229
4518.5591 6.4676
4519.6011 6.4133
4520.6406 6.3821
4521.6807 6.4046
4522.7236 6.4859
4523.7642 6.5547
4524.8071 6.5742
4525.8481 6.5529
4526.8916 6.5217
4527.9331 6.5142
4528.9746 6.5371
4530.0190 6.5291
4531.0610 6.4183
4532.1060 6.3088
4533.1489 6.3109
4534.1938 6.4157
4535.2373 6.5096
4536.2803 6.5201
4537.3267 6.5028
4538.3701 6.4757
4539.4170 6.4465
4540.4609 6.4365
4541.5083 6.4599
4542.5527 6.4778
4543.5981 6.4722
4544.6455 6.4555
4545.6909 6.3844
4546.7393 6.2297
4547.7852 6.0700
4548.8340 6.1065
4549.8804 6.2768
4550.9272 6.3713
4551.9766 6.3502
4553.0239 6.2638
4554.0737 6.1870
4555.1216 6.2028
4556.1719 6.2278
4557.2197 6.2495
4558.2686 6.2995
4559.3193 6.3574
4560.3682 6.3499
4561.4199 6.2637
4562.4692 6.2109
4563.5215 6.2401
4564.5713 6.2992
4565.6211 6.3380
4566.6743 6.3526
4567.7246 6.3507
4568.7778 6.2864
4569.8291 6.1925
4570.8828 6.1610
4571.9341 6.2128
4572.9888 6.2648
4574.0405 6.2353
4575.0928 6.2090
4576.1479 6.2224
4577.2007 6.2402
4578.2559 6.2365
4579.3091 6.2114
4580.3652 6.1411
4581.4189 6.0178
4582.4731 5.9942
4583.5298 6.0869
4584.5840 6.1854
4585.6411 6.1750
4586.6963 6.1039
4587.7539 6.0867
4588.8091 6.0961
4589.8647 6.1103
4590.9233 6.1346
4591.9795 6.1739
4593.0386 6.2017
4594.0952 6.1997
4595.1543 6.1917
4596.2114 6.1858
4597.2690 6.1796
4598.3291 6.1732
4599.3867 6.1735
4600.4473 6.1837
4601.5059 6.1930
4602.5669 6.1936
4603.6255 6.1861
4604.6846 6.1779
4605.7466 6.1769
4606.8062 6.1800
4607.8687 6.1767
4608.9287 6.1681
4609.9912 6.1616
4611.0518 6.1616
4612.1128 6.1612
4613.1763 6.1325
4614.2373 6.0894
4615.3013 6.0534
4616.3633 6.0292
4617.4277 6.0112
4618.4897 6.0124
4619.5522 6.0462
4620.6177 6.0859
4621.6807 6.1089
4622.7466 6.1102
4623.8096 6.0971
4624.8760 6.0710
4625.9399 6.0180
4627.0044 5.9542
4628.0713 5.9405
4629.1357 5.9924
4630.2031 6.0459
4631.2686 6.0237
4632.3364 5.9751
4633.4023 5.9739
4634.4678 6.0157
4635.5366 6.0626
4636.6030 6.0902
4637.6724 6.1039
4638.7393 6.1041
4639.8091 6.0910
4640.8765 6.0803
4641.9438 6.0827
4643.0142 6.0904
4644.0825 6.0812
4645.1533 6.0335
4646.2222 5.9896
4647.2935 5.9879
4648.3623 6.0223
4649.4316 6.0514
4650.5039 6.0528
4651.5737 6.0521
4652.6465 6.0520
4653.7168 6.0413
4654.7900 6.0205
4655.8608 6.0100
4656.9346 6.0283
4658.0059 6.0317
4659.0771 6.0233
4660.1519 6.0124
4661.2236 5.9990
4662.2983 5.9820
4663.3711 5.9742
4664.4463 5.9616
4665.5195 5.9570
4666.5928 5.9623
4667.6689 5.9679
4668.7427 5.9673
4669.8193 5.9731
4670.8936 5.9869
4671.9707 6.0026
4673.0454 6.0216
4674.1206 6.0426
4675.1982 6.0559
4676.2739 6.0522
4677.3521 6.0518
4678.4282 6.0560
4679.5073 6.0607
4680.5835 6.0654
4681.6602 6.0714
4682.7397 6.0762
4683.8174 6.0826
4684.8975 6.0824
4685.9751 6.0729
4687.0557 6.0607
4688.1338 6.0546
4689.2124 6.0544
4690.2935 6.0675
4691.3726 6.0730
4692.4546 6.0638
4693.5342 6.0499
4694.6162 6.0455
4695.6963 6.0489
4696.7764 6.0482
4697.8594 6.0408
4698.9404 6.0257
4700.0239 5.9993
4701.1050 5.9685
4702.1890 5.9693
4703.2710 6.0053
4704.3530 6.0298
4705.4375 6.0307
4706.5200 6.0189
4707.6055 6.0096
4708.6885 6.0112
4709.7744 5.9973
4710.8579 5.9858
4711.9414 5.9876
4713.0283 5.9956
4714.1123 5.9969
4715.1992 5.9936
4716.2842 5.9877
4717.3716 5.9867
4718.4570 5.9851
4719.5425 5.9778
4720.6309 5.9702
4721.7168 5.9709
4722.8057 5.9610
4723.8921 5.9357
4724.9814 5.9114
4726.0684 5.9044
4727.1553 5.9121
4728.2456 5.9061
4729.3335 5.8743
4730.4238 5.8592
4731.5122 5.8657
4732.6030 5.8793
4733.6919 5.8892
4734.7808 5.8914
4735.8726 5.8879
4736.9624 5.8858
4738.0547 5.8806
4739.1445 5.8697
4740.2373 5.8609
4741.3276 5.8633
4742.4214 5.8679
4743.5122 5.8633
4744.6035 5.8469
4745.6973 5.8267
4746.7891 5.8118
4747.8838 5.7989
4748.9761 5.7911
4750.0713 5.7810
4751.1641 5.7638
4752.2568 5.7433
4753.3525 5.7261
4754.4463 5.7092
4755.5425 5.7049
4756.6367 5.7058
4757.7334 5.6950
4758.8281 5.6652
4759.9229 5.6243
4761.0205 5.5883
4762.1157 5.5741
4763.2139 5.5804
4764.3096 5.5943
4765.4082 5.6015
4766.5044 5.5922
4767.6011 5.5644
4768.7002 5.5248
4769.7974 5.4909
4770.8975 5.4767
4771.9951 5.4774
4773.0952 5.4744
4774.1934 5.4642
4775.2915 5.4614
4776.3926 5.4779
4777.4917 5.5056
4778.5933 5.5305
4779.6924 5.5460
4780.7949 5.5595
4781.8945 5.5673
4782.9946 5.5692
4784.0977 5.5647
4785.1982 5.5555
4786.3018 5.5443
4787.4028 5.5337
4788.5068 5.5348
4789.6084 5.5381
4790.7100 5.5353
4791.8149 5.5296
4792.9170 5.5287
4794.0225 5.5253
4795.1255 5.5128
4796.2310 5.4965
4797.3345 5.4822
4798.4380 5.4728
4799.5444 5.4666
4800.6489 5.4552
4801.7559 5.4313
4802.8604 5.4015
4803.9678 5.3935
4805.0732 5.4162
4806.1782 5.4465
4807.2866 5.4593
4808.3926 5.4520
4809.5015 5.4336
4810.6079 5.4171
4811.7173 5.4122
4812.8242 5.4199
4813.9312 5.4304
4815.0415 5.4253
4816.1489 5.4068
4817.2598 5.3895
4818.3677 5.3831
4819.4790 5.3822
4820.5879 5.3649
4821.6968 5.3010
4822.8086 5.2645
4823.9180 5.2854
4825.0303 5.3300
4826.1401 5.3454
4827.2534 5.3354
4828.3638 5.3155
4829.4771 5.2993
4830.5884 5.2922
4831.6992 5.2912
4832.8135 5.2813
4833.9253 5.2415
4835.0400 5.2184
4836.1523 5.2171
4837.2676 5.2108
4838.3804 5.1943
4839.4937 5.1867
4840.6094 5.1783
4841.7231 5.1542
4842.8394 5.1159
4843.9536 5.0627
4845.0708 4.9863
4846.1851 4.8877
4847.3003 4.8067
4848.4180 4.7588
4849.5332 4.6969
4850.6514 4.6019
4851.7676 4.4682
4852.8862 4.2908
4854.0024 4.0840
4855.1191 3.8659
4856.2388 3.6161
4857.3560 3.3151
4858.4761 2.9859
4859.5938 2.7460
4860.7144 2.8009
4861.8325 3.0887
4862.9512 3.4060
4864.0723 3.6858
4865.1914 3.9311
4866.3135 4.1413
4867.4326 4.3191
4868.5552 4.4511
4869.6753 4.5506
4870.7954 4.6317
4871.9189 4.6991
4873.0396 4.7469
4874.1631 4.7688
4875.2847 4.8057
4876.4087 4.8653
4877.5308 4.9204
4878.6528 4.9561
4879.7778 4.9820
4880.9004 4.9981
4882.0259 5.0007
4883.1489 5.0178
4884.2749 5.0444
4885.3984 5.0634
4886.5225 5.0711
4887.6494 5.0799
4888.7734 5.0709
4889.9009 5.0615
4891.0259 5.0658
4892.1538 5.0836
4893.2793 5.1035
4894.4048 5.1137
4895.5337 5.1170
4896.6597 5.1170
4897.7891 5.1135
4898.9155 5.1102
4900.0454 5.1141
4901.1724 5.1222
4902.2998 5.1250
4903.4307 5.1317
4904.5586 5.1413
4905.6895 5.1460
4906.8179 5.1405
4907.9497 5.1283
4909.0786 5.1083
4910.2080 5.1045
4911.3403 5.1191
4912.4702 5.1415
4913.6030 5.1590
4914.7334 5.1579
4915.8667 5.1340
4916.9976 5.0987
4918.1313 5.0657
4919.2627 5.0468
4920.3945 5.0259
4921.5288 4.9466
4922.6611 4.9241
4923.7964 5.0084
4924.9292 5.1062
4926.0649 5.1472
4927.1978 5.1538
4928.3315 5.1473
4929.4678 5.1213
4930.6021 5.0975
4931.7388 5.0883
4932.8735 5.0923
4934.0107 5.1015
4935.1460 5.1112
4936.2812 5.1181
4937.4194 5.1179
4938.5557 5.1169
4939.6943 5.1172
4940.8306 5.1127
4941.9702 5.1044
4943.1069 5.0971
4944.2441 5.0887
4945.3843 5.0857
4946.5220 5.0894
4947.6626 5.0910
4948.8008 5.0865
4949.9419 5.0840
4951.0806 5.0847
4952.2197 5.0861
4953.3618 5.0768
4954.5010 5.0418
4955.6436 4.9942
4956.7837 5.0024
4957.9268 5.0400
4959.0674 5.0652
4960.2080 5.0638
4961.3521 5.0521
4962.4932 5.0507
4963.6377 5.0646
4964.7793 5.0616
4965.9243 5.0374
4967.0669 5.0161
4968.2095 5.0226
4969.3550 5.0415
4970.4980 5.0478
4971.6445 5.0516
4972.7881 5.0533
4973.9351 5.0465
4975.0791 5.0318
4976.2236 5.0225
4977.3711 5.0227
4978.5161 5.0199
4979.6641 5.0035
4980.8096 4.9812
4981.9585 4.9753
4983.1045 4.9901
4984.2510 5.0048
4985.4004 5.0235
4986.5469 5.0353
4987.6968 5.0251
4988.8442 4.9971
4989.9946 4.9832
4991.1426 4.9789
4992.2910 4.9836
4993.4419 4.9972
4994.5908 5.0112
4995.7427 5.0145
4996.8921 5.0114
4998.0439 4.9996
4999.1938 4.9749
5000.3438 4.9527
5001.4971 4.9423
5002.6475 4.9379
5003.8013 4.9388
5004.9521 4.9488
5006.1064 4.9605
5007.2583 4.9725
5008.4126 4.9832
5009.5649 4.9875
5010.7173 4.9857
5011.8730 4.9842
5013.0259 4.9835
5014.1816 4.9606
5015.3354 4.8803
5016.4917 4.7562
5017.6460 4.7315
5018.8003 4.8289
5019.9575 4.9094
5021.1123 4.9414
5022.2700 4.9513
5023.4258 4.9535
5024.5840 4.9512
5025.7397 4.9393
5026.8960 4.9348
5028.0552 4.9369
5029.2119 4.9363
5030.3716 4.9310
5031.5288 4.9301
5032.6890 4.9251
5033.8472 4.9106
5035.0049 4.9019
5036.1660 4.9020
5037.3247 4.8886
5038.4863 4.8493
5039.6455 4.8187
5040.8076 4.8285
5041.9668 4.8643
5043.1270 4.9004
5044.2900 4.9216
5045.4502 4.9180
5046.6138 4.9079
5047.7749 4.8919
5048.9390 4.8724
5050.1001 4.8593
5051.2622 4.8630
5052.4268 4.8743
5053.5894 4.8483
5054.7544 4.8285
5055.9175 4.8420
5057.0830 4.8710
5058.2466 4.8799
5059.4102 4.8785
5060.5771 4.8828
5061.7412 4.8891
5062.9082 4.8931
5064.0732 4.8884
5065.2407 4.8726
5066.4062 4.8629
5067.5718 4.8674
5068.7402 4.8740
5069.9062 4.8721
5071.0752 4.8634
5072.2417 4.8572
5073.4116 4.8526
5074.5786 4.8494
5075.7461 4.8589
5076.9165 4.8682
5078.0845 4.8644
5079.2554 4.8544
5080.4238 4.8554
5081.5957 4.8686
5082.7646 4.8727
5083.9336 4.8675
5085.1060 4.8617
5086.2759 4.8578
5087.4487 4.8570
5088.6191 4.8625
5089.7925 4.8601
5090.9634 4.8451
5092.1348 4.8298
5093.3091 4.8292
5094.4805 4.8276
5095.6553 4.8203
5096.8276 4.8306
5098.0029 4.8579
5099.1758 4.8654
5100.3516 4.8264
5101.5249 4.8146
5102.6987 4.8244
5103.8750 4.8262
5105.0493 4.8170
5106.2266 4.8040
5107.4014 4.7892
5108.5791 4.7778
5109.7544 4.7715
5110.9297 4.7780
5112.1084 4.7910
5113.2842 4.8001
5114.4634 4.8031
5115.6401 4.8069
5116.8198 4.8018
5117.9966 4.7920
5119.1743 4.7824
5120.3545 4.7737
5121.5327 4.7649
5122.7134 4.7613
5123.8921 4.7627
5125.0737 4.7588
5126.2524 4.7398
5127.4321 4.7168
5128.6143 4.7169
5129.7939 4.7353
5130.9771 4.7397
5132.1572 4.7444
5133.3408 4.7480
5134.5220 4.7392
5135.7031 4.7190
5136.8872 4.7092
5138.0688 4.7091
5139.2539 4.7109
5140.4360 4.7154
5141.6216 4.7239
5142.8042 4.7321
5143.9873 4.7330
5145.1738 4.7325
5146.3574 4.7285
5147.5439 4.7197
5148.7280 4.7087
5149.9155 4.6967
5151.1001 4.6733
5152.2852 4.6466
5153.4731 4.6491
5154.6587 4.6709
5155.8477 4.6890
5157.0337 4.6933
5158.2227 4.6840
5159.4097 4.6761
5160.5962 4.6789
5161.7861 4.6845
5162.9736 4.6743
5164.1646 4.6233
5165.3525 4.5158
5166.5435 4.4144
5167.7319 4.4255
5168.9209 4.5034
5170.1128 4.5414
5171.3022 4.5208
5172.4946 4.5883
5173.6846 4.6434
5174.8779 4.6501
5176.0684 4.6446
5177.2588 4.6513
5178.4526 4.6517
5179.6440 4.6309
5180.8384 4.5458
5182.0303 4.4795
5183.2251 4.4915
5184.4175 4.5531
5185.6104 4.5792
5186.8062 4.5612
5187.9995 4.5521
5189.1958 4.5610
5190.3896 4.5769
5191.5864 4.5887
5192.7808 4.5892
5193.9780 4.5661
5195.1729 4.5147
5196.3682 4.4919
5197.5664 4.5165
5198.7622 4.5544
5199.9609 4.5598
5201.1572 4.5549
5202.3564 4.5420
5203.5532 4.5156
5204.7505 4.4942
5205.9507 4.4927
5207.1484 4.5008
5208.3491 4.4988
5209.5474 4.4936
5210.7485 4.4974
5211.9473 4.5017
5213.1460 4.4996
5214.3481 4.4980
5215.5479 4.4988
5216.7505 4.5069
5217.9507 4.5129
5219.1538 4.5110
5220.3545 4.5025
5221.5557 4.4895
5222.7598 4.4629
5223.9609 4.4189
5225.1655 4.3998
5226.3677 4.4254
5227.5728 4.4652
5228.7754 4.4662
5229.9785 4.4395
5231.1846 4.3849
5232.3877 4.3399
5233.5942 4.3338
5234.7983 4.3559
5236.0054 4.3707
5237.2100 4.3877
5238.4150 4.4045
5239.6230 4.4246
5240.8281 4.4404
5242.0366 4.4454
5243.2427 4.4424
5244.4517 4.4361
5245.6582 4.4295
5246.8652 4.4305
5248.0747 4.4404
5249.2822 4.4546
5250.4927 4.4621
5251.7007 4.4430
5252.9116 4.4114
5254.1201 4.4014
5255.3286 4.4181
5256.5405 4.4446
5257.7500 4.4587
5258.9624 4.4502
5260.1724 4.4377
5261.3853 4.4137
5262.5957 4.3848
5263.8062 4.3728
5265.0200 4.3897
5266.2310 4.4004
5267.4458 4.3808
5268.6572 4.3744
5269.8721 4.3844
5271.0845 4.3881
5272.2974 4.3627
5273.5132 4.2971
5274.7261 4.2811
5275.9424 4.3277
5277.1562 4.3749
5278.3730 4.3859
5279.5874 4.3846
5280.8047 4.3775
5282.0195 4.3511
5283.2349 4.3645
5284.4531 4.4041
5285.6689 4.4244
5286.8877 4.4144
5288.1040 4.4111
5289.3232 4.4060
5290.5400 4.4043
5291.7573 4.3986
5292.9775 4.3841
5294.1953 4.3716
5295.4160 4.3729
5296.6343 4.3710
5297.8555 4.3681
5299.0742 4.3682
5300.2935 4.3730
5301.5156 4.3778
5302.7354 4.3658
5303.9580 4.3484
5305.1782 4.3395
5306.4014 4.3388
5307.6221 4.3447
5308.8433 4.3580
5310.0674 4.3613
5311.2891 4.3444
5312.5137 4.3174
5313.7358 4.2578
5314.9614 4.1938
5316.1841 4.2141
5317.4072 4.2988
5318.6333 4.3343
5319.8569 4.3367
5321.0835 4.3174
5322.3076 4.2855
5323.5347 4.2679
5324.7598 4.2729
5325.9844 4.2495
5327.2129 4.2225
5328.4380 4.2208
5329.6670 4.2475
5330.8931 4.2802
5332.1221 4.2919
5333.3491 4.2793
5334.5757 4.2534
5335.8062 4.2358
5337.0337 4.2389
5338.2642 4.2551
5339.4922 4.2676
5340.7236 4.2815
5341.9521 4.2969
5343.1812 4.3014
5344.4131 4.2899
5345.6426 4.2773
5346.8755 4.2855
5348.1055 4.2994
5349.3389 4.3037
5350.5693 4.2931
5351.8003 4.2739
5353.0342 4.2614
5354.2656 4.2658
5355.5005 4.2667
5356.7324 4.2624
5357.9678 4.2590
5359.2002 4.2447
5360.4331 4.2035
5361.6694 4.1798
5362.9028 4.2011
5364.1392 4.2297
5365.3735 4.2425
5366.6108 4.2378
5367.8452 4.2241
5369.0801 4.2169
5370.3184 4.2209
5371.5537 4.2384
5372.7925 4.2596
5374.0283 4.2660
5375.2676 4.2482
5376.5039 4.2333
5377.7441 4.2077
5378.9810 4.1864
5380.2183 4.1875
5381.4590 4.2066
5382.6973 4.2189
5383.9385 4.2197
5385.1768 4.2254
5386.4189 4.1506
5387.6577 4.0241
5388.8975 3.9939
5390.1401 4.1441
5391.3799 4.2066
5392.6230 4.2065
5393.8638 4.1944
5395.1074 4.1933
5396.3486 4.2042
5397.5903 4.2146
5398.8350 4.2043
5400.0767 4.1863
5401.3223 4.1674
5402.5645 4.1549
5403.8105 4.1598
5405.0537 4.1843
5406.2969 4.1962
5407.5439 4.1962
5408.7876 4.1951
5410.0352 4.1917
5411.2798 4.1780
5412.5273 4.1562
5413.7725 4.1531
5415.0181 4.1588
5416.2666 4.1575
5417.5127 4.1522
5418.7617 4.1514
5420.0083 4.1497
5421.2583 4.1298
5422.5054 4.1225
5423.7529 4.1302
5425.0034 4.1407
5426.2515 4.1427
5427.5029 4.1345
5428.7515 4.1265
5430.0034 4.1300
5431.2524 4.1246
5432.5020 4.1129
5433.7549 4.1089
5435.0049 4.1190
5436.2578 4.1403
5437.5088 4.1446
5438.7627 4.1358
5440.0137 4.1310
5441.2651 4.1346
5442.5200 4.1327
5443.7720 4.1187
5445.0273 4.1083
5446.2798 4.0969
5447.5356 4.0918
5448.7891 4.0981
5450.0425 4.1065
5451.2993 4.1093
5452.5532 4.1027
5453.8105 4.0943
5455.0654 4.0929
5456.3232 4.0945
5457.5786 4.0880
5458.8340 4.0852
5460.0928 4.0841
5461.3486 4.0814
5462.6084 4.0770
5463.8647 4.0709
5465.1250 4.0653
5466.3823 4.0721
5467.6396 4.0788
5468.9004 4.0834
5470.1587 4.0853
5471.4199 4.0854
5472.6787 4.0845
5473.9404 4.0761
5475.1997 4.0593
5476.4624 4.0508
5477.7222 4.0509
5478.9824 4.0558
5480.2461 4.0658
5481.5068 4.0685
5482.7705 4.0629
5484.0322 4.0530
5485.2964 4.0443
5486.5586 4.0412
5487.8208 4.0449
5489.0859 4.0473
5490.3491 4.0487
5491.6147 4.0470
5492.8784 4.0483
5494.1450 4.0537
5495.4087 4.0565
5496.6729 4.0640
5497.9404 4.0678
5499.2056 4.0533
5500.4736 4.0328
5501.7388 4.0234
5503.0073 4.0242
5504.2734 4.0216
5505.5396 4.0083
5506.8096 3.9973
5508.0762 3.9970
5509.3462 4.0035
5510.6138 4.0077
5511.8843 4.0123
5513.1523 4.0164
5514.4209 4.0197
5515.6924 4.0218
5516.9614 4.0194
5518.2334 4.0110
5519.5029 4.0103
5520.7759 4.0031
5522.0459 3.9895
5523.3159 3.9707
5524.5898 3.9472
5525.8608 3.9273
5527.1348 3.9344
5528.4062 3.9608
5529.6812 3.9769
5530.9536 3.9644
5532.2256 3.9299
5533.5015 3.9075
5534.7744 3.9348
5536.0508 3.9586
5537.3242 3.9641
5538.6011 3.9580
5539.8755 3.9519
5541.1499 3.9507
5542.4277 3.9411
5543.7026 3.9352
5544.9810 3.9445
5546.2568 3.9568
5547.5356 3.9594
5548.8115 3.9561
5550.0884 3.9523
5551.3682 3.9515
5552.6450 3.9501
5553.9258 3.9488
5555.2031 3.9477
5556.4844 3.9434
5557.7627 3.9387
5559.0410 3.9400
5560.3232 3.9407
5561.6021 3.9364
5562.8848 3.9303
5564.1646 3.9287
5565.4473 3.9272
5566.7280 3.9193
5568.0083 3.9103
5569.2925 3.9035
5570.5737 3.8991
5571.8579 3.8982
5573.1401 3.9012
5574.4253 3.8982
5575.7075 3.8920
5576.9932 3.8874
5578.2764 3.8861
5579.5596 3.8861
5580.8462 3.8860
5582.1299 3.8881
5583.4170 3.8817
5584.7017 3.8648
5585.9893 3.8502
5587.2744 3.8552
5588.5601 3.8716
5589.8486 3.8729
5591.1348 3.8650
5592.4238 3.8583
5593.7104 3.8558
5595.0005 3.8531
5596.2876 3.8467
5597.5747 3.8427
5598.8657 3.8436
5600.1538 3.8469
5601.4448 3.8475
5602.7334 3.8436
5604.0254 3.8437
5605.3149 3.8422
5606.6045 3.8345
5607.8970 3.8273
5609.1870 3.8249
5610.4805 3.8230
5611.7715 3.8231
5613.0654 3.8121
5614.3569 3.8058
5615.6484 3.8093
5616.9434 3.8147
5618.2354 3.8155
5619.5308 3.8200
5620.8237 3.8168
5622.1201 3.8069
5623.4131 3.7979
5624.7070 3.7960
5626.0039 3.8001
5627.2983 3.7981
5628.5957 3.7966
5629.8906 3.7964
5631.1890 3.7948
5632.4844 3.7910
5633.7803 3.7853
5635.0791 3.7756
5636.3755 3.7729
5637.6753 3.7720
5638.9722 3.7703
5640.2725 3.7687
5641.5703 3.7681
5642.8682 3.7662
5644.1694 3.7621
5645.4678 3.7594
5646.7695 3.7567
5648.0684 3.7537
5649.3711 3.7549
5650.6704 3.7595
5651.9707 3.7598
5653.2739 3.7515
5654.5742 3.7355
5655.8784 3.7224
5657.1797 3.7278
5658.4839 3.7420
5659.7856 3.7422
5661.0879 3.7337
5662.3931 3.7262
5663.6958 3.7218
5665.0020 3.7152
5666.3052 3.7059
5667.6118 3.7052
5668.9155 3.7098
5670.2197 3.7149
5671.5273 3.7160
5672.8320 3.7093
5674.1401 3.7000
5675.4453 3.6941
5676.7539 3.6942
5678.0601 3.6914
5679.3696 3.6792
5680.6758 3.6667
5681.9829 3.6724
5683.2930 3.6802
5684.6006 3.6774
5685.9111 3.6689
5687.2192 3.6675
5688.5308 3.6770
5689.8394 3.6788
5691.1484 3.6776
5692.4609 3.6771
5693.7705 3.6759
5695.0835 3.6722
5696.3936 3.6661
5697.7070 3.6589
5699.0176 3.6597
5700.3286 3.6572
5701.6431 3.6436
5702.9551 3.6246
5704.2700 3.6148
5705.5825 3.6186
5706.8979 3.6231
5708.2109 3.6241
5709.5239 3.6256
5710.8408 3.6288
5712.1543 3.6291
5713.4717 3.6304
5714.7861 3.6287
5716.1040 3.6236
5717.4189 3.6183
5718.7339 3.6145
5720.0527 3.6128
5721.3687 3.6211
5722.6880 3.6266
5724.0044 3.6221
5725.3242 3.6133
5726.6416 3.6092
5727.9590 3.6113
5729.2798 3.6120
5730.5977 3.6098
5731.9194 3.6059
5733.2378 3.6032
5734.5601 3.6039
5735.8794 3.6074
5737.1987 3.6113
5738.5215 3.6084
5739.8418 3.6036
5741.1655 3.5990
5742.4863 3.5927
5743.8105 3.5833
5745.1318 3.5756
5746.4536 3.5786
5747.7783 3.5842
5749.1006 3.5851
5750.4268 3.5816
5751.7495 3.5805
5753.0757 3.5847
5754.3994 3.5868
5755.7231 3.5846
5757.0503 3.5800
5758.3745 3.5746
5759.7026 3.5698
5761.0273 3.5684
5762.3560 3.5682
5763.6816 3.5614
5765.0078 3.5520
5766.3369 3.5457
5767.6636 3.5417
5768.9937 3.5398
5770.3208 3.5337
5771.6514 3.5271
5772.9790 3.5207
5774.3071 3.5142
5775.6387 3.5008
5776.9673 3.4487
5778.2993 3.3771
5779.6289 3.3716
5780.9614 3.4247
5782.2915 3.4788
5783.6250 3.5037
5784.9556 3.5099
5786.2861 3.5065
5787.6206 3.5091
5788.9521 3.5154
5790.2871 3.5146
5791.6191 3.5046
5792.9546 3.4983
5794.2871 3.4789
5795.6201 3.4725
5796.9565 3.4876
5798.2900 3.5080
5799.6274 3.5141
5800.9614 3.5162
5802.2993 3.5127
5803.6338 3.5110
5804.9692 3.5115
5806.3076 3.5114
5807.6436 3.5111
5808.9824 3.5124
5810.3188 3.5128
5811.6587 3.5122
5812.9956 3.5124
5814.3330 3.5155
5815.6738 3.5207
5817.0117 3.5169
5818.3530 3.5111
5819.6914 3.5118
5821.0337 3.5157
5822.3726 3.5138
5823.7119 3.5040
5825.0552 3.4975
5826.3950 3.4938
5827.7388 3.4931
5829.0791 3.4955
5830.4233 3.4987
5831.7646 3.4986
5833.1064 3.4944
5834.4517 3.4933
5835.7935 3.4900
5837.1396 3.4851
5838.4824 3.4804
5839.8286 3.4738
5841.1719 3.4698
5842.5156 3.4647
5843.8633 3.4633
5845.2075 3.4666
5846.5552 3.4656
5847.9004 3.4530
5849.2490 3.4517
5850.5942 3.4587
5851.9404 3.4623
5853.2896 3.4587
5854.6362 3.4535
5855.9863 3.4538
5857.3335 3.4559
5858.6841 3.4548
5860.0322 3.4522
5861.3799 3.4473
5862.7319 3.4417
5864.0806 3.4404
5865.4326 3.4395
5866.7822 3.4400
5868.1348 3.4430
5869.4849 3.4436
5870.8350 3.4392
5872.1890 3.4326
5873.5400 3.4205
5874.8940 3.4214
5876.2456 3.4313
5877.6006 3.4340
5878.9531 3.4240
5880.3052 3.4134
5881.6611 3.4048
5883.0146 3.3976
5884.3711 3.3836
5885.7246 3.3208
5887.0820 3.1811
5888.4365 3.0547
5889.7939 3.1935
5891.1489 3.3101
5892.5044 3.2451
5893.8633 3.1174
5895.2192 3.1232
5896.5786 3.2819
5897.9351 3.3273
5899.2949 3.3333
5900.6523 3.3449
5902.0098 3.3596
5903.3706 3.3648
5904.7285 3.3603
5906.0903 3.3541
5907.4487 3.3458
5908.8110 3.3438
5910.1704 3.3463
5911.5303 3.3452
5912.8931 3.3383
5914.2534 3.3373
5915.6172 3.3321
5916.9780 3.3188
5918.3428 3.3141
5919.7041 3.3206
5921.0659 3.3125
5922.4312 3.2963
5923.7939 3.3104
5925.1597 3.3284
5926.5229 3.3322
5927.8896 3.3273
5929.2534 3.3256
5930.6172 3.3164
5931.9849 3.3199
5933.3496 3.3201
5934.7178 3.3167
5936.0830 3.3197
5937.4517 3.3216
5938.8179 3.2942
5940.1841 3.2753
5941.5537 3.2782
5942.9204 3.2859
5944.2910 3.2837
5945.6587 3.2801
5947.0298 3.2812
5948.3975 3.2805
5949.7661 3.2804
5951.1382 3.2832
5952.5073 3.2871
5953.8799 3.2833
5955.2495 3.2599
5956.6226 3.2459
5957.9932 3.2538
5959.3638 3.2675
5960.7378 3.2724
5962.1094 3.2763
5963.4839 3.2783
5964.8560 3.2678
5966.2314 3.2540
5967.6040 3.2483
5968.9766 3.2496
5970.3530 3.2466
5971.7266 3.2451
5973.1035 3.2393
5974.4780 3.2332
5975.8555 3.2290
5977.2305 3.2285
5978.6055 3.2345
5979.9839 3.2380
5981.3599 3.2398
5982.7388 3.2375
5984.1152 3.2322
5985.4951 3.2277
5986.8721 3.2244
5988.2495 3.2134
5989.6304 3.2087
5991.0083 3.2174
5992.3896 3.2261
5993.7681 3.2227
5995.1504 3.2148
5996.5298 3.2128
5997.9126 3.2168
5999.2920 3.2176
6000.6724 3.2099
6002.0562 3.1945
6003.4370 3.1796
6004.8213 3.1784
6006.2026 3.1749
6007.5874 3.1697
6008.9697 3.1665
6010.3521 3.1672
6011.7378 3.1719
6013.1211 3.1753
6014.5078 3.1792
6015.8911 3.1801
6017.2783 3.1771
6018.6626 3.1746
6020.0474 3.1767
6021.4355 3.1727
6022.8208 3.1702
6024.2095 3.1659
6025.5957 3.1623
6026.9849 3.1633
6028.3716 3.1650
6029.7583 3.1606
6031.1489 3.1593
6032.5361 3.1611
6033.9272 3.1598
6035.3154 3.1543
6036.7070 3.1519
6038.0957 3.1506
6039.4849 3.1446
6040.8774 3.1415
6042.2671 3.1423
6043.6606 3.1418
6045.0508 3.1406
6046.4448 3.1496
6047.8359 3.1506
6049.2271 3.1458
6050.6221 3.1412
6052.0142 3.1388
6053.4097 3.1375
6054.8022 3.1384
6056.1982 3.1414
6057.5918 3.1402
6058.9854 3.1372
6060.3823 3.1376
6061.7764 3.1388
6063.1743 3.1316
6064.5693 3.1300
6065.9678 3.1316
6067.3633 3.1318
6068.7588 3.1311
6070.1582 3.1310
6071.5547 3.1231
6072.9551 3.1215
6074.3521 3.1240
6075.7529 3.1253
6077.1504 3.1247
6078.5483 3.1248
6079.9502 3.1250
6081.3491 3.1208
6082.7515 3.1186
6084.1504 3.1200
6085.5537 3.1194
6086.9536 3.1122
6088.3540 3.1092
6089.7578 3.1110
6091.1587 3.1122
6092.5635 3.1128
6093.9648 3.1148
6095.3701 3.1163
6096.7725 3.1112
6098.1782 3.1059
6099.5811 3.1015
6100.9844 3.1006
6102.3911 3.1044
6103.7949 3.1082
6105.2026 3.1038
6106.6069 3.1022
6108.0151 3.0975
6109.4204 3.0896
6110.8257 3.0845
6112.2349 3.0847
6113.6411 3.0839
6115.0508 3.0855
6116.4575 3.0878
6117.8682 3.0868
6119.2754 3.0836
6120.6831 3.0846
6122.0947 3.0876
6123.5029 3.0867
6124.9150 3.0826
6126.3242 3.0795
6127.7368 3.0790
6129.1465 3.0794
6130.5566 3.0800
6131.9702 3.0778
6133.3809 3.0727
6134.7954 3.0705
6136.2065 3.0728
6137.6216 3.0725
6139.0337 3.0684
6140.4458 3.0685
6141.8618 3.0665
6143.2749 3.0572
6144.6914 3.0395
6146.1050 3.0208
6147.5220 3.0274
6148.9365 3.0460
6150.3511 3.0549
6151.7690 3.0431
6153.1846 3.0078
6154.6035 2.9631
6156.0190 2.9670
6157.4390 3.0008
6158.8555 3.0176
6160.2720 3.0167
6161.6929 3.0156
6163.1104 3.0119
6164.5312 3.0066
6165.9497 3.0044
6167.3711 3.0020
6168.7900 3.0012
6170.2095 3.0033
6171.6323 3.0007
6173.0518 2.9909
6174.4756 2.9910
6175.8960 2.9924
6177.3198 2.9905
6178.7412 2.9909
6180.1626 2.9979
6181.5874 2.9986
6183.0098 2.9957
6184.4355 2.9944
6185.8579 2.9961
6187.2847 2.9977
6188.7080 2.9968
6190.1318 3.0016
6191.5591 3.0028
6192.9834 2.9911
6194.4116 2.9804
6195.8364 2.9833
6197.2651 2.9869
6198.6909 2.9785
6200.1172 2.9609
6201.5469 2.9520
6202.9731 2.9594
6204.4038 2.9740
6205.8311 2.9798
6207.2622 2.9806
6208.6899 2.9786
6210.1216 2.9742
6211.5503 2.9720
6212.9795 2.9742
6214.4121 2.9765
6215.8418 2.9804
6217.2749 2.9797
6218.7056 2.9760
6220.1392 2.9717
6221.5703 2.9677
6223.0015 2.9640
6224.4365 2.9607
6225.8687 2.9578
6227.3042 2.9601
6228.7368 2.9638
6230.1729 2.9606
6231.6064 2.9498
6233.0400 2.9491
6234.4771 2.9375
6235.9116 2.9180
6237.3496 2.9137
6238.7842 2.9297
6240.2231 2.9377
6241.6587 2.9351
6243.0942 2.9274
6244.5342 2.9071
6245.9707 2.8980
6247.4111 2.9157
6248.8481 2.9311
6250.2891 2.9301
6251.7271 2.9307
6253.1650 2.9301
6254.6069 2.9270
6256.0459 2.9255
6257.4888 2.9272
6258.9282 2.9207
6260.3716 2.9160
6261.8115 2.9165
6263.2520 2.9159
6264.6963 2.9073
6266.1377 2.8893
6267.5825 2.8597
6269.0244 2.8579
6270.4702 2.8715
6271.9126 2.8794
6273.3555 2.8562
6274.8022 2.7831
6276.2456 2.7219
6277.6929 2.7235
6279.1372 2.7303
6280.5850 2.7112
6282.0298 2.6911
6283.4751 2.7153
6284.9238 2.7747
6286.3696 2.8046
6287.8193 2.8148
6289.2661 2.8219
6290.7163 2.8287
6292.1636 2.8329
6293.6108 2.8335
6295.0620 2.8361
6296.5103 2.8337
6297.9624 2.8330
6299.4111 2.8349
6300.8638 2.8251
6302.3135 2.8261
6303.7632 2.8242
6305.2168 2.8238
6306.6675 2.8230
6308.1216 2.8200
6309.5728 2.8230
6311.0278 2.8300
6312.4795 2.8211
6313.9316 2.8097
6315.3877 2.8015
6316.8403 2.7976
6318.2974 2.8064
6319.7510 2.8232
6321.2080 2.8260
6322.6621 2.8243
6324.1201 2.8246
6325.5752 2.8247
6327.0303 2.8223
6328.4893 2.8172
6329.9453 2.8195
6331.4048 2.8195
6332.8613 2.8157
6334.3218 2.8135
6335.7788 2.8149
6337.2363 2.8156
6338.6978 2.8135
6340.1558 2.8083
6341.6182 2.8008
6343.0767 2.7731
6344.5396 2.7119
6345.9990 2.7208
6347.4590 2.7704
6348.9229 2.7951
6350.3833 2.7914
6351.8477 2.7886
6353.3091 2.7937
6354.7739 2.7951
6356.2358 2.7905
6357.6982 2.7859
6359.1641 2.7822
6360.6270 2.7783
6362.0938 2.7777
6363.5576 2.7796
6365.0249 2.7750
6366.4893 2.7580
6367.9536 2.7254
6369.4224 2.7033
6370.8877 2.7350
6372.3564 2.7615
6373.8228 2.7612
6375.2925 2.7524
6376.7588 2.7434
6378.2261 2.7387
6379.6968 2.7489
6381.1646 2.7525
6382.6357 2.7548
6384.1040 2.7597
6385.5762 2.7637
6387.0454 2.7634
6388.5146 2.7620
6389.9878 2.7613
6391.4580 2.7567
6392.9316 2.7518
6394.4023 2.7462
6395.8770 2.7398
6397.3481 2.7381
6398.8198 2.7385
6400.2954 2.7410
6401.7681 2.7398
6403.2441 2.7375
6404.7173 2.7372
6406.1943 2.7341
6407.6680 2.7298
6409.1421 2.7281
6410.6196 2.7241
6412.0947 2.7175
6413.5732 2.7106
6415.0488 2.7055
6416.5278 2.7143
6418.0039 2.7198
6419.4805 2.7191
6420.9609 2.7143
6422.4380 2.7071
6423.9189 2.7006
6425.3970 2.7060
6426.8784 2.7076
6428.3569 2.7011
6429.8359 2.6906
6431.3184 2.6860
6432.7979 2.6930
6434.2812 2.6903
6435.7617 2.6791
6437.2456 2.6716
6438.7266 2.6726
6440.2114 2.6770
6441.6929 2.6755
6443.1748 2.6647
6444.6606 2.6627
6446.1431 2.6616
6447.6294 2.6569
6449.1128 2.6503
6450.6001 2.6390
6452.0840 2.6120
6453.5684 2.5767
6455.0566 2.5824
6456.5415 2.6177
6458.0303 2.6408
6459.5161 2.6438
6461.0054 2.6414
6462.4917 2.6370
6463.9785 2.6306
6465.4692 2.6253
6466.9565 2.6253
6468.4478 2.6297
6469.9360 2.6276
6471.4277 2.6188
6472.9165 2.6077
6474.4058 2.5992
6475.8984 2.5969
6477.3882 2.6003
6478.8818 2.5965
6480.3726 2.5849
6481.8667 2.5841
6483.3579 2.5963
6484.8496 2.6087
6486.3447 2.6088
6487.8369 2.5934
6489.3330 2.5790
6490.8262 2.5736
6492.3228 2.5748
6493.8164 2.5762
6495.3101 2.5766
6496.8081 2.5858
6498.3027 2.5923
6499.8013 2.5932
6501.2964 2.5912
6502.7954 2.5894
6504.2915 2.5875
6505.7876 2.5810
6507.2881 2.5786
6508.7852 2.5752
6510.2861 2.5689
6511.7837 2.5555
6513.2852 2.5290
6514.7837 2.5221
6516.2822 2.5365
6517.7852 2.5454
6519.2842 2.5444
6520.7876 2.5409
6522.2876 2.5344
6523.7920 2.5353
6525.2925 2.5315
6526.7939 2.5232
6528.2988 2.5144
6529.8008 2.5068
6531.3062 2.4989
6532.8091 2.4927
6534.3154 2.4889
6535.8184 2.4851
6537.3223 2.4822
6538.8296 2.4779
6540.3340 2.4640
6541.8423 2.4425
6543.3472 2.4290
6544.8560 2.4154
6546.3613 2.3953
6547.8677 2.3712
6549.3774 2.3485
6550.8843 2.3199
6552.3945 2.2710
6553.9019 2.1978
6555.4136 2.1067
6556.9214 2.0013
6558.4336 1.8604
6559.9424 1.6560
6561.4512 1.6664
6562.9644 1.8287
6564.4741 1.9936
6565.9878 2.0943
6567.4985 2.1700
6569.0127 2.2325
6570.5239 2.2809
6572.0356 2.3162
6573.5513 2.3462
6575.0635 2.3749
6576.5796 2.3954
6578.0923 2.4111
6579.6094 2.4229
6581.1230 2.4307
6582.6372 2.4342
6584.1548 2.4336
6585.6694 2.4330
6587.1885 2.4430
6588.7036 2.4521
6590.2231 2.4572
6591.7393 2.4589
6593.2554 2.4588
6594.7759 2.4602
6596.2930 2.4650
6597.8140 2.4670
6599.3320 2.4674
6600.8535 2.4672
6602.3721 2.4662
6603.8911 2.4655
6605.4141 2.4688
6606.9336 2.4698
6608.4570 2.4656
6609.9771 2.4452
6611.5015 2.4170
6613.0225 2.4215
6614.5439 2.4479
6616.0693 2.4550
6617.5913 2.4576
6619.1172 2.4596
6620.6396 2.4558
6622.1665 2.4558
6623.6899 2.4559
6625.2139 2.4536
6626.7417 2.4553
6628.2661 2.4595
6629.7944 2.4596
6631.3198 2.4542
6632.8486 2.4508
6634.3745 2.4469
6635.9009 2.4424
6637.4312 2.4405
6638.9580 2.4431
6640.4888 2.4453
6642.0166 2.4411
6643.5483 2.4391
6645.0767 2.4417
6646.6055 2.4448
6648.1382 2.4436
6649.6675 2.4383
6651.2007 2.4350
6652.7310 2.4333
6654.2651 2.4329
6655.7959 2.4311
6657.3271 2.4266
6658.8623 2.4243
6660.3940 2.4292
6661.9297 2.4326
6663.4624 2.4321
6664.9990 2.4309
6666.5322 2.4304
6668.0659 2.4263
6669.6035 2.4224
6671.1377 2.4268
6672.6763 2.4308
6674.2114 2.4302
6675.7505 2.4270
6677.2861 2.4232
6678.8257 2.4221
6680.3623 2.4244
6681.8989 2.4230
6683.4399 2.4193
6684.9775 2.4166
6686.5190 2.4131
6688.0571 2.4190
6689.5996 2.4215
6691.1382 2.4185
6692.6777 2.4147
6694.2212 2.4114
6695.7607 2.4051
6697.3052 2.4015
6698.8457 2.4051
6700.3906 2.4096
6701.9316 2.4113
6703.4736 2.4113
6705.0195 2.4114
6706.5620 2.4116
6708.1084 2.4105
6709.6519 2.4086
6711.1987 2.4057
6712.7427 2.4029
6714.2871 2.4026
6715.8354 2.4022
6717.3804 2.4002
6718.9292 2.3966
6720.4751 2.4016
6722.0249 2.4128
6723.5713 2.4042
6725.1177 2.3919
6726.6685 2.3882
6728.2163 2.3872
6729.7676 2.3861
6731.3159 2.3846
6732.8682 2.3789
6734.4170 2.3741
6735.9663 2.3740
6737.5195 2.3740
6739.0693 2.3713
6740.6235 2.3669
6742.1743 2.3636
6743.7290 2.3626
6745.2803 2.3588
6746.8320 2.3566
6748.3877 2.3582
6749.9404 2.3608
6751.4966 2.3599
6753.0498 2.3555
6754.6069 2.3496
6756.1611 2.3480
6757.7153 2.3494
6759.2734 2.3495
6760.8286 2.3481
6762.3877 2.3462
6763.9434 2.3448
6765.5029 2.3435
6767.0596 2.3414
6768.6162 2.3391
6770.1772 2.3379
6771.7344 2.3359
6773.2959 2.3341
6774.8540 2.3331
6776.4165 2.3321
6777.9756 2.3306
6779.5347 2.3294
6781.0981 2.3275
6782.6582 2.3251
6784.2222 2.3238
6785.7827 2.3235
6787.3477 2.3229
6788.9092 2.3221
6790.4707 2.3209
6792.0366 2.3196
6793.5991 2.3184
6795.1655 2.3170
6796.7290 2.3154
6798.2964 2.3142
6799.8604 2.3139
6801.4282 2.3128
6802.9927 2.3112
6804.5581 2.3098
6806.1270 2.3084
6807.6929 2.3065
6809.2627 2.3049
6810.8291 2.3030
6812.3994 2.3012
6813.9668 2.2999
6815.5342 2.2988
6817.1060 2.2969
6818.6743 2.2954
6820.2466 2.2942
6821.8154 2.2933
6823.3887 2.2902
6824.9585 2.2829
6826.5283 2.2763
6828.1025 2.2827
6829.6733 2.2855
6831.2485 2.2848
6832.8198 2.2834
6834.3955 2.2815
6835.9678 2.2798
6837.5405 2.2782
6839.1172 2.2762
6840.6904 2.2746
6842.2681 2.2733
6843.8418 2.2721
6845.4199 2.2717
6846.9946 2.2709
6848.5698 2.2697
6850.1494 2.2682
6851.7251 2.2660
6853.3052 2.2629
6854.8818 2.2604
6856.4624 2.2598
6858.0396 2.2588
6859.6177 2.2572
6861.1992 2.2564
6862.7778 2.2568
6864.3604 2.2557
6865.9395 2.2542
6867.5225 2.2508
6869.1025 2.2486
6870.6826 2.2485
6872.2671 2.2486
6873.8481 2.2474
6875.4331 2.2461
6877.0146 2.2446
6878.6006 2.2427
6880.1831 2.2408
6881.7656 2.2394
6883.3525 2.2379
6884.9360 2.2361
6886.5239 2.2351
6888.1079 2.2342
6889.6963 2.2330
6891.2812 2.2316
6892.8667 2.2303
6894.4561 2.2289
6896.0425 2.2274
6897.6323 2.2257
6899.2192 2.2242
6900.8105 2.2224
6902.3979 2.2189
6903.9858 2.2159
6905.5776 2.2157
6907.1665 2.2156
6908.7593 2.2143
6910.3486 2.2128
6911.9419 2.2113
6913.5322 2.2100
6915.1226 2.2088
6916.7173 2.2069
6918.3081 2.2035
6919.9038 2.1999
6921.4956 2.2006
6923.0918 2.2010
6924.6846 2.1982
6926.2812 2.1962
6927.8745 2.1959
6929.4683 2.1954
6931.0664 2.1946
6932.6606 2.1941
6934.2593 2.1930
6935.8545 2.1913
6937.4541 2.1897
6939.0498 2.1886
6940.6460 2.1880
6942.2466 2.1862
6943.8438 2.1848
6945.4448 2.1840
6947.0430 2.1833
6948.6445 2.1820
6950.2432 2.1798
6951.8423 2.1789
6953.4453 2.1781
6955.0449 2.1772
6956.6489 2.1762
6958.2490 2.1743
6959.8535 2.1710
6961.4546 2.1692
6963.0562 2.1683
6964.6621 2.1683
6966.2642 2.1681
6967.8706 2.1658
6969.4736 2.1614
6971.0806 2.1617
6972.6841 2.1628
6974.2886 2.1603
6975.8965 2.1563
6977.5015 2.1546
6979.1104 2.1534
6980.7158 2.1518
6982.3257 2.1544
6983.9321 2.1553
6985.5386 2.1532
6987.1494 2.1524
6988.7568 2.1525
6990.3687 2.1408
6991.9766 2.1363
6993.5889 2.1397
6995.1978 2.1410
6996.8071 2.1342
6998.4204 2.1261
7000.0303 2.1227
7001.6445 2.1330
7003.2554 2.1383
7004.8701 2.1379
7006.4819 2.1403
7008.0938 2.1377
7009.7095 2.1341
7011.3223 2.1323
7012.9390 2.1300
7014.5522 2.1264
7016.1699 2.1233
7017.7837 2.1235
7019.3984 2.1290
7021.0171 2.1281
7022.6323 2.1274
7024.2515 2.1295
7025.8677 2.1287
7027.4878 2.1212
7029.1045 2.1155
7030.7212 2.1168
7032.3428 2.1166
7033.9604 2.1163
7035.5825 2.1212
7037.2007 2.1228
7038.8237 2.1143
7040.4429 2.1079
7042.0664 2.1090
7043.6865 2.1110
7045.3066 2.1079
7046.9316 2.1060
7048.5527 2.1067
7050.1782 2.1078
7051.7998 2.1053
7053.4263 2.1012
7055.0488 2.0980
7056.6719 2.0905
7058.2988 2.0820
7059.9229 2.0784
7061.5508 2.0765
7063.1753 2.0744
7064.8037 2.0744
7066.4292 2.0790
7068.0547 2.0827
7069.6846 2.0815
7071.3110 2.0795
7072.9419 2.0790
7074.5688 2.0768
7076.2002 2.0686
7077.8281 2.0654
7079.4561 2.0737
7081.0889 2.0810
7082.7178 2.0809
7084.3511 2.0758
7085.9810 2.0706
7087.6147 2.0740
7089.2451 2.0740
7090.8760 2.0711
7092.5112 2.0709
7094.1431 2.0737
7095.7788 2.0708
7097.4111 2.0619
7099.0479 2.0623
7100.6812 2.0647
7102.3145 2.0635
7103.9521 2.0602
7105.5864 2.0571
7107.2251 2.0538
7108.8599 2.0442
7110.4995 2.0357
7112.1353 2.0321
7113.7715 2.0325
7115.4116 2.0365
7117.0483 2.0404
7118.6899 2.0447
7120.3271 2.0482
7121.9692 2.0504
7123.6079 2.0511
7125.2466 2.0487
7126.8896 2.0453
7128.5293 2.0439
7130.1729 2.0432
7131.8130 2.0422
7133.4580 2.0412
7135.0986 2.0396
7136.7402 2.0377
7138.3857 2.0370
7140.0283 2.0347
7141.6748 2.0331
7143.3174 2.0336
7144.9648 2.0298
7146.6084 2.0278
7148.2524 2.0295
7149.9009 2.0304
7151.5459 2.0279
7153.1948 2.0226
7154.8403 2.0169
7156.4902 2.0211
7158.1367 2.0221
7159.7832 2.0199
7161.4346 2.0163
7163.0820 2.0130
7164.7339 2.0142
7166.3818 2.0160
7168.0347 2.0161
7169.6836 2.0153
7171.3369 2.0141
7172.9863 2.0127
7174.6367 2.0111
7176.2910 2.0101
7177.9419 2.0076
7179.5972 2.0059
7181.2490 2.0060
7182.9048 2.0048
7184.5571 1.9998
7186.2100 2.0001
7187.8672 2.0002
7189.5210 1.9959
7191.1787 1.9907
7192.8330 1.9892
7194.4917 1.9885
7196.1465 1.9863
7197.8022 1.9837
7199.4619 1.9808
7201.1182 1.9795
7202.7788 1.9795
7204.4355 1.9754
7206.0972 1.9734
7207.7549 1.9745
7209.4131 1.9744
7211.0757 1.9719
7212.7344 1.9696
7214.3975 1.9696
7216.0571 1.9691
7217.7212 1.9672
7219.3818 1.9631
7221.0425 1.9587
7222.7075 1.9578
7224.3691 1.9607
7226.0352 1.9614
7227.6973 1.9609
7229.3643 1.9600
7231.0273 1.9587
7232.6909 1.9569
7234.3584 1.9555
7236.0229 1.9531
7237.6914 1.9483
7239.3564 1.9467
7241.0259 1.9475
7242.6919 1.9470
7244.3579 1.9472
7246.0283 1.9467
7247.6953 1.9439
7249.3667 1.9410
7251.0342 1.9372
7252.7065 1.9334
7254.3750 1.9371
7256.0439 1.9382
7257.7168 1.9365
7259.3867 1.9344
7261.0605 1.9327
7262.7310 1.9313
7264.4058 1.9305
7266.0771 1.9300
7267.7485 1.9288
7269.4243 1.9272
7271.0967 1.9253
7272.7734 1.9231
7274.4463 1.9222
7276.1240 1.9217
7277.7979 1.9206
7279.4722 1.9188
7281.1509 1.9167
7282.8257 1.9149
7284.5054 1.9123
7286.1812 1.9033
7287.8613 1.9033
7289.5376 1.9070
7291.2148 1.9082
7292.8960 1.9072
7294.5737 1.9059
7296.2559 1.9041
7297.9341 1.9021
7299.6172 1.9006
7301.2964 1.9002
7302.9800 1.8994
7304.6602 1.8945
7306.3408 1.8920
7308.0254 1.8941
7309.7065 1.8964
7311.3921 1.8965
7313.0742 1.8952
7314.7607 1.8934
7316.4434 1.8899
7318.1265 1.8854
7319.8140 1.8845
7321.4980 1.8847
7323.1860 1.8816
7324.8711 1.8795
7326.5601 1.8793
7328.2456 1.8774
7329.9312 1.8760
7331.6216 1.8751
7333.3081 1.8737
7334.9995 1.8728
7336.6865 1.8710
7338.3784 1.8695
7340.0669 1.8683
7341.7554 1.8671
7343.4482 1.8657
7345.1377 1.8641
7346.8315 1.8629
7348.5215 1.8612
7350.2163 1.8591
7351.9067 1.8569
7353.5981 1.8552
7355.2939 1.8548
7356.9858 1.8547
7358.6826 1.8538
7360.3755 1.8526
7362.0728 1.8513
7363.7661 1.8499
7365.4604 1.8488
7367.1587 1.8481
7368.8535 1.8480
7370.5527 1.8478
7372.2485 1.8460
7373.9487 1.8431
7375.6450 1.8427
7377.3418 1.8434
7379.0430 1.8404
7380.7402 1.8388
7382.4424 1.8376
7384.1406 1.8341
7385.8433 1.8346
7387.5425 1.8338
7389.2422 1.8337
7390.9458 1.8327
7392.6465 1.8312
7394.3511 1.8304
7396.0522 1.8288
7397.7573 1.8273
7399.4595 1.8238
7401.1616 1.8198
7402.8682 1.8157
7404.5713 1.8119
7406.2788 1.8111
7407.9824 1.8085
7409.6909 1.8084
7411.3955 1.8079
7413.1006 1.8049
7414.8101 1.8022
7416.5156 1.8039
7418.2261 1.8023
7419.9326 1.7868
7421.6436 1.7783
7423.3506 1.7865
7425.0586 1.7993
7426.7705 1.8004
7428.4795 1.7972
7430.1924 1.7949
7431.9014 1.7974
7433.6152 1.8000
7435.3257 1.7991
7437.0400 1.7974
7438.7510 1.7674
7440.4624 1.7606
7442.1777 1.7791
7443.8901 1.7950
7445.6064 1.7900
7447.3193 1.7811
7449.0366 1.7861
7450.7505 1.7928
7452.4644 1.7924
7454.1831 1.7888
7455.8979 1.7886
7457.6172 1.7869
7459.3325 1.7768
7461.0527 1.7773
7462.7690 1.7766
7464.4858 1.7555
7466.2070 1.7310
7467.9248 1.7583
7469.6470 1.7740
7471.3652 1.7764
7473.0884 1.7748
7474.8076 1.7726
7476.5269 1.7707
7478.2510 1.7716
7479.9712 1.7730
7481.6963 1.7727
7483.4175 1.7709
7485.1431 1.7684
7486.8652 1.7669
7488.5874 1.7678
7490.3145 1.7632
7492.0371 1.7571
7493.7651 1.7568
7495.4888 1.7610
7497.2173 1.7631
7498.9419 1.7606
7500.6670 1.7551
7502.3970 1.7522
7504.1226 1.7518
7505.8530 1.7515
7507.5801 1.7491
7509.3110 1.7451
7511.0386 1.7453
7512.7666 1.7446
7514.4990 1.7449
7516.2275 1.7469
7517.9609 1.7469
7519.6904 1.7421
7521.4243 1.7392
7523.1548 1.7407
7524.8853 1.7418
7526.6206 1.7408
7528.3521 1.7385
7530.0884 1.7345
7531.8203 1.7335
7533.5571 1.7344
7535.2905 1.7337
7537.0239 1.7319
7538.7617 1.7313
7540.4961 1.7303
7542.2349 1.7296
7543.9702 1.7284
7545.7095 1.7274
7547.4453 1.7268
7549.1816 1.7263
7550.9229 1.7250
7552.6597 1.7237
7554.4014 1.7234
7556.1392 1.7226
7557.8818 1.7206
7559.6201 1.7176
7561.3594 1.7148
7563.1030 1.7128
7564.8428 1.7112
7566.5874 1.7094
7568.3281 1.7078
7570.0732 1.7068
7571.8149 1.7046
7573.5610 1.7029
7575.3032 1.7024
7577.0459 1.7013
7578.7930 1.6997
7580.5366 1.6987
7582.2847 1.6973
7584.0288 1.6960
7585.7778 1.6952
7587.5229 1.6945
7589.2686 1.6935
7591.0186 1.6925
7592.7646 1.6914
7594.5156 1.6903
7596.2627 1.6893
7598.0142 1.6879
7599.7622 1.6864
7601.5107 1.6856
7603.2637 1.6848
7605.0127 1.6837
7606.7661 1.6825
7608.5161 1.6808
7610.2710 1.6788
7612.0215 1.6763
7613.7725 1.6730
7615.5283 1.6714
7617.2803 1.6700
7619.0366 1.6691
7620.7896 1.6691
7622.5469 1.6692
7624.3003 1.6682
7626.0542 1.6675
7627.8130 1.6667
7629.5679 1.6657
7631.3271 1.6643
7633.0825 1.6629
7634.8428 1.6625
7636.5991 1.6614
7638.3560 1.6603
7640.1172 1.6595
7641.8750 1.6586
7643.6372 1.6573
7645.3955 1.6563
7647.1587 1.6555
7648.9180 1.6545
7650.6772 1.6526
7652.4419 1.6497
7654.2021 1.6464
7655.9673 1.6442
7657.7285 1.6431
7659.4941 1.6414
7661.2563 1.6401
7663.0186 1.6409
7664.7856 1.6431
7666.5493 1.6432
7668.3169 1.6421
7670.0811 1.6409
7671.8496 1.6393
7673.6147 1.6383
7675.3799 1.6376
7677.1499 1.6346
7678.9160 1.6340
7680.6870 1.6331
7682.4536 1.6306
7684.2251 1.6289
7685.9932 1.6292
7687.7612 1.6270
7689.5342 1.6259
7691.3027 1.6259
7693.0767 1.6250
7694.8462 1.6227
7696.6206 1.6208
7698.3911 1.6210
7700.1621 1.6206
7701.9380 1.6189
7703.7100 1.6174
7705.4863 1.6165
7707.2588 1.6118
7709.0361 1.5996
7710.8096 1.6036
7712.5879 1.6089
7714.3618 1.6088
7716.1367 1.6056
7717.9160 1.6027
7719.6914 1.6002
7721.4717 1.5994
7723.2480 1.5986
7725.0288 1.5975
7726.8062 1.5968
7728.5835 1.5966
7730.3657 1.5963
7732.1440 1.5963
7733.9272 1.5958
7735.7065 1.5948
7737.4902 1.5933
7739.2700 1.5919
7741.0508 1.5912
7742.8354 1.5903
7744.6167 1.5892
7746.4028 1.5887
7748.1851 1.5886
7749.9717 1.5881
7751.7544 1.5877
7753.5376 1.5871
7755.3257 1.5863
7757.1099 1.5843
7758.8984 1.5814
7760.6836 1.5801
7762.4731 1.5813
7764.2588 1.5788
7766.0449 1.5757
7767.8359 1.5401
7769.6226 1.4781
7771.4146 1.4394
7773.2021 1.4640
7774.9946 1.5422
7776.7832 1.5718
7778.5723 1.5714
7780.3662 1.5715
7782.1558 1.5725
7783.9507 1.5729
7785.7412 1.5697
7787.5366 1.5681
7789.3281 1.5696
7791.1201 1.5729
7792.9165 1.5756
7794.7095 1.5756
7796.5068 1.5712
7798.3003 1.5674
7800.0986 1.5649
7801.8931 1.5633
7803.6880 1.5636
7805.4873 1.5675
7807.2832 1.5657
7809.0835 1.5636
7810.8799 1.5631
7812.6812 1.5626
7814.4785 1.5607
7816.2759 1.5590
7818.0786 1.5582
7819.8770 1.5574
7821.6802 1.5544
7823.4795 1.5503
7825.2837 1.5472
7827.0840 1.5427
7828.8843 1.5409
7830.6899 1.5421
7832.4912 1.5452
7834.2974 1.5464
7836.0996 1.5429
7837.9067 1.5388
7839.7100 1.5399
7841.5132 1.5395
7843.3213 1.5379
7845.1260 1.5366
7846.9351 1.5359
7848.7402 1.5349
7850.5498 1.5325
7852.3560 1.5309
7854.1665 1.5315
7855.9736 1.5311
7857.7808 1.5276
7859.5928 1.5271
7861.4009 1.5244
7863.2139 1.5179
7865.0225 1.5185
7866.8364 1.5228
7868.6460 1.5211
7870.4561 1.5193
7872.2710 1.5077
7874.0820 1.4893
7875.8979 1.4958
7877.7100 1.5132
7879.5264 1.5106
7881.3389 1.5131
7883.1519 1.5050
7884.9697 1.4971
7886.7837 1.4982
7888.6025 1.5012
7890.4175 1.4898
7892.2368 1.4614
7894.0522 1.4448
7895.8687 1.4776
7897.6890 1.4947
7899.5059 1.4784
7901.3276 1.4762
7903.1455 1.5029
7904.9678 1.5001
7906.7861 1.4776
7908.6055 1.4744
7910.4292 1.4907
7912.2485 1.4942
7914.0732 1.4763
7915.8940 1.4804
7917.7192 1.4736
7919.5405 1.4648
7921.3628 1.4675
7923.1895 1.4766
7925.0122 1.4771
7926.8394 1.4575
7928.6631 1.4648
7930.4912 1.4808
7932.3159 1.4869
7934.1406 1.4872
7935.9702 1.4856
7937.7959 1.4854
7939.6265 1.4781
7941.4526 1.4748
7943.2842 1.4703
7945.1113 1.4571
7946.9390 1.4579
7948.7720 1.4550
7950.6006 1.4596
7952.4336 1.4669
7954.2632 1.4685
7956.0977 1.4616
7957.9277 1.4491
7959.7583 1.4341
7961.5938 1.4371
7963.4253 1.4532
7965.2617 1.4600
7967.0942 1.4501
7968.9316 1.4543
7970.7646 1.4529
7972.5981 1.4495
7974.4370 1.4497
7976.2715 1.4516
7978.1108 1.4517
7979.9458 1.4547
7981.7861 1.4521
7983.6226 1.4499
7985.4590 1.4547
7987.3003 1.4604
7989.1377 1.4577
7990.9800 1.4527
7992.8184 1.4516
7994.6616 1.4424
7996.5005 1.4289
7998.3447 1.4232
8000.1846 1.4318
8002.0249 1.4425
8003.8706 1.4315
8005.7114 1.4167
8007.5576 1.4273
8009.3999 1.4401
8011.2471 1.4261
8013.0898 1.4334
8014.9331 1.4399
8016.7812 1.4385
8018.6255 1.4306
8020.4746 1.4193
8022.3198 1.4114
8024.1699 1.4143
8026.0156 1.4096
8027.8623 1.4169
8029.7134 1.4254
8031.5605 1.4235
8033.4126 1.4186
8035.2607 1.4263
8037.1138 1.4253
8038.9624 1.4207
8040.8120 1.4114
8042.6660 1.4037
8044.5161 1.4075
8046.3711 1.4170
8048.2222 1.4207
8050.0781 1.4206
8051.9302 1.4214
8053.7827 1.4223
8055.6396 1.4198
8057.4927 1.4158
8059.3511 1.4135
8061.2051 1.4112
8063.0640 1.4125
8064.9189 1.4140
8066.7739 1.4091
8068.6343 1.4041
8070.4902 1.4083
8072.3516 1.4104
8074.2085 1.4083
8076.0703 1.4036
8077.9282 1.3996
8079.7866 1.4013
8081.6499 1.3973
8083.5088 1.3953
8085.3730 1.3967
8087.2329 1.3974
8089.0981 1.3952
8090.9590 1.3943
8092.8203 1.3931
8094.6865 1.3914
8096.5483 1.3905
8098.4155 1.3904
8100.2788 1.3900
8102.1465 1.3893
8104.0103 1.3886
8105.8745 1.3877
8107.7441 1.3868
8109.6089 1.3857
8111.4790 1.3843
8113.3452 1.3828
8115.2163 1.3828
8117.0830 1.3821
8118.9502 1.3812
8120.8228 1.3805
8122.6909 1.3796
8124.5640 1.3786
8126.4326 1.3778
8128.3066 1.3765
8130.1768 1.3750
8132.0513 1.3740
8133.9224 1.3738
8135.7935 1.3728
8137.6694 1.3717
8139.5415 1.3707
8141.4185 1.3697
8143.2915 1.3688
8145.1694 1.3678
8147.0430 1.3666
8148.9175 1.3655
8150.7964 1.3646
8152.6714 1.3634
8154.5513 1.3620
8156.4272 1.3610
8158.3081 1.3603
8160.1851 1.3594
8162.0625 1.3582
8163.9443 1.3571
8165.8228 1.3565
8167.7056 1.3562
8169.5845 1.3550
8171.4683 1.3539
8173.3481 1.3529
8175.2285 1.3517
8177.1138 1.3504
8178.9951 1.3467
8180.8809 1.3365
8182.7632 1.3373
8184.6499 1.3383
8186.5327 1.3404
8188.4160 1.3438
8190.3042 1.3413
8192.1885 1.3308
8194.0771 1.3360
8195.9629 1.3387
8197.8525 1.3287
8199.7383 1.3215
8201.6250 1.3324
8203.5156 1.3374
8205.4033 1.3360
8207.2959 1.3331
8209.1836 1.3295
8211.0762 1.3227
8212.9658 1.3150
8214.8545 1.3186
8216.7490 1.3221
8218.6396 1.3160
8220.5342 1.3146
8222.4258 1.3218
8224.3223 1.3249
8226.2139 1.3178
8228.1064 1.3166
8230.0039 1.3120
8231.8965 1.3064
8233.7949 1.3087
8235.6895 1.3181
8237.5889 1.3158
8239.4834 1.3098
8241.3789 1.3124
8243.2793 1.3133
8245.1758 1.3036
8247.0771 1.2951
8248.9746 1.3105
8250.8770 1.3086
8252.7744 1.3070
8254.6729 1.3099
8256.5771 1.3125
8258.4766 1.3129
8260.3809 1.3123
8262.2812 1.3120
8264.1865 1.3125
8266.0869 1.3111
8267.9893 1.3085
8269.8955 1.3082
8271.7979 1.3085
8273.7051 1.3060
8275.6084 1.3043
8277.5166 1.3036
8279.4209 1.3015
8281.3301 1.2982
8283.2354 1.2979
8285.1416 1.2944
8287.0518 1.2925
8288.9580 1.2922
8290.8691 1.2927
8292.7773 1.2928
8294.6895 1.2892
8296.5977 1.2893
8298.5059 1.2919
8300.4199 1.2881
8302.3291 1.2821
8304.2432 1.2840
8306.1543 1.2852
8308.0693 1.2841
8309.9805 1.2834
8311.8926 1.2820
8313.8086 1.2813
8315.7217 1.2831
8317.6396 1.2830
8319.5527 1.2768
8321.4707 1.2722
8323.3857 1.2753
8325.2998 1.2791
8327.2197 1.2733
8329.1357 1.2622
8331.0566 1.2375
8332.9727 1.2363
8334.8945 1.2566
8336.8115 1.2743
8338.7295 1.2723
8340.6523 1.2601
8342.5713 1.2474
8344.4951 1.2499
8346.4150 1.2627
8348.3398 1.2715
8350.2598 1.2687
8352.1807 1.2618
8354.1074 1.2451
8356.0293 1.2362
8357.9561 1.2416
8359.8789 1.2541
8361.8066 1.2639
8363.7295 1.2700
8365.6543 1.2650
8367.5830 1.2521
8369.5078 1.2320
8371.4375 1.2119
8373.3643 1.2101
8375.2949 1.2385
8377.2217 1.2577
8379.1484 1.2624
8381.0811 1.2632
8383.0088 1.2592
8384.9424 1.2405
8386.8711 1.2095
8388.8047 1.1824
8390.7344 1.1797
8392.6650 1.1973
8394.6006 1.2225
8396.5312 1.2448
8398.4678 1.2579
8400.3994 1.2573
8402.3369 1.2394
8404.2695 1.2146
8406.2031 1.1857
8408.1416 1.1540
8410.0762 1.1412
8412.0156 1.1535
8413.9502 1.1849
8415.8906 1.2154
8417.8271 1.2403
8419.7637 1.2642
8421.7051 1.2718
8423.6426 1.2645
8425.5850 1.2514
8427.5234 1.2314
8429.4668 1.2086
8431.4053 1.1821
8433.3496 1.1292
8435.2900 1.0905
8437.2305 1.1154
8439.1758 1.1673
8441.1172 1.1738
8443.0645 1.1248
8445.0059 1.1441
8446.9541 1.2335
8448.8965 1.2604
8450.8408 1.2576
8452.7891 1.2594
8454.7344 1.2446
8456.6836 1.2191
8458.6289 1.1858
8460.5791 1.1509
8462.5254 1.1021
8464.4727 1.0654
8466.4248 1.0881
8468.3721 1.1517
8470.3252 1.1942
8472.2734 1.2243
8474.2275 1.2468
8476.1768 1.2578
8478.1270 1.2589
8480.0820 1.2646
8482.0322 1.2661
8483.9883 1.2597
8485.9404 1.2526
8487.8975 1.2429
8489.8496 1.2248
8491.8027 1.2017
8493.7607 1.1310
8495.7148 1.0749
8497.6738 1.0368
8499.6289 1.0174
8501.5889 1.0406
8503.5449 1.1072
8505.5010 1.1564
8507.4619 1.1892
8509.4199 1.2038
8511.3818 1.2179
8513.3398 1.2500
8515.3027 1.2663
8517.2617 1.2642
8519.2217 1.2672
8521.1855 1.2723
8523.1465 1.2735
8525.1113 1.2691
8527.0723 1.2541
8529.0391 1.2458
8531.0010 1.2291
8532.9639 1.1977
8534.9316 1.1628
8536.8945 1.1145
8538.8633 1.0028
8540.8281 0.9540
8542.7969 0.9598
8544.7627 1.0088
8546.7285 1.0754
8548.6992 1.1246
8550.6660 1.1587
8552.6377 1.1831
8554.6045 1.2068
8556.5771 1.2266
8558.5459 1.2417
8560.5146 1.2538
8562.4893 1.2549
8564.4590 1.2435
8566.4336 1.2473
8568.4043 1.2535
8570.3799 1.2523
8572.3516 1.2506
8574.3242 1.2466
8576.3008 1.2443
8578.2744 1.2357
8580.2520 1.2201
8582.2256 1.2001
8584.2051 1.1798
8586.1797 1.1634
8588.1602 1.1281
8590.1357 1.0779
8592.1113 1.0210
8594.0928 0.9627
8596.0703 0.9301
8598.0527 0.9813
8600.0303 1.0489
8602.0137 1.1000
8603.9922 1.1351
8605.9717 1.1615
8607.9561 1.1819
8609.9365 1.1956
8611.9219 1.2050
8613.9033 1.2091
8615.8896 1.2143
8617.8711 1.2238
8619.8535 1.2324
8621.8418 1.2316
8623.8252 1.2251
8625.8135 1.2050
8627.7979 1.2105
8629.7881 1.2352
8631.7725 1.2352
8633.7588 1.2290
8635.7500 1.2293
8637.7363 1.2249
8639.7285 1.2154
8641.7158 1.2054
8643.7080 1.1974
8645.6973 1.1886
8647.6855 1.1702
8649.6797 1.1506
8651.6699 1.1199
8653.6650 1.0880
8655.6553 1.0637
8657.6514 0.9965
8659.6436 0.9089
8661.6357 0.8721
8663.6328 0.9028
8665.6260 0.9690
8667.6240 1.0274
8669.6182 1.0698
8671.6172 1.1047
8673.6123 1.1312
8675.6074 1.1231
8677.6084 1.1015
8679.6045 1.1132
8681.6055 1.1338
8683.6025 1.1619
8685.6055 1.1873
8687.6035 1.2033
8689.6025 1.2063
8691.6055 1.2007
8693.6055 1.2030
8695.6104 1.2059
8697.6104 1.2010
8699.6162 1.1851
8701.6172 1.1812
8703.6191 1.2069
8705.6260 1.2113
8707.6289 1.1814
8709.6367 1.1824
8711.6406 1.2044
8713.6494 1.2009
8715.6543 1.1642
8717.6592 1.1677
8719.6699 1.1883
8721.6758 1.1910
8723.6865 1.1756
8725.6934 1.1583
8727.7061 1.1520
8729.7129 1.1502
8731.7217 1.1324
8733.7354 1.1152
8735.7441 1.0994
8737.7588 1.0792
8739.7686 1.0509
8741.7842 1.0107
8743.7949 0.9600
8745.8115 0.8851
8747.8232 0.8487
8749.8359 0.8866
8751.8535 0.9603
8753.8672 1.0082
8755.8857 1.0512
8757.9004 1.0783
8759.9199 1.0957
8761.9346 1.1113
8763.9502 1.1237
8765.9717 1.1293
8767.9883 1.1377
8770.0098 1.1453
8772.0273 1.1516
8774.0498 1.1561
8776.0684 1.1564
8778.0879 1.1541
8780.1113 1.1571
8782.1318 1.1621
8784.1562 1.1656
8786.1777 1.1646
8788.2031 1.1600
8790.2256 1.1605
8792.2471 1.1600
8794.2754 1.1630
8796.2979 1.1640
8798.3262 1.1614
8800.3506 1.1569
8802.3799 1.1434
8804.4053 1.1329
8806.4307 1.1372
8808.4609 1.1432
8810.4873 1.1424
8812.5195 1.1423
8814.5459 1.1458
8816.5791 1.1341
8818.6074 1.1317
8820.6357 1.1308
8822.6699 1.1273
8824.6992 1.1298
8826.7344 1.1287
8828.7646 1.1213
8830.8008 1.1184
8832.8330 1.1131
8834.8643 1.1053
8836.9014 1.1038
8838.9346 1.1016
8840.9727 1.0879
8843.0068 1.0708
8845.0459 1.0549
8847.0811 1.0381
8849.1162 1.0169
8851.1562 0.9919
8853.1924 0.9659
8855.2344 0.9255
8857.2715 0.8738
8859.3145 0.8337
8861.3516 0.8358
8863.3906 0.8867
8865.4346 0.9264
8867.4736 0.9574
8869.5186 0.9808
8871.5596 0.9997
8873.6045 1.0186
8875.6465 1.0296
8877.6885 1.0367
8879.7354 1.0463
8881.7783 1.0574
8883.8262 1.0672
8885.8701 1.0746
8887.9189 1.0794
8889.9639 1.0837
8892.0088 1.0884
8894.0596 1.0929
8896.1055 1.0967
8898.1562 1.1001
8900.2041 1.1032
8902.2559 1.1049
8904.3037 1.1080
8906.3574 1.1050
8908.4062 1.0921
8910.4561 1.0845
8912.5107 1.1094
8914.5605 1.1117
8916.6162 1.1111
8918.6680 1.1127
8920.7246 1.1108
8922.7764 1.0993
8924.8291 1.0777
8926.8867 1.0994
8928.9404 1.1115
8931.0000 1.1110
8933.0547 1.1106
8935.1143 1.1098
8937.1699 1.1091
8939.2256 1.1082
8941.2871 1.1061
8943.3438 1.1045
8945.4062 1.1037
8947.4639 1.1027
8949.5273 1.1020
8951.5859 1.1005
8953.6455 1.0989
8955.7100 1.0970
8957.7705 1.0950
8959.8359 1.0928
8961.8975 1.0880
8963.9639 1.0851
8966.0264 1.0836
8968.0889 1.0812
8970.1572 1.0776
8972.2207 1.0735
8974.2891 1.0671
8976.3535 1.0632
8978.4238 1.0594
8980.4893 1.0542
8982.5557 1.0479
8984.6270 1.0406
8986.6934 1.0322
8988.7656 1.0233
8990.8340 1.0137
8992.9072 1.0025
8994.9756 0.9893
8997.0449 0.9744
8999.1201 0.9588
9001.1904 0.9404
9003.2656 0.9190
9005.3369 0.8934
9007.4131 0.8636
9009.4854 0.8284
9011.5586 0.7902
9013.6357 0.7992
9015.7100 0.8334
9017.7891 0.8672
9019.8633 0.8932
9021.9434 0.9158
9024.0186 0.9342
9026.0947 0.9497
9028.1758 0.9641
9030.2529 0.9765
9032.3350 0.9862
9034.4131 0.9947
9036.4971 1.0035
9038.5752 1.0111
9040.6543 1.0162
9042.7393 1.0199
9044.8193 1.0239
9046.9053 1.0283
9048.9863 1.0324
9051.0732 1.0368
9053.1553 1.0401
9055.2383 1.0391
9057.3262 1.0154
9059.4102 0.9797
9061.4990 1.0222
9063.5840 1.0452
9065.6738 1.0487
9067.7588 1.0472
9069.8506 1.0482
9071.9365 1.0475
9074.0234 1.0268
9076.1162 1.0219
9078.2041 1.0386
9080.2979 1.0515
9082.3867 1.0463
9084.4805 1.0302
9086.5703 1.0156
9088.6611 1.0425
9090.7568 1.0170
9092.8486 1.0048
9094.9453 1.0359
9097.0371 1.0467
9099.1348 1.0434
9101.2285 1.0438
9103.3223 1.0444
9105.4209 1.0419
9107.5156 1.0262
9109.6162 1.0052
9111.7119 1.0329
9113.8125 1.0387
9115.9092 1.0387
9118.0068 1.0364
9120.1094 1.0321
9122.2070 1.0323
9124.3105 1.0333
9126.4102 1.0341
9128.5146 1.0305
9130.6143 1.0292
9132.7148 1.0315
9134.8213 1.0311
9136.9219 1.0298
9139.0293 1.0287
9141.1318 1.0276
9143.2393 1.0262
9145.3428 1.0247
9147.4473 1.0238
9149.5566 1.0227
9151.6611 1.0202
9153.7715 1.0187
9155.8770 1.0179
9157.9883 1.0168
9160.0957 1.0152
9162.2031 1.0133
9164.3154 1.0118
9166.4238 1.0097
9168.5371 1.0075
9170.6465 1.0037
9172.7617 0.9967
9174.8711 0.9922
9176.9824 0.9933
9179.0986 0.9900
9181.2100 0.9870
9183.3271 0.9850
9185.4395 0.9793
9187.5576 0.9798
9189.6719 0.9758
9191.7852 0.9703
9193.9053 0.9640
9196.0205 0.9577
9198.1406 0.9511
9200.2568 0.9381
9202.3789 0.9300
9204.4951 0.9233
9206.6133 0.9125
9208.7363 0.8943
9210.8545 0.8743
9212.9785 0.8677
9215.0977 0.8413
9217.2227 0.8261
9219.3428 0.8107
9221.4639 0.7824
9223.5908 0.7484
9225.7129 0.7118
9227.8398 0.7241
9229.9629 0.7582
9232.0908 0.7881
9234.2148 0.8089
9236.3447 0.8289
9238.4688 0.8513
9240.5947 0.8528
9242.7256 0.8683
9244.8516 0.8889
9246.9834 0.9005
9249.1104 0.9077
9251.2432 0.9119
9253.3721 0.9190
9255.5010 0.9215
9257.6348 0.9064
9259.7646 0.8921
9261.8994 0.9063
9264.0303 0.9171
9266.1670 0.9424
9268.2988 0.9514
9270.4307 0.9517
9272.5684 0.9548
9274.7012 0.9560
9276.8398 0.9572
9278.9746 0.9581
9281.1143 0.9588
9283.2490 0.9594
9285.3848 0.9597
9287.5264 0.9597
9289.6621 0.9601
9291.8047 0.9595
9293.9424 0.9587
9296.0850 0.9594
9298.2236 0.9600
9300.3633 0.9585
9302.5078 0.9585
9304.6475 0.9590
9306.7930 0.9587
9308.9346 0.9581
9311.0811 0.9580
9313.2227 0.9575
9315.3652 0.9556
9317.5137 0.9549
9319.6572 0.9552
9321.8057 0.9542
9323.9502 0.9525
9326.1006 0.9526
9328.2461 0.9538
9330.3916 0.9530
9332.5439 0.9523
9334.6904 0.9515
9336.8428 0.9502
9338.9912 0.9490
9341.1445 0.9492
9343.2939 0.9488
9345.4434 0.9478
9347.5977 0.9468
9349.7480 0.9463
9351.9043 0.9459
9354.0557 0.9450
9356.2129 0.9443
9358.3652 0.9436
9360.5186 0.9428
9362.6768 0.9420
9364.8301 0.9412
9366.9902 0.9405
9369.1445 0.9396
9371.3057 0.9385
9373.4609 0.9379
9375.6172 0.9369
9377.7793 0.9355
9379.9365 0.9364
9382.0996 0.9282
9384.2578 0.9243
9386.4219 0.9272
9388.5820 0.9251
9390.7461 0.9156
9392.9072 0.9285
9395.0674 0.9292
9397.2344 0.9287
9399.3965 0.9248
9401.5635 0.9050
9403.7266 0.8836
9405.8945 0.9197
9408.0586 0.9162
9410.2227 0.8988
9412.3926 0.9015
9414.5586 0.9175
9416.7295 0.9184
9418.8955 0.9129
9421.0674 0.9164
9423.2344 0.9168
9425.4023 0.9139
9427.5762 0.9127
9429.7451 0.9134
9431.9189 0.9117
9434.0889 0.9055
9436.2646 0.9066
9438.4355 0.9098
9440.6064 0.9088
9442.7832 0.9066
9444.9561 0.9070
9447.1338 0.9068
9449.3076 0.9058
9451.4863 0.9046
9453.6602 0.9035
9455.8350 0.9017
9458.0156 0.8986
9460.1914 0.8985
9462.3730 0.8981
9464.5498 0.8972
9466.7324 0.8965
9468.9102 0.8951
9471.0889 0.8938
9473.2725 0.8923
9475.4521 0.8910
9477.6367 0.8883
9479.8174 0.8847
9482.0029 0.8837
9484.1846 0.8839
9486.3662 0.8819
9488.5537 0.8794
9490.7363 0.8770
9492.9258 0.8743
9495.1094 0.8714
9497.2988 0.8688
9499.4834 0.8660
9501.6689 0.8621
9503.8604 0.8582
9506.0459 0.8544
9508.2383 0.8500
9510.4258 0.8452
9512.6191 0.8395
9514.8076 0.8331
9516.9961 0.8259
9519.1904 0.8179
9521.3809 0.8090
9523.5762 0.7989
9525.7666 0.7876
9527.9639 0.7749
9530.1553 0.7603
9532.3477 0.7438
9534.5459 0.7251
9536.7393 0.7023
9538.9385 0.6764
9541.1328 0.6381
9543.3330 0.6192
9545.5283 0.6389
9547.7246 0.6754
9549.9268 0.6990
9552.1230 0.7198
9554.3262 0.7370
9556.5234 0.7515
9558.7275 0.7641
9560.9268 0.7749
9563.1309 0.7844
9565.3311 0.7923
9567.5322 0.7991
9569.7383 0.8052
9571.9395 0.8110
9574.1465 0.8161
9576.3496 0.8202
9578.5576 0.8237
9580.7607 0.8266
9582.9648 0.8291
9585.1748 0.8313
9587.3799 0.8329
9589.5908 0.8338
9591.7969 0.8353
9594.0088 0.8364
9596.2158 0.8364
9598.4238 0.8300
9600.6367 0.8195
9602.8457 0.8344
9605.0596 0.8383
9607.2695 0.8394
9609.4854 0.8393
9611.6953 0.8396
9613.9062 0.8405
9616.1240 0.8240
9618.3359 0.8167
9620.5537 0.8297
9622.7666 0.8394
9624.9863 0.8361
9627.2002 0.8308
9629.4150 0.8150
9631.6357 0.8270
9633.8516 0.8355
9636.0723 0.8361
9638.2891 0.8358
9640.5117 0.8349
9642.7295 0.8355
9644.9482 0.8295
9647.1719 0.8260
9649.3916 0.8298
9651.6172 0.8312
9653.8369 0.8172
9656.0635 0.8028
9658.2842 0.8227
9660.5068 0.8300
9662.7344 0.8277
9664.9570 0.8287
9667.1855 0.8263
9669.4102 0.8235
9671.6396 0.8245
9673.8643 0.8241
9676.0898 0.8202
9678.3213 0.8179
9680.5479 0.8213
9682.7803 0.8213
9685.0078 0.8206
9687.2412 0.8174
9689.4697 0.8155
9691.6982 0.8167
9693.9336 0.8179
9696.1631 0.8177
9698.3994 0.8175
9700.6299 0.8170
9702.8672 0.8162
9705.0996 0.8156
9707.3320 0.8148
9709.5703 0.8141
9711.8047 0.8134
9714.0439 0.8126
9716.2783 0.8118
9718.5186 0.8105
9720.7549 0.8087
9722.9912 0.8088
9725.2334 0.8085
9727.4707 0.8079
9729.7139 0.8073
9731.9521 0.8056
9734.1963 0.8016
9736.4355 0.7993
9738.6807 0.8014
9740.9209 0.8027
9743.1621 0.8021
9745.4082 0.8012
9747.6504 0.8010
9749.8984 0.8004
9752.1416 0.7997
9754.3896 0.7989
9756.6338 0.7981
9758.8789 0.7971
9761.1289 0.7959
9763.3740 0.7956
9765.6260 0.7950
9767.8721 0.7943
9770.1250 0.7936
9772.3721 0.7927
9774.6201 0.7918
9776.8750 0.7912
9779.1240 0.7905
9781.3789 0.7895
9783.6289 0.7883
9785.8848 0.7870
9788.1367 0.7864
9790.3877 0.7862
9792.6455 0.7854
9794.8984 0.7841
9797.1572 0.7833
9799.4111 0.7831
9801.6709 0.7829
9803.9258 0.7819
9806.1807 0.7804
9808.4424 0.7792
9810.6982 0.7788
9812.9609 0.7787
9815.2188 0.7782
9817.4814 0.7766
9819.7402 0.7749
9821.9990 0.7710
9824.2646 0.7706
9826.5244 0.7735
9828.7900 0.7725
9831.0518 0.7714
9833.3184 0.7712
9835.5801 0.7707
9837.8428 0.7691
9840.1113 0.7677
9842.3750 0.7684
9844.6455 0.7678
9846.9102 0.7668
9849.1807 0.7615
9851.4463 0.7570
9853.7129 0.7569
9855.9844 0.7579
9858.2520 0.7574
9860.5254 0.7592
9862.7939 0.7606
9865.0684 0.7605
9867.3379 0.7593
9869.6074 0.7582
9871.8838 0.7582
9874.1543 0.7577
9876.4316 0.7571
9878.7031 0.7556
9880.9814 0.7548
9883.2549 0.7550
9885.5283 0.7438
9887.8076 0.7314
9890.0830 0.7409
9892.3633 0.7517
9894.6387 0.7494
9896.9209 0.7476
9899.1973 0.7484
9901.4746 0.7482
9903.7578 0.7469
9906.0361 0.7456
9908.3203 0.7444
9910.5996 0.7423
9912.8857 0.7386
9915.1660 0.7417
9917.4521 0.7432
9919.7334 0.7416
9922.0156 0.7408
9924.3037 0.7403
9926.5869 0.7316
9928.8760 0.7275
9931.1602 0.7333
9933.4502 0.7379
9935.7354 0.7348
9938.0205 0.7309
9940.3125 0.7317
9942.5996 0.7323
9944.8926 0.7311
9947.1797 0.7301
9949.4736 0.7299
9951.7627 0.7290
9954.0518 0.7276
9956.3477 0.7270
9958.6377 0.7260
9960.9346 0.7249
9963.2256 0.7240
9965.5234 0.7230
9967.8154 0.7218
9970.1094 0.7206
9972.4082 0.7194
9974.7021 0.7181
9977.0020 0.7167
9979.2979 0.7152
9981.5986 0.7137
9983.8945 0.7124
9986.1914 0.7108
9988.4941 0.7092
9990.7920 0.7067
9993.0967 0.7021
9995.3955 0.6984
9997.7002 0.6996
10000.0000 0.6981
10002.3057 0.6950
10004.6016 0.6927
10006.9082 0.6892
10009.2158 0.6856
10011.5244 0.6816
10013.8223 0.6768
10016.1309 0.6718
10018.4404 0.6665
10020.7402 0.6603
10023.0508 0.6532
10025.3623 0.6454
10027.6738 0.6366
10029.9756 0.6266
10032.2881 0.6152
10034.6016 0.6022
10036.9043 0.5872
10039.2188 0.5693
10041.5342 0.5485
10043.8496 0.5183
10046.1543 0.4937
10048.4707 0.5054
10050.7881 0.5386
10053.0947 0.5592
10055.4131 0.5760
10057.7324 0.5910
10060.0508 0.6026
10062.3604 0.6131
10064.6807 0.6218
10067.0010 0.6296
10069.3115 0.6363
10071.6338 0.6420
10073.9561 0.6467
10076.2793 0.6511
10078.5918 0.6549
10080.9160 0.6580
10083.2402 0.6608
10085.5547 0.6632
10087.8799 0.6652
10090.2061 0.6668
10092.5332 0.6682
10094.8496 0.6694
10097.1777 0.6704
10099.5059 0.6704
10101.8232 0.6689
10104.1533 0.6674
10106.4834 0.6681
10108.8135 0.6641
10111.1338 0.6627
10113.4648 0.6673
10115.7969 0.6733
10118.1191 0.6700
10120.4521 0.6551
10122.7861 0.6632
10125.1201 0.6706
10127.4434 0.6716
10129.7793 0.6717
10132.1152 0.6716
10134.4404 0.6712
10136.7773 0.6708
10139.1152 0.6704
10141.4531 0.6690
10143.7803 0.6674
10146.1191 0.6679
10148.4590 0.6687
10150.7881 0.6671
10153.1289 0.6665
10155.4707 0.6670
10157.8125 0.6661
10160.1436 0.6631
10162.4863 0.6624
10164.8301 0.6643
10167.1621 0.6643
10169.5068 0.6629
10171.8525 0.6622
10174.1973 0.6621
10176.5322 0.6620
10178.8789 0.6591
10181.2266 0.6579
10183.5742 0.6586
10185.9111 0.6589
10188.2607 0.6582
10190.6094 0.6581
10192.9482 0.6573
10195.2988 0.6567
10197.6504 0.6561
10200.0020 0.6554
10202.3428 0.6548
10204.6953 0.6542
10207.0479 0.6535
10209.3906 0.6529
10211.7451 0.6516
10214.0996 0.6504
10216.4551 0.6508
10218.7998 0.6501
10221.1562 0.6494
10223.5137 0.6488
10225.8594 0.6481
10228.2178 0.6476
10230.5762 0.6470
10232.9355 0.6460
10235.2842 0.6452
10237.6436 0.6449
10240.0049 0.6441
10242.3545 0.6430
10244.7168 0.6426
10247.0791 0.6424
10249.4424 0.6418
10251.7939 0.6408
10254.1582 0.6400
10256.5234 0.6396
10258.8770 0.6391
10261.2422 0.6384
10263.6084 0.6377
10265.9756 0.6371
10268.3311 0.6363
10270.6992 0.6353
10273.0674 0.6345
10275.4258 0.6344
10277.7949 0.6337
10280.1650 0.6331
10282.5352 0.6322
10284.8955 0.6308
10287.2666 0.6298
10289.6396 0.6303
10292.0010 0.6297
10294.3740 0.6289
10296.7480 0.6283
10299.1221 0.6275
10301.4863 0.6270
10303.8613 0.6263
10306.2373 0.6254
10308.6025 0.6244
10310.9795 0.6239
10313.3574 0.6236
10315.7363 0.6227
10318.1035 0.6220
10320.4824 0.6215
10322.8623 0.6209
10325.2314 0.6199
10327.6123 0.6178
10329.9941 0.6156
10332.3760 0.6179
10334.7471 0.6176
10337.1309 0.6168
10339.5146 0.6160
10341.8877 0.6150
10344.2725 0.6149
10346.6572 0.6142
10349.0430 0.6136
