3564.5117 25.6567
3565.3318 25.6932
3566.1538 25.7483
3566.9744 25.7746
3567.7969 25.7707
3568.6177 25.7499
3569.4385 25.7018
3570.2617 25.5945
3571.0830 25.4866
3571.9065 25.4932
3572.7283 25.5645
3573.5520 25.6087
3574.3740 25.6220
3575.1963 25.6878
3576.0208 25.7853
3576.8435 25.7973
3577.6682 25.6975
3578.4915 25.5458
3579.3167 25.4425
3580.1399 25.4707
3580.9636 25.5983
3581.7893 25.6331
3582.6133 25.5113
3583.4395 25.3296
3584.2639 25.2421
3585.0903 25.2546
3585.9150 25.2796
3586.7400 25.2660
3587.5671 25.2360
3588.3923 25.2262
3589.2200 25.2432
3590.0457 25.2675
3590.8735 25.2811
3591.6995 25.3003
3592.5259 25.3276
3593.3542 25.3569
3594.1809 25.3859
3595.0098 25.4114
3595.8367 25.3998
3596.6660 25.3462
3597.4934 25.2819
3598.3208 25.2353
3599.1506 25.2051
3599.9788 25.1631
3600.8088 25.0693
3601.6372 24.9761
3602.4678 24.9298
3603.2964 24.9194
3604.1252 24.9017
3604.9565 24.8965
3605.7859 24.9113
3606.6172 24.9093
3607.4470 24.8863
3608.2788 24.8586
3609.1089 24.8328
3609.9392 24.7817
3610.7717 24.6629
3611.6023 24.5355
3612.4351 24.5178
3613.2661 24.6303
3614.0994 24.7438
3614.9307 24.7362
3615.7625 24.6114
3616.5962 24.5018
3617.4282 24.4722
3618.2625 24.4938
3619.0947 24.4957
3619.9292 24.4657
3620.7620 24.4302
3621.5969 24.3863
3622.4302 24.3509
3623.2634 24.3709
3624.0989 24.4769
3624.9326 24.5855
3625.7686 24.5928
3626.6028 24.4969
3627.4390 24.3156
3628.2734 24.0809
3629.1082 23.8681
3629.9451 23.7988
3630.7800 23.9041
3631.6174 24.0529
3632.4529 24.1550
3633.2903 24.1871
3634.1262 24.1586
3634.9622 24.0807
3635.8005 24.0157
3636.6370 23.9811
3637.4756 23.9352
3638.3123 23.8465
3639.1514 23.7312
3639.9885 23.6235
3640.8259 23.5659
3641.6653 23.5622
3642.5032 23.5692
3643.3430 23.5464
3644.1812 23.4936
3645.0215 23.4500
3645.8601 23.4567
3646.6990 23.4955
3647.5398 23.5191
3648.3789 23.5031
3649.2202 23.4627
3650.0596 23.4185
3650.9014 23.3982
3651.7412 23.3988
3652.5813 23.3901
3653.4236 23.3583
3654.2642 23.3181
3655.1067 23.2686
3655.9475 23.2013
3656.7908 23.1274
3657.6318 23.0757
3658.4734 23.0520
3659.3169 23.0244
3660.1587 22.9700
3661.0029 22.9260
3661.8450 22.9043
3662.6895 22.8741
3663.5320 22.8219
3664.3748 22.7813
3665.2197 22.7866
3666.0630 22.8220
3666.9084 22.8205
3667.7520 22.7791
3668.5977 22.7299
3669.4417 22.6907
3670.2859 22.6452
3671.1321 22.5772
3671.9768 22.5353
3672.8235 22.5084
3673.6685 22.4496
3674.5156 22.3465
3675.3608 22.2739
3676.2063 22.2326
3677.0542 22.2302
3677.8999 22.3547
3678.7480 22.5530
3679.5945 22.5825
3680.4429 22.3916
3681.2896 22.3018
3682.1365 22.4245
3682.9856 22.4340
3683.8328 22.1578
3684.6824 21.9262
3685.5300 22.1915
3686.3799 22.9458
3687.2278 23.4893
3688.0781 23.3269
3688.9265 22.6341
3689.7751 22.1990
3690.6260 22.6031
3691.4751 23.5961
3692.3264 24.2817
3693.1758 24.0872
3694.0273 23.1084
3694.8772 22.0889
3695.7273 21.9142
3696.5793 22.8847
3697.4299 24.3347
3698.2825 25.3720
3699.1333 25.4263
3699.9863 24.4689
3700.8374 22.9530
3701.6887 21.6908
3702.5425 21.4252
3703.3943 22.2311
3704.2483 23.7047
3705.1003 25.2335
3705.9548 26.2208
3706.8074 26.2382
3707.6599 25.2166
3708.5149 23.5214
3709.3682 21.8573
3710.2234 21.0728
3711.0771 21.6403
3711.9329 23.2636
3712.7866 25.1747
3713.6409 26.8852
3714.4973 28.1212
3715.3518 28.6173
3716.2085 28.1176
3717.0635 26.6341
3717.9204 24.5434
3718.7759 22.4470
3719.6313 21.0035
3720.4890 20.7678
3721.3450 21.8673
3722.2031 23.8279
3723.0593 25.9453
3723.9180 27.7265
3724.7747 28.9868
3725.6316 29.7813
3726.4905 30.1808
3727.3479 30.0242
3728.2073 29.1259
3729.0649 27.5300
3729.9250 25.4320
3730.7830 23.1310
3731.6414 21.1119
3732.5017 20.0137
3733.3604 20.2115
3734.2214 21.4757
3735.0803 23.4057
3735.9417 25.7242
3736.8013 28.1229
3737.6609 30.1591
3738.5227 31.4739
3739.3828 32.0918
3740.2451 32.2353
3741.1055 32.0761
3741.9683 31.5362
3742.8291 30.4124
3743.6899 28.7823
3744.5532 26.9143
3745.4148 24.9368
3746.2786 22.8037
3747.1404 20.7911
3748.0044 19.5593
3748.8667 19.6942
3749.7290 21.0573
3750.5938 23.0968
3751.4565 25.2681
3752.3215 27.3300
3753.1848 29.1898
3754.0503 30.6722
3754.9138 31.5663
3755.7798 31.8885
3756.6438 31.9927
3757.5081 32.2449
3758.3745 32.5842
3759.2390 32.7220
3760.1060 32.6458
3760.9709 32.3784
3761.8381 31.7796
3762.7036 30.7648
3763.5693 29.3638
3764.4370 27.6473
3765.3032 25.7155
3766.1714 23.6529
3767.0378 21.5725
3767.9065 19.8142
3768.7732 18.9764
3769.6401 19.4611
3770.5095 20.9943
3771.3770 23.0222
3772.2466 25.1139
3773.1145 27.0996
3773.9844 28.9469
3774.8528 30.6529
3775.7209 32.1661
3776.5918 33.4196
3777.4604 34.3835
3778.3315 35.0970
3779.2009 35.5906
3780.0723 35.8499
3780.9419 35.9757
3781.8118 36.0898
3782.6838 36.1975
3783.5540 36.1256
3784.4265 35.7829
3785.2971 35.2743
3786.1699 34.7173
3787.0410 34.1371
3787.9121 33.4475
3788.7856 32.5306
3789.6572 31.3135
3790.5310 29.7545
3791.4031 27.8732
3792.2773 25.7676
3793.1499 23.5976
3794.0225 21.4960
3794.8972 19.6080
3795.7703 18.4283
3796.6455 18.4261
3797.5190 19.6418
3798.3948 21.5935
3799.2686 23.7694
3800.1426 25.8643
3801.0188 27.7598
3801.8933 29.3989
3802.7700 30.7635
3803.6448 31.8856
3804.5220 32.8359
3805.3972 33.6770
3806.2727 34.4511
3807.1504 35.1215
3808.0261 35.6164
3808.9043 35.8715
3809.7805 35.8402
3810.6589 35.4996
3811.5356 35.0620
3812.4126 34.8221
3813.2917 34.9463
3814.1689 35.3684
3815.0483 35.8619
3815.9260 36.0852
3816.8059 35.8476
3817.6841 35.3144
3818.5623 34.8523
3819.4429 34.7507
3820.3215 34.8380
3821.2024 34.6165
3822.0815 33.9081
3822.9629 33.0096
3823.8423 32.2283
3824.7241 31.5465
3825.6040 30.7353
3826.4841 29.6373
3827.3665 28.3708
3828.2468 26.9918
3829.1296 25.4212
3830.0105 23.5689
3830.8938 21.6068
3831.7751 19.7418
3832.6565 18.2153
3833.5403 17.5349
3834.4224 17.9990
3835.3064 19.3492
3836.1887 21.0720
3837.0735 22.9135
3837.9561 24.7386
3838.8391 26.5018
3839.7244 28.1844
3840.6077 29.7273
3841.4932 31.0038
3842.3770 32.0170
3843.2629 32.8235
3844.1472 33.4649
3845.0315 33.9510
3845.9182 34.2673
3846.8030 34.4090
3847.6899 34.4598
3848.5752 34.6663
3849.4626 35.0307
3850.3481 35.3472
3851.2339 35.4116
3852.1221 35.2801
3853.0083 34.9664
3853.8967 34.6330
3854.7832 34.6380
3855.6721 35.0130
3856.5591 35.2840
3857.4463 35.2401
3858.3359 35.2013
3859.2234 35.2147
3860.1135 35.1815
3861.0015 35.1296
3861.8918 35.2074
3862.7803 35.2526
3863.6687 35.2253
3864.5598 35.3357
3865.4487 35.5614
3866.3401 35.7503
3867.2297 35.8062
3868.1213 35.7044
3869.0112 35.4172
3869.9014 35.0357
3870.7937 34.7691
3871.6841 34.7226
3872.5769 34.7646
3873.4678 34.6850
3874.3611 34.4022
3875.2524 33.7796
3876.1438 32.9071
3877.0376 32.0883
3877.9297 31.5733
3878.8237 31.0534
3879.7161 30.1956
3880.6108 29.0254
3881.5037 27.6183
3882.3965 25.9939
3883.2917 24.1454
3884.1851 22.1423
3885.0808 20.1336
3885.9746 18.3532
3886.8706 17.3216
3887.7649 17.4703
3888.6592 18.7555
3889.5559 20.6169
3890.4507 22.5532
3891.3479 24.3740
3892.2429 26.0268
3893.1406 27.5197
3894.0361 28.8828
3894.9341 30.0869
3895.8301 31.0212
3896.7263 31.5773
3897.6250 31.9051
3898.5215 32.3016
3899.4207 32.9489
3900.3176 33.6009
3901.2170 33.9853
3902.1145 34.1293
3903.0122 34.1739
3903.9121 34.3358
3904.8103 34.8064
3905.7107 35.4096
3906.6094 35.8277
3907.5100 36.0116
3908.4089 36.0325
3909.3081 35.9069
3910.2097 35.5617
3911.1091 35.0546
3912.0110 34.8277
3912.9111 35.1065
3913.8132 35.5820
3914.7136 35.9127
3915.6143 36.0801
3916.5171 36.1193
3917.4182 36.0675
3918.3215 36.0667
3919.2229 36.1418
3920.1267 36.2323
3921.0286 36.3065
3921.9307 36.4389
3922.8350 36.5708
3923.7373 36.5494
3924.6421 36.3668
3925.5452 36.1376
3926.4502 35.9731
3927.3535 35.7941
3928.2571 35.3551
3929.1628 34.1881
3930.0667 31.8356
3930.9731 28.9242
3931.8774 27.5284
3932.7839 29.1160
3933.6887 32.2332
3934.5938 34.5680
3935.5010 35.6297
3936.4062 36.0125
3937.3142 36.2287
3938.2200 36.4353
3939.1279 36.5442
3940.0342 36.4925
3940.9407 36.2841
3941.8494 36.0393
3942.7561 35.9583
3943.6653 36.0588
3944.5725 36.1234
3945.4822 36.1275
3946.3899 36.1529
3947.2979 36.2056
3948.2080 36.1670
3949.1162 36.0138
3950.0269 35.8496
3950.9355 35.7610
3951.8467 35.6809
3952.7559 35.5022
3953.6650 35.1981
3954.5769 34.8298
3955.4866 34.4997
3956.3987 34.2005
3957.3088 33.7740
3958.2214 33.0835
3959.1321 32.1591
3960.0449 31.1560
3960.9561 30.1323
3961.8672 28.9103
3962.7808 27.3601
3963.6924 25.4249
3964.6064 23.0840
3965.5186 20.4209
3966.4329 17.9083
3967.3455 16.3953
3968.2581 16.3104
3969.1731 17.5235
3970.0862 19.4832
3971.0017 21.6196
3971.9153 23.6571
3972.8313 25.5699
3973.7451 27.3291
3974.6592 28.8921
3975.5759 30.2427
3976.4905 31.3654
3977.4075 32.2513
3978.3225 32.9484
3979.2397 33.5139
3980.1553 34.0067
3981.0708 34.4794
3981.9888 34.9255
3982.9050 35.2759
3983.8232 35.4892
3984.7397 35.6698
3985.6587 35.9300
3986.5757 36.2426
3987.4927 36.4555
3988.4121 36.5279
3989.3298 36.6012
3990.2498 36.7407
3991.1677 36.8805
3992.0879 36.9008
3993.0063 36.8258
3993.9250 36.7675
3994.8459 36.7246
3995.7649 36.7108
3996.6863 36.7676
3997.6057 36.9089
3998.5276 37.0390
3999.4475 37.0194
4000.3674 36.9204
4001.2900 36.7966
4002.2104 36.6586
4003.1333 36.5506
4004.0544 36.6259
4004.9775 36.8775
4005.8989 37.0951
4006.8206 37.1837
4007.7446 37.1599
4008.6665 37.0514
4009.5908 36.8498
4010.5132 36.6866
4011.4380 36.7499
4012.3608 36.9556
4013.2839 37.1185
4014.2095 37.1816
4015.1328 37.2359
4016.0588 37.3729
4016.9827 37.5032
4017.9089 37.5662
4018.8333 37.5713
4019.7578 37.5513
4020.6848 37.4757
4021.6096 37.2671
4022.5371 37.0274
4023.4624 36.9515
4024.3901 37.0863
4025.3162 37.2374
4026.2422 37.2764
4027.1704 37.2783
4028.0969 37.2769
4029.0259 37.2821
4029.9526 37.3050
4030.8821 37.3611
4031.8093 37.4518
4032.7390 37.5568
4033.6667 37.6677
4034.5947 37.8172
4035.5251 37.9915
4036.4534 38.0950
4037.3843 38.1058
4038.3130 38.0906
4039.2441 38.1216
4040.1736 38.1472
4041.1030 38.0564
4042.0347 37.7831
4042.9646 37.4013
4043.8970 37.2064
4044.8271 37.3327
4045.7600 37.5406
4046.6907 37.6191
4047.6216 37.6538
4048.5549 37.6690
4049.4863 37.5924
4050.4202 37.4222
4051.3521 37.2760
4052.2861 37.2958
4053.2185 37.5042
4054.1509 37.6820
4055.0857 37.6946
4056.0186 37.7074
4056.9539 37.7931
4057.8872 37.8864
4058.8230 37.8705
4059.7566 37.6735
4060.6907 37.2844
4061.6270 37.0464
4062.5613 37.1051
4063.4983 37.2789
4064.4331 37.2677
4065.3701 37.2064
4066.3054 37.3404
4067.2410 37.4401
4068.1787 37.2659
4069.1147 36.8888
4070.0530 36.6875
4070.9893 36.8004
4071.9280 36.9548
4072.8647 36.9237
4073.8018 36.6630
4074.7412 36.3006
4075.6787 36.0903
4076.6184 36.2484
4077.5562 36.5633
4078.4966 36.6705
4079.4348 36.5449
4080.3733 36.3503
4081.3142 36.1826
4082.2532 36.0130
4083.1943 35.8069
4084.1338 35.5997
4085.0757 35.3963
4086.0154 35.1508
4086.9553 34.7988
4087.8977 34.3357
4088.8381 33.7522
4089.7810 33.0118
4090.7219 32.1514
4091.6653 31.1837
4092.6064 30.0156
4093.5481 28.5760
4094.4919 26.9091
4095.4338 25.0763
4096.3784 23.0945
4097.3208 20.9575
4098.2656 18.7717
4099.2085 17.0588
4100.1514 16.7115
4101.0967 17.9331
4102.0400 20.0475
4102.9863 22.2737
4103.9302 24.3274
4104.8765 26.1523
4105.8208 27.7489
4106.7676 29.0943
4107.7124 30.2085
4108.6572 31.1733
4109.6045 32.0903
4110.5503 32.9485
4111.4980 33.6776
4112.4438 34.2313
4113.3921 34.6406
4114.3384 34.9457
4115.2852 35.1348
4116.2339 35.1990
4117.1807 35.2689
4118.1304 35.3880
4119.0776 35.4522
4120.0273 35.4344
4120.9751 35.5027
4121.9233 35.7049
4122.8740 35.8643
4123.8223 35.8531
4124.7734 35.5916
4125.7222 35.1923
4126.6733 34.9852
4127.6230 35.0667
4128.5723 35.0789
4129.5244 35.0945
4130.4746 35.2892
4131.4268 35.6393
4132.3774 35.8995
4133.3301 36.0327
4134.2812 36.0956
4135.2324 36.1241
4136.1855 36.1623
4137.1372 36.2332
4138.0913 36.3063
4139.0435 36.3215
4139.9976 36.1506
4140.9502 35.7985
4141.9028 35.5479
4142.8579 35.6090
4143.8110 35.8358
4144.7666 35.9911
4145.7202 36.0171
4146.6758 35.9700
4147.6299 35.9220
4148.5840 35.9231
4149.5405 35.9705
4150.4951 35.9659
4151.4526 35.8265
4152.4072 35.7103
4153.3647 35.6880
4154.3203 35.7053
4155.2764 35.6908
4156.2344 35.7014
4157.1904 35.7405
4158.1489 35.7193
4159.1055 35.6023
4160.0649 35.3989
4161.0220 35.1433
4161.9790 34.9004
4162.9390 34.2615
4163.8965 33.1775
4164.8564 32.8623
4165.8149 33.9273
4166.7754 35.0864
4167.7339 35.4212
4168.6929 35.1016
4169.6538 34.5057
4170.6133 33.9849
4171.5752 33.8084
4172.5347 34.0570
4173.4971 34.4307
4174.4570 34.4984
4175.4175 34.1746
4176.3799 33.8393
4177.3408 33.8946
4178.3042 34.3141
4179.2651 34.6654
4180.2290 34.7388
4181.1909 34.6825
4182.1548 34.6205
4183.1172 34.5732
4184.0796 34.4993
4185.0444 34.3548
4186.0068 34.2691
4186.9722 34.3469
4187.9355 34.4629
4188.9014 34.4888
4189.8647 34.4961
4190.8286 34.5544
4191.7949 34.5504
4192.7593 34.4545
4193.7261 34.3451
4194.6909 34.2537
4195.6582 34.1047
4196.6235 33.9661
4197.5889 33.9741
4198.5571 33.9661
4199.5229 33.8815
4200.4912 33.8117
4201.4575 33.8516
4202.4263 33.8937
4203.3931 33.9092
4204.3599 33.9507
4205.3296 33.9965
4206.2969 33.9916
4207.2671 33.9344
4208.2349 33.8797
4209.2051 33.8571
4210.1738 33.8514
4211.1421 33.8052
4212.1133 33.6830
4213.0820 33.5417
4214.0537 33.5280
4215.0229 33.6475
4215.9951 33.7252
4216.9648 33.7005
4217.9351 33.6346
4218.9077 33.6022
4219.8784 33.5725
4220.8516 33.4875
4221.8223 33.3205
4222.7959 33.0594
4223.7676 32.7478
4224.7393 32.5494
4225.7134 32.7154
4226.6855 33.1595
4227.6602 33.4496
4228.6328 33.3277
4229.6079 32.7977
4230.5806 32.1314
4231.5542 31.9027
4232.5298 32.2880
4233.5034 32.7267
4234.4800 32.9616
4235.4541 33.0416
4236.4307 33.0308
4237.4053 32.9912
4238.3799 32.8937
4239.3574 32.6889
4240.3325 32.5455
4241.3105 32.6010
4242.2861 32.6929
4243.2642 32.5533
4244.2407 32.1950
4245.2168 32.0853
4246.1958 32.2466
4247.1729 32.3581
4248.1519 32.2271
4249.1294 32.1245
4250.1094 32.1849
4251.0869 32.2467
4252.0649 32.2846
4253.0454 32.3604
4254.0239 32.4363
4255.0049 32.3784
4255.9834 32.2225
4256.9648 32.0637
4257.9443 31.9253
4258.9263 31.8423
4259.9058 31.9124
4260.8857 32.0943
4261.8687 32.2627
4262.8491 32.3676
4263.8320 32.4133
4264.8130 32.4004
4265.7964 32.3038
4266.7778 32.1281
4267.7593 31.8526
4268.7432 31.4584
4269.7256 31.1358
4270.7100 31.0661
4271.6924 31.1794
4272.6772 31.3126
4273.6606 31.4961
4274.6436 31.6602
4275.6294 31.7322
4276.6128 31.7275
4277.5991 31.7366
4278.5830 31.7204
4279.5698 31.6119
4280.5542 31.4456
4281.5391 31.3289
4282.5264 31.3317
4283.5117 31.3948
4284.4990 31.3731
4285.4849 31.1876
4286.4731 30.8593
4287.4590 30.5796
4288.4453 30.5749
4289.4346 30.8514
4290.4214 30.9699
4291.4106 30.7179
4292.3979 30.4881
4293.3877 30.4771
4294.3755 30.6178
4295.3633 30.7373
4296.3535 30.5695
4297.3423 30.0379
4298.3330 29.6882
4299.3218 29.6537
4300.3135 29.7838
4301.3027 30.0607
4302.2920 30.4860
4303.2842 30.7207
4304.2744 30.4942
4305.2666 30.0991
4306.2573 30.0051
4307.2500 30.2960
4308.2412 30.5575
4309.2319 30.4507
4310.2261 29.9531
4311.2173 29.3724
4312.2114 29.1093
4313.2036 29.3611
4314.1982 29.9070
4315.1904 30.2736
4316.1836 30.2962
4317.1787 30.0324
4318.1719 29.6805
4319.1675 29.5014
4320.1611 29.5634
4321.1572 29.5103
4322.1514 29.0748
4323.1460 28.5422
4324.1426 28.3168
4325.1377 28.3697
4326.1348 28.2947
4327.1299 27.8896
4328.1279 27.2998
4329.1235 26.6503
4330.1196 25.9247
4331.1182 25.0098
4332.1143 23.8733
4333.1133 22.5099
4334.1104 20.9291
4335.1099 19.1636
4336.1069 17.2834
4337.1069 15.4931
4338.1045 14.3625
4339.1025 14.6435
4340.1030 16.0754
4341.1016 17.9319
4342.1025 19.6798
4343.1016 21.2883
4344.1030 22.7372
4345.1025 24.0015
4346.1021 25.0610
4347.1040 25.8451
4348.1040 26.2889
4349.1069 26.4928
4350.1074 26.8913
4351.1104 27.6227
4352.1113 28.2938
4353.1128 28.7408
4354.1167 29.0360
4355.1182 29.2522
4356.1226 29.4283
4357.1245 29.5547
4358.1294 29.6551
4359.1318 29.7519
4360.1348 29.8536
4361.1401 29.9568
4362.1436 30.0483
4363.1494 30.0699
4364.1528 29.9490
4365.1592 29.7402
4366.1636 29.5965
4367.1680 29.6448
4368.1753 29.8079
4369.1802 29.9269
4370.1875 29.9493
4371.1929 29.8558
4372.2007 29.7317
4373.2065 29.7907
4374.2129 30.0545
4375.2212 30.2722
4376.2280 30.3487
4377.2368 30.3330
4378.2441 30.2676
4379.2534 30.0706
4380.2612 29.6116
4381.2686 28.9690
4382.2793 28.6256
4383.2871 28.7836
4384.2979 29.2597
4385.3066 29.6835
4386.3179 29.8757
4387.3267 29.8364
4388.3359 29.7574
4389.3481 29.7686
4390.3579 29.7642
4391.3701 29.4593
4392.3804 28.9805
4393.3936 28.9596
4394.4043 29.4093
4395.4150 29.8023
4396.4287 29.7472
4397.4399 29.4889
4398.4541 29.4205
4399.4658 29.6635
4400.4805 29.8727
4401.4927 29.8353
4402.5054 29.6656
4403.5205 29.6699
4404.5337 29.8334
4405.5493 29.8759
4406.5625 29.8433
4407.5786 29.8183
4408.5928 29.8208
4409.6069 29.8272
4410.6240 29.7762
4411.6387 29.5207
4412.6558 29.0875
4413.6709 28.6351
4414.6885 28.3743
4415.7041 28.4764
4416.7227 28.9288
4417.7388 29.3321
4418.7549 29.4429
4419.7739 29.3464
4420.7905 29.2338
4421.8101 29.1597
4422.8271 29.0865
4423.8472 28.9959
4424.8647 28.9202
4425.8828 28.8891
4426.9033 28.8987
4427.9219 28.9168
4428.9429 28.9448
4429.9619 28.9679
4430.9834 28.9310
4432.0024 28.9177
4433.0220 29.0280
4434.0444 29.2046
4435.0645 29.3177
4436.0874 29.3711
4437.1079 29.3780
4438.1309 29.3289
4439.1519 29.1748
4440.1733 28.8673
4441.1968 28.5523
4442.2188 28.6215
4443.2432 29.0029
4444.2651 29.3629
4445.2900 29.4750
4446.3125 29.4094
4447.3354 29.2080
4448.3613 29.0723
4449.3843 29.1789
4450.4106 29.3586
4451.4341 29.3775
4452.4609 29.2940
4453.4849 29.2897
4454.5098 29.3789
4455.5366 29.4342
4456.5615 29.4368
4457.5894 29.4374
4458.6147 29.4456
4459.6431 29.4647
4460.6689 29.4498
4461.6953 29.3602
4462.7241 29.2575
4463.7505 29.1567
4464.7798 28.9187
4465.8071 28.5693
4466.8369 28.4822
4467.8643 28.6507
4468.8921 28.8575
4469.9229 28.9863
4470.9512 29.1484
4471.9819 29.3064
4473.0107 29.3913
4474.0425 29.3760
4475.0718 29.2757
4476.1011 29.0471
4477.1333 28.4996
4478.1631 27.4988
4479.1958 26.9892
4480.2266 27.5864
4481.2593 28.6067
4482.2905 29.1595
4483.3213 29.3250
4484.3555 29.2502
4485.3872 28.9984
4486.4214 28.7461
4487.4536 28.6068
4488.4883 28.5876
4489.5210 28.6467
4490.5537 28.8176
4491.5889 28.9846
4492.6226 29.1299
4493.6582 29.2453
4494.6919 29.3032
4495.7285 29.2688
4496.7627 29.0922
4497.7998 28.6887
4498.8345 28.3390
4499.8696 28.3675
4500.9072 28.7588
4501.9424 29.0616
4502.9805 29.1211
4504.0166 28.9702
4505.0552 28.6661
4506.0913 28.4694
4507.1279 28.5941
4508.1675 28.8980
4509.2046 29.1007
4510.2446 29.1263
4511.2822 28.8712
4512.3223 28.4867
4513.3604 28.2866
4514.3984 28.4269
4515.4395 28.5930
4516.4785 28.5040
4517.5200 28.2710
4518.5591 28.0214
4519.6011 27.8357
4520.6406 27.8371
4521.6807 28.1481
4522.7236 28.4820
4523.7642 28.6353
4524.8071 28.5858
4525.8481 28.4384
4526.8916 28.3521
4527.9331 28.4352
4528.9746 28.4721
4530.0190 28.1171
4531.0610 27.5738
4532.1060 27.3749
4533.1489 27.7592
4534.1938 28.2294
4535.2373 28.3680
4536.2803 28.3103
4537.3267 28.1970
4538.3701 28.0645
4539.4170 27.9703
4540.4609 28.0447
4541.5083 28.1366
4542.5527 28.1409
4543.5981 28.0726
4544.6455 27.8683
4545.6909 27.2926
4546.7393 26.4754
4547.7852 26.3732
4548.8340 26.9880
4549.8804 27.5955
4550.9272 27.6308
4551.9766 27.3037
4553.0239 26.8946
4554.0737 26.8620
4555.1216 26.9762
4556.1719 27.0701
4557.2197 27.2238
4558.2686 27.5119
4559.3193 27.5819
4560.3682 27.2652
4561.4199 26.9535
4562.4692 26.9543
4563.5215 27.2183
4564.5713 27.4195
4565.6211 27.5037
4566.6743 27.5320
4567.7246 27.3345
4568.7778 26.9377
4569.8291 26.6512
4570.8828 26.8018
4571.9341 27.0807
4572.9888 27.0314
4574.0405 26.8830
4575.0928 26.8754
4576.1479 26.9778
4577.2007 26.9812
4578.2559 26.9082
4579.3091 26.6654
4580.3652 26.1679
4581.4189 25.8521
4582.4731 26.1289
4583.5298 26.6459
4584.5840 26.7276
4585.6411 26.4463
4586.6963 26.2763
4587.7539 26.3009
4588.8091 26.3568
4589.8647 26.4363
4590.9233 26.5985
4591.9795 26.7418
4593.0386 26.7689
4594.0952 26.7255
4595.1543 26.6946
4596.2114 26.6656
4597.2690 26.6308
4598.3291 26.6176
4599.3867 26.6468
4600.4473 26.6910
4601.5059 26.7047
4602.5669 26.6756
4603.6255 26.6324
4604.6846 26.6153
4605.7466 26.6224
4606.8062 26.6177
4607.8687 26.5800
4608.9287 26.5408
4609.9912 26.5301
4611.0518 26.5368
4612.1128 26.4490
4613.1763 26.2665
4614.2373 26.0840
4615.3013 25.9651
4616.3633 25.8685
4617.4277 25.8379
4618.4897 25.9404
4619.5522 26.1177
4620.6177 26.2475
4621.6807 26.2742
4622.7466 26.2304
4623.8096 26.1357
4624.8760 25.9364
4625.9399 25.6578
4627.0044 25.4840
4628.0713 25.6473
4629.1357 25.9244
4630.2031 25.9139
4631.2686 25.7091
4632.3364 25.6056
4633.4023 25.7496
4634.4678 25.9656
4635.5366 26.1063
4636.6030 26.1814
4637.6724 26.1972
4638.7393 26.1538
4639.8091 26.0880
4640.8765 26.0782
4641.9438 26.1122
4643.0142 26.1020
4644.0825 25.9385
4645.1533 25.7145
4646.2222 25.6296
4647.2935 25.7538
4648.3623 25.9004
4649.4316 25.9323
4650.5039 25.9228
4651.5737 25.9193
4652.6465 25.8913
4653.7168 25.8012
4654.7900 25.7235
4655.8608 25.7770
4656.9346 25.8179
4658.0059 25.7881
4659.0771 25.7363
4660.1519 25.6820
4661.2236 25.6005
4662.2983 25.5550
4663.3711 25.5042
4664.4463 25.4626
4665.5195 25.4721
4666.5928 25.5011
4667.6689 25.4967
4668.7427 25.5086
4669.8193 25.5557
4670.8936 25.6218
4671.9707 25.6947
4673.0454 25.7853
4674.1206 25.8577
4675.1982 25.8542
4676.2739 25.8402
4677.3521 25.8503
4678.4282 25.8697
4679.5073 25.8852
4680.5835 25.9080
4681.6602 25.9266
4682.7397 25.9500
4683.8174 25.9591
4684.8975 25.9263
4685.9751 25.8659
4687.0557 25.8287
4688.1338 25.8135
4689.2124 25.8515
4690.2935 25.8938
4691.3726 25.8690
4692.4546 25.8003
4693.5342 25.7649
4694.6162 25.7705
4695.6963 25.7729
4696.7764 25.7467
4697.8594 25.6880
4698.9404 25.5879
4700.0239 25.4357
4701.1050 25.3886
4702.1890 25.5034
4703.2710 25.6465
4704.3530 25.6747
4705.4375 25.6288
4706.5200 25.5742
4707.6055 25.5730
4708.6885 25.5327
4709.7744 25.4645
4710.8579 25.4493
4711.9414 25.4834
4713.0283 25.4943
4714.1123 25.4819
4715.1992 25.4549
4716.2842 25.4374
4717.3716 25.4343
4718.4570 25.4060
4719.5425 25.3633
4720.6309 25.3585
4721.7168 25.3312
4722.8057 25.2381
4723.8921 25.1138
4724.9814 25.0522
4726.0684 25.0774
4727.1553 25.0739
4728.2456 24.9617
4729.3335 24.8478
4730.4238 24.8532
4731.5122 24.9075
4732.6030 24.9552
4733.6919 24.9721
4734.7808 24.9596
4735.8726 24.9420
4736.9624 24.9261
4738.0547 24.8798
4739.1445 24.8293
4740.2373 24.8242
4741.3276 24.8423
4742.4214 24.8362
4743.5122 24.7763
4744.6035 24.6816
4745.6973 24.6084
4746.7891 24.5450
4747.8838 24.5011
4748.9761 24.4608
4750.0713 24.3935
4751.1641 24.2991
4752.2568 24.2187
4753.3525 24.1366
4754.4463 24.0963
4755.5425 24.0952
4756.6367 24.0711
4757.7334 23.9604
4758.8281 23.7853
4759.9229 23.6103
4761.0205 23.5125
4762.1157 23.5119
4763.2139 23.5685
4764.3096 23.6129
4765.4082 23.5929
4766.5044 23.4912
4767.6011 23.3263
4768.7002 23.1584
4769.7974 23.0601
4770.8975 23.0528
4771.9951 23.0450
4773.0952 23.0020
4774.1934 22.9720
4775.2915 23.0111
4776.3926 23.1237
4777.4917 23.2405
4778.5933 23.3139
4779.6924 23.3736
4780.7949 23.4138
4781.8945 23.4268
4782.9946 23.4132
4784.0977 23.3743
4785.1982 23.3246
4786.3018 23.2696
4787.4028 23.2548
4788.5068 23.2696
4789.6084 23.2656
4790.7100 23.2342
4791.8149 23.2242
4792.9170 23.2131
4794.0225 23.1684
4795.1255 23.0957
4796.2310 23.0245
4797.3345 22.9734
4798.4380 22.9432
4799.5444 22.9008
4800.6489 22.8102
4801.7559 22.6802
4802.8604 22.5931
4803.9678 22.6600
4805.0732 22.7936
4806.1782 22.8735
4807.2866 22.8644
4808.3926 22.7909
4809.5015 22.7055
4810.6079 22.6629
4811.7173 22.6806
4812.8242 22.7275
4813.9312 22.7273
4815.0415 22.6585
4816.1489 22.5678
4817.2598 22.5220
4818.3677 22.5172
4819.4790 22.4749
4820.5879 22.2499
4821.6968 22.0096
4822.8086 22.0211
4823.9180 22.2221
4825.0303 22.3260
4826.1401 22.3080
4827.2534 22.2256
4828.3638 22.1412
4829.4771 22.0941
4830.5884 22.0831
4831.6992 22.0646
4832.8135 21.9119
4833.9253 21.7738
4835.0400 21.7383
4836.1523 21.7351
4837.2676 21.6576
4838.3804 21.6132
4839.4937 21.5810
4840.6094 21.4968
4841.7231 21.3430
4842.8394 21.1287
4843.9536 20.8300
4845.0708 20.4043
4846.1851 20.0129
4847.3003 19.7594
4848.4180 19.5291
4849.5332 19.1546
4850.6514 18.6242
4851.7676 17.8955
4852.8862 17.0170
4854.0024 16.0719
4855.1191 15.0280
4856.2388 13.7820
4857.3560 12.3360
4858.4761 11.0416
4859.5938 10.8856
4860.7144 11.8796
4861.8325 13.3260
4862.9512 14.5975
4864.0723 15.7189
4865.1914 16.6832
4866.3135 17.5094
4867.4326 18.1488
4868.5552 18.6181
4869.6753 18.9897
4870.7954 19.3032
4871.9189 19.5432
4873.0396 19.6573
4874.1631 19.7860
4875.2847 20.0146
4876.4087 20.2820
4877.5308 20.4551
4878.6528 20.5788
4879.7778 20.6619
4880.9004 20.6856
4882.0259 20.7238
4883.1489 20.8377
4884.2749 20.9353
4885.3984 20.9734
4886.5225 21.0143
4887.6494 20.9980
4888.7734 20.9437
4889.9009 20.9368
4891.0259 20.9998
4892.1538 21.0883
4893.2793 21.1435
4894.4048 21.1632
4895.5337 21.1636
4896.6597 21.1516
4897.7891 21.1286
4898.9155 21.1340
4900.0454 21.1653
4901.1724 21.1831
4902.2998 21.1990
4903.4307 21.2389
4904.5586 21.2682
4905.6895 21.2532
4906.8179 21.2070
4907.9497 21.1239
4909.0786 21.0702
4910.2080 21.1128
4911.3403 21.2045
4912.4702 21.2924
4913.6030 21.3129
4914.7334 21.2355
4915.8667 21.0871
4916.9976 20.9291
4918.1313 20.8195
4919.2627 20.7679
4920.3945 20.4598
4921.5288 20.2472
4922.6611 20.4576
4923.7964 20.9510
4924.9292 21.1933
4926.0649 21.2538
4927.1978 21.2414
4928.3315 21.1499
4929.4678 21.0281
4930.6021 20.9626
4931.7388 20.9647
4932.8735 20.9983
4934.0107 21.0390
4935.1460 21.0718
4936.2812 21.0800
4937.4194 21.0679
4938.5557 21.0696
4939.6943 21.0536
4940.8306 21.0182
4941.9702 20.9818
4943.1069 20.9454
4944.2441 20.9162
4945.3843 20.9265
4946.5220 20.9364
4947.6626 20.9201
4948.8008 20.9018
4949.9419 20.8981
4951.0806 20.9032
4952.2197 20.8861
4953.3618 20.7633
4954.5010 20.5430
4955.6436 20.4893
4956.7837 20.6329
4957.9268 20.7799
4959.0674 20.7992
4960.2080 20.7486
4961.3521 20.7224
4962.4932 20.7640
4963.6377 20.7882
4964.7793 20.7012
4965.9243 20.5803
4967.0669 20.5752
4968.2095 20.6495
4969.3550 20.6958
4970.4980 20.7058
4971.6445 20.7181
4972.7881 20.6998
4973.9351 20.6366
4975.0791 20.5836
4976.2236 20.5704
4977.3711 20.5667
4978.5161 20.5154
4979.6641 20.4084
4980.8096 20.3537
4981.9585 20.3956
4983.1045 20.4620
4984.2510 20.5323
4985.4004 20.6028
4986.5469 20.5898
4987.6968 20.4708
4988.8442 20.3876
4989.9946 20.3551
4991.1426 20.3611
4992.2910 20.4069
4993.4419 20.4751
4994.5908 20.4990
4995.7427 20.4922
4996.8921 20.4511
4998.0439 20.3597
4999.1938 20.2428
5000.3438 20.1831
5001.4971 20.1540
5002.6475 20.1471
5003.8013 20.1766
5004.9521 20.2278
5006.1064 20.2764
5007.2583 20.3262
5008.4126 20.3517
5009.5649 20.3477
5010.7173 20.3370
5011.8730 20.3311
5013.0259 20.2771
5014.1816 20.0212
5015.3354 19.4580
5016.4917 19.1917
5017.6460 19.4685
5018.8003 19.9166
5019.9575 20.1004
5021.1123 20.1620
5022.2700 20.1772
5023.4258 20.1727
5024.5840 20.1303
5025.7397 20.0889
5026.8960 20.0933
5028.0552 20.0963
5029.2119 20.0713
5030.3716 20.0616
5031.5288 20.0461
5032.6890 19.9946
5033.8472 19.9324
5035.0049 19.9314
5036.1660 19.8983
5037.3247 19.7476
5038.4863 19.5867
5039.6455 19.5603
5040.8076 19.7000
5041.9668 19.8638
5043.1270 19.9821
5044.2900 19.9917
5045.4502 19.9492
5046.6138 19.8865
5047.7749 19.8005
5048.9390 19.7240
5050.1001 19.7165
5051.2622 19.7710
5052.4268 19.7095
5053.5894 19.5845
5054.7544 19.5915
5055.9175 19.7237
5057.0830 19.7839
5058.2466 19.7832
5059.4102 19.7891
5060.5771 19.8154
5061.7412 19.8354
5062.9082 19.8301
5064.0732 19.7650
5065.2407 19.7075
5066.4062 19.7059
5067.5718 19.7371
5068.7402 19.7425
5069.9062 19.7043
5071.0752 19.6720
5072.2417 19.6480
5073.4116 19.6283
5074.5786 19.6450
5075.7461 19.6987
5076.9165 19.6961
5078.0845 19.6493
5079.2554 19.6344
5080.4238 19.6769
5081.5957 19.7164
5082.7646 19.6968
5083.9336 19.6681
5085.1060 19.6463
5086.2759 19.6352
5087.4487 19.6496
5088.6191 19.6556
5089.7925 19.6041
5090.9634 19.5209
5092.1348 19.5042
5093.3091 19.4998
5094.4805 19.4711
5095.6553 19.4777
5096.8276 19.5809
5098.0029 19.6742
5099.1758 19.5241
5100.3516 19.4293
5101.5249 19.4480
5102.6987 19.4791
5103.8750 19.4448
5105.0493 19.3902
5106.2266 19.3232
5107.4014 19.2656
5108.5791 19.2277
5109.7544 19.2332
5110.9297 19.2869
5112.1084 19.3335
5113.2842 19.3486
5114.4634 19.3650
5115.6401 19.3547
5116.8198 19.3126
5117.9966 19.2662
5119.1743 19.2269
5120.3545 19.1834
5121.5327 19.1579
5122.7134 19.1569
5123.8921 19.1506
5125.0737 19.0904
5126.2524 18.9733
5127.4321 18.9402
5128.6143 19.0064
5129.7939 19.0487
5130.9771 19.0558
5132.1572 19.0790
5133.3408 19.0594
5134.5220 18.9726
5135.7031 18.9120
5136.8872 18.8980
5138.0688 18.9052
5139.2539 18.9164
5140.4360 18.9479
5141.6216 18.9868
5142.8042 18.9972
5143.9873 18.9935
5145.1738 18.9805
5146.3574 18.9464
5147.5439 18.8958
5148.7280 18.8487
5149.9155 18.7580
5151.1001 18.6371
5152.2852 18.5903
5153.4731 18.6767
5154.6587 18.7659
5155.8477 18.8027
5157.0337 18.7732
5158.2227 18.7300
5159.4097 18.7226
5160.5962 18.7501
5161.7861 18.7376
5162.9736 18.5800
5164.1646 18.1638
5165.3525 17.6793
5166.5435 17.5247
5167.7319 17.8448
5168.9209 18.1116
5170.1128 18.0129
5171.3022 18.2107
5172.4946 18.4996
5173.6846 18.5992
5174.8779 18.5548
5176.0684 18.5775
5177.2588 18.5910
5178.4526 18.5439
5179.6440 18.2549
5180.8384 17.8872
5182.0303 17.8134
5183.2251 18.0734
5184.4175 18.2437
5185.6104 18.2048
5186.8062 18.1366
5187.9995 18.1504
5189.1958 18.2178
5190.3896 18.2764
5191.5864 18.2980
5192.7808 18.2302
5193.9780 18.0345
5195.1729 17.8629
5196.3682 17.9092
5197.5664 18.0935
5198.7622 18.1483
5199.9609 18.1360
5201.1572 18.0889
5202.3564 17.9925
5203.5532 17.8727
5204.7505 17.8403
5205.9507 17.8723
5207.1484 17.8749
5208.3491 17.8510
5209.5474 17.8481
5210.7485 17.8751
5211.9473 17.8684
5213.1460 17.8581
5214.3481 17.8547
5215.5479 17.8787
5216.7505 17.9118
5217.9507 17.9136
5219.1538 17.8800
5220.3545 17.8316
5221.5557 17.7345
5222.7598 17.5585
5223.9609 17.4159
5225.1655 17.4642
5226.3677 17.6585
5227.5728 17.7086
5228.7754 17.6268
5229.9785 17.4186
5231.1846 17.1858
5232.3877 17.0932
5233.5942 17.1780
5234.7983 17.2462
5236.0054 17.3161
5237.2100 17.3890
5238.4150 17.4688
5239.6230 17.5499
5240.8281 17.5835
5242.0366 17.5771
5243.2427 17.5509
5244.4517 17.5190
5245.6582 17.5076
5246.8652 17.5389
5248.0747 17.5971
5249.2822 17.6491
5250.4927 17.5969
5251.7007 17.4651
5252.9116 17.3735
5254.1201 17.4156
5255.3286 17.5303
5256.5405 17.6146
5257.7500 17.6002
5258.9624 17.5451
5260.1724 17.4600
5261.3853 17.3284
5262.5957 17.2362
5263.8062 17.2862
5265.0200 17.3516
5266.2310 17.3048
5267.4458 17.2313
5268.6572 17.2656
5269.8721 17.2998
5271.0845 17.2389
5272.2974 16.9739
5273.5132 16.8106
5274.7261 16.9324
5275.9424 17.1878
5277.1562 17.2677
5278.3730 17.2722
5279.5874 17.2520
5280.8047 17.1568
5282.0195 17.1268
5283.2349 17.2968
5284.4531 17.4263
5285.6689 17.4019
5286.8877 17.3763
5288.1040 17.3570
5289.3232 17.3394
5290.5400 17.3270
5291.7573 17.2689
5292.9775 17.2024
5294.1953 17.1925
5295.4160 17.1911
5296.6343 17.1749
5297.8555 17.1685
5299.0742 17.1812
5300.2935 17.2106
5301.5156 17.1767
5302.7354 17.1009
5303.9580 17.0427
5305.1782 17.0314
5306.4014 17.0431
5307.6221 17.0985
5308.8433 17.1299
5310.0674 17.0823
5311.2891 16.9697
5312.5137 16.7742
5313.7358 16.4329
5314.9614 16.4079
5316.1841 16.7319
5317.4072 16.9789
5318.6333 17.0108
5319.8569 16.9582
5321.0835 16.8171
5322.3076 16.7109
5323.5347 16.7179
5324.7598 16.6620
5325.9844 16.5269
5327.2129 16.4719
5328.4380 16.5603
5329.6670 16.7083
5330.8931 16.7900
5332.1221 16.7649
5333.3491 16.6616
5334.5757 16.5574
5335.8062 16.5436
5337.0337 16.6046
5338.2642 16.6627
5339.4922 16.7187
5340.7236 16.7834
5341.9521 16.8265
5343.1812 16.7901
5344.4131 16.7221
5345.6426 16.7317
5346.8755 16.7897
5348.1055 16.8266
5349.3389 16.7993
5350.5693 16.7166
5351.8003 16.6443
5353.0342 16.6453
5354.2656 16.6581
5355.5005 16.6434
5356.7324 16.6217
5357.9678 16.5920
5359.2002 16.4253
5360.4331 16.2826
5361.6694 16.3123
5362.9028 16.4503
5364.1392 16.5307
5365.3735 16.5289
5366.6108 16.4715
5367.8452 16.4269
5369.0801 16.4270
5370.3184 16.4834
5371.5537 16.5789
5372.7925 16.6379
5374.0283 16.5759
5375.2676 16.5079
5376.5039 16.4108
5377.7441 16.2997
5378.9810 16.2642
5380.2183 16.3386
5381.4590 16.4045
5382.6973 16.4159
5383.9385 16.4389
5385.1768 16.2671
5386.4189 15.7234
5387.6577 15.3434
5388.8975 15.8989
5390.1401 16.3064
5391.3799 16.3699
5392.6230 16.3092
5393.8638 16.2833
5395.1074 16.3184
5396.3486 16.3748
5397.5903 16.3538
5398.8350 16.2790
5400.0767 16.1938
5401.3223 16.1243
5402.5645 16.1128
5403.8105 16.2094
5405.0537 16.2801
5406.2969 16.2926
5407.5439 16.2823
5408.7876 16.2737
5410.0352 16.2305
5411.2798 16.1300
5412.5273 16.0903
5413.7725 16.1072
5415.0181 16.1170
5416.2666 16.0903
5417.5127 16.0786
5418.7617 16.0824
5420.0083 16.0097
5421.2583 15.9504
5422.5054 15.9653
5423.7529 16.0154
5425.0034 16.0370
5426.2515 16.0092
5427.5029 15.9675
5428.7515 15.9656
5430.0034 15.9652
5431.2524 15.9107
5432.5020 15.8772
5433.7549 15.9004
5435.0049 15.9874
5436.2578 16.0348
5437.5088 16.0069
5438.7627 15.9682
5440.0137 15.9795
5441.2651 15.9822
5442.5200 15.9312
5443.7720 15.8755
5445.0273 15.8298
5446.2798 15.7885
5447.5356 15.8047
5448.7891 15.8414
5450.0425 15.8623
5451.2993 15.8447
5452.5532 15.8043
5453.8105 15.7831
5455.0654 15.7953
5456.3232 15.7703
5457.5786 15.7514
5458.8340 15.7442
5460.0928 15.7346
5461.3486 15.7158
5462.6084 15.6909
5463.8647 15.6574
5465.1250 15.6724
5466.3823 15.7047
5467.6396 15.7260
5468.9004 15.7374
5470.1587 15.7370
5471.4199 15.7366
5472.6787 15.7098
5473.9404 15.6444
5475.1997 15.5852
5476.4624 15.5786
5477.7222 15.5901
5478.9824 15.6322
5480.2461 15.6544
5481.5068 15.6391
5482.7705 15.5980
5484.0322 15.5540
5485.2964 15.5295
5486.5586 15.5396
5487.8208 15.5512
5489.0859 15.5573
5490.3491 15.5543
5491.6147 15.5487
5492.8784 15.5721
5494.1450 15.5828
5495.4087 15.6099
5496.6729 15.6345
5497.9404 15.6016
5499.2056 15.5027
5500.4736 15.4438
5501.7388 15.4388
5503.0073 15.4348
5504.2734 15.3900
5505.5396 15.3293
5506.8096 15.3105
5508.0762 15.3359
5509.3462 15.3550
5510.6138 15.3733
5511.8843 15.3913
5513.1523 15.4058
5514.4209 15.4156
5515.6924 15.4144
5516.9614 15.3763
5518.2334 15.3652
5519.5029 15.3454
5520.7759 15.2912
5522.0459 15.2151
5523.3159 15.1163
5524.5898 15.0104
5525.8608 15.0039
5527.1348 15.0984
5528.4062 15.1975
5529.6812 15.1859
5530.9536 15.0475
5532.2256 14.9085
5533.5015 14.9737
5534.7744 15.0986
5536.0508 15.1480
5537.3242 15.1290
5538.6011 15.0946
5539.8755 15.0893
5541.1499 15.0551
5542.4277 15.0181
5543.7026 15.0322
5544.9810 15.0953
5546.2568 15.1172
5547.5356 15.1070
5548.8115 15.0880
5550.0884 15.0790
5551.3682 15.0752
5552.6450 15.0659
5553.9258 15.0627
5555.2031 15.0463
5556.4844 15.0227
5557.7627 15.0181
5559.0410 15.0254
5560.3232 15.0134
5561.6021 14.9829
5562.8848 14.9705
5564.1646 14.9654
5565.4473 14.9393
5566.7280 14.8964
5568.0083 14.8623
5569.2925 14.8385
5570.5737 14.8278
5571.8579 14.8381
5573.1401 14.8345
5574.4253 14.8076
5575.7075 14.7820
5576.9932 14.7720
5578.2764 14.7701
5579.5596 14.7679
5580.8462 14.7737
5582.1299 14.7625
5583.4170 14.6988
5584.7017 14.6175
5585.9893 14.6142
5587.2744 14.6796
5588.5601 14.7110
5589.8486 14.6808
5591.1348 14.6443
5592.4238 14.6290
5593.7104 14.6189
5595.0005 14.5932
5596.2876 14.5693
5597.5747 14.5651
5598.8657 14.5780
5600.1538 14.5862
5601.4448 14.5697
5602.7334 14.5649
5604.0254 14.5617
5605.3149 14.5371
5606.6045 14.4967
5607.8970 14.4826
5609.1870 14.4711
5610.4805 14.4721
5611.7715 14.4396
5613.0654 14.3940
5614.3569 14.3981
5615.6484 14.4245
5616.9434 14.4288
5618.2354 14.4454
5619.5308 14.4439
5620.8237 14.4067
5622.1201 14.3598
5623.4131 14.3393
5624.7070 14.3549
5626.0039 14.3526
5627.2983 14.3423
5628.5957 14.3391
5629.8906 14.3352
5631.1890 14.3194
5632.4844 14.2977
5633.7803 14.2566
5635.0791 14.2319
5636.3755 14.2289
5637.6753 14.2210
5638.9722 14.2123
5640.2725 14.2083
5641.5703 14.2014
5642.8682 14.1855
5644.1694 14.1688
5645.4678 14.1587
5646.7695 14.1418
5648.0684 14.1402
5649.3711 14.1577
5650.6704 14.1664
5651.9707 14.1422
5653.2739 14.0799
5654.5742 14.0057
5655.8784 14.0067
5657.1797 14.0645
5658.4839 14.0889
5659.7856 14.0568
5661.0879 14.0170
5662.3931 13.9961
5663.6958 13.9703
5665.0020 13.9286
5666.3052 13.9103
5667.6118 13.9260
5668.9155 13.9489
5670.2197 13.9616
5671.5273 13.9396
5672.8320 13.8991
5674.1401 13.8661
5675.4453 13.8570
5676.7539 13.8561
5678.0601 13.8117
5679.3696 13.7460
5680.6758 13.7489
5681.9829 13.7859
5683.2930 13.7921
5684.6006 13.7539
5685.9111 13.7312
5687.2192 13.7667
5688.5308 13.7847
5689.8394 13.7807
5691.1484 13.7753
5692.4609 13.7722
5693.7705 13.7584
5695.0835 13.7340
5696.3936 13.7000
5697.7070 13.6907
5699.0176 13.6911
5700.3286 13.6471
5701.6431 13.5611
5702.9551 13.5017
5704.2700 13.5030
5705.5825 13.5252
5706.8979 13.5341
5708.2109 13.5353
5709.5239 13.5501
5710.8408 13.5525
5712.1543 13.5571
5713.4717 13.5541
5714.7861 13.5351
5716.1040 13.5089
5717.4189 13.4905
5718.7339 13.4748
5720.0527 13.5001
5721.3687 13.5318
5722.6880 13.5273
5724.0044 13.4869
5725.3242 13.4593
5726.6416 13.4634
5727.9590 13.4689
5729.2798 13.4626
5730.5977 13.4462
5731.9194 13.4297
5733.2378 13.4275
5734.5601 13.4392
5735.8794 13.4578
5737.1987 13.4550
5738.5215 13.4319
5739.8418 13.4116
5741.1655 13.3871
5742.4863 13.3477
5743.8105 13.3073
5745.1318 13.3036
5746.4536 13.3298
5747.7783 13.3419
5749.1006 13.3281
5750.4268 13.3172
5751.7495 13.3299
5753.0757 13.3436
5754.3994 13.3394
5755.7231 13.3199
5757.0503 13.2964
5758.3745 13.2725
5759.7026 13.2612
5761.0273 13.2594
5762.3560 13.2422
5763.6816 13.1974
5765.0078 13.1659
5766.3369 13.1441
5767.6636 13.1343
5768.9937 13.1140
5770.3208 13.0821
5771.6514 13.0546
5772.9790 13.0237
5774.3071 12.9909
5775.6387 12.8122
5776.9673 12.5084
5778.2993 12.3470
5779.6289 12.5400
5780.9614 12.7981
5782.2915 12.9420
5783.6250 12.9900
5784.9556 12.9836
5786.2861 12.9782
5787.6206 13.0077
5788.9521 13.0174
5790.2871 12.9777
5791.6191 12.9486
5792.9546 12.8832
5794.2871 12.8191
5795.6201 12.8602
5796.9565 12.9575
5798.2900 12.9980
5799.6274 13.0115
5800.9614 13.0033
5802.2993 12.9879
5803.6338 12.9892
5804.9692 12.9893
5806.3076 12.9865
5807.6436 12.9902
5808.9824 12.9934
5810.3188 12.9912
5811.6587 12.9890
5812.9956 12.9966
5814.3330 13.0220
5815.6738 13.0160
5817.0117 12.9895
5818.3530 12.9794
5819.6914 12.9973
5821.0337 12.9997
5822.3726 12.9611
5823.7119 12.9268
5825.0552 12.9068
5826.3950 12.8988
5827.7388 12.9046
5829.0791 12.9198
5830.4233 12.9238
5831.7646 12.9082
5833.1064 12.8972
5834.4517 12.8892
5835.7935 12.8658
5837.1396 12.8466
5838.4824 12.8175
5839.8286 12.7968
5841.1719 12.7759
5842.5156 12.7608
5843.8633 12.7699
5845.2075 12.7803
5846.5552 12.7288
5847.9004 12.7057
5849.2490 12.7273
5850.5942 12.7533
5851.9404 12.7454
5853.2896 12.7186
5854.6362 12.7135
5855.9863 12.7219
5857.3335 12.7221
5858.6841 12.7104
5860.0322 12.6933
5861.3799 12.6650
5862.7319 12.6548
5864.0806 12.6499
5865.4326 12.6492
5866.7822 12.6582
5868.1348 12.6683
5869.4849 12.6522
5870.8350 12.6285
5872.1890 12.5766
5873.5400 12.5576
5874.8940 12.5937
5876.2456 12.6257
5877.6006 12.5906
5878.9531 12.5427
5880.3052 12.5016
5881.6611 12.4686
5883.0146 12.4207
5884.3711 12.2453
5885.7246 11.7246
5887.0820 11.0071
5888.4365 11.3196
5889.7939 11.9664
5891.1489 11.9776
5892.5044 11.3576
5893.8633 11.1399
5895.2192 11.7663
5896.5786 12.1232
5897.9351 12.1688
5899.2949 12.1988
5900.6523 12.2696
5902.0098 12.3067
5903.3706 12.2955
5904.7285 12.2693
5906.0903 12.2349
5907.4487 12.2122
5908.8110 12.2218
5910.1704 12.2250
5911.5303 12.1958
5912.8931 12.1850
5914.2534 12.1710
5915.6172 12.1238
5916.9780 12.0755
5918.3428 12.1066
5919.7041 12.0900
5921.0659 12.0167
5922.4312 12.0286
5923.7939 12.1230
5925.1597 12.1602
5926.5229 12.1397
5927.8896 12.1338
5929.2534 12.0979
5930.6172 12.0910
5931.9849 12.1084
5933.3496 12.0891
5934.7178 12.0925
5936.0830 12.1185
5937.4517 12.0287
5938.8179 11.9206
5940.1841 11.9016
5941.5537 11.9456
5942.9204 11.9443
5944.2910 11.9264
5945.6587 11.9258
5947.0298 11.9267
5948.3975 11.9228
5949.7661 11.9304
5951.1382 11.9486
5952.5073 11.9500
5953.8799 11.8660
5955.2495 11.7812
5956.6226 11.7827
5957.9932 11.8519
5959.3638 11.8797
5960.7378 11.8974
5962.1094 11.9119
5963.4839 11.8846
5964.8560 11.8211
5966.2314 11.7796
5967.6040 11.7843
5968.9766 11.7736
5970.3530 11.7658
5971.7266 11.7474
5973.1035 11.7175
5974.4780 11.6965
5975.8555 11.6857
5977.2305 11.7072
5978.6055 11.7264
5979.9839 11.7359
5981.3599 11.7326
5982.7388 11.7111
5984.1152 11.6880
5985.4951 11.6765
5986.8721 11.6351
5988.2495 11.6006
5989.6304 11.6182
5991.0083 11.6698
5992.3896 11.6677
5993.7681 11.6334
5995.1504 11.6152
5996.5298 11.6253
5997.9126 11.6383
5999.2920 11.6171
6000.6724 11.5566
6002.0562 11.4825
6003.4370 11.4618
6004.8213 11.4544
6006.2026 11.4309
6007.5874 11.4123
6008.9697 11.4090
6010.3521 11.4267
6011.7378 11.4429
6013.1211 11.4586
6014.5078 11.4690
6015.8911 11.4601
6017.2783 11.4430
6018.6626 11.4516
6020.0474 11.4410
6021.4355 11.4253
6022.8208 11.4117
6024.2095 11.3901
6025.5957 11.3893
6026.9849 11.3997
6028.3716 11.3862
6029.7583 11.3730
6031.1489 11.3779
6032.5361 11.3809
6033.9272 11.3569
6035.3154 11.3424
6036.7070 11.3370
6038.0957 11.3177
6039.4849 11.2946
6040.8774 11.2957
6042.2671 11.2973
6043.6606 11.2862
6045.0508 11.3160
6046.4448 11.3367
6047.8359 11.3191
6049.2271 11.2959
6050.6221 11.2828
6052.0142 11.2749
6053.4097 11.2754
6054.8022 11.2862
6056.1982 11.2903
6057.5918 11.2744
6058.9854 11.2712
6060.3823 11.2806
6061.7764 11.2569
6063.1743 11.2378
6064.5693 11.2441
6065.9678 11.2482
6067.3633 11.2431
6068.7588 11.2466
6070.1582 11.2189
6071.5547 11.1988
6072.9551 11.2076
6074.3521 11.2170
6075.7529 11.2148
6077.1504 11.2141
6078.5483 11.2160
6079.9502 11.2042
6081.3491 11.1873
6082.7515 11.1902
6084.1504 11.1948
6085.5537 11.1670
6086.9536 11.1465
6088.3540 11.1484
6089.7578 11.1577
6091.1587 11.1585
6092.5635 11.1655
6093.9648 11.1759
6095.3701 11.1610
6096.7725 11.1356
6098.1782 11.1153
6099.5811 11.1041
6100.9844 11.1156
6102.3911 11.1370
6103.7949 11.1262
6105.2026 11.1121
6106.6069 11.1009
6108.0151 11.0666
6109.4204 11.0374
6110.8257 11.0344
6112.2349 11.0317
6113.6411 11.0341
6115.0508 11.0447
6116.4575 11.0473
6117.8682 11.0312
6119.2754 11.0303
6120.6831 11.0428
6122.0947 11.0456
6123.5029 11.0306
6124.9150 11.0128
6126.3242 11.0082
6127.7368 11.0086
6129.1465 11.0120
6130.5566 11.0070
6131.9702 10.9880
6133.3809 10.9694
6134.7954 10.9780
6136.2065 10.9811
6137.6216 10.9658
6139.0337 10.9585
6140.4458 10.9574
6141.8618 10.9279
6143.2749 10.8610
6144.6914 10.7665
6146.1050 10.7620
6147.5220 10.8341
6148.9365 10.8970
6150.3511 10.8752
6151.7690 10.7526
6153.1846 10.5394
6154.6035 10.4895
6156.0190 10.6089
6157.4390 10.7308
6158.8555 10.7331
6160.2720 10.7299
6161.6929 10.7169
6163.1104 10.6941
6164.5312 10.6792
6165.9497 10.6716
6167.3711 10.6620
6168.7900 10.6716
6170.2095 10.6689
6171.6323 10.6304
6173.0518 10.6129
6174.4756 10.6253
6175.8960 10.6197
6177.3198 10.6129
6178.7412 10.6411
6180.1626 10.6534
6181.5874 10.6438
6183.0098 10.6333
6184.4355 10.6370
6185.8579 10.6475
6187.2847 10.6426
6188.7080 10.6576
6190.1318 10.6714
6191.5591 10.6415
6192.9834 10.5773
6194.4116 10.5780
6195.8364 10.5994
6197.2651 10.5795
6198.6909 10.5118
6200.1172 10.4506
6201.5469 10.4619
6202.9731 10.5276
6204.4038 10.5633
6205.8311 10.5725
6207.2622 10.5669
6208.6899 10.5507
6210.1216 10.5339
6211.5503 10.5409
6212.9795 10.5497
6214.4121 10.5663
6215.8418 10.5714
6217.2749 10.5573
6218.7056 10.5385
6220.1392 10.5205
6221.5703 10.5038
6223.0015 10.4886
6224.4365 10.4750
6225.8687 10.4752
6227.3042 10.4950
6228.7368 10.4941
6230.1729 10.4472
6231.6064 10.4347
6233.0400 10.4052
6234.4771 10.3250
6235.9116 10.2684
6237.3496 10.3296
6238.7842 10.3779
6240.2231 10.3792
6241.6587 10.3510
6243.0942 10.2847
6244.5342 10.2033
6245.9707 10.2617
6247.4111 10.3410
6248.8481 10.3551
6250.2891 10.3496
6251.7271 10.3534
6253.1650 10.3412
6254.6069 10.3295
6256.0459 10.3386
6257.4888 10.3198
6258.9282 10.2929
6260.3716 10.2877
6261.8115 10.2927
6263.2520 10.2656
6264.6963 10.2028
6266.1377 10.0774
6267.5825 10.0206
6269.0244 10.0732
6270.4702 10.1251
6271.9126 10.0868
6273.3555 9.8069
6274.8022 9.4997
6276.2456 9.4129
6277.6929 9.4785
6279.1372 9.4272
6280.5850 9.3097
6282.0298 9.3563
6283.4751 9.5894
6284.9238 9.7795
6286.3696 9.8350
6287.8193 9.8667
6289.2661 9.8986
6290.7163 9.9214
6292.1636 9.9274
6293.6108 9.9348
6295.0620 9.9363
6296.5103 9.9211
6297.9624 9.9395
6299.4111 9.9011
6300.8638 9.8924
6302.3135 9.8929
6303.7632 9.8838
6305.2168 9.8867
6306.6675 9.8708
6308.1216 9.8759
6309.5728 9.9076
6311.0278 9.8951
6312.4795 9.8369
6313.9316 9.8000
6315.3877 9.7713
6316.8403 9.7936
6318.2974 9.8636
6319.7510 9.9010
6321.2080 9.8904
6322.6621 9.8899
6324.1201 9.8924
6325.5752 9.8858
6327.0303 9.8644
6328.4893 9.8622
6329.9453 9.8730
6331.4048 9.8574
6332.8613 9.8441
6334.3218 9.8471
6335.7788 9.8523
6337.2363 9.8477
6338.6978 9.8293
6340.1558 9.7988
6341.6182 9.7306
6343.0767 9.4566
6344.5396 9.3968
6345.9990 9.5779
6347.4590 9.7545
6348.9229 9.7542
6350.3833 9.7343
6351.8477 9.7515
6353.3091 9.7650
6354.7739 9.7529
6356.2358 9.7289
6357.6982 9.7137
6359.1641 9.6950
6360.6270 9.6877
6362.0938 9.6953
6363.5576 9.6876
6365.0249 9.6321
6366.4893 9.5112
6367.9536 9.3628
6369.4224 9.4551
6370.8877 9.5920
6372.3564 9.6303
6373.8228 9.5896
6375.2925 9.5531
6376.7588 9.5166
6378.2261 9.5515
6379.6968 9.5775
6381.1646 9.5867
6382.6357 9.6037
6384.1040 9.6271
6385.5762 9.6299
6387.0454 9.6243
6388.5146 9.6216
6389.9878 9.6082
6391.4580 9.5843
6392.9316 9.5633
6394.4023 9.5323
6395.8770 9.5201
6397.3481 9.5194
6398.8198 9.5281
6400.2954 9.5319
6401.7681 9.5179
6403.2441 9.5177
6404.7173 9.5077
6406.1943 9.4894
6407.6680 9.4777
6409.1421 9.4670
6410.6196 9.4392
6412.0947 9.4103
6413.5732 9.3792
6415.0488 9.4026
6416.5278 9.4376
6418.0039 9.4421
6419.4805 9.4255
6420.9609 9.3972
6422.4380 9.3616
6423.9189 9.3725
6425.3970 9.3909
6426.8784 9.3735
6428.3569 9.3290
6429.8359 9.2937
6431.3184 9.3190
6432.7979 9.3230
6434.2812 9.2834
6435.7617 9.2386
6437.2456 9.2328
6438.7266 9.2531
6440.2114 9.2574
6441.6929 9.2180
6443.1748 9.1923
6444.6606 9.1947
6446.1431 9.1771
6447.6294 9.1511
6449.1128 9.1136
6450.6001 9.0163
6452.0840 8.8664
6453.5684 8.8063
6455.0566 8.9551
6456.5415 9.0809
6458.0303 9.1145
6459.5161 9.1089
6461.0054 9.0920
6462.4917 9.0670
6463.9785 9.0397
6465.4692 9.0313
6466.9565 9.0504
6468.4478 9.0515
6469.9360 9.0213
6471.4277 8.9736
6472.9165 8.9305
6474.4058 8.9108
6475.8984 8.9244
6477.3882 8.9196
6478.8818 8.8778
6480.3726 8.8483
6481.8667 8.8917
6483.3579 8.9533
6484.8496 8.9733
6486.3447 8.9227
6487.8369 8.8522
6489.3330 8.8144
6490.8262 8.8154
6492.3228 8.8238
6493.8164 8.8220
6495.3101 8.8529
6496.8081 8.8898
6498.3027 8.9015
6499.8013 8.8944
6501.2964 8.8860
6502.7954 8.8806
6504.2915 8.8566
6505.7876 8.8381
6507.2881 8.8295
6508.7852 8.8043
6510.2861 8.7645
6511.7837 8.6509
6513.2852 8.5898
6514.7837 8.6271
6516.2822 8.6907
6517.7852 8.6915
6519.2842 8.6822
6520.7876 8.6526
6522.2876 8.6490
6523.7920 8.6434
6525.2925 8.6109
6526.7939 8.5712
6528.2988 8.5379
6529.8008 8.5029
6531.3062 8.4733
6532.8091 8.4537
6534.3154 8.4389
6535.8184 8.4236
6537.3223 8.4124
6538.8296 8.3648
6540.3340 8.2764
6541.8423 8.2021
6543.3472 8.1508
6544.8560 8.0722
6546.3613 7.9676
6547.8677 7.8692
6549.3774 7.7567
6550.8843 7.5746
6552.3945 7.2870
6553.9019 6.9053
6555.4136 6.4676
6556.9214 5.9252
6558.4336 5.0401
6559.9424 4.7075
6561.4512 5.3023
6562.9644 6.0987
6564.4741 6.6038
6565.9878 6.9630
6567.4985 7.2544
6569.0127 7.4870
6570.5239 7.6589
6572.0356 7.7912
6573.5513 7.9241
6575.0635 8.0242
6576.5796 8.0992
6578.0923 8.1565
6579.6094 8.1967
6581.1230 8.2184
6582.6372 8.2209
6584.1548 8.2131
6585.6694 8.2450
6587.1885 8.2908
6588.7036 8.3187
6590.2231 8.3307
6591.7393 8.3312
6593.2554 8.3346
6594.7759 8.3529
6596.2930 8.3678
6597.8140 8.3703
6599.3320 8.3709
6600.8535 8.3682
6602.3721 8.3631
6603.8911 8.3739
6605.4141 8.3842
6606.9336 8.3737
6608.4570 8.3164
6609.9771 8.1760
6611.5015 8.1541
6613.0225 8.2537
6614.5439 8.3236
6616.0693 8.3252
6617.5913 8.3442
6619.1172 8.3288
6620.6396 8.3256
6622.1665 8.3275
6623.6899 8.3213
6625.2139 8.3193
6626.7417 8.3394
6628.2661 8.3479
6629.7944 8.3285
6631.3198 8.3110
6632.8486 8.2961
6634.3745 8.2772
6635.9009 8.2631
6637.4312 8.2707
6638.9580 8.2849
6640.4888 8.2741
6642.0166 8.2593
6643.5483 8.2647
6645.0767 8.2821
6646.6055 8.2838
6648.1382 8.2638
6649.6675 8.2464
6651.2007 8.2376
6652.7310 8.2346
6654.2651 8.2314
6655.7959 8.2134
6657.3271 8.1979
6658.8623 8.2122
6660.3940 8.2330
6661.9297 8.2363
6663.4624 8.2293
6664.9990 8.2296
6666.5322 8.2158
6668.0659 8.1962
6669.6035 8.2028
6671.1377 8.2283
6672.6763 8.2310
6674.2114 8.2202
6675.7505 8.2031
6677.2861 8.1944
6678.8257 8.2006
6680.3623 8.2047
6681.8989 8.1873
6683.4399 8.1775
6684.9775 8.1582
6686.5190 8.1741
6688.0571 8.1950
6689.5996 8.1885
6691.1382 8.1699
6692.6777 8.1587
6694.2212 8.1329
6695.7607 8.1121
6697.3052 8.1178
6698.8457 8.1413
6700.3906 8.1531
6701.9316 8.1548
6703.4736 8.1554
6705.0195 8.1569
6706.5620 8.1548
6708.1084 8.1475
6709.6519 8.1371
6711.1987 8.1234
6712.7427 8.1199
6714.2871 8.1196
6715.8354 8.1140
6717.3804 8.1006
6718.9292 8.1017
6720.4751 8.1618
6722.0249 8.1454
6723.5713 8.0913
6725.1177 8.0609
6726.6685 8.0590
6728.2163 8.0530
6729.7676 8.0508
6731.3159 8.0297
6732.8682 8.0065
6734.4170 7.9994
6735.9663 8.0030
6737.5195 7.9954
6739.0693 7.9773
6740.6235 7.9612
6742.1743 7.9554
6743.7290 7.9446
6745.2803 7.9298
6746.8320 7.9328
6748.3877 7.9461
6749.9404 7.9476
6751.4966 7.9331
6753.0498 7.9087
6754.6069 7.8929
6756.1611 7.8993
6757.7153 7.9022
6759.2734 7.8985
6760.8286 7.8909
6762.3877 7.8844
6763.9434 7.8795
6765.5029 7.8723
6767.0596 7.8619
6768.6162 7.8566
6770.1772 7.8493
6771.7344 7.8412
6773.2959 7.8362
6774.8540 7.8331
6776.4165 7.8271
6777.9756 7.8224
6779.5347 7.8156
6781.0981 7.8061
6782.6582 7.7984
6784.2222 7.7972
6785.7827 7.7959
6787.3477 7.7931
6788.9092 7.7889
6790.4707 7.7837
6792.0366 7.7786
6793.5991 7.7739
6795.1655 7.7672
6796.7290 7.7618
6798.2964 7.7604
6799.8604 7.7575
6801.4282 7.7511
6802.9927 7.7453
6804.5581 7.7400
6806.1270 7.7327
6807.6929 7.7257
6809.2627 7.7187
6810.8291 7.7110
6812.3994 7.7048
6813.9668 7.7012
6815.5342 7.6939
6817.1060 7.6873
6818.6743 7.6824
6820.2466 7.6785
6821.8154 7.6706
6823.3887 7.6440
6824.9585 7.6081
6826.5283 7.6221
6828.1025 7.6460
6829.6733 7.6447
6831.2485 7.6403
6832.8198 7.6329
6834.3955 7.6259
6835.9678 7.6193
6837.5405 7.6117
6839.1172 7.6041
6840.6904 7.5990
6842.2681 7.5938
6843.8418 7.5922
6845.4199 7.5898
6846.9946 7.5855
6848.5698 7.5801
6850.1494 7.5726
6851.7251 7.5601
6853.3052 7.5480
6854.8818 7.5439
6856.4624 7.5416
6858.0396 7.5355
6859.6177 7.5304
6861.1992 7.5329
6862.7778 7.5304
6864.3604 7.5252
6865.9395 7.5136
6867.5225 7.5006
6869.1025 7.4992
6870.6826 7.5011
6872.2671 7.4976
6873.8481 7.4925
6875.4331 7.4870
6877.0146 7.4800
6878.6006 7.4717
6880.1831 7.4657
6881.7656 7.4602
6883.3525 7.4529
6884.9360 7.4477
6886.5239 7.4451
6888.1079 7.4405
6889.6963 7.4353
6891.2812 7.4300
6892.8667 7.4245
6894.4561 7.4188
6896.0425 7.4125
6897.6323 7.4060
6899.2192 7.4004
6900.8105 7.3869
6902.3979 7.3726
6903.9858 7.3681
6905.5776 7.3705
6907.1665 7.3665
6908.7593 7.3604
6910.3486 7.3543
6911.9419 7.3492
6913.5322 7.3445
6915.1226 7.3382
6916.7173 7.3266
6918.3081 7.3083
6919.9038 7.3080
6921.4956 7.3123
6923.0918 7.3057
6924.6846 7.2932
6926.2812 7.2918
6927.8745 7.2907
6929.4683 7.2879
6931.0664 7.2864
6932.6606 7.2834
6934.2593 7.2771
6935.8545 7.2702
6937.4541 7.2652
6939.0498 7.2633
6940.6460 7.2577
6942.2466 7.2510
6943.8438 7.2475
6945.4448 7.2456
6947.0430 7.2414
6948.6445 7.2326
6950.2432 7.2276
6951.8423 7.2251
6953.4453 7.2218
6955.0449 7.2185
6956.6489 7.2130
6958.2490 7.1997
6959.8535 7.1902
6961.4546 7.1861
6963.0562 7.1852
6964.6621 7.1865
6966.2642 7.1809
6967.8706 7.1617
6969.4736 7.1577
6971.0806 7.1643
6972.6841 7.1607
6974.2886 7.1419
6975.8965 7.1329
6977.5015 7.1285
6979.1104 7.1215
6980.7158 7.1265
6982.3257 7.1383
6983.9321 7.1312
6985.5386 7.1251
6987.1494 7.1314
6988.7568 7.0936
6990.3687 7.0574
6991.9766 7.0658
6993.5889 7.0826
6995.1978 7.0605
6996.8071 7.0249
6998.4204 7.0012
7000.0303 7.0266
7001.6445 7.0715
7003.2554 7.0676
7004.8701 7.0802
7006.4819 7.0747
7008.0938 7.0598
7009.7095 7.0495
7011.3223 7.0427
7012.9390 7.0288
7014.5522 7.0137
7016.1699 7.0096
7017.7837 7.0298
7019.3984 7.0392
7021.0171 7.0302
7022.6323 7.0388
7024.2515 7.0437
7025.8677 7.0169
7027.4878 6.9875
7029.1045 6.9836
7030.7212 6.9920
7032.3428 6.9846
7033.9604 7.0043
7035.5825 7.0205
7037.2007 6.9950
7038.8237 6.9598
7040.4429 6.9542
7042.0664 6.9700
7043.6865 6.9601
7045.3066 6.9502
7046.9316 6.9507
7048.5527 6.9568
7050.1782 6.9538
7051.7998 6.9344
7053.4263 6.9237
7055.0488 6.8961
7056.6719 6.8589
7058.2988 6.8356
7059.9229 6.8289
7061.5508 6.8198
7063.1753 6.8156
7064.8037 6.8327
7066.4292 6.8528
7068.0547 6.8558
7069.6846 6.8452
7071.3110 6.8420
7072.9419 6.8398
7074.5688 6.8080
7076.2002 6.7846
7077.8281 6.8052
7079.4561 6.8490
7081.0889 6.8578
7082.7178 6.8411
7084.3511 6.8147
7085.9810 6.8206
7087.6147 6.8307
7089.2451 6.8198
7090.8760 6.8130
7092.5112 6.8271
7094.1431 6.8240
7095.7788 6.7898
7097.4111 6.7745
7099.0479 6.7911
7100.6812 6.7906
7102.3145 6.7786
7103.9521 6.7652
7105.5864 6.7534
7107.2251 6.7226
7108.8599 6.6783
7110.4995 6.6578
7112.1353 6.6546
7113.7715 6.6698
7115.4116 6.6882
7117.0483 6.7070
7118.6899 6.7252
7120.3271 6.7370
7121.9692 6.7440
7123.6079 6.7378
7125.2466 6.7238
7126.8896 6.7148
7128.5293 6.7131
7130.1729 6.7095
7131.8130 6.7062
7133.4580 6.7009
7135.0986 6.6934
7136.7402 6.6889
7138.3857 6.6838
7140.0283 6.6728
7141.6748 6.6775
7143.3174 6.6654
7144.9648 6.6534
7146.6084 6.6564
7148.2524 6.6657
7149.9009 6.6599
7151.5459 6.6410
7153.1948 6.6119
7154.8403 6.6199
7156.4902 6.6348
7158.1367 6.6273
7159.7832 6.6148
7161.4346 6.5974
7163.0820 6.5988
7164.7339 6.6079
7166.3818 6.6122
7168.0347 6.6098
7169.6836 6.6059
7171.3369 6.6009
7172.9863 6.5944
7174.6367 6.5903
7176.2910 6.5829
7177.9419 6.5733
7179.5972 6.5729
7181.2490 6.5731
7182.9048 6.5530
7184.5571 6.5478
7186.2100 6.5520
7187.8672 6.5415
7189.5210 6.5160
7191.1787 6.5067
7192.8330 6.5047
7194.4917 6.4980
7196.1465 6.4873
7197.8022 6.4758
7199.4619 6.4666
7201.1182 6.4699
7202.7788 6.4557
7204.4355 6.4438
7206.0972 6.4455
7207.7549 6.4503
7209.4131 6.4422
7211.0757 6.4311
7212.7344 6.4299
7214.3975 6.4298
7216.0571 6.4245
7217.7212 6.4109
7219.3818 6.3904
7221.0425 6.3815
7222.7075 6.3924
7224.3691 6.4001
7226.0352 6.3998
7227.6973 6.3969
7229.3643 6.3930
7231.0273 6.3860
7232.6909 6.3804
7234.3584 6.3727
7236.0229 6.3560
7237.6914 6.3413
7239.3564 6.3465
7241.0259 6.3453
7242.6919 6.3469
7244.3579 6.3470
7246.0283 6.3389
7247.6953 6.3256
7249.3667 6.3133
7251.0342 6.2916
7252.7065 6.3027
7254.3750 6.3136
7256.0439 6.3103
7257.7168 6.3009
7259.3867 6.2941
7261.0605 6.2880
7262.7310 6.2846
7264.4058 6.2832
7266.0771 6.2800
7267.7485 6.2741
7269.4243 6.2673
7271.0967 6.2581
7272.7734 6.2535
7274.4463 6.2520
7276.1240 6.2492
7277.7979 6.2429
7279.4722 6.2347
7281.1509 6.2269
7282.8257 6.2206
7284.5054 6.1877
7286.1812 6.1706
7287.8613 6.1897
7289.5376 6.1998
7291.2148 6.1978
7292.8960 6.1933
7294.5737 6.1870
7296.2559 6.1794
7297.9341 6.1725
7299.6172 6.1699
7301.2964 6.1708
7302.9800 6.1531
7304.6602 6.1381
7306.3408 6.1416
7308.0254 6.1557
7309.7065 6.1597
7311.3921 6.1563
7313.0742 6.1502
7314.7607 6.1379
7316.4434 6.1200
7318.1265 6.1091
7319.8140 6.1145
7321.4980 6.1039
7323.1860 6.0935
7324.8711 6.0917
7326.5601 6.0879
7328.2456 6.0795
7329.9312 6.0774
7331.6216 6.0721
7333.3081 6.0688
7334.9995 6.0629
7336.6865 6.0563
7338.3784 6.0517
7340.0669 6.0474
7341.7554 6.0427
7343.4482 6.0367
7345.1377 6.0317
7346.8315 6.0260
7348.5215 6.0181
7350.2163 6.0094
7351.9067 6.0015
7353.5981 5.9992
7355.2939 5.9997
7356.9858 5.9982
7358.6826 5.9939
7360.3755 5.9893
7362.0728 5.9838
7363.7661 5.9795
7365.4604 5.9766
7367.1587 5.9761
7368.8535 5.9769
7370.5527 5.9732
7372.2485 5.9605
7373.9487 5.9567
7375.6450 5.9605
7377.3418 5.9547
7379.0430 5.9423
7380.7402 5.9423
7382.4424 5.9263
7384.1406 5.9262
7385.8433 5.9257
7387.5425 5.9241
7389.2422 5.9235
7390.9458 5.9170
7392.6465 5.9143
7394.3511 5.9091
7396.0522 5.9035
7397.7573 5.8925
7399.4595 5.8752
7401.1616 5.8593
7402.8682 5.8406
7404.5713 5.8362
7406.2788 5.8277
7407.9824 5.8229
7409.6909 5.8253
7411.3955 5.8161
7413.1006 5.8016
7414.8101 5.8065
7416.5156 5.8087
7418.2261 5.7632
7419.9326 5.7008
7421.6436 5.7195
7423.3506 5.7812
7425.0586 5.8003
7426.7705 5.7906
7428.4795 5.7786
7430.1924 5.7821
7431.9014 5.8008
7433.6152 5.7967
7435.3257 5.8051
7437.0400 5.7046
7438.7510 5.6229
7440.4624 5.6809
7442.1777 5.7749
7443.8901 5.7742
7445.6064 5.7325
7447.3193 5.7370
7449.0366 5.7710
7450.7505 5.7828
7452.4644 5.7655
7454.1831 5.7629
7455.8979 5.7625
7457.6172 5.7268
7459.3325 5.7083
7461.0527 5.7204
7462.7690 5.6654
7464.4858 5.5214
7466.2070 5.5972
7467.9248 5.6932
7469.6470 5.7195
7471.3652 5.7138
7473.0884 5.7066
7474.8076 5.6968
7476.5269 5.6988
7478.2510 5.7062
7479.9712 5.7088
7481.6963 5.7032
7483.4175 5.6940
7485.1431 5.6851
7486.8652 5.6902
7488.5874 5.6786
7490.3145 5.6527
7492.0371 5.6404
7493.7651 5.6585
7495.4888 5.6731
7497.2173 5.6689
7498.9419 5.6480
7500.6670 5.6305
7502.3970 5.6278
7504.1226 5.6290
7505.8530 5.6226
7507.5801 5.6053
7509.3110 5.6018
7511.0386 5.6032
7512.7666 5.6016
7514.4990 5.6106
7516.2275 5.6168
7517.9609 5.6006
7519.6904 5.5847
7521.4243 5.5857
7523.1548 5.5956
7524.8853 5.5938
7526.6206 5.5875
7528.3521 5.5712
7530.0884 5.5630
7531.8203 5.5661
7533.5571 5.5683
7535.2905 5.5607
7537.0239 5.5583
7538.7617 5.5550
7540.4961 5.5526
7542.2349 5.5494
7543.9702 5.5452
7545.7095 5.5432
7547.4453 5.5421
7549.1816 5.5383
7550.9229 5.5332
7552.6597 5.5311
7554.4014 5.5307
7556.1392 5.5243
7557.8818 5.5127
7559.6201 5.5011
7561.3594 5.4923
7563.1030 5.4858
7564.8428 5.4793
7566.5874 5.4724
7568.3281 5.4694
7570.0732 5.4616
7571.8149 5.4540
7573.5610 5.4510
7575.3032 5.4493
7577.0459 5.4430
7578.7930 5.4393
7580.5366 5.4343
7582.2847 5.4292
7584.0288 5.4261
7585.7778 5.4243
7587.5229 5.4213
7589.2686 5.4177
7591.0186 5.4139
7592.7646 5.4102
7594.5156 5.4067
7596.2627 5.4023
7598.0142 5.3964
7599.7622 5.3930
7601.5107 5.3909
7603.2637 5.3875
7605.0127 5.3831
7606.7661 5.3776
7608.5161 5.3698
7610.2710 5.3611
7612.0215 5.3477
7613.7725 5.3392
7615.5283 5.3344
7617.2803 5.3302
7619.0366 5.3301
7620.7896 5.3325
7622.5469 5.3300
7624.3003 5.3273
7626.0542 5.3251
7627.8130 5.3220
7629.5679 5.3178
7631.3271 5.3119
7633.0825 5.3105
7634.8428 5.3077
7636.5991 5.3034
7638.3560 5.3006
7640.1172 5.2982
7641.8750 5.2936
7643.6372 5.2899
7645.3955 5.2872
7647.1587 5.2840
7648.9180 5.2782
7650.6772 5.2676
7652.4419 5.2542
7654.2021 5.2438
7655.9673 5.2388
7657.7285 5.2337
7659.4941 5.2275
7661.2563 5.2286
7663.0186 5.2397
7664.7856 5.2437
7666.5493 5.2412
7668.3169 5.2366
7670.0811 5.2314
7671.8496 5.2261
7673.6147 5.2256
7675.3799 5.2150
7677.1499 5.2100
7678.9160 5.2087
7680.6870 5.2011
7682.4536 5.1908
7684.2251 5.1936
7685.9932 5.1871
7687.7612 5.1812
7689.5342 5.1811
7691.3027 5.1807
7693.0767 5.1727
7694.8462 5.1634
7696.6206 5.1636
7698.3911 5.1644
7700.1621 5.1598
7701.9380 5.1529
7703.7100 5.1496
7705.4863 5.1402
7707.2588 5.0877
7709.0361 5.0838
7710.8096 5.1138
7712.5879 5.1226
7714.3618 5.1107
7716.1367 5.0989
7717.9160 5.0875
7719.6914 5.0829
7721.4717 5.0813
7723.2480 5.0776
7725.0288 5.0745
7726.8062 5.0747
7728.5835 5.0744
7730.3657 5.0749
7732.1440 5.0747
7733.9272 5.0720
7735.7065 5.0672
7737.4902 5.0615
7739.2700 5.0587
7741.0508 5.0562
7742.8354 5.0526
7744.6167 5.0502
7746.4028 5.0510
7748.1851 5.0498
7749.9717 5.0492
7751.7544 5.0478
7753.5376 5.0456
7755.3257 5.0404
7757.1099 5.0288
7758.8984 5.0204
7760.6836 5.0259
7762.4731 5.0213
7764.2588 5.0094
7766.0449 4.9219
7767.8359 4.6585
7769.6226 4.4332
7771.4146 4.4559
7773.2021 4.7523
7774.9946 4.9890
7776.7832 4.9931
7778.5723 4.9933
7780.3662 4.9979
7782.1558 5.0033
7783.9507 4.9946
7785.7412 4.9839
7787.5366 4.9875
7789.3281 5.0020
7791.1201 5.0169
7792.9165 5.0226
7794.7095 5.0094
7796.5068 4.9906
7798.3003 4.9795
7800.0986 4.9725
7801.8931 4.9699
7803.6880 4.9873
7805.4873 4.9885
7807.2832 4.9780
7809.0835 4.9751
7810.8799 4.9754
7812.6812 4.9693
7814.4785 4.9622
7816.2759 4.9584
7818.0786 4.9565
7819.8770 4.9488
7821.6802 4.9307
7823.4795 4.9185
7825.2837 4.9001
7827.0840 4.8888
7828.8843 4.8914
7830.6899 4.9044
7832.4912 4.9165
7834.2974 4.9066
7836.0996 4.8876
7837.9067 4.8872
7839.7100 4.8917
7841.5132 4.8852
7843.3213 4.8802
7845.1260 4.8774
7846.9351 4.8752
7848.7402 4.8675
7850.5498 4.8592
7852.3560 4.8594
7854.1665 4.8643
7855.9736 4.8495
7857.7808 4.8464
7859.5928 4.8398
7861.4009 4.8173
7863.2139 4.8035
7865.0225 4.8289
7866.8364 4.8261
7868.6460 4.8233
7870.4561 4.7877
7872.2710 4.7143
7874.0820 4.6885
7875.8979 4.7859
7877.7100 4.7856
7879.5264 4.7964
7881.3389 4.7767
7883.1519 4.7369
7884.9697 4.7274
7886.7837 4.7499
7888.6025 4.7249
7890.4175 4.6137
7892.2368 4.5129
7894.0522 4.5797
7895.8687 4.7315
7897.6890 4.6753
7899.5059 4.6317
7901.3276 4.7353
7903.1455 4.7717
7904.9678 4.6915
7906.7861 4.6286
7908.6055 4.6962
7910.4292 4.7405
7912.2485 4.6731
7914.0732 4.6622
7915.8940 4.6639
7917.7192 4.6136
7919.5405 4.6109
7921.3628 4.6509
7923.1895 4.6729
7925.0122 4.6067
7926.8394 4.5841
7928.6631 4.6678
7930.4912 4.7065
7932.3159 4.7149
7934.1406 4.7095
7935.9702 4.7091
7937.7959 4.6913
7939.6265 4.6623
7941.4526 4.6598
7943.2842 4.5992
7945.1113 4.5912
7946.9390 4.5855
7948.7720 4.5911
7950.6006 4.6269
7952.4336 4.6456
7954.2632 4.6266
7956.0977 4.5797
7957.9277 4.5134
7959.7583 4.4950
7961.5938 4.5571
7963.4253 4.6175
7965.2617 4.5768
7967.0942 4.5840
7968.9316 4.5897
7970.7646 4.5755
7972.5981 4.5699
7974.4370 4.5816
7976.2715 4.5819
7978.1108 4.5959
7979.9458 4.5931
7981.7861 4.5807
7983.6226 4.5906
7985.4590 4.6246
7987.3003 4.6220
7989.1377 4.6012
7990.9800 4.5939
7992.8184 4.5706
7994.6616 4.5123
7996.5005 4.4703
7998.3447 4.4944
8000.1846 4.5507
8002.0249 4.5330
8003.8706 4.4644
8005.7114 4.4614
8007.5576 4.5557
8009.3999 4.5003
8011.2471 4.5112
8013.0898 4.5475
8014.9331 4.5546
8016.7812 4.5281
8018.6255 4.4821
8020.4746 4.4371
8022.3198 4.4442
8024.1699 4.4341
8026.0156 4.4421
8027.8623 4.4919
8029.7134 4.4989
8031.5605 4.4709
8033.4126 4.4967
8035.2607 4.5078
8037.1138 4.4901
8038.9624 4.4596
8040.8120 4.4157
8042.6660 4.4198
8044.5161 4.4600
8046.3711 4.4866
8048.2222 4.4907
8050.0781 4.4918
8051.9302 4.4999
8053.7827 4.4936
8055.6396 4.4776
8057.4927 4.4663
8059.3511 4.4581
8061.2051 4.4568
8063.0640 4.4710
8064.9189 4.4568
8066.7739 4.4312
8068.6343 4.4390
8070.4902 4.4577
8072.3516 4.4537
8074.2085 4.4375
8076.0703 4.4156
8077.9282 4.4212
8079.7866 4.4129
8081.6499 4.3983
8083.5088 4.4021
8085.3730 4.4106
8087.2329 4.4032
8089.0981 4.3990
8090.9590 4.3957
8092.8203 4.3899
8094.6865 4.3850
8096.5483 4.3856
8098.4155 4.3855
8100.2788 4.3835
8102.1465 4.3816
8104.0103 4.3793
8105.8745 4.3760
8107.7441 4.3729
8109.6089 4.3685
8111.4790 4.3620
8113.3452 4.3611
8115.2163 4.3613
8117.0830 4.3580
8118.9502 4.3560
8120.8228 4.3533
8122.6909 4.3499
8124.5640 4.3473
8126.4326 4.3438
8128.3066 4.3382
8130.1768 4.3338
8132.0513 4.3337
8133.9224 4.3313
8135.7935 4.3275
8137.6694 4.3241
8139.5415 4.3211
8141.4185 4.3178
8143.2915 4.3150
8145.1694 4.3111
8147.0430 4.3071
8148.9175 4.3039
8150.7964 4.3004
8152.6714 4.2953
8154.5513 4.2915
8156.4272 4.2891
8158.3081 4.2867
8160.1851 4.2830
8162.0625 4.2786
8163.9443 4.2762
8165.8228 4.2765
8167.7056 4.2732
8169.5845 4.2690
8171.4683 4.2657
8173.3481 4.2623
8175.2285 4.2573
8177.1138 4.2498
8178.9951 4.2074
8180.8809 4.1964
8182.7632 4.2075
8184.6499 4.2124
8186.5327 4.2302
8188.4160 4.2322
8190.3042 4.1879
8192.1885 4.1901
8194.0771 4.2164
8195.9629 4.1929
8197.8525 4.1391
8199.7383 4.1779
8201.6250 4.2107
8203.5156 4.2128
8205.4033 4.2010
8207.2959 4.1881
8209.1836 4.1658
8211.0762 4.1259
8212.9658 4.1314
8214.8545 4.1520
8216.7490 4.1421
8218.6396 4.1185
8220.5342 4.1471
8222.4258 4.1727
8224.3223 4.1500
8226.2139 4.1368
8228.1064 4.1274
8230.0039 4.1008
8231.8965 4.0957
8233.7949 4.1404
8235.6895 4.1454
8237.5889 4.1211
8239.4834 4.1175
8241.3789 4.1349
8243.2793 4.1077
8245.1758 4.0516
8247.0771 4.1043
8248.9746 4.1244
8250.8770 4.1075
8252.7744 4.1182
8254.6729 4.1331
8256.5771 4.1383
8258.4766 4.1377
8260.3809 4.1366
8262.2812 4.1387
8264.1865 4.1385
8266.0869 4.1267
8267.9893 4.1242
8269.8955 4.1273
8271.7979 4.1209
8273.7051 4.1117
8275.6084 4.1093
8277.5166 4.1048
8279.4209 4.0898
8281.3301 4.0879
8283.2354 4.0783
8285.1416 4.0662
8287.0518 4.0650
8288.9580 4.0672
8290.8691 4.0718
8292.7773 4.0593
8294.6895 4.0548
8296.5977 4.0653
8298.5059 4.0645
8300.4199 4.0317
8302.3291 4.0353
8304.2432 4.0438
8306.1543 4.0428
8308.0693 4.0388
8309.9805 4.0362
8311.8926 4.0305
8313.8086 4.0386
8315.7217 4.0437
8317.6396 4.0250
8319.5527 4.0003
8321.4707 4.0021
8323.3857 4.0289
8325.2998 4.0139
8327.2197 3.9778
8329.1357 3.8829
8331.0566 3.8301
8332.9727 3.9023
8334.8945 4.0007
8336.8115 4.0148
8338.7295 3.9723
8340.6523 3.9136
8342.5713 3.8989
8344.4951 3.9495
8346.4150 4.0031
8348.3398 4.0027
8350.2598 3.9814
8352.1807 3.9202
8354.1074 3.8635
8356.0293 3.8687
8357.9561 3.9232
8359.8789 3.9706
8361.8066 4.0065
8363.7295 4.0014
8365.6543 3.9547
8367.5830 3.8778
8369.5078 3.7820
8371.4375 3.7392
8373.3643 3.8393
8375.2949 3.9454
8377.2217 3.9860
8379.1484 3.9882
8381.0811 3.9865
8383.0088 3.9253
8384.9424 3.8009
8386.8711 3.6710
8388.8047 3.6195
8390.7344 3.6779
8392.6650 3.7863
8394.6006 3.8922
8396.5312 3.9653
8398.4678 3.9838
8400.3994 3.9308
8402.3369 3.8238
8404.2695 3.7087
8406.2031 3.5625
8408.1416 3.4777
8410.0762 3.4993
8412.0156 3.6162
8413.9502 3.7654
8415.8906 3.8754
8417.8271 3.9919
8419.7637 4.0487
8421.7051 4.0357
8423.6426 3.9835
8425.5850 3.9090
8427.5234 3.8062
8429.4668 3.7129
8431.4053 3.5040
8433.3496 3.2988
8435.2900 3.3055
8437.2305 3.5361
8439.1758 3.6699
8441.1172 3.4597
8443.0645 3.4418
8445.0059 3.7671
8446.9541 4.0286
8448.8965 3.9994
8450.8408 4.0208
8452.7891 3.9763
8454.7344 3.8786
8456.6836 3.7423
8458.6289 3.5901
8460.5791 3.4063
8462.5254 3.1908
8464.4727 3.2155
8466.4248 3.4665
8468.3721 3.6924
8470.3252 3.8339
8472.2734 3.9449
8474.2275 4.0131
8476.1768 4.0231
8478.1270 4.0455
8480.0820 4.0613
8482.0322 4.0459
8483.9883 4.0110
8485.9404 3.9809
8487.8975 3.9072
8489.8496 3.8320
8491.8027 3.5833
8493.7607 3.2877
8495.7148 3.1125
8497.6738 2.9875
8499.6289 3.0260
8501.5889 3.2852
8503.5449 3.5368
8505.5010 3.6991
8507.4619 3.7929
8509.4199 3.8325
8511.3818 3.9694
8513.3398 4.0670
8515.3027 4.0792
8517.2617 4.0760
8519.2217 4.1050
8521.1855 4.1154
8523.1465 4.1096
8525.1113 4.0523
8527.0723 4.0074
8529.0391 3.9546
8531.0010 3.8380
8532.9639 3.6783
8534.9316 3.5275
8536.8945 3.0760
8538.8633 2.7551
8540.8281 2.7215
8542.7969 2.8806
8544.7627 3.1780
8546.7285 3.4181
8548.6992 3.5870
8550.6660 3.7053
8552.6377 3.8078
8554.6045 3.9055
8556.5771 3.9756
8558.5459 4.0384
8560.5146 4.0610
8562.4893 4.0237
8564.4590 4.0088
8566.4336 4.0510
8568.4043 4.0506
8570.3799 4.0462
8572.3516 4.0311
8574.3242 4.0208
8576.3008 3.9966
8578.2744 3.9369
8580.2520 3.8551
8582.2256 3.7626
8584.2051 3.6955
8586.1797 3.5710
8588.1602 3.3681
8590.1357 3.1242
8592.1113 2.8697
8594.0928 2.6527
8596.0703 2.7878
8598.0527 3.0829
8600.0303 3.3402
8602.0137 3.5112
8603.9922 3.6371
8605.9717 3.7364
8607.9561 3.8056
8609.9365 3.8538
8611.9219 3.8807
8613.9033 3.8976
8615.8896 3.9362
8617.8711 3.9817
8619.8535 3.9909
8621.8418 3.9717
8623.8252 3.9058
8625.8135 3.8645
8627.7979 3.9873
8629.7881 4.0125
8631.7725 3.9881
8633.7588 3.9816
8635.7500 3.9759
8637.7363 3.9392
8639.7285 3.8949
8641.7158 3.8586
8643.7080 3.8261
8645.6973 3.7594
8647.6855 3.6719
8649.6797 3.5635
8651.6699 3.4044
8653.6650 3.3198
8655.6553 3.0797
8657.6514 2.7058
8659.6436 2.4460
8661.6357 2.4956
8663.6328 2.7704
8665.6260 3.0441
8667.6240 3.2502
8669.6182 3.4130
8671.6172 3.5433
8673.6123 3.5750
8675.6074 3.4558
8677.6084 3.4772
8679.6045 3.5584
8681.6055 3.6743
8683.6025 3.7953
8685.6055 3.8818
8687.6035 3.9149
8689.6025 3.8928
8691.6055 3.8950
8693.6055 3.9111
8695.6104 3.9046
8697.6104 3.8516
8699.6162 3.7924
8701.6172 3.8940
8703.6191 3.9528
8705.6260 3.8589
8707.6289 3.7921
8709.6367 3.8866
8711.6406 3.9341
8713.6494 3.7745
8715.6543 3.7403
8717.6592 3.8204
8719.6699 3.8717
8721.6758 3.8218
8723.6865 3.7389
8725.6934 3.6989
8727.7061 3.6950
8729.7129 3.6403
8731.7217 3.5557
8733.7354 3.4905
8735.7441 3.4106
8737.7588 3.3008
8739.7686 3.1409
8741.7842 2.9361
8743.7949 2.6461
8745.8115 2.3834
8747.8232 2.4629
8749.8359 2.7771
8751.8535 3.0185
8753.8672 3.2120
8755.8857 3.3602
8757.9004 3.4417
8759.9199 3.5135
8761.9346 3.5763
8763.9502 3.6076
8765.9717 3.6405
8767.9883 3.6783
8770.0098 3.7077
8772.0273 3.7325
8774.0498 3.7409
8776.0684 3.7319
8778.0879 3.7381
8780.1113 3.7608
8782.1318 3.7805
8784.1562 3.7854
8786.1777 3.7652
8788.2031 3.7636
8790.2256 3.7644
8792.2471 3.7714
8794.2754 3.7852
8796.2979 3.7761
8798.3262 3.7651
8800.3506 3.7149
8802.3799 3.6611
8804.4053 3.6570
8806.4307 3.6949
8808.4609 3.6979
8810.4873 3.6936
8812.5195 3.7129
8814.5459 3.6827
8816.5791 3.6478
8818.6074 3.6562
8820.6357 3.6366
8822.6699 3.6457
8824.6992 3.6487
8826.7344 3.6241
8828.7646 3.6012
8830.8008 3.5908
8832.8330 3.5527
8834.8643 3.5413
8836.9014 3.5388
8838.9346 3.4957
8840.9727 3.4215
8843.0068 3.3506
8845.0459 3.2821
8847.0811 3.1962
8849.1162 3.0910
8851.1562 2.9811
8853.1924 2.8308
8855.2344 2.6140
8857.2715 2.4038
8859.3145 2.3475
8861.3516 2.5292
8863.3906 2.7312
8865.4346 2.8738
8867.4736 2.9905
8869.5186 3.0745
8871.5596 3.1632
8873.6045 3.2225
8875.6465 3.2580
8877.6885 3.2949
8879.7354 3.3450
8881.7783 3.3915
8883.8262 3.4287
8885.8701 3.4535
8887.9189 3.4736
8889.9639 3.4946
8892.0088 3.5163
8894.0596 3.5349
8896.1055 3.5510
8898.1562 3.5666
8900.2041 3.5768
8902.2559 3.5882
8904.3037 3.5909
8906.3574 3.5464
8908.4062 3.4860
8910.4561 3.5727
8912.5107 3.6222
8914.5605 3.6105
8916.6162 3.6200
8918.6680 3.6193
8920.7246 3.5884
8922.7764 3.4866
8924.8291 3.5228
8926.8867 3.6192
8928.9404 3.6205
8931.0000 3.6203
8933.0547 3.6179
8935.1143 3.6158
8937.1699 3.6132
8939.2256 3.6071
8941.2871 3.5990
8943.3438 3.5962
8945.4062 3.5931
8947.4639 3.5911
8949.5273 3.5867
8951.5859 3.5805
8953.6455 3.5740
8955.7100 3.5657
8957.7705 3.5590
8959.8359 3.5409
8961.8975 3.5256
8963.9639 3.5188
8966.0264 3.5122
8968.0889 3.4979
8970.1572 3.4831
8972.2207 3.4572
8974.2891 3.4371
8976.3535 3.4229
8978.4238 3.4033
8980.4893 3.3776
8982.5557 3.3483
8984.6270 3.3138
8986.6934 3.2764
8988.7656 3.2363
8990.8340 3.1908
8992.9072 3.1369
8994.9756 3.0737
8997.0449 3.0081
8999.1201 2.9328
9001.1904 2.8439
9003.2656 2.7391
9005.3369 2.6141
9007.4131 2.4717
9009.4854 2.2889
9011.5586 2.2592
9013.6357 2.3917
9015.7100 2.5527
9017.7891 2.6749
9019.8633 2.7801
9021.9434 2.8671
9024.0186 2.9395
9026.0947 3.0045
9028.1758 3.0640
9030.2529 3.1106
9032.3350 3.1494
9034.4131 3.1888
9036.4971 3.2255
9038.5752 3.2528
9040.6543 3.2705
9042.7393 3.2882
9044.8193 3.3085
9046.9053 3.3277
9048.9863 3.3477
9051.0732 3.3656
9053.1553 3.3703
9055.2383 3.3169
9057.3262 3.1172
9059.4102 3.2308
9061.4990 3.3805
9063.5840 3.4143
9065.6738 3.4092
9067.7588 3.4087
9069.8506 3.4225
9071.9365 3.3470
9074.0234 3.2967
9076.1162 3.3428
9078.2041 3.4252
9080.2979 3.4236
9082.3867 3.3657
9084.4805 3.2825
9086.5703 3.3529
9088.6611 3.3602
9090.7568 3.2099
9092.8486 3.3384
9094.9453 3.4128
9097.0371 3.4112
9099.1348 3.4059
9101.2285 3.4124
9103.3223 3.4072
9105.4209 3.3680
9107.5156 3.2472
9109.6162 3.3276
9111.7119 3.3964
9113.8125 3.3911
9115.9092 3.3906
9118.0068 3.3692
9120.1094 3.3671
9122.2070 3.3722
9124.3105 3.3776
9126.4102 3.3704
9128.5146 3.3564
9130.6143 3.3678
9132.7148 3.3698
9134.8213 3.3657
9136.9219 3.3615
9139.0293 3.3579
9141.1318 3.3532
9143.2393 3.3474
9145.3428 3.3437
9147.4473 3.3409
9149.5566 3.3327
9151.6611 3.3245
9153.7715 3.3220
9155.8770 3.3185
9157.9883 3.3130
9160.0957 3.3059
9162.2031 3.2998
9164.3154 3.2928
9166.4238 3.2835
9168.5371 3.2725
9170.6465 3.2442
9172.7617 3.2203
9174.8711 3.2197
9176.9824 3.2172
9179.0986 3.1979
9181.2100 3.1951
9183.3271 3.1695
9185.4395 3.1680
9187.5576 3.1595
9189.6719 3.1358
9191.7852 3.1112
9193.9053 3.0826
9196.0205 3.0595
9198.1406 3.0082
9200.2568 2.9651
9202.3789 2.9375
9204.4951 2.8994
9206.6133 2.8315
9208.7363 2.7351
9210.8545 2.7016
9212.9785 2.6154
9215.0977 2.5165
9217.2227 2.4703
9219.3428 2.3576
9221.4639 2.2200
9223.5908 2.0435
9225.7129 2.0262
9227.8398 2.1655
9229.9629 2.3133
9232.0908 2.4132
9234.2148 2.4988
9236.3447 2.6041
9238.4688 2.6392
9240.5947 2.6704
9242.7256 2.7732
9244.8516 2.8338
9246.9834 2.8721
9249.1104 2.8930
9251.2432 2.9212
9253.3721 2.9438
9255.5010 2.9101
9257.6348 2.8171
9259.7646 2.8614
9261.8994 2.9090
9264.0303 3.0022
9266.1670 3.0812
9268.2988 3.0790
9270.4307 3.0942
9272.5684 3.1017
9274.7012 3.1080
9276.8398 3.1134
9278.9746 3.1174
9281.1143 3.1211
9283.2490 3.1241
9285.3848 3.1249
9287.5264 3.1277
9289.6621 3.1275
9291.8047 3.1246
9293.9424 3.1254
9296.0850 3.1320
9298.2236 3.1269
9300.3633 3.1259
9302.5078 3.1290
9304.6475 3.1302
9306.7930 3.1281
9308.9346 3.1282
9311.0811 3.1282
9313.2227 3.1216
9315.3652 3.1174
9317.5137 3.1187
9319.6572 3.1187
9321.8057 3.1109
9323.9502 3.1100
9326.1006 3.1159
9328.2461 3.1164
9330.3916 3.1129
9332.5439 3.1113
9334.6904 3.1069
9336.8428 3.1017
9338.9912 3.1023
9341.1445 3.1026
9343.2939 3.0998
9345.4434 3.0960
9347.5977 3.0939
9349.7480 3.0932
9351.9043 3.0910
9354.0557 3.0884
9356.2129 3.0861
9358.3652 3.0839
9360.5186 3.0813
9362.6768 3.0786
9364.8301 3.0764
9366.9902 3.0736
9369.1445 3.0700
9371.3057 3.0672
9373.4609 3.0654
9375.6172 3.0582
9377.7793 3.0645
9379.9365 3.0422
9382.0996 3.0124
9384.2578 3.0193
9386.4219 3.0286
9388.5820 2.9782
9390.7461 3.0164
9392.9072 3.0432
9395.0674 3.0347
9397.2344 3.0299
9399.3965 2.9728
9401.5635 2.8403
9403.7266 2.9549
9405.8945 3.0120
9408.0586 2.9328
9410.2227 2.9043
9412.3926 2.9806
9414.5586 3.0029
9416.7295 2.9815
9418.8955 2.9843
9421.0674 2.9987
9423.2344 2.9868
9425.4023 2.9788
9427.5762 2.9828
9429.7451 2.9805
9431.9189 2.9587
9434.0889 2.9488
9436.2646 2.9688
9438.4355 2.9697
9440.6064 2.9603
9442.7832 2.9601
9444.9561 2.9618
9447.1338 2.9593
9449.3076 2.9548
9451.4863 2.9509
9453.6602 2.9456
9455.8350 2.9331
9458.0156 2.9291
9460.1914 2.9306
9462.3730 2.9271
9464.5498 2.9252
9466.7324 2.9203
9468.9102 2.9156
9471.0889 2.9102
9473.2725 2.9049
9475.4521 2.8974
9477.6367 2.8811
9479.8174 2.8744
9482.0029 2.8761
9484.1846 2.8715
9486.3662 2.8609
9488.5537 2.8515
9490.7363 2.8410
9492.9258 2.8290
9495.1094 2.8182
9497.2988 2.8073
9499.4834 2.7931
9501.6689 2.7757
9503.8604 2.7605
9506.0459 2.7427
9508.2383 2.7230
9510.4258 2.7002
9512.6191 2.6739
9514.8076 2.6444
9516.9961 2.6115
9519.1904 2.5744
9521.3809 2.5326
9523.5762 2.4857
9525.7666 2.4328
9527.9639 2.3723
9530.1553 2.3031
9532.3477 2.2261
9534.5459 2.1318
9536.7393 2.0245
9538.9385 1.8785
9541.1328 1.7415
9543.3330 1.7858
9545.5283 1.9418
9547.7246 2.0619
9549.9268 2.1550
9552.1230 2.2380
9554.3262 2.3044
9556.5234 2.3635
9558.7275 2.4140
9560.9268 2.4582
9563.1309 2.4960
9565.3311 2.5278
9567.5322 2.5560
9569.7383 2.5828
9571.9395 2.6074
9574.1465 2.6273
9576.3496 2.6442
9578.5576 2.6587
9580.7607 2.6707
9582.9648 2.6817
9585.1748 2.6904
9587.3799 2.6958
9589.5908 2.7025
9591.7969 2.7093
9594.0088 2.7118
9596.2158 2.6994
9598.4238 2.6405
9600.6367 2.6836
9602.8457 2.7239
9605.0596 2.7257
9607.2695 2.7310
9609.4854 2.7270
9611.6953 2.7433
9613.9062 2.6869
9616.1240 2.6351
9618.3359 2.6630
9620.5537 2.7318
9622.7666 2.7238
9624.9863 2.7122
9627.2002 2.6440
9629.4150 2.6558
9631.6357 2.7183
9633.8516 2.7241
9636.0723 2.7257
9638.2891 2.7211
9640.5117 2.7256
9642.7295 2.7096
9644.9482 2.6862
9647.1719 2.6932
9649.3916 2.7155
9651.6172 2.6705
9653.8369 2.5942
9656.0635 2.6353
9658.2842 2.7122
9660.5068 2.6971
9662.7344 2.7034
9664.9570 2.6970
9667.1855 2.6843
9669.4102 2.6844
9671.6396 2.6882
9673.8643 2.6762
9676.0898 2.6592
9678.3213 2.6727
9680.5479 2.6779
9682.7803 2.6759
9685.0078 2.6671
9687.2412 2.6539
9689.4697 2.6581
9691.6982 2.6648
9693.9336 2.6664
9696.1631 2.6663
9698.3994 2.6653
9700.6299 2.6627
9702.8672 2.6607
9705.0996 2.6581
9707.3320 2.6558
9709.5703 2.6534
9711.8047 2.6509
9714.0439 2.6482
9716.2783 2.6447
9718.5186 2.6368
9720.7549 2.6362
9722.9912 2.6366
9725.2334 2.6347
9727.4707 2.6330
9729.7139 2.6292
9731.9521 2.6136
9734.1963 2.6006
9736.4355 2.6050
9738.6807 2.6156
9740.9209 2.6152
9743.1621 2.6115
9745.4082 2.6113
9747.6504 2.6100
9749.8984 2.6076
9752.1416 2.6049
9754.3896 2.6020
9756.6338 2.5992
9758.8789 2.5944
9761.1289 2.5930
9763.3740 2.5916
9765.6260 2.5891
9767.8721 2.5872
9770.1250 2.5843
9772.3721 2.5808
9774.6201 2.5786
9776.8750 2.5764
9779.1240 2.5733
9781.3789 2.5690
9783.6289 2.5639
9785.8848 2.5610
9788.1367 2.5608
9790.3877 2.5591
9792.6455 2.5546
9794.8984 2.5506
9797.1572 2.5502
9799.4111 2.5502
9801.6709 2.5478
9803.9258 2.5424
9806.1807 2.5369
9808.4424 2.5349
9810.6982 2.5355
9812.9609 2.5347
9815.2188 2.5297
9817.4814 2.5232
9819.7402 2.5109
9821.9990 2.4999
9824.2646 2.5151
9826.5244 2.5149
9828.7900 2.5103
9831.0518 2.5087
9833.3184 2.5084
9835.5801 2.5043
9837.8428 2.4963
9840.1113 2.4992
9842.3750 2.4987
9844.6455 2.4958
9846.9102 2.4812
9849.1807 2.4556
9851.4463 2.4520
9853.7129 2.4573
9855.9844 2.4567
9858.2520 2.4617
9860.5254 2.4709
9862.7939 2.4730
9865.0684 2.4695
9867.3379 2.4646
9869.6074 2.4643
9871.8838 2.4638
9874.1543 2.4617
9876.4316 2.4579
9878.7031 2.4510
9880.9814 2.4587
9883.2549 2.4233
9885.5283 2.3653
9887.8076 2.3674
9890.0830 2.4373
9892.3633 2.4361
9894.6387 2.4267
9896.9209 2.4287
9899.1973 2.4306
9901.4746 2.4268
9903.7578 2.4215
9906.0361 2.4169
9908.3203 2.4108
9910.5996 2.3943
9912.8857 2.3987
9915.1660 2.4133
9917.4521 2.4089
9919.7334 2.4028
9922.0156 2.4069
9924.3037 2.3766
9926.5869 2.3492
9928.8760 2.3607
9931.1602 2.3930
9933.4502 2.3869
9935.7354 2.3680
9938.0205 2.3672
9940.3125 2.3723
9942.5996 2.3705
9944.8926 2.3647
9947.1797 2.3646
9949.4736 2.3623
9951.7627 2.3572
9954.0518 2.3539
9956.3477 2.3514
9958.6377 2.3469
9960.9346 2.3435
9963.2256 2.3401
9965.5234 2.3355
9967.8154 2.3311
9970.1094 2.3266
9972.4082 2.3214
9974.7021 2.3165
9977.0020 2.3105
9979.2979 2.3046
9981.5986 2.2992
9983.8945 2.2933
9986.1914 2.2866
9988.4941 2.2792
9990.7920 2.2614
9993.0967 2.2426
9995.3955 2.2420
9997.7002 2.2442
10000.0000 2.2298
10002.3057 2.2208
10004.6016 2.2072
10006.9082 2.1923
10009.2158 2.1759
10011.5244 2.1567
10013.8223 2.1352
10016.1309 2.1137
10018.4404 2.0882
10020.7402 2.0588
10023.0508 2.0264
10025.3623 1.9899
10027.6738 1.9481
10029.9756 1.9011
10032.2881 1.8467
10034.6016 1.7847
10036.9043 1.7109
10039.2188 1.6240
10041.5342 1.5104
10043.8496 1.3707
10046.1543 1.3787
10048.4707 1.5095
10050.7881 1.6242
10053.0947 1.6955
10055.4131 1.7678
10057.7324 1.8219
10060.0508 1.8705
10062.3604 1.9118
10064.6807 1.9476
10067.0010 1.9793
10069.3115 2.0062
10071.6338 2.0284
10073.9561 2.0489
10076.2793 2.0670
10078.5918 2.0821
10080.9160 2.0951
10083.2402 2.1072
10085.5547 2.1168
10087.8799 2.1252
10090.2061 2.1323
10092.5332 2.1383
10094.8496 2.1435
10097.1777 2.1464
10099.5059 2.1421
10101.8232 2.1344
10104.1533 2.1375
10106.4834 2.1276
10108.8135 2.1137
10111.1338 2.1264
10113.4648 2.1575
10115.7969 2.1604
10118.1191 2.0990
10120.4521 2.0986
10122.7861 2.1488
10125.1201 2.1570
10127.4434 2.1591
10129.7793 2.1594
10132.1152 2.1586
10134.4404 2.1575
10136.7773 2.1564
10139.1152 2.1529
10141.4531 2.1446
10143.7803 2.1452
10146.1191 2.1502
10148.4590 2.1473
10150.7881 2.1417
10153.1289 2.1441
10155.4707 2.1445
10157.8125 2.1324
10160.1436 2.1261
10162.4863 2.1323
10164.8301 2.1378
10167.1621 2.1318
10169.5068 2.1286
10171.8525 2.1281
10174.1973 2.1293
10176.5322 2.1211
10178.8789 2.1115
10181.2266 2.1140
10183.5742 2.1174
10185.9111 2.1154
10188.2607 2.1147
10190.6094 2.1131
10192.9482 2.1102
10195.2988 2.1083
10197.6504 2.1060
10200.0020 2.1040
10202.3428 2.1016
10204.6953 2.0992
10207.0479 2.0971
10209.3906 2.0937
10211.7451 2.0870
10214.0996 2.0887
10216.4551 2.0873
10218.7998 2.0846
10221.1562 2.0825
10223.5137 2.0801
10225.8594 2.0781
10228.2178 2.0764
10230.5762 2.0731
10232.9355 2.0695
10235.2842 2.0678
10237.6436 2.0667
10240.0049 2.0615
10242.3545 2.0598
10244.7168 2.0595
10247.0791 2.0579
10249.4424 2.0545
10251.7939 2.0510
10254.1582 2.0496
10256.5234 2.0479
10258.8770 2.0455
10261.2422 2.0431
10263.6084 2.0408
10265.9756 2.0381
10268.3311 2.0347
10270.6992 2.0310
10273.0674 2.0304
10275.4258 2.0290
10277.7949 2.0261
10280.1650 2.0238
10282.5352 2.0187
10284.8955 2.0132
10287.2666 2.0147
10289.6396 2.0147
10292.0010 2.0113
10294.3740 2.0091
10296.7480 2.0062
10299.1221 2.0041
10301.4863 2.0021
10303.8613 1.9988
10306.2373 1.9950
10308.6025 1.9925
10310.9795 1.9921
10313.3574 1.9890
10315.7363 1.9861
10318.1035 1.9841
10320.4824 1.9822
10322.8623 1.9792
10325.2314 1.9722
10327.6123 1.9602
