3599.9788 0.9128
3600.8088 0.9116
3601.6372 0.9060
3602.4678 0.8949
3603.2964 0.8781
3604.1252 0.8574
3604.9565 0.8396
3605.7859 0.8336
3606.6172 0.8374
3607.4470 0.8467
3608.2788 0.8588
3609.1089 0.8702
3609.9392 0.8732
3610.7717 0.8604
3611.6023 0.8417
3612.4351 0.8291
3613.2661 0.8276
3614.0994 0.8327
3614.9307 0.8359
3615.7625 0.8394
3616.5962 0.8532
3617.4282 0.8734
3618.2625 0.8879
3619.0947 0.8851
3619.9292 0.8635
3620.7620 0.8397
3621.5969 0.8321
3622.4302 0.8383
3623.2634 0.8492
3624.0989 0.8596
3624.9326 0.8705
3625.7686 0.8783
3626.6028 0.8855
3627.4390 0.8996
3628.2734 0.9199
3629.1082 0.9369
3629.9451 0.9405
3630.7800 0.9320
3631.6174 0.9116
3632.4529 0.8795
3633.2903 0.8448
3634.1262 0.8237
3634.9622 0.8261
3635.8005 0.8412
3636.6370 0.8569
3637.4756 0.8710
3638.3123 0.8837
3639.1514 0.8947
3639.9885 0.9052
3640.8259 0.9163
3641.6653 0.9222
3642.5032 0.9208
3643.3430 0.9151
3644.1812 0.9093
3645.0215 0.9034
3645.8601 0.8950
3646.6990 0.8876
3647.5398 0.8849
3648.3789 0.8869
3649.2202 0.8892
3650.0596 0.8874
3650.9014 0.8828
3651.7412 0.8783
3652.5813 0.8801
3653.4236 0.8918
3654.2642 0.9114
3655.1067 0.9297
3655.9475 0.9376
3656.7908 0.9365
3657.6318 0.9338
3658.4734 0.9348
3659.3169 0.9403
3660.1587 0.9452
3661.0029 0.9444
3661.8450 0.9409
3662.6895 0.9384
3663.5320 0.9366
3664.3748 0.9327
3665.2197 0.9265
3666.0630 0.9220
3666.9084 0.9246
3667.7520 0.9338
3668.5977 0.9430
3669.4417 0.9437
3670.2859 0.9334
3671.1321 0.9169
3671.9768 0.9079
3672.8235 0.9146
3673.6685 0.9330
3674.5156 0.9499
3675.3608 0.9534
3676.2063 0.9480
3677.0542 0.9436
3677.8999 0.9365
3678.7480 0.9215
3679.5945 0.9025
3680.4429 0.8930
3681.2896 0.8971
3682.1365 0.9047
3682.9856 0.9127
3683.8328 0.9196
3684.6824 0.9234
3685.5300 0.9235
3686.3799 0.9188
3687.2278 0.9079
3688.0781 0.8953
3688.9265 0.8879
3689.7751 0.8919
3690.6260 0.9088
3691.4751 0.9298
3692.3264 0.9438
3693.1758 0.9502
3694.0273 0.9530
3694.8772 0.9546
3695.7273 0.9531
3696.5793 0.9491
3697.4299 0.9462
3698.2825 0.9405
3699.1333 0.9330
3699.9863 0.9344
3700.8374 0.9569
3701.6887 0.9886
3702.5425 1.0046
3703.3943 0.9990
3704.2483 0.9758
3705.1003 0.9421
3705.9548 0.9082
3706.8074 0.8898
3707.6599 0.8913
3708.5149 0.9087
3709.3682 0.9331
3710.2234 0.9531
3711.0771 0.9570
3711.9329 0.9417
3712.7866 0.9163
3713.6409 0.8956
3714.4973 0.8950
3715.3518 0.9228
3716.2085 0.9700
3717.0635 1.0082
3717.9204 1.0391
3718.7759 1.0698
3719.6313 1.0925
3720.4890 1.0885
3721.3450 1.0487
3722.2031 0.9856
3723.0593 0.9183
3723.9180 0.8717
3724.7747 0.8656
3725.6316 0.9046
3726.4905 0.9687
3727.3479 1.0290
3728.2073 1.0593
3729.0649 1.0581
3729.9250 1.0494
3730.7830 1.0610
3731.6414 1.0863
3732.5017 1.0822
3733.3604 1.0445
3734.2214 0.9850
3735.0803 0.9176
3735.9417 0.8595
3736.8013 0.8325
3737.6609 0.8493
3738.5227 0.8936
3739.3828 0.9506
3740.2451 1.0122
3741.1055 1.0719
3741.9683 1.1213
3742.8291 1.1548
3743.6899 1.1642
3744.5532 1.1508
3745.4148 1.1259
3746.2786 1.1017
3747.1404 1.0784
3748.0044 1.0432
3748.8667 1.0014
3749.7290 0.9512
3750.5938 0.8937
3751.4565 0.8428
3752.3215 0.8266
3753.1848 0.8629
3754.0503 0.9342
3754.9138 1.0133
3755.7798 1.0831
3756.6438 1.1394
3757.5081 1.1820
3758.3745 1.1951
3759.2390 1.1695
3760.1060 1.1304
3760.9709 1.1061
3761.8381 1.1086
3762.7036 1.1267
3763.5693 1.1488
3764.4370 1.1748
3765.3032 1.1957
3766.1714 1.2045
3767.0378 1.1989
3767.9065 1.1767
3768.7732 1.1322
3769.6401 1.0790
3770.5095 1.0224
3771.3770 0.9635
3772.2466 0.9109
3773.1145 0.8916
3773.9844 0.9288
3774.8528 0.9937
3775.7209 1.0523
3776.5918 1.0921
3777.4604 1.1231
3778.3315 1.1624
3779.2009 1.2137
3780.0723 1.2638
3780.9419 1.3091
3781.8118 1.3511
3782.6838 1.3863
3783.5540 1.4031
3784.4265 1.4017
3785.2971 1.4031
3786.1699 1.4110
3787.0410 1.4069
3787.9121 1.3684
3788.7856 1.3040
3789.6572 1.2636
3790.5310 1.2471
3791.4031 1.2401
3792.2773 1.2367
3793.1499 1.2371
3794.0225 1.2330
3794.8972 1.2066
3795.7703 1.1576
3796.6455 1.0994
3797.5190 1.0426
3798.3948 0.9878
3799.2686 0.9299
3800.1426 0.8876
3801.0188 0.8982
3801.8933 0.9593
3802.7700 1.0445
3803.6448 1.1265
3804.5220 1.1989
3805.3972 1.2676
3806.2727 1.3142
3807.1504 1.3300
3808.0261 1.3226
3808.9043 1.3135
3809.7805 1.3304
3810.6589 1.3879
3811.5356 1.4596
3812.4126 1.5175
3813.2917 1.5418
3814.1689 1.5204
3815.0483 1.4539
3815.9260 1.3799
3816.8059 1.3462
3817.6841 1.3603
3818.5623 1.4084
3819.4429 1.4676
3820.3215 1.5067
3821.2024 1.4992
3822.0815 1.4598
3822.9629 1.4321
3823.8423 1.4409
3824.7241 1.4669
3825.6040 1.4528
3826.4841 1.3846
3827.3665 1.3251
3828.2468 1.2941
3829.1296 1.2803
3830.0105 1.2680
3830.8938 1.2543
3831.7751 1.2378
3832.6565 1.2103
3833.5403 1.1638
3834.4224 1.0992
3835.3064 1.0269
3836.1887 0.9611
3837.0735 0.9095
3837.9561 0.8957
3838.8391 0.9270
3839.7244 0.9868
3840.6077 1.0476
3841.4932 1.0967
3842.3770 1.1428
3843.2629 1.2021
3844.1472 1.2737
3845.0315 1.3412
3845.9182 1.3858
3846.8030 1.4051
3847.6899 1.4103
3848.5752 1.4296
3849.4626 1.4660
3850.3481 1.4966
3851.2339 1.4969
3852.1221 1.4816
3853.0083 1.5061
3853.8967 1.5593
3854.7832 1.6038
3855.6721 1.6229
3856.5591 1.6222
3857.4463 1.6090
3858.3359 1.5997
3859.2234 1.6158
3860.1135 1.6289
3861.0015 1.6206
3861.8918 1.6126
3862.7803 1.6454
3863.6687 1.6950
3864.5598 1.7167
3865.4487 1.7167
3866.3401 1.7154
3867.2297 1.7190
3868.1213 1.7174
3869.0112 1.7186
3869.9014 1.7398
3870.7937 1.7698
3871.6841 1.7849
3872.5769 1.7618
3873.4678 1.6890
3874.3611 1.5807
3875.2524 1.5131
3876.1438 1.5239
3877.0376 1.5887
3877.9297 1.6447
3878.8237 1.6404
3879.7161 1.5682
3880.6108 1.4935
3881.5037 1.4753
3882.3965 1.5059
3883.2917 1.5233
3884.1851 1.4824
3885.0808 1.4196
3885.9746 1.3601
3886.8706 1.2953
3887.7649 1.2171
3888.6592 1.1325
3889.5559 1.0554
3890.4507 0.9867
3891.3479 0.9484
3892.2429 0.9634
3893.1406 1.0290
3894.0361 1.1167
3894.9341 1.1948
3895.8301 1.2514
3896.7263 1.2927
3897.6250 1.3271
3898.5215 1.3602
3899.4207 1.3907
3900.3176 1.4101
3901.2170 1.4219
3902.1145 1.4551
3903.0122 1.5163
3903.9121 1.5781
3904.8103 1.6027
3905.7107 1.5892
3906.6094 1.5802
3907.5100 1.5544
3908.4089 1.5248
3909.3081 1.5265
3910.2097 1.5801
3911.1091 1.6586
3912.0110 1.7288
3912.9111 1.7796
3913.8132 1.8007
3914.7136 1.7876
3915.6143 1.7523
3916.5171 1.7258
3917.4182 1.7216
3918.3215 1.7070
3919.2229 1.6846
3920.1267 1.6692
3921.0286 1.6686
3921.9307 1.6833
3922.8350 1.7168
3923.7373 1.7699
3924.6421 1.8345
3925.5452 1.8970
3926.4502 1.9364
3927.3535 1.9287
3928.2571 1.8925
3929.1628 1.8630
3930.0667 1.8281
3930.9731 1.7741
3931.8774 1.7064
3932.7839 1.6332
3933.6887 1.5431
3934.5938 1.3978
3935.5010 1.2524
3936.4062 1.2061
3937.3142 1.3192
3938.2200 1.5259
3939.1279 1.6912
3940.0342 1.7820
3940.9407 1.8329
3941.8494 1.8681
3942.7561 1.8746
3943.6653 1.8261
3944.5725 1.7594
3945.4822 1.7063
3946.3899 1.6875
3947.2979 1.7157
3948.2080 1.7771
3949.1162 1.8078
3950.0269 1.7619
3950.9355 1.7013
3951.8467 1.6694
3952.7559 1.6672
3953.6650 1.6701
3954.5769 1.6625
3955.4866 1.6773
3956.3987 1.7078
3957.3088 1.7049
3958.2214 1.6540
3959.1321 1.5999
3960.0449 1.6065
3960.9561 1.6575
3961.8672 1.6817
3962.7808 1.6510
3963.6924 1.5818
3964.6064 1.5127
3965.5186 1.4694
3966.4329 1.4340
3967.3455 1.3816
3968.2581 1.2972
3969.1731 1.1813
3970.0862 1.0504
3971.0017 0.9390
3971.9153 0.8943
3972.8313 0.9280
3973.7451 1.0155
3974.6592 1.1207
3975.5759 1.2142
3976.4905 1.2897
3977.4075 1.3617
3978.3225 1.4204
3979.2397 1.4685
3980.1553 1.5185
3981.0708 1.5795
3981.9888 1.6404
3982.9050 1.6702
3983.8232 1.6570
3984.7397 1.6320
3985.6587 1.6291
3986.5757 1.6601
3987.4927 1.7092
3988.4121 1.7508
3989.3298 1.7816
3990.2498 1.8007
3991.1677 1.8058
3992.0879 1.8012
3993.0063 1.8075
3993.9250 1.8345
3994.8459 1.8631
3995.7649 1.8732
3996.6863 1.8554
3997.6057 1.8132
3998.5276 1.7638
3999.4475 1.7291
4000.3674 1.7451
4001.2900 1.8110
4002.2104 1.8887
4003.1333 1.9305
4004.0544 1.9264
4004.9775 1.9157
4005.8989 1.8908
4006.8206 1.8358
4007.7446 1.7754
4008.6665 1.7668
4009.5908 1.8332
4010.5132 1.9136
4011.4380 1.9667
4012.3608 1.9895
4013.2839 1.9908
4014.2095 1.9792
4015.1328 1.9652
4016.0588 1.9627
4016.9827 1.9652
4017.9089 1.9689
4018.8333 1.9712
4019.7578 1.9758
4020.6848 2.0035
4021.6096 2.0585
4022.5371 2.0820
4023.4624 2.0576
4024.3901 2.0085
4025.3162 1.9659
4026.2422 1.9366
4027.1704 1.9326
4028.0969 1.9846
4029.0259 2.0526
4029.9526 2.0805
4030.8821 2.0425
4031.8093 1.9587
4032.7390 1.8536
4033.6667 1.7809
4034.5947 1.7671
4035.5251 1.8071
4036.4534 1.8750
4037.3843 1.9416
4038.3130 1.9959
4039.2441 2.0400
4040.1736 2.0662
4041.1030 2.0668
4042.0347 2.0395
4042.9646 1.9930
4043.8970 1.9713
4044.8271 1.9757
4045.7600 1.9605
4046.6907 1.9005
4047.6216 1.8294
4048.5549 1.8296
4049.4863 1.9275
4050.4202 2.0059
4051.3521 2.0242
4052.2861 2.0085
4053.2185 1.9930
4054.1509 1.9690
4055.0857 1.9249
4056.0186 1.8812
4056.9539 1.8608
4057.8872 1.8714
4058.8230 1.8973
4059.7566 1.9070
4060.6907 1.9138
4061.6270 1.9437
4062.5613 1.9707
4063.4983 1.9582
4064.4331 1.8952
4065.3701 1.8196
4066.3054 1.8149
4067.2410 1.8667
4068.1787 1.8974
4069.1147 1.8755
4070.0530 1.8466
4070.9893 1.8745
4071.9280 1.9082
4072.8647 1.8875
4073.8018 1.8415
4074.7412 1.8169
4075.6787 1.8236
4076.6184 1.8203
4077.5562 1.7691
4078.4966 1.6724
4079.4348 1.5791
4080.3733 1.5486
4081.3142 1.6074
4082.2532 1.7083
4083.1943 1.7861
4084.1338 1.8172
4085.0757 1.7984
4086.0154 1.7475
4086.9553 1.6962
4087.8977 1.6686
4088.8381 1.6733
4089.7810 1.7011
4090.7219 1.7285
4091.6653 1.7378
4092.6064 1.7261
4093.5481 1.7034
4094.4919 1.6777
4095.4338 1.6537
4096.3784 1.6244
4097.3208 1.5800
4098.2656 1.5187
4099.2085 1.4521
4100.1514 1.3854
4101.0967 1.3124
4102.0400 1.2261
4102.9863 1.1305
4103.9302 1.0525
4104.8765 1.0422
4105.8208 1.1140
4106.7676 1.2177
4107.7124 1.3136
4108.6572 1.3851
4109.6045 1.4328
4110.5503 1.4680
4111.4980 1.4913
4112.4438 1.5123
4113.3921 1.5430
4114.3384 1.5853
4115.2852 1.6303
4116.2339 1.6709
4117.1807 1.7102
4118.1304 1.7460
4119.0776 1.7570
4120.0273 1.7298
4120.9751 1.6827
4121.9233 1.6670
4122.8740 1.6911
4123.8223 1.7044
4124.7734 1.7010
4125.7222 1.7040
4126.6733 1.7303
4127.6230 1.7614
4128.5723 1.7593
4129.5244 1.7244
4130.4746 1.6882
4131.4268 1.6752
4132.3774 1.6826
4133.3301 1.6801
4134.2812 1.6655
4135.2324 1.6736
4136.1855 1.7155
4137.1372 1.7802
4138.0913 1.8426
4139.0435 1.8742
4139.9976 1.8875
4140.9502 1.9277
4141.9028 1.9759
4142.8579 1.9905
4143.8110 1.9443
4144.7666 1.8470
4145.7202 1.7627
4146.6758 1.7601
4147.6299 1.8179
4148.5840 1.8808
4149.5405 1.9104
4150.4951 1.9090
4151.4526 1.8820
4152.4072 1.8612
4153.3647 1.8604
4154.3203 1.8671
4155.2764 1.8555
4156.2344 1.8164
4157.1904 1.7790
4158.1489 1.7665
4159.1055 1.7775
4160.0649 1.8042
4161.0220 1.8371
4161.9790 1.8577
4162.9390 1.8566
4163.8965 1.8599
4164.8564 1.8853
4165.8149 1.9228
4166.7754 1.9460
4167.7339 1.9463
4168.6929 1.9231
4169.6538 1.9043
4170.6133 1.9104
4171.5752 1.9241
4172.5347 1.8977
4173.4971 1.8062
4174.4570 1.7054
4175.4175 1.6642
4176.3799 1.6898
4177.3408 1.7438
4178.3042 1.7720
4179.2651 1.7461
4180.2290 1.6994
4181.1909 1.7003
4182.1548 1.7564
4183.1172 1.8174
4184.0796 1.8239
4185.0444 1.7876
4186.0068 1.7735
4186.9722 1.7907
4187.9355 1.8122
4188.9014 1.8041
4189.8647 1.7660
4190.8286 1.7655
4191.7949 1.8239
4192.7593 1.8609
4193.7261 1.8664
4194.6909 1.8771
4195.6582 1.9134
4196.6235 1.9265
4197.5889 1.8747
4198.5571 1.8137
4199.5229 1.7612
4200.4912 1.7159
4201.4575 1.6973
4202.4263 1.7438
4203.3931 1.7781
4204.3599 1.7698
4205.3296 1.7564
4206.2969 1.7584
4207.2671 1.7641
4208.2349 1.7844
4209.2051 1.8297
4210.1738 1.8622
4211.1421 1.8700
4212.1133 1.8695
4213.0820 1.8869
4214.0537 1.9300
4215.0229 1.9618
4215.9951 1.9468
4216.9648 1.8827
4217.9351 1.8080
4218.9077 1.7828
4219.8784 1.8296
4220.8516 1.8715
4221.8223 1.8818
4222.7959 1.8813
4223.7676 1.8816
4224.7393 1.8697
4225.7134 1.8342
4226.6855 1.7723
4227.6602 1.6994
4228.6328 1.6539
4229.6079 1.6713
4230.5806 1.7584
4231.5542 1.8688
4232.5298 1.9284
4233.5034 1.9262
4234.4800 1.8681
4235.4541 1.7873
4236.4307 1.7379
4237.4053 1.7435
4238.3799 1.7582
4239.3574 1.7714
4240.3325 1.7677
4241.3105 1.7526
4242.2861 1.7595
4243.2642 1.8085
4244.2407 1.8429
4245.2168 1.8543
4246.1958 1.8559
4247.1729 1.8459
4248.1519 1.8130
4249.1294 1.7760
4250.1094 1.7742
4251.0869 1.7897
4252.0649 1.7871
4253.0454 1.7680
4254.0239 1.7683
4255.0049 1.7982
4255.9834 1.8099
4256.9648 1.8158
4257.9443 1.8325
4258.9263 1.8510
4259.9058 1.8456
4260.8857 1.8105
4261.8687 1.7653
4262.8491 1.7345
4263.8320 1.7436
4264.8130 1.7907
4265.7964 1.8448
4266.7778 1.8802
4267.7593 1.9023
4268.7432 1.9047
4269.7256 1.8849
4270.7100 1.8502
4271.6924 1.8112
4272.6772 1.7663
4273.6606 1.7132
4274.6436 1.6995
4275.6294 1.7231
4276.6128 1.7516
4277.5991 1.7678
4278.5830 1.8015
4279.5698 1.8440
4280.5542 1.8610
4281.5391 1.8564
4282.5264 1.8451
4283.5117 1.8317
4284.4990 1.8138
4285.4849 1.7996
4286.4731 1.7932
4287.4590 1.7925
4288.4453 1.7912
4289.4346 1.7791
4290.4214 1.7435
4291.4106 1.6844
4292.3979 1.6463
4293.3877 1.6728
4294.3755 1.7488
4295.3633 1.8053
4296.3535 1.7989
4297.3423 1.7704
4298.3330 1.7384
4299.3218 1.7150
4300.3135 1.6951
4301.3027 1.6595
4302.2920 1.6065
4303.2842 1.5931
4304.2744 1.5993
4305.2666 1.6138
4306.2573 1.6387
4307.2500 1.6696
4308.2412 1.6810
4309.2319 1.6723
4310.2261 1.6451
4311.2173 1.6272
4312.2114 1.6488
4313.2036 1.7094
4314.1982 1.7538
4315.1904 1.7288
4316.1836 1.6696
4317.1787 1.6283
4318.1719 1.6358
4319.1675 1.6833
4320.1611 1.7211
4321.1572 1.7272
4322.1514 1.7087
4323.1460 1.6838
4324.1426 1.6715
4325.1377 1.6774
4326.1348 1.6709
4327.1299 1.6111
4328.1279 1.5393
4329.1235 1.5105
4330.1196 1.5334
4331.1182 1.5638
4332.1143 1.5557
4333.1133 1.5210
4334.1104 1.4900
4335.1099 1.4638
4336.1069 1.4341
4337.1069 1.3987
4338.1045 1.3559
4339.1025 1.2847
4340.1030 1.1969
4341.1016 1.1101
4342.1025 1.0371
4343.1016 0.9966
4344.1030 1.0241
4345.1025 1.1029
4346.1021 1.1814
4347.1040 1.2503
4348.1040 1.3161
4349.1069 1.3764
4350.1074 1.4234
4351.1104 1.4615
4352.1113 1.4747
4353.1128 1.4551
4354.1167 1.4275
4355.1182 1.4400
4356.1226 1.5106
4357.1245 1.5811
4358.1294 1.6269
4359.1318 1.6422
4360.1348 1.6290
4361.1401 1.6036
4362.1436 1.6021
4363.1494 1.6314
4364.1528 1.6618
4365.1592 1.6876
4366.1636 1.7130
4367.1680 1.7347
4368.1753 1.7409
4369.1802 1.7172
4370.1875 1.6775
4371.1929 1.6505
4372.2007 1.6530
4373.2065 1.6826
4374.2129 1.7227
4375.2212 1.7346
4376.2280 1.6982
4377.2368 1.6510
4378.2441 1.6441
4379.2534 1.6957
4380.2612 1.7581
4381.2686 1.7791
4382.2793 1.7760
4383.2871 1.7628
4384.2979 1.7298
4385.3066 1.6604
4386.3179 1.5741
4387.3267 1.5433
4388.3359 1.5765
4389.3481 1.6316
4390.3579 1.6728
4391.3701 1.6929
4392.3804 1.6989
4393.3936 1.6931
4394.4043 1.7018
4395.4150 1.7091
4396.4287 1.6895
4397.4399 1.6526
4398.4541 1.6592
4399.4658 1.7048
4400.4805 1.7217
4401.4927 1.7004
4402.5054 1.6654
4403.5205 1.6467
4404.5337 1.6685
4405.5493 1.6985
4406.5625 1.7009
4407.5786 1.7004
4408.5928 1.7159
4409.6069 1.7245
4410.6240 1.6977
4411.6387 1.6853
4412.6558 1.6968
4413.6709 1.7186
4414.6885 1.7376
4415.7041 1.7410
4416.7227 1.7079
4417.7388 1.6647
4418.7549 1.6353
4419.7739 1.6228
4420.7905 1.6352
4421.8101 1.6827
4422.8271 1.7340
4423.8472 1.7340
4424.8647 1.7064
4425.8828 1.6959
4426.9033 1.7178
4427.9219 1.7467
4428.9429 1.7439
4429.9619 1.7198
4430.9834 1.7018
4432.0024 1.6873
4433.0220 1.6759
4434.0444 1.6786
4435.0645 1.6851
4436.0874 1.6723
4437.1079 1.6641
4438.1309 1.6755
4439.1519 1.7049
4440.1733 1.7398
4441.1968 1.7639
4442.2188 1.7647
4443.2432 1.7302
4444.2651 1.6643
4445.2900 1.5921
4446.3125 1.5592
4447.3354 1.6024
4448.3613 1.6673
4449.3843 1.6954
4450.4106 1.6964
4451.4341 1.6896
4452.4609 1.6734
4453.4849 1.6547
4454.5098 1.6695
4455.5366 1.6807
4456.5615 1.6618
4457.5894 1.6293
4458.6147 1.6216
4459.6431 1.6351
4460.6689 1.6203
4461.6953 1.5992
4462.7241 1.5857
4463.7505 1.5767
4464.7798 1.5740
4465.8071 1.6009
4466.8369 1.6280
4467.8643 1.6361
4468.8921 1.6265
4469.9229 1.6046
4470.9512 1.5770
4471.9819 1.5624
4473.0107 1.5807
4474.0425 1.6179
4475.0718 1.6556
4476.1011 1.6848
4477.1333 1.7007
4478.1631 1.6957
4479.1958 1.6986
4480.2266 1.7112
4481.2593 1.6968
4482.2905 1.6323
4483.3213 1.5437
4484.3555 1.5009
4485.3872 1.5452
4486.4214 1.6122
4487.4536 1.6623
4488.4883 1.6874
4489.5210 1.6868
4490.5537 1.6533
4491.5889 1.6079
4492.6226 1.5883
4493.6582 1.6011
4494.6919 1.6313
4495.7285 1.6541
4496.7627 1.6469
4497.7998 1.6420
4498.8345 1.6525
4499.8696 1.6702
4500.9072 1.6841
4501.9424 1.6844
4502.9805 1.6596
4504.0166 1.6404
4505.0552 1.6631
4506.0913 1.7076
4507.1279 1.7385
4508.1675 1.7394
4509.2046 1.7169
4510.2446 1.6781
4511.2822 1.6613
4512.3223 1.6775
4513.3604 1.7062
4514.3984 1.7165
4515.4395 1.7050
4516.4785 1.6722
4517.5200 1.6355
4518.5591 1.6224
4519.6011 1.6373
4520.6406 1.6544
4521.6807 1.6495
4522.7236 1.6320
4523.7642 1.6099
4524.8071 1.5862
4525.8481 1.5725
4526.8916 1.5796
4527.9331 1.5869
4528.9746 1.5891
4530.0190 1.5806
4531.0610 1.5633
4532.1060 1.5523
4533.1489 1.5629
4534.1938 1.5804
4535.2373 1.5733
4536.2803 1.5474
4537.3267 1.5454
4538.3701 1.5876
4539.4170 1.6456
4540.4609 1.6736
4541.5083 1.6587
4542.5527 1.6237
4543.5981 1.5995
4544.6455 1.6039
4545.6909 1.6281
4546.7393 1.6377
4547.7852 1.6290
4548.8340 1.6176
4549.8804 1.5976
4550.9272 1.5580
4551.9766 1.5113
4553.0239 1.5077
4554.0737 1.5559
4555.1216 1.5763
4556.1719 1.5468
4557.2197 1.4992
4558.2686 1.4830
4559.3193 1.5185
4560.3682 1.5556
4561.4199 1.5773
4562.4692 1.5975
4563.5215 1.6197
4564.5713 1.6237
4565.6211 1.5972
4566.6743 1.5649
4567.7246 1.5580
4568.7778 1.5801
4569.8291 1.6170
4570.8828 1.6488
4571.9341 1.6606
4572.9888 1.6436
4574.0405 1.6043
4575.0928 1.5837
4576.1479 1.6019
4577.2007 1.6300
4578.2559 1.6257
4579.3091 1.6184
4580.3652 1.6218
4581.4189 1.6179
4582.4731 1.5962
4583.5298 1.5681
4584.5840 1.5406
4585.6411 1.5077
4586.6963 1.5080
4587.7539 1.5448
4588.8091 1.5856
4589.8647 1.5936
4590.9233 1.5775
4591.9795 1.5718
4593.0386 1.5647
4594.0952 1.5479
4595.1543 1.5337
4596.2114 1.5412
4597.2690 1.5583
4598.3291 1.5632
4599.3867 1.5707
4600.4473 1.5801
4601.5059 1.5823
4602.5669 1.5753
4603.6255 1.5694
4604.6846 1.5764
4605.7466 1.5831
4606.8062 1.5818
4607.8687 1.5772
4608.9287 1.5813
4609.9912 1.5994
4611.0518 1.6227
4612.1128 1.6334
4613.1763 1.6250
4614.2373 1.6070
4615.3013 1.5960
4616.3633 1.5942
4617.4277 1.5929
4618.4897 1.5842
4619.5522 1.5714
4620.6177 1.5560
4621.6807 1.5387
4622.7466 1.5393
4623.8096 1.5708
4624.8760 1.6050
4625.9399 1.6220
4627.0044 1.6167
4628.0713 1.5986
4629.1357 1.5908
4630.2031 1.5803
4631.2686 1.5565
4632.3364 1.5466
4633.4023 1.5671
4634.4678 1.5941
4635.5366 1.5895
4636.6030 1.5677
4637.6724 1.5585
4638.7393 1.5641
4639.8091 1.5729
4640.8765 1.5778
4641.9438 1.5857
4643.0142 1.5914
4644.0825 1.5939
4645.1533 1.5916
4646.2222 1.5850
4647.2935 1.5746
4648.3623 1.5524
4649.4316 1.5212
4650.5039 1.5075
4651.5737 1.5212
4652.6465 1.5514
4653.7168 1.5760
4654.7900 1.5841
4655.8608 1.5810
4656.9346 1.5659
4658.0059 1.5502
4659.0771 1.5463
4660.1519 1.5592
4661.2236 1.5885
4662.2983 1.6084
4663.3711 1.6079
4664.4463 1.5939
4665.5195 1.5755
4666.5928 1.5581
4667.6689 1.5432
4668.7427 1.5017
4669.8193 1.4599
4670.8936 1.4535
4671.9707 1.4874
4673.0454 1.5319
4674.1206 1.5582
4675.1982 1.5594
4676.2739 1.5610
4677.3521 1.5750
4678.4282 1.5940
4679.5073 1.5986
4680.5835 1.5772
4681.6602 1.5521
4682.7397 1.5472
4683.8174 1.5584
4684.8975 1.5737
4685.9751 1.5873
4687.0557 1.5975
4688.1338 1.5980
4689.2124 1.5945
4690.2935 1.5902
4691.3726 1.5846
4692.4546 1.5760
4693.5342 1.5653
4694.6162 1.5598
4695.6963 1.5642
4696.7764 1.5741
4697.8594 1.5834
4698.9404 1.5870
4700.0239 1.5777
4701.1050 1.5566
4702.1890 1.5400
4703.2710 1.5295
4704.3530 1.5168
4705.4375 1.4998
4706.5200 1.4995
4707.6055 1.5224
4708.6885 1.5336
4709.7744 1.5244
4710.8579 1.5107
4711.9414 1.5128
4713.0283 1.5332
4714.1123 1.5538
4715.1992 1.5547
4716.2842 1.5356
4717.3716 1.5155
4718.4570 1.5181
4719.5425 1.5424
4720.6309 1.5601
4721.7168 1.5688
4722.8057 1.5700
4723.8921 1.5653
4724.9814 1.5599
4726.0684 1.5640
4727.1553 1.5757
4728.2456 1.5784
4729.3335 1.5633
4730.4238 1.5368
4731.5122 1.5151
4732.6030 1.5046
4733.6919 1.4924
4734.7808 1.4960
4735.8726 1.5170
4736.9624 1.5388
4738.0547 1.5405
4739.1445 1.5215
4740.2373 1.5191
4741.3276 1.5335
4742.4214 1.5433
4743.5122 1.5407
4744.6035 1.5393
4745.6973 1.5447
4746.7891 1.5433
4747.8838 1.5396
4748.9761 1.5376
4750.0713 1.5349
4751.1641 1.5292
4752.2568 1.5315
4753.3525 1.5356
4754.4463 1.5289
4755.5425 1.5149
4756.6367 1.5017
4757.7334 1.4920
4758.8281 1.4870
4759.9229 1.4994
4761.0205 1.5230
4762.1157 1.5399
4763.2139 1.5371
4764.3096 1.5156
4765.4082 1.4894
4766.5044 1.4730
4767.6011 1.4667
4768.7002 1.4711
4769.7974 1.4859
4770.8975 1.5058
4771.9951 1.5224
4773.0952 1.5272
4774.1934 1.5207
4775.2915 1.5168
4776.3926 1.5247
4777.4917 1.5382
4778.5933 1.5441
4779.6924 1.5470
4780.7949 1.5462
4781.8945 1.5377
4782.9946 1.5276
4784.0977 1.5278
4785.1982 1.5269
4786.3018 1.5169
4787.4028 1.5084
4788.5068 1.4963
4789.6084 1.4828
4790.7100 1.4829
4791.8149 1.4888
4792.9170 1.4927
4794.0225 1.5036
4795.1255 1.5176
4796.2310 1.5299
4797.3345 1.5411
4798.4380 1.5449
4799.5444 1.5383
4800.6489 1.5254
4801.7559 1.5125
4802.8604 1.5044
4803.9678 1.5043
4805.0732 1.5108
4806.1782 1.5078
4807.2866 1.4934
4808.3926 1.4823
4809.5015 1.4832
4810.6079 1.4878
4811.7173 1.4858
4812.8242 1.4787
4813.9312 1.4723
4815.0415 1.4736
4816.1489 1.4846
4817.2598 1.4997
4818.3677 1.5094
4819.4790 1.5113
4820.5879 1.5101
4821.6968 1.5094
4822.8086 1.5081
4823.9180 1.4999
4825.0303 1.4766
4826.1401 1.4339
4827.2534 1.4152
4828.3638 1.4322
4829.4771 1.4609
4830.5884 1.4685
4831.6992 1.4550
4832.8135 1.4464
4833.9253 1.4434
4835.0400 1.4428
4836.1523 1.4448
4837.2676 1.4473
4838.3804 1.4384
4839.4937 1.4290
4840.6094 1.4228
4841.7231 1.4137
4842.8394 1.4029
4843.9536 1.4006
4845.0708 1.4011
4846.1851 1.3942
4847.3003 1.3901
4848.4180 1.3853
4849.5332 1.3691
4850.6514 1.3393
4851.7676 1.3158
4852.8862 1.3152
4854.0024 1.3140
4855.1191 1.2983
4856.2388 1.2668
4857.3560 1.2239
4858.4761 1.1800
4859.5938 1.1569
4860.7144 1.1335
4861.8325 1.0881
4862.9512 1.0209
4864.0723 0.9639
4865.1914 0.9681
4866.3135 1.0244
4867.4326 1.0858
4868.5552 1.1375
4869.6753 1.1827
4870.7954 1.2206
4871.9189 1.2461
4873.0396 1.2469
4874.1631 1.2370
4875.2847 1.2419
4876.4087 1.2690
4877.5308 1.2982
4878.6528 1.3090
4879.7778 1.3153
4880.9004 1.3335
4882.0259 1.3616
4883.1489 1.3850
4884.2749 1.3880
4885.3984 1.3699
4886.5225 1.3492
4887.6494 1.3438
4888.7734 1.3529
4889.9009 1.3659
4891.0259 1.3734
4892.1538 1.3717
4893.2793 1.3531
4894.4048 1.3493
4895.5337 1.3761
4896.6597 1.4185
4897.7891 1.4471
4898.9155 1.4583
4900.0454 1.4590
4901.1724 1.4460
4902.2998 1.4214
4903.4307 1.4038
4904.5586 1.4120
4905.6895 1.4211
4906.8179 1.4189
4907.9497 1.4324
4909.0786 1.4542
4910.2080 1.4636
4911.3403 1.4509
4912.4702 1.4173
4913.6030 1.3886
4914.7334 1.3929
4915.8667 1.4186
4916.9976 1.4431
4918.1313 1.4568
4919.2627 1.4556
4920.3945 1.4207
4921.5288 1.3737
4922.6611 1.3410
4923.7964 1.3366
4924.9292 1.3531
4926.0649 1.3609
4927.1978 1.3625
4928.3315 1.3927
4929.4678 1.4339
4930.6021 1.4577
4931.7388 1.4640
4932.8735 1.4657
4934.0107 1.4625
4935.1460 1.4408
4936.2812 1.4033
4937.4194 1.3776
4938.5557 1.3902
4939.6943 1.4023
4940.8306 1.3848
4941.9702 1.3777
4943.1069 1.4014
4944.2441 1.4396
4945.3843 1.4612
4946.5220 1.4634
4947.6626 1.4536
4948.8008 1.4398
4949.9419 1.4366
4951.0806 1.4458
4952.2197 1.4522
4953.3618 1.4511
4954.5010 1.4432
4955.6436 1.4325
4956.7837 1.4298
4957.9268 1.4339
4959.0674 1.4224
4960.2080 1.3813
4961.3521 1.3863
4962.4932 1.4282
4963.6377 1.4617
4964.7793 1.4671
4965.9243 1.4635
4967.0669 1.4597
4968.2095 1.4441
4969.3550 1.4289
4970.4980 1.4225
4971.6445 1.4222
4972.7881 1.4201
4973.9351 1.4183
4975.0791 1.4265
4976.2236 1.4381
4977.3711 1.4491
4978.5161 1.4555
4979.6641 1.4508
4980.8096 1.4361
4981.9585 1.4184
4983.1045 1.4000
4984.2510 1.3719
4985.4004 1.3321
4986.5469 1.3007
4987.6968 1.3125
4988.8442 1.3570
4989.9946 1.4024
4991.1426 1.4254
4992.2910 1.4220
4993.4419 1.4074
4994.5908 1.4003
4995.7427 1.3977
4996.8921 1.4002
4998.0439 1.4108
4999.1938 1.4239
5000.3438 1.4247
5001.4971 1.4114
5002.6475 1.3883
5003.8013 1.3683
5004.9521 1.3625
5006.1064 1.3713
5007.2583 1.3766
5008.4126 1.3503
5009.5649 1.3353
5010.7173 1.3592
5011.8730 1.3934
5013.0259 1.4018
5014.1816 1.3808
5015.3354 1.3559
5016.4917 1.3478
5017.6460 1.3542
5018.8003 1.3600
5019.9575 1.3453
5021.1123 1.3111
5022.2700 1.3192
5023.4258 1.3606
5024.5840 1.3804
5025.7397 1.3851
5026.8960 1.3985
5028.0552 1.4130
5029.2119 1.4032
5030.3716 1.3801
5031.5288 1.3791
5032.6890 1.3980
5033.8472 1.4159
5035.0049 1.4216
5036.1660 1.4210
5037.3247 1.3990
5038.4863 1.3700
5039.6455 1.3607
5040.8076 1.3719
5041.9668 1.3715
5043.1270 1.3477
5044.2900 1.3259
5045.4502 1.3400
5046.6138 1.3769
5047.7749 1.4075
5048.9390 1.4175
5050.1001 1.4051
5051.2622 1.3738
5052.4268 1.3540
5053.5894 1.3533
5054.7544 1.3646
5055.9175 1.3813
5057.0830 1.3979
5058.2466 1.3955
5059.4102 1.3901
5060.5771 1.3954
5061.7412 1.4089
5062.9082 1.4180
5064.0732 1.4200
5065.2407 1.4205
5066.4062 1.4096
5067.5718 1.3871
5068.7402 1.3683
5069.9062 1.3685
5071.0752 1.3694
5072.2417 1.3746
5073.4116 1.3811
5074.5786 1.3759
5075.7461 1.3616
5076.9165 1.3566
5078.0845 1.3528
5079.2554 1.3596
5080.4238 1.3632
5081.5957 1.3432
5082.7646 1.3069
5083.9336 1.2940
5085.1060 1.3183
5086.2759 1.3334
5087.4487 1.3483
5088.6191 1.3648
5089.7925 1.3710
5090.9634 1.3636
5092.1348 1.3705
5093.3091 1.3781
5094.4805 1.3846
5095.6553 1.3907
5096.8276 1.3954
5098.0029 1.3936
5099.1758 1.3748
5100.3516 1.3387
5101.5249 1.3071
5102.6987 1.2978
5103.8750 1.3171
5105.0493 1.3547
5106.2266 1.3781
5107.4014 1.3832
5108.5791 1.3777
5109.7544 1.3653
5110.9297 1.3519
5112.1084 1.3469
5113.2842 1.3480
5114.4634 1.3642
5115.6401 1.3819
5116.8198 1.3850
5117.9966 1.3748
5119.1743 1.3711
5120.3545 1.3835
5121.5327 1.3873
5122.7134 1.3811
5123.8921 1.3697
5125.0737 1.3536
5126.2524 1.3318
5127.4321 1.3159
5128.6143 1.3183
5129.7939 1.3283
5130.9771 1.3318
5132.1572 1.3272
5133.3408 1.3268
5134.5220 1.3345
5135.7031 1.3287
5136.8872 1.3289
5138.0688 1.3390
5139.2539 1.3420
5140.4360 1.3228
5141.6216 1.3063
5142.8042 1.3092
5143.9873 1.3189
5145.1738 1.3186
5146.3574 1.3166
5147.5439 1.3335
5148.7280 1.3342
5149.9155 1.3178
5151.1001 1.3162
5152.2852 1.3300
5153.4731 1.3423
5154.6587 1.3423
5155.8477 1.3323
5157.0337 1.3146
5158.2227 1.3106
5159.4097 1.3248
5160.5962 1.3446
5161.7861 1.3553
5162.9736 1.3564
5164.1646 1.3436
5165.3525 1.3325
5166.5435 1.3338
5167.7319 1.3352
5168.9209 1.3088
5170.1128 1.2575
5171.3022 1.2220
5172.4946 1.2335
5173.6846 1.2643
5174.8779 1.2765
5176.0684 1.2768
5177.2588 1.3176
5178.4526 1.3498
5179.6440 1.3577
5180.8384 1.3572
5182.0303 1.3591
5183.2251 1.3555
5184.4175 1.3466
5185.6104 1.3106
5186.8062 1.2748
5187.9995 1.2735
5189.1958 1.3022
5190.3896 1.3169
5191.5864 1.3120
5192.7808 1.3159
5193.9780 1.3015
5195.1729 1.2798
5196.3682 1.2778
5197.5664 1.2909
5198.7622 1.2782
5199.9609 1.2706
5201.1572 1.2788
5202.3564 1.2962
5203.5532 1.3101
5204.7505 1.3117
5205.9507 1.3087
5207.1484 1.2912
5208.3491 1.2696
5209.5474 1.2654
5210.7485 1.2797
5211.9473 1.2919
5213.1460 1.3120
5214.3481 1.3289
5215.5479 1.3380
5216.7505 1.3328
5217.9507 1.3094
5219.1538 1.2797
5220.3545 1.2784
5221.5557 1.3025
5222.7598 1.3276
5223.9609 1.3422
5225.1655 1.3461
5226.3677 1.3413
5227.5728 1.3244
5228.7754 1.2735
5229.9785 1.2284
5231.1846 1.2316
5232.3877 1.2762
5233.5942 1.3069
5234.7983 1.3054
5236.0054 1.2779
5237.2100 1.2571
5238.4150 1.2595
5239.6230 1.2792
5240.8281 1.3004
5242.0366 1.3213
5243.2427 1.3330
5244.4517 1.3267
5245.6582 1.3129
5246.8652 1.3103
5248.0747 1.3235
5249.2822 1.3260
5250.4927 1.3178
5251.7007 1.3082
5252.9116 1.3004
5254.1201 1.2991
5255.3286 1.3090
5256.5405 1.3109
5257.7500 1.2997
5258.9624 1.2987
5260.1724 1.3112
5261.3853 1.3247
5262.5957 1.3279
5263.8062 1.3202
5265.0200 1.3003
5266.2310 1.2705
5267.4458 1.2427
5268.6572 1.2305
5269.8721 1.2379
5271.0845 1.2519
5272.2974 1.2363
5273.5132 1.2298
5274.7261 1.2444
5275.9424 1.2576
5277.1562 1.2450
5278.3730 1.2243
5279.5874 1.2401
5280.8047 1.2748
5282.0195 1.2920
5283.2349 1.2830
5284.4531 1.2724
5285.6689 1.2637
5286.8877 1.2524
5288.1040 1.2677
5289.3232 1.3000
5290.5400 1.3212
5291.7573 1.3222
5292.9775 1.3208
5294.1953 1.3183
5295.4160 1.3119
5296.6343 1.3056
5297.8555 1.3030
5299.0742 1.2972
5300.2935 1.2757
5301.5156 1.2663
5302.7354 1.2778
5303.9580 1.2881
5305.1782 1.2827
5306.4014 1.2787
5307.6221 1.2908
5308.8433 1.2917
5310.0674 1.2885
5311.2891 1.2890
5312.5137 1.2931
5313.7358 1.2967
5314.9614 1.2958
5316.1841 1.2881
5317.4072 1.2784
5318.6333 1.2607
5319.8569 1.2420
5321.0835 1.2492
5322.3076 1.2788
5323.5347 1.2911
5324.7598 1.2922
5325.9844 1.2814
5327.2129 1.2595
5328.4380 1.2437
5329.6670 1.2431
5330.8931 1.2168
5332.1221 1.2096
5333.3491 1.2385
5334.5757 1.2758
5335.8062 1.2843
5337.0337 1.2784
5338.2642 1.2711
5339.4922 1.2611
5340.7236 1.2534
5341.9521 1.2497
5343.1812 1.2441
5344.4131 1.2460
5345.6426 1.2650
5346.8755 1.2776
5348.1055 1.2748
5349.3389 1.2665
5350.5693 1.2658
5351.8003 1.2710
5353.0342 1.2738
5354.2656 1.2774
5355.5005 1.2779
5356.7324 1.2756
5357.9678 1.2818
5359.2002 1.2925
5360.4331 1.2958
5361.6694 1.2956
5362.9028 1.2931
5364.1392 1.2826
5365.3735 1.2607
5366.6108 1.2414
5367.8452 1.2351
5369.0801 1.2370
5370.3184 1.2391
5371.5537 1.2354
5372.7925 1.2235
5374.0283 1.2089
5375.2676 1.2241
5376.5039 1.2529
5377.7441 1.2734
5378.9810 1.2788
5380.2183 1.2761
5381.4590 1.2707
5382.6973 1.2638
5383.9385 1.2551
5385.1768 1.2451
5386.4189 1.2401
5387.6577 1.2499
5388.8975 1.2675
5390.1401 1.2718
5391.3799 1.2679
5392.6230 1.2598
5393.8638 1.2501
5395.1074 1.2440
5396.3486 1.2408
5397.5903 1.2507
5398.8350 1.2503
5400.0767 1.2370
5401.3223 1.2292
5402.5645 1.2393
5403.8105 1.2416
5405.0537 1.2402
5406.2969 1.2248
5407.5439 1.2037
5408.7876 1.1970
5410.0352 1.2141
5411.2798 1.2293
5412.5273 1.2199
5413.7725 1.2125
5415.0181 1.2233
5416.2666 1.2373
5417.5127 1.2289
5418.7617 1.2237
5420.0083 1.2421
5421.2583 1.2546
5422.5054 1.2534
5423.7529 1.2490
5425.0034 1.2450
5426.2515 1.2314
5427.5029 1.2104
5428.7515 1.2160
5430.0034 1.2386
5431.2524 1.2450
5432.5020 1.2253
5433.7549 1.2211
5435.0049 1.2331
5436.2578 1.2316
5437.5088 1.2229
5438.7627 1.2273
5440.0137 1.2455
5441.2651 1.2610
5442.5200 1.2656
5443.7720 1.2650
5445.0273 1.2636
5446.2798 1.2590
5447.5356 1.2432
5448.7891 1.2158
5450.0425 1.2045
5451.2993 1.2219
5452.5532 1.2480
5453.8105 1.2599
5455.0654 1.2579
5456.3232 1.2542
5457.5786 1.2318
5458.8340 1.2125
5460.0928 1.2197
5461.3486 1.2463
5462.6084 1.2575
5463.8647 1.2511
5465.1250 1.2284
5466.3823 1.2116
5467.6396 1.2144
5468.9004 1.2281
5470.1587 1.2325
5471.4199 1.2402
5472.6787 1.2479
5473.9404 1.2493
5475.1997 1.2414
5476.4624 1.2288
5477.7222 1.2174
5478.9824 1.1944
5480.2461 1.1750
5481.5068 1.1879
5482.7705 1.2131
5484.0322 1.2224
5485.2964 1.2240
5486.5586 1.2348
5487.8208 1.2420
5489.0859 1.2380
5490.3491 1.2280
5491.6147 1.2239
5492.8784 1.2327
5494.1450 1.2392
5495.4087 1.2373
5496.6729 1.2325
5497.9404 1.2305
5499.2056 1.2286
5500.4736 1.2208
5501.7388 1.2228
5503.0073 1.2292
5504.2734 1.2196
5505.5396 1.2054
5506.8096 1.2063
5508.0762 1.2171
5509.3462 1.2125
5510.6138 1.2081
5511.8843 1.2064
5513.1523 1.2059
5514.4209 1.2086
5515.6924 1.2189
5516.9614 1.2281
5518.2334 1.2334
5519.5029 1.2349
5520.7759 1.2346
5522.0459 1.2336
5523.3159 1.2311
5524.5898 1.2282
5525.8608 1.2286
5527.1348 1.2272
5528.4062 1.2225
5529.6812 1.2153
5530.9536 1.2062
5532.2256 1.2012
5533.5015 1.2125
5534.7744 1.2226
5536.0508 1.2198
5537.3242 1.2052
5538.6011 1.1921
5539.8755 1.2060
5541.1499 1.2208
5542.4277 1.2265
5543.7026 1.2263
5544.9810 1.2223
5546.2568 1.2114
5547.5356 1.2025
5548.8115 1.2039
5550.0884 1.2108
5551.3682 1.2190
5552.6450 1.2253
5553.9258 1.2273
5555.2031 1.2260
5556.4844 1.2188
5557.7627 1.2116
5559.0410 1.2111
5560.3232 1.2162
5561.6021 1.2176
5562.8848 1.2156
5564.1646 1.2121
5565.4473 1.2056
5566.7280 1.2002
5568.0083 1.1989
5569.2925 1.1988
5570.5737 1.1999
5571.8579 1.1960
5573.1401 1.1943
5574.4253 1.1947
5575.7075 1.1926
5576.9932 1.1904
5578.2764 1.1985
5579.5596 1.1993
5580.8462 1.2023
5582.1299 1.2089
5583.4170 1.2134
5584.7017 1.2149
5585.9893 1.2136
5587.2744 1.2123
5588.5601 1.1998
5589.8486 1.1796
5591.1348 1.1688
5592.4238 1.1795
5593.7104 1.1925
5595.0005 1.1946
5596.2876 1.1904
5597.5747 1.1887
5598.8657 1.1942
5600.1538 1.2009
5601.4448 1.1938
5602.7334 1.1898
5604.0254 1.1858
5605.3149 1.1800
5606.6045 1.1803
5607.8970 1.1947
5609.1870 1.2064
5610.4805 1.2093
5611.7715 1.2094
5613.0654 1.2090
5614.3569 1.2081
5615.6484 1.2069
5616.9434 1.1955
5618.2354 1.1708
5619.5308 1.1645
5620.8237 1.1787
5622.1201 1.1926
5623.4131 1.1946
5624.7070 1.1975
5626.0039 1.1929
5627.2983 1.1787
5628.5957 1.1715
5629.8906 1.1805
5631.1890 1.1916
5632.4844 1.1979
5633.7803 1.2023
5635.0791 1.2017
5636.3755 1.1962
5637.6753 1.1900
5638.9722 1.1868
5640.2725 1.1783
5641.5703 1.1754
5642.8682 1.1799
5644.1694 1.1830
5645.4678 1.1815
5646.7695 1.1835
5648.0684 1.1875
5649.3711 1.1914
5650.6704 1.1931
5651.9707 1.1906
5653.2739 1.1854
5654.5742 1.1842
5655.8784 1.1863
5657.1797 1.1777
5658.4839 1.1700
5659.7856 1.1687
5661.0879 1.1660
5662.3931 1.1568
5663.6958 1.1654
5665.0020 1.1611
5666.3052 1.1541
5667.6118 1.1605
5668.9155 1.1763
5670.2197 1.1806
5671.5273 1.1802
5672.8320 1.1820
5674.1401 1.1853
5675.4453 1.1882
5676.7539 1.1885
5678.0601 1.1840
5679.3696 1.1803
5680.6758 1.1799
5681.9829 1.1783
5683.2930 1.1753
5684.6006 1.1694
5685.9111 1.1587
5687.2192 1.1600
5688.5308 1.1634
5689.8394 1.1591
5691.1484 1.1534
5692.4609 1.1564
5693.7705 1.1665
5695.0835 1.1718
5696.3936 1.1717
5697.7070 1.1701
5699.0176 1.1710
5700.3286 1.1741
5701.6431 1.1742
5702.9551 1.1716
5704.2700 1.1664
5705.5825 1.1653
5706.8979 1.1668
5708.2109 1.1639
5709.5239 1.1538
5710.8408 1.1479
5712.1543 1.1409
5713.4717 1.1402
5714.7861 1.1465
5716.1040 1.1546
5717.4189 1.1598
5718.7339 1.1608
5720.0527 1.1628
5721.3687 1.1643
5722.6880 1.1667
5724.0044 1.1702
5725.3242 1.1711
5726.6416 1.1710
5727.9590 1.1702
5729.2798 1.1686
5730.5977 1.1668
5731.9194 1.1658
5733.2378 1.1646
5734.5601 1.1617
5735.8794 1.1607
5737.1987 1.1643
5738.5215 1.1682
5739.8418 1.1684
5741.1655 1.1672
5742.4863 1.1667
5743.8105 1.1651
5745.1318 1.1633
5746.4536 1.1632
5747.7783 1.1645
5749.1006 1.1638
5750.4268 1.1580
5751.7495 1.1553
5753.0757 1.1565
5754.3994 1.1540
5755.7231 1.1440
5757.0503 1.1366
5758.3745 1.1437
5759.7026 1.1530
5761.0273 1.1578
5762.3560 1.1572
5763.6816 1.1518
5765.0078 1.1430
5766.3369 1.1365
5767.6636 1.1444
5768.9937 1.1550
5770.3208 1.1593
5771.6514 1.1579
5772.9790 1.1553
5774.3071 1.1527
5775.6387 1.1503
5776.9673 1.1487
5778.2993 1.1484
5779.6289 1.1500
5780.9614 1.1531
5782.2915 1.1514
5783.6250 1.1444
5784.9556 1.1383
5786.2861 1.1359
5787.6206 1.1364
5788.9521 1.1384
5790.2871 1.1429
5791.6191 1.1452
5792.9546 1.1435
5794.2871 1.1405
5795.6201 1.1402
5796.9565 1.1430
5798.2900 1.1449
5799.6274 1.1441
5800.9614 1.1419
5802.2993 1.1420
5803.6338 1.1455
5804.9692 1.1478
5806.3076 1.1459
5807.6436 1.1393
5808.9824 1.1340
5810.3188 1.1341
5811.6587 1.1383
5812.9956 1.1411
5814.3330 1.1424
5815.6738 1.1410
5817.0117 1.1380
5818.3530 1.1341
5819.6914 1.1318
5821.0337 1.1347
5822.3726 1.1404
5823.7119 1.1418
5825.0552 1.1405
5826.3950 1.1386
5827.7388 1.1379
5829.0791 1.1392
5830.4233 1.1390
5831.7646 1.1391
5833.1064 1.1385
5834.4517 1.1369
5835.7935 1.1359
5837.1396 1.1360
5838.4824 1.1343
5839.8286 1.1346
5841.1719 1.1357
5842.5156 1.1365
5843.8633 1.1368
5845.2075 1.1362
5846.5552 1.1353
5847.9004 1.1344
5849.2490 1.1331
5850.5942 1.1314
5851.9404 1.1301
5853.2896 1.1297
5854.6362 1.1266
5855.9863 1.1132
5857.3335 1.1047
5858.6841 1.1083
5860.0322 1.1147
5861.3799 1.1110
5862.7319 1.1117
5864.0806 1.1145
5865.4326 1.1142
5866.7822 1.1153
5868.1348 1.1218
5869.4849 1.1263
5870.8350 1.1259
5872.1890 1.1253
5873.5400 1.1245
5874.8940 1.1235
5876.2456 1.1230
5877.6006 1.1231
5878.9531 1.1233
5880.3052 1.1225
5881.6611 1.1215
5883.0146 1.1205
5884.3711 1.1190
5885.7246 1.1167
5887.0820 1.1131
5888.4365 1.1127
5889.7939 1.1135
5891.1489 1.1058
5892.5044 1.0839
5893.8633 1.0629
5895.2192 1.0793
5896.5786 1.0947
5897.9351 1.0872
5899.2949 1.0707
5900.6523 1.0721
5902.0098 1.0957
5903.3706 1.1055
5904.7285 1.1080
5906.0903 1.1086
5907.4487 1.1079
5908.8110 1.1058
5910.1704 1.1052
5911.5303 1.1079
5912.8931 1.1088
5914.2534 1.1093
5915.6172 1.1062
5916.9780 1.0971
5918.3428 1.0907
5919.7041 1.0987
5921.0659 1.1043
5922.4312 1.1052
5923.7939 1.1050
5925.1597 1.1054
5926.5229 1.1045
5927.8896 1.1033
5929.2534 1.1039
5930.6172 1.1011
5931.9849 1.0934
5933.3496 1.0865
5934.7178 1.0886
5936.0830 1.0962
5937.4517 1.0963
5938.8179 1.0964
5940.1841 1.0992
5941.5537 1.1012
5942.9204 1.1001
5944.2910 1.0971
5945.6587 1.0952
5947.0298 1.0962
5948.3975 1.0977
5949.7661 1.0959
5951.1382 1.0900
5952.5073 1.0853
5953.8799 1.0880
5955.2495 1.0887
5956.6226 1.0881
5957.9932 1.0908
5959.3638 1.0925
5960.7378 1.0892
5962.1094 1.0889
5963.4839 1.0905
5964.8560 1.0916
5966.2314 1.0922
5967.6040 1.0932
5968.9766 1.0923
5970.3530 1.0896
5971.7266 1.0887
5973.1035 1.0903
5974.4780 1.0922
5975.8555 1.0922
5977.2305 1.0902
5978.6055 1.0840
5979.9839 1.0789
5981.3599 1.0785
5982.7388 1.0821
5984.1152 1.0861
5985.4951 1.0856
5986.8721 1.0764
5988.2495 1.0703
5989.6304 1.0718
5991.0083 1.0770
5992.3896 1.0806
5993.7681 1.0785
5995.1504 1.0766
5996.5298 1.0813
5997.9126 1.0870
5999.2920 1.0854
6000.6724 1.0803
6002.0562 1.0803
6003.4370 1.0838
6004.8213 1.0834
6006.2026 1.0796
6007.5874 1.0786
6008.9697 1.0812
6010.3521 1.0746
6011.7378 1.0668
6013.1211 1.0695
6014.5078 1.0768
6015.8911 1.0779
6017.2783 1.0754
6018.6626 1.0752
6020.0474 1.0739
6021.4355 1.0723
6022.8208 1.0674
6024.2095 1.0605
6025.5957 1.0611
6026.9849 1.0605
6028.3716 1.0624
6029.7583 1.0660
6031.1489 1.0690
6032.5361 1.0712
6033.9272 1.0745
6035.3154 1.0765
6036.7070 1.0769
6038.0957 1.0764
6039.4849 1.0762
6040.8774 1.0765
6042.2671 1.0760
6043.6606 1.0741
6045.0508 1.0695
6046.4448 1.0679
6047.8359 1.0685
6049.2271 1.0684
6050.6221 1.0693
6052.0142 1.0727
6053.4097 1.0741
6054.8022 1.0711
6056.1982 1.0651
6057.5918 1.0605
6058.9854 1.0607
6060.3823 1.0636
6061.7764 1.0690
6063.1743 1.0716
6064.5693 1.0710
6065.9678 1.0699
6067.3633 1.0675
6068.7588 1.0600
6070.1582 1.0617
6071.5547 1.0674
6072.9551 1.0704
6074.3521 1.0703
6075.7529 1.0708
6077.1504 1.0705
6078.5483 1.0696
6079.9502 1.0661
6081.3491 1.0598
6082.7515 1.0559
6084.1504 1.0613
6085.5537 1.0644
6086.9536 1.0600
6088.3540 1.0567
6089.7578 1.0579
6091.1587 1.0606
6092.5635 1.0619
6093.9648 1.0616
6095.3701 1.0621
6096.7725 1.0625
6098.1782 1.0627
6099.5811 1.0630
6100.9844 1.0629
6102.3911 1.0644
6103.7949 1.0623
6105.2026 1.0526
6106.6069 1.0450
6108.0151 1.0500
6109.4204 1.0608
6110.8257 1.0604
6112.2349 1.0597
6113.6411 1.0601
6115.0508 1.0593
6116.4575 1.0575
6117.8682 1.0573
6119.2754 1.0557
6120.6831 1.0571
6122.0947 1.0602
6123.5029 1.0606
6124.9150 1.0567
6126.3242 1.0533
6127.7368 1.0544
6129.1465 1.0559
6130.5566 1.0558
6131.9702 1.0536
6133.3809 1.0508
6134.7954 1.0514
6136.2065 1.0547
6137.6216 1.0553
6139.0337 1.0445
6140.4458 1.0292
6141.8618 1.0271
6143.2749 1.0409
6144.6914 1.0290
6146.1050 1.0277
6147.5220 1.0408
6148.9365 1.0503
6150.3511 1.0439
6151.7690 1.0320
6153.1846 1.0322
6154.6035 1.0436
6156.0190 1.0514
6157.4390 1.0493
6158.8555 1.0426
6160.2720 1.0401
6161.6929 1.0423
6163.1104 1.0451
6164.5312 1.0423
6165.9497 1.0377
6167.3711 1.0387
6168.7900 1.0446
6170.2095 1.0486
6171.6323 1.0485
6173.0518 1.0437
6174.4756 1.0406
6175.8960 1.0429
6177.3198 1.0427
6178.7412 1.0347
6180.1626 1.0327
6181.5874 1.0367
6183.0098 1.0414
6184.4355 1.0442
6185.8579 1.0466
6187.2847 1.0466
6188.7080 1.0451
6190.1318 1.0425
6191.5591 1.0420
6192.9834 1.0414
6194.4116 1.0324
6195.8364 1.0283
6197.2651 1.0363
6198.6909 1.0422
6200.1172 1.0435
6201.5469 1.0443
6202.9731 1.0412
6204.4038 1.0391
6205.8311 1.0411
6207.2622 1.0427
6208.6899 1.0429
6210.1216 1.0435
6211.5503 1.0430
6212.9795 1.0420
6214.4121 1.0412
6215.8418 1.0383
6217.2749 1.0338
6218.7056 1.0309
6220.1392 1.0319
6221.5703 1.0334
6223.0015 1.0309
6224.4365 1.0308
6225.8687 1.0330
6227.3042 1.0339
6228.7368 1.0341
6230.1729 1.0345
6231.6064 1.0333
6233.0400 1.0252
6234.4771 1.0161
6235.9116 1.0164
6237.3496 1.0251
6238.7842 1.0311
6240.2231 1.0249
6241.6587 1.0128
6243.0942 1.0085
6244.5342 1.0171
6245.9707 1.0251
6247.4111 1.0224
6248.8481 1.0136
6250.2891 1.0018
6251.7271 1.0000
6253.1650 1.0137
6254.6069 1.0228
6256.0459 1.0141
6257.4888 1.0089
6258.9282 1.0107
6260.3716 1.0151
6261.8115 1.0187
6263.2520 1.0213
6264.6963 1.0222
6266.1377 1.0226
6267.5825 1.0209
6269.0244 1.0191
6270.4702 1.0201
6271.9126 1.0223
6273.3555 1.0193
6274.8022 1.0179
6276.2456 1.0190
6277.6929 1.0207
6279.1372 1.0187
6280.5850 1.0084
6282.0298 0.9967
6283.4751 0.9968
6284.9238 1.0021
6286.3696 1.0073
6287.8193 1.0119
6289.2661 1.0149
6290.7163 1.0155
6292.1636 1.0137
6293.6108 1.0091
6295.0620 1.0055
6296.5103 1.0063
6297.9624 1.0084
6299.4111 1.0076
6300.8638 1.0054
6302.3135 1.0025
6303.7632 0.9982
6305.2168 0.9933
6306.6675 0.9924
6308.1216 1.0013
6309.5728 1.0049
6311.0278 1.0073
6312.4795 1.0091
6313.9316 1.0073
6315.3877 1.0053
6316.8403 1.0046
6318.2974 0.9980
6319.7510 0.9931
6321.2080 0.9917
6322.6621 0.9932
6324.1201 1.0005
6325.5752 1.0018
6327.0303 1.0026
6328.4893 1.0049
6329.9453 1.0064
6331.4048 1.0061
6332.8613 1.0056
6334.3218 1.0020
6335.7788 1.0008
6337.2363 1.0001
6338.6978 0.9954
6340.1558 0.9884
6341.6182 0.9888
6343.0767 0.9934
6344.5396 0.9998
6345.9990 1.0026
6347.4590 1.0014
6348.9229 0.9951
6350.3833 0.9811
6351.8477 0.9810
6353.3091 0.9939
6354.7739 1.0016
6356.2358 1.0009
6357.6982 0.9989
6359.1641 0.9972
6360.6270 0.9976
6362.0938 0.9970
6363.5576 0.9955
6365.0249 0.9927
6366.4893 0.9900
6367.9536 0.9923
6369.4224 0.9939
6370.8877 0.9941
6372.3564 0.9902
6373.8228 0.9813
6375.2925 0.9750
6376.7588 0.9841
6378.2261 0.9929
6379.6968 0.9945
6381.1646 0.9935
6382.6357 0.9925
6384.1040 0.9913
6385.5762 0.9904
6387.0454 0.9872
6388.5146 0.9837
6389.9878 0.9854
6391.4580 0.9898
6392.9316 0.9915
6394.4023 0.9902
6395.8770 0.9842
6397.3481 0.9779
6398.8198 0.9809
6400.2954 0.9882
6401.7681 0.9869
6403.2441 0.9760
6404.7173 0.9751
6406.1943 0.9841
6407.6680 0.9895
6409.1421 0.9870
6410.6196 0.9805
6412.0947 0.9749
6413.5732 0.9783
6415.0488 0.9757
6416.5278 0.9761
6418.0039 0.9783
6419.4805 0.9747
6420.9609 0.9693
6422.4380 0.9706
6423.9189 0.9672
6425.3970 0.9680
6426.8784 0.9752
6428.3569 0.9812
6429.8359 0.9817
6431.3184 0.9824
6432.7979 0.9795
6434.2812 0.9716
6435.7617 0.9644
6437.2456 0.9653
6438.7266 0.9742
6440.2114 0.9782
6441.6929 0.9741
6443.1748 0.9716
6444.6606 0.9738
6446.1431 0.9765
6447.6294 0.9758
6449.1128 0.9754
6450.6001 0.9746
6452.0840 0.9744
6453.5684 0.9742
6455.0566 0.9735
6456.5415 0.9738
6458.0303 0.9686
6459.5161 0.9537
6461.0054 0.9511
6462.4917 0.9623
6463.9785 0.9698
6465.4692 0.9652
6466.9565 0.9616
6468.4478 0.9666
6469.9360 0.9704
6471.4277 0.9690
6472.9165 0.9664
6474.4058 0.9662
6475.8984 0.9672
6477.3882 0.9668
6478.8818 0.9655
6480.3726 0.9643
6481.8667 0.9639
6483.3579 0.9641
6484.8496 0.9609
6486.3447 0.9569
6487.8369 0.9580
6489.3330 0.9624
6490.8262 0.9646
6492.3228 0.9642
6493.8164 0.9604
6495.3101 0.9545
6496.8081 0.9471
6498.3027 0.9350
6499.8013 0.9214
6501.2964 0.9234
6502.7954 0.9447
6504.2915 0.9557
6505.7876 0.9579
6507.2881 0.9577
6508.7852 0.9571
6510.2861 0.9569
6511.7837 0.9566
6513.2852 0.9566
6514.7837 0.9566
6516.2822 0.9559
6517.7852 0.9521
6519.2842 0.9418
6520.7876 0.9359
6522.2876 0.9407
6523.7920 0.9471
6525.2925 0.9495
6526.7939 0.9491
6528.2988 0.9476
6529.8008 0.9442
6531.3062 0.9410
6532.8091 0.9411
6534.3154 0.9425
6535.8184 0.9413
6537.3223 0.9381
6538.8296 0.9353
6540.3340 0.9343
6541.8423 0.9336
6543.3472 0.9320
6544.8560 0.9294
6546.3613 0.9257
6547.8677 0.9210
6549.3774 0.9140
6550.8843 0.9099
6552.3945 0.9085
6553.9019 0.9058
6555.4136 0.8999
6556.9214 0.8918
6558.4336 0.8827
6559.9424 0.8729
6561.4512 0.8604
6562.9644 0.8431
6564.4741 0.8181
6565.9878 0.7748
6567.4985 0.7693
6569.0127 0.8003
6570.5239 0.8360
6572.0356 0.8545
6573.5513 0.8655
6575.0635 0.8771
6576.5796 0.8860
6578.0923 0.8917
6579.6094 0.8965
6581.1230 0.9026
6582.6372 0.9085
6584.1548 0.9114
6585.6694 0.9136
6587.1885 0.9157
6588.7036 0.9172
6590.2231 0.9183
6591.7393 0.9202
6593.2554 0.9235
6594.7759 0.9215
6596.2930 0.9159
6597.8140 0.9150
6599.3320 0.9217
6600.8535 0.9247
6602.3721 0.9243
6603.8911 0.9274
6605.4141 0.9302
6606.9336 0.9300
6608.4570 0.9280
6609.9771 0.9265
6611.5015 0.9269
6613.0225 0.9270
6614.5439 0.9270
6616.0693 0.9265
6617.5913 0.9253
6619.1172 0.9265
6620.6396 0.9286
6622.1665 0.9296
6623.6899 0.9302
6625.2139 0.9306
6626.7417 0.9303
6628.2661 0.9291
6629.7944 0.9273
6631.3198 0.9257
6632.8486 0.9255
6634.3745 0.9263
6635.9009 0.9253
6637.4312 0.9205
6638.9580 0.9196
6640.4888 0.9235
6642.0166 0.9261
6643.5483 0.9259
6645.0767 0.9247
6646.6055 0.9214
6648.1382 0.9172
6649.6675 0.9185
6651.2007 0.9218
6652.7310 0.9241
6654.2651 0.9255
6655.7959 0.9258
6657.3271 0.9250
6658.8623 0.9238
6660.3940 0.9226
6661.9297 0.9222
6663.4624 0.9228
6664.9990 0.9221
6666.5322 0.9182
6668.0659 0.9178
6669.6035 0.9204
6671.1377 0.9220
6672.6763 0.9209
6674.2114 0.9194
6675.7505 0.9181
6677.2861 0.9180
6678.8257 0.9179
6680.3623 0.9138
6681.8989 0.9068
6683.4399 0.9072
6684.9775 0.9144
6686.5190 0.9169
6688.0571 0.9166
6689.5996 0.9166
6691.1382 0.9165
6692.6777 0.9152
6694.2212 0.9162
6695.7607 0.9169
6697.3052 0.9159
6698.8457 0.9137
6700.3906 0.9111
6701.9316 0.9092
6703.4736 0.9104
6705.0195 0.9128
6706.5620 0.9133
6708.1084 0.9113
6709.6519 0.9095
6711.1987 0.9114
6712.7427 0.9129
6714.2871 0.9125
6715.8354 0.9108
6717.3804 0.9091
6718.9292 0.9075
6720.4751 0.9054
6722.0249 0.9043
6723.5713 0.9048
6725.1177 0.9041
6726.6685 0.9018
6728.2163 0.9008
6729.7676 0.9026
6731.3159 0.9047
6732.8682 0.9057
6734.4170 0.9052
6735.9663 0.9040
6737.5195 0.9027
6739.0693 0.9021
6740.6235 0.9009
6742.1743 0.9002
6743.7290 0.9007
6745.2803 0.9008
6746.8320 0.8989
6748.3877 0.8971
6749.9404 0.8987
6751.4966 0.8960
6753.0498 0.8929
6754.6069 0.8938
6756.1611 0.8977
6757.7153 0.8994
6759.2734 0.8983
6760.8286 0.8935
6762.3877 0.8912
6763.9434 0.8923
6765.5029 0.8939
6767.0596 0.8964
6768.6162 0.8970
6770.1772 0.8938
6771.7344 0.8911
6773.2959 0.8921
6774.8540 0.8948
6776.4165 0.8942
6777.9756 0.8932
6779.5347 0.8925
6781.0981 0.8933
6782.6582 0.8947
6784.2222 0.8947
6785.7827 0.8924
6787.3477 0.8898
6788.9092 0.8885
6790.4707 0.8883
6792.0366 0.8886
6793.5991 0.8886
6795.1655 0.8876
6796.7290 0.8874
6798.2964 0.8866
6799.8604 0.8862
6801.4282 0.8865
6802.9927 0.8867
6804.5581 0.8861
6806.1270 0.8871
6807.6929 0.8868
6809.2627 0.8861
6810.8291 0.8861
6812.3994 0.8862
6813.9668 0.8857
6815.5342 0.8855
6817.1060 0.8853
6818.6743 0.8849
6820.2466 0.8847
6821.8154 0.8846
6823.3887 0.8835
6824.9585 0.8831
6826.5283 0.8834
6828.1025 0.8835
6829.6733 0.8827
6831.2485 0.8808
6832.8198 0.8789
6834.3955 0.8802
6835.9678 0.8809
6837.5405 0.8807
6839.1172 0.8803
6840.6904 0.8798
6842.2681 0.8790
6843.8418 0.8784
6845.4199 0.8776
6846.9946 0.8771
6848.5698 0.8770
6850.1494 0.8769
6851.7251 0.8766
6853.3052 0.8763
6854.8818 0.8759
6856.4624 0.8755
6858.0396 0.8750
6859.6177 0.8742
6861.1992 0.8736
6862.7778 0.8733
6864.3604 0.8731
6865.9395 0.8726
6867.5225 0.8723
6869.1025 0.8722
6870.6826 0.8719
6872.2671 0.8715
6873.8481 0.8707
6875.4331 0.8702
6877.0146 0.8701
6878.6006 0.8701
6880.1831 0.8697
6881.7656 0.8694
6883.3525 0.8690
6884.9360 0.8685
6886.5239 0.8681
6888.1079 0.8678
6889.6963 0.8675
6891.2812 0.8671
6892.8667 0.8669
6894.4561 0.8666
6896.0425 0.8663
6897.6323 0.8659
6899.2192 0.8656
6900.8105 0.8652
6902.3979 0.8649
6903.9858 0.8645
6905.5776 0.8641
6907.1665 0.8637
6908.7593 0.8630
6910.3486 0.8623
6911.9419 0.8622
6913.5322 0.8622
6915.1226 0.8619
6916.7173 0.8615
6918.3081 0.8612
6919.9038 0.8609
6921.4956 0.8606
6923.0918 0.8602
6924.6846 0.8596
6926.2812 0.8588
6927.8745 0.8588
6929.4683 0.8588
6931.0664 0.8582
6932.6606 0.8577
6934.2593 0.8576
6935.8545 0.8574
6937.4541 0.8572
6939.0498 0.8570
6940.6460 0.8567
6942.2466 0.8562
6943.8438 0.8558
6945.4448 0.8554
6947.0430 0.8552
6948.6445 0.8548
6950.2432 0.8544
6951.8423 0.8542
6953.4453 0.8539
6955.0449 0.8535
6956.6489 0.8529
6958.2490 0.8527
6959.8535 0.8525
6961.4546 0.8523
6963.0562 0.8520
6964.6621 0.8515
6966.2642 0.8510
6967.8706 0.8508
6969.4736 0.8506
6971.0806 0.8504
6972.6841 0.8501
6974.2886 0.8497
6975.8965 0.8493
6977.5015 0.8494
6979.1104 0.8482
6980.7158 0.8460
6982.3257 0.8443
6983.9321 0.8444
6985.5386 0.8455
6987.1494 0.8466
6988.7568 0.8467
6990.3687 0.8458
6991.9766 0.8450
6993.5889 0.8450
6995.1978 0.8443
6996.8071 0.8432
6998.4204 0.8424
7000.0303 0.8426
7001.6445 0.8424
7003.2554 0.8410
7004.8701 0.8401
7006.4819 0.8390
7008.0938 0.8368
7009.7095 0.8359
7011.3223 0.8377
7012.9390 0.8403
7014.5522 0.8396
7016.1699 0.8376
7017.7837 0.8375
7019.3984 0.8357
7021.0171 0.8335
7022.6323 0.8353
7024.2515 0.8381
7025.8677 0.8351
7027.4878 0.8320
7029.1045 0.8325
7030.7212 0.8352
7032.3428 0.8363
7033.9604 0.8355
7035.5825 0.8360
7037.2007 0.8347
7038.8237 0.8326
7040.4429 0.8315
7042.0664 0.8319
7043.6865 0.8323
7045.3066 0.8344
7046.9316 0.8345
7048.5527 0.8342
7050.1782 0.8343
7051.7998 0.8336
7053.4263 0.8326
7055.0488 0.8329
7056.6719 0.8311
7058.2988 0.8290
7059.9229 0.8287
7061.5508 0.8299
7063.1753 0.8306
7064.8037 0.8294
7066.4292 0.8285
7068.0547 0.8278
7069.6846 0.8266
7071.3110 0.8256
7072.9419 0.8264
7074.5688 0.8283
7076.2002 0.8288
7077.8281 0.8288
7079.4561 0.8284
7081.0889 0.8270
7082.7178 0.8265
7084.3511 0.8277
7085.9810 0.8260
7087.6147 0.8235
7089.2451 0.8228
7090.8760 0.8239
7092.5112 0.8239
7094.1431 0.8222
7095.7788 0.8220
7097.4111 0.8230
7099.0479 0.8235
7100.6812 0.8227
7102.3145 0.8227
7103.9521 0.8226
7105.5864 0.8227
7107.2251 0.8226
7108.8599 0.8220
7110.4995 0.8210
7112.1353 0.8200
7113.7715 0.8192
7115.4116 0.8178
7117.0483 0.8163
7118.6899 0.8156
7120.3271 0.8157
7121.9692 0.8159
7123.6079 0.8162
7125.2466 0.8147
7126.8896 0.8142
7128.5293 0.8158
7130.1729 0.8173
7131.8130 0.8165
7133.4580 0.8155
7135.0986 0.8142
7136.7402 0.8138
7138.3857 0.8144
7140.0283 0.8148
7141.6748 0.8147
7143.3174 0.8140
7144.9648 0.8135
7146.6084 0.8129
7148.2524 0.8126
7149.9009 0.8126
7151.5459 0.8118
7153.1948 0.8114
7154.8403 0.8117
7156.4902 0.8119
7158.1367 0.8114
7159.7832 0.8103
7161.4346 0.8091
7163.0820 0.8100
7164.7339 0.8102
7166.3818 0.8098
7168.0347 0.8090
7169.6836 0.8082
7171.3369 0.8081
7172.9863 0.8084
7174.6367 0.8083
7176.2910 0.8081
7177.9419 0.8077
7179.5972 0.8073
7181.2490 0.8067
7182.9048 0.8063
7184.5571 0.8057
7186.2100 0.8052
7187.8672 0.8049
7189.5210 0.8043
7191.1787 0.8030
7192.8330 0.8028
7194.4917 0.8026
7196.1465 0.8015
7197.8022 0.8000
7199.4619 0.7993
7201.1182 0.7989
7202.7788 0.7984
7204.4355 0.7980
7206.0972 0.7973
7207.7549 0.7969
7209.4131 0.7969
7211.0757 0.7960
7212.7344 0.7956
7214.3975 0.7957
7216.0571 0.7956
7217.7212 0.7949
7219.3818 0.7943
7221.0425 0.7941
7222.7075 0.7940
7224.3691 0.7935
7226.0352 0.7927
7227.6973 0.7917
7229.3643 0.7913
7231.0273 0.7917
7232.6909 0.7916
7234.3584 0.7913
7236.0229 0.7909
7237.6914 0.7905
7239.3564 0.7899
7241.0259 0.7895
7242.6919 0.7889
7244.3579 0.7879
7246.0283 0.7873
7247.6953 0.7874
7249.3667 0.7873
7251.0342 0.7873
7252.7065 0.7870
7254.3750 0.7862
7256.0439 0.7855
7257.7168 0.7846
7259.3867 0.7837
7261.0605 0.7843
7262.7310 0.7844
7264.4058 0.7839
7266.0771 0.7833
7267.7485 0.7827
7269.4243 0.7823
7271.0967 0.7820
7272.7734 0.7818
7274.4463 0.7814
7276.1240 0.7810
7277.7979 0.7805
7279.4722 0.7799
7281.1509 0.7795
7282.8257 0.7793
7284.5054 0.7788
7286.1812 0.7784
7287.8613 0.7780
7289.5376 0.7776
7291.2148 0.7768
7292.8960 0.7748
7294.5737 0.7746
7296.2559 0.7754
7297.9341 0.7757
7299.6172 0.7754
7301.2964 0.7750
7302.9800 0.7743
7304.6602 0.7737
7306.3408 0.7731
7308.0254 0.7728
7309.7065 0.7723
7311.3921 0.7711
7313.0742 0.7700
7314.7607 0.7699
7316.4434 0.7700
7318.1265 0.7701
7319.8140 0.7698
7321.4980 0.7694
7323.1860 0.7686
7324.8711 0.7676
7326.5601 0.7673
7328.2456 0.7672
7329.9312 0.7665
7331.6216 0.7660
7333.3081 0.7658
7334.9995 0.7654
7336.6865 0.7652
7338.3784 0.7651
7340.0669 0.7650
7341.7554 0.7650
7343.4482 0.7647
7345.1377 0.7645
7346.8315 0.7643
7348.5215 0.7639
7350.2163 0.7635
7351.9067 0.7631
7353.5981 0.7627
7355.2939 0.7623
7356.9858 0.7617
7358.6826 0.7611
7360.3755 0.7606
7362.0728 0.7607
7363.7661 0.7606
7365.4604 0.7601
7367.1587 0.7596
7368.8535 0.7594
7370.5527 0.7592
7372.2485 0.7591
7373.9487 0.7583
7375.6450 0.7578
7377.3418 0.7572
7379.0430 0.7565
7380.7402 0.7561
7382.4424 0.7568
7384.1406 0.7573
7385.8433 0.7567
7387.5425 0.7555
7389.2422 0.7540
7390.9458 0.7517
7392.6465 0.7503
7394.3511 0.7514
7396.0522 0.7524
7397.7573 0.7512
7399.4595 0.7504
7401.1616 0.7526
7402.8682 0.7537
7404.5713 0.7515
7406.2788 0.7514
7407.9824 0.7517
7409.6909 0.7498
7411.3955 0.7462
7413.1006 0.7431
7414.8101 0.7405
7416.5156 0.7441
7418.2261 0.7457
7419.9326 0.7434
7421.6436 0.7438
7423.3506 0.7466
7425.0586 0.7432
7426.7705 0.7363
7428.4795 0.7354
7430.1924 0.7411
7431.9014 0.7471
7433.6152 0.7494
7435.3257 0.7467
7437.0400 0.7467
7438.7510 0.7486
7440.4624 0.7492
7442.1777 0.7478
7443.8901 0.7453
7445.6064 0.7403
7447.3193 0.7369
7449.0366 0.7334
7450.7505 0.7320
7452.4644 0.7352
7454.1831 0.7366
7455.8979 0.7425
7457.6172 0.7439
7459.3325 0.7421
7461.0527 0.7420
7462.7690 0.7446
7464.4858 0.7430
7466.2070 0.7333
7467.9248 0.7321
7469.6470 0.7346
7471.3652 0.7339
7473.0884 0.7313
7474.8076 0.7318
7476.5269 0.7332
7478.2510 0.7332
7479.9712 0.7341
7481.6963 0.7351
7483.4175 0.7344
7485.1431 0.7344
7486.8652 0.7350
7488.5874 0.7354
7490.3145 0.7339
7492.0371 0.7323
7493.7651 0.7323
7495.4888 0.7296
7497.2173 0.7267
7498.9419 0.7223
7500.6670 0.7209
7502.3970 0.7226
7504.1226 0.7232
7505.8530 0.7233
7507.5801 0.7247
7509.3110 0.7251
7511.0386 0.7251
7512.7666 0.7248
7514.4990 0.7231
7516.2275 0.7205
7517.9609 0.7217
7519.6904 0.7205
7521.4243 0.7205
7523.1548 0.7225
7524.8853 0.7224
7526.6206 0.7200
7528.3521 0.7178
7530.0884 0.7192
7531.8203 0.7208
7533.5571 0.7207
7535.2905 0.7194
7537.0239 0.7174
7538.7617 0.7170
7540.4961 0.7171
7542.2349 0.7168
7543.9702 0.7159
7545.7095 0.7151
7547.4453 0.7149
7549.1816 0.7149
7550.9229 0.7145
7552.6597 0.7141
7554.4014 0.7138
7556.1392 0.7136
7557.8818 0.7132
7559.6201 0.7123
7561.3594 0.7120
7563.1030 0.7118
7564.8428 0.7115
7566.5874 0.7116
7568.3281 0.7118
7570.0732 0.7118
7571.8149 0.7115
7573.5610 0.7111
7575.3032 0.7107
7577.0459 0.7105
7578.7930 0.7100
7580.5366 0.7096
7582.2847 0.7095
7584.0288 0.7094
7585.7778 0.7090
7587.5229 0.7086
7589.2686 0.7080
7591.0186 0.7074
7592.7646 0.7069
7594.5156 0.7065
7596.2627 0.7061
7598.0142 0.7058
7599.7622 0.7054
7601.5107 0.7049
7603.2637 0.7044
7605.0127 0.7039
7606.7661 0.7034
7608.5161 0.7030
7610.2710 0.7026
7612.0215 0.7022
7613.7725 0.7017
7615.5283 0.7011
7617.2803 0.7005
7619.0366 0.7000
7620.7896 0.6992
7622.5469 0.6985
7624.3003 0.6977
7626.0542 0.6971
7627.8130 0.6968
7629.5679 0.6965
7631.3271 0.6960
7633.0825 0.6956
7634.8428 0.6951
7636.5991 0.6947
7638.3560 0.6942
7640.1172 0.6936
7641.8750 0.6933
7643.6372 0.6927
7645.3955 0.6922
7647.1587 0.6918
7648.9180 0.6914
7650.6772 0.6909
7652.4419 0.6905
7654.2021 0.6901
7655.9673 0.6897
7657.7285 0.6891
7659.4941 0.6884
7661.2563 0.6877
7663.0186 0.6871
7664.7856 0.6869
7666.5493 0.6865
7668.3169 0.6861
7670.0811 0.6861
7671.8496 0.6864
7673.6147 0.6862
7675.3799 0.6859
7677.1499 0.6855
7678.9160 0.6850
7680.6870 0.6846
7682.4536 0.6843
7684.2251 0.6836
7685.9932 0.6833
7687.7612 0.6830
7689.5342 0.6824
7691.3027 0.6819
7693.0767 0.6818
7694.8462 0.6812
7696.6206 0.6808
7698.3911 0.6806
7700.1621 0.6803
7701.9380 0.6797
7703.7100 0.6792
7705.4863 0.6791
7707.2588 0.6789
7709.0361 0.6785
7710.8096 0.6781
7712.5879 0.6779
7714.3618 0.6769
7716.1367 0.6744
7717.9160 0.6750
7719.6914 0.6760
7721.4717 0.6760
7723.2480 0.6752
7725.0288 0.6743
7726.8062 0.6735
7728.5835 0.6734
7730.3657 0.6729
7732.1440 0.6724
7733.9272 0.6724
7735.7065 0.6723
7737.4902 0.6718
7739.2700 0.6720
7741.0508 0.6721
7742.8354 0.6721
7744.6167 0.6716
7746.4028 0.6703
7748.1851 0.6681
7749.9717 0.6676
7751.7544 0.6665
7753.5376 0.6666
7755.3257 0.6684
7757.1099 0.6697
7758.8984 0.6691
7760.6836 0.6658
7762.4731 0.6652
7764.2588 0.6665
7766.0449 0.6668
7767.8359 0.6649
7769.6226 0.6628
7771.4146 0.6621
7773.2021 0.6607
7774.9946 0.6552
7776.7832 0.6470
7778.5723 0.6420
7780.3662 0.6438
7782.1558 0.6499
7783.9507 0.6500
7785.7412 0.6499
7787.5366 0.6531
7789.3281 0.6556
7791.1201 0.6559
7792.9165 0.6547
7794.7095 0.6542
7796.5068 0.6552
7798.3003 0.6563
7800.0986 0.6552
7801.8931 0.6505
7803.6880 0.6481
7805.4873 0.6517
7807.2832 0.6578
7809.0835 0.6598
7810.8799 0.6559
7812.6812 0.6561
7814.4785 0.6568
7816.2759 0.6534
7818.0786 0.6524
7819.8770 0.6557
7821.6802 0.6579
7823.4795 0.6584
7825.2837 0.6593
7827.0840 0.6598
7828.8843 0.6591
7830.6899 0.6562
7832.4912 0.6532
7834.2974 0.6555
7836.0996 0.6495
7837.9067 0.6475
7839.7100 0.6489
7841.5132 0.6502
7843.3213 0.6514
7845.1260 0.6523
7846.9351 0.6530
7848.7402 0.6545
7850.5498 0.6555
7852.3560 0.6557
7854.1665 0.6545
7855.9736 0.6494
7857.7808 0.6519
7859.5928 0.6501
7861.4009 0.6477
7863.2139 0.6467
7865.0225 0.6442
7866.8364 0.6432
7868.6460 0.6404
7870.4561 0.6330
7872.2710 0.6290
7874.0820 0.6331
7875.8979 0.6412
7877.7100 0.6464
7879.5264 0.6449
7881.3389 0.6407
7883.1519 0.6426
7884.9697 0.6456
7886.7837 0.6404
7888.6025 0.6388
7890.4175 0.6381
7892.2368 0.6356
7894.0522 0.6353
7895.8687 0.6392
7897.6890 0.6417
7899.5059 0.6343
7901.3276 0.6294
7903.1455 0.6330
7904.9678 0.6357
7906.7861 0.6343
7908.6055 0.6334
7910.4292 0.6322
7912.2485 0.6340
7914.0732 0.6339
7915.8940 0.6298
7917.7192 0.6254
7919.5405 0.6255
7921.3628 0.6269
7923.1895 0.6269
7925.0122 0.6273
7926.8394 0.6250
7928.6631 0.6217
7930.4912 0.6213
7932.3159 0.6201
7934.1406 0.6182
7935.9702 0.6127
7937.7959 0.6097
7939.6265 0.6089
7941.4526 0.6047
7943.2842 0.6026
7945.1113 0.6067
7946.9390 0.6070
7948.7720 0.6044
7950.6006 0.6039
7952.4336 0.6075
7954.2632 0.6127
7956.0977 0.6143
7957.9277 0.6143
7959.7583 0.6153
7961.5938 0.6166
7963.4253 0.6169
7965.2617 0.6186
7967.0942 0.6160
7968.9316 0.6146
7970.7646 0.6151
7972.5981 0.6156
7974.4370 0.6155
7976.2715 0.6163
7978.1108 0.6160
7979.9458 0.6168
7981.7861 0.6170
7983.6226 0.6161
7985.4590 0.6161
7987.3003 0.6176
7989.1377 0.6193
7990.9800 0.6200
7992.8184 0.6185
7994.6616 0.6156
7996.5005 0.6126
7998.3447 0.6091
8000.1846 0.6074
8002.0249 0.6068
8003.8706 0.6079
8005.7114 0.6112
8007.5576 0.6148
8009.3999 0.6138
8011.2471 0.6133
8013.0898 0.6110
8014.9331 0.6063
8016.7812 0.6035
8018.6255 0.6065
8020.4746 0.6104
8022.3198 0.6097
8024.1699 0.6082
8026.0156 0.6079
8027.8623 0.6077
8029.7134 0.6064
8031.5605 0.6072
8033.4126 0.6058
8035.2607 0.6072
8037.1138 0.6077
8038.9624 0.6048
8040.8120 0.6027
8042.6660 0.6060
8044.5161 0.6066
8046.3711 0.6049
8048.2222 0.6020
8050.0781 0.5998
8051.9302 0.5996
8053.7827 0.6002
8055.6396 0.6025
8057.4927 0.6051
8059.3511 0.6041
8061.2051 0.6008
8063.0640 0.5992
8064.9189 0.5962
8066.7739 0.5946
8068.6343 0.5945
8070.4902 0.5956
8072.3516 0.5972
8074.2085 0.5982
8076.0703 0.5979
8077.9282 0.5990
8079.7866 0.5988
8081.6499 0.5978
8083.5088 0.5969
8085.3730 0.5958
8087.2329 0.5951
8089.0981 0.5946
8090.9590 0.5945
8092.8203 0.5940
8094.6865 0.5926
8096.5483 0.5910
8098.4155 0.5917
8100.2788 0.5922
8102.1465 0.5916
8104.0103 0.5908
8105.8745 0.5905
8107.7441 0.5900
8109.6089 0.5896
8111.4790 0.5893
8113.3452 0.5889
8115.2163 0.5885
8117.0830 0.5881
8118.9502 0.5876
8120.8228 0.5871
8122.6909 0.5869
8124.5640 0.5865
8126.4326 0.5862
8128.3066 0.5858
8130.1768 0.5854
8132.0513 0.5850
8133.9224 0.5846
8135.7935 0.5841
8137.6694 0.5836
8139.5415 0.5832
8141.4185 0.5829
8143.2915 0.5825
8145.1694 0.5821
8147.0430 0.5816
8148.9175 0.5812
8150.7964 0.5808
8152.6714 0.5803
8154.5513 0.5798
8156.4272 0.5794
8158.3081 0.5790
8160.1851 0.5786
8162.0625 0.5782
8163.9443 0.5778
8165.8228 0.5774
8167.7056 0.5769
8169.5845 0.5764
8171.4683 0.5759
8173.3481 0.5754
8175.2285 0.5751
8177.1138 0.5747
8178.9951 0.5742
8180.8809 0.5738
8182.7632 0.5733
8184.6499 0.5728
8186.5327 0.5719
8188.4160 0.5696
8190.3042 0.5695
8192.1885 0.5694
8194.0771 0.5695
8195.9629 0.5699
8197.8525 0.5692
8199.7383 0.5668
8201.6250 0.5676
8203.5156 0.5680
8205.4033 0.5658
8207.2959 0.5640
8209.1836 0.5659
8211.0762 0.5666
8212.9658 0.5661
8214.8545 0.5653
8216.7490 0.5643
8218.6396 0.5627
8220.5342 0.5609
8222.4258 0.5614
8224.3223 0.5619
8226.2139 0.5606
8228.1064 0.5602
8230.0039 0.5615
8231.8965 0.5620
8233.7949 0.5604
8235.6895 0.5599
8237.5889 0.5588
8239.4834 0.5574
8241.3789 0.5576
8243.2793 0.5593
8245.1758 0.5586
8247.0771 0.5573
8248.9746 0.5575
8250.8770 0.5574
8252.7744 0.5551
8254.6729 0.5529
8256.5771 0.5562
8258.4766 0.5559
8260.3809 0.5553
8262.2812 0.5557
8264.1865 0.5559
8266.0869 0.5554
8267.9893 0.5549
8269.8955 0.5546
8271.7979 0.5546
8273.7051 0.5542
8275.6084 0.5537
8277.5166 0.5532
8279.4209 0.5524
8281.3301 0.5517
8283.2354 0.5516
8285.1416 0.5515
8287.0518 0.5511
8288.9580 0.5504
8290.8691 0.5489
8292.7773 0.5466
8294.6895 0.5471
8296.5977 0.5479
8298.5059 0.5473
8300.4199 0.5467
8302.3291 0.5466
8304.2432 0.5466
8306.1543 0.5465
8308.0693 0.5459
8309.9805 0.5445
8311.8926 0.5429
8313.8086 0.5435
8315.7217 0.5427
8317.6396 0.5430
8319.5527 0.5433
8321.4707 0.5424
8323.3857 0.5412
8325.2998 0.5414
8327.2197 0.5405
8329.1357 0.5384
8331.0566 0.5345
8332.9727 0.5325
8334.8945 0.5352
8336.8115 0.5330
8338.7295 0.5312
8340.6523 0.5320
8342.5713 0.5333
8344.4951 0.5335
8346.4150 0.5337
8348.3398 0.5349
8350.2598 0.5329
8352.1807 0.5324
8354.1074 0.5332
8356.0293 0.5333
8357.9561 0.5326
8359.8789 0.5324
8361.8066 0.5315
8363.7295 0.5304
8365.6543 0.5301
8367.5830 0.5306
8369.5078 0.5301
8371.4375 0.5284
8373.3643 0.5285
8375.2949 0.5283
8377.2217 0.5276
8379.1484 0.5269
8381.0811 0.5264
8383.0088 0.5265
8384.9424 0.5269
8386.8711 0.5265
8388.8047 0.5257
8390.7344 0.5230
8392.6650 0.5182
8394.6006 0.5198
8396.5312 0.5225
8398.4678 0.5225
8400.3994 0.5220
8402.3369 0.5222
8404.2695 0.5224
8406.2031 0.5223
8408.1416 0.5211
8410.0762 0.5204
8412.0156 0.5198
8413.9502 0.5188
8415.8906 0.5175
8417.8271 0.5171
8419.7637 0.5166
8421.7051 0.5164
8423.6426 0.5163
8425.5850 0.5164
8427.5234 0.5170
8429.4668 0.5165
8431.4053 0.5167
8433.3496 0.5166
8435.2900 0.5161
8437.2305 0.5148
8439.1758 0.5129
8441.1172 0.5115
8443.0645 0.5101
8445.0059 0.5098
8446.9541 0.5110
8448.8965 0.5105
8450.8408 0.5053
8452.7891 0.5047
8454.7344 0.5099
8456.6836 0.5116
8458.6289 0.5115
8460.5791 0.5121
8462.5254 0.5116
8464.4727 0.5104
8466.4248 0.5092
8468.3721 0.5080
8470.3252 0.5060
8472.2734 0.5026
8474.2275 0.5002
8476.1768 0.5038
8478.1270 0.5058
8480.0820 0.5073
8482.0322 0.5079
8483.9883 0.5075
8485.9404 0.5074
8487.8975 0.5077
8489.8496 0.5071
8491.8027 0.5061
8493.7607 0.5056
8495.7148 0.5048
8497.6738 0.5036
8499.6289 0.5034
8501.5889 0.4900
8503.5449 0.4825
8505.5010 0.4865
8507.4619 0.4929
8509.4199 0.4938
8511.3818 0.4975
8513.3398 0.4990
8515.3027 0.5003
8517.2617 0.4990
8519.2217 0.4962
8521.1855 0.4974
8523.1465 0.5015
8525.1113 0.5020
8527.0723 0.5024
8529.0391 0.5019
8531.0010 0.5001
8532.9639 0.4990
8534.9316 0.4997
8536.8945 0.4990
8538.8633 0.4978
8540.8281 0.4951
8542.7969 0.4926
8544.7627 0.4875
8546.7285 0.4645
8548.6992 0.4673
8550.6660 0.4794
8552.6377 0.4867
8554.6045 0.4888
8556.5771 0.4909
8558.5459 0.4926
8560.5146 0.4902
8562.4893 0.4898
8564.4590 0.4928
8566.4336 0.4956
8568.4043 0.4956
8570.3799 0.4961
8572.3516 0.4956
8574.3242 0.4951
8576.3008 0.4945
8578.2744 0.4939
8580.2520 0.4942
8582.2256 0.4939
8584.2051 0.4939
8586.1797 0.4919
8588.1602 0.4894
8590.1357 0.4876
8592.1113 0.4864
8594.0928 0.4876
8596.0703 0.4854
8598.0527 0.4813
8600.0303 0.4766
8602.0137 0.4722
8603.9922 0.4701
8605.9717 0.4729
8607.9561 0.4773
8609.9365 0.4801
8611.9219 0.4819
8613.9033 0.4835
8615.8896 0.4840
8617.8711 0.4837
8619.8535 0.4857
8621.8418 0.4860
8623.8252 0.4864
8625.8135 0.4873
8627.7979 0.4869
8629.7881 0.4881
8631.7725 0.4880
8633.7588 0.4874
8635.7500 0.4863
8637.7363 0.4849
8639.7285 0.4844
8641.7158 0.4855
8643.7080 0.4853
8645.6973 0.4847
8647.6855 0.4837
8649.6797 0.4820
8651.6699 0.4786
8653.6650 0.4730
8655.6553 0.4750
8657.6514 0.4764
8659.6436 0.4743
8661.6357 0.4716
8663.6328 0.4685
8665.6260 0.4546
8667.6240 0.4379
8669.6182 0.4417
8671.6172 0.4522
8673.6123 0.4563
8675.6074 0.4591
8677.6084 0.4627
8679.6045 0.4638
8681.6055 0.4669
8683.6025 0.4679
8685.6055 0.4669
8687.6035 0.4702
8689.6025 0.4739
8691.6055 0.4709
8693.6055 0.4666
8695.6104 0.4694
8697.6104 0.4737
8699.6162 0.4692
8701.6172 0.4706
8703.6191 0.4721
8705.6260 0.4725
8707.6289 0.4727
8709.6367 0.4730
8711.6406 0.4728
8713.6494 0.4717
8715.6543 0.4684
8717.6592 0.4677
8719.6699 0.4687
8721.6758 0.4691
8723.6865 0.4683
8725.6934 0.4681
8727.7061 0.4680
8729.7129 0.4675
8731.7217 0.4648
8733.7354 0.4617
8735.7441 0.4619
8737.7588 0.4630
8739.7686 0.4600
8741.7842 0.4567
8743.7949 0.4555
8745.8115 0.4538
8747.8232 0.4489
8749.8359 0.4463
8751.8535 0.4418
8753.8672 0.4338
8755.8857 0.4275
8757.9004 0.4285
8759.9199 0.4366
8761.9346 0.4414
8763.9502 0.4450
8765.9717 0.4480
8767.9883 0.4484
8770.0098 0.4482
8772.0273 0.4516
8774.0498 0.4539
8776.0684 0.4535
8778.0879 0.4507
8780.1113 0.4508
8782.1318 0.4539
8784.1562 0.4539
8786.1777 0.4534
8788.2031 0.4537
8790.2256 0.4540
8792.2471 0.4537
8794.2754 0.4512
8796.2979 0.4470
8798.3262 0.4460
8800.3506 0.4484
8802.3799 0.4509
8804.4053 0.4516
8806.4307 0.4511
8808.4609 0.4497
8810.4873 0.4433
8812.5195 0.4383
8814.5459 0.4418
8816.5791 0.4465
8818.6074 0.4469
8820.6357 0.4461
8822.6699 0.4452
8824.6992 0.4439
8826.7344 0.4424
8828.7646 0.4392
8830.8008 0.4375
8832.8330 0.4415
8834.8643 0.4420
8836.9014 0.4402
8838.9346 0.4389
8840.9727 0.4373
8843.0068 0.4347
8845.0459 0.4324
8847.0811 0.4323
8849.1162 0.4303
8851.1562 0.4273
8853.1924 0.4248
8855.2344 0.4226
8857.2715 0.4198
8859.3145 0.4166
8861.3516 0.4115
8863.3906 0.4050
8865.4346 0.3969
8867.4736 0.3894
8869.5186 0.3876
8871.5596 0.3938
8873.6045 0.3999
8875.6465 0.4054
8877.6885 0.4092
8879.7354 0.4114
8881.7783 0.4139
8883.8262 0.4160
8885.8701 0.4173
8887.9189 0.4182
8889.9639 0.4195
8892.0088 0.4212
8894.0596 0.4226
8896.1055 0.4231
8898.1562 0.4234
8900.2041 0.4240
8902.2559 0.4246
8904.3037 0.4249
8906.3574 0.4252
8908.4062 0.4256
8910.4561 0.4256
8912.5107 0.4259
8914.5605 0.4251
8916.6162 0.4222
8918.6680 0.4203
8920.7246 0.4249
8922.7764 0.4251
8924.8291 0.4247
8926.8867 0.4247
8928.9404 0.4240
8931.0000 0.4215
8933.0547 0.4168
8935.1143 0.4207
8937.1699 0.4229
8939.2256 0.4225
8941.2871 0.4221
8943.3438 0.4216
8945.4062 0.4212
8947.4639 0.4207
8949.5273 0.4200
8951.5859 0.4193
8953.6455 0.4189
8955.7100 0.4184
8957.7705 0.4179
8959.8359 0.4173
8961.8975 0.4167
8963.9639 0.4160
8966.0264 0.4153
8968.0889 0.4145
8970.1572 0.4132
8972.2207 0.4123
8974.2891 0.4117
8976.3535 0.4109
8978.4238 0.4099
8980.4893 0.4088
8982.5557 0.4072
8984.6270 0.4061
8986.6934 0.4050
8988.7656 0.4037
8990.8340 0.4021
8992.9072 0.4003
8994.9756 0.3983
8997.0449 0.3962
8999.1201 0.3940
9001.1904 0.3914
9003.2656 0.3885
9005.3369 0.3852
9007.4131 0.3818
9009.4854 0.3778
9011.5586 0.3732
9013.6357 0.3678
9015.7100 0.3615
9017.7891 0.3542
9019.8633 0.3461
9021.9434 0.3474
9024.0186 0.3539
9026.0947 0.3604
9028.1758 0.3653
9030.2529 0.3695
9032.3350 0.3729
9034.4131 0.3757
9036.4971 0.3783
9038.5752 0.3804
9040.6543 0.3821
9042.7393 0.3834
9044.8193 0.3849
9046.9053 0.3861
9048.9863 0.3868
9051.0732 0.3872
9053.1553 0.3877
9055.2383 0.3882
9057.3262 0.3887
9059.4102 0.3893
9061.4990 0.3896
9063.5840 0.3891
9065.6738 0.3842
9067.7588 0.3766
9069.8506 0.3846
9071.9365 0.3890
9074.0234 0.3894
9076.1162 0.3888
9078.2041 0.3887
9080.2979 0.3883
9082.3867 0.3838
9084.4805 0.3824
9086.5703 0.3854
9088.6611 0.3877
9090.7568 0.3864
9092.8486 0.3829
9094.9453 0.3795
9097.0371 0.3845
9099.1348 0.3794
9101.2285 0.3763
9103.3223 0.3822
9105.4209 0.3841
9107.5156 0.3832
9109.6162 0.3829
9111.7119 0.3827
9113.8125 0.3819
9115.9092 0.3785
9118.0068 0.3738
9120.1094 0.3790
9122.2070 0.3799
9124.3105 0.3796
9126.4102 0.3788
9128.5146 0.3776
9130.6143 0.3773
9132.7148 0.3772
9134.8213 0.3770
9136.9219 0.3760
9139.0293 0.3754
9141.1318 0.3755
9143.2393 0.3751
9145.3428 0.3745
9147.4473 0.3739
9149.5566 0.3734
9151.6611 0.3728
9153.7715 0.3722
9155.8770 0.3716
9157.9883 0.3711
9160.0957 0.3703
9162.2031 0.3696
9164.3154 0.3691
9166.4238 0.3686
9168.5371 0.3679
9170.6465 0.3672
9172.7617 0.3666
9174.8711 0.3658
9176.9824 0.3650
9179.0986 0.3640
9181.2100 0.3622
9183.3271 0.3610
9185.4395 0.3609
9187.5576 0.3599
9189.6719 0.3589
9191.7852 0.3582
9193.9053 0.3567
9196.0205 0.3565
9198.1406 0.3554
9200.2568 0.3539
9202.3789 0.3523
9204.4951 0.3507
9206.6133 0.3491
9208.7363 0.3462
9210.8545 0.3442
9212.9785 0.3425
9215.0977 0.3400
9217.2227 0.3361
9219.3428 0.3317
9221.4639 0.3301
9223.5908 0.3245
9225.7129 0.3210
9227.8398 0.3177
9229.9629 0.3117
9232.0908 0.3046
9234.2148 0.2968
9236.3447 0.2988
9238.4688 0.3052
9240.5947 0.3109
9242.7256 0.3148
9244.8516 0.3184
9246.9834 0.3226
9249.1104 0.3226
9251.2432 0.3253
9253.3721 0.3291
9255.5010 0.3311
9257.6348 0.3322
9259.7646 0.3327
9261.8994 0.3338
9264.0303 0.3340
9266.1670 0.3307
9268.2988 0.3274
9270.4307 0.3298
9272.5684 0.3316
9274.7012 0.3363
9276.8398 0.3379
9278.9746 0.3376
9281.1143 0.3378
9283.2490 0.3377
9285.3848 0.3376
9287.5264 0.3375
9289.6621 0.3373
9291.8047 0.3370
9293.9424 0.3368
9296.0850 0.3364
9298.2236 0.3361
9300.3633 0.3357
9302.5078 0.3352
9304.6475 0.3349
9306.7930 0.3347
9308.9346 0.3341
9311.0811 0.3337
9313.2227 0.3335
9315.3652 0.3331
9317.5137 0.3326
9319.6572 0.3322
9321.8057 0.3318
9323.9502 0.3311
9326.1006 0.3306
9328.2461 0.3303
9330.3916 0.3298
9332.5439 0.3290
9334.6904 0.3287
9336.8428 0.3286
9338.9912 0.3281
9341.1445 0.3276
9343.2939 0.3271
9345.4434 0.3265
9347.5977 0.3259
9349.7480 0.3256
9351.9043 0.3251
9354.0557 0.3246
9356.2129 0.3240
9358.3652 0.3236
9360.5186 0.3231
9362.6768 0.3226
9364.8301 0.3221
9366.9902 0.3216
9369.1445 0.3211
9371.3057 0.3206
9373.4609 0.3201
9375.6172 0.3196
9377.7793 0.3191
9379.9365 0.3185
9382.0996 0.3180
9384.2578 0.3175
9386.4219 0.3168
9388.5820 0.3167
9390.7461 0.3147
9392.9072 0.3135
9395.0674 0.3137
9397.2344 0.3130
9399.3965 0.3107
9401.5635 0.3129
9403.7266 0.3127
9405.8945 0.3122
9408.0586 0.3111
9410.2227 0.3069
9412.3926 0.3021
9414.5586 0.3089
9416.7295 0.3080
9418.8955 0.3042
9421.0674 0.3042
9423.2344 0.3071
9425.4023 0.3070
9427.5762 0.3055
9429.7451 0.3058
9431.9189 0.3056
9434.0889 0.3046
9436.2646 0.3040
9438.4355 0.3038
9440.6064 0.3031
9442.7832 0.3015
9444.9561 0.3013
9447.1338 0.3016
9449.3076 0.3011
9451.4863 0.3003
9453.6602 0.3000
9455.8350 0.2996
9458.0156 0.2990
9460.1914 0.2984
9462.3730 0.2979
9464.5498 0.2971
9466.7324 0.2962
9468.9102 0.2958
9471.0889 0.2953
9473.2725 0.2948
9475.4521 0.2943
9477.6367 0.2936
9479.8174 0.2930
9482.0029 0.2923
9484.1846 0.2917
9486.3662 0.2908
9488.5537 0.2897
9490.7363 0.2892
9492.9258 0.2888
9495.1094 0.2881
9497.2988 0.2872
9499.4834 0.2864
9501.6689 0.2855
9503.8604 0.2845
9506.0459 0.2836
9508.2383 0.2827
9510.4258 0.2816
9512.6191 0.2804
9514.8076 0.2793
9516.9961 0.2780
9519.1904 0.2767
9521.3809 0.2752
9523.5762 0.2735
9525.7666 0.2717
9527.9639 0.2698
9530.1553 0.2676
9532.3477 0.2652
9534.5459 0.2626
9536.7393 0.2597
9538.9385 0.2564
9541.1328 0.2528
9543.3330 0.2487
9545.5283 0.2437
9547.7246 0.2382
9549.9268 0.2302
9552.1230 0.2259
9554.3262 0.2294
9556.5234 0.2363
9558.7275 0.2407
9560.9268 0.2445
9563.1309 0.2476
9565.3311 0.2501
9567.5322 0.2523
9569.7383 0.2540
9571.9395 0.2556
9574.1465 0.2568
9576.3496 0.2578
9578.5576 0.2586
9580.7607 0.2594
9582.9648 0.2601
9585.1748 0.2605
9587.3799 0.2608
9589.5908 0.2610
9591.7969 0.2612
9594.0088 0.2612
9596.2158 0.2612
9598.4238 0.2610
9600.6367 0.2609
9602.8457 0.2608
9605.0596 0.2604
9607.2695 0.2588
9609.4854 0.2562
9611.6953 0.2588
9613.9062 0.2592
9616.1240 0.2591
9618.3359 0.2587
9620.5537 0.2584
9622.7666 0.2582
9624.9863 0.2545
9627.2002 0.2526
9629.4150 0.2548
9631.6357 0.2564
9633.8516 0.2554
9636.0723 0.2540
9638.2891 0.2504
9640.5117 0.2524
9642.7295 0.2538
9644.9482 0.2535
9647.1719 0.2531
9649.3916 0.2525
9651.6172 0.2522
9653.8369 0.2507
9656.0635 0.2496
9658.2842 0.2499
9660.5068 0.2499
9662.7344 0.2467
9664.9570 0.2434
9667.1855 0.2469
9669.4102 0.2481
9671.6396 0.2472
9673.8643 0.2470
9676.0898 0.2462
9678.3213 0.2452
9680.5479 0.2451
9682.7803 0.2446
9685.0078 0.2434
9687.2412 0.2426
9689.4697 0.2429
9691.6982 0.2425
9693.9336 0.2420
9696.1631 0.2409
9698.3994 0.2402
9700.6299 0.2400
9702.8672 0.2399
9705.0996 0.2395
9707.3320 0.2390
9709.5703 0.2385
9711.8047 0.2380
9714.0439 0.2375
9716.2783 0.2369
9718.5186 0.2364
9720.7549 0.2359
9722.9912 0.2353
9725.2334 0.2348
9727.4707 0.2341
9729.7139 0.2334
9731.9521 0.2330
9734.1963 0.2326
9736.4355 0.2320
9738.6807 0.2315
9740.9209 0.2308
9743.1621 0.2296
9745.4082 0.2288
9747.6504 0.2288
9749.8984 0.2287
9752.1416 0.2281
9754.3896 0.2276
9756.6338 0.2272
9758.8789 0.2266
9761.1289 0.2261
9763.3740 0.2255
9765.6260 0.2250
9767.8721 0.2244
9770.1250 0.2238
9772.3721 0.2233
9774.6201 0.2228
9776.8750 0.2223
9779.1240 0.2217
9781.3789 0.2212
9783.6289 0.2206
9785.8848 0.2201
9788.1367 0.2195
9790.3877 0.2190
9792.6455 0.2183
9794.8984 0.2177
9797.1572 0.2171
9799.4111 0.2167
9801.6709 0.2161
9803.9258 0.2155
9806.1807 0.2149
9808.4424 0.2145
9810.6982 0.2141
9812.9609 0.2135
9815.2188 0.2128
9817.4814 0.2121
9819.7402 0.2116
9821.9990 0.2112
9824.2646 0.2107
9826.5244 0.2100
9828.7900 0.2093
9831.0518 0.2081
9833.3184 0.2076
9835.5801 0.2078
9837.8428 0.2072
9840.1113 0.2066
9842.3750 0.2061
9844.6455 0.2057
9846.9102 0.2049
9849.1807 0.2042
9851.4463 0.2040
9853.7129 0.2035
9855.9844 0.2029
9858.2520 0.2014
9860.5254 0.2001
9862.7939 0.1997
9865.0684 0.1995
9867.3379 0.1990
9869.6074 0.1989
9871.8838 0.1988
9874.1543 0.1984
9876.4316 0.1977
9878.7031 0.1971
9880.9814 0.1967
9883.2549 0.1962
9885.5283 0.1957
9887.8076 0.1950
9890.0830 0.1944
9892.3633 0.1941
9894.6387 0.1914
9896.9209 0.1885
9899.1973 0.1899
9901.4746 0.1918
9903.7578 0.1909
9906.0361 0.1901
9908.3203 0.1899
9910.5996 0.1894
9912.8857 0.1888
9915.1660 0.1881
9917.4521 0.1875
9919.7334 0.1866
9922.0156 0.1855
9924.3037 0.1857
9926.5869 0.1856
9928.8760 0.1849
9931.1602 0.1843
9933.4502 0.1838
9935.7354 0.1817
9938.0205 0.1804
9940.3125 0.1811
9942.5996 0.1817
9944.8926 0.1806
9947.1797 0.1794
9949.4736 0.1792
9951.7627 0.1789
9954.0518 0.1783
9956.3477 0.1776
9958.6377 0.1772
9960.9346 0.1766
9963.2256 0.1759
9965.5234 0.1754
9967.8154 0.1748
9970.1094 0.1741
9972.4082 0.1735
9974.7021 0.1729
9977.0020 0.1723
9979.2979 0.1716
9981.5986 0.1710
9983.8945 0.1703
9986.1914 0.1696
9988.4941 0.1689
9990.7920 0.1682
9993.0967 0.1675
9995.3955 0.1668
9997.7002 0.1660
10000.0000 0.1651
10002.3057 0.1638
10004.6016 0.1626
10006.9082 0.1624
10009.2158 0.1617
10011.5244 0.1607
10013.8223 0.1598
10016.1309 0.1587
10018.4404 0.1576
10020.7402 0.1563
10023.0508 0.1550
10025.3623 0.1536
10027.6738 0.1521
10029.9756 0.1504
10032.2881 0.1486
10034.6016 0.1466
10036.9043 0.1444
10039.2188 0.1420
10041.5342 0.1393
10043.8496 0.1363
10046.1543 0.1329
10048.4707 0.1289
10050.7881 0.1243
10053.0947 0.1179
10055.4131 0.1125
10057.7324 0.1143
10060.0508 0.1205
10062.3604 0.1242
10064.6807 0.1272
10067.0010 0.1298
10069.3115 0.1317
10071.6338 0.1334
10073.9561 0.1347
10076.2793 0.1358
10078.5918 0.1368
10080.9160 0.1375
10083.2402 0.1380
10085.5547 0.1384
10087.8799 0.1388
10090.2061 0.1390
10092.5332 0.1391
10094.8496 0.1392
10097.1777 0.1391
10099.5059 0.1391
10101.8232 0.1389
10104.1533 0.1387
10106.4834 0.1385
10108.8135 0.1381
10111.1338 0.1374
10113.4648 0.1366
10115.7969 0.1363
10118.1191 0.1351
10120.4521 0.1344
10122.7861 0.1349
10125.1201 0.1357
10127.4434 0.1346
10129.7793 0.1312
10132.1152 0.1323
10134.4404 0.1334
10136.7773 0.1332
10139.1152 0.1328
10141.4531 0.1323
10143.7803 0.1318
10146.1191 0.1313
10148.4590 0.1308
10150.7881 0.1301
10153.1289 0.1293
10155.4707 0.1290
10157.8125 0.1287
10160.1436 0.1280
10162.4863 0.1274
10164.8301 0.1271
10167.1621 0.1265
10169.5068 0.1255
10171.8525 0.1249
10174.1973 0.1248
10176.5322 0.1244
10178.8789 0.1237
10181.2266 0.1231
10183.5742 0.1227
10185.9111 0.1222
10188.2607 0.1212
10190.6094 0.1205
10192.9482 0.1202
10195.2988 0.1199
10197.6504 0.1193
10200.0020 0.1188
10202.3428 0.1183
10204.6953 0.1177
10207.0479 0.1171
10209.3906 0.1166
10211.7451 0.1160
10214.0996 0.1154
10216.4551 0.1149
10218.7998 0.1143
10221.1562 0.1136
10223.5137 0.1129
10225.8594 0.1126
10228.2178 0.1120
10230.5762 0.1114
10232.9355 0.1109
10235.2842 0.1103
10237.6436 0.1098
10240.0049 0.1092
10242.3545 0.1086
10244.7168 0.1080
10247.0791 0.1075
10249.4424 0.1069
10251.7939 0.1062
10254.1582 0.1057
10256.5234 0.1052
10258.8770 0.1046
10261.2422 0.1040
10263.6084 0.1034
10265.9756 0.1029
10268.3311 0.1023
10270.6992 0.1018
10273.0674 0.1012
10275.4258 0.1006
10277.7949 0.1000
10280.1650 0.0994
10282.5352 0.0988
10284.8955 0.0983
10287.2666 0.0977
10289.6396 0.0972
10292.0010 0.0966
10294.3740 0.0958
10296.7480 0.0952
10299.1221 0.0948
10301.4863 0.0943
10303.8613 0.0937
10306.2373 0.0931
10308.6025 0.0925
10310.9795 0.0919
10313.3574 0.0914
10315.7363 0.0907
10318.1035 0.0901
10320.4824 0.0896
10322.8623 0.0891
10325.2314 0.0884
10327.6123 0.0878
10329.9941 0.0873
10332.3760 0.0867
10334.7471 0.0861
10337.1309 0.0852
10339.5146 0.0843
10341.8877 0.0843
10344.2725 0.0838
10346.6572 0.0832
10349.0430 0.0826
10351.4189 0.0820
10353.8057 0.0815
10356.1934 0.0809
10358.5693 0.0803
10360.9580 0.0797
10363.3477 0.0792
10365.7373 0.0786
10368.1162 0.0779
10370.5068 0.0771
10372.8984 0.0767
10375.2793 0.0759
10377.6719 0.0749
10380.0645 0.0745
10382.4580 0.0744
10384.8408 0.0738
10387.2363 0.0733
10389.6309 0.0727
