3562.0508 1.5988
3562.8704 1.6267
3563.6899 1.6522
3564.5117 1.6345
3565.3318 1.5731
3566.1538 1.5101
3566.9744 1.4869
3567.7969 1.5090
3568.6177 1.5345
3569.4385 1.5196
3570.2617 1.4908
3571.0830 1.4783
3571.9065 1.4859
3572.7283 1.4950
3573.5520 1.4957
3574.3740 1.4962
3575.1963 1.5008
3576.0208 1.5099
3576.8435 1.5226
3577.6682 1.5377
3578.4915 1.5545
3579.3167 1.5750
3580.1399 1.5863
3580.9636 1.5765
3581.7893 1.5522
3582.6133 1.5360
3583.4395 1.5348
3584.2639 1.5059
3585.0903 1.4361
3585.9150 1.3643
3586.7400 1.3315
3587.5671 1.3454
3588.3923 1.3831
3589.2200 1.4271
3590.0457 1.4801
3590.8735 1.5354
3591.6995 1.5759
3592.5259 1.5856
3593.3542 1.5705
3594.1809 1.5606
3595.0098 1.5668
3595.8367 1.5831
3596.6660 1.6005
3597.4934 1.6143
3598.3208 1.6213
3599.1506 1.6201
3599.9788 1.6104
3600.8088 1.5905
3601.6372 1.5592
3602.4678 1.5198
3603.2964 1.4845
3604.1252 1.4712
3604.9565 1.4776
3605.7859 1.4956
3606.6172 1.5190
3607.4470 1.5424
3608.2788 1.5507
3609.1089 1.5287
3609.9392 1.4931
3610.7717 1.4672
3611.6023 1.4629
3612.4351 1.4730
3613.2661 1.4799
3614.0994 1.4865
3614.9307 1.5116
3615.7625 1.5508
3616.5962 1.5817
3617.4282 1.5801
3618.2625 1.5409
3619.0947 1.4941
3619.9292 1.4764
3620.7620 1.4873
3621.5969 1.5089
3622.4302 1.5293
3623.2634 1.5512
3624.0989 1.5672
3624.9326 1.5813
3625.7686 1.6072
3626.6028 1.6469
3627.4390 1.6819
3628.2734 1.6915
3629.1082 1.6775
3629.9451 1.6403
3630.7800 1.5805
3631.6174 1.5127
3632.4529 1.4686
3633.2903 1.4704
3634.1262 1.4987
3634.9622 1.5301
3635.8005 1.5581
3636.6370 1.5833
3637.4756 1.6053
3638.3123 1.6260
3639.1514 1.6481
3639.9885 1.6612
3640.8259 1.6602
3641.6653 1.6498
3642.5032 1.6390
3643.3430 1.6282
3644.1812 1.6126
3645.0215 1.5982
3645.8601 1.5924
3646.6990 1.5961
3647.5398 1.6016
3648.3789 1.5992
3649.2202 1.5908
3650.0596 1.5823
3650.9014 1.5845
3651.7412 1.6058
3652.5813 1.6437
3653.4236 1.6806
3654.2642 1.6981
3655.1067 1.6978
3655.9475 1.6925
3656.7908 1.6940
3657.6318 1.7046
3658.4734 1.7151
3659.3169 1.7148
3660.1587 1.7087
3661.0029 1.7039
3661.8450 1.7011
3662.6895 1.6944
3663.5320 1.6828
3664.3748 1.6739
3665.2197 1.6780
3666.0630 1.6954
3666.9084 1.7144
3667.7520 1.7181
3668.5977 1.7001
3669.4417 1.6688
3670.2859 1.6496
3671.1321 1.6599
3671.9768 1.6952
3672.8235 1.7299
3673.6685 1.7392
3674.5156 1.7300
3675.3608 1.7214
3676.2063 1.7092
3677.0542 1.6821
3677.8999 1.6448
3678.7480 1.6249
3679.5945 1.6313
3680.4429 1.6464
3681.2896 1.6622
3682.1365 1.6765
3682.9856 1.6849
3683.8328 1.6861
3684.6824 1.6784
3685.5300 1.6587
3686.3799 1.6344
3687.2278 1.6189
3688.0781 1.6247
3688.9265 1.6563
3689.7751 1.6976
3690.6260 1.7267
3691.4751 1.7405
3692.3264 1.7466
3693.1758 1.7505
3694.0273 1.7485
3694.8772 1.7413
3695.7273 1.7358
3696.5793 1.7261
3697.4299 1.7116
3698.2825 1.7117
3699.1333 1.7529
3699.9863 1.8147
3700.8374 1.8500
3701.6887 1.8431
3702.5425 1.8010
3703.3943 1.7370
3704.2483 1.6705
3705.1003 1.6320
3705.9548 1.6320
3706.8074 1.6638
3707.6599 1.7114
3708.5149 1.7524
3709.3682 1.7635
3710.2234 1.7371
3711.0771 1.6891
3711.9329 1.6474
3712.7866 1.6416
3713.6409 1.6916
3714.4973 1.7824
3715.3518 1.8589
3716.2085 1.9200
3717.0635 1.9793
3717.9204 2.0270
3718.7759 2.0253
3719.6313 1.9540
3720.4890 1.8346
3721.3450 1.7040
3722.2031 1.6085
3723.0593 1.5886
3723.9180 1.6585
3724.7747 1.7811
3725.6316 1.9008
3726.4905 1.9662
3727.3479 1.9691
3728.2073 1.9502
3729.0649 1.9694
3729.9250 2.0198
3730.7830 2.0182
3731.6414 1.9510
3732.5017 1.8385
3733.3604 1.7084
3734.2214 1.5924
3735.0803 1.5340
3735.9417 1.5601
3736.8013 1.6427
3737.6609 1.7525
3738.5227 1.8719
3739.3828 1.9891
3740.2451 2.0876
3741.1055 2.1562
3741.9683 2.1791
3742.8291 2.1570
3743.6899 2.1094
3744.5532 2.0625
3745.4148 2.0186
3746.2786 1.9528
3747.1404 1.8728
3748.0044 1.7777
3748.8667 1.6673
3749.7290 1.5652
3750.5938 1.5265
3751.4565 1.5891
3752.3215 1.7232
3753.1848 1.8778
3754.0503 2.0158
3754.9138 2.1273
3755.7798 2.2138
3756.6438 2.2454
3757.5081 2.2026
3758.3745 2.1265
3759.2390 2.0752
3760.1060 2.0767
3760.9709 2.1105
3761.8381 2.1532
3762.7036 2.2034
3763.5693 2.2462
3764.4370 2.2659
3765.3032 2.2578
3766.1714 2.2186
3767.0378 2.1360
3767.9065 2.0338
3768.7732 1.9249
3769.6401 1.8113
3770.5095 1.7064
3771.3770 1.6614
3772.2466 1.7254
3773.1145 1.8491
3773.9844 1.9667
3774.8528 2.0470
3775.7209 2.1072
3776.5918 2.1819
3777.4604 2.2803
3778.3315 2.3787
3779.2009 2.4677
3780.0723 2.5499
3780.9419 2.6209
3781.8118 2.6569
3782.6838 2.6566
3783.5540 2.6581
3784.4265 2.6730
3785.2971 2.6705
3786.1699 2.6021
3787.0410 2.4780
3787.9121 2.3952
3788.7856 2.3601
3789.6572 2.3465
3790.5310 2.3394
3791.4031 2.3404
3792.2773 2.3349
3793.1499 2.2882
3794.0225 2.1970
3794.8972 2.0847
3795.7703 1.9743
3796.6455 1.8687
3797.5190 1.7561
3798.3948 1.6696
3799.2686 1.6798
3800.1426 1.7914
3801.0188 1.9561
3801.8933 2.1168
3802.7700 2.2587
3803.6448 2.3936
3804.5220 2.4891
3805.3972 2.5256
3806.2727 2.5139
3807.1504 2.4945
3808.0261 2.5216
3808.9043 2.6276
3809.7805 2.7666
3810.6589 2.8834
3811.5356 2.9379
3812.4126 2.9053
3813.2917 2.7816
3814.1689 2.6366
3815.0483 2.5625
3815.9260 2.5827
3816.8059 2.6724
3817.6841 2.7882
3818.5623 2.8700
3819.4429 2.8635
3820.3215 2.7911
3821.2024 2.7317
3822.0815 2.7427
3822.9629 2.7961
3823.8423 2.7776
3824.7241 2.6519
3825.6040 2.5317
3826.4841 2.4672
3827.3665 2.4399
3828.2468 2.4164
3829.1296 2.3904
3830.0105 2.3597
3830.8938 2.3092
3831.7751 2.2232
3832.6565 2.1005
3833.5403 1.9606
3834.4224 1.8318
3835.3064 1.7282
3836.1887 1.6941
3837.0735 1.7474
3837.9561 1.8617
3838.8391 1.9813
3839.7244 2.0783
3840.6077 2.1674
3841.4932 2.2798
3842.3770 2.4174
3843.2629 2.5517
3844.1472 2.6429
3845.0315 2.6841
3845.9182 2.6952
3846.8030 2.7291
3847.6899 2.7977
3848.5752 2.8619
3849.4626 2.8676
3850.3481 2.8365
3851.2339 2.8770
3852.1221 2.9772
3853.0083 3.0687
3853.8967 3.1098
3854.7832 3.1117
3855.6721 3.0873
3856.5591 3.0675
3857.4463 3.0942
3858.3359 3.1243
3859.2234 3.1116
3860.1135 3.0917
3861.0015 3.1499
3861.8918 3.2464
3862.7803 3.2955
3863.6687 3.2974
3864.5598 3.2939
3865.4487 3.3015
3866.3401 3.2992
3867.2297 3.3002
3868.1213 3.3376
3869.0112 3.3965
3869.9014 3.4309
3870.7937 3.3944
3871.6841 3.2614
3872.5769 3.0535
3873.4678 2.9114
3874.3611 2.9178
3875.2524 3.0406
3876.1438 3.1560
3877.0376 3.1595
3877.9297 3.0281
3878.8237 2.8797
3879.7161 2.8308
3880.6108 2.8880
3881.5037 2.9295
3882.3965 2.8581
3883.2917 2.7383
3884.1851 2.6219
3885.0808 2.4991
3885.9746 2.3497
3886.8706 2.1857
3887.7649 2.0353
3888.6592 1.8998
3889.5559 1.8190
3890.4507 1.8375
3891.3479 1.9588
3892.2429 2.1283
3893.1406 2.2827
3894.0361 2.3964
3894.9341 2.4788
3895.8301 2.5464
3896.7263 2.6107
3897.6250 2.6715
3898.5215 2.7112
3899.4207 2.7341
3900.3176 2.7936
3901.2170 2.9079
3902.1145 3.0326
3903.0122 3.0879
3903.9121 3.0652
3904.8103 3.0475
3905.7107 3.0018
3906.6094 2.9429
3907.5100 2.9373
3908.4089 3.0348
3909.3081 3.1858
3910.2097 3.3247
3911.1091 3.4273
3912.0110 3.4744
3912.9111 3.4549
3913.8132 3.3877
3914.7136 3.3338
3915.6143 3.3236
3916.5171 3.2990
3917.4182 3.2556
3918.3215 3.2238
3919.2229 3.2204
3920.1267 3.2464
3921.0286 3.3081
3921.9307 3.4082
3922.8350 3.5327
3923.7373 3.6560
3924.6421 3.7393
3925.5452 3.7316
3926.4502 3.6644
3927.3535 3.6050
3928.2571 3.5409
3929.1628 3.4396
3930.0667 3.3099
3930.9731 3.1699
3931.8774 3.0006
3932.7839 2.7293
3933.6887 2.4404
3934.5938 2.3237
3935.5010 2.5204
3936.4062 2.9159
3937.3142 3.2478
3938.2200 3.4369
3939.1279 3.5383
3940.0342 3.6098
3940.9407 3.6308
3941.8494 3.5439
3942.7561 3.4156
3943.6653 3.3089
3944.5725 3.2655
3945.4822 3.3116
3946.3899 3.4309
3947.2979 3.5002
3948.2080 3.4220
3949.1162 3.3030
3950.0269 3.2343
3950.9355 3.2276
3951.8467 3.2348
3952.7559 3.2195
3953.6650 3.2444
3954.5769 3.3026
3955.4866 3.3079
3956.3987 3.2150
3957.3088 3.1041
3958.2214 3.1074
3959.1321 3.2029
3960.0449 3.2587
3960.9561 3.2094
3961.8672 3.0783
3962.7808 2.9417
3963.6924 2.8547
3964.6064 2.7867
3965.5186 2.6895
3966.4329 2.5326
3967.3455 2.3124
3968.2581 2.0588
3969.1731 1.8360
3970.0862 1.7368
3971.0017 1.7892
3971.9153 1.9528
3972.8313 2.1575
3973.7451 2.3419
3974.6592 2.4906
3975.5759 2.6311
3976.4905 2.7480
3977.4075 2.8426
3978.3225 2.9379
3979.2397 3.0553
3980.1553 3.1759
3981.0708 3.2405
3981.9888 3.2223
3982.9050 3.1723
3983.8232 3.1611
3984.7397 3.2167
3985.6587 3.3111
3986.5757 3.3939
3987.4927 3.4556
3988.4121 3.4952
3989.3298 3.5080
3990.2498 3.4990
3991.1677 3.5086
3992.0879 3.5586
3993.0063 3.6153
3993.9250 3.6399
3994.8459 3.6105
3995.7649 3.5317
3996.6863 3.4358
3997.6057 3.3640
3998.5276 3.3850
3999.4475 3.5057
4000.3674 3.6603
4001.2900 3.7494
4002.2104 3.7465
4003.1333 3.7267
4004.0544 3.6822
4004.9775 3.5822
4005.8989 3.4602
4006.8206 3.4316
4007.7446 3.5520
4008.6665 3.7090
4009.5908 3.8186
4010.5132 3.8673
4011.4380 3.8729
4012.3608 3.8522
4013.2839 3.8246
4014.2095 3.8181
4015.1328 3.8227
4016.0588 3.8300
4016.9827 3.8354
4017.9089 3.8422
4018.8333 3.8915
4019.7578 3.9966
4020.6848 4.0511
4021.6096 4.0118
4022.5371 3.9172
4023.4624 3.8331
4024.3901 3.7735
4025.3162 3.7598
4026.2422 3.8505
4027.1704 3.9856
4028.0969 4.0510
4029.0259 3.9871
4029.9526 3.8309
4030.8821 3.6279
4031.8093 3.4786
4032.7390 3.4408
4033.6667 3.5116
4034.5947 3.6415
4035.5251 3.7721
4036.4534 3.8797
4037.3843 3.9671
4038.3130 4.0223
4039.2441 4.0283
4040.1736 3.9804
4041.1030 3.8903
4042.0347 3.8432
4042.9646 3.8486
4043.8970 3.8277
4044.8271 3.7184
4045.7600 3.5750
4046.6907 3.5603
4047.6216 3.7391
4048.5549 3.9017
4049.4863 3.9475
4050.4202 3.9184
4051.3521 3.8892
4052.2861 3.8453
4053.2185 3.7627
4054.1509 3.6765
4055.0857 3.6314
4056.0186 3.6475
4056.9539 3.6985
4057.8872 3.7197
4058.8230 3.7319
4059.7566 3.7853
4060.6907 3.8424
4061.6270 3.8277
4062.5613 3.7120
4063.4983 3.5612
4064.4331 3.5392
4065.3701 3.6329
4066.3054 3.7041
4067.2410 3.6681
4068.1787 3.6064
4069.1147 3.6541
4070.0530 3.7227
4070.9893 3.6945
4071.9280 3.6044
4072.8647 3.5504
4073.8018 3.5616
4074.7412 3.5602
4075.6787 3.4701
4076.6184 3.2893
4077.5562 3.1028
4078.4966 3.0278
4079.4348 3.1305
4080.3733 3.3243
4081.3142 3.4816
4082.2532 3.5508
4083.1943 3.5230
4084.1338 3.4268
4085.0757 3.3253
4086.0154 3.2671
4086.9553 3.2713
4087.8977 3.3224
4088.8381 3.3780
4089.7810 3.4002
4090.7219 3.3804
4091.6653 3.3379
4092.6064 3.2884
4093.5481 3.2417
4094.4919 3.1869
4095.4338 3.1044
4096.3784 2.9875
4097.3208 2.8590
4098.2656 2.7301
4099.2085 2.5904
4100.1514 2.4261
4101.0967 2.2412
4102.0400 2.0823
4102.9863 2.0494
4103.9302 2.1771
4104.8765 2.3762
4105.8208 2.5662
4106.7676 2.7096
4107.7124 2.8053
4108.6572 2.8757
4109.6045 2.9227
4110.5503 2.9632
4111.4980 3.0203
4112.4438 3.1014
4113.3921 3.1891
4114.3384 3.2685
4115.2852 3.3452
4116.2339 3.4159
4117.1807 3.4440
4118.1304 3.3979
4119.0776 3.3051
4120.0273 3.2684
4120.9751 3.3109
4121.9233 3.3415
4122.8740 3.3366
4123.8223 3.3387
4124.7734 3.3873
4125.7222 3.4498
4126.6733 3.4522
4127.6230 3.3897
4128.5723 3.3164
4129.5244 3.2866
4130.4746 3.3006
4131.4268 3.2981
4132.3774 3.2702
4133.3301 3.2803
4134.2812 3.3561
4135.2324 3.4798
4136.1855 3.6042
4137.1372 3.6704
4138.0913 3.6969
4139.0435 3.7684
4139.9976 3.8647
4140.9502 3.9024
4141.9028 3.8235
4142.8579 3.6393
4143.8110 3.4690
4144.7666 3.4473
4145.7202 3.5541
4146.6758 3.6805
4147.6299 3.7435
4148.5840 3.7462
4149.5405 3.6966
4150.4951 3.6535
4151.4526 3.6484
4152.4072 3.6631
4153.3647 3.6453
4154.3203 3.5722
4155.2764 3.4980
4156.2344 3.4687
4157.1904 3.4870
4158.1489 3.5368
4159.1055 3.6014
4160.0649 3.6445
4161.0220 3.6452
4161.9790 3.6491
4162.9390 3.6939
4163.8965 3.7677
4164.8564 3.8161
4165.8149 3.8211
4166.7754 3.7788
4167.7339 3.7400
4168.6929 3.7465
4169.6538 3.7767
4170.6133 3.7359
4171.5752 3.5660
4172.5347 3.3678
4173.4971 3.2746
4174.4570 3.3146
4175.4175 3.4201
4176.3799 3.4827
4177.3408 3.4399
4178.3042 3.3490
4179.2651 3.3392
4180.2290 3.4404
4181.1909 3.5657
4182.1548 3.5878
4183.1172 3.5200
4184.0796 3.4872
4185.0444 3.5159
4186.0068 3.5601
4186.9722 3.5526
4187.9355 3.4778
4188.9014 3.4682
4189.8647 3.5751
4190.8286 3.6554
4191.7949 3.6693
4192.7593 3.6848
4193.7261 3.7550
4194.6909 3.7882
4195.6582 3.6972
4196.6235 3.5768
4197.5889 3.4743
4198.5571 3.3852
4199.5229 3.3397
4200.4912 3.4243
4201.4575 3.4961
4202.4263 3.4879
4203.3931 3.4579
4204.3599 3.4611
4205.3296 3.4708
4206.2969 3.5068
4207.2671 3.5922
4208.2349 3.6600
4209.2051 3.6792
4210.1738 3.6769
4211.1421 3.7065
4212.1133 3.7883
4213.0820 3.8545
4214.0537 3.8352
4215.0229 3.7186
4215.9951 3.5694
4216.9648 3.5087
4217.9351 3.5928
4218.9077 3.6779
4219.8784 3.7040
4220.8516 3.7019
4221.8223 3.7037
4222.7959 3.6840
4223.7676 3.6197
4224.7393 3.5037
4225.7134 3.3629
4226.6855 3.2662
4227.6602 3.2871
4228.6328 3.4476
4229.6079 3.6636
4230.5806 3.7900
4231.5542 3.7962
4232.5298 3.6926
4233.5034 3.5344
4234.4800 3.4303
4235.4541 3.4352
4236.4307 3.4636
4237.4053 3.4900
4238.3799 3.4876
4239.3574 3.4574
4240.3325 3.4642
4241.3105 3.5564
4242.2861 3.6272
4243.2642 3.6532
4244.2407 3.6566
4245.2168 3.6413
4246.1958 3.5805
4247.1729 3.5064
4248.1519 3.4971
4249.1294 3.5261
4250.1094 3.5276
4251.0869 3.4896
4252.0649 3.4851
4253.0454 3.5418
4254.0239 3.5681
4255.0049 3.5794
4255.9834 3.6089
4256.9648 3.6475
4257.9443 3.6423
4258.9263 3.5780
4259.9058 3.4907
4260.8857 3.4272
4261.8687 3.4359
4262.8491 3.5237
4263.8320 3.6303
4264.8130 3.7020
4265.7964 3.7473
4266.7778 3.7560
4267.7593 3.7215
4268.7432 3.6554
4269.7256 3.5808
4270.7100 3.4953
4271.6924 3.3916
4272.6772 3.3558
4273.6606 3.3976
4274.6436 3.4557
4275.6294 3.4864
4276.6128 3.5491
4277.5991 3.6321
4278.5830 3.6714
4279.5698 3.6644
4280.5542 3.6430
4281.5391 3.6178
4282.5264 3.5834
4283.5117 3.5551
4284.4990 3.5414
4285.4849 3.5395
4286.4731 3.5379
4287.4590 3.5177
4288.4453 3.4531
4289.4346 3.3405
4290.4214 3.2602
4291.4106 3.2972
4292.3979 3.4430
4293.3877 3.5611
4294.3755 3.5569
4295.3633 3.5036
4296.3535 3.4416
4297.3423 3.3938
4298.3330 3.3569
4299.3218 3.2917
4300.3135 3.1877
4301.3027 3.1548
4302.2920 3.1656
4303.2842 3.1924
4304.2744 3.2384
4305.2666 3.3000
4306.2573 3.3258
4307.2500 3.3124
4308.2412 3.2624
4309.2319 3.2231
4310.2261 3.2562
4311.2173 3.3719
4312.2114 3.4651
4313.2036 3.4282
4314.1982 3.3162
4315.1904 3.2287
4316.1836 3.2341
4317.1787 3.3241
4318.1719 3.4011
4319.1675 3.4185
4320.1611 3.3861
4321.1572 3.3373
4322.1514 3.3098
4323.1460 3.3206
4324.1426 3.3136
4325.1377 3.2057
4326.1348 3.0652
4327.1299 2.9977
4328.1279 3.0368
4329.1235 3.0994
4330.1196 3.0898
4331.1182 3.0256
4332.1143 2.9633
4333.1133 2.9129
4334.1104 2.8565
4335.1099 2.7886
4336.1069 2.7086
4337.1069 2.5754
4338.1045 2.4071
4339.1025 2.2373
4340.1030 2.0927
4341.1016 2.0051
4342.1025 2.0476
4343.1016 2.1947
4344.1030 2.3500
4345.1025 2.4842
4346.1021 2.6124
4347.1040 2.7312
4348.1040 2.8243
4349.1069 2.9005
4350.1074 2.9315
4351.1104 2.8994
4352.1113 2.8423
4353.1128 2.8572
4354.1167 2.9882
4355.1182 3.1276
4356.1226 3.2217
4357.1245 3.2566
4358.1294 3.2356
4359.1318 3.1849
4360.1348 3.1772
4361.1401 3.2302
4362.1436 3.2908
4363.1494 3.3412
4364.1528 3.3906
4365.1592 3.4343
4366.1636 3.4502
4367.1680 3.4091
4368.1753 3.3338
4369.1802 3.2766
4370.1875 3.2764
4371.1929 3.3303
4372.2007 3.4092
4373.2065 3.4390
4374.2129 3.3772
4375.2212 3.2823
4376.2280 3.2582
4377.2368 3.3521
4378.2441 3.4757
4379.2534 3.5237
4380.2612 3.5203
4381.2686 3.4960
4382.2793 3.4379
4383.2871 3.3090
4384.2979 3.1393
4385.3066 3.0682
4386.3179 3.1223
4387.3267 3.2306
4388.3359 3.3142
4389.3481 3.3562
4390.3579 3.3703
4391.3701 3.3598
4392.3804 3.3729
4393.3936 3.3906
4394.4043 3.3587
4395.4150 3.2841
4396.4287 3.2892
4397.4399 3.3745
4398.4541 3.4162
4399.4658 3.3797
4400.4805 3.3116
4401.4927 3.2699
4402.5054 3.3074
4403.5205 3.3667
4404.5337 3.3777
4405.5493 3.3728
4406.5625 3.4016
4407.5786 3.4231
4408.5928 3.3739
4409.6069 3.3458
4410.6240 3.3643
4411.6387 3.4067
4412.6558 3.4446
4413.6709 3.4564
4414.6885 3.3970
4415.7041 3.3131
4416.7227 3.2528
4417.7388 3.2262
4418.7549 3.2438
4419.7739 3.3322
4420.7905 3.4355
4421.8101 3.4443
4422.8271 3.3933
4423.8472 3.3660
4424.8647 3.4046
4425.8828 3.4634
4426.9033 3.4632
4427.9219 3.4187
4428.9429 3.3814
4429.9619 3.3543
4430.9834 3.3301
4432.0024 3.3336
4433.0220 3.3474
4434.0444 3.3253
4435.0645 3.3070
4436.0874 3.3253
4437.1079 3.3801
4438.1309 3.4485
4439.1519 3.4980
4440.1733 3.5044
4441.1968 3.4443
4442.2188 3.3210
4443.2432 3.1783
4444.2651 3.1034
4445.2900 3.1777
4446.3125 3.3039
4447.3354 3.3676
4448.3613 3.3707
4449.3843 3.3592
4450.4106 3.3294
4451.4341 3.2908
4452.4609 3.3149
4453.4849 3.3401
4454.5098 3.3100
4455.5366 3.2448
4456.5615 3.2251
4457.5894 3.2514
4458.6147 3.2277
4459.6431 3.1860
4460.6689 3.1583
4461.6953 3.1411
4462.7241 3.1322
4463.7505 3.1813
4464.7798 3.2354
4465.8071 3.2554
4466.8369 3.2390
4467.8643 3.1985
4468.8921 3.1445
4469.9229 3.1124
4470.9512 3.1427
4471.9819 3.2128
4473.0107 3.2874
4474.0425 3.3456
4475.0718 3.3799
4476.1011 3.3720
4477.1333 3.3756
4478.1631 3.3990
4479.1958 3.3801
4480.2266 3.2630
4481.2593 3.0893
4482.2905 2.9948
4483.3213 3.0681
4484.3555 3.1989
4485.3872 3.3006
4486.4214 3.3532
4487.4536 3.3575
4488.4883 3.2969
4489.5210 3.2087
4490.5537 3.1644
4491.5889 3.1845
4492.6226 3.2423
4493.6582 3.2903
4494.6919 3.2795
4495.7285 3.2682
4496.7627 3.2857
4497.7998 3.3202
4498.8345 3.3485
4499.8696 3.3531
4500.9072 3.3073
4501.9424 3.2669
4502.9805 3.3021
4504.0166 3.3887
4505.0552 3.4533
4506.0913 3.4598
4507.1279 3.4197
4508.1675 3.3455
4509.2046 3.3067
4510.2446 3.3330
4511.2822 3.3903
4512.3223 3.4138
4513.3604 3.3954
4514.3984 3.3347
4515.4395 3.2630
4516.4785 3.2309
4517.5200 3.2572
4518.5591 3.2927
4519.6011 3.2865
4520.6406 3.2541
4521.6807 3.2117
4522.7236 3.1660
4523.7642 3.1356
4524.8071 3.1479
4525.8481 3.1626
4526.8916 3.1681
4527.9331 3.1537
4528.9746 3.1214
4530.0190 3.0966
4531.0610 3.1145
4532.1060 3.1496
4533.1489 3.1406
4534.1938 3.0926
4535.2373 3.0797
4536.2803 3.1559
4537.3267 3.2700
4538.3701 3.3308
4539.4170 3.3085
4540.4609 3.2423
4541.5083 3.1909
4542.5527 3.1942
4543.5981 3.2412
4544.6455 3.2629
4545.6909 3.2485
4546.7393 3.2260
4547.7852 3.1903
4548.8340 3.1173
4549.8804 3.0232
4550.9272 3.0077
4551.9766 3.0959
4553.0239 3.1455
4554.0737 3.0956
4555.1216 3.0014
4556.1719 2.9620
4557.2197 3.0255
4558.2686 3.0992
4559.3193 3.1442
4560.3682 3.1815
4561.4199 3.2262
4562.4692 3.2387
4563.5215 3.1909
4564.5713 3.1274
4565.6211 3.1080
4566.6743 3.1468
4567.7246 3.2178
4568.7778 3.2816
4569.8291 3.3088
4570.8828 3.2808
4571.9341 3.2076
4572.9888 3.1595
4574.0405 3.1900
4575.0928 3.2474
4576.1479 3.2428
4577.2007 3.2279
4578.2559 3.2323
4579.3091 3.2288
4580.3652 3.1888
4581.4189 3.1345
4582.4731 3.0818
4583.5298 3.0173
4584.5840 3.0097
4585.6411 3.0765
4586.6963 3.1597
4587.7539 3.1805
4588.8091 3.1510
4589.8647 3.1378
4590.9233 3.1255
4591.9795 3.0948
4593.0386 3.0642
4594.0952 3.0759
4595.1543 3.1092
4596.2114 3.1207
4597.2690 3.1336
4598.3291 3.1525
4599.3867 3.1587
4600.4473 3.1460
4601.5059 3.1334
4602.5669 3.1452
4603.6255 3.1593
4604.6846 3.1583
4605.7466 3.1488
4606.8062 3.1547
4607.8687 3.1880
4608.9287 3.2333
4609.9912 3.2573
4611.0518 3.2444
4612.1128 3.2092
4613.1763 3.1863
4614.2373 3.1819
4615.3013 3.1799
4616.3633 3.1647
4617.4277 3.1398
4618.4897 3.1110
4619.5522 3.0763
4620.6177 3.0732
4621.6807 3.1300
4622.7466 3.1980
4623.8096 3.2350
4624.8760 3.2283
4625.9399 3.1931
4627.0044 3.1769
4628.0713 3.1578
4629.1357 3.1143
4630.2031 3.0889
4631.2686 3.1250
4632.3364 3.1800
4633.4023 3.1759
4634.4678 3.1349
4635.5366 3.1131
4636.6030 3.1227
4637.6724 3.1403
4638.7393 3.1498
4639.8091 3.1649
4640.8765 3.1766
4641.9438 3.1821
4643.0142 3.1786
4644.0825 3.1663
4645.1533 3.1474
4646.2222 3.1064
4647.2935 3.0462
4648.3623 3.0150
4649.4316 3.0370
4650.5039 3.0949
4651.5737 3.1448
4652.6465 3.1632
4653.7168 3.1590
4654.7900 3.1317
4655.8608 3.0999
4656.9346 3.0897
4658.0059 3.1116
4659.0771 3.1675
4660.1519 3.2088
4661.2236 3.2117
4662.2983 3.1856
4663.3711 3.1504
4664.4463 3.1158
4665.5195 3.0888
4666.5928 3.0124
4667.6689 2.9292
4668.7427 2.9077
4669.8193 2.9692
4670.8936 3.0563
4671.9707 3.1113
4673.0454 3.1168
4674.1206 3.1181
4675.1982 3.1430
4676.2739 3.1808
4677.3521 3.1937
4678.4282 3.1552
4679.5073 3.1056
4680.5835 3.0914
4681.6602 3.1120
4682.7397 3.1415
4683.8174 3.1684
4684.8975 3.1893
4685.9751 3.1918
4687.0557 3.1852
4688.1338 3.1770
4689.2124 3.1665
4690.2935 3.1504
4691.3726 3.1295
4692.4546 3.1177
4693.5342 3.1243
4694.6162 3.1433
4695.6963 3.1619
4696.7764 3.1705
4697.8594 3.1547
4698.9404 3.1152
4700.0239 3.0811
4701.1050 3.0604
4702.1890 3.0372
4703.2710 3.0030
4704.3530 2.9990
4705.4375 3.0408
4706.5200 3.0669
4707.6055 3.0519
4708.6885 3.0237
4709.7744 3.0246
4710.8579 3.0622
4711.9414 3.1035
4713.0283 3.1097
4714.1123 3.0754
4715.1992 3.0336
4716.2842 3.0346
4717.3716 3.0799
4718.4570 3.1161
4719.5425 3.1344
4720.6309 3.1381
4721.7168 3.1297
4722.8057 3.1184
4723.8921 3.1247
4724.9814 3.1469
4726.0684 3.1547
4727.1553 3.1288
4728.2456 3.0777
4729.3335 3.0341
4730.4238 3.0128
4731.5122 2.9889
4732.6030 2.9918
4733.6919 3.0305
4734.7808 3.0751
4735.8726 3.0824
4736.9624 3.0464
4738.0547 3.0381
4739.1445 3.0637
4740.2373 3.0860
4741.3276 3.0817
4742.4214 3.0779
4743.5122 3.0882
4744.6035 3.0869
4745.6973 3.0796
4746.7891 3.0753
4747.8838 3.0709
4748.9761 3.0593
4750.0713 3.0626
4751.1641 3.0711
4752.2568 3.0607
4753.3525 3.0337
4754.4463 3.0077
4755.5425 2.9882
4756.6367 2.9768
4757.7334 2.9979
4758.8281 3.0424
4759.9229 3.0782
4761.0205 3.0766
4762.1157 3.0369
4763.2139 2.9857
4764.3096 2.9521
4765.4082 2.9383
4766.5044 2.9448
4767.6011 2.9720
4768.7002 3.0104
4769.7974 3.0438
4770.8975 3.0553
4771.9951 3.0446
4773.0952 3.0347
4774.1934 3.0482
4775.2915 3.0748
4776.3926 3.0874
4777.4917 3.0933
4778.5933 3.0926
4779.6924 3.0779
4780.7949 3.0567
4781.8945 3.0562
4782.9946 3.0554
4784.0977 3.0374
4785.1982 3.0198
4786.3018 2.9983
4787.4028 2.9702
4788.5068 2.9688
4789.6084 2.9800
4790.7100 2.9877
4791.8149 3.0068
4792.9170 3.0346
4794.0225 3.0584
4795.1255 3.0808
4796.2310 3.0897
4797.3345 3.0786
4798.4380 3.0544
4799.5444 3.0287
4800.6489 3.0119
4801.7559 3.0102
4802.8604 3.0228
4803.9678 3.0192
4805.0732 2.9931
4806.1782 2.9690
4807.2866 2.9693
4808.3926 2.9787
4809.5015 2.9759
4810.6079 2.9627
4811.7173 2.9498
4812.8242 2.9503
4813.9312 2.9702
4815.0415 2.9997
4816.1489 3.0198
4817.2598 3.0246
4818.3677 3.0225
4819.4790 3.0208
4820.5879 3.0189
4821.6968 3.0049
4822.8086 2.9627
4823.9180 2.8815
4825.0303 2.8382
4826.1401 2.8658
4827.2534 2.9234
4828.3638 2.9420
4829.4771 2.9177
4830.5884 2.8995
4831.6992 2.8930
4832.8135 2.8917
4833.9253 2.8948
4835.0400 2.9008
4836.1523 2.8849
4837.2676 2.8663
4838.3804 2.8537
4839.4937 2.8375
4840.6094 2.8153
4841.7231 2.8098
4842.8394 2.8112
4843.9536 2.7988
4845.0708 2.7895
4846.1851 2.7816
4847.3003 2.7529
4848.4180 2.6959
4849.5332 2.6478
4850.6514 2.6433
4851.7676 2.6428
4852.8862 2.6153
4854.0024 2.5568
4855.1191 2.4748
4856.2388 2.3882
4857.3560 2.3402
4858.4761 2.2967
4859.5938 2.2139
4860.7144 2.0853
4861.8325 1.9682
4862.9512 1.9660
4864.0723 2.0686
4865.1914 2.1898
4866.3135 2.2913
4867.4326 2.3798
4868.5552 2.4549
4869.6753 2.5074
4870.7954 2.5129
4871.9189 2.4944
4873.0396 2.4987
4874.1631 2.5491
4875.2847 2.6075
4876.4087 2.6308
4877.5308 2.6427
4878.6528 2.6750
4879.7778 2.7288
4880.9004 2.7767
4882.0259 2.7862
4883.1489 2.7536
4884.2749 2.7126
4885.3984 2.6986
4886.5225 2.7146
4887.6494 2.7402
4888.7734 2.7559
4889.9009 2.7548
4891.0259 2.7206
4892.1538 2.7084
4893.2793 2.7546
4894.4048 2.8378
4895.5337 2.8959
4896.6597 2.9201
4897.7891 2.9233
4898.9155 2.9007
4900.0454 2.8544
4901.1724 2.8159
4902.2998 2.8295
4903.4307 2.8481
4904.5586 2.8450
4905.6895 2.8663
4906.8179 2.9098
4907.9497 2.9313
4909.0786 2.9107
4910.2080 2.8473
4911.3403 2.7890
4912.4702 2.7902
4913.6030 2.8392
4914.7334 2.8880
4915.8667 2.9166
4916.9976 2.9181
4918.1313 2.8557
4919.2627 2.7649
4920.3945 2.6969
4921.5288 2.6832
4922.6611 2.7143
4923.7964 2.7313
4924.9292 2.7338
4926.0649 2.7851
4927.1978 2.8675
4928.3315 2.9171
4929.4678 2.9311
4930.6021 2.9350
4931.7388 2.9302
4932.8735 2.8922
4934.0107 2.8210
4935.1460 2.7648
4936.2812 2.7858
4937.4194 2.8118
4938.5557 2.7819
4939.6943 2.7632
4940.8306 2.8035
4941.9702 2.8787
4943.1069 2.9239
4944.2441 2.9310
4945.3843 2.9135
4946.5220 2.8870
4947.6626 2.8772
4948.8008 2.8945
4949.9419 2.9078
4951.0806 2.9069
4952.2197 2.8926
4953.3618 2.8720
4954.5010 2.8641
4955.6436 2.8727
4956.7837 2.8554
4957.9268 2.7756
4959.0674 2.7758
4960.2080 2.8525
4961.3521 2.9237
4962.4932 2.9370
4963.6377 2.9306
4964.7793 2.9239
4965.9243 2.8955
4967.0669 2.8649
4968.2095 2.8507
4969.3550 2.8501
4970.4980 2.8463
4971.6445 2.8419
4972.7881 2.8561
4973.9351 2.8786
4975.0791 2.9001
4976.2236 2.9140
4977.3711 2.9069
4978.5161 2.8794
4979.6641 2.8453
4980.8096 2.8097
4981.9585 2.7582
4983.1045 2.6818
4984.2510 2.6160
4985.4004 2.6319
4986.5469 2.7142
4987.6968 2.8042
4988.8442 2.8542
4989.9946 2.8509
4991.1426 2.8226
4992.2910 2.8075
4993.4419 2.8019
4994.5908 2.8057
4995.7427 2.8246
4996.8921 2.8512
4998.0439 2.8551
4999.1938 2.8313
5000.3438 2.7875
5001.4971 2.7473
5002.6475 2.7328
5003.8013 2.7483
5004.9521 2.7623
5006.1064 2.7140
5007.2583 2.6807
5008.4126 2.7192
5009.5649 2.7888
5010.7173 2.8106
5011.8730 2.7728
5013.0259 2.7235
5014.1816 2.7045
5015.3354 2.7148
5016.4917 2.7280
5017.6460 2.7049
5018.8003 2.6361
5019.9575 2.6445
5021.1123 2.7217
5022.2700 2.7674
5023.4258 2.7750
5024.5840 2.7996
5025.7397 2.8300
5026.8960 2.8146
5028.0552 2.7703
5029.2119 2.7621
5030.3716 2.7976
5031.5288 2.8341
5032.6890 2.8465
5033.8472 2.8474
5035.0049 2.8082
5036.1660 2.7518
5037.3247 2.7277
5038.4863 2.7492
5039.6455 2.7518
5040.8076 2.7080
5041.9668 2.6633
5043.1270 2.6825
5044.2900 2.7536
5045.4502 2.8157
5046.6138 2.8387
5047.7749 2.8184
5048.9390 2.7596
5050.1001 2.7169
5051.2622 2.7130
5052.4268 2.7335
5053.5894 2.7652
5054.7544 2.7988
5055.9175 2.7971
5057.0830 2.7857
5058.2466 2.7935
5059.4102 2.8195
5060.5771 2.8383
5061.7412 2.8430
5062.9082 2.8443
5064.0732 2.8259
5065.2407 2.7835
5066.4062 2.7440
5067.5718 2.7428
5068.7402 2.7443
5069.9062 2.7536
5071.0752 2.7662
5072.2417 2.7598
5073.4116 2.7310
5074.5786 2.7205
5075.7461 2.7123
5076.9165 2.7238
5078.0845 2.7326
5079.2554 2.6998
5080.4238 2.6280
5081.5957 2.5971
5082.7646 2.6408
5083.9336 2.6726
5085.1060 2.7002
5086.2759 2.7327
5087.4487 2.7477
5088.6191 2.7331
5089.7925 2.7447
5090.9634 2.7596
5092.1348 2.7722
5093.3091 2.7842
5094.4805 2.7937
5095.6553 2.7923
5096.8276 2.7589
5098.0029 2.6909
5099.1758 2.6272
5100.3516 2.6040
5101.5249 2.6368
5102.6987 2.7095
5103.8750 2.7579
5105.0493 2.7705
5106.2266 2.7610
5107.4014 2.7381
5108.5791 2.7110
5109.7544 2.7002
5110.9297 2.7005
5112.1084 2.7297
5113.2842 2.7648
5114.4634 2.7746
5115.6401 2.7550
5116.8198 2.7455
5117.9966 2.7684
5119.1743 2.7780
5120.3545 2.7673
5121.5327 2.7457
5122.7134 2.7156
5123.8921 2.6733
5125.0737 2.6404
5126.2524 2.6420
5127.4321 2.6610
5128.6143 2.6701
5129.7939 2.6614
5130.9771 2.6592
5132.1572 2.6741
5133.3408 2.6650
5134.5220 2.6625
5135.7031 2.6813
5136.8872 2.6908
5138.0688 2.6554
5139.2539 2.6213
5140.4360 2.6238
5141.6216 2.6425
5142.8042 2.6450
5143.9873 2.6379
5145.1738 2.6704
5146.3574 2.6750
5147.5439 2.6448
5148.7280 2.6367
5149.9155 2.6626
5151.1001 2.6880
5152.2852 2.6899
5153.4731 2.6721
5154.6587 2.6381
5155.8477 2.6265
5157.0337 2.6514
5158.2227 2.6907
5159.4097 2.7128
5160.5962 2.7170
5161.7861 2.6940
5162.9736 2.6709
5164.1646 2.6707
5165.3525 2.6766
5166.5435 2.6303
5167.7319 2.5325
5168.9209 2.4585
5170.1128 2.4711
5171.3022 2.5329
5172.4946 2.5607
5173.6846 2.5581
5174.8779 2.6329
5176.0684 2.6988
5177.2588 2.7186
5178.4526 2.7166
5179.6440 2.7206
5180.8384 2.7144
5182.0303 2.6995
5183.2251 2.6338
5184.4175 2.5619
5185.6104 2.5506
5186.8062 2.6059
5187.9995 2.6376
5189.1958 2.6295
5190.3896 2.6358
5191.5864 2.6133
5192.7808 2.5688
5193.9780 2.5606
5195.1729 2.5873
5196.3682 2.5654
5197.5664 2.5485
5198.7622 2.5613
5199.9609 2.5946
5201.1572 2.6235
5202.3564 2.6277
5203.5532 2.6233
5204.7505 2.5916
5205.9507 2.5494
5207.1484 2.5361
5208.3491 2.5632
5209.5474 2.5863
5210.7485 2.6244
5211.9473 2.6582
5213.1460 2.6774
5214.3481 2.6705
5215.5479 2.6279
5216.7505 2.5681
5217.9507 2.5605
5219.1538 2.6040
5220.3545 2.6542
5221.5557 2.6844
5222.7598 2.6935
5223.9609 2.6857
5225.1655 2.6565
5226.3677 2.5626
5227.5728 2.4707
5228.7754 2.4653
5229.9785 2.5506
5231.1846 2.6142
5232.3877 2.6165
5233.5942 2.5662
5234.7983 2.5224
5236.0054 2.5225
5237.2100 2.5595
5238.4150 2.6006
5239.6230 2.6415
5240.8281 2.6665
5242.0366 2.6577
5243.2427 2.6301
5244.4517 2.6217
5245.6582 2.6469
5246.8652 2.6540
5248.0747 2.6394
5249.2822 2.6202
5250.4927 2.6048
5251.7007 2.6000
5252.9116 2.6189
5254.1201 2.6245
5255.3286 2.6041
5256.5405 2.5985
5257.7500 2.6215
5258.9624 2.6488
5260.1724 2.6568
5261.3853 2.6437
5262.5957 2.6071
5263.8062 2.5507
5265.0200 2.4950
5266.2310 2.4677
5267.4458 2.4794
5268.6572 2.5080
5269.8721 2.4822
5271.0845 2.4645
5272.2974 2.4904
5273.5132 2.5195
5274.7261 2.4985
5275.9424 2.4565
5277.1562 2.4802
5278.3730 2.5462
5279.5874 2.5860
5280.8047 2.5703
5282.0195 2.5495
5283.2349 2.5325
5284.4531 2.5101
5285.6689 2.5329
5286.8877 2.5959
5288.1040 2.6404
5289.3232 2.6442
5290.5400 2.6416
5291.7573 2.6370
5292.9775 2.6253
5294.1953 2.6123
5295.4160 2.6068
5296.6343 2.5976
5297.8555 2.5567
5299.0742 2.5352
5300.2935 2.5538
5301.5156 2.5773
5302.7354 2.5681
5303.9580 2.5584
5305.1782 2.5806
5306.4014 2.5848
5307.6221 2.5782
5308.8433 2.5782
5310.0674 2.5858
5311.2891 2.5932
5312.5137 2.5923
5313.7358 2.5784
5314.9614 2.5594
5316.1841 2.5277
5317.4072 2.4885
5318.6333 2.4978
5319.8569 2.5539
5321.0835 2.5816
5322.3076 2.5843
5323.5347 2.5665
5324.7598 2.5243
5325.9844 2.4912
5327.2129 2.4901
5328.4380 2.4430
5329.6670 2.4215
5330.8931 2.4725
5332.1221 2.5479
5333.3491 2.5682
5334.5757 2.5582
5335.8062 2.5439
5337.0337 2.5253
5338.2642 2.5089
5339.4922 2.5019
5340.7236 2.4906
5341.9521 2.4921
5343.1812 2.5267
5344.4131 2.5540
5345.6426 2.5508
5346.8755 2.5340
5348.1055 2.5314
5349.3389 2.5409
5350.5693 2.5468
5351.8003 2.5532
5353.0342 2.5555
5354.2656 2.5502
5355.5005 2.5608
5356.7324 2.5815
5357.9678 2.5893
5359.2002 2.5890
5360.4331 2.5847
5361.6694 2.5666
5362.9028 2.5248
5364.1392 2.4860
5365.3735 2.4714
5366.6108 2.4742
5367.8452 2.4790
5369.0801 2.4729
5370.3184 2.4512
5371.5537 2.4210
5372.7925 2.4449
5374.0283 2.5002
5375.2676 2.5430
5376.5039 2.5552
5377.7441 2.5508
5378.9810 2.5408
5380.2183 2.5274
5381.4590 2.5108
5382.6973 2.4915
5383.9385 2.4797
5385.1768 2.4964
5386.4189 2.5307
5387.6577 2.5416
5388.8975 2.5346
5390.1401 2.5197
5391.3799 2.5004
5392.6230 2.4881
5393.8638 2.4805
5395.1074 2.4980
5396.3486 2.5010
5397.5903 2.4759
5398.8350 2.4575
5400.0767 2.4764
5401.3223 2.4821
5402.5645 2.4800
5403.8105 2.4535
5405.0537 2.4115
5406.2969 2.3941
5407.5439 2.4252
5408.7876 2.4568
5410.0352 2.4422
5411.2798 2.4251
5412.5273 2.4426
5413.7725 2.4727
5415.0181 2.4583
5416.2666 2.4458
5417.5127 2.4780
5418.7617 2.5057
5420.0083 2.5046
5421.2583 2.4959
5422.5054 2.4888
5423.7529 2.4642
5425.0034 2.4232
5426.2515 2.4268
5427.5029 2.4714
5428.7515 2.4889
5430.0034 2.4514
5431.2524 2.4400
5432.5020 2.4616
5433.7549 2.4632
5435.0049 2.4445
5436.2578 2.4502
5437.5088 2.4845
5438.7627 2.5156
5440.0137 2.5265
5441.2651 2.5255
5442.5200 2.5227
5443.7720 2.5150
5445.0273 2.4866
5446.2798 2.4336
5447.5356 2.4076
5448.7891 2.4359
5450.0425 2.4884
5451.2993 2.5142
5452.5532 2.5113
5453.8105 2.5053
5455.0654 2.4647
5456.3232 2.4247
5457.5786 2.4324
5458.8340 2.4846
5460.0928 2.5090
5461.3486 2.4996
5462.6084 2.4574
5463.8647 2.4220
5465.1250 2.4236
5466.3823 2.4510
5467.6396 2.4599
5468.9004 2.4743
5470.1587 2.4895
5471.4199 2.4935
5472.6787 2.4798
5473.9404 2.4549
5475.1997 2.4339
5476.4624 2.3905
5477.7222 2.3505
5478.9824 2.3681
5480.2461 2.4196
5481.5068 2.4399
5482.7705 2.4425
5484.0322 2.4624
5485.2964 2.4776
5486.5586 2.4721
5487.8208 2.4527
5489.0859 2.4424
5490.3491 2.4584
5491.6147 2.4719
5492.8784 2.4695
5494.1450 2.4601
5495.4087 2.4552
5496.6729 2.4527
5497.9404 2.4371
5499.2056 2.4393
5500.4736 2.4518
5501.7388 2.4374
5503.0073 2.4075
5504.2734 2.4064
5505.5396 2.4281
5506.8096 2.4210
5508.0762 2.4116
5509.3462 2.4080
5510.6138 2.4068
5511.8843 2.4108
5513.1523 2.4301
5514.4209 2.4484
5515.6924 2.4593
5516.9614 2.4628
5518.2334 2.4621
5519.5029 2.4603
5520.7759 2.4555
5522.0459 2.4498
5523.3159 2.4499
5524.5898 2.4479
5525.8608 2.4392
5527.1348 2.4256
5528.4062 2.4078
5529.6812 2.3963
5530.9536 2.4158
5532.2256 2.4371
5533.5015 2.4341
5534.7744 2.4071
5536.0508 2.3787
5537.3242 2.4024
5538.6011 2.4322
5539.8755 2.4449
5541.1499 2.4447
5542.4277 2.4381
5543.7026 2.4175
5544.9810 2.3991
5546.2568 2.3999
5547.5356 2.4129
5548.8115 2.4286
5550.0884 2.4415
5551.3682 2.4460
5552.6450 2.4441
5553.9258 2.4310
5555.2031 2.4163
5556.4844 2.4135
5557.7627 2.4235
5559.0410 2.4268
5560.3232 2.4233
5561.6021 2.4167
5562.8848 2.4047
5564.1646 2.3933
5565.4473 2.3904
5566.7280 2.3898
5568.0083 2.3920
5569.2925 2.3851
5570.5737 2.3807
5571.8579 2.3816
5573.1401 2.3780
5574.4253 2.3726
5575.7075 2.3875
5576.9932 2.3905
5578.2764 2.3949
5579.5596 2.4077
5580.8462 2.4169
5582.1299 2.4201
5583.4170 2.4179
5584.7017 2.4157
5585.9893 2.3942
5587.2744 2.3549
5588.5601 2.3303
5589.8486 2.3489
5591.1348 2.3747
5592.4238 2.3807
5593.7104 2.3729
5595.0005 2.3684
5596.2876 2.3780
5597.5747 2.3921
5598.8657 2.3796
5600.1538 2.3709
5601.4448 2.3637
5602.7334 2.3525
5604.0254 2.3504
5605.3149 2.3772
5606.6045 2.4010
5607.8970 2.4080
5609.1870 2.4080
5610.4805 2.4073
5611.7715 2.4054
5613.0654 2.4038
5614.3569 2.3838
5615.6484 2.3370
5616.9434 2.3190
5618.2354 2.3449
5619.5308 2.3737
5620.8237 2.3783
5622.1201 2.3842
5623.4131 2.3767
5624.7070 2.3508
5626.0039 2.3331
5627.2983 2.3490
5628.5957 2.3707
5629.8906 2.3837
5631.1890 2.3924
5632.4844 2.3924
5633.7803 2.3822
5635.0791 2.3696
5636.3755 2.3636
5637.6753 2.3473
5638.9722 2.3402
5640.2725 2.3477
5641.5703 2.3552
5642.8682 2.3519
5644.1694 2.3553
5645.4678 2.3627
5646.7695 2.3703
5648.0684 2.3742
5649.3711 2.3701
5650.6704 2.3598
5651.9707 2.3565
5653.2739 2.3610
5654.5742 2.3460
5655.8784 2.3297
5657.1797 2.3263
5658.4839 2.3226
5659.7856 2.3034
5661.0879 2.3185
5662.3931 2.3131
5663.6958 2.2985
5665.0020 2.3073
5666.3052 2.3389
5667.6118 2.3485
5668.9155 2.3480
5670.2197 2.3510
5671.5273 2.3572
5672.8320 2.3629
5674.1401 2.3641
5675.4453 2.3558
5676.7539 2.3481
5678.0601 2.3468
5679.3696 2.3443
5680.6758 2.3383
5681.9829 2.3280
5683.2930 2.3065
5684.6006 2.3073
5685.9111 2.3142
5687.2192 2.3076
5688.5308 2.2952
5689.8394 2.2993
5691.1484 2.3188
5692.4609 2.3299
5693.7705 2.3304
5695.0835 2.3271
5696.3936 2.3280
5697.7070 2.3342
5699.0176 2.3348
5700.3286 2.3302
5701.6431 2.3202
5702.9551 2.3167
5704.2700 2.3198
5705.5825 2.3155
5706.8979 2.2962
5708.2109 2.2841
5709.5239 2.2706
5710.8408 2.2673
5712.1543 2.2789
5713.4717 2.2946
5714.7861 2.3053
5716.1040 2.3075
5717.4189 2.3110
5718.7339 2.3142
5720.0527 2.3182
5721.3687 2.3253
5722.6880 2.3273
5724.0044 2.3271
5725.3242 2.3256
5726.6416 2.3225
5727.9590 2.3189
5729.2798 2.3167
5730.5977 2.3146
5731.9194 2.3090
5733.2378 2.3064
5734.5601 2.3123
5735.8794 2.3207
5737.1987 2.3213
5738.5215 2.3190
5739.8418 2.3180
5741.1655 2.3149
5742.4863 2.3113
5743.8105 2.3106
5745.1318 2.3131
5746.4536 2.3124
5747.7783 2.3015
5749.1006 2.2953
5750.4268 2.2969
5751.7495 2.2937
5753.0757 2.2748
5754.3994 2.2588
5755.7231 2.2706
5757.0503 2.2889
5758.3745 2.2992
5759.7026 2.2987
5761.0273 2.2889
5762.3560 2.2720
5763.6816 2.2580
5765.0078 2.2709
5766.3369 2.2921
5767.6636 2.3018
5768.9937 2.2995
5770.3208 2.2945
5771.6514 2.2893
5772.9790 2.2844
5774.3071 2.2812
5775.6387 2.2803
5776.9673 2.2827
5778.2993 2.2890
5779.6289 2.2866
5780.9614 2.2737
5782.2915 2.2611
5783.6250 2.2558
5784.9556 2.2563
5786.2861 2.2598
5787.6206 2.2682
5788.9521 2.2732
5790.2871 2.2706
5791.6191 2.2644
5792.9546 2.2631
5794.2871 2.2682
5795.6201 2.2722
5796.9565 2.2711
5798.2900 2.2668
5799.6274 2.2660
5800.9614 2.2726
5802.2993 2.2775
5803.6338 2.2745
5804.9692 2.2623
5806.3076 2.2512
5807.6436 2.2503
5808.9824 2.2583
5810.3188 2.2639
5811.6587 2.2666
5812.9956 2.2643
5814.3330 2.2585
5815.6738 2.2511
5817.0117 2.2457
5818.3530 2.2505
5819.6914 2.2615
5821.0337 2.2652
5822.3726 2.2626
5823.7119 2.2589
5825.0552 2.2571
5826.3950 2.2595
5827.7388 2.2593
5829.0791 2.2593
5830.4233 2.2582
5831.7646 2.2552
5833.1064 2.2529
5834.4517 2.2532
5835.7935 2.2499
5837.1396 2.2499
5838.4824 2.2520
5839.8286 2.2536
5841.1719 2.2541
5842.5156 2.2530
5843.8633 2.2512
5845.2075 2.2495
5846.5552 2.2470
5847.9004 2.2436
5849.2490 2.2409
5850.5942 2.2401
5851.9404 2.2350
5853.2896 2.2104
5854.6362 2.1916
5855.9863 2.1966
5857.3335 2.2104
5858.6841 2.2036
5860.0322 2.2040
5861.3799 2.2094
5862.7319 2.2096
5864.0806 2.2105
5865.4326 2.2227
5866.7822 2.2320
5868.1348 2.2317
5869.4849 2.2304
5870.8350 2.2289
5872.1890 2.2268
5873.5400 2.2257
5874.8940 2.2257
5876.2456 2.2261
5877.6006 2.2246
5878.9531 2.2226
5880.3052 2.2206
5881.6611 2.2178
5883.0146 2.2134
5884.3711 2.2062
5885.7246 2.2049
5887.0820 2.2065
5888.4365 2.1942
5889.7939 2.1534
5891.1489 2.1088
5892.5044 2.1361
5893.8633 2.1684
5895.2192 2.1585
5896.5786 2.1250
5897.9351 2.1230
5899.2949 2.1680
5900.6523 2.1895
5902.0098 2.1948
5903.3706 2.1961
5904.7285 2.1950
5906.0903 2.1908
5907.4487 2.1890
5908.8110 2.1941
5910.1704 2.1961
5911.5303 2.1968
5912.8931 2.1921
5914.2534 2.1749
5915.6172 2.1608
5916.9780 2.1747
5918.3428 2.1866
5919.7041 2.1887
5921.0659 2.1881
5922.4312 2.1890
5923.7939 2.1873
5925.1597 2.1848
5926.5229 2.1856
5927.8896 2.1812
5929.2534 2.1669
5930.6172 2.1524
5931.9849 2.1550
5933.3496 2.1694
5934.7178 2.1710
5936.0830 2.1703
5937.4517 2.1756
5938.8179 2.1798
5940.1841 2.1781
5941.5537 2.1723
5942.9204 2.1682
5944.2910 2.1695
5945.6587 2.1727
5947.0298 2.1699
5948.3975 2.1588
5949.7661 2.1488
5951.1382 2.1528
5952.5073 2.1555
5953.8799 2.1535
5955.2495 2.1585
5956.6226 2.1623
5957.9932 2.1562
5959.3638 2.1548
5960.7378 2.1577
5962.1094 2.1599
5963.4839 2.1610
5964.8560 2.1630
5966.2314 2.1615
5967.6040 2.1564
5968.9766 2.1540
5970.3530 2.1567
5971.7266 2.1606
5973.1035 2.1607
5974.4780 2.1574
5975.8555 2.1460
5977.2305 2.1353
5978.6055 2.1335
5979.9839 2.1401
5981.3599 2.1479
5982.7388 2.1481
5984.1152 2.1313
5985.4951 2.1178
5986.8721 2.1198
5988.2495 2.1296
5989.6304 2.1372
5991.0083 2.1338
5992.3896 2.1294
5993.7681 2.1370
5995.1504 2.1490
5996.5298 2.1471
5997.9126 2.1370
5999.2920 2.1359
6000.6724 2.1424
6002.0562 2.1428
6003.4370 2.1354
6004.8213 2.1323
6006.2026 2.1379
6007.5874 2.1264
6008.9697 2.1105
6010.3521 2.1131
6011.7378 2.1282
6013.1211 2.1312
6014.5078 2.1262
6015.8911 2.1255
6017.2783 2.1233
6018.6626 2.1201
6020.0474 2.1117
6021.4355 2.0973
6022.8208 2.0978
6024.2095 2.0967
6025.5957 2.0997
6026.9849 2.1065
6028.3716 2.1126
6029.7583 2.1167
6031.1489 2.1229
6032.5361 2.1270
6033.9272 2.1279
6035.3154 2.1271
6036.7070 2.1264
6038.0957 2.1271
6039.4849 2.1262
6040.8774 2.1226
6042.2671 2.1140
6043.6606 2.1098
6045.0508 2.1112
6046.4448 2.1109
6047.8359 2.1121
6049.2271 2.1185
6050.6221 2.1218
6052.0142 2.1168
6053.4097 2.1053
6054.8022 2.0955
6056.1982 2.0952
6057.5918 2.1003
6058.9854 2.1105
6060.3823 2.1164
6061.7764 2.1153
6063.1743 2.1131
6064.5693 2.1092
6065.9678 2.0946
6067.3633 2.0958
6068.7588 2.1069
6070.1582 2.1134
6071.5547 2.1133
6072.9551 2.1143
6074.3521 2.1137
6075.7529 2.1121
6077.1504 2.1059
6078.5483 2.0939
6079.9502 2.0849
6081.3491 2.0946
6082.7515 2.1013
6084.1504 2.0939
6085.5537 2.0865
6086.9536 2.0883
6088.3540 2.0934
6089.7578 2.0961
6091.1587 2.0957
6092.5635 2.0964
6093.9648 2.0972
6095.3701 2.0975
6096.7725 2.0980
6098.1782 2.0977
6099.5811 2.1005
6100.9844 2.0973
6102.3911 2.0799
6103.7949 2.0630
6105.2026 2.0708
6106.6069 2.0922
6108.0151 2.0929
6109.4204 2.0910
6110.8257 2.0917
6112.2349 2.0906
6113.6411 2.0866
6115.0508 2.0862
6116.4575 2.0831
6117.8682 2.0852
6119.2754 2.0910
6120.6831 2.0926
6122.0947 2.0854
6123.5029 2.0782
6124.9150 2.0798
6126.3242 2.0828
6127.7368 2.0829
6129.1465 2.0789
6130.5566 2.0730
6131.9702 2.0735
6133.3809 2.0798
6134.7954 2.0818
6136.2065 2.0633
6137.6216 2.0327
6139.0337 2.0248
6140.4458 2.0528
6141.8618 2.0323
6143.2749 2.0262
6144.6914 2.0497
6146.1050 2.0711
6147.5220 2.0606
6148.9365 2.0369
6150.3511 2.0348
6151.7690 2.0557
6153.1846 2.0725
6154.6035 2.0698
6156.0190 2.0567
6157.4390 2.0510
6158.8555 2.0547
6160.2720 2.0603
6161.6929 2.0561
6163.1104 2.0463
6164.5312 2.0472
6165.9497 2.0583
6167.3711 2.0666
6168.7900 2.0670
6170.2095 2.0585
6171.6323 2.0511
6173.0518 2.0553
6174.4756 2.0559
6175.8960 2.0410
6177.3198 2.0354
6178.7412 2.0423
6180.1626 2.0519
6181.5874 2.0573
6183.0098 2.0621
6184.4355 2.0625
6185.8579 2.0597
6187.2847 2.0548
6188.7080 2.0529
6190.1318 2.0530
6191.5591 2.0359
6192.9834 2.0265
6194.4116 2.0401
6195.8364 2.0531
6197.2651 2.0554
6198.6909 2.0575
6200.1172 2.0517
6201.5469 2.0472
6202.9731 2.0504
6204.4038 2.0539
6205.8311 2.0543
6207.2622 2.0554
6208.6899 2.0545
6210.1216 2.0526
6211.5503 2.0509
6212.9795 2.0459
6214.4121 2.0371
6215.8418 2.0308
6217.2749 2.0323
6218.7056 2.0354
6220.1392 2.0311
6221.5703 2.0297
6223.0015 2.0342
6224.4365 2.0360
6225.8687 2.0364
6227.3042 2.0371
6228.7368 2.0353
6230.1729 2.0211
6231.6064 2.0021
6233.0400 2.0009
6234.4771 2.0172
6235.9116 2.0299
6237.3496 2.0200
6238.7842 1.9967
6240.2231 1.9855
6241.6587 2.0013
6243.0942 2.0176
6244.5342 2.0141
6245.9707 1.9977
6247.4111 1.9751
6248.8481 1.9678
6250.2891 1.9937
6251.7271 2.0134
6253.1650 1.9982
6254.6069 1.9867
6256.0459 1.9892
6257.4888 1.9976
6258.9282 2.0047
6260.3716 2.0099
6261.8115 2.0119
6263.2520 2.0127
6264.6963 2.0099
6266.1377 2.0058
6267.5825 2.0072
6269.0244 2.0118
6270.4702 2.0065
6271.9126 2.0032
6273.3555 2.0050
6274.8022 2.0083
6276.2456 2.0056
6277.6929 1.9866
6279.1372 1.9633
6280.5850 1.9611
6282.0298 1.9713
6283.4751 1.9814
6284.9238 1.9905
6286.3696 1.9964
6287.8193 1.9981
6289.2661 1.9950
6290.7163 1.9865
6292.1636 1.9786
6293.6108 1.9795
6295.0620 1.9838
6296.5103 1.9826
6297.9624 1.9785
6299.4111 1.9729
6300.8638 1.9649
6302.3135 1.9550
6303.7632 1.9520
6305.2168 1.9683
6306.6675 1.9767
6308.1216 1.9808
6309.5728 1.9849
6311.0278 1.9817
6312.4795 1.9775
6313.9316 1.9764
6315.3877 1.9646
6316.8403 1.9538
6318.2974 1.9510
6319.7510 1.9526
6321.2080 1.9668
6322.6621 1.9701
6324.1201 1.9715
6325.5752 1.9755
6327.0303 1.9789
6328.4893 1.9783
6329.9453 1.9776
6331.4048 1.9708
6332.8613 1.9679
6334.3218 1.9666
6335.7788 1.9586
6337.2363 1.9443
6338.6978 1.9441
6340.1558 1.9523
6341.6182 1.9646
6343.0767 1.9711
6344.5396 1.9690
6345.9990 1.9585
6347.4590 1.9308
6348.9229 1.9279
6350.3833 1.9512
6351.8477 1.9685
6353.3091 1.9676
6354.7739 1.9638
6356.2358 1.9602
6357.6982 1.9607
6359.1641 1.9598
6360.6270 1.9570
6362.0938 1.9519
6363.5576 1.9460
6365.0249 1.9500
6366.4893 1.9533
6367.9536 1.9538
6369.4224 1.9472
6370.8877 1.9308
6372.3564 1.9163
6373.8228 1.9324
6375.2925 1.9501
6376.7588 1.9544
6378.2261 1.9523
6379.6968 1.9504
6381.1646 1.9481
6382.6357 1.9464
6384.1040 1.9404
6385.5762 1.9335
6387.0454 1.9354
6388.5146 1.9442
6389.9878 1.9480
6391.4580 1.9459
6392.9316 1.9350
6394.4023 1.9223
6395.8770 1.9257
6397.3481 1.9406
6398.8198 1.9401
6400.2954 1.9190
6401.7681 1.9151
6403.2441 1.9313
6404.7173 1.9436
6406.1943 1.9396
6407.6680 1.9273
6409.1421 1.9156
6410.6196 1.9213
6412.0947 1.9176
6413.5732 1.9165
6415.0488 1.9219
6416.5278 1.9155
6418.0039 1.9045
6419.4805 1.9065
6420.9609 1.9008
6422.4380 1.9005
6423.9189 1.9141
6425.3970 1.9265
6426.8784 1.9278
6428.3569 1.9292
6429.8359 1.9244
6431.3184 1.9099
6432.7979 1.8948
6434.2812 1.8949
6435.7617 1.9118
6437.2456 1.9207
6438.7266 1.9140
6440.2114 1.9078
6441.6929 1.9116
6443.1748 1.9173
6444.6606 1.9162
6446.1431 1.9152
6447.6294 1.9137
6449.1128 1.9131
6450.6001 1.9129
6452.0840 1.9113
6453.5684 1.9122
6455.0566 1.9033
6456.5415 1.8755
6458.0303 1.8663
6459.5161 1.8873
6461.0054 1.9037
6462.4917 1.8958
6463.9785 1.8881
6465.4692 1.8962
6466.9565 1.9048
6468.4478 1.9026
6469.9360 1.8973
6471.4277 1.8965
6472.9165 1.8984
6474.4058 1.8979
6475.8984 1.8954
6477.3882 1.8931
6478.8818 1.8920
6480.3726 1.8925
6481.8667 1.8868
6483.3579 1.8788
6484.8496 1.8796
6486.3447 1.8883
6487.8369 1.8930
6489.3330 1.8927
6490.8262 1.8858
6492.3228 1.8746
6493.8164 1.8605
6495.3101 1.8384
6496.8081 1.8105
6498.3027 1.8111
6499.8013 1.8507
6501.2964 1.8749
6502.7954 1.8797
6504.2915 1.8796
6505.7876 1.8782
6507.2881 1.8779
6508.7852 1.8772
6510.2861 1.8772
6511.7837 1.8771
6513.2852 1.8759
6514.7837 1.8696
6516.2822 1.8500
6517.7852 1.8371
6519.2842 1.8447
6520.7876 1.8577
6522.2876 1.8630
6523.7920 1.8624
6525.2925 1.8597
6526.7939 1.8533
6528.2988 1.8469
6529.8008 1.8463
6531.3062 1.8493
6532.8091 1.8474
6534.3154 1.8413
6535.8184 1.8357
6537.3223 1.8334
6538.8296 1.8321
6540.3340 1.8291
6541.8423 1.8242
6543.3472 1.8171
6544.8560 1.8082
6546.3613 1.7951
6547.8677 1.7860
6549.3774 1.7833
6550.8843 1.7786
6552.3945 1.7675
6553.9019 1.7521
6555.4136 1.7345
6556.9214 1.7155
6558.4336 1.6922
6559.9424 1.6593
6561.4512 1.6135
6562.9644 1.5295
6564.4741 1.5101
6565.9878 1.5656
6567.4985 1.6376
6569.0127 1.6755
6570.5239 1.6975
6572.0356 1.7198
6573.5513 1.7377
6575.0635 1.7491
6576.5796 1.7582
6578.0923 1.7700
6579.6094 1.7817
6581.1230 1.7877
6582.6372 1.7919
6584.1548 1.7960
6585.6694 1.7991
6587.1885 1.8010
6588.7036 1.8045
6590.2231 1.8109
6591.7393 1.8082
6593.2554 1.7976
6594.7759 1.7940
6596.2930 1.8068
6597.8140 1.8133
6599.3320 1.8128
6600.8535 1.8180
6602.3721 1.8240
6603.8911 1.8240
6605.4141 1.8201
6606.9336 1.8170
6608.4570 1.8176
6609.9771 1.8178
6611.5015 1.8178
6613.0225 1.8170
6614.5439 1.8145
6616.0693 1.8164
6617.5913 1.8205
6619.1172 1.8226
6620.6396 1.8236
6622.1665 1.8246
6623.6899 1.8241
6625.2139 1.8219
6626.7417 1.8185
6628.2661 1.8152
6629.7944 1.8145
6631.3198 1.8161
6632.8486 1.8147
6634.3745 1.8054
6635.9009 1.8029
6637.4312 1.8097
6638.9580 1.8155
6640.4888 1.8154
6642.0166 1.8132
6643.5483 1.8071
6645.0767 1.7987
6646.6055 1.8002
6648.1382 1.8068
6649.6675 1.8114
6651.2007 1.8141
6652.7310 1.8149
6654.2651 1.8134
6655.7959 1.8111
6657.3271 1.8088
6658.8623 1.8078
6660.3940 1.8088
6661.9297 1.8079
6663.4624 1.8006
6664.9990 1.7990
6666.5322 1.8036
6668.0659 1.8074
6669.6035 1.8054
6671.1377 1.8024
6672.6763 1.7998
6674.2114 1.7994
6675.7505 1.7993
6677.2861 1.7926
6678.8257 1.7783
6680.3623 1.7778
6681.8989 1.7912
6683.4399 1.7974
6684.9775 1.7967
6686.5190 1.7965
6688.0571 1.7966
6689.5996 1.7940
6691.1382 1.7956
6692.6777 1.7971
6694.2212 1.7955
6695.7607 1.7913
6697.3052 1.7863
6698.8457 1.7822
6700.3906 1.7842
6701.9316 1.7887
6703.4736 1.7902
6705.0195 1.7866
6706.5620 1.7826
6708.1084 1.7860
6709.6519 1.7892
6711.1987 1.7886
6712.7427 1.7855
6714.2871 1.7822
6715.8354 1.7791
6717.3804 1.7749
6718.9292 1.7726
6720.4751 1.7734
6722.0249 1.7724
6723.5713 1.7681
6725.1177 1.7656
6726.6685 1.7688
6728.2163 1.7729
6729.7676 1.7750
6731.3159 1.7744
6732.8682 1.7720
6734.4170 1.7695
6735.9663 1.7682
6737.5195 1.7660
6739.0693 1.7644
6740.6235 1.7652
6742.1743 1.7658
6743.7290 1.7623
6745.2803 1.7584
6746.8320 1.7613
6748.3877 1.7570
6749.9404 1.7505
6751.4966 1.7515
6753.0498 1.7589
6754.6069 1.7628
6756.1611 1.7611
6757.7153 1.7523
6759.2734 1.7469
6760.8286 1.7488
6762.3877 1.7517
6763.9434 1.7567
6765.5029 1.7583
6767.0596 1.7527
6768.6162 1.7470
6770.1772 1.7480
6771.7344 1.7537
6773.2959 1.7528
6774.8540 1.7508
6776.4165 1.7493
6777.9756 1.7505
6779.5347 1.7535
6781.0981 1.7539
6782.6582 1.7495
6784.2222 1.7445
6785.7827 1.7417
6787.3477 1.7411
6788.9092 1.7417
6790.4707 1.7418
6792.0366 1.7399
6793.5991 1.7393
6795.1655 1.7380
6796.7290 1.7370
6798.2964 1.7375
6799.8604 1.7381
6801.4282 1.7368
6802.9927 1.7386
6804.5581 1.7384
6806.1270 1.7370
6807.6929 1.7368
6809.2627 1.7372
6810.8291 1.7362
6812.3994 1.7357
6813.9668 1.7354
6815.5342 1.7347
6817.1060 1.7341
6818.6743 1.7340
6820.2466 1.7320
6821.8154 1.7311
6823.3887 1.7316
6824.9585 1.7319
6826.5283 1.7305
6828.1025 1.7269
6829.6733 1.7231
6831.2485 1.7252
6832.8198 1.7267
6834.3955 1.7264
6835.9678 1.7257
6837.5405 1.7247
6839.1172 1.7233
6840.6904 1.7220
6842.2681 1.7205
6843.8418 1.7195
6845.4199 1.7193
6846.9946 1.7191
6848.5698 1.7186
6850.1494 1.7180
6851.7251 1.7173
6853.3052 1.7165
6854.8818 1.7154
6856.4624 1.7140
6858.0396 1.7127
6859.6177 1.7122
6861.1992 1.7117
6862.7778 1.7109
6864.3604 1.7102
6865.9395 1.7101
6867.5225 1.7095
6869.1025 1.7088
6870.6826 1.7074
6872.2671 1.7062
6873.8481 1.7060
6875.4331 1.7059
6877.0146 1.7053
6878.6006 1.7046
6880.1831 1.7039
6881.7656 1.7031
6883.3525 1.7022
6884.9360 1.7016
6886.5239 1.7011
6888.1079 1.7003
6889.6963 1.6998
6891.2812 1.6994
6892.8667 1.6987
6894.4561 1.6981
6896.0425 1.6974
6897.6323 1.6967
6899.2192 1.6960
6900.8105 1.6953
6902.3979 1.6946
6903.9858 1.6939
6905.5776 1.6925
6907.1665 1.6912
6908.7593 1.6909
6910.3486 1.6909
6911.9419 1.6904
6913.5322 1.6897
6915.1226 1.6890
6916.7173 1.6885
6918.3081 1.6879
6919.9038 1.6872
6921.4956 1.6860
6923.0918 1.6844
6924.6846 1.6845
6926.2812 1.6845
6927.8745 1.6834
6929.4683 1.6824
6931.0664 1.6822
6932.6606 1.6818
6934.2593 1.6813
6935.8545 1.6810
6937.4541 1.6804
6939.0498 1.6796
6940.6460 1.6788
6942.2466 1.6781
6943.8438 1.6777
6945.4448 1.6769
6947.0430 1.6762
6948.6445 1.6757
6950.2432 1.6752
6951.8423 1.6745
6953.4453 1.6734
6955.0449 1.6728
6956.6489 1.6725
6958.2490 1.6722
6959.8535 1.6716
6961.4546 1.6707
6963.0562 1.6697
6964.6621 1.6693
6966.2642 1.6690
6967.8706 1.6686
6969.4736 1.6681
6971.0806 1.6674
6972.6841 1.6665
6974.2886 1.6667
6975.8965 1.6648
6977.5015 1.6607
6979.1104 1.6570
6980.7158 1.6570
6982.3257 1.6591
6983.9321 1.6614
6985.5386 1.6617
6987.1494 1.6601
6988.7568 1.6585
6990.3687 1.6585
6991.9766 1.6573
6993.5889 1.6551
6995.1978 1.6536
6996.8071 1.6537
6998.4204 1.6538
7000.0303 1.6510
7001.6445 1.6491
7003.2554 1.6473
7004.8701 1.6432
7006.4819 1.6409
7008.0938 1.6440
7009.7095 1.6494
7011.3223 1.6486
7012.9390 1.6446
7014.5522 1.6441
7016.1699 1.6413
7017.7837 1.6365
7019.3984 1.6396
7021.0171 1.6455
7022.6323 1.6405
7024.2515 1.6340
7025.8677 1.6342
7027.4878 1.6396
7029.1045 1.6423
7030.7212 1.6406
7032.3428 1.6415
7033.9604 1.6396
7035.5825 1.6355
7037.2007 1.6331
7038.8237 1.6337
7040.4429 1.6345
7042.0664 1.6385
7043.6865 1.6391
7045.3066 1.6384
7046.9316 1.6387
7048.5527 1.6375
7050.1782 1.6355
7051.7998 1.6360
7053.4263 1.6331
7055.0488 1.6288
7056.6719 1.6278
7058.2988 1.6301
7059.9229 1.6317
7061.5508 1.6296
7063.1753 1.6277
7064.8037 1.6265
7066.4292 1.6244
7068.0547 1.6221
7069.6846 1.6234
7071.3110 1.6272
7072.9419 1.6285
7074.5688 1.6285
7076.2002 1.6280
7077.8281 1.6253
7079.4561 1.6241
7081.0889 1.6264
7082.7178 1.6239
7084.3511 1.6189
7085.9810 1.6171
7087.6147 1.6192
7089.2451 1.6195
7090.8760 1.6164
7092.5112 1.6155
7094.1431 1.6174
7095.7788 1.6187
7097.4111 1.6173
7099.0479 1.6172
7100.6812 1.6170
7102.3145 1.6172
7103.9521 1.6172
7105.5864 1.6162
7107.2251 1.6143
7108.8599 1.6125
7110.4995 1.6109
7112.1353 1.6083
7113.7715 1.6055
7115.4116 1.6040
7117.0483 1.6041
7118.6899 1.6045
7120.3271 1.6053
7121.9692 1.6027
7123.6079 1.6012
7125.2466 1.6042
7126.8896 1.6074
7128.5293 1.6062
7130.1729 1.6042
7131.8130 1.6018
7133.4580 1.6009
7135.0986 1.6019
7136.7402 1.6029
7138.3857 1.6027
7140.0283 1.6016
7141.6748 1.6005
7143.3174 1.5995
7144.9648 1.5988
7146.6084 1.5990
7148.2524 1.5976
7149.9009 1.5967
7151.5459 1.5972
7153.1948 1.5977
7154.8403 1.5969
7156.4902 1.5950
7158.1367 1.5926
7159.7832 1.5940
7161.4346 1.5947
7163.0820 1.5939
7164.7339 1.5927
7166.3818 1.5910
7168.0347 1.5909
7169.6836 1.5914
7171.3369 1.5914
7172.9863 1.5909
7174.6367 1.5903
7176.2910 1.5895
7177.9419 1.5885
7179.5972 1.5877
7181.2490 1.5867
7182.9048 1.5858
7184.5571 1.5852
7186.2100 1.5842
7187.8672 1.5816
7189.5210 1.5812
7191.1787 1.5810
7192.8330 1.5790
7194.4917 1.5761
7196.1465 1.5747
7197.8022 1.5739
7199.4619 1.5731
7201.1182 1.5723
7202.7788 1.5711
7204.4355 1.5703
7206.0972 1.5703
7207.7549 1.5687
7209.4131 1.5679
7211.0757 1.5681
7212.7344 1.5680
7214.3975 1.5669
7216.0571 1.5656
7217.7212 1.5653
7219.3818 1.5651
7221.0425 1.5644
7222.7075 1.5629
7224.3691 1.5610
7226.0352 1.5602
7227.6973 1.5609
7229.3643 1.5609
7231.0273 1.5603
7232.6909 1.5597
7234.3584 1.5589
7236.0229 1.5579
7237.6914 1.5571
7239.3564 1.5561
7241.0259 1.5542
7242.6919 1.5530
7244.3579 1.5533
7246.0283 1.5531
7247.6953 1.5531
7249.3667 1.5527
7251.0342 1.5513
7252.7065 1.5499
7254.3750 1.5483
7256.0439 1.5464
7257.7168 1.5475
7259.3867 1.5480
7261.0605 1.5472
7262.7310 1.5461
7264.4058 1.5450
7266.0771 1.5441
7267.7485 1.5436
7269.4243 1.5433
7271.0967 1.5427
7272.7734 1.5420
7274.4463 1.5410
7276.1240 1.5399
7277.7979 1.5393
7279.4722 1.5388
7281.1509 1.5381
7282.8257 1.5373
7284.5054 1.5366
7286.1812 1.5358
7287.8613 1.5346
7289.5376 1.5308
7291.2148 1.5301
7292.8960 1.5317
7294.5737 1.5325
7296.2559 1.5321
7297.9341 1.5313
7299.6172 1.5302
7301.2964 1.5289
7302.9800 1.5279
7304.6602 1.5273
7306.3408 1.5266
7308.0254 1.5243
7309.7065 1.5223
7311.3921 1.5218
7313.0742 1.5222
7314.7607 1.5224
7316.4434 1.5221
7318.1265 1.5213
7319.8140 1.5199
7321.4980 1.5181
7323.1860 1.5174
7324.8711 1.5174
7326.5601 1.5161
7328.2456 1.5151
7329.9312 1.5149
7331.6216 1.5143
7333.3081 1.5137
7334.9995 1.5137
7336.6865 1.5136
7338.3784 1.5136
7340.0669 1.5132
7341.7554 1.5128
7343.4482 1.5125
7345.1377 1.5119
7346.8315 1.5113
7348.5215 1.5105
7350.2163 1.5098
7351.9067 1.5090
7353.5981 1.5081
7355.2939 1.5070
7356.9858 1.5060
7358.6826 1.5063
7360.3755 1.5062
7362.0728 1.5054
7363.7661 1.5045
7365.4604 1.5040
7367.1587 1.5038
7368.8535 1.5036
7370.5527 1.5023
7372.2485 1.5014
7373.9487 1.5004
7375.6450 1.4989
7377.3418 1.4983
7379.0430 1.4996
7380.7402 1.5008
7382.4424 1.4998
7384.1406 1.4976
7385.8433 1.4949
7387.5425 1.4905
7389.2422 1.4876
7390.9458 1.4895
7392.6465 1.4917
7394.3511 1.4900
7396.0522 1.4879
7397.7573 1.4920
7399.4595 1.4948
7401.1616 1.4909
7402.8682 1.4901
7404.5713 1.4911
7406.2788 1.4881
7407.9824 1.4811
7409.6909 1.4752
7411.3955 1.4697
7413.1006 1.4757
7414.8101 1.4803
7416.5156 1.4757
7418.2261 1.4760
7419.9326 1.4819
7421.6436 1.4764
7423.3506 1.4634
7425.0586 1.4598
7426.7705 1.4706
7428.4795 1.4826
7430.1924 1.4879
7431.9014 1.4833
7433.6152 1.4825
7435.3257 1.4863
7437.0400 1.4881
7438.7510 1.4857
7440.4624 1.4811
7442.1777 1.4717
7443.8901 1.4648
7445.6064 1.4586
7447.3193 1.4548
7449.0366 1.4611
7450.7505 1.4637
7452.4644 1.4748
7454.1831 1.4789
7455.8979 1.4755
7457.6172 1.4748
7459.3325 1.4800
7461.0527 1.4781
7462.7690 1.4601
7464.4858 1.4557
7466.2070 1.4610
7467.9248 1.4603
7469.6470 1.4553
7471.3652 1.4558
7473.0884 1.4586
7474.8076 1.4592
7476.5269 1.4605
7478.2510 1.4630
7479.9712 1.4617
7481.6963 1.4617
7483.4175 1.4630
7485.1431 1.4640
7486.8652 1.4616
7488.5874 1.4582
7490.3145 1.4584
7492.0371 1.4535
7493.7651 1.4480
7495.4888 1.4399
7497.2173 1.4363
7498.9419 1.4397
7500.6670 1.4411
7502.3970 1.4414
7504.1226 1.4440
7505.8530 1.4451
7507.5801 1.4452
7509.3110 1.4450
7511.0386 1.4421
7512.7666 1.4369
7514.4990 1.4389
7516.2275 1.4373
7517.9609 1.4365
7519.6904 1.4408
7521.4243 1.4411
7523.1548 1.4368
7524.8853 1.4324
7526.6206 1.4344
7528.3521 1.4382
7530.0884 1.4382
7531.8203 1.4360
7533.5571 1.4322
7535.2905 1.4313
7537.0239 1.4317
7538.7617 1.4312
7540.4961 1.4296
7542.2349 1.4282
7543.9702 1.4279
7545.7095 1.4279
7547.4453 1.4274
7549.1816 1.4267
7550.9229 1.4262
7552.6597 1.4258
7554.4014 1.4252
7556.1392 1.4238
7557.8818 1.4230
7559.6201 1.4228
7561.3594 1.4224
7563.1030 1.4226
7564.8428 1.4231
7566.5874 1.4232
7568.3281 1.4228
7570.0732 1.4221
7571.8149 1.4216
7573.5610 1.4213
7575.3032 1.4204
7577.0459 1.4198
7578.7930 1.4197
7580.5366 1.4195
7582.2847 1.4189
7584.0288 1.4183
7585.7778 1.4173
7587.5229 1.4163
7589.2686 1.4154
7591.0186 1.4146
7592.7646 1.4140
7594.5156 1.4135
7596.2627 1.4129
7598.0142 1.4121
7599.7622 1.4112
7601.5107 1.4104
7603.2637 1.4096
7605.0127 1.4089
7606.7661 1.4083
7608.5161 1.4076
7610.2710 1.4067
7612.0215 1.4058
7613.7725 1.4048
7615.5283 1.4038
7617.2803 1.4024
7619.0366 1.4012
7620.7896 1.3999
7622.5469 1.3987
7624.3003 1.3982
7626.0542 1.3978
7627.8130 1.3971
7629.5679 1.3963
7631.3271 1.3955
7633.0825 1.3948
7634.8428 1.3939
7636.5991 1.3930
7638.3560 1.3924
7640.1172 1.3915
7641.8750 1.3906
7643.6372 1.3899
7645.3955 1.3893
7647.1587 1.3886
7648.9180 1.3878
7650.6772 1.3872
7652.4419 1.3865
7654.2021 1.3856
7655.9673 1.3843
7657.7285 1.3831
7659.4941 1.3821
7661.2563 1.3817
7663.0186 1.3811
7664.7856 1.3805
7666.5493 1.3805
7668.3169 1.3812
7670.0811 1.3811
7671.8496 1.3806
7673.6147 1.3799
7675.3799 1.3792
7677.1499 1.3785
7678.9160 1.3782
7680.6870 1.3769
7682.4536 1.3763
7684.2251 1.3759
7685.9932 1.3750
7687.7612 1.3742
7689.5342 1.3741
7691.3027 1.3731
7693.0767 1.3724
7694.8462 1.3722
7696.6206 1.3718
7698.3911 1.3708
7700.1621 1.3698
7701.9380 1.3697
7703.7100 1.3696
7705.4863 1.3690
7707.2588 1.3684
7709.0361 1.3680
7710.8096 1.3665
7712.5879 1.3618
7714.3618 1.3625
7716.1367 1.3647
7717.9160 1.3651
7719.6914 1.3639
7721.4717 1.3621
7723.2480 1.3608
7725.0288 1.3605
7726.8062 1.3598
7728.5835 1.3590
7730.3657 1.3590
7732.1440 1.3591
7733.9272 1.3583
7735.7065 1.3586
7737.4902 1.3591
7739.2700 1.3592
7741.0508 1.3586
7742.8354 1.3564
7744.6167 1.3522
7746.4028 1.3512
7748.1851 1.3494
7749.9717 1.3492
7751.7544 1.3528
7753.5376 1.3557
7755.3257 1.3552
7757.1099 1.3491
7758.8984 1.3474
7760.6836 1.3500
7762.4731 1.3510
7764.2588 1.3478
7766.0449 1.3438
7767.8359 1.3423
7769.6226 1.3401
7771.4146 1.3307
7773.2021 1.3147
7774.9946 1.3043
7776.7832 1.3068
7778.5723 1.3187
7780.3662 1.3204
7782.1558 1.3193
7783.9507 1.3256
7785.7412 1.3310
7787.5366 1.3320
7789.3281 1.3300
7791.1201 1.3290
7792.9165 1.3307
7794.7095 1.3333
7796.5068 1.3318
7798.3003 1.3231
7800.0986 1.3179
7801.8931 1.3240
7803.6880 1.3361
7805.4873 1.3414
7807.2832 1.3341
7809.0835 1.3341
7810.8799 1.3359
7812.6812 1.3303
7814.4785 1.3272
7816.2759 1.3335
7818.0786 1.3384
7819.8770 1.3396
7821.6802 1.3415
7823.4795 1.3428
7825.2837 1.3417
7827.0840 1.3368
7828.8843 1.3303
7830.6899 1.3351
7832.4912 1.3248
7834.2974 1.3196
7836.0996 1.3226
7837.9067 1.3253
7839.7100 1.3277
7841.5132 1.3297
7843.3213 1.3313
7845.1260 1.3341
7846.9351 1.3364
7848.7402 1.3371
7850.5498 1.3357
7852.3560 1.3257
7854.1665 1.3297
7855.9736 1.3278
7857.7808 1.3224
7859.5928 1.3211
7861.4009 1.3163
7863.2139 1.3145
7865.0225 1.3098
7866.8364 1.2963
7868.6460 1.2872
7870.4561 1.2942
7872.2710 1.3099
7874.0820 1.3211
7875.8979 1.3193
7877.7100 1.3115
7879.5264 1.3136
7881.3389 1.3210
7883.1519 1.3114
7884.9697 1.3081
7886.7837 1.3068
7888.6025 1.3025
7890.4175 1.3012
7892.2368 1.3084
7894.0522 1.3149
7895.8687 1.3014
7897.6890 1.2912
7899.5059 1.2968
7901.3276 1.3036
7903.1455 1.3010
7904.9678 1.2995
7906.7861 1.2972
7908.6055 1.3005
7910.4292 1.3011
7912.2485 1.2941
7914.0732 1.2851
7915.8940 1.2850
7917.7192 1.2878
7919.5405 1.2882
7921.3628 1.2890
7923.1895 1.2856
7925.0122 1.2788
7926.8394 1.2781
7928.6631 1.2762
7930.4912 1.2730
7932.3159 1.2631
7934.1406 1.2562
7935.9702 1.2555
7937.7959 1.2475
7939.6265 1.2430
7941.4526 1.2505
7943.2842 1.2525
7945.1113 1.2476
7946.9390 1.2460
7948.7720 1.2528
7950.6006 1.2631
7952.4336 1.2671
7954.2632 1.2674
7956.0977 1.2691
7957.9277 1.2720
7959.7583 1.2728
7961.5938 1.2763
7963.4253 1.2722
7965.2617 1.2691
7967.0942 1.2700
7968.9316 1.2713
7970.7646 1.2713
7972.5981 1.2730
7974.4370 1.2727
7976.2715 1.2742
7978.1108 1.2752
7979.9458 1.2736
7981.7861 1.2736
7983.6226 1.2765
7985.4590 1.2801
7987.3003 1.2819
7989.1377 1.2796
7990.9800 1.2742
7992.8184 1.2688
7994.6616 1.2619
7996.5005 1.2586
7998.3447 1.2575
8000.1846 1.2594
8002.0249 1.2657
8003.8706 1.2733
8005.7114 1.2720
8007.5576 1.2713
8009.3999 1.2675
8011.2471 1.2589
8013.0898 1.2526
8014.9331 1.2579
8016.7812 1.2661
8018.6255 1.2657
8020.4746 1.2627
8022.3198 1.2622
8024.1699 1.2622
8026.0156 1.2598
8027.8623 1.2616
8029.7134 1.2591
8031.5605 1.2613
8033.4126 1.2633
8035.2607 1.2583
8037.1138 1.2537
8038.9624 1.2600
8040.8120 1.2620
8042.6660 1.2591
8044.5161 1.2539
8046.3711 1.2494
8048.2222 1.2491
8050.0781 1.2501
8051.9302 1.2545
8053.7827 1.2599
8055.6396 1.2592
8057.4927 1.2528
8059.3511 1.2499
8061.2051 1.2444
8063.0640 1.2413
8064.9189 1.2410
8066.7739 1.2430
8068.6343 1.2464
8070.4902 1.2488
8072.3516 1.2486
8074.2085 1.2506
8076.0703 1.2508
8077.9282 1.2492
8079.7866 1.2476
8081.6499 1.2456
8083.5088 1.2445
8085.3730 1.2436
8087.2329 1.2436
8089.0981 1.2431
8090.9590 1.2406
8092.8203 1.2376
8094.6865 1.2389
8096.5483 1.2403
8098.4155 1.2394
8100.2788 1.2381
8102.1465 1.2377
8104.0103 1.2369
8105.8745 1.2364
8107.7441 1.2360
8109.6089 1.2355
8111.4790 1.2350
8113.3452 1.2344
8115.2163 1.2337
8117.0830 1.2328
8118.9502 1.2326
8120.8228 1.2323
8122.6909 1.2317
8124.5640 1.2313
8126.4326 1.2308
8128.3066 1.2302
8130.1768 1.2296
8132.0513 1.2289
8133.9224 1.2282
8135.7935 1.2275
8137.6694 1.2272
8139.5415 1.2267
8141.4185 1.2261
8143.2915 1.2255
8145.1694 1.2249
8147.0430 1.2243
8148.9175 1.2236
8150.7964 1.2229
8152.6714 1.2223
8154.5513 1.2218
8156.4272 1.2212
8158.3081 1.2206
8160.1851 1.2201
8162.0625 1.2196
8163.9443 1.2190
8165.8228 1.2182
8167.7056 1.2174
8169.5845 1.2167
8171.4683 1.2163
8173.3481 1.2157
8175.2285 1.2151
8177.1138 1.2145
8178.9951 1.2139
8180.8809 1.2131
8182.7632 1.2117
8184.6499 1.2074
8186.5327 1.2071
8188.4160 1.2074
8190.3042 1.2077
8192.1885 1.2088
8194.0771 1.2079
8195.9629 1.2035
8197.8525 1.2048
8199.7383 1.2061
8201.6250 1.2026
8203.5156 1.1987
8205.4033 1.2024
8207.2959 1.2044
8209.1836 1.2037
8211.0762 1.2024
8212.9658 1.2008
8214.8545 1.1982
8216.7490 1.1947
8218.6396 1.1956
8220.5342 1.1970
8222.4258 1.1950
8224.3223 1.1939
8226.2139 1.1966
8228.1064 1.1981
8230.0039 1.1954
8231.8965 1.1946
8233.7949 1.1929
8235.6895 1.1905
8237.5889 1.1906
8239.4834 1.1942
8241.3789 1.1935
8243.2793 1.1912
8245.1758 1.1915
8247.0771 1.1918
8248.9746 1.1880
8250.8770 1.1833
8252.7744 1.1897
8254.6729 1.1900
8256.5771 1.1889
8258.4766 1.1897
8260.3809 1.1905
8262.2812 1.1900
8264.1865 1.1892
8266.0869 1.1889
8267.9893 1.1890
8269.8955 1.1887
8271.7979 1.1879
8273.7051 1.1873
8275.6084 1.1859
8277.5166 1.1848
8279.4209 1.1847
8281.3301 1.1849
8283.2354 1.1843
8285.1416 1.1834
8287.0518 1.1809
8288.9580 1.1768
8290.8691 1.1773
8292.7773 1.1795
8294.6895 1.1787
8296.5977 1.1777
8298.5059 1.1776
8300.4199 1.1779
8302.3291 1.1780
8304.2432 1.1773
8306.1543 1.1750
8308.0693 1.1720
8309.9805 1.1732
8311.8926 1.1722
8313.8086 1.1726
8315.7217 1.1737
8317.6396 1.1725
8319.5527 1.1702
8321.4707 1.1708
8323.3857 1.1696
8325.2998 1.1661
8327.2197 1.1591
8329.1357 1.1543
8331.0566 1.1601
8332.9727 1.1566
8334.8945 1.1531
8336.8115 1.1545
8338.7295 1.1575
8340.6523 1.1583
8342.5713 1.1588
8344.4951 1.1615
8346.4150 1.1584
8348.3398 1.1570
8350.2598 1.1588
8352.1807 1.1596
8354.1074 1.1586
8356.0293 1.1583
8357.9561 1.1571
8359.8789 1.1552
8361.8066 1.1547
8363.7295 1.1558
8365.6543 1.1554
8367.5830 1.1524
8369.5078 1.1526
8371.4375 1.1526
8373.3643 1.1515
8375.2949 1.1505
8377.2217 1.1497
8379.1484 1.1501
8381.0811 1.1513
8383.0088 1.1509
8384.9424 1.1496
8386.8711 1.1453
8388.8047 1.1358
8390.7344 1.1385
8392.6650 1.1440
8394.6006 1.1450
8396.5312 1.1439
8398.4678 1.1446
8400.3994 1.1453
8402.3369 1.1456
8404.2695 1.1436
8406.2031 1.1423
8408.1416 1.1417
8410.0762 1.1400
8412.0156 1.1378
8413.9502 1.1372
8415.8906 1.1364
8417.8271 1.1363
8419.7637 1.1364
8421.7051 1.1368
8423.6426 1.1384
8425.5850 1.1377
8427.5234 1.1383
8429.4668 1.1386
8431.4053 1.1378
8433.3496 1.1359
8435.2900 1.1324
8437.2305 1.1300
8439.1758 1.1276
8441.1172 1.1269
8443.0645 1.1294
8445.0059 1.1296
8446.9541 1.1199
8448.8965 1.1180
8450.8408 1.1279
8452.7891 1.1325
8454.7344 1.1323
8456.6836 1.1339
8458.6289 1.1334
8460.5791 1.1313
8462.5254 1.1292
8464.4727 1.1273
8466.4248 1.1240
8468.3721 1.1180
8470.3252 1.1129
8472.2734 1.1196
8474.2275 1.1241
8476.1768 1.1272
8478.1270 1.1290
8480.0820 1.1286
8482.0322 1.1287
8483.9883 1.1296
8485.9404 1.1288
8487.8975 1.1273
8489.8496 1.1264
8491.8027 1.1254
8493.7607 1.1231
8495.7148 1.1240
8497.6738 1.0999
8499.6289 1.0834
8501.5889 1.0898
8503.5449 1.1035
8505.5010 1.1056
8507.4619 1.1129
8509.4199 1.1166
8511.3818 1.1194
8513.3398 1.1179
8515.3027 1.1123
8517.2617 1.1144
8519.2217 1.1226
8521.1855 1.1245
8523.1465 1.1253
8525.1113 1.1252
8527.0723 1.1219
8529.0391 1.1198
8531.0010 1.1215
8532.9639 1.1207
8534.9316 1.1187
8536.8945 1.1141
8538.8633 1.1091
8540.8281 1.1020
8542.7969 1.0578
8544.7627 1.0590
8546.7285 1.0827
8548.6992 1.0987
8550.6660 1.1033
8552.6377 1.1076
8554.6045 1.1115
8556.5771 1.1076
8558.5459 1.1065
8560.5146 1.1122
8562.4893 1.1185
8564.4590 1.1190
8566.4336 1.1202
8568.4043 1.1197
8570.3799 1.1191
8572.3516 1.1183
8574.3242 1.1173
8576.3008 1.1181
8578.2744 1.1181
8580.2520 1.1184
8582.2256 1.1153
8584.2051 1.1106
8586.1797 1.1075
8588.1602 1.1050
8590.1357 1.1078
8592.1113 1.1044
8594.0928 1.0969
8596.0703 1.0882
8598.0527 1.0797
8600.0303 1.0754
8602.0137 1.0804
8603.9922 1.0893
8605.9717 1.0955
8607.9561 1.0993
8609.9365 1.1029
8611.9219 1.1044
8613.9033 1.1040
8615.8896 1.1079
8617.8711 1.1094
8619.8535 1.1100
8621.8418 1.1125
8623.8252 1.1119
8625.8135 1.1146
8627.7979 1.1149
8629.7881 1.1141
8631.7725 1.1124
8633.7588 1.1100
8635.7500 1.1091
8637.7363 1.1115
8639.7285 1.1118
8641.7158 1.1109
8643.7080 1.1095
8645.6973 1.1066
8647.6855 1.1009
8649.6797 1.0900
8651.6699 1.0930
8653.6650 1.0969
8655.6553 1.0937
8657.6514 1.0884
8659.6436 1.0838
8661.6357 1.0587
8663.6328 1.0259
8665.6260 1.0290
8667.6240 1.0513
8669.6182 1.0601
8671.6172 1.0659
8673.6123 1.0732
8675.6074 1.0760
8677.6084 1.0818
8679.6045 1.0852
8681.6055 1.0830
8683.6025 1.0892
8685.6055 1.0972
8687.6035 1.0928
8689.6025 1.0846
8691.6055 1.0885
8693.6055 1.0989
8695.6104 1.0905
8697.6104 1.0929
8699.6162 1.0964
8701.6172 1.0977
8703.6191 1.0983
8705.6260 1.0993
8707.6289 1.0994
8709.6367 1.0978
8711.6406 1.0921
8713.6494 1.0903
8715.6543 1.0926
8717.6592 1.0939
8719.6699 1.0928
8721.6758 1.0926
8723.6865 1.0929
8725.6934 1.0924
8727.7061 1.0881
8729.7129 1.0819
8731.7217 1.0822
8733.7354 1.0850
8735.7441 1.0802
8737.7588 1.0740
8739.7686 1.0715
8741.7842 1.0693
8743.7949 1.0601
8745.8115 1.0553
8747.8232 1.0474
8749.8359 1.0329
8751.8535 1.0200
8753.8672 1.0208
8755.8857 1.0367
8757.9004 1.0468
8759.9199 1.0543
8761.9346 1.0606
8763.9502 1.0624
8765.9717 1.0618
8767.9883 1.0685
8770.0098 1.0737
8772.0273 1.0738
8774.0498 1.0690
8776.0684 1.0685
8778.0879 1.0751
8780.1113 1.0759
8782.1318 1.0753
8784.1562 1.0760
8786.1777 1.0771
8788.2031 1.0770
8790.2256 1.0732
8792.2471 1.0651
8794.2754 1.0630
8796.2979 1.0676
8798.3262 1.0731
8800.3506 1.0753
8802.3799 1.0745
8804.4053 1.0729
8806.4307 1.0613
8808.4609 1.0513
8810.4873 1.0567
8812.5195 1.0671
8814.5459 1.0687
8816.5791 1.0676
8818.6074 1.0662
8820.6357 1.0642
8822.6699 1.0617
8824.6992 1.0563
8826.7344 1.0522
8828.7646 1.0604
8830.8008 1.0623
8832.8330 1.0594
8834.8643 1.0571
8836.9014 1.0547
8838.9346 1.0501
8840.9727 1.0456
8843.0068 1.0458
8845.0459 1.0428
8847.0811 1.0374
8849.1162 1.0326
8851.1562 1.0290
8853.1924 1.0239
8855.2344 1.0184
8857.2715 1.0092
8859.3145 0.9971
8861.3516 0.9822
8863.3906 0.9674
8865.4346 0.9629
8867.4736 0.9746
8869.5186 0.9871
8871.5596 0.9982
8873.6045 1.0064
8875.6465 1.0111
8877.6885 1.0163
8879.7354 1.0210
8881.7783 1.0240
8883.8262 1.0262
8885.8701 1.0290
8887.9189 1.0327
8889.9639 1.0358
8892.0088 1.0372
8894.0596 1.0383
8896.1055 1.0399
8898.1562 1.0414
8900.2041 1.0424
8902.2559 1.0435
8904.3037 1.0446
8906.3574 1.0451
8908.4062 1.0460
8910.4561 1.0451
8912.5107 1.0403
8914.5605 1.0360
8916.6162 1.0451
8918.6680 1.0468
8920.7246 1.0461
8922.7764 1.0466
8924.8291 1.0459
8926.8867 1.0419
8928.9404 1.0327
8931.0000 1.0395
8933.0547 1.0452
8935.1143 1.0448
8937.1699 1.0445
8939.2256 1.0440
8941.2871 1.0435
8943.3438 1.0430
8945.4062 1.0421
8947.4639 1.0412
8949.5273 1.0407
8951.5859 1.0401
8953.6455 1.0397
8955.7100 1.0389
8957.7705 1.0381
8959.8359 1.0372
8961.8975 1.0362
8963.9639 1.0352
8966.0264 1.0332
8968.0889 1.0318
8970.1572 1.0310
8972.2207 1.0300
8974.2891 1.0284
8976.3535 1.0267
8978.4238 1.0241
8980.4893 1.0222
8982.5557 1.0206
8984.6270 1.0185
8986.6934 1.0159
8988.7656 1.0129
8990.8340 1.0095
8992.9072 1.0059
8994.9756 1.0020
8997.0449 0.9976
8999.1201 0.9924
9001.1904 0.9864
9003.2656 0.9803
9005.3369 0.9731
9007.4131 0.9647
9009.4854 0.9548
9011.5586 0.9432
9013.6357 0.9298
9015.7100 0.9139
9017.7891 0.9153
9019.8633 0.9278
9021.9434 0.9411
9024.0186 0.9512
9026.0947 0.9600
9028.1758 0.9671
9030.2529 0.9730
9032.3350 0.9784
9034.4131 0.9832
9036.4971 0.9869
9038.5752 0.9900
9040.6543 0.9932
9042.7393 0.9960
9044.8193 0.9979
9046.9053 0.9992
9048.9863 1.0005
9051.0732 1.0021
9053.1553 1.0035
9055.2383 1.0050
9057.3262 1.0062
9059.4102 1.0059
9061.4990 0.9982
9063.5840 0.9822
9065.6738 0.9968
9067.7588 1.0069
9069.8506 1.0086
9071.9365 1.0078
9074.0234 1.0078
9076.1162 1.0080
9078.2041 1.0000
9080.2979 0.9970
9082.3867 1.0025
9084.4805 1.0082
9086.5703 1.0066
9088.6611 1.0005
9090.7568 0.9937
9092.8486 1.0031
9094.9453 0.9965
9097.0371 0.9880
9099.1348 1.0001
9101.2285 1.0048
9103.3223 1.0037
9105.4209 1.0034
9107.5156 1.0036
9109.6162 1.0025
9111.7119 0.9973
9113.8125 0.9877
9115.9092 0.9973
9118.0068 1.0005
9120.1094 1.0002
9122.2070 0.9994
9124.3105 0.9974
9126.4102 0.9972
9128.5146 0.9974
9130.6143 0.9976
9132.7148 0.9962
9134.8213 0.9952
9136.9219 0.9960
9139.0293 0.9957
9141.1318 0.9950
9143.2393 0.9944
9145.3428 0.9938
9147.4473 0.9931
9149.5566 0.9924
9151.6611 0.9918
9153.7715 0.9912
9155.8770 0.9901
9157.9883 0.9893
9160.0957 0.9888
9162.2031 0.9882
9164.3154 0.9874
9166.4238 0.9865
9168.5371 0.9857
9170.6465 0.9848
9172.7617 0.9837
9174.8711 0.9822
9176.9824 0.9794
9179.0986 0.9773
9181.2100 0.9774
9183.3271 0.9763
9185.4395 0.9746
9187.5576 0.9739
9189.6719 0.9714
9191.7852 0.9714
9193.9053 0.9698
9196.0205 0.9675
9198.1406 0.9650
9200.2568 0.9623
9202.3789 0.9597
9204.4951 0.9546
9206.6133 0.9510
9208.7363 0.9483
9210.8545 0.9442
9212.9785 0.9373
9215.0977 0.9290
9217.2227 0.9263
9219.3428 0.9165
9221.4639 0.9095
9223.5908 0.9041
9225.7129 0.8932
9227.8398 0.8802
9229.9629 0.8650
9232.0908 0.8676
9234.2148 0.8803
9236.3447 0.8923
9238.4688 0.9004
9240.5947 0.9078
9242.7256 0.9167
9244.8516 0.9177
9246.9834 0.9224
9249.1104 0.9307
9251.2432 0.9353
9253.3721 0.9381
9255.5010 0.9395
9257.6348 0.9420
9259.7646 0.9432
9261.8994 0.9382
9264.0303 0.9312
9266.1670 0.9362
9268.2988 0.9401
9270.4307 0.9493
9272.5684 0.9538
9274.7012 0.9535
9276.8398 0.9546
9278.9746 0.9549
9281.1143 0.9552
9283.2490 0.9554
9285.3848 0.9555
9287.5264 0.9556
9289.6621 0.9555
9291.8047 0.9553
9293.9424 0.9553
9296.0850 0.9550
9298.2236 0.9545
9300.3633 0.9545
9302.5078 0.9547
9304.6475 0.9539
9306.7930 0.9537
9308.9346 0.9537
9311.0811 0.9535
9313.2227 0.9531
9315.3652 0.9528
9317.5137 0.9525
9319.6572 0.9516
9321.8057 0.9511
9323.9502 0.9510
9326.1006 0.9506
9328.2461 0.9497
9330.3916 0.9495
9332.5439 0.9498
9334.6904 0.9494
9336.8428 0.9489
9338.9912 0.9485
9341.1445 0.9478
9343.2939 0.9472
9345.4434 0.9471
9347.5977 0.9468
9349.7480 0.9462
9351.9043 0.9457
9354.0557 0.9453
9356.2129 0.9449
9358.3652 0.9445
9360.5186 0.9440
9362.6768 0.9436
9364.8301 0.9431
9366.9902 0.9426
9369.1445 0.9421
9371.3057 0.9417
9373.4609 0.9412
9375.6172 0.9406
9377.7793 0.9402
9379.9365 0.9397
9382.0996 0.9389
9384.2578 0.9392
9386.4219 0.9362
9388.5820 0.9341
9390.7461 0.9348
9392.9072 0.9345
9395.0674 0.9301
9397.2344 0.9346
9399.3965 0.9353
9401.5635 0.9347
9403.7266 0.9335
9405.8945 0.9266
9408.0586 0.9164
9410.2227 0.9295
9412.3926 0.9299
9414.5586 0.9229
9416.7295 0.9224
9418.8955 0.9288
9421.0674 0.9295
9423.2344 0.9271
9425.4023 0.9280
9427.5762 0.9284
9429.7451 0.9270
9431.9189 0.9263
9434.0889 0.9264
9436.2646 0.9257
9438.4355 0.9232
9440.6064 0.9230
9442.7832 0.9243
9444.9561 0.9239
9447.1338 0.9229
9449.3076 0.9228
9451.4863 0.9226
9453.6602 0.9221
9455.8350 0.9214
9458.0156 0.9209
9460.1914 0.9201
9462.3730 0.9187
9464.5498 0.9184
9466.7324 0.9181
9468.9102 0.9176
9471.0889 0.9172
9473.2725 0.9165
9475.4521 0.9158
9477.6367 0.9151
9479.8174 0.9144
9482.0029 0.9133
9484.1846 0.9117
9486.3662 0.9111
9488.5537 0.9110
9490.7363 0.9102
9492.9258 0.9090
9495.1094 0.9080
9497.2988 0.9068
9499.4834 0.9055
9501.6689 0.9043
9503.8604 0.9031
9506.0459 0.9015
9508.2383 0.8997
9510.4258 0.8982
9512.6191 0.8963
9514.8076 0.8943
9516.9961 0.8920
9519.1904 0.8894
9521.3809 0.8865
9523.5762 0.8833
9525.7666 0.8797
9527.9639 0.8757
9530.1553 0.8712
9532.3477 0.8662
9534.5459 0.8604
9536.7393 0.8539
9538.9385 0.8467
9541.1328 0.8378
9543.3330 0.8279
9545.5283 0.8135
9547.7246 0.8040
9549.9268 0.8103
9552.1230 0.8243
9554.3262 0.8337
9556.5234 0.8417
9558.7275 0.8484
9560.9268 0.8539
9563.1309 0.8588
9565.3311 0.8629
9567.5322 0.8665
9569.7383 0.8694
9571.9395 0.8719
9574.1465 0.8742
9576.3496 0.8763
9578.5576 0.8782
9580.7607 0.8796
9582.9648 0.8809
9585.1748 0.8819
9587.3799 0.8827
9589.5908 0.8834
9591.7969 0.8839
9594.0088 0.8841
9596.2158 0.8845
9598.4238 0.8848
9600.6367 0.8848
9602.8457 0.8826
9605.0596 0.8778
9607.2695 0.8829
9609.4854 0.8849
9611.6953 0.8850
9613.9062 0.8850
9616.1240 0.8848
9618.3359 0.8855
9620.5537 0.8792
9622.7666 0.8756
9624.9863 0.8796
9627.2002 0.8841
9629.4150 0.8827
9631.6357 0.8810
9633.8516 0.8745
9636.0723 0.8779
9638.2891 0.8818
9640.5117 0.8819
9642.7295 0.8817
9644.9482 0.8811
9647.1719 0.8813
9649.3916 0.8791
9651.6172 0.8773
9653.8369 0.8783
9656.0635 0.8793
9658.2842 0.8741
9660.5068 0.8678
9662.7344 0.8742
9664.9570 0.8782
9667.1855 0.8769
9669.4102 0.8772
9671.6396 0.8762
9673.8643 0.8749
9676.0898 0.8751
9678.3213 0.8749
9680.5479 0.8734
9682.7803 0.8720
9685.0078 0.8732
9687.2412 0.8732
9689.4697 0.8728
9691.6982 0.8715
9693.9336 0.8704
9696.1631 0.8707
9698.3994 0.8711
9700.6299 0.8709
9702.8672 0.8707
9705.0996 0.8704
9707.3320 0.8699
9709.5703 0.8695
9711.8047 0.8691
9714.0439 0.8687
9716.2783 0.8683
9718.5186 0.8678
9720.7549 0.8674
9722.9912 0.8668
9725.2334 0.8659
9727.4707 0.8658
9729.7139 0.8655
9731.9521 0.8651
9734.1963 0.8648
9736.4355 0.8641
9738.6807 0.8624
9740.9209 0.8612
9743.1621 0.8618
9745.4082 0.8623
9747.6504 0.8619
9749.8984 0.8614
9752.1416 0.8612
9754.3896 0.8609
9756.6338 0.8604
9758.8789 0.8600
9761.1289 0.8595
9763.3740 0.8591
9765.6260 0.8584
9767.8721 0.8582
9770.1250 0.8578
9772.3721 0.8574
9774.6201 0.8570
9776.8750 0.8565
9779.1240 0.8560
9781.3789 0.8556
9783.6289 0.8552
9785.8848 0.8547
9788.1367 0.8541
9790.3877 0.8535
9792.6455 0.8531
9794.8984 0.8529
9797.1572 0.8525
9799.4111 0.8518
9801.6709 0.8513
9803.9258 0.8511
9806.1807 0.8509
9808.4424 0.8505
9810.6982 0.8497
9812.9609 0.8491
9815.2188 0.8488
9817.4814 0.8486
9819.7402 0.8483
9821.9990 0.8476
9824.2646 0.8468
9826.5244 0.8453
9828.7900 0.8447
9831.0518 0.8458
9833.3184 0.8453
9835.5801 0.8448
9837.8428 0.8445
9840.1113 0.8442
9842.3750 0.8436
9844.6455 0.8428
9846.9102 0.8429
9849.1807 0.8426
9851.4463 0.8421
9853.7129 0.8402
9855.9844 0.8380
9858.2520 0.8378
9860.5254 0.8380
9862.7939 0.8377
9865.0684 0.8382
9867.3379 0.8387
9869.6074 0.8386
9871.8838 0.8380
9874.1543 0.8374
9876.4316 0.8373
9878.7031 0.8370
9880.9814 0.8366
9883.2549 0.8360
9885.5283 0.8354
9887.8076 0.8356
9890.0830 0.8315
9892.3633 0.8263
9894.6387 0.8286
9896.9209 0.8335
9899.1973 0.8327
9901.4746 0.8318
9903.7578 0.8319
9906.0361 0.8318
9908.3203 0.8312
9910.5996 0.8305
9912.8857 0.8300
9915.1660 0.8291
9917.4521 0.8275
9919.7334 0.8283
9922.0156 0.8290
9924.3037 0.8283
9926.5869 0.8277
9928.8760 0.8276
9931.1602 0.8243
9933.4502 0.8222
9935.7354 0.8239
9938.0205 0.8260
9940.3125 0.8249
9942.5996 0.8231
9944.8926 0.8232
9947.1797 0.8234
9949.4736 0.8229
9951.7627 0.8223
9954.0518 0.8221
9956.3477 0.8216
9958.6377 0.8210
9960.9346 0.8206
9963.2256 0.8201
9965.5234 0.8195
9967.8154 0.8191
9970.1094 0.8186
9972.4082 0.8180
9974.7021 0.8174
9977.0020 0.8168
9979.2979 0.8162
9981.5986 0.8156
9983.8945 0.8149
9986.1914 0.8142
9988.4941 0.8135
9990.7920 0.8128
9993.0967 0.8120
9995.3955 0.8111
9997.7002 0.8092
10000.0000 0.8075
10002.3057 0.8077
10004.6016 0.8073
10006.9082 0.8059
10009.2158 0.8049
10011.5244 0.8035
10013.8223 0.8019
10016.1309 0.8003
10018.4404 0.7984
10020.7402 0.7963
10023.0508 0.7942
10025.3623 0.7917
10027.6738 0.7888
10029.9756 0.7857
10032.2881 0.7822
10034.6016 0.7783
10036.9043 0.7739
10039.2188 0.7687
10041.5342 0.7629
10043.8496 0.7560
10046.1543 0.7479
10048.4707 0.7367
10050.7881 0.7258
10053.0947 0.7290
10055.4131 0.7414
10057.7324 0.7500
10060.0508 0.7563
10062.3604 0.7622
10064.6807 0.7666
10067.0010 0.7706
10069.3115 0.7740
10071.6338 0.7769
10073.9561 0.7795
10076.2793 0.7816
10078.5918 0.7833
10080.9160 0.7850
10083.2402 0.7863
10085.5547 0.7875
10087.8799 0.7884
10090.2061 0.7893
10092.5332 0.7900
10094.8496 0.7905
10097.1777 0.7910
10099.5059 0.7913
10101.8232 0.7916
10104.1533 0.7916
10106.4834 0.7909
10108.8135 0.7902
10111.1338 0.7903
10113.4648 0.7889
10115.7969 0.7879
10118.1191 0.7894
10120.4521 0.7918
10122.7861 0.7910
10125.1201 0.7850
10127.4434 0.7870
10129.7793 0.7903
10132.1152 0.7907
10134.4404 0.7906
10136.7773 0.7905
10139.1152 0.7903
10141.4531 0.7900
10143.7803 0.7897
10146.1191 0.7892
10148.4590 0.7883
10150.7881 0.7884
10153.1289 0.7886
10155.4707 0.7880
10157.8125 0.7875
10160.1436 0.7876
10162.4863 0.7873
10164.8301 0.7860
10167.1621 0.7855
10169.5068 0.7861
10171.8525 0.7862
10174.1973 0.7855
10176.5322 0.7851
10178.8789 0.7850
10181.2266 0.7849
10183.5742 0.7837
10185.9111 0.7830
10188.2607 0.7832
10190.6094 0.7832
10192.9482 0.7829
10195.2988 0.7827
10197.6504 0.7823
10200.0020 0.7820
10202.3428 0.7816
10204.6953 0.7813
10207.0479 0.7810
10209.3906 0.7806
10211.7451 0.7802
10214.0996 0.7799
10216.4551 0.7794
10218.7998 0.7787
10221.1562 0.7788
10223.5137 0.7784
10225.8594 0.7781
10228.2178 0.7777
10230.5762 0.7774
10232.9355 0.7771
10235.2842 0.7768
10237.6436 0.7763
10240.0049 0.7759
10242.3545 0.7756
10244.7168 0.7753
10247.0791 0.7747
10249.4424 0.7745
10251.7939 0.7743
10254.1582 0.7740
10256.5234 0.7735
10258.8770 0.7731
10261.2422 0.7728
10263.6084 0.7725
10265.9756 0.7722
10268.3311 0.7718
10270.6992 0.7715
10273.0674 0.7711
10275.4258 0.7707
10277.7949 0.7702
10280.1650 0.7701
10282.5352 0.7697
10284.8955 0.7694
10287.2666 0.7690
10289.6396 0.7684
10292.0010 0.7678
10294.3740 0.7679
10296.7480 0.7676
10299.1221 0.7672
10301.4863 0.7669
10303.8613 0.7665
10306.2373 0.7662
10308.6025 0.7659
