3559.5898 63.7209
3560.4106 63.9447
3561.2297 64.1272
3562.0508 64.1961
3562.8704 64.1060
3563.6899 63.8192
3564.5117 63.3348
3565.3318 62.7771
3566.1538 62.4733
3566.9744 62.5809
3567.7969 62.8983
3568.6177 63.0494
3569.4385 62.8772
3570.2617 62.5589
3571.0830 62.3383
3571.9065 62.2591
3572.7283 62.2998
3573.5520 62.4463
3574.3740 62.6181
3575.1963 62.6736
3576.0208 62.5792
3576.8435 62.4857
3577.6682 62.5396
3578.4915 62.7101
3579.3167 62.8162
3580.1399 62.6827
3580.9636 62.4340
3581.7893 62.4259
3582.6133 62.7495
3583.4395 62.9721
3584.2639 62.7113
3585.0903 62.0625
3585.9150 61.5986
3586.7400 61.6227
3587.5671 61.9735
3588.3923 62.3279
3589.2200 62.5380
3590.0457 62.6671
3590.8735 62.7163
3591.6995 62.6437
3592.5259 62.4986
3593.3542 62.4274
3594.1809 62.4935
3595.0098 62.6030
3595.8367 62.6239
3596.6660 62.5595
3597.4934 62.4724
3598.3208 62.4537
3599.1506 62.5231
3599.9788 62.5904
3600.8088 62.5323
3601.6372 62.3215
3602.4678 61.9744
3603.2964 61.5977
3604.1252 61.3592
3604.9565 61.3979
3605.7859 61.6535
3606.6172 61.9322
3607.4470 62.0302
3608.2788 61.9192
3609.1089 61.7263
3609.9392 61.6081
3610.7717 61.5426
3611.6023 61.4388
3612.4351 61.2096
3613.2661 60.8935
3614.0994 60.7000
3614.9307 60.8665
3615.7625 61.2749
3616.5962 61.5613
3617.4282 61.4795
3618.2625 61.1402
3619.0947 60.8538
3619.9292 60.8745
3620.7620 61.0998
3621.5969 61.3366
3622.4302 61.5601
3623.2634 61.7438
3624.0989 61.8466
3624.9326 61.8895
3625.7686 62.0177
3626.6028 62.1482
3627.4390 62.0921
3628.2734 61.8541
3629.1082 61.5169
3629.9451 61.1023
3630.7800 60.5734
3631.6174 60.1622
3632.4529 60.1801
3633.2903 60.5960
3634.1262 61.1005
3634.9622 61.3674
3635.8005 61.4397
3636.6370 61.4773
3637.4756 61.5285
3638.3123 61.5473
3639.1514 61.4801
3639.9885 61.3028
3640.8259 61.0163
3641.6653 60.7459
3642.5032 60.6290
3643.3430 60.6403
3644.1812 60.6745
3645.0215 60.6726
3645.8601 60.7170
3646.6990 60.8103
3647.5398 60.8194
3648.3789 60.7325
3649.2202 60.6389
3650.0596 60.6120
3650.9014 60.5906
3651.7412 60.6204
3652.5813 60.7904
3653.4236 61.0526
3654.2642 61.2483
3655.1067 61.2334
3655.9475 61.0729
3656.7908 60.9047
3657.6318 60.8192
3658.4734 60.7532
3659.3169 60.6162
3660.1587 60.4131
3661.0029 60.2760
3661.8450 60.2412
3662.6895 60.2594
3663.5320 60.2297
3664.3748 60.1443
3665.2197 60.1190
3666.0630 60.2222
3666.9084 60.3409
3667.7520 60.3806
3668.5977 60.3275
3669.4417 60.2261
3670.2859 60.1456
3671.1321 60.1338
3671.9768 60.1727
3672.8235 60.1827
3673.6685 60.0702
3674.5156 59.8395
3675.3608 59.5836
3676.2063 59.3045
3677.0542 58.9626
3677.8999 58.6994
3678.7480 58.7049
3679.5945 58.9938
3680.4429 59.3627
3681.2896 59.6133
3682.1365 59.6347
3682.9856 59.4620
3683.8328 59.1845
3684.6824 58.8216
3685.5300 58.3789
3686.3799 58.0992
3687.2278 58.2372
3688.0781 58.8137
3688.9265 59.4309
3689.7751 59.6099
3690.6260 59.2136
3691.4751 58.8051
3692.3264 58.9182
3693.1758 59.5160
3694.0273 60.0631
3694.8772 60.0508
3695.7273 59.3502
3696.5793 58.3243
3697.4299 57.7116
3698.2825 58.1518
3699.1333 59.4428
3699.9863 60.7739
3700.8374 61.2403
3701.6887 60.5841
3702.5425 58.9964
3703.3943 57.1388
3704.2483 55.9729
3705.1003 56.1326
3705.9548 57.5846
3706.8074 59.7228
3707.6599 61.6060
3708.5149 62.2053
3709.3682 61.1697
3710.2234 58.8870
3711.0771 56.2986
3711.9329 54.4596
3712.7866 54.3582
3713.6409 56.2334
3714.4973 59.2062
3715.3518 62.1625
3716.2085 64.3959
3717.0635 65.6833
3717.9204 65.6372
3718.7759 64.0325
3719.6313 61.0680
3720.4890 57.4043
3721.3450 54.1403
3722.2031 52.5114
3723.0593 53.3071
3723.9180 56.2499
3724.7747 60.1768
3725.6316 63.8581
3726.4905 66.5343
3727.3479 68.1555
3728.2073 69.0236
3729.0649 69.2223
3729.9250 68.4170
3730.7830 66.3114
3731.6414 62.9662
3732.5017 58.7968
3733.3604 54.5565
3734.2214 51.3956
3735.0803 50.4475
3735.9417 51.9654
3736.8013 55.1843
3737.6609 59.3436
3738.5227 63.9376
3739.3828 68.2829
3740.2451 71.6551
3741.1055 73.6928
3741.9683 74.5518
3742.8291 74.5848
3743.6899 73.8181
3744.5532 72.0604
3745.4148 69.3385
3746.2786 65.9711
3747.1404 62.3044
3748.0044 58.1899
3748.8667 53.8651
3749.7290 50.4098
3750.5938 49.2228
3751.4565 50.8920
3752.3215 54.6786
3753.1848 59.1641
3754.0503 63.5505
3754.9138 67.7099
3755.7798 71.4305
3756.6438 74.2527
3757.5081 75.7996
3758.3745 76.5311
3759.2390 77.2063
3760.1060 78.1479
3760.9709 78.9425
3761.8381 79.1446
3762.7036 78.6406
3763.5693 77.3274
3764.4370 75.1392
3765.3032 72.3081
3766.1714 68.8972
3767.0378 64.9384
3767.9065 60.5973
3768.7732 56.1288
3769.6401 51.9285
3770.5095 49.0079
3771.3770 48.5355
3772.2466 50.7613
3773.1145 54.6876
3773.9844 59.1246
3774.8528 63.5630
3775.7209 67.9712
3776.5918 72.3434
3777.4604 76.5411
3778.3315 80.3502
3779.2009 83.7301
3780.0723 86.7716
3780.9419 89.4285
3781.8118 91.3579
3782.6838 92.4285
3783.5540 92.9910
3784.4265 93.4503
3785.2971 93.4824
3786.1699 92.5861
3787.0410 90.8765
3787.9121 88.8146
3788.7856 86.7677
3789.6572 84.6379
3790.5310 82.1699
3791.4031 79.0997
3792.2773 75.3341
3793.1499 70.9923
3794.0225 66.3332
3794.8972 61.5306
3795.7703 56.7215
3796.6455 52.1058
3797.5190 48.4355
3798.3948 46.8919
3799.2686 48.3728
3800.1426 52.1201
3801.0188 56.7869
3801.8933 61.5560
3802.7700 66.1783
3803.6448 70.5457
3804.5220 74.4961
3805.3972 78.0222
3806.2727 81.2364
3807.1504 84.4347
3808.0261 87.9009
3808.9043 91.5279
3809.7805 94.7839
3810.6589 97.2755
3811.5356 98.7170
3812.4126 98.9775
3813.2917 98.4540
3814.1689 97.8840
3815.0483 97.9930
3815.9260 98.9483
3816.8059 100.4609
3817.6841 101.7852
3818.5623 102.1140
3819.4429 101.0867
3820.3215 99.1487
3821.2024 97.4817
3822.0815 96.6441
3822.9629 95.7091
3823.8423 93.4938
3824.7241 90.0093
3825.6040 86.5522
3826.4841 83.6944
3827.3665 80.9468
3828.2468 77.7908
3829.1296 74.2854
3830.0105 70.6401
3830.8938 66.7924
3831.7751 62.4171
3832.6565 57.6537
3833.5403 52.9750
3834.4224 48.8540
3835.3064 46.0831
3836.1887 45.6931
3837.0735 47.8040
3837.9561 51.4675
3838.8391 55.7181
3839.7244 60.0218
3840.6077 64.3183
3841.4932 68.8035
3842.3770 73.3959
3843.2629 77.6422
3844.1472 81.3549
3845.0315 84.6332
3845.9182 87.6457
3846.8030 90.4755
3847.6899 93.0455
3848.5752 94.9968
3849.4626 96.2191
3850.3481 97.6136
3851.2339 99.7596
3852.1221 102.0239
3853.0083 103.3173
3853.8967 103.7102
3854.7832 103.4791
3855.6721 102.8564
3856.5591 102.6062
3857.4463 103.6264
3858.3359 104.9212
3859.2234 105.4386
3860.1135 105.6610
3861.0015 105.9507
3861.8918 106.0296
3862.7803 105.5372
3863.6687 105.2981
3864.5598 105.3853
3865.4487 105.3319
3866.3401 105.3146
3867.2297 105.6673
3868.1213 106.2720
3869.0112 106.5408
3869.9014 106.1551
3870.7937 104.9491
3871.6841 102.9362
3872.5769 100.6818
3873.4678 99.1684
3874.3611 98.5582
3875.2524 98.0187
3876.1438 96.6666
3877.0376 93.9772
3877.9297 90.2424
3878.8237 86.6023
3879.7161 83.9928
3880.6108 81.8561
3881.5037 79.1689
3882.3965 75.7325
3883.2917 71.8277
3884.1851 67.6646
3885.0808 63.1740
3885.9746 58.4464
3886.8706 53.6984
3887.7649 49.2413
3888.6592 45.7926
3889.5559 44.4920
3890.4507 46.0108
3891.3479 49.6868
3892.2429 54.2480
3893.1406 58.8191
3894.0361 63.0398
3894.9341 66.9143
3895.8301 70.6105
3896.7263 74.2777
3897.6250 77.7380
3898.5215 80.6106
3899.4207 82.8558
3900.3176 85.0025
3901.2170 87.5717
3902.1145 90.2185
3903.0122 92.4057
3903.9121 94.2585
3904.8103 95.8999
3905.7107 97.2262
3906.6094 98.8280
3907.5100 101.1336
3908.4089 103.4791
3909.3081 105.2453
3910.2097 106.3547
3911.1091 107.0304
3912.0110 106.8971
3912.9111 105.7505
3913.8132 104.4298
3914.7136 104.1722
3915.6143 105.1568
3916.5171 106.2593
3917.4182 106.9895
3918.3215 107.4721
3919.2229 107.7571
3920.1267 107.8960
3921.0286 108.0729
3921.9307 108.4994
3922.8350 109.0086
3923.7373 109.6018
3924.6421 110.2269
3925.5452 110.4764
3926.4502 110.0829
3927.3535 109.2740
3928.2571 108.5002
3929.1628 107.8524
3930.0667 106.8433
3930.9731 104.7282
3931.8774 100.1937
3932.7839 92.5856
3933.6887 85.7249
3934.5938 85.5618
3935.5010 92.1614
3936.4062 100.0286
3937.3142 104.7287
3938.2200 106.4514
3939.1279 107.1293
3940.0342 107.8827
3940.9407 108.4156
3941.8494 108.1498
3942.7561 106.9832
3943.6653 105.5394
3944.5725 104.7461
3945.4822 104.9877
3946.3899 105.4959
3947.2979 105.4182
3948.2080 104.6109
3949.1162 103.6091
3950.0269 102.5469
3950.9355 101.4671
3951.8467 100.5176
3952.7559 99.8563
3953.6650 99.3824
3954.5769 98.6161
3955.4866 97.0305
3956.3987 94.6630
3957.3088 92.0907
3958.2214 89.7548
3959.1321 87.5705
3960.0449 84.9812
3960.9561 81.7131
3961.8672 78.1569
3962.7808 74.8392
3963.6924 71.6288
3964.6064 68.1365
3965.5186 64.1221
3966.4329 59.4695
3967.3455 54.1491
3968.2581 48.6371
3969.1731 44.1129
3970.0862 41.8928
3971.0017 42.7118
3971.9153 45.9709
3972.8313 50.3819
3973.7451 54.9605
3974.6592 59.4190
3975.5759 63.7281
3976.4905 67.7986
3977.4075 71.6310
3978.3225 75.3616
3979.2397 78.9403
3980.1553 82.1371
3981.0708 84.8098
3981.9888 87.0979
3982.9050 89.3378
3983.8232 91.6653
3984.7397 93.8982
3985.6587 95.8200
3986.5757 97.4389
3987.4927 98.9693
3988.4121 100.3838
3989.3298 101.4575
3990.2498 102.1625
3991.1677 102.8273
3992.0879 103.7396
3993.0063 104.8064
3993.9250 105.6043
3994.8459 105.9453
3995.7649 105.8416
3996.6863 105.3888
3997.6057 104.9505
3998.5276 105.0698
3999.4475 105.7017
4000.3674 106.2962
4001.2900 106.4495
4002.2104 106.2529
4003.1333 105.9675
4004.0544 105.6549
4004.9775 105.1355
4005.8989 105.0367
4006.8206 106.0378
4007.7446 107.8201
4008.6665 109.6326
4009.5908 110.7908
4010.5132 110.6344
4011.4380 109.3706
4012.3608 107.9819
4013.2839 107.2421
4014.2095 107.2135
4015.1328 107.3873
4016.0588 107.6491
4016.9827 108.1097
4017.9089 108.6943
4018.8333 109.3329
4019.7578 109.8602
4020.6848 109.9629
4021.6096 109.4678
4022.5371 108.5395
4023.4624 107.3070
4024.3901 106.2036
4025.3162 105.8182
4026.2422 106.4096
4027.1704 107.2246
4028.0969 107.5519
4029.0259 107.4059
4029.9526 107.0852
4030.8821 106.8559
4031.8093 106.8280
4032.7390 106.9661
4033.6667 107.1760
4034.5947 107.3618
4035.5251 107.5356
4036.4534 107.8409
4037.3843 108.3938
4038.3130 108.9051
4039.2441 109.1773
4040.1736 109.1629
4041.1030 108.9606
4042.0347 108.7378
4042.9646 108.5350
4043.8970 107.9479
4044.8271 106.6158
4045.7600 105.1875
4046.6907 104.8279
4047.6216 105.6440
4048.5549 106.3582
4049.4863 106.6540
4050.4202 106.8332
4051.3521 106.7797
4052.2861 106.3457
4053.2185 105.6826
4054.1509 105.2917
4055.0857 105.5663
4056.0186 106.2334
4056.9539 106.6328
4057.8872 106.7561
4058.8230 106.9462
4059.7566 107.2908
4060.6907 107.2704
4061.6270 106.5873
4062.5613 105.2083
4063.4983 103.8967
4064.4331 103.5178
4065.3701 104.0719
4066.3054 104.2243
4067.2410 103.8557
4068.1787 103.8306
4069.1147 104.1205
4070.0530 103.9880
4070.9893 102.9753
4071.9280 102.0416
4072.8647 102.0283
4073.8018 102.5493
4074.7412 102.6656
4075.6787 101.7207
4076.6184 99.8702
4077.5562 98.1257
4078.4966 97.7997
4079.4348 98.7603
4080.3733 99.7110
4081.3142 99.7237
4082.2532 98.9967
4083.1943 97.8442
4084.1338 96.4578
4085.0757 94.9066
4086.0154 93.3735
4086.9553 91.9531
4087.8977 90.5026
4088.8381 88.8523
4089.7810 86.8641
4090.7219 84.4788
4091.6653 81.8012
4092.6064 78.9379
4093.5481 75.8690
4094.4919 72.5176
4095.4338 68.8755
4096.3784 65.0215
4097.3208 61.0326
4098.2656 56.8730
4099.2085 52.4184
4100.1514 47.7911
4101.0967 43.6870
4102.0400 41.5526
4102.9863 42.4448
4103.9302 46.0048
4104.8765 50.5107
4105.8208 54.9670
4106.7676 59.1402
4107.7124 63.0632
4108.6572 66.7385
4109.6045 70.1447
4110.5503 73.3185
4111.4980 76.3814
4112.4438 79.3607
4113.3921 82.1616
4114.3384 84.7316
4115.2852 87.0664
4116.2339 89.1094
4117.1807 90.6238
4118.1304 91.5825
4119.0776 92.4986
4120.0273 93.6859
4120.9751 94.8644
4121.9233 95.4738
4122.8740 95.9581
4123.8223 96.7760
4124.7734 97.6778
4125.7222 98.2137
4126.6733 98.0029
4127.6230 97.0334
4128.5723 96.1296
4129.5244 95.9603
4130.4746 95.8956
4131.4268 95.9674
4132.3774 96.7662
4133.3301 98.4962
4134.2812 100.0854
4135.2324 101.1403
4136.1855 101.7291
4137.1372 102.0379
4138.0913 102.3020
4139.0435 102.6924
4139.9976 102.9807
4140.9502 102.9388
4141.9028 102.3787
4142.8579 101.3611
4143.8110 100.4691
4144.7666 100.5384
4145.7202 101.3013
4146.6758 102.0604
4147.6299 102.4705
4148.5840 102.4504
4149.5405 102.2473
4150.4951 102.3140
4151.4526 102.6154
4152.4072 102.7885
4153.3647 102.6232
4154.3203 102.2097
4155.2764 101.8523
4156.2344 101.8510
4157.1904 102.1106
4158.1489 102.4243
4159.1055 102.5121
4160.0649 102.1644
4161.0220 101.4761
4161.9790 100.8883
4162.9390 100.7205
4163.8965 101.0207
4164.8564 101.8235
4165.8149 102.5738
4166.7754 102.8297
4167.7339 102.8343
4168.6929 102.9385
4169.6538 102.7436
4170.6133 101.7689
4171.5752 100.0969
4172.5347 98.4476
4173.4971 97.8560
4174.4570 98.6524
4175.4175 99.9034
4176.3799 100.1264
4177.3408 98.9981
4178.3042 97.5367
4179.2651 97.3299
4180.2290 98.5604
4181.1909 99.9905
4182.1548 100.6671
4183.1172 100.7516
4184.0796 100.7623
4185.0444 100.8083
4186.0068 100.6006
4186.9722 99.9118
4187.9355 99.3058
4188.9014 99.3935
4189.8647 100.0130
4190.8286 100.2841
4191.7949 100.3031
4192.7593 100.6255
4193.7261 101.1753
4194.6909 101.3840
4195.6582 101.0180
4196.6235 100.4672
4197.5889 99.7434
4198.5571 98.8024
4199.5229 98.3240
4200.4912 98.4213
4201.4575 98.6546
4202.4263 98.6616
4203.3931 98.9007
4204.3599 99.2313
4205.3296 99.4494
4206.2969 99.6571
4207.2671 99.8669
4208.2349 99.7970
4209.2051 99.4953
4210.1738 99.3493
4211.1421 99.4741
4212.1133 99.7030
4213.0820 99.7532
4214.0537 99.3338
4215.0229 98.2981
4215.9951 97.4773
4216.9648 97.8227
4217.9351 98.7270
4218.9077 99.2285
4219.8784 99.3000
4220.8516 99.4375
4221.8223 99.5147
4222.7959 99.3402
4223.7676 98.8336
4224.7393 98.0273
4225.7134 97.0597
4226.6855 96.2290
4227.6602 96.2597
4228.6328 97.5070
4229.6079 98.9911
4230.5806 99.4579
4231.5542 98.4831
4232.5298 96.5273
4233.5034 94.9633
4234.4800 95.0887
4235.4541 96.2398
4236.4307 97.1836
4237.4053 97.5780
4238.3799 97.6314
4239.3574 97.5443
4240.3325 97.5418
4241.3105 97.3721
4242.2861 96.9344
4243.2642 96.7110
4244.2407 96.9299
4245.2168 96.9170
4246.1958 96.3067
4247.1729 95.7245
4248.1519 95.7561
4249.1294 96.0173
4250.1094 95.7032
4251.0869 95.2667
4252.0649 95.4642
4253.0454 96.0069
4254.0239 96.3858
4255.0049 96.6847
4255.9834 96.9436
4256.9648 96.7126
4257.9443 95.9914
4258.9263 95.2691
4259.9058 94.8254
4260.8857 94.4972
4261.8687 94.6417
4262.8491 95.4735
4263.8320 96.4210
4264.8130 96.9680
4265.7964 97.0290
4266.7778 96.8801
4267.7593 96.6022
4268.7432 96.1530
4269.7256 95.4004
4270.7100 94.2586
4271.6924 93.0973
4272.6772 92.7243
4273.6606 93.2100
4274.6436 93.8203
4275.6294 94.3857
4276.6128 94.8438
4277.5991 95.0141
4278.5830 94.8153
4279.5698 94.8223
4280.5542 94.9553
4281.5391 94.8532
4282.5264 94.4367
4283.5117 93.9354
4284.4990 93.7006
4285.4849 93.8388
4286.4731 94.0447
4287.4590 93.9447
4288.4453 93.3531
4289.4346 92.4807
4290.4214 91.9974
4291.4106 92.5049
4292.3979 93.2358
4293.3877 93.0928
4294.3755 92.4422
4295.3633 92.0652
4296.3535 91.9665
4297.3423 91.8501
4298.3330 91.6176
4299.3218 90.6925
4300.3135 89.5095
4301.3027 88.7529
4302.2920 88.4710
4303.2842 88.6671
4304.2744 89.6167
4305.2666 90.5895
4306.2573 90.7098
4307.2500 89.8393
4308.2412 88.9265
4309.2319 89.0580
4310.2261 89.9060
4311.2173 90.2373
4312.2114 89.2803
4313.2036 87.3156
4314.1982 85.5931
4315.1904 85.1098
4316.1836 85.8447
4317.1787 86.7429
4318.1719 87.0175
4319.1675 86.4779
4320.1611 85.4270
4321.1572 84.3330
4322.1514 83.6172
4323.1460 82.9777
4324.1426 81.6556
4325.1377 79.4606
4326.1348 77.3262
4327.1299 76.0866
4328.1279 75.1676
4329.1235 73.6557
4330.1196 71.4260
4331.1182 68.8625
4332.1143 66.2694
4333.1133 63.5446
4334.1104 60.5955
4335.1099 57.3949
4336.1069 53.8994
4337.1069 50.0651
4338.1045 45.9192
4339.1025 41.7038
4340.1030 38.2529
4341.1016 37.2271
4342.1025 39.1671
4343.1016 43.0771
4344.1030 47.1755
4345.1025 51.0206
4346.1021 54.5770
4347.1040 57.8751
4348.1040 60.9127
4349.1069 63.5994
4350.1074 65.7543
4351.1104 67.3248
4352.1113 68.9899
4353.1128 71.4341
4354.1167 74.2195
4355.1182 76.5828
4356.1226 78.3101
4357.1245 79.4634
4358.1294 80.2458
4359.1318 80.9937
4360.1348 81.7888
4361.1401 82.5214
4362.1436 83.1553
4363.1494 83.9847
4364.1528 84.9453
4365.1592 85.7653
4366.1636 86.1681
4367.1680 86.0618
4368.1753 85.7182
4369.1802 85.7479
4370.1875 86.2231
4371.1929 86.8990
4372.2007 87.4268
4373.2065 87.4843
4374.2129 87.0422
4375.2212 86.8013
4376.2280 87.2601
4377.2368 87.9411
4378.2441 88.3006
4379.2534 88.2702
4380.2612 88.2319
4381.2686 88.1384
4382.2793 87.4096
4383.2871 85.5439
4384.2979 83.6861
4385.3066 83.3447
4386.3179 84.6789
4387.3267 86.3175
4388.3359 87.3954
4389.3481 87.6473
4390.3579 87.4542
4391.3701 87.4123
4392.3804 87.6745
4393.3936 87.3511
4394.4043 86.1461
4395.4150 85.3723
4396.4287 85.9255
4397.4399 87.2075
4398.4541 87.5546
4399.4658 87.1053
4400.4805 86.7566
4401.4927 86.9802
4402.5054 87.3297
4403.5205 87.2094
4404.5337 86.7272
4405.5493 86.6978
4406.5625 87.2879
4407.5786 87.7830
4408.5928 87.9342
4409.6069 87.9026
4410.6240 87.8142
4411.6387 87.6687
4412.6558 87.5544
4413.6709 87.1007
4414.6885 86.0981
4415.7041 84.8098
4416.7227 83.9344
4417.7388 84.0146
4418.7549 85.2053
4419.7739 86.6039
4420.7905 87.2883
4421.8101 87.1720
4422.8271 87.1098
4423.8472 87.4230
4424.8647 87.7916
4425.8828 87.8974
4426.9033 87.6247
4427.9219 87.1745
4428.9429 86.9523
4429.9619 86.9021
4430.9834 86.7533
4432.0024 86.5679
4433.0220 86.2758
4434.0444 85.8818
4435.0645 85.7195
4436.0874 86.0363
4437.1079 86.5193
4438.1309 86.7784
4439.1519 86.7599
4440.1733 86.5097
4441.1968 85.8874
4442.2188 84.7412
4443.2432 83.4323
4444.2651 83.0150
4445.2900 83.7618
4446.3125 84.9021
4447.3354 85.3268
4448.3613 85.3263
4449.3843 85.0823
4450.4106 84.6806
4451.4341 84.4820
4452.4609 84.6672
4453.4849 84.8388
4454.5098 84.6338
4455.5366 84.3762
4456.5615 84.4913
4457.5894 84.6996
4458.6147 84.6354
4459.6431 84.4851
4460.6689 84.4279
4461.6953 84.2879
4462.7241 84.2435
4463.7505 84.2599
4464.7798 84.2032
4465.8071 84.0467
4466.8369 83.6026
4467.8643 82.6607
4468.8921 81.8931
4469.9229 81.9370
4470.9512 82.6068
4471.9819 82.9782
4473.0107 83.2117
4474.0425 83.5854
4475.0718 83.8022
4476.1011 83.7982
4477.1333 83.7726
4478.1631 83.6352
4479.1958 82.2057
4480.2266 78.8705
4481.2593 75.8295
4482.2905 76.1239
4483.3213 79.7428
4484.3555 82.5823
4485.3872 83.7537
4486.4214 83.9197
4487.4536 83.2773
4488.4883 82.2100
4489.5210 81.4139
4490.5537 81.4384
4491.5889 81.8284
4492.6226 82.3940
4493.6582 82.8603
4494.6919 83.1670
4495.7285 83.4356
4496.7627 83.7395
4497.7998 83.8175
4498.8345 83.5328
4499.8696 82.7718
4500.9072 81.9250
4501.9424 81.7020
4502.9805 82.4717
4504.0166 83.3361
4505.0552 83.6728
4506.0913 83.4386
4507.1279 82.6066
4508.1675 81.5912
4509.2046 81.4380
4510.2446 82.2704
4511.2822 82.9128
4512.3223 82.9082
4513.3604 82.4515
4514.3984 81.7485
4515.4395 80.8953
4516.4785 80.8523
4517.5200 81.5436
4518.5591 81.7095
4519.6011 81.0047
4520.6406 80.0882
4521.6807 79.7227
4522.7236 79.5990
4523.7642 79.9666
4524.8071 80.6753
4525.8481 81.2667
4526.8916 81.4365
4527.9331 81.2966
4528.9746 80.9894
4530.0190 81.0207
4531.0610 81.2371
4532.1060 80.8402
4533.1489 79.5293
4534.1938 78.4119
4535.2373 78.9081
4536.2803 80.3830
4537.3267 81.3717
4538.3701 81.5225
4539.4170 81.1993
4540.4609 80.6366
4541.5083 80.0847
4542.5527 80.0754
4543.5981 80.4706
4544.6455 80.8341
4545.6909 80.8844
4546.7393 80.5356
4547.7852 79.1858
4548.8340 76.7210
4549.8804 75.3455
4550.9272 76.3698
4551.9766 78.5314
4553.0239 78.8345
4554.0737 77.6942
4555.1216 76.4975
4556.1719 76.4635
4557.2197 77.1380
4558.2686 77.6022
4559.3193 77.9781
4560.3682 78.8895
4561.4199 79.5161
4562.4692 79.1503
4563.5215 78.1934
4564.5713 77.6479
4565.6211 78.1067
4566.6743 78.9342
4567.7246 79.4932
4568.7778 79.6790
4569.8291 79.3607
4570.8828 78.4314
4571.9341 77.2957
4572.9888 77.2197
4574.0405 77.9924
4575.0928 78.3724
4576.1479 78.2009
4577.2007 78.0845
4578.2559 78.2860
4579.3091 78.2398
4580.3652 77.9686
4581.4189 77.5137
4582.4731 76.5049
4583.5298 75.3142
4584.5840 75.5042
4585.6411 76.8603
4586.6963 77.6238
4587.7539 77.1427
4588.8091 76.3883
4589.8647 76.3178
4590.9233 76.5339
4591.9795 76.6283
4593.0386 76.9662
4594.0952 77.4628
4595.1543 77.7313
4596.2114 77.6701
4597.2690 77.6895
4598.3291 77.7738
4599.3867 77.7965
4600.4473 77.7086
4601.5059 77.5806
4602.5669 77.5279
4603.6255 77.5935
4604.6846 77.6497
4605.7466 77.6401
4606.8062 77.6247
4607.8687 77.6495
4608.9287 77.6741
4609.9912 77.5860
4611.0518 77.3831
4612.1128 77.2350
4613.1763 77.1755
4614.2373 77.0904
4615.3013 76.8085
4616.3633 76.2510
4617.4277 75.6173
4618.4897 75.0739
4619.5522 74.8149
4620.6177 75.0591
4621.6807 75.7443
4622.7466 76.3524
4623.8096 76.5323
4624.8760 76.4350
4625.9399 76.3662
4627.0044 76.1684
4628.0713 75.4890
4629.1357 74.4904
4630.2031 74.3766
4631.2686 75.0927
4632.3364 75.3650
4633.4023 74.8015
4634.4678 74.0904
4635.5366 74.1773
4636.6030 74.8731
4637.6724 75.4532
4638.7393 75.6227
4639.8091 75.5530
4640.8765 75.5066
4641.9438 75.5182
4643.0142 75.5067
4644.0825 75.4069
4645.1533 75.2358
4646.2222 75.0104
4647.2935 74.8053
4648.3623 74.7855
4649.4316 74.9872
4650.5039 75.2770
4651.5737 75.3948
4652.6465 75.3152
4653.7168 75.1479
4654.7900 74.8943
4655.8608 74.4119
4656.9346 73.9911
4658.0059 74.0376
4659.0771 74.4260
4660.1519 74.7327
4661.2236 74.6929
4662.2983 74.3130
4663.3711 73.7664
4664.4463 73.4276
4665.5195 73.2046
4666.5928 72.9084
4667.6689 72.7621
4668.7427 72.9874
4669.8193 73.2979
4670.8936 73.5403
4671.9707 73.6082
4673.0454 73.5016
4674.1206 73.4130
4675.1982 73.5025
4676.2739 73.6213
4677.3521 73.5839
4678.4282 73.3412
4679.5073 73.0744
4680.5835 73.0874
4681.6602 73.2374
4682.7397 73.3355
4683.8174 73.3663
4684.8975 73.3171
4685.9751 73.2117
4687.0557 73.1576
4688.1338 73.1393
4689.2124 73.0988
4690.2935 73.0573
4691.3726 73.0173
4692.4546 72.9603
4693.5342 72.8880
4694.6162 72.8306
4695.6963 72.7848
4696.7764 72.7104
4697.8594 72.6029
4698.9404 72.5036
4700.0239 72.4346
4701.1050 72.2529
4702.1890 71.9081
4703.2710 71.5688
4704.3530 71.4798
4705.4375 71.7301
4706.5200 72.0849
4707.6055 72.2123
4708.6885 72.1450
4709.7744 72.0844
4710.8579 72.0713
4711.9414 71.9786
4713.0283 71.6952
4714.1123 71.4253
4715.1992 71.3858
4716.2842 71.5165
4717.3716 71.6614
4718.4570 71.7248
4719.5425 71.7174
4720.6309 71.6040
4721.7168 71.4353
4722.8057 71.3267
4723.8921 71.2726
4724.9814 71.1934
4726.0684 71.0585
4727.1553 70.9163
4728.2456 70.7702
4729.3335 70.5198
4730.4238 70.0628
4731.5122 69.6115
4732.6030 69.6990
4733.6919 70.1197
4734.7808 70.3613
4735.8726 70.3032
4736.9624 70.1081
4738.0547 69.9551
4739.1445 69.8775
4740.2373 69.9136
4741.3276 70.0420
4742.4214 70.1486
4743.5122 70.2025
4744.6035 70.2112
4745.6973 70.1390
4746.7891 70.0073
4747.8838 69.8696
4748.9761 69.7864
4750.0713 69.7760
4751.1641 69.7973
4752.2568 69.7616
4753.3525 69.6098
4754.4463 69.3575
4755.5425 69.1538
4756.6367 69.1282
4757.7334 69.2724
4758.8281 69.4214
4759.9229 69.4854
4761.0205 69.3489
4762.1157 69.0403
4763.2139 68.7121
4764.3096 68.5243
4765.4082 68.5277
4766.5044 68.6617
4767.6011 68.7984
4768.7002 68.8804
4769.7974 68.8081
4770.8975 68.5433
4771.9951 68.2465
4773.0952 68.1071
4774.1934 68.0844
4775.2915 68.1152
4776.3926 68.1401
4777.4917 68.0960
4778.5933 67.9429
4779.6924 67.7627
4780.7949 67.7281
4781.8945 67.7830
4782.9946 67.8050
4784.0977 67.7314
4785.1982 67.5933
4786.3018 67.4083
4787.4028 67.3287
4788.5068 67.3601
4789.6084 67.4034
4790.7100 67.3771
4791.8149 67.3063
4792.9170 67.2542
4794.0225 67.2582
4795.1255 67.2288
4796.2310 67.1665
4797.3345 67.0926
4798.4380 66.9376
4799.5444 66.7247
4800.6489 66.6191
4801.7559 66.6050
4802.8604 66.4936
4803.9678 66.1442
4805.0732 65.7251
4806.1782 65.6838
4807.2866 65.9388
4808.3926 66.1349
4809.5015 66.0658
4810.6079 65.7847
4811.7173 65.5387
4812.8242 65.4799
4813.9312 65.5390
4815.0415 65.5827
4816.1489 65.5532
4817.2598 65.4633
4818.3677 65.3477
4819.4790 65.2243
4820.5879 65.0476
4821.6968 64.7770
4822.8086 64.1872
4823.9180 63.4040
4825.0303 63.2095
4826.1401 63.6127
4827.2534 63.9087
4828.3638 63.8879
4829.4771 63.6804
4830.5884 63.4500
4831.6992 63.2199
4832.8135 62.9908
4833.9253 62.6859
4835.0400 62.2301
4836.1523 61.6987
4837.2676 61.2303
4838.3804 60.8470
4839.4937 60.3969
4840.6094 59.8592
4841.7231 59.2023
4842.8394 58.4489
4843.9536 57.6584
4845.0708 56.8329
4846.1851 55.7946
4847.3003 54.3806
4848.4180 52.8859
4849.5332 51.6133
4850.6514 50.4697
4851.7676 48.9623
4852.8862 47.1631
4854.0024 45.1675
4855.1191 43.0357
4856.2388 40.8261
4857.3560 38.5020
4858.4761 35.8437
4859.5938 32.6885
4860.7144 29.6076
4861.8325 28.6089
4862.9512 30.3165
4864.0723 33.5499
4865.1914 36.5227
4866.3135 39.1716
4867.4326 41.5074
4868.5552 43.6054
4869.6753 45.4520
4870.7954 47.0423
4871.9189 48.5222
4873.0396 50.0282
4874.1631 51.4245
4875.2847 52.5019
4876.4087 53.4171
4877.5308 54.4893
4878.6528 55.7570
4879.7778 56.8670
4880.9004 57.6594
4882.0259 58.0281
4883.1489 58.1072
4884.2749 58.2757
4885.3984 58.8742
4886.5225 59.5341
4887.6494 59.9402
4888.7734 60.0926
4889.9009 59.9592
4891.0259 59.7330
4892.1538 59.9973
4893.2793 60.6498
4894.4048 61.1707
4895.5337 61.4803
4896.6597 61.6359
4897.7891 61.6530
4898.9155 61.5288
4900.0454 61.4168
4901.1724 61.5061
4902.2998 61.6657
4903.4307 61.7449
4904.5586 61.7650
4905.6895 61.9006
4906.8179 62.0851
4907.9497 62.1490
4909.0786 61.9999
4910.2080 61.6932
4911.3403 61.4594
4912.4702 61.5817
4913.6030 61.9104
4914.7334 62.2405
4915.8667 62.4063
4916.9976 62.2637
4918.1313 61.7735
4919.2627 61.1356
4920.3945 60.7406
4921.5288 60.7383
4922.6611 60.2757
4923.7964 59.6291
4924.9292 59.8531
4926.0649 61.1486
4927.1978 62.0161
4928.3315 62.3017
4929.4678 62.3376
4930.6021 62.2645
4931.7388 61.9893
4932.8735 61.4392
4934.0107 60.9283
4935.1460 61.0664
4936.2812 61.4877
4937.4194 61.6624
4938.5557 61.5555
4939.6943 61.6908
4940.8306 61.9407
4941.9702 62.0735
4943.1069 62.0847
4944.2441 62.0254
4945.3843 61.9169
4946.5220 61.7657
4947.6626 61.6445
4948.8008 61.5872
4949.9419 61.5174
4951.0806 61.4010
4952.2197 61.3305
4953.3618 61.4511
4954.5010 61.5739
4955.6436 61.3892
4956.7837 60.6578
4957.9268 60.1725
4959.0674 60.6422
4960.2080 61.3284
4961.3521 61.5782
4962.4932 61.6292
4963.6377 61.6328
4964.7793 61.5740
4965.9243 61.4203
4967.0669 61.2401
4968.2095 61.1066
4969.3550 61.0671
4970.4980 61.1265
4971.6445 61.2251
4972.7881 61.2897
4973.9351 61.3068
4975.0791 61.3050
4976.2236 61.1855
4977.3711 61.0293
4978.5161 60.9154
4979.6641 60.8267
4980.8096 60.6688
4981.9585 60.4186
4983.1045 60.0867
4984.2510 59.9579
4985.4004 60.1933
4986.5469 60.6287
4987.6968 60.8504
4988.8442 60.7684
4989.9946 60.4263
4991.1426 60.1054
4992.2910 59.9571
4993.4419 60.0060
4994.5908 60.2580
4995.7427 60.5688
4996.8921 60.7103
4998.0439 60.6362
4999.1938 60.3034
5000.3438 59.6918
5001.4971 59.0194
5002.6475 58.9069
5003.8013 59.2427
5004.9521 59.3829
5006.1064 59.2740
5007.2583 59.2918
5008.4126 59.5525
5009.5649 59.7586
5010.7173 59.8094
5011.8730 59.7649
5013.0259 59.6686
5014.1816 59.5479
5015.3354 59.3861
5016.4917 58.8106
5017.6460 57.3990
5018.8003 56.4758
5019.9575 56.9119
5021.1123 58.1527
5022.2700 58.7829
5023.4258 59.1987
5024.5840 59.4801
5025.7397 59.5403
5026.8960 59.4292
5028.0552 59.2963
5029.2119 59.2056
5030.3716 59.0824
5031.5288 58.9966
5032.6890 59.0266
5033.8472 58.9664
5035.0049 58.6635
5036.1660 58.4566
5037.3247 58.6743
5038.4863 58.8667
5039.6455 58.4300
5040.8076 57.7314
5041.9668 57.6434
5043.1270 58.3410
5044.2900 58.8393
5045.4502 58.9707
5046.6138 58.9012
5047.7749 58.7558
5048.9390 58.6111
5050.1001 58.5576
5051.2622 58.5369
5052.4268 58.5245
5053.5894 58.4334
5054.7544 57.8597
5055.9175 56.9704
5057.0830 57.0577
5058.2466 57.9372
5059.4102 58.4975
5060.5771 58.6209
5061.7412 58.6050
5062.9082 58.6109
5064.0732 58.4792
5065.2407 58.1663
5066.4062 57.9121
5067.5718 57.8830
5068.7402 58.0002
5069.9062 58.0569
5071.0752 57.9530
5072.2417 57.8288
5073.4116 57.7844
5074.5786 57.6746
5075.7461 57.6505
5076.9165 57.8821
5078.0845 58.0468
5079.2554 57.8117
5080.4238 57.4792
5081.5957 57.4047
5082.7646 57.5279
5083.9336 57.6130
5085.1060 57.6334
5086.2759 57.5249
5087.4487 57.3633
5088.6191 57.3590
5089.7925 57.4950
5090.9634 57.6107
5092.1348 57.6375
5093.3091 57.5395
5094.4805 57.4722
5095.6553 57.3598
5096.8276 57.1566
5098.0029 56.9305
5099.1758 56.7271
5100.3516 56.3387
5101.5249 56.3369
5102.6987 56.7249
5103.8750 57.1120
5105.0493 57.2126
5106.2266 57.1858
5107.4014 57.1481
5108.5791 57.2053
5109.7544 57.2589
5110.9297 57.2424
5112.1084 57.1835
5113.2842 57.1471
5114.4634 57.1498
5115.6401 57.1196
5116.8198 57.0568
5117.9966 56.9581
5119.1743 56.8268
5120.3545 56.7201
5121.5327 56.6743
5122.7134 56.6179
5123.8921 56.5395
5125.0737 56.4613
5126.2524 56.3524
5127.4321 56.1141
5128.6143 55.8579
5129.7939 55.8723
5130.9771 56.0374
5132.1572 56.0154
5133.3408 55.7878
5134.5220 55.8810
5135.7031 56.0691
5136.8872 56.0151
5138.0688 55.7775
5139.2539 55.5870
5140.4360 55.6235
5141.6216 55.8162
5142.8042 55.7967
5143.9873 55.6541
5145.1738 55.5040
5146.3574 55.4118
5147.5439 55.3743
5148.7280 55.3326
5149.9155 55.3385
5151.1001 55.4585
5152.2852 55.3899
5153.4731 55.1164
5154.6587 54.9603
5155.8477 55.1578
5157.0337 55.3336
5158.2227 55.4653
5159.4097 55.4588
5160.5962 55.3044
5161.7861 55.1494
5162.9736 55.1793
5164.1646 55.2106
5165.3525 54.8085
5166.5435 53.6444
5167.7319 52.1968
5168.9209 51.5323
5170.1128 52.2640
5171.3022 53.1159
5172.4946 53.1461
5173.6846 53.5559
5174.8779 54.4749
5176.0684 54.9766
5177.2588 54.8357
5178.4526 54.7723
5179.6440 54.7764
5180.8384 54.7098
5182.0303 54.1417
5183.2251 53.0782
5184.4175 52.6457
5185.6104 53.2337
5186.8062 53.8105
5187.9995 53.8850
5189.1958 53.7380
5190.3896 53.7230
5191.5864 53.6430
5192.7808 53.6347
5193.9780 53.7607
5195.1729 53.6837
5196.3682 53.2315
5197.5664 52.7693
5198.7622 53.0267
5199.9609 53.6462
5201.1572 53.9506
5202.3564 53.9320
5203.5532 53.7327
5204.7505 53.4889
5205.9507 53.3964
5207.1484 53.4599
5208.3491 53.5149
5209.5474 53.6045
5210.7485 53.7113
5211.9473 53.7336
5213.1460 53.5962
5214.3481 53.2052
5215.5479 52.7126
5216.7505 52.5658
5217.9507 52.8542
5219.1538 53.2831
5220.3545 53.5302
5221.5557 53.5628
5222.7598 53.3742
5223.9609 53.0980
5225.1655 52.4469
5226.3677 51.3816
5227.5728 50.9510
5228.7754 51.6942
5229.9785 52.5241
5231.1846 52.6935
5232.3877 52.1377
5233.5942 51.3252
5234.7983 50.9491
5236.0054 51.2296
5237.2100 51.5629
5238.4150 51.9580
5239.6230 52.3813
5240.8281 52.6108
5242.0366 52.5702
5243.2427 52.5442
5244.4517 52.4531
5245.6582 52.2907
5246.8652 52.1452
5248.0747 52.0722
5249.2822 52.0141
5250.4927 52.0373
5251.7007 52.1064
5252.9116 52.0557
5254.1201 51.8289
5255.3286 51.6088
5256.5405 51.6870
5257.7500 51.7786
5258.9624 51.7032
5260.1724 51.4882
5261.3853 51.3294
5262.5957 51.2224
5263.8062 50.7936
5265.0200 50.4526
5266.2310 50.6497
5267.4458 50.9687
5268.6572 50.9183
5269.8721 50.5782
5271.0845 50.6305
5272.2974 50.8152
5273.5132 50.7182
5274.7261 50.0487
5275.9424 49.5284
5277.1562 49.9383
5278.3730 50.6263
5279.5874 50.7711
5280.8047 50.7837
5282.0195 50.7339
5283.2349 50.4870
5284.4531 50.2371
5285.6689 50.6055
5286.8877 51.1004
5288.1040 51.2909
5289.3232 51.2167
5290.5400 51.0182
5291.7573 50.8146
5292.9775 50.7247
5294.1953 50.7445
5295.4160 50.7995
5296.6343 50.8204
5297.8555 50.7425
5299.0742 50.5909
5300.2935 50.5194
5301.5156 50.4643
5302.7354 50.3659
5303.9580 50.3235
5305.1782 50.2528
5306.4014 50.0805
5307.6221 50.0510
5308.8433 50.1352
5310.0674 50.2761
5311.2891 50.2946
5312.5137 50.1131
5313.7358 49.7009
5314.9614 48.9153
5316.1841 47.7685
5317.4072 47.7008
5318.6333 48.8348
5319.8569 49.9487
5321.0835 50.0867
5322.3076 49.9722
5323.5347 49.6337
5324.7598 49.2564
5325.9844 49.1292
5327.2129 49.1129
5328.4380 49.0131
5329.6670 49.1372
5330.8931 49.3968
5332.1221 49.5820
5333.3491 49.5402
5334.5757 49.3205
5335.8062 49.0912
5337.0337 48.9447
5338.2642 48.8354
5339.4922 48.8204
5340.7236 49.0088
5341.9521 49.3296
5343.1812 49.5385
5344.4131 49.4472
5345.6426 49.2835
5346.8755 49.2912
5348.1055 49.4095
5349.3389 49.4691
5350.5693 49.4133
5351.8003 49.3878
5353.0342 49.3794
5354.2656 49.3696
5355.5005 49.3524
5356.7324 49.3310
5357.9678 49.3083
5359.2002 49.2781
5360.4331 49.2019
5361.6694 48.7420
5362.9028 48.1931
5364.1392 48.0844
5365.3735 48.4611
5366.6108 48.5732
5367.8452 48.5401
5369.0801 48.3766
5370.3184 48.1318
5371.5537 48.1162
5372.7925 48.4954
5374.0283 48.8049
5375.2676 48.8613
5376.5039 48.8229
5377.7441 48.7871
5378.9810 48.7066
5380.2183 48.5155
5381.4590 48.2859
5382.6973 48.1194
5383.9385 48.1630
5385.1768 48.3265
5386.4189 48.3743
5387.6577 48.2546
5388.8975 48.2883
5390.1401 48.3404
5391.3799 48.3582
5392.6230 48.3048
5393.8638 48.2173
5395.1074 48.1200
5396.3486 47.9500
5397.5903 47.8815
5398.8350 47.9678
5400.0767 47.9189
5401.3223 47.6765
5402.5645 47.4309
5403.8105 47.3012
5405.0537 47.2797
5406.2969 47.4659
5407.5439 47.7015
5408.7876 47.7540
5410.0352 47.5939
5411.2798 47.5273
5412.5273 47.5883
5413.7725 47.3918
5415.0181 47.2088
5416.2666 47.3529
5417.5127 47.7082
5418.7617 47.7615
5420.0083 47.6916
5421.2583 47.6236
5422.5054 47.3918
5423.7529 46.9622
5425.0034 46.6546
5426.2515 46.9053
5427.5029 47.1714
5428.7515 47.1266
5430.0034 47.0774
5431.2524 47.1195
5432.5020 47.0746
5433.7549 46.9328
5435.0049 46.9323
5436.2578 47.0665
5437.5088 47.1807
5438.7627 47.1979
5440.0137 47.1677
5441.2651 47.1756
5442.5200 47.1329
5443.7720 47.0170
5445.0273 46.8257
5446.2798 46.6893
5447.5356 46.7472
5448.7891 46.9096
5450.0425 46.9783
5451.2993 46.9876
5452.5532 46.9683
5453.8105 46.8443
5455.0654 46.6155
5456.3232 46.5442
5457.5786 46.6754
5458.8340 46.8122
5460.0928 46.8889
5461.3486 46.8556
5462.6084 46.7021
5463.8647 46.5538
5465.1250 46.4508
5466.3823 46.3271
5467.6396 46.3816
5468.9004 46.5708
5470.1587 46.6642
5471.4199 46.6250
5472.6787 46.4922
5473.9404 46.3461
5475.1997 46.0890
5476.4624 45.7737
5477.7222 45.6553
5478.9824 45.9128
5480.2461 46.1482
5481.5068 46.1379
5482.7705 46.1005
5484.0322 46.1540
5485.2964 46.1741
5486.5586 46.0040
5487.8208 45.7919
5489.0859 45.7763
5490.3491 45.8553
5491.6147 45.8457
5492.8784 45.7305
5494.1450 45.7224
5495.4087 45.7829
5496.6729 45.7809
5497.9404 45.7315
5499.2056 45.6894
5500.4736 45.6212
5501.7388 45.4061
5503.0073 45.2285
5504.2734 45.2500
5505.5396 45.2017
5506.8096 45.0913
5508.0762 45.1247
5509.3462 45.1949
5510.6138 45.1671
5511.8843 45.2378
5513.1523 45.3569
5514.4209 45.4185
5515.6924 45.3968
5516.9614 45.3527
5518.2334 45.3255
5519.5029 45.3127
5520.7759 45.2972
5522.0459 45.2558
5523.3159 45.1695
5524.5898 45.0361
5525.8608 44.8590
5527.1348 44.5799
5528.4062 44.3360
5529.6812 44.3250
5530.9536 44.5387
5532.2256 44.5976
5533.5015 44.3600
5534.7744 44.0514
5536.0508 44.1691
5537.3242 44.5772
5538.6011 44.7898
5539.8755 44.8204
5541.1499 44.7576
5542.4277 44.6061
5543.7026 44.4321
5544.9810 44.3429
5546.2568 44.3809
5547.5356 44.4280
5548.8115 44.4078
5550.0884 44.4284
5551.3682 44.4787
5552.6450 44.4742
5553.9258 44.3711
5555.2031 44.2616
5556.4844 44.2611
5557.7627 44.2853
5559.0410 44.2390
5560.3232 44.1558
5561.6021 44.1173
5562.8848 44.0988
5564.1646 44.0969
5565.4473 44.0777
5566.7280 43.9992
5568.0083 43.8618
5569.2925 43.7508
5570.5737 43.7863
5571.8579 43.8027
5573.1401 43.7692
5574.4253 43.7821
5575.7075 43.7963
5576.9932 43.7234
5578.2764 43.6776
5579.5596 43.6901
5580.8462 43.7208
5582.1299 43.7271
5583.4170 43.6768
5584.7017 43.5284
5585.9893 43.2507
5587.2744 42.9940
5588.5601 43.0200
5589.8486 43.2334
5591.1348 43.4065
5592.4238 43.4131
5593.7104 43.3569
5595.0005 43.3343
5596.2876 43.3554
5597.5747 43.3227
5598.8657 43.2524
5600.1538 43.2093
5601.4448 43.1330
5602.7334 43.0925
5604.0254 43.1302
5605.3149 43.1599
5606.6045 43.1667
5607.8970 43.1858
5609.1870 43.1695
5610.4805 43.1253
5611.7715 43.0850
5613.0654 42.9993
5614.3569 42.7821
5615.6484 42.5247
5616.9434 42.5912
5618.2354 42.8146
5619.5308 42.8860
5620.8237 42.8368
5622.1201 42.7654
5623.4131 42.7060
5624.7070 42.6592
5626.0039 42.6310
5627.2983 42.6188
5628.5957 42.6174
5629.8906 42.6146
5631.1890 42.6036
5632.4844 42.5879
5633.7803 42.5139
5635.0791 42.4394
5636.3755 42.3921
5637.6753 42.3652
5638.9722 42.3362
5640.2725 42.2919
5641.5703 42.2704
5642.8682 42.2522
5644.1694 42.1830
5645.4678 42.1089
5646.7695 42.1052
5648.0684 42.1163
5649.3711 42.1206
5650.6704 42.1464
5651.9707 42.1806
5653.2739 42.1771
5654.5742 42.1065
5655.8784 41.9949
5657.1797 41.8222
5658.4839 41.6877
5659.7856 41.7193
5661.0879 41.7772
5662.3931 41.6906
5663.6958 41.6789
5665.0020 41.7718
5666.3052 41.8155
5667.6118 41.8035
5668.9155 41.7842
5670.2197 41.7758
5671.5273 41.7506
5672.8320 41.7148
5674.1401 41.6803
5675.4453 41.6418
5676.7539 41.5842
5678.0601 41.5103
5679.3696 41.4457
5680.6758 41.3246
5681.9829 41.2133
5683.2930 41.1889
5684.6006 41.2277
5685.9111 41.2280
5687.2192 41.1340
5688.5308 41.0491
5689.8394 41.0521
5691.1484 41.0776
5692.4609 41.0906
5693.7705 41.0970
5695.0835 41.0661
5696.3936 41.0543
5697.7070 41.0545
5699.0176 41.0060
5700.3286 40.9461
5701.6431 40.9483
5702.9551 40.9541
5704.2700 40.9009
5705.5825 40.7764
5706.8979 40.6718
5708.2109 40.6368
5709.5239 40.6473
5710.8408 40.6601
5712.1543 40.6483
5713.4717 40.6181
5714.7861 40.6067
5716.1040 40.5934
5717.4189 40.5308
5718.7339 40.4505
5720.0527 40.4153
5721.3687 40.4099
5722.6880 40.4031
5724.0044 40.3597
5725.3242 40.2691
5726.6416 40.1877
5727.9590 40.1915
5729.2798 40.2136
5730.5977 40.2001
5731.9194 40.1691
5733.2378 40.1546
5734.5601 40.1256
5735.8794 40.1036
5737.1987 40.0674
5738.5215 40.0442
5739.8418 40.0387
5741.1655 40.0143
5742.4863 39.9448
5743.8105 39.8908
5745.1318 39.8370
5746.4536 39.7849
5747.7783 39.7659
5749.1006 39.7882
5750.4268 39.7790
5751.7495 39.7187
5753.0757 39.6516
5754.3994 39.6276
5755.7231 39.6719
5757.0503 39.7380
5758.3745 39.7087
5759.7026 39.6680
5761.0273 39.6130
5762.3560 39.5171
5763.6816 39.4432
5765.0078 39.4570
5766.3369 39.4689
5767.6636 39.4661
5768.9937 39.4449
5770.3208 39.4146
5771.6514 39.3941
5772.9790 39.3831
5774.3071 39.3410
5775.6387 39.2805
5776.9673 39.2546
5778.2993 39.2438
5779.6289 39.1806
5780.9614 39.0612
5782.2915 39.0116
5783.6250 38.9343
5784.9556 38.9587
5786.2861 39.0647
5787.6206 39.1111
5788.9521 39.0186
5790.2871 38.9351
5791.6191 38.9384
5792.9546 38.9647
5794.2871 38.9648
5795.6201 38.9424
5796.9565 38.9221
5798.2900 38.9091
5799.6274 38.9497
5800.9614 38.9781
5802.2993 38.9452
5803.6338 38.8640
5804.9692 38.7889
5806.3076 38.7659
5807.6436 38.8181
5808.9824 38.8748
5810.3188 38.8515
5811.6587 38.7450
5812.9956 38.6284
5814.3330 38.5755
5815.6738 38.6030
5817.0117 38.6359
5818.3530 38.6385
5819.6914 38.6108
5821.0337 38.5739
5822.3726 38.5608
5823.7119 38.5709
5825.0552 38.5724
5826.3950 38.5333
5827.7388 38.4849
5829.0791 38.4650
5830.4233 38.4271
5831.7646 38.4245
5833.1064 38.4544
5834.4517 38.4297
5835.7935 38.3692
5837.1396 38.3604
5838.4824 38.3815
5839.8286 38.4037
5841.1719 38.3896
5842.5156 38.3488
5843.8633 38.3110
5845.2075 38.2873
5846.5552 38.2497
5847.9004 38.2146
5849.2490 38.1857
5850.5942 38.1380
5851.9404 38.0517
5853.2896 37.9462
5854.6362 37.8935
5855.9863 37.9198
5857.3335 37.9045
5858.6841 37.9006
5860.0322 37.9258
5861.3799 37.9290
5862.7319 37.9239
5864.0806 37.9306
5865.4326 37.9194
5866.7822 37.9016
5868.1348 37.8732
5869.4849 37.8136
5870.8350 37.7427
5872.1890 37.7287
5873.5400 37.7272
5874.8940 37.6471
5876.2456 37.5727
5877.6006 37.6326
5878.9531 37.6836
5880.3052 37.6200
5881.6611 37.5305
5883.0146 37.4620
5884.3711 37.3919
5885.7246 37.2933
5887.0820 37.1453
5888.4365 36.6290
5889.7939 35.8696
5891.1489 35.9340
5892.5044 36.6285
5893.8633 36.7462
5895.2192 36.2163
5896.5786 35.9755
5897.9351 36.4608
5899.2949 36.9188
5900.6523 36.9583
5902.0098 36.8715
5903.3706 36.9092
5904.7285 37.0147
5906.0903 37.0430
5907.4487 37.0094
5908.8110 36.9763
5910.1704 36.9725
5911.5303 36.9711
5912.8931 36.9024
5914.2534 36.7667
5915.6172 36.7286
5916.9780 36.7553
5918.3428 36.6770
5919.7041 36.5636
5921.0659 36.6091
5922.4312 36.6369
5923.7939 36.5779
5925.1597 36.5525
5926.5229 36.6460
5927.8896 36.6496
5929.2534 36.5723
5930.6172 36.5207
5931.9849 36.5078
5933.3496 36.5236
5934.7178 36.5591
5936.0830 36.5737
5937.4517 36.5448
5938.8179 36.4875
5940.1841 36.2741
5941.5537 35.9510
5942.9204 35.7918
5944.2910 35.9634
5945.6587 35.9970
5947.0298 35.9763
5948.3975 35.9608
5949.7661 35.9669
5951.1382 36.0039
5952.5073 36.0455
5953.8799 36.0373
5955.2495 35.9304
5956.6226 35.6928
5957.9932 35.5082
5959.3638 35.5851
5960.7378 35.7354
5962.1094 35.7599
5963.4839 35.7982
5964.8560 35.7908
5966.2314 35.6989
5967.6040 35.6120
5968.9766 35.6284
5970.3530 35.6717
5971.7266 35.7059
5973.1035 35.6781
5974.4780 35.5789
5975.8555 35.4436
5977.2305 35.2906
5978.6055 35.1084
5979.9839 35.1925
5981.3599 35.4008
5982.7388 35.5033
5984.1152 35.4512
5985.4951 35.3980
5986.8721 35.3882
5988.2495 35.3986
5989.6304 35.3063
5991.0083 35.1664
5992.3896 35.1541
5993.7681 35.2279
5995.1504 35.1674
5996.5298 35.1741
5997.9126 35.2858
5999.2920 35.3877
6000.6724 35.3753
6002.0562 35.3109
6003.4370 35.2751
6004.8213 35.2406
6006.2026 35.2207
6007.5874 35.1611
6008.9697 34.9631
6010.3521 34.6968
6011.7378 34.7493
6013.1211 34.8829
6014.5078 34.9273
6015.8911 34.9065
6017.2783 34.8936
6018.6626 34.8327
6020.0474 34.7692
6021.4355 34.7386
6022.8208 34.7019
6024.2095 34.6597
6025.5957 34.6438
6026.9849 34.6264
6028.3716 34.6297
6029.7583 34.6532
6031.1489 34.6720
6032.5361 34.6674
6033.9272 34.6360
6035.3154 34.5791
6036.7070 34.4879
6038.0957 34.3944
6039.4849 34.3944
6040.8774 34.4255
6042.2671 34.3597
6043.6606 34.2937
6045.0508 34.2601
6046.4448 34.2497
6047.8359 34.2722
6049.2271 34.3111
6050.6221 34.3193
6052.0142 34.2691
6053.4097 34.1954
6054.8022 34.1704
6056.1982 34.1929
6057.5918 34.2246
6058.9854 34.2192
6060.3823 34.1481
6061.7764 34.0700
6063.1743 34.0720
6064.5693 34.0828
6065.9678 34.0641
6067.3633 34.0358
6068.7588 33.9713
6070.1582 33.9512
6071.5547 33.9506
6072.9551 33.9433
6074.3521 33.9594
6075.7529 34.0057
6077.1504 33.9622
6078.5483 33.8736
6079.9502 33.8232
6081.3491 33.8169
6082.7515 33.7821
6084.1504 33.6907
6085.5537 33.6871
6086.9536 33.7403
6088.3540 33.7570
6089.7578 33.7285
6091.1587 33.7018
6092.5635 33.7037
6093.9648 33.6840
6095.3701 33.6649
6096.7725 33.6048
6098.1782 33.5420
6099.5811 33.5159
6100.9844 33.5064
6102.3911 33.4502
6103.7949 33.4068
6105.2026 33.4232
6106.6069 33.4083
6108.0151 33.3817
6109.4204 33.4327
6110.8257 33.4607
6112.2349 33.4040
6113.6411 33.3725
6115.0508 33.3607
6116.4575 33.3340
6117.8682 33.2993
6119.2754 33.2843
6120.6831 33.2378
6122.0947 33.1802
6123.5029 33.1151
6124.9150 33.0897
6126.3242 33.1419
6127.7368 33.1679
6129.1465 33.1074
6130.5566 33.0786
6131.9702 33.0717
6133.3809 33.0380
6134.7954 32.9636
6136.2065 32.8763
6137.6216 32.8424
6139.0337 32.8611
6140.4458 32.6961
6141.8618 32.4964
6143.2749 32.6147
6144.6914 32.8026
6146.1050 32.7531
6147.5220 32.4105
6148.9365 32.2383
6150.3511 32.4506
6151.7690 32.7580
6153.1846 32.7540
6154.6035 32.5881
6156.0190 32.2639
6157.4390 32.0423
6158.8555 32.1228
6160.2720 32.4046
6161.6929 32.5367
6163.1104 32.5843
6164.5312 32.6068
6165.9497 32.5972
6167.3711 32.5647
6168.7900 32.5395
6170.2095 32.5120
6171.6323 32.4830
6173.0518 32.4551
6174.4756 32.3740
6175.8960 32.3138
6177.3198 32.3619
6178.7412 32.3390
6180.1626 32.3078
6181.5874 32.2905
6183.0098 32.2947
6184.4355 32.2978
6185.8579 32.2685
6187.2847 32.2376
6188.7080 32.2989
6190.1318 32.2693
6191.5591 32.2236
6192.9834 32.2349
6194.4116 32.2566
6195.8364 32.2464
6197.2651 32.2141
6198.6909 32.1388
6200.1172 32.0834
6201.5469 32.0681
6202.9731 32.0624
6204.4038 32.0803
6205.8311 32.0823
6207.2622 32.0793
6208.6899 32.0638
6210.1216 32.0227
6211.5503 31.9702
6212.9795 31.9506
6214.4121 31.9129
6215.8418 31.8851
6217.2749 31.8758
6218.7056 31.8534
6220.1392 31.7923
6221.5703 31.7387
6223.0015 31.7055
6224.4365 31.6957
6225.8687 31.7097
6227.3042 31.7063
6228.7368 31.6466
6230.1729 31.5874
6231.6064 31.5496
6233.0400 31.5518
6234.4771 31.5956
6235.9116 31.5586
6237.3496 31.3073
6238.7842 31.0197
6240.2231 31.1045
6241.6587 31.3112
6243.0942 31.4046
6244.5342 31.3348
6245.9707 31.1130
6247.4111 30.7365
6248.8481 30.8149
6250.2891 31.1421
6251.7271 31.3190
6253.1650 31.3168
6254.6069 31.3461
6256.0459 31.3313
6257.4888 31.3073
6258.9282 31.2750
6260.3716 31.2362
6261.8115 31.1915
6263.2520 31.1498
6264.6963 31.1412
6266.1377 31.1446
6267.5825 31.1214
6269.0244 31.0554
6270.4702 30.9900
6271.9126 30.9742
6273.3555 30.9598
6274.8022 30.9240
6276.2456 30.5727
6277.6929 29.8448
6279.1372 29.3555
6280.5850 29.6787
6282.0298 30.0349
6283.4751 30.3103
6284.9238 30.5202
6286.3696 30.6865
6287.8193 30.7248
6289.2661 30.5703
6290.7163 30.4237
6292.1636 30.3258
6293.6108 30.3326
6295.0620 30.3328
6296.5103 30.2984
6297.9624 30.2928
6299.4111 30.2759
6300.8638 30.3557
6302.3135 30.3864
6303.7632 30.3584
6305.2168 30.3088
6306.6675 30.2792
6308.1216 30.3420
6309.5728 30.3422
6311.0278 30.2855
6312.4795 30.3307
6313.9316 30.3828
6315.3877 30.2256
6316.8403 30.0580
6318.2974 29.9749
6319.7510 30.1395
6321.2080 30.3270
6322.6621 30.3436
6324.1201 30.2519
6325.5752 30.2450
6327.0303 30.2808
6328.4893 30.2787
6329.9453 30.2289
6331.4048 30.1636
6332.8613 30.1370
6334.3218 30.1881
6335.7788 30.1778
6337.2363 30.1563
6338.6978 30.1448
6340.1558 30.1528
6341.6182 30.1762
6343.0767 30.1453
6344.5396 29.9874
6345.9990 29.2102
6347.4590 28.7666
6348.9229 29.2099
6350.3833 29.9021
6351.8477 29.9721
6353.3091 29.8869
6354.7739 29.8854
6356.2358 29.9194
6357.6982 29.9135
6359.1641 29.8767
6360.6270 29.8586
6362.0938 29.8539
6363.5576 29.8757
6365.0249 29.8468
6366.4893 29.7983
6367.9536 29.7816
6369.4224 29.5403
6370.8877 28.9119
6372.3564 28.9002
6373.8228 29.3416
6375.2925 29.6513
6376.7588 29.6467
6378.2261 29.7248
6379.6968 29.7740
6381.1646 29.7105
6382.6357 29.5445
6384.1040 29.4074
6385.5762 29.4166
6387.0454 29.4468
6388.5146 29.4702
6389.9878 29.5182
6391.4580 29.5148
6392.9316 29.4486
6394.4023 29.4041
6395.8770 29.4090
6397.3481 29.4073
6398.8198 29.3542
6400.2954 29.3196
6401.7681 29.3531
6403.2441 29.4018
6404.7173 29.3514
6406.1943 29.2647
6407.6680 29.2486
6409.1421 29.2717
6410.6196 29.2762
6412.0947 29.2623
6413.5732 29.2661
6415.0488 29.1798
6416.5278 28.9806
6418.0039 28.9302
6419.4805 29.0445
6420.9609 29.0925
6422.4380 29.1116
6423.9189 29.1230
6425.3970 29.1052
6426.8784 29.0840
6428.3569 29.0767
6429.8359 29.0466
6431.3184 28.9205
6432.7979 28.7361
6434.2812 28.7412
6435.7617 28.8439
6437.2456 28.8778
6438.7266 28.8267
6440.2114 28.8222
6441.6929 28.8192
6443.1748 28.7814
6444.6606 28.7303
6446.1431 28.6827
6447.6294 28.6507
6449.1128 28.6770
6450.6001 28.6784
6452.0840 28.6364
6453.5684 28.4812
6455.0566 28.0798
6456.5415 27.6081
6458.0303 27.8579
6459.5161 28.3008
6461.0054 28.4588
6462.4917 28.4393
6463.9785 28.4336
6465.4692 28.4572
6466.9565 28.4535
6468.4478 28.4130
6469.9360 28.4066
6471.4277 28.3861
6472.9165 28.3089
6474.4058 28.2106
6475.8984 28.1386
6477.3882 27.9927
6478.8818 27.9198
6480.3726 27.9866
6481.8667 28.0592
6483.3579 28.0087
6484.8496 28.0457
6486.3447 28.0903
6487.8369 28.1243
6489.3330 28.1209
6490.8262 28.0419
6492.3228 27.8995
6493.8164 27.7955
6495.3101 27.6197
6496.8081 27.4693
6498.3027 27.5886
6499.8013 27.8415
6501.2964 27.8699
6502.7954 27.8302
6504.2915 27.7562
6505.7876 27.7161
6507.2881 27.6875
6508.7852 27.6601
6510.2861 27.6608
6511.7837 27.6713
6513.2852 27.6508
6514.7837 27.3904
6516.2822 27.1014
6517.7852 27.0678
6519.2842 27.2842
6520.7876 27.3720
6522.2876 27.3549
6523.7920 27.2734
6525.2925 27.2229
6526.7939 27.2010
6528.2988 27.1184
6529.8008 26.9899
6531.3062 26.8611
6532.8091 26.7223
6534.3154 26.5857
6535.8184 26.4601
6537.3223 26.3428
6538.8296 26.2291
6540.3340 26.0348
6541.8423 25.7627
6543.3472 25.4258
6544.8560 25.0755
6546.3613 24.7750
6547.8677 24.4872
6549.3774 24.1104
6550.8843 23.6514
6552.3945 23.0727
6553.9019 22.4240
6555.4136 21.7838
6556.9214 21.0110
6558.4336 20.0385
6559.9424 18.8926
6561.4512 17.0433
6562.9644 15.6150
6564.4741 16.5223
6565.9878 18.4801
6567.4985 19.8425
6569.0127 20.7818
6570.5239 21.5606
6572.0356 22.2392
6573.5513 22.8097
6575.0635 23.3133
6576.5796 23.7842
6578.0923 24.2150
6579.6094 24.5684
6581.1230 24.8660
6582.6372 25.1434
6584.1548 25.3189
6585.6694 25.4764
6587.1885 25.6505
6588.7036 25.8258
6590.2231 25.9589
6591.7393 26.0369
6593.2554 26.1347
6594.7759 26.2110
6596.2930 26.2463
6597.8140 26.2914
6599.3320 26.3597
6600.8535 26.4084
6602.3721 26.4273
6603.8911 26.4329
6605.4141 26.4163
6606.9336 26.4099
6608.4570 26.4287
6609.9771 26.4535
6611.5015 26.4737
6613.0225 26.4726
6614.5439 26.5153
6616.0693 26.5410
6617.5913 26.5267
6619.1172 26.5244
6620.6396 26.5129
6622.1665 26.4695
6623.6899 26.4600
6625.2139 26.4664
6626.7417 26.4456
6628.2661 26.4102
6629.7944 26.4428
6631.3198 26.4920
6632.8486 26.5231
6634.3745 26.5297
6635.9009 26.5162
6637.4312 26.4986
6638.9580 26.5056
6640.4888 26.4903
6642.0166 26.4584
6643.5483 26.4210
6645.0767 26.3775
6646.6055 26.3397
6648.1382 26.3660
6649.6675 26.4456
6651.2007 26.4836
6652.7310 26.4470
6654.2651 26.3834
6655.7959 26.3494
6657.3271 26.3091
6658.8623 26.3119
6660.3940 26.3424
6661.9297 26.3393
6663.4624 26.3020
6664.9990 26.2946
6666.5322 26.3227
6668.0659 26.2902
6669.6035 26.2049
6671.1377 26.1445
6672.6763 26.1472
6674.2114 26.1734
6675.7505 26.1535
6677.2861 26.0991
6678.8257 26.0200
6680.3623 26.0047
6681.8989 26.0499
6683.4399 26.0592
6684.9775 26.0531
6686.5190 26.0978
6688.0571 26.0404
6689.5996 26.0126
6691.1382 26.0711
6692.6777 26.0811
6694.2212 26.0269
6695.7607 25.9964
6697.3052 25.9072
6698.8457 25.8613
6700.3906 25.9031
6701.9316 25.9442
6703.4736 25.9757
6705.0195 25.9994
6706.5620 25.9704
6708.1084 25.9495
6709.6519 25.9574
6711.1987 25.9487
6712.7427 25.9401
6714.2871 25.8768
6715.8354 25.7931
6717.3804 25.7610
6718.9292 25.7617
6720.4751 25.7198
6722.0249 25.6757
6723.5713 25.5899
6725.1177 25.5817
6726.6685 25.6817
6728.2163 25.7737
6729.7676 25.7446
6731.3159 25.7268
6732.8682 25.6666
6734.4170 25.5930
6735.9663 25.5467
6737.5195 25.5472
6739.0693 25.5783
6740.6235 25.5859
6742.1743 25.5467
6743.7290 25.4735
6745.2803 25.4281
6746.8320 25.4192
6748.3877 25.4036
6749.9404 25.4018
6751.4966 25.4370
6753.0498 25.4430
6754.6069 25.4003
6756.1611 25.3263
6757.7153 25.2655
6759.2734 25.2812
6760.8286 25.2955
6762.3877 25.3115
6763.9434 25.3048
6765.5029 25.2779
6767.0596 25.2709
6768.6162 25.2814
6770.1772 25.2765
6771.7344 25.2602
6773.2959 25.2361
6774.8540 25.2063
6776.4165 25.1816
6777.9756 25.1805
6779.5347 25.1738
6781.0981 25.1554
6782.6582 25.1311
6784.2222 25.1048
6785.7827 25.0818
6787.3477 25.0774
6788.9092 25.0728
6790.4707 25.0667
6792.0366 25.0579
6793.5991 25.0441
6795.1655 25.0278
6796.7290 25.0160
6798.2964 24.9985
6799.8604 24.9814
6801.4282 24.9758
6802.9927 24.9735
6804.5581 24.9576
6806.1270 24.9433
6807.6929 24.9311
6809.2627 24.9111
6810.8291 24.8896
6812.3994 24.8713
6813.9668 24.8521
6815.5342 24.8343
6817.1060 24.8241
6818.6743 24.8057
6820.2466 24.7853
6821.8154 24.7716
6823.3887 24.7630
6824.9585 24.7502
6826.5283 24.6832
6828.1025 24.5761
6829.6733 24.5835
6831.2485 24.6810
6832.8198 24.6883
6834.3955 24.6843
6835.9678 24.6691
6837.5405 24.6519
6839.1172 24.6373
6840.6904 24.6224
6842.2681 24.6050
6843.8418 24.5941
6845.4199 24.5819
6846.9946 24.5791
6848.5698 24.5763
6850.1494 24.5662
6851.7251 24.5533
6853.3052 24.5355
6854.8818 24.5016
6856.4624 24.4663
6858.0396 24.4524
6859.6177 24.4526
6861.1992 24.4391
6862.7778 24.4237
6864.3604 24.4329
6865.9395 24.4322
6867.5225 24.4200
6869.1025 24.3940
6870.6826 24.3532
6872.2671 24.3492
6873.8481 24.3596
6875.4331 24.3563
6877.0146 24.3442
6878.6006 24.3317
6880.1831 24.3146
6881.7656 24.2923
6883.3525 24.2771
6884.9360 24.2677
6886.5239 24.2534
6888.1079 24.2384
6889.6963 24.2340
6891.2812 24.2236
6892.8667 24.2111
6894.4561 24.1988
6896.0425 24.1863
6897.6323 24.1725
6899.2192 24.1571
6900.8105 24.1404
6902.3979 24.1280
6903.9858 24.0943
6905.5776 24.0525
6907.1665 24.0346
6908.7593 24.0476
6910.3486 24.0417
6911.9419 24.0267
6913.5322 24.0111
6915.1226 23.9984
6916.7173 23.9878
6918.3081 23.9739
6919.9038 23.9473
6921.4956 23.8951
6923.0918 23.8875
6924.6846 23.9064
6926.2812 23.8998
6927.8745 23.8612
6929.4683 23.8559
6931.0664 23.8542
6932.6606 23.8475
6934.2593 23.8430
6935.8545 23.8384
6937.4541 23.8227
6939.0498 23.8031
6940.6460 23.7879
6942.2466 23.7833
6943.8438 23.7730
6945.4448 23.7545
6947.0430 23.7456
6948.6445 23.7435
6950.2432 23.7375
6951.8423 23.7132
6953.4453 23.6902
6955.0449 23.6818
6956.6489 23.6755
6958.2490 23.6590
6959.8535 23.6397
6961.4546 23.6114
6963.0562 23.5846
6964.6621 23.5738
6966.2642 23.5776
6967.8706 23.5680
6969.4736 23.5276
6971.0806 23.4953
6972.6841 23.5039
6974.2886 23.5164
6975.8965 23.4677
6977.5015 23.4106
6979.1104 23.3945
6980.7158 23.3758
6982.3257 23.3924
6983.9321 23.4430
6985.5386 23.4673
6987.1494 23.4936
6988.7568 23.4760
6990.3687 23.4491
6991.9766 23.4242
6993.5889 23.3991
6995.1978 23.3738
6996.8071 23.3464
6998.4204 23.3498
7000.0303 23.3282
7001.6445 23.2550
7003.2554 23.2216
7004.8701 23.3161
7006.4819 23.3458
7008.0938 23.3211
7009.7095 23.2875
7011.3223 23.2739
7012.9390 23.2464
7014.5522 23.1862
7016.1699 23.2367
7017.7837 23.2823
7019.3984 23.2701
7021.0171 23.2431
7022.6323 23.2413
7024.2515 23.2529
7025.8677 23.2515
7027.4878 23.2755
7029.1045 23.2579
7030.7212 23.2513
7032.3428 23.2608
7033.9604 23.2120
7035.5825 23.1592
7037.2007 23.1366
7038.8237 23.1399
7040.4429 23.0665
7042.0664 22.9564
7043.6865 22.9793
7045.3066 23.0611
7046.9316 23.0498
7048.5527 23.0350
7050.1782 23.0176
7051.7998 23.0066
7053.4263 23.0317
7055.0488 22.9805
7056.6719 22.9150
7058.2988 22.8597
7059.9229 22.8104
7061.5508 22.7613
7063.1753 22.7043
7064.8037 22.6280
7066.4292 22.6587
7068.0547 22.7568
7069.6846 22.7891
7071.3110 22.7256
7072.9419 22.6741
7074.5688 22.6846
7076.2002 22.6305
7077.8281 22.5206
7079.4561 22.5118
7081.0889 22.6197
7082.7178 22.6902
7084.3511 22.7165
7085.9810 22.6724
7087.6147 22.5466
7089.2451 22.4937
7090.8760 22.5376
7092.5112 22.5311
7094.1431 22.5123
7095.7788 22.5297
7097.4111 22.4993
7099.0479 22.4442
7100.6812 22.4343
7102.3145 22.4791
7103.9521 22.4809
7105.5864 22.4450
7107.2251 22.4281
7108.8599 22.3975
7110.4995 22.3194
7112.1353 22.2231
7113.7715 22.1635
7115.4116 22.1379
7117.0483 22.1400
7118.6899 22.1732
7120.3271 22.2185
7121.9692 22.2443
7123.6079 22.2702
7125.2466 22.2877
7126.8896 22.2654
7128.5293 22.2306
7130.1729 22.2054
7131.8130 22.1815
7133.4580 22.1702
7135.0986 22.1555
7136.7402 22.1413
7138.3857 22.1291
7140.0283 22.1150
7141.6748 22.0912
7143.3174 22.0566
7144.9648 22.0627
7146.6084 22.0291
7148.2524 21.9850
7149.9009 21.9843
7151.5459 22.0120
7153.1948 21.9999
7154.8403 21.9511
7156.4902 21.8621
7158.1367 21.8518
7159.7832 21.9128
7161.4346 21.8980
7163.0820 21.8656
7164.7339 21.8088
7166.3818 21.7984
7168.0347 21.8220
7169.6836 21.8346
7171.3369 21.8216
7172.9863 21.8049
7174.6367 21.7821
7176.2910 21.7554
7177.9419 21.7376
7179.5972 21.7198
7181.2490 21.6854
7182.9048 21.6746
7184.5571 21.6731
7186.2100 21.6172
7187.8672 21.5783
7189.5210 21.6083
7191.1787 21.6491
7192.8330 21.6402
7194.4917 21.6480
7196.1465 21.6683
7197.8022 21.6753
7199.4619 21.6589
7201.1182 21.6287
7202.7788 21.5969
7204.4355 21.6070
7206.0972 21.5773
7207.7549 21.5381
7209.4131 21.5398
7211.0757 21.5601
7212.7344 21.5388
7214.3975 21.5010
7216.0571 21.4907
7217.7212 21.4933
7219.3818 21.4813
7221.0425 21.4450
7222.7075 21.3821
7224.3691 21.3456
7226.0352 21.3700
7227.6973 21.4014
7229.3643 21.4021
7231.0273 21.3943
7232.6909 21.3844
7234.3584 21.3631
7236.0229 21.3441
7237.6914 21.3226
7239.3564 21.2788
7241.0259 21.2227
7242.6919 21.2348
7244.3579 21.2356
7246.0283 21.2403
7247.6953 21.2456
7249.3667 21.2297
7251.0342 21.1897
7252.7065 21.1586
7254.3750 21.0913
7256.0439 21.1081
7257.7168 21.1551
7259.3867 21.1554
7261.0605 21.1286
7262.7310 21.1095
7264.4058 21.0947
7266.0771 21.0863
7267.7485 21.0830
7269.4243 21.0765
7271.0967 21.0597
7272.7734 21.0395
7274.4463 21.0089
7276.1240 20.9885
7277.7979 20.9803
7279.4722 20.9723
7281.1509 20.9548
7282.8257 20.9344
7284.5054 20.9126
7286.1812 20.8968
7287.8613 20.8190
7289.5376 20.7365
7291.2148 20.7916
7292.8960 20.8321
7294.5737 20.8340
7296.2559 20.8255
7297.9341 20.8113
7299.6172 20.7882
7301.2964 20.7647
7302.9800 20.7536
7304.6602 20.7518
7306.3408 20.7069
7308.0254 20.6398
7309.7065 20.6049
7311.3921 20.6231
7313.0742 20.6430
7314.7607 20.6427
7316.4434 20.6319
7318.1265 20.6054
7319.8140 20.5604
7321.4980 20.5256
7323.1860 20.5524
7324.8711 20.5370
7326.5601 20.5114
7328.2456 20.5082
7329.9312 20.5114
7331.6216 20.4929
7333.3081 20.4937
7334.9995 20.4847
7336.6865 20.4796
7338.3784 20.4715
7340.0669 20.4573
7341.7554 20.4492
7343.4482 20.4408
7345.1377 20.4308
7346.8315 20.4177
7348.5215 20.4061
7350.2163 20.3955
7351.9067 20.3789
7353.5981 20.3604
7355.2939 20.3443
7356.9858 20.3493
7358.6826 20.3542
7360.3755 20.3437
7362.0728 20.3305
7363.7661 20.3187
7365.4604 20.3140
7367.1587 20.3176
7368.8535 20.3082
7370.5527 20.2838
7372.2485 20.2691
7373.9487 20.2582
7375.6450 20.2393
7377.3418 20.2320
7379.0430 20.2339
7380.7402 20.2295
7382.4424 20.2094
7384.1406 20.1819
7385.8433 20.1593
7387.5425 20.1337
7389.2422 20.1373
7390.9458 20.1565
7392.6465 20.1274
7394.3511 20.0816
7396.0522 20.0587
7397.7573 20.0607
7399.4595 20.0633
7401.1616 20.0542
7402.8682 20.0389
7404.5713 20.0098
7406.2788 19.9844
7407.9824 19.9428
7409.6909 19.8803
7411.3955 19.8613
7413.1006 19.9176
7414.8101 19.8426
7416.5156 19.8258
7418.2261 19.8638
7419.9326 19.8655
7421.6436 19.8155
7423.3506 19.7867
7425.0586 19.7800
7426.7705 19.8415
7428.4795 19.8927
7430.1924 19.8900
7431.9014 19.8605
7433.6152 19.8595
7435.3257 19.8750
7437.0400 19.8583
7438.7510 19.8643
7440.4624 19.8434
7442.1777 19.7770
7443.8901 19.7369
7445.6064 19.7229
7447.3193 19.7496
7449.0366 19.7155
7450.7505 19.6924
7452.4644 19.7351
7454.1831 19.7736
7455.8979 19.7905
7457.6172 19.7903
7459.3325 19.7794
7461.0527 19.6680
7462.7690 19.5503
7464.4858 19.6529
7466.2070 19.7472
7467.9248 19.6846
7469.6470 19.6621
7471.3652 19.6867
7473.0884 19.7062
7474.8076 19.7340
7476.5269 19.7236
7478.2510 19.6819
7479.9712 19.6422
7481.6963 19.6254
7483.4175 19.6245
7485.1431 19.6177
7486.8652 19.6103
7488.5874 19.5821
7490.3145 19.5531
7492.0371 19.5346
7493.7651 19.5081
7495.4888 19.4655
7497.2173 19.4864
7498.9419 19.5178
7500.6670 19.5233
7502.3970 19.5093
7504.1226 19.4845
7505.8530 19.4527
7507.5801 19.4473
7509.3110 19.4191
7511.0386 19.3585
7512.7666 19.3085
7514.4990 19.2817
7516.2275 19.2663
7517.9609 19.3328
7519.6904 19.3652
7521.4243 19.3314
7523.1548 19.2775
7524.8853 19.2626
7526.6206 19.2985
7528.3521 19.3168
7530.0884 19.3139
7531.8203 19.2720
7533.5571 19.2394
7535.2905 19.2463
7537.0239 19.2579
7538.7617 19.2512
7540.4961 19.2459
7542.2349 19.2335
7543.9702 19.2265
7545.7095 19.2258
7547.4453 19.2131
7549.1816 19.2057
7550.9229 19.1999
7552.6597 19.1930
7554.4014 19.1751
7556.1392 19.1556
7557.8818 19.1547
7559.6201 19.1417
7561.3594 19.1267
7563.1030 19.1133
7564.8428 19.0995
7566.5874 19.0875
7568.3281 19.0812
7570.0732 19.0689
7571.8149 19.0633
7573.5610 19.0438
7575.3032 19.0204
7577.0459 19.0112
7578.7930 19.0119
7580.5366 18.9974
7582.2847 18.9888
7584.0288 18.9782
7585.7778 18.9664
7587.5229 18.9601
7589.2686 18.9592
7591.0186 18.9536
7592.7646 18.9464
7594.5156 18.9376
7596.2627 18.9281
7598.0142 18.9192
7599.7622 18.9093
7601.5107 18.8934
7603.2637 18.8827
7605.0127 18.8768
7606.7661 18.8702
7608.5161 18.8606
7610.2710 18.8498
7612.0215 18.8354
7613.7725 18.8220
7615.5283 18.7946
7617.2803 18.7700
7619.0366 18.7580
7620.7896 18.7457
7622.5469 18.7458
7624.3003 18.7554
7626.0542 18.7512
7627.8130 18.7390
7629.5679 18.7291
7631.3271 18.7181
7633.0825 18.7064
7634.8428 18.6867
7636.5991 18.6780
7638.3560 18.6707
7640.1172 18.6567
7641.8750 18.6482
7643.6372 18.6436
7645.3955 18.6327
7647.1587 18.6220
7648.9180 18.6142
7650.6772 18.6063
7652.4419 18.5921
7654.2021 18.5622
7655.9673 18.5204
7657.7285 18.4849
7659.4941 18.4661
7661.2563 18.4538
7663.0186 18.4327
7664.7856 18.4305
7666.5493 18.4637
7668.3169 18.4837
7670.0811 18.4806
7671.8496 18.4692
7673.6147 18.4568
7675.3799 18.4419
7677.1499 18.4442
7678.9160 18.4201
7680.6870 18.3993
7682.4536 18.4009
7684.2251 18.3841
7685.9932 18.3516
7687.7612 18.3601
7689.5342 18.3504
7691.3027 18.3311
7693.0767 18.3317
7694.8462 18.3380
7696.6206 18.3205
7698.3911 18.2947
7700.1621 18.2936
7701.9380 18.3030
7703.7100 18.2976
7705.4863 18.2797
7707.2588 18.2744
7709.0361 18.2629
7710.8096 18.1274
7712.5879 18.0717
7714.3618 18.1855
7716.1367 18.2493
7717.9160 18.2536
7719.6914 18.2622
7721.4717 18.2590
7723.2480 18.2440
7725.0288 18.2300
7726.8062 18.2202
7728.5835 18.2089
7730.3657 18.1939
7732.1440 18.1754
7733.9272 18.1689
7735.7065 18.1733
7737.4902 18.1658
7739.2700 18.1508
7741.0508 18.1321
7742.8354 18.1172
7744.6167 18.1169
7746.4028 18.1197
7748.1851 18.1001
7749.9717 18.0829
7751.7544 18.0864
7753.5376 18.0786
7755.3257 18.0550
7757.1099 18.0345
7758.8984 18.0316
7760.6836 18.0324
7762.4731 18.0091
7764.2588 17.9794
7766.0449 17.9730
7767.8359 17.9849
7769.6226 17.8653
7771.4146 17.2824
7773.2021 16.6785
7774.9946 16.5682
7776.7832 17.1407
7778.5723 17.8561
7780.3662 17.9127
7782.1558 17.9195
7783.9507 17.8834
7785.7412 17.8490
7787.5366 17.8392
7789.3281 17.8474
7791.1201 17.8560
7792.9165 17.8388
7794.7095 17.7810
7796.5068 17.7866
7798.3003 17.8124
7800.0986 17.8124
7801.8931 17.8373
7803.6880 17.8764
7805.4873 17.8696
7807.2832 17.8342
7809.0835 17.8060
7810.8799 17.7859
7812.6812 17.7446
7814.4785 17.6929
7816.2759 17.6095
7818.0786 17.5771
7819.8770 17.6118
7821.6802 17.6413
7823.4795 17.6119
7825.2837 17.6604
7827.0840 17.6811
7828.8843 17.6744
7830.6899 17.6474
7832.4912 17.6194
7834.2974 17.6137
7836.0996 17.5768
7837.9067 17.5632
7839.7100 17.5398
7841.5132 17.4968
7843.3213 17.4444
7845.1260 17.4006
7846.9351 17.4079
7848.7402 17.4052
7850.5498 17.4160
7852.3560 17.4331
7854.1665 17.4387
7855.9736 17.4390
7857.7808 17.4369
7859.5928 17.4056
7861.4009 17.3225
7863.2139 17.2203
7865.0225 17.1381
7866.8364 17.1022
7868.6460 17.1527
7870.4561 17.1138
7872.2710 17.1742
7874.0820 17.1356
7875.8979 16.8955
7877.7100 16.8024
7879.5264 17.0531
7881.3389 17.1258
7883.1519 17.1600
7884.9697 17.1464
7886.7837 17.0798
7888.6025 17.0859
7890.4175 17.0058
7892.2368 16.9467
7894.0522 16.6239
7895.8687 16.3319
7897.6890 16.5028
7899.5059 16.9718
7901.3276 16.8487
7903.1455 16.9129
7904.9678 17.1288
7906.7861 17.1356
7908.6055 16.9368
7910.4292 16.9457
7912.2485 17.0945
7914.0732 17.0612
7915.8940 16.9369
7917.7192 16.8589
7919.5405 16.8308
7921.3628 16.7859
7923.1895 16.8332
7925.0122 16.8531
7926.8394 16.8371
7928.6631 16.7925
7930.4912 16.8137
7932.3159 16.9899
7934.1406 17.0332
7935.9702 17.0194
7937.7959 16.9925
7939.6265 16.9638
7941.4526 16.9309
7943.2842 16.8988
7945.1113 16.9036
7946.9390 16.8710
7948.7720 16.8818
7950.6006 16.8994
7952.4336 16.9130
7954.2632 16.9903
7956.0977 16.9828
7957.9277 16.7755
7959.7583 16.5828
7961.5938 16.4425
7963.4253 16.4235
7965.2617 16.6457
7967.0942 16.7299
7968.9316 16.7150
7970.7646 16.7401
7972.5981 16.7961
7974.4370 16.8321
7976.2715 16.8552
7978.1108 16.8640
7979.9458 16.8141
7981.7861 16.8094
7983.6226 16.7628
7985.4590 16.6834
7987.3003 16.7634
7989.1377 16.8324
7990.9800 16.7679
7992.8184 16.7184
7994.6616 16.7098
7996.5005 16.6455
7998.3447 16.4837
8000.1846 16.4399
8002.0249 16.6068
8003.8706 16.7405
8005.7114 16.6206
8007.5576 16.4473
8009.3999 16.6214
8011.2471 16.6379
8013.0898 16.4620
8014.9331 16.5157
8016.7812 16.6468
8018.6255 16.6333
8020.4746 16.5831
8022.3198 16.4399
8024.1699 16.3992
8026.0156 16.4482
8027.8623 16.4914
8029.7134 16.5410
8031.5605 16.6506
8033.4126 16.5488
8035.2607 16.4739
8037.1138 16.4969
8038.9624 16.5348
8040.8120 16.5126
8042.6660 16.4508
8044.5161 16.4117
8046.3711 16.4569
8048.2222 16.5465
8050.0781 16.5786
8051.9302 16.5136
8053.7827 16.4322
8055.6396 16.4146
8057.4927 16.3904
8059.3511 16.3571
8061.2051 16.3288
8063.0640 16.3197
8064.9189 16.3422
8066.7739 16.3819
8068.6343 16.3584
8070.4902 16.3309
8072.3516 16.3302
8074.2085 16.3263
8076.0703 16.2814
8077.9282 16.2415
8079.7866 16.2165
8081.6499 16.2032
8083.5088 16.1562
8085.3730 16.1038
8087.2329 16.1369
8089.0981 16.1382
8090.9590 16.1144
8092.8203 16.0679
8094.6865 16.0343
8096.5483 16.0281
8098.4155 16.0180
8100.2788 16.0125
8102.1465 16.0038
8104.0103 15.9946
8105.8745 15.9849
8107.7441 15.9727
8109.6089 15.9578
8111.4790 15.9452
8113.3452 15.9291
8115.2163 15.9061
8117.0830 15.8954
8118.9502 15.8980
8120.8228 15.8871
8122.6909 15.8799
8124.5640 15.8713
8126.4326 15.8597
8128.3066 15.8490
8130.1768 15.8380
8132.0513 15.8202
8133.9224 15.8042
8135.7935 15.8016
8137.6694 15.7951
8139.5415 15.7824
8141.4185 15.7702
8143.2915 15.7594
8145.1694 15.7503
8147.0430 15.7419
8148.9175 15.7302
8150.7964 15.7176
8152.6714 15.7073
8154.5513 15.6971
8156.4272 15.6815
8158.3081 15.6689
8160.1851 15.6602
8162.0625 15.6517
8163.9443 15.6400
8165.8228 15.6255
8167.7056 15.6158
8169.5845 15.6139
8171.4683 15.6057
8173.3481 15.5947
8175.2285 15.5881
8177.1138 15.5808
8178.9951 15.5666
8180.8809 15.5505
8182.7632 15.4380
8184.6499 15.3668
8186.5327 15.4089
8188.4160 15.4183
8190.3042 15.4692
8192.1885 15.4878
8194.0771 15.3708
8195.9629 15.3235
8197.8525 15.4221
8199.7383 15.3850
8201.6250 15.2019
8203.5156 15.2798
8205.4033 15.3949
8207.2959 15.4122
8209.1836 15.3701
8211.0762 15.3284
8212.9658 15.2683
8214.8545 15.1466
8216.7490 15.1355
8218.6396 15.2037
8220.5342 15.2007
8222.4258 15.1067
8224.3223 15.1746
8226.2139 15.2619
8228.1064 15.2172
8230.0039 15.1517
8231.8965 15.1360
8233.7949 15.0526
8235.6895 15.0150
8237.5889 15.1390
8239.4834 15.1844
8241.3789 15.1146
8243.2793 15.0685
8245.1758 15.1146
8247.0771 15.0451
8248.9746 14.8447
8250.8770 14.9321
8252.7744 15.0542
8254.6729 14.9744
8256.5771 14.9843
8258.4766 15.0182
8260.3809 15.0176
8262.2812 14.9888
8264.1865 14.9530
8266.0869 14.9314
8267.9893 14.9332
8269.8955 14.9302
8271.7979 14.9350
8273.7051 14.9340
8275.6084 14.9248
8277.5166 14.9169
8279.4209 14.9145
8281.3301 14.8991
8283.2354 14.8846
8285.1416 14.8607
8287.0518 14.8114
8288.9580 14.7726
8290.8691 14.8083
8292.7773 14.8391
8294.6895 14.8657
8296.5977 14.8575
8298.5059 14.8327
8300.4199 14.8221
8302.3291 14.8247
8304.2432 14.8277
8306.1543 14.8152
8308.0693 14.8091
8309.9805 14.8050
8311.8926 14.7800
8313.8086 14.7395
8315.7217 14.7549
8317.6396 14.7544
8319.5527 14.7616
8321.4707 14.7629
8323.3857 14.7354
8325.2998 14.7025
8327.2197 14.7062
8329.1357 14.7375
8331.0566 14.7573
8332.9727 14.7044
8334.8945 14.6189
8336.8115 14.6502
8338.7295 14.7541
8340.6523 14.7475
8342.5713 14.7061
8344.4951 14.6851
8346.4150 14.6910
8348.3398 14.7185
8350.2598 14.7133
8352.1807 14.6924
8354.1074 14.6844
8356.0293 14.6577
8357.9561 14.6177
8359.8789 14.6379
8361.8066 14.6695
8363.7295 14.6565
8365.6543 14.6510
8367.5830 14.6486
8369.5078 14.6337
8371.4375 14.6233
8373.3643 14.5742
8375.2949 14.5352
8377.2217 14.5305
8379.1484 14.5552
8381.0811 14.5824
8383.0088 14.5856
8384.9424 14.5840
8386.8711 14.5533
8388.8047 14.5637
8390.7344 14.5572
8392.6650 14.5143
8394.6006 14.5435
8396.5312 14.5781
8398.4678 14.6257
8400.3994 14.6640
8402.3369 14.6579
8404.2695 14.6119
8406.2031 14.5565
8408.1416 14.4341
8410.0762 14.3769
8412.0156 14.3947
8413.9502 14.4115
8415.8906 14.4130
8417.8271 14.4734
8419.7637 14.5331
8421.7051 14.5811
8423.6426 14.5959
8425.5850 14.5846
8427.5234 14.5702
8429.4668 14.5593
8431.4053 14.5220
8433.3496 14.4697
8435.2900 14.3537
8437.2305 14.2822
8439.1758 14.3201
8441.1172 14.3723
8443.0645 14.4284
8445.0059 13.9204
8446.9541 13.5454
8448.8965 13.8743
8450.8408 14.4891
8452.7891 14.4442
8454.7344 14.4827
8456.6836 14.4627
8458.6289 14.4027
8460.5791 14.3085
8462.5254 14.1705
8464.4727 14.0274
8466.4248 13.9219
8468.3721 13.8805
8470.3252 13.9726
8472.2734 14.1468
8474.2275 14.3030
8476.1768 14.3988
8478.1270 14.4523
8480.0820 14.4929
8482.0322 14.5420
8483.9883 14.5630
8485.9404 14.5217
8487.8975 14.4428
8489.8496 14.3692
8491.8027 14.2785
8493.7607 14.2354
8495.7148 13.9600
8497.6738 13.4544
8499.6289 13.3005
8501.5889 13.4874
8503.5449 13.5683
8505.5010 13.6856
8507.4619 13.8470
8509.4199 13.9665
8511.3818 14.0693
8513.3398 14.1559
8515.3027 14.2575
8517.2617 14.3167
8519.2217 14.3364
8521.1855 14.3516
8523.1465 14.3617
8525.1113 14.3405
8527.0723 14.3294
8529.0391 14.2921
8531.0010 14.2179
8532.9639 14.1366
8534.9316 14.0548
8536.8945 13.8724
8538.8633 13.7017
8540.8281 12.9291
8542.7969 12.3090
8544.7627 12.5119
8546.7285 12.8406
8548.6992 13.0450
8550.6660 13.2776
8552.6377 13.5009
8554.6045 13.6858
8556.5771 13.8399
8558.5459 13.9727
8560.5146 14.1095
8562.4893 14.2159
8564.4590 14.2843
8566.4336 14.3114
8568.4043 14.3265
8570.3799 14.3716
8572.3516 14.3621
8574.3242 14.2994
8576.3008 14.2528
8578.2744 14.1836
8580.2520 14.0524
8582.2256 13.9088
8584.2051 13.7428
8586.1797 13.5617
8588.1602 13.4279
8590.1357 13.2653
8592.1113 12.9997
8594.0928 12.6907
8596.0703 12.3855
8598.0527 12.1285
8600.0303 12.1685
8602.0137 12.4579
8603.9922 12.7956
8605.9717 13.0855
8607.9561 13.3283
8609.9365 13.5206
8611.9219 13.6757
8613.9033 13.8027
8615.8896 13.9025
8617.8711 13.9734
8619.8535 14.0232
8621.8418 14.0804
8623.8252 14.1346
8625.8135 14.1771
8627.7979 14.1933
8629.7881 14.1712
8631.7725 14.1708
8633.7588 14.1841
8635.7500 14.1901
8637.7363 14.1525
8639.7285 14.0698
8641.7158 13.9943
8643.7080 13.9273
8645.6973 13.8101
8647.6855 13.6611
8649.6797 13.5024
8651.6699 13.3231
8653.6650 13.0930
8655.6553 12.8413
8657.6514 12.6439
8659.6436 12.2189
8661.6357 11.5262
8663.6328 11.0175
8665.6260 11.2309
8667.6240 11.5233
8669.6182 11.8852
8671.6172 12.2590
8673.6123 12.5866
8675.6074 12.8467
8677.6084 13.0226
8679.6045 13.0596
8681.6055 13.1869
8683.6025 13.4344
8685.6055 13.6275
8687.6035 13.6990
8689.6025 13.8183
8691.6055 13.9437
8693.6055 13.9407
8695.6104 13.9856
8697.6104 14.1049
8699.6162 14.1990
8701.6172 14.2120
8703.6191 14.1776
8705.6260 14.2205
8707.6289 14.2438
8709.6367 14.1756
8711.6406 14.0820
8713.6494 14.0928
8715.6543 14.0981
8717.6592 14.0456
8719.6699 13.9887
8721.6758 13.9580
8723.6865 13.9211
8725.6934 13.8203
8727.7061 13.6871
8729.7129 13.5498
8731.7217 13.4438
8733.7354 13.2960
8735.7441 13.0843
8737.7588 12.9086
8739.7686 12.6742
8741.7842 12.3622
8743.7949 12.0337
8745.8115 11.6761
8747.8232 11.2357
8749.8359 10.7851
8751.8535 10.7198
8753.8672 11.1010
8755.8857 11.5635
8757.9004 11.9434
8759.9199 12.2542
8761.9346 12.5088
8763.9502 12.7429
8765.9717 12.9647
8767.9883 13.1374
8770.0098 13.2784
8772.0273 13.4122
8774.0498 13.5283
8776.0684 13.6586
8778.0879 13.7647
8780.1113 13.8619
8782.1318 13.9380
8784.1562 13.9780
8786.1777 14.0122
8788.2031 14.0846
8790.2256 14.1062
8792.2471 14.0739
8794.2754 14.0510
8796.2979 14.0719
8798.3262 14.0996
8800.3506 14.1321
8802.3799 14.1478
8804.4053 14.0627
8806.4307 13.9287
8808.4609 13.8997
8810.4873 14.0354
8812.5195 14.0593
8814.5459 14.0565
8816.5791 14.0234
8818.6074 13.9543
8820.6357 13.8820
8822.6699 13.8458
8824.6992 13.8121
8826.7344 13.7867
8828.7646 13.7362
8830.8008 13.6897
8832.8330 13.6557
8834.8643 13.5654
8836.9014 13.4394
8838.9346 13.3077
8840.9727 13.1804
8843.0068 13.0516
8845.0459 12.8962
8847.0811 12.6851
8849.1162 12.4492
8851.1562 12.2048
8853.1924 11.9396
8855.2344 11.6238
8857.2715 11.2394
8859.3145 10.7918
8861.3516 10.3000
8863.3906 10.0326
8865.4346 10.2975
8867.4736 10.8155
8869.5186 11.2273
8871.5596 11.5852
8873.6045 11.8596
8875.6465 12.1129
8877.6885 12.3344
8879.7354 12.5173
8881.7783 12.6664
8883.8262 12.7893
8885.8701 12.9214
8887.9189 13.0420
8889.9639 13.1339
8892.0088 13.2048
8894.0596 13.2717
8896.1055 13.3386
8898.1562 13.3888
8900.2041 13.4321
8902.2559 13.4779
8904.3037 13.5138
8906.3574 13.5434
8908.4062 13.5705
8910.4561 13.4589
8912.5107 13.2551
8914.5605 13.4275
8916.6162 13.6641
8918.6680 13.6206
8920.7246 13.6469
8922.7764 13.6547
8924.8291 13.5866
8926.8867 13.3085
8928.9404 13.2781
8931.0000 13.6272
8933.0547 13.6542
8935.1143 13.6539
8937.1699 13.6479
8939.2256 13.6411
8941.2871 13.6341
8943.3438 13.6188
8945.4062 13.5926
8947.4639 13.5826
8949.5273 13.5738
8951.5859 13.5671
8953.6455 13.5563
8955.7100 13.5376
8957.7705 13.5189
8959.8359 13.4938
8961.8975 13.4746
8963.9639 13.4270
8966.0264 13.3740
8968.0889 13.3501
8970.1572 13.3335
8972.2207 13.2925
8974.2891 13.2493
8976.3535 13.1774
8978.4238 13.1075
8980.4893 13.0657
8982.5557 13.0098
8984.6270 12.9344
8986.6934 12.8476
8988.7656 12.7458
8990.8340 12.6328
8992.9072 12.5130
8994.9756 12.3784
8997.0449 12.2195
8999.1201 12.0315
9001.1904 11.8327
9003.2656 11.6117
9005.3369 11.3485
9007.4131 11.0404
9009.4854 10.6700
9011.5586 10.2507
9013.6357 9.7080
9015.7100 9.4735
9017.7891 9.8298
9019.8633 10.3280
9021.9434 10.7175
9024.0186 11.0467
9026.0947 11.3226
9028.1758 11.5500
9030.2529 11.7499
9032.3350 11.9371
9034.4131 12.0854
9036.4971 12.2066
9038.5752 12.3256
9040.6543 12.4405
9042.7393 12.5309
9044.8193 12.5873
9046.9053 12.6407
9048.9863 12.7017
9051.0732 12.7612
9053.1553 12.8208
9055.2383 12.8788
9057.3262 12.9053
9059.4102 12.8092
9061.4990 12.2116
9063.5840 12.3357
9065.6738 12.8881
9067.7588 13.0304
9069.8506 13.0244
9071.9365 13.0150
9074.0234 13.0658
9076.1162 12.8935
9078.2041 12.6847
9080.2979 12.7718
9082.3867 13.0433
9084.4805 13.0812
9086.5703 12.9311
9088.6611 12.6775
9090.7568 12.7550
9092.8486 12.9592
9094.9453 12.4238
9097.0371 12.7330
9099.1348 13.0108
9101.2285 13.0421
9103.3223 13.0084
9105.4209 13.0309
9107.5156 13.0234
9109.6162 12.9422
9111.7119 12.5758
9113.8125 12.6815
9115.9092 12.9824
9118.0068 12.9663
9120.1094 12.9734
9122.2070 12.9105
9124.3105 12.8933
9126.4102 12.9074
9128.5146 12.9244
9130.6143 12.9154
9132.7148 12.8636
9134.8213 12.8919
9136.9219 12.9046
9139.0293 12.8944
9141.1318 12.8806
9143.2393 12.8700
9145.3428 12.8564
9147.4473 12.8387
9149.5566 12.8265
9151.6611 12.8179
9153.7715 12.7978
9155.8770 12.7690
9157.9883 12.7601
9160.0957 12.7504
9162.2031 12.7350
9164.3154 12.7140
9166.4238 12.6941
9168.5371 12.6750
9170.6465 12.6466
9172.7617 12.6181
9174.8711 12.5391
9176.9824 12.4597
9179.0986 12.4411
9181.2100 12.4497
9183.3271 12.3864
9185.4395 12.3788
9187.5576 12.3080
9189.6719 12.2849
9191.7852 12.2763
9193.9053 12.2052
9196.0205 12.1327
9198.1406 12.0447
9200.2568 11.9765
9202.3789 11.8389
9204.4951 11.6893
9206.6133 11.6045
9208.7363 11.5001
9210.8545 11.3123
9212.9785 11.0197
9215.0977 10.8764
9217.2227 10.6850
9219.3428 10.3365
9221.4639 10.2077
9223.5908 9.8930
9225.7129 9.4889
9227.8398 8.9647
9229.9629 8.7614
9232.0908 9.1500
9234.2148 9.6156
9236.3447 9.9406
9238.4688 10.2017
9240.5947 10.5123
9242.7256 10.6879
9244.8516 10.7283
9246.9834 11.0392
9249.1104 11.2442
9251.2432 11.3715
9253.3721 11.4433
9255.5010 11.5179
9257.6348 11.6023
9259.7646 11.5475
9261.8994 11.2473
9264.0303 11.3165
9266.1670 11.4787
9268.2988 11.7115
9270.4307 12.0105
9272.5684 12.0158
9274.7012 12.0571
9276.8398 12.0846
9278.9746 12.1032
9281.1143 12.1207
9283.2490 12.1332
9285.3848 12.1447
9287.5264 12.1547
9289.6621 12.1577
9291.8047 12.1647
9293.9424 12.1676
9296.0850 12.1586
9298.2236 12.1569
9300.3633 12.1780
9302.5078 12.1674
9304.6475 12.1595
9306.7930 12.1681
9308.9346 12.1745
9311.0811 12.1680
9313.2227 12.1673
9315.3652 12.1683
9317.5137 12.1524
9319.6572 12.1350
9321.8057 12.1369
9323.9502 12.1407
9326.1006 12.1178
9328.2461 12.1104
9330.3916 12.1252
9332.5439 12.1333
9334.6904 12.1214
9336.8428 12.1167
9338.9912 12.1044
9341.1445 12.0880
9343.2939 12.0859
9345.4434 12.0893
9347.5977 12.0817
9349.7480 12.0697
9351.9043 12.0624
9354.0557 12.0599
9356.2129 12.0541
9358.3652 12.0457
9360.5186 12.0388
9362.6768 12.0318
9364.8301 12.0241
9366.9902 12.0157
9369.1445 12.0085
9371.3057 12.0005
9373.4609 11.9899
9375.6172 11.9800
9377.7793 11.9760
9379.9365 11.9541
9382.0996 11.9650
9384.2578 11.9274
9386.4219 11.8181
9388.5820 11.8239
9390.7461 11.8694
9392.9072 11.7288
9395.0674 11.7786
9397.2344 11.9097
9399.3965 11.8781
9401.5635 11.8755
9403.7266 11.7447
9405.8945 11.3327
9408.0586 11.5130
9410.2227 11.8387
9412.3926 11.6099
9414.5586 11.4656
9416.7295 11.6760
9418.8955 11.7811
9421.0674 11.7325
9423.2344 11.7092
9425.4023 11.7682
9427.5762 11.7376
9429.7451 11.7082
9431.9189 11.7158
9434.0889 11.7157
9436.2646 11.6626
9438.4355 11.6081
9440.6064 11.6681
9442.7832 11.6806
9444.9561 11.6538
9447.1338 11.6457
9449.3076 11.6535
9451.4863 11.6478
9453.6602 11.6338
9455.8350 11.6218
9458.0156 11.6074
9460.1914 11.5732
9462.3730 11.5509
9464.5498 11.5580
9466.7324 11.5476
9468.9102 11.5417
9471.0889 11.5281
9473.2725 11.5131
9475.4521 11.4973
9477.6367 11.4799
9479.8174 11.4617
9482.0029 11.4125
9484.1846 11.3857
9486.3662 11.3871
9488.5537 11.3808
9490.7363 11.3479
9492.9258 11.3192
9495.1094 11.2876
9497.2988 11.2514
9499.4834 11.2173
9501.6689 11.1846
9503.8604 11.1441
9506.0459 11.0906
9508.2383 11.0441
9510.4258 10.9913
9512.6191 10.9321
9514.8076 10.8648
9516.9961 10.7860
9519.1904 10.6979
9521.3809 10.5994
9523.5762 10.4889
9525.7666 10.3642
9527.9639 10.2240
9530.1553 10.0663
9532.3477 9.8868
9534.5459 9.6802
9536.7393 9.4513
9538.9385 9.1749
9541.1328 8.8532
9543.3330 8.4446
9545.5283 7.9628
9547.7246 8.0062
9549.9268 8.4449
9552.1230 8.8498
9554.3262 9.1340
9556.5234 9.3966
9558.7275 9.6050
9560.9268 9.7892
9563.1309 9.9471
9565.3311 10.0849
9567.5322 10.2036
9569.7383 10.3029
9571.9395 10.3899
9574.1465 10.4721
9576.3496 10.5485
9578.5576 10.6117
9580.7607 10.6640
9582.9648 10.7097
9585.1748 10.7467
9587.3799 10.7807
9589.5908 10.8086
9591.7969 10.8266
9594.0088 10.8444
9596.2158 10.8665
9598.4238 10.8766
9600.6367 10.8578
9602.8457 10.6828
9605.0596 10.7395
9607.2695 10.9091
9609.4854 10.9138
9611.6953 10.9344
9613.9062 10.9184
9616.1240 10.9694
9618.3359 10.8483
9620.5537 10.6555
9622.7666 10.6865
9624.9863 10.9155
9627.2002 10.9174
9629.4150 10.8883
9631.6357 10.7143
9633.8516 10.6571
9636.0723 10.8747
9638.2891 10.9073
9640.5117 10.9143
9642.7295 10.9014
9644.9482 10.9087
9647.1719 10.8817
9649.3916 10.7987
9651.6172 10.8016
9653.8369 10.8811
9656.0635 10.7809
9658.2842 10.5517
9660.5068 10.5682
9662.7344 10.8592
9664.9570 10.8264
9667.1855 10.8399
9669.4102 10.8285
9671.6396 10.7904
9673.8643 10.7781
9676.0898 10.7964
9678.3213 10.7676
9680.5479 10.7090
9682.7803 10.7366
9685.0078 10.7629
9687.2412 10.7565
9689.4697 10.7366
9691.6982 10.6908
9693.9336 10.6966
9696.1631 10.7173
9698.3994 10.7252
9700.6299 10.7238
9702.8672 10.7221
9705.0996 10.7138
9707.3320 10.7073
9709.5703 10.6992
9711.8047 10.6915
9714.0439 10.6843
9716.2783 10.6762
9718.5186 10.6678
9720.7549 10.6583
9722.9912 10.6346
9725.2334 10.6268
9727.4707 10.6303
9729.7139 10.6244
9731.9521 10.6185
9734.1963 10.6105
9736.4355 10.5676
9738.6807 10.5231
9740.9209 10.5232
9743.1621 10.5600
9745.4082 10.5627
9747.6504 10.5511
9749.8984 10.5485
9752.1416 10.5456
9754.3896 10.5382
9756.6338 10.5298
9758.8789 10.5203
9761.1289 10.5121
9763.3740 10.4973
9765.6260 10.4902
9767.8721 10.4872
9770.1250 10.4789
9772.3721 10.4728
9774.6201 10.4640
9776.8750 10.4531
9779.1240 10.4451
9781.3789 10.4385
9783.6289 10.4290
9785.8848 10.4163
9788.1367 10.4002
9790.3877 10.3896
9792.6455 10.3873
9794.8984 10.3837
9797.1572 10.3706
9799.4111 10.3565
9801.6709 10.3536
9803.9258 10.3535
9806.1807 10.3475
9808.4424 10.3322
9810.6982 10.3136
9812.9609 10.3052
9815.2188 10.3059
9817.4814 10.3047
9819.7402 10.2917
9821.9990 10.2712
9824.2646 10.2395
9826.5244 10.1942
9828.7900 10.2348
9831.0518 10.2432
9833.3184 10.2285
9835.5801 10.2208
9837.8428 10.2203
9840.1113 10.2103
9842.3750 10.1843
9844.6455 10.1877
9846.9102 10.1901
9849.1807 10.1804
9851.4463 10.1482
9853.7129 10.0650
9855.9844 10.0432
9858.2520 10.0569
9860.5254 10.0594
9862.7939 10.0663
9865.0684 10.0965
9867.3379 10.1061
9869.6074 10.0974
9871.8838 10.0816
9874.1543 10.0771
9876.4316 10.0773
9878.7031 10.0702
9880.9814 10.0612
9883.2549 10.0359
9885.5283 10.0586
9887.8076 9.9826
9890.0830 9.8062
9892.3633 9.7476
9894.6387 9.9696
9896.9209 9.9932
9899.1973 9.9619
9901.4746 9.9601
9903.7578 9.9701
9906.0361 9.9601
9908.3203 9.9433
9910.5996 9.9289
9912.8857 9.9121
9915.1660 9.8672
9917.4521 9.8577
9919.7334 9.9108
9922.0156 9.9032
9924.3037 9.8812
9926.5869 9.8935
9928.8760 9.8254
9931.1602 9.7237
9933.4502 9.7324
9935.7354 9.8389
9938.0205 9.8371
9940.3125 9.7800
9942.5996 9.7632
9944.8926 9.7812
9947.1797 9.7801
9949.4736 9.7606
9951.7627 9.7580
9954.0518 9.7525
9956.3477 9.7377
9958.6377 9.7246
9960.9346 9.7180
9963.2256 9.7036
9965.5234 9.6925
9967.8154 9.6819
9970.1094 9.6681
9972.4082 9.6534
9974.7021 9.6397
9977.0020 9.6235
9979.2979 9.6081
9981.5986 9.5900
9983.8945 9.5711
9986.1914 9.5538
9988.4941 9.5362
9990.7920 9.5151
9993.0967 9.4947
9995.3955 9.4448
9997.7002 9.3853
10000.0000 9.3675
10002.3057 9.3844
10004.6016 9.3421
10006.9082 9.3130
10009.2158 9.2737
10011.5244 9.2277
10013.8223 9.1787
10016.1309 9.1215
10018.4404 9.0559
10020.7402 8.9907
10023.0508 8.9150
10025.3623 8.8270
10027.6738 8.7292
10029.9756 8.6206
10032.2881 8.4953
10034.6016 8.3551
10036.9043 8.1934
10039.2188 8.0083
10041.5342 7.7909
10043.8496 7.5326
10046.1543 7.2123
10048.4707 6.7604
10050.7881 6.6940
10053.0947 7.0361
10055.4131 7.4340
10057.7324 7.6526
10060.0508 7.8784
10062.3604 8.0502
10064.6807 8.2002
10067.0010 8.3300
10069.3115 8.4406
10071.6338 8.5390
10073.9561 8.6233
10076.2793 8.6923
10078.5918 8.7549
10080.9160 8.8111
10083.2402 8.8582
10085.5547 8.8979
10087.8799 8.9350
10090.2061 8.9648
10092.5332 8.9904
10094.8496 9.0123
10097.1777 9.0305
10099.5059 9.0460
10101.8232 9.0570
10104.1533 9.0469
10106.4834 9.0225
10108.8135 9.0240
10111.1338 9.0095
10113.4648 8.9563
10115.7969 8.9793
10118.1191 9.0728
10120.4521 9.1054
10122.7861 8.9533
10125.1201 8.8738
10127.4434 9.0422
10129.7793 9.0793
10132.1152 9.0871
10134.4404 9.0881
10136.7773 9.0857
10139.1152 9.0816
10141.4531 9.0775
10143.7803 9.0694
10146.1191 9.0429
10148.4590 9.0391
10150.7881 9.0526
10153.1289 9.0508
10155.4707 9.0291
10157.8125 9.0335
10160.1436 9.0380
10162.4863 9.0057
10164.8301 8.9792
10167.1621 8.9899
10169.5068 9.0135
10171.8525 8.9967
10174.1973 8.9846
10176.5322 8.9810
10178.8789 8.9837
10181.2266 8.9669
10183.5742 8.9303
10185.9111 8.9334
10188.2607 8.9445
10190.6094 8.9401
10192.9482 8.9355
10195.2988 8.9319
10197.6504 8.9220
10200.0020 8.9153
10202.3428 8.9080
10204.6953 8.9009
10207.0479 8.8933
10209.3906 8.8853
10211.7451 8.8778
10214.0996 8.8688
10216.4551 8.8469
10218.7998 8.8477
10221.1562 8.8465
10223.5137 8.8364
10225.8594 8.8296
10228.2178 8.8216
10230.5762 8.8144
10232.9355 8.8087
10235.2842 8.7992
10237.6436 8.7871
10240.0049 8.7794
10242.3545 8.7770
10244.7168 8.7612
10247.0791 8.7531
10249.4424 8.7513
10251.7939 8.7471
10254.1582 8.7368
10256.5234 8.7247
10258.8770 8.7190
10261.2422 8.7135
10263.6084 8.7060
10265.9756 8.6977
10268.3311 8.6900
10270.6992 8.6816
10273.0674 8.6707
10275.4258 8.6583
10277.7949 8.6538
10280.1650 8.6508
10282.5352 8.6409
10284.8955 8.6337
10287.2666 8.6188
10289.6396 8.6002
10292.0010 8.5994
10294.3740 8.6032
10296.7480 8.5917
10299.1221 8.5843
10301.4863 8.5746
10303.8613 8.5672
10306.2373 8.5604
10308.6025 8.5507
10310.9795 8.5381
10313.3574 8.5285
10315.7363 8.5264
10318.1035 8.5175
10320.4824 8.5073
10322.8623 8.5001
