3562.8704 12.7521
3563.6899 12.6902
3564.5117 12.6855
3565.3318 12.7226
3566.1538 12.7536
3566.9744 12.7337
3567.7969 12.6837
3568.6177 12.6418
3569.4385 12.6198
3570.2617 12.6167
3571.0830 12.6295
3571.9065 12.6518
3572.7283 12.6606
3573.5520 12.6462
3574.3740 12.6259
3575.1963 12.6216
3576.0208 12.6393
3576.8435 12.6571
3577.6682 12.6408
3578.4915 12.5997
3579.3167 12.5817
3580.1399 12.6114
3580.9636 12.6543
3581.7893 12.6315
3582.6133 12.5376
3583.4395 12.4528
3584.2639 12.4319
3585.0903 12.4693
3585.9150 12.5225
3586.7400 12.5528
3587.5671 12.5700
3588.3923 12.5761
3589.2200 12.5655
3590.0457 12.5414
3590.8735 12.5202
3591.6995 12.5211
3592.5259 12.5331
3593.3542 12.5351
3594.1809 12.5239
3595.0098 12.5063
3595.8367 12.4946
3596.6660 12.4979
3597.4934 12.5052
3598.3208 12.4974
3599.1506 12.4677
3599.9788 12.4170
3600.8088 12.3557
3601.6372 12.3072
3602.4678 12.2980
3603.2964 12.3247
3604.1252 12.3624
3604.9565 12.3816
3605.7859 12.3679
3606.6172 12.3344
3607.4470 12.3096
3608.2788 12.2944
3609.1089 12.2770
3609.9392 12.2446
3610.7717 12.1952
3611.6023 12.1516
3612.4351 12.1585
3613.2661 12.2088
3614.0994 12.2545
3614.9307 12.2548
3615.7625 12.2058
3616.5962 12.1508
3617.4282 12.1385
3618.2625 12.1614
3619.0947 12.1925
3619.9292 12.2211
3620.7620 12.2458
3621.5969 12.2600
3622.4302 12.2614
3623.2634 12.2729
3624.0989 12.2890
3624.9326 12.2860
3625.7686 12.2517
3626.6028 12.2004
3627.4390 12.1391
3628.2734 12.0589
3629.1082 11.9862
3629.9451 11.9637
3630.7800 12.0082
3631.6174 12.0819
3632.4529 12.1255
3633.2903 12.1372
3634.1262 12.1382
3634.9622 12.1404
3635.8005 12.1412
3636.6370 12.1306
3637.4756 12.1045
3638.3123 12.0608
3639.1514 12.0144
3639.9885 11.9851
3640.8259 11.9790
3641.6653 11.9805
3642.5032 11.9758
3643.3430 11.9757
3644.1812 11.9837
3645.0215 11.9858
3645.8601 11.9712
3646.6990 11.9511
3647.5398 11.9412
3648.3789 11.9330
3649.2202 11.9301
3650.0596 11.9440
3650.9014 11.9764
3651.7412 12.0068
3652.5813 12.0076
3653.4236 11.9835
3654.2642 11.9533
3655.1067 11.9321
3655.9475 11.9194
3656.7908 11.8984
3657.6318 11.8645
3658.4734 11.8366
3659.3169 11.8232
3660.1587 11.8202
3661.0029 11.8153
3661.8450 11.7984
3662.6895 11.7865
3663.5320 11.7933
3664.3748 11.8069
3665.2197 11.8125
3666.0630 11.8035
3666.9084 11.7848
3667.7520 11.7669
3668.5977 11.7581
3669.4417 11.7580
3670.2859 11.7574
3671.1321 11.7428
3671.9768 11.7070
3672.8235 11.6658
3673.6685 11.6219
3674.5156 11.5692
3675.3608 11.5208
3676.2063 11.5035
3677.0542 11.5339
3677.8999 11.5837
3678.7480 11.6224
3679.5945 11.6305
3680.4429 11.6074
3681.2896 11.5646
3682.1365 11.5116
3682.9856 11.4418
3683.8328 11.3867
3684.6824 11.3847
3685.5300 11.4485
3686.3799 11.5430
3687.2278 11.5884
3688.0781 11.5400
3688.9265 11.4689
3689.7751 11.4578
3690.6260 11.5247
3691.4751 11.6149
3692.3264 11.6351
3693.1758 11.5502
3694.0273 11.3990
3694.8772 11.2809
3695.7273 11.2927
3696.5793 11.4553
3697.4299 11.6633
3698.2825 11.7660
3699.1333 11.7075
3699.9863 11.5014
3700.8374 11.2250
3701.6887 11.0045
3702.5425 10.9699
3703.3943 11.1368
3704.2483 11.4313
3705.1003 11.7245
3705.9548 11.8712
3706.8074 11.7783
3707.6599 11.4723
3708.5149 11.0840
3709.3682 10.7674
3710.2234 10.6736
3711.0771 10.8676
3711.9329 11.2803
3712.7866 11.7256
3713.6409 12.0804
3714.4973 12.3066
3715.3518 12.3508
3716.2085 12.1735
3717.0635 11.7799
3717.9204 11.2476
3718.7759 10.7295
3719.6313 10.4110
3720.4890 10.4264
3721.3450 10.7779
3722.2031 11.3377
3723.0593 11.8999
3723.9180 12.3295
3724.7747 12.6009
3725.6316 12.7509
3726.4905 12.8015
3727.3479 12.7267
3728.2073 12.4644
3729.0649 12.0116
3729.9250 11.4182
3730.7830 10.7836
3731.6414 10.2574
3732.5017 10.0098
3733.3604 10.1455
3734.2214 10.5599
3735.0803 11.1372
3735.9417 11.7971
3736.8013 12.4502
3737.6609 12.9913
3738.5227 13.3370
3739.3828 13.4988
3740.2451 13.5303
3741.1055 13.4454
3741.9683 13.2244
3742.8291 12.8552
3743.6899 12.3726
3744.5532 11.8443
3745.4148 11.2515
3746.2786 10.6135
3747.1404 10.0518
3748.0044 9.7604
3748.8667 9.8985
3749.7290 10.3905
3750.5938 11.0300
3751.4565 11.6792
3752.3215 12.2947
3753.1848 12.8595
3754.0503 13.3154
3754.9138 13.5821
3755.7798 13.7076
3756.6438 13.7984
3757.5081 13.9196
3758.3745 14.0503
3759.2390 14.1008
3760.1060 14.0515
3760.9709 13.8870
3761.8381 13.5947
3762.7036 13.1959
3763.5693 12.7143
3764.4370 12.1477
3765.3032 11.5174
3766.1714 10.8575
3767.0378 10.2188
3767.9065 9.7213
3768.7732 9.5329
3769.6401 9.7660
3770.5095 10.2916
3771.3770 10.9277
3772.2466 11.5784
3773.1145 12.2221
3773.9844 12.8623
3774.8528 13.4859
3775.7209 14.0573
3776.5918 14.5653
3777.4604 15.0206
3778.3315 15.4228
3779.2009 15.7384
3780.0723 15.9200
3780.9419 16.0108
3781.8118 16.0806
3782.6838 16.1027
3783.5540 16.0097
3784.4265 15.7786
3785.2971 15.4769
3786.1699 15.1726
3787.0410 14.8619
3787.9121 14.5115
3788.7856 14.0833
3789.6572 13.5534
3790.5310 12.9293
3791.4031 12.2507
3792.2773 11.5451
3793.1499 10.8333
3794.0225 10.1410
3794.8972 9.5439
3795.7703 9.2071
3796.6455 9.3126
3797.5190 9.7875
3798.3948 10.4460
3799.2686 11.1473
3800.1426 11.8284
3801.0188 12.4792
3801.8933 13.0720
3802.7700 13.6012
3803.6448 14.0792
3804.5220 14.5413
3805.3972 15.0316
3806.2727 15.5635
3807.1504 16.0582
3808.0261 16.4538
3808.9043 16.7046
3809.7805 16.7858
3810.6589 16.7243
3811.5356 16.6238
3812.4126 16.6059
3813.2917 16.7120
3814.1689 16.9142
3815.0483 17.1230
3815.9260 17.2195
3816.8059 17.1145
3817.6841 16.8430
3818.5623 16.5745
3819.4429 16.4164
3820.3215 16.2955
3821.2024 16.0355
3822.0815 15.5445
3822.9629 15.0208
3823.8423 14.5779
3824.7241 14.1723
3825.6040 13.7272
3826.4841 13.2162
3827.3665 12.6815
3828.2468 12.1260
3829.1296 11.4995
3830.0105 10.8077
3830.8938 10.1064
3831.7751 9.4682
3832.6565 8.9839
3833.5403 8.8262
3834.4224 9.0451
3835.3064 9.5303
3836.1887 10.1404
3837.0735 10.7721
3837.9561 11.3951
3838.8391 12.0429
3839.7244 12.7145
3840.6077 13.3516
3841.4932 13.9152
3842.3770 14.4061
3843.2629 14.8530
3844.1472 15.2723
3845.0315 15.6600
3845.9182 15.9697
3846.8030 16.1741
3847.6899 16.3446
3848.5752 16.6339
3849.4626 16.9762
3850.3481 17.2019
3851.2339 17.2883
3852.1221 17.2708
3853.0083 17.1873
3853.8967 17.1071
3854.7832 17.2175
3855.6721 17.4074
3856.5591 17.5144
3857.4463 17.5437
3858.3359 17.5778
3859.2234 17.6070
3860.1135 17.5399
3861.0015 17.4882
3861.8918 17.4867
3862.7803 17.4880
3863.6687 17.4706
3864.5598 17.5035
3865.4487 17.5877
3866.3401 17.6412
3867.2297 17.6088
3868.1213 17.4615
3869.0112 17.1919
3869.9014 16.8465
3870.7937 16.5870
3871.6841 16.4669
3872.5769 16.3912
3873.4678 16.2319
3874.3611 15.8909
3875.2524 15.3605
3876.1438 14.8017
3877.0376 14.3781
3877.9297 14.0514
3878.8237 13.6888
3879.7161 13.2048
3880.6108 12.6407
3881.5037 12.0368
3882.3965 11.3855
3883.2917 10.6951
3884.1851 9.9916
3885.0808 9.3161
3885.9746 8.7466
3886.8706 8.4560
3887.7649 8.5712
3888.6592 9.0346
3889.5559 9.6848
3890.4507 10.3626
3891.3479 10.9932
3892.2429 11.5696
3893.1406 12.1135
3894.0361 12.6494
3894.9341 13.1653
3895.8301 13.6140
3896.7263 13.9563
3897.6250 14.2624
3898.5215 14.6219
3899.4207 15.0092
3900.3176 15.3519
3901.2170 15.6250
3902.1145 15.8763
3903.0122 16.0711
3903.9121 16.2856
3904.8103 16.5935
3905.7107 16.9450
3906.6094 17.2312
3907.5100 17.4089
3908.4089 17.5268
3909.3081 17.5385
3910.2097 17.4032
3911.1091 17.1981
3912.0110 17.0927
3912.9111 17.2071
3913.8132 17.3695
3914.7136 17.4874
3915.6143 17.5629
3916.5171 17.6085
3917.4182 17.6298
3918.3215 17.6451
3919.2229 17.6971
3920.1267 17.7654
3921.0286 17.8458
3921.9307 17.9338
3922.8350 17.9915
3923.7373 17.9528
3924.6421 17.8393
3925.5452 17.7185
3926.4502 17.6166
3927.3535 17.4871
3928.2571 17.2297
3929.1628 16.6872
3930.0667 15.6365
3930.9731 14.5227
3931.8774 14.1949
3932.7839 14.9175
3933.6887 16.1523
3934.5938 16.9682
3935.5010 17.3042
3936.4062 17.4237
3937.3142 17.5223
3938.2200 17.6137
3939.1279 17.6118
3940.0342 17.4636
3940.9407 17.2444
3941.8494 17.0924
3942.7561 17.0854
3943.6653 17.1599
3944.5725 17.1807
3945.4822 17.0760
3946.3899 16.9306
3947.2979 16.7728
3948.2080 16.6105
3949.1162 16.4602
3950.0269 16.3458
3950.9355 16.2727
3951.8467 16.1767
3952.7559 15.9733
3953.6650 15.6493
3954.5769 15.2667
3955.4866 14.9057
3956.3987 14.5857
3957.3088 14.2231
3958.2214 13.7627
3959.1321 13.2428
3960.0449 12.7356
3960.9561 12.2649
3961.8672 11.7640
3962.7808 11.1931
3963.6924 10.5319
3964.6064 9.7711
3965.5186 8.9575
3966.4329 8.2257
3967.3455 7.7882
3968.2581 7.7941
3969.1731 8.1897
3970.0862 8.8026
3971.0017 9.4771
3971.9153 10.1325
3972.8313 10.7696
3973.7451 11.3736
3974.6592 11.9407
3975.5759 12.4884
3976.4905 13.0178
3977.4075 13.5038
3978.3225 13.9121
3979.2397 14.2545
3980.1553 14.5796
3981.0708 14.9146
3981.9888 15.2462
3982.9050 15.5405
3983.8232 15.7819
3984.7397 16.0066
3985.6587 16.2179
3986.5757 16.3872
3987.4927 16.5013
3988.4121 16.5886
3989.3298 16.7092
3990.2498 16.8630
3991.1677 16.9903
3992.0879 17.0558
3993.0063 17.0536
3993.9250 16.9953
3994.8459 16.9153
3995.7649 16.9073
3996.6863 16.9827
3997.6057 17.0738
3998.5276 17.1148
3999.4475 17.0905
4000.3674 17.0457
4001.2900 17.0016
4002.2104 16.9241
4003.1333 16.8824
4004.0544 16.9745
4004.9775 17.2174
4005.8989 17.4897
4006.8206 17.6931
4007.7446 17.7176
4008.6665 17.5656
4009.5908 17.3477
4010.5132 17.2007
4011.4380 17.1759
4012.3608 17.1926
4013.2839 17.2234
4014.2095 17.2794
4015.1328 17.3589
4016.0588 17.4480
4016.9827 17.5320
4017.9089 17.5635
4018.8333 17.5094
4019.7578 17.3847
4020.6848 17.2106
4021.6096 17.0298
4022.5371 16.9325
4023.4624 16.9887
4024.3901 17.1060
4025.3162 17.1745
4026.2422 17.1655
4027.1704 17.1157
4028.0969 17.0727
4029.0259 17.0579
4029.9526 17.0695
4030.8821 17.0954
4031.8093 17.1217
4032.7390 17.1432
4033.6667 17.1756
4034.5947 17.2481
4035.5251 17.3244
4036.4534 17.3719
4037.3843 17.3778
4038.3130 17.3494
4039.2441 17.3112
4040.1736 17.2831
4041.1030 17.2137
4042.0347 17.0435
4042.9646 16.8220
4043.8970 16.7019
4044.8271 16.7984
4045.7600 16.9104
4046.6907 16.9643
4047.6216 16.9900
4048.5549 16.9911
4049.4863 16.9406
4050.4202 16.8406
4051.3521 16.7625
4052.2861 16.7754
4053.2185 16.8600
4054.1509 16.9358
4055.0857 16.9547
4056.0186 16.9721
4056.9539 17.0212
4057.8872 17.0336
4058.8230 16.9578
4059.7566 16.7786
4060.6907 16.5601
4061.6270 16.4573
4062.5613 16.5203
4063.4983 16.5602
4064.4331 16.5196
4065.3701 16.4849
4066.3054 16.5231
4067.2410 16.5317
4068.1787 16.4006
4069.1147 16.2457
4070.0530 16.2008
4070.9893 16.2628
4071.9280 16.3112
4072.8647 16.2120
4073.8018 15.9586
4074.7412 15.6787
4075.6787 15.5640
4076.6184 15.6590
4077.5562 15.8258
4078.4966 15.8584
4079.4348 15.7724
4080.3733 15.6137
4081.3142 15.4146
4082.2532 15.1895
4083.1943 14.9560
4084.1338 14.7421
4085.0757 14.5296
4086.0154 14.2938
4086.9553 14.0129
4087.8977 13.6754
4088.8381 13.2872
4089.7810 12.8708
4090.7219 12.4261
4091.6653 11.9421
4092.6064 11.4151
4093.5481 10.8529
4094.4919 10.2681
4095.4338 9.6637
4096.3784 9.0172
4097.3208 8.3342
4098.2656 7.6972
4099.2085 7.2823
4100.1514 7.2801
4101.0967 7.7279
4102.0400 8.3662
4102.9863 9.0245
4103.9302 9.6463
4104.8765 10.2280
4105.8208 10.7750
4106.7676 11.2826
4107.7124 11.7528
4108.6572 12.2032
4109.6045 12.6412
4110.5503 13.0581
4111.4980 13.4417
4112.4438 13.7906
4113.3921 14.1026
4114.3384 14.3436
4115.2852 14.5009
4116.2339 14.6253
4117.1807 14.7838
4118.1304 14.9685
4119.0776 15.0712
4120.0273 15.1381
4120.9751 15.2401
4121.9233 15.3721
4122.8740 15.4700
4123.8223 15.4696
4124.7734 15.3419
4125.7222 15.1942
4126.6733 15.1357
4127.6230 15.1322
4128.5723 15.1245
4129.5244 15.2003
4130.4746 15.4314
4131.4268 15.6743
4132.3774 15.8490
4133.3301 15.9482
4134.2812 15.9980
4135.2324 16.0308
4136.1855 16.0833
4137.1372 16.1296
4138.0913 16.1356
4139.0435 16.0729
4139.9976 15.9348
4140.9502 15.7771
4141.9028 15.7496
4142.8579 15.8396
4143.8110 15.9549
4144.7666 16.0291
4145.7202 16.0396
4146.6758 16.0043
4147.6299 16.0004
4148.5840 16.0364
4149.5405 16.0675
4150.4951 16.0556
4151.4526 15.9976
4152.4072 15.9332
4153.3647 15.9172
4154.3203 15.9446
4155.2764 15.9883
4156.2344 16.0111
4157.1904 15.9768
4158.1489 15.8784
4159.1055 15.7801
4160.0649 15.7350
4161.0220 15.7578
4161.9790 15.8528
4162.9390 15.9776
4163.8965 16.0285
4164.8564 16.0296
4165.8149 16.0412
4166.7754 16.0265
4167.7339 15.9172
4168.6929 15.6889
4169.6538 15.4233
4170.6133 15.2851
4171.5752 15.3537
4172.5347 15.5300
4173.4971 15.6216
4174.4570 15.4987
4175.4175 15.2622
4176.3799 15.1743
4177.3408 15.3085
4178.3042 15.5213
4179.2651 15.6586
4180.2290 15.6785
4181.1909 15.6763
4182.1548 15.6828
4183.1172 15.6627
4184.0796 15.5768
4185.0444 15.4712
4186.0068 15.4452
4186.9722 15.5317
4187.9355 15.5822
4188.9014 15.5859
4189.8647 15.6146
4190.8286 15.6872
4191.7949 15.7413
4192.7593 15.6988
4193.7261 15.6217
4194.6909 15.5200
4195.6582 15.3853
4196.6235 15.2823
4197.5889 15.2770
4198.5571 15.3135
4199.5229 15.3133
4200.4912 15.3367
4201.4575 15.3812
4202.4263 15.4176
4203.3931 15.4409
4204.3599 15.4748
4205.3296 15.4728
4206.2969 15.4306
4207.2671 15.3969
4208.2349 15.4014
4209.2051 15.4332
4210.1738 15.4495
4211.1421 15.4073
4212.1133 15.2686
4213.0820 15.1267
4214.0537 15.1163
4215.0229 15.2507
4215.9951 15.3407
4216.9648 15.3572
4217.9351 15.3719
4218.9077 15.3849
4219.8784 15.3689
4220.8516 15.3050
4221.8223 15.1937
4222.7959 15.0517
4223.7676 14.9135
4224.7393 14.8751
4225.7134 15.0051
4226.6855 15.2404
4227.6602 15.3564
4228.6328 15.2618
4229.6079 14.9951
4230.5806 14.7321
4231.5542 14.6651
4232.5298 14.8223
4233.5034 14.9745
4234.4800 15.0483
4235.4541 15.0641
4236.4307 15.0518
4237.4053 15.0422
4238.3799 15.0303
4239.3574 14.9652
4240.3325 14.9163
4241.3105 14.9347
4242.2861 14.9460
4243.2642 14.8805
4244.2407 14.7714
4245.2168 14.7530
4246.1958 14.7933
4247.1729 14.7647
4248.1519 14.6957
4249.1294 14.6864
4250.1094 14.7660
4251.0869 14.8241
4252.0649 14.8669
4253.0454 14.9082
4254.0239 14.8943
4255.0049 14.8029
4255.9834 14.6821
4256.9648 14.6088
4257.9443 14.5484
4258.9263 14.5453
4259.9058 14.6388
4260.8857 14.7816
4261.8687 14.8812
4262.8491 14.9010
4263.8320 14.8831
4264.8130 14.8448
4265.7964 14.7837
4266.7778 14.6845
4267.7593 14.5300
4268.7432 14.3414
4269.7256 14.2506
4270.7100 14.2933
4271.6924 14.3821
4272.6772 14.4642
4273.6606 14.5348
4274.6436 14.5733
4275.6294 14.5468
4276.6128 14.5362
4277.5991 14.5507
4278.5830 14.5480
4279.5698 14.4944
4280.5542 14.4149
4281.5391 14.3651
4282.5264 14.3710
4283.5117 14.3999
4284.4990 14.3998
4285.4849 14.3306
4286.4731 14.2005
4287.4590 14.1008
4288.4453 14.1400
4289.4346 14.2467
4290.4214 14.2730
4291.4106 14.1728
4292.3979 14.1026
4293.3877 14.0792
4294.3755 14.0619
4295.3633 14.0322
4296.3535 13.9305
4297.3423 13.7450
4298.3330 13.6136
4299.3218 13.5518
4300.3135 13.5565
4301.3027 13.6645
4302.2920 13.8180
4303.2842 13.8802
4304.2744 13.7743
4305.2666 13.6214
4306.2573 13.5975
4307.2500 13.6997
4308.2412 13.7859
4309.2319 13.6995
4310.2261 13.4265
4311.2173 13.1455
4312.2114 13.0211
4313.2036 13.0839
4314.1982 13.2252
4315.1904 13.2957
4316.1836 13.2414
4317.1787 13.0977
4318.1719 12.9306
4319.1675 12.8062
4320.1611 12.7138
4321.1572 12.5596
4322.1514 12.2539
4323.1460 11.9211
4324.1426 11.7050
4325.1377 11.5637
4326.1348 11.3756
4327.1299 11.0671
4328.1279 10.6942
4329.1235 10.3132
4330.1196 9.9169
4331.1182 9.4908
4332.1143 9.0282
4333.1133 8.5249
4334.1104 7.9727
4335.1099 7.3710
4336.1069 6.7437
4337.1069 6.1925
4338.1045 5.9192
4339.1025 6.0910
4340.1030 6.6215
4341.1016 7.2215
4342.1025 7.7951
4343.1016 8.3260
4344.1030 8.8174
4345.1025 9.2716
4346.1021 9.6804
4347.1040 10.0172
4348.1040 10.2617
4349.1069 10.4921
4350.1074 10.8091
4351.1104 11.2216
4352.1113 11.5873
4353.1128 11.8627
4354.1167 12.0498
4355.1182 12.1739
4356.1226 12.2775
4357.1245 12.3915
4358.1294 12.5015
4359.1318 12.5914
4360.1348 12.7029
4361.1401 12.8382
4362.1436 12.9661
4363.1494 13.0435
4364.1528 13.0427
4365.1592 12.9897
4366.1636 12.9746
4367.1680 13.0254
4368.1753 13.1190
4369.1802 13.2064
4370.1875 13.2347
4371.1929 13.1769
4372.2007 13.1242
4373.2065 13.1601
4374.2129 13.2595
4375.2212 13.3300
4376.2280 13.3303
4377.2368 13.3222
4378.2441 13.3139
4379.2534 13.2356
4380.2612 13.0098
4381.2686 12.6976
4382.2793 12.5762
4383.2871 12.7244
4384.2979 12.9634
4385.3066 13.1481
4386.3179 13.2164
4387.3267 13.1910
4388.3359 13.1690
4389.3481 13.2063
4390.3579 13.1852
4391.3701 13.0375
4392.3804 12.8802
4393.3936 12.9007
4394.4043 13.0933
4395.4150 13.1787
4396.4287 13.1320
4397.4399 13.0656
4398.4541 13.0693
4399.4658 13.1294
4400.4805 13.1295
4401.4927 13.0582
4402.5054 13.0297
4403.5205 13.0917
4404.5337 13.1791
4405.5493 13.2095
4406.5625 13.2070
4407.5786 13.1940
4408.5928 13.1715
4409.6069 13.1517
4410.6240 13.1030
4411.6387 12.9754
4412.6558 12.7832
4413.6709 12.6279
4414.6885 12.5970
4415.7041 12.7286
4416.7227 12.9405
4417.7388 13.0799
4418.7549 13.0757
4419.7739 13.0562
4420.7905 13.0875
4421.8101 13.1412
4422.8271 13.1689
4423.8472 13.1414
4424.8647 13.0713
4425.8828 13.0278
4426.9033 13.0143
4427.9219 12.9961
4428.9429 12.9658
4429.9619 12.9284
4430.9834 12.8668
4432.0024 12.8272
4433.0220 12.8552
4434.0444 12.9216
4435.0645 12.9717
4436.0874 12.9748
4437.1079 12.9467
4438.1309 12.8705
4439.1519 12.7175
4440.1733 12.5228
4441.1968 12.4072
4442.2188 12.4749
4443.2432 12.6493
4444.2651 12.7339
4445.2900 12.7453
4446.3125 12.7151
4447.3354 12.6592
4448.3613 12.6104
4449.3843 12.6267
4450.4106 12.6566
4451.4341 12.6369
4452.4609 12.5945
4453.4849 12.5886
4454.5098 12.6259
4455.5366 12.6220
4456.5615 12.5979
4457.5894 12.5849
4458.6147 12.5665
4459.6431 12.5500
4460.6689 12.5519
4461.6953 12.5440
4462.7241 12.5252
4463.7505 12.4717
4464.7798 12.3501
4465.8071 12.2153
4466.8369 12.1799
4467.8643 12.2716
4468.8921 12.3343
4469.9229 12.3684
4470.9512 12.4144
4471.9819 12.4567
4473.0107 12.4594
4474.0425 12.4505
4475.0718 12.4494
4476.1011 12.2976
4477.1333 11.8768
4478.1631 11.3743
4479.1958 11.2317
4480.2266 11.7122
4481.2593 12.1747
4482.2905 12.4053
4483.3213 12.4594
4484.3555 12.3940
4485.3872 12.2409
4486.4214 12.0977
4487.4536 12.0737
4488.4883 12.1179
4489.5210 12.1941
4490.5537 12.2687
4491.5889 12.3162
4492.6226 12.3523
4493.6582 12.3971
4494.6919 12.4173
4495.7285 12.3888
4496.7627 12.2949
4497.7998 12.1595
4498.8345 12.0887
4499.8696 12.1735
4500.9072 12.3035
4501.9424 12.3760
4502.9805 12.3601
4504.0166 12.2609
4505.0552 12.0965
4506.0913 12.0340
4507.1279 12.1269
4508.1675 12.2383
4509.2046 12.2636
4510.2446 12.2042
4511.2822 12.1113
4512.3223 11.9751
4513.3604 11.9327
4514.3984 12.0091
4515.4395 12.0742
4516.4785 11.9953
4517.5200 11.8494
4518.5591 11.7769
4519.6011 11.7459
4520.6406 11.7768
4521.6807 11.8697
4522.7236 11.9690
4523.7642 12.0063
4524.8071 11.9944
4525.8481 11.9484
4526.8916 11.9340
4527.9331 11.9616
4528.9746 11.9440
4530.0190 11.7695
4531.0610 11.5727
4532.1060 11.5823
4533.1489 11.7703
4534.1938 11.9558
4535.2373 12.0007
4536.2803 11.9657
4537.3267 11.8872
4538.3701 11.7979
4539.4170 11.7694
4540.4609 11.8147
4541.5083 11.8760
4542.5527 11.8924
4543.5981 11.8635
4544.6455 11.7056
4545.6909 11.3786
4546.7393 11.0915
4547.7852 11.1405
4548.8340 11.4748
4549.8804 11.5875
4550.9272 11.4594
4551.9766 11.2685
4553.0239 11.2000
4554.0737 11.2951
4555.1216 11.3705
4556.1719 11.4163
4557.2197 11.5331
4558.2686 11.6442
4559.3193 11.6359
4560.3682 11.4980
4561.4199 11.3849
4562.4692 11.4195
4563.5215 11.5330
4564.5713 11.6288
4565.6211 11.6680
4566.6743 11.6430
4567.7246 11.5264
4568.7778 11.3461
4569.8291 11.2895
4570.8828 11.3750
4571.9341 11.4655
4572.9888 11.4480
4574.0405 11.4186
4575.0928 11.4423
4576.1479 11.4448
4577.2007 11.4109
4578.2559 11.3489
4579.3091 11.2312
4580.3652 11.0292
4581.4189 11.0010
4582.4731 11.1704
4583.5298 11.3209
4584.5840 11.3007
4585.6411 11.1675
4586.6963 11.1346
4587.7539 11.1604
4588.8091 11.1748
4589.8647 11.2097
4590.9233 11.2781
4591.9795 11.3329
4593.0386 11.3264
4594.0952 11.3239
4595.1543 11.3332
4596.2114 11.3383
4597.2690 11.3281
4598.3291 11.3067
4599.3867 11.2926
4600.4473 11.2976
4601.5059 11.3053
4602.5669 11.3048
4603.6255 11.2995
4604.6846 11.2994
4605.7466 11.3033
4606.8062 11.2933
4607.8687 11.2645
4608.9287 11.2371
4609.9912 11.2232
4611.0518 11.2130
4612.1128 11.1799
4613.1763 11.1042
4614.2373 11.0100
4615.3013 10.9230
4616.3633 10.8691
4617.4277 10.8796
4618.4897 10.9701
4619.5522 11.0664
4620.6177 11.1073
4621.6807 11.0993
4622.7466 11.0814
4623.8096 11.0638
4624.8760 10.9834
4625.9399 10.8292
4627.0044 10.7726
4628.0713 10.8491
4629.1357 10.9274
4630.2031 10.8689
4631.2686 10.7485
4632.3364 10.7295
4633.4023 10.8137
4634.4678 10.9088
4635.5366 10.9500
4636.6030 10.9405
4637.6724 10.9299
4638.7393 10.9286
4639.8091 10.9269
4640.8765 10.9143
4641.9438 10.8896
4643.0142 10.8567
4644.0825 10.8209
4645.1533 10.8082
4646.2222 10.8285
4647.2935 10.8678
4648.3623 10.8942
4649.4316 10.8859
4650.5039 10.8620
4651.5737 10.8289
4652.6465 10.7630
4653.7168 10.6931
4654.7900 10.6739
4655.8608 10.7243
4656.9346 10.7761
4658.0059 10.7822
4659.0771 10.7362
4660.1519 10.6581
4661.2236 10.5922
4662.2983 10.5607
4663.3711 10.5150
4664.4463 10.4820
4665.5195 10.5009
4666.5928 10.5446
4667.6689 10.5825
4668.7427 10.5995
4669.8193 10.5858
4670.8936 10.5676
4671.9707 10.5729
4673.0454 10.5895
4674.1206 10.5910
4675.1982 10.5609
4676.2739 10.5142
4677.3521 10.5051
4678.4282 10.5223
4679.5073 10.5386
4680.5835 10.5435
4681.6602 10.5384
4682.7397 10.5212
4683.8174 10.5096
4684.8975 10.5044
4685.9751 10.4980
4687.0557 10.4896
4688.1338 10.4824
4689.2124 10.4731
4690.2935 10.4609
4691.3726 10.4501
4692.4546 10.4413
4693.5342 10.4306
4694.6162 10.4139
4695.6963 10.3962
4696.7764 10.3852
4697.8594 10.3622
4698.9404 10.3160
4700.0239 10.2609
4701.1050 10.2319
4702.1890 10.2570
4703.2710 10.3085
4704.3530 10.3352
4705.4375 10.3299
4706.5200 10.3156
4707.6055 10.3117
4708.6885 10.3026
4709.7744 10.2641
4710.8579 10.2195
4711.9414 10.2015
4713.0283 10.2145
4714.1123 10.2365
4715.1992 10.2469
4716.2842 10.2475
4717.3716 10.2330
4718.4570 10.2078
4719.5425 10.1860
4720.6309 10.1759
4721.7168 10.1645
4722.8057 10.1445
4723.8921 10.1220
4724.9814 10.0993
4726.0684 10.0668
4727.1553 10.0076
4728.2456 9.9279
4729.3335 9.9201
4730.4238 9.9728
4731.5122 10.0184
4732.6030 10.0198
4733.6919 9.9901
4734.7808 9.9639
4735.8726 9.9473
4736.9624 9.9466
4738.0547 9.9608
4739.1445 9.9778
4740.2373 9.9854
4741.3276 9.9876
4742.4214 9.9783
4743.5122 9.9591
4744.6035 9.9368
4745.6973 9.9200
4746.7891 9.9142
4747.8838 9.9160
4748.9761 9.9123
4750.0713 9.8930
4751.1641 9.8576
4752.2568 9.8215
4753.3525 9.8076
4754.4463 9.8236
4755.5425 9.8449
4756.6367 9.8574
4757.7334 9.8444
4758.8281 9.8031
4759.9229 9.7504
4761.0205 9.7146
4762.1157 9.7068
4763.2139 9.7212
4764.3096 9.7408
4765.4082 9.7539
4766.5044 9.7502
4767.6011 9.7149
4768.7002 9.6680
4769.7974 9.6396
4770.8975 9.6309
4771.9951 9.6327
4773.0952 9.6361
4774.1934 9.6318
4775.2915 9.6111
4776.3926 9.5822
4777.4917 9.5686
4778.5933 9.5735
4779.6924 9.5786
4780.7949 9.5693
4781.8945 9.5499
4782.9946 9.5216
4784.0977 9.5028
4785.1982 9.5022
4786.3018 9.5090
4787.4028 9.5061
4788.5068 9.4950
4789.6084 9.4845
4790.7100 9.4813
4791.8149 9.4786
4792.9170 9.4677
4794.0225 9.4572
4795.1255 9.4360
4796.2310 9.4039
4797.3345 9.3812
4798.4380 9.3752
4799.5444 9.3658
4800.6489 9.3209
4801.7559 9.2537
4802.8604 9.2306
4803.9678 9.2572
4805.0732 9.2930
4806.1782 9.2928
4807.2866 9.2540
4808.3926 9.2125
4809.5015 9.1952
4810.6079 9.1990
4811.7173 9.2066
4812.8242 9.2037
4813.9312 9.1907
4815.0415 9.1729
4816.1489 9.1539
4817.2598 9.1291
4818.3677 9.0921
4819.4790 9.0225
4820.5879 8.8982
4821.6968 8.8435
4822.8086 8.8845
4823.9180 8.9379
4825.0303 8.9461
4826.1401 8.9171
4827.2534 8.8823
4828.3638 8.8469
4829.4771 8.8124
4830.5884 8.7700
4831.6992 8.7085
4832.8135 8.6289
4833.9253 8.5550
4835.0400 8.4962
4836.1523 8.4319
4837.2676 8.3550
4838.3804 8.2623
4839.4937 8.1528
4840.6094 8.0359
4841.7231 7.9169
4842.8394 7.7734
4843.9536 7.5794
4845.0708 7.3551
4846.1851 7.1544
4847.3003 6.9901
4848.4180 6.7809
4849.5332 6.5254
4850.6514 6.2375
4851.7676 5.9275
4852.8862 5.6035
4854.0024 5.2686
4855.1191 4.8930
4856.2388 4.4433
4857.3560 3.9760
4858.4761 3.7112
4859.5938 3.8660
4860.7144 4.3157
4861.8325 4.7635
4862.9512 5.1636
4864.0723 5.5171
4865.1914 5.8316
4866.3135 6.1127
4867.4326 6.3525
4868.5552 6.5704
4869.6753 6.7899
4870.7954 6.9998
4871.9189 7.1723
4873.0396 7.3043
4874.1631 7.4519
4875.2847 7.6340
4876.4087 7.8045
4877.5308 7.9331
4878.6528 8.0038
4879.7778 8.0200
4880.9004 8.0316
4882.0259 8.1061
4883.1489 8.2034
4884.2749 8.2741
4885.3984 8.3036
4886.5225 8.2958
4887.6494 8.2529
4888.7734 8.2716
4889.9009 8.3561
4891.0259 8.4414
4892.1538 8.4926
4893.2793 8.5192
4894.4048 8.5264
4895.5337 8.5103
4896.6597 8.4898
4897.7891 8.4924
4898.9155 8.5152
4900.0454 8.5303
4901.1724 8.5305
4902.2998 8.5452
4903.4307 8.5708
4904.5586 8.5853
4905.6895 8.5713
4906.8179 8.5286
4907.9497 8.4838
4909.0786 8.4883
4910.2080 8.5296
4911.3403 8.5789
4912.4702 8.6106
4913.6030 8.6027
4914.7334 8.5406
4915.8667 8.4457
4916.9976 8.3741
4918.1313 8.3582
4919.2627 8.3241
4920.3945 8.2127
4921.5288 8.1999
4922.6611 8.3687
4923.7964 8.5182
4924.9292 8.5803
4926.0649 8.5876
4927.1978 8.5807
4928.3315 8.5494
4929.4678 8.4743
4930.6021 8.3899
4931.7388 8.3790
4932.8735 8.4388
4934.0107 8.4804
4935.1460 8.4634
4936.2812 8.4736
4937.4194 8.5072
4938.5557 8.5321
4939.6943 8.5361
4940.8306 8.5281
4941.9702 8.5130
4943.1069 8.4902
4944.2441 8.4693
4945.3843 8.4571
4946.5220 8.4477
4947.6626 8.4308
4948.8008 8.4138
4949.9419 8.4251
4951.0806 8.4451
4952.2197 8.4320
4953.3618 8.3477
4954.5010 8.2393
4955.6436 8.2816
4956.7837 8.3831
4957.9268 8.4357
4959.0674 8.4462
4960.2080 8.4460
4961.3521 8.4400
4962.4932 8.4189
4963.6377 8.3911
4964.7793 8.3678
4965.9243 8.3567
4967.0669 8.3605
4968.2095 8.3739
4969.3550 8.3839
4970.4980 8.3865
4971.6445 8.3865
4972.7881 8.3731
4973.9351 8.3482
4975.0791 8.3280
4976.2236 8.3145
4977.3711 8.2932
4978.5161 8.2588
4979.6641 8.2112
4980.8096 8.1777
4981.9585 8.1966
4983.1045 8.2594
4984.2510 8.3007
4985.4004 8.2992
4986.5469 8.2566
4987.6968 8.2022
4988.8442 8.1722
4989.9946 8.1699
4991.1426 8.1996
4992.2910 8.2443
4993.4419 8.2726
4994.5908 8.2687
4995.7427 8.2301
4996.8921 8.1483
4998.0439 8.0415
4999.1938 8.0007
5000.3438 8.0348
5001.4971 8.0735
5002.6475 8.0580
5003.8013 8.0509
5004.9521 8.0826
5006.1064 8.1158
5007.2583 8.1286
5008.4126 8.1231
5009.5649 8.1097
5010.7173 8.0906
5011.8730 8.0720
5013.0259 8.0077
5014.1816 7.8324
5015.3354 7.6483
5016.4917 7.6556
5017.6460 7.8350
5018.8003 7.9459
5019.9575 8.0117
5021.1123 8.0570
5022.2700 8.0751
5023.4258 8.0612
5024.5840 8.0398
5025.7397 8.0248
5026.8960 8.0065
5028.0552 7.9903
5029.2119 7.9880
5030.3716 7.9886
5031.5288 7.9473
5032.6890 7.9065
5033.8472 7.9234
5035.0049 7.9578
5036.1660 7.9262
5037.3247 7.8138
5038.4863 7.7684
5039.6455 7.8530
5040.8076 7.9380
5041.9668 7.9704
5043.1270 7.9633
5044.2900 7.9429
5045.4502 7.9185
5046.6138 7.9067
5047.7749 7.9017
5048.9390 7.8988
5050.1001 7.8890
5051.2622 7.8332
5052.4268 7.6880
5053.5894 7.6618
5054.7544 7.7696
5055.9175 7.8743
5057.0830 7.9046
5058.2466 7.9005
5059.4102 7.9023
5060.5771 7.8883
5061.7412 7.8463
5062.9082 7.8028
5064.0732 7.7867
5065.2407 7.8012
5066.4062 7.8133
5067.5718 7.8014
5068.7402 7.7814
5069.9062 7.7702
5071.0752 7.7589
5072.2417 7.7436
5073.4116 7.7714
5074.5786 7.8025
5075.7461 7.7811
5076.9165 7.7307
5078.0845 7.7035
5079.2554 7.7190
5080.4238 7.7321
5081.5957 7.7376
5082.7646 7.7252
5083.9336 7.7012
5085.1060 7.6896
5086.2759 7.7067
5087.4487 7.7246
5088.6191 7.7317
5089.7925 7.7198
5090.9634 7.7062
5092.1348 7.6928
5093.3091 7.6648
5094.4805 7.6295
5095.6553 7.6013
5096.8276 7.5463
5098.0029 7.5239
5099.1758 7.5680
5100.3516 7.6331
5101.5249 7.6553
5102.6987 7.6535
5103.8750 7.6460
5105.0493 7.6490
5106.2266 7.6585
5107.4014 7.6577
5108.5791 7.6485
5109.7544 7.6408
5110.9297 7.6392
5112.1084 7.6358
5113.2842 7.6264
5114.4634 7.6127
5115.6401 7.5927
5116.8198 7.5744
5117.9966 7.5648
5119.1743 7.5567
5120.3545 7.5448
5121.5327 7.5318
5122.7134 7.5183
5123.8921 7.4862
5125.0737 7.4453
5126.2524 7.4334
5127.4321 7.4547
5128.6143 7.4648
5129.7939 7.4272
5130.9771 7.4297
5132.1572 7.4565
5133.3408 7.4599
5134.5220 7.4282
5135.7031 7.3928
5136.8872 7.3882
5138.0688 7.4148
5139.2539 7.4199
5140.4360 7.4010
5141.6216 7.3767
5142.8042 7.3593
5143.9873 7.3520
5145.1738 7.3445
5146.3574 7.3417
5147.5439 7.3539
5148.7280 7.3566
5149.9155 7.3185
5151.1001 7.2839
5152.2852 7.3032
5153.4731 7.3306
5154.6587 7.3506
5155.8477 7.3561
5157.0337 7.3367
5158.2227 7.3088
5159.4097 7.3069
5160.5962 7.3149
5161.7861 7.2765
5162.9736 7.1385
5164.1646 6.9175
5165.3525 6.7717
5166.5435 6.8402
5167.7319 6.9730
5168.9209 7.0139
5170.1128 7.0296
5171.3022 7.1642
5172.4946 7.2604
5173.6846 7.2538
5174.8779 7.2377
5176.0684 7.2361
5177.2588 7.2303
5178.4526 7.1768
5179.6440 7.0190
5180.8384 6.9222
5182.0303 6.9752
5183.2251 7.0717
5184.4175 7.1049
5185.6104 7.0791
5186.8062 7.0752
5187.9995 7.0634
5189.1958 7.0573
5190.3896 7.0699
5191.5864 7.0727
5192.7808 7.0192
5193.9780 6.9354
5195.1729 6.9478
5196.3682 7.0310
5197.5664 7.0936
5198.7622 7.0990
5199.9609 7.0743
5201.1572 7.0356
5202.3564 7.0148
5203.5532 7.0186
5204.7505 7.0277
5205.9507 7.0368
5207.1484 7.0530
5208.3491 7.0597
5209.5474 7.0464
5210.7485 6.9970
5211.9473 6.9251
5213.1460 6.8811
5214.3481 6.9099
5215.5479 6.9727
5216.7505 7.0159
5217.9507 7.0283
5219.1538 7.0081
5220.3545 6.9672
5221.5557 6.8965
5222.7598 6.7375
5223.9609 6.6388
5225.1655 6.7086
5226.3677 6.8398
5227.5728 6.8979
5228.7754 6.8382
5229.9785 6.7157
5231.1846 6.6381
5232.3877 6.6572
5233.5942 6.7099
5234.7983 6.7608
5236.0054 6.8253
5237.2100 6.8683
5238.4150 6.8680
5239.6230 6.8622
5240.8281 6.8518
5242.0366 6.8293
5243.2427 6.8041
5244.4517 6.7911
5245.6582 6.7803
5246.8652 6.7797
5248.0747 6.7880
5249.2822 6.7875
5250.4927 6.7592
5251.7007 6.7190
5252.9116 6.7216
5254.1201 6.7364
5255.3286 6.7324
5256.5405 6.7040
5257.7500 6.6727
5258.9624 6.6629
5260.1724 6.6068
5261.3853 6.5470
5262.5957 6.5509
5263.8062 6.6031
5265.0200 6.6151
5266.2310 6.5615
5267.4458 6.5555
5268.6572 6.5812
5269.8721 6.5816
5271.0845 6.5084
5272.2974 6.3997
5273.5132 6.4321
5274.7261 6.5342
5275.9424 6.5756
5277.1562 6.5761
5278.3730 6.5721
5279.5874 6.5454
5280.8047 6.4942
5282.0195 6.5292
5283.2349 6.6018
5284.4531 6.6446
5285.6689 6.6402
5286.8877 6.6132
5288.1040 6.5804
5289.3232 6.5618
5290.5400 6.5603
5291.7573 6.5672
5292.9775 6.5718
5294.1953 6.5645
5295.4160 6.5411
5296.6343 6.5274
5297.8555 6.5187
5299.0742 6.5055
5300.2935 6.4939
5301.5156 6.4885
5302.7354 6.4616
5303.9580 6.4510
5305.1782 6.4588
5306.4014 6.4774
5307.6221 6.4875
5308.8433 6.4673
5310.0674 6.4172
5311.2891 6.3172
5312.5137 6.1502
5313.7358 6.0821
5314.9614 6.2074
5316.1841 6.4040
5317.4072 6.4474
5318.6333 6.4386
5319.8569 6.3954
5321.0835 6.3382
5322.3076 6.3042
5323.5347 6.3054
5324.7598 6.2870
5325.9844 6.2964
5327.2129 6.3307
5328.4380 6.3624
5329.6670 6.3663
5330.8931 6.3369
5332.1221 6.3009
5333.3491 6.2760
5334.5757 6.2575
5335.8062 6.2500
5337.0337 6.2672
5338.2642 6.3123
5339.4922 6.3510
5340.7236 6.3459
5341.9521 6.3209
5343.1812 6.3125
5344.4131 6.3274
5345.6426 6.3408
5346.8755 6.3335
5348.1055 6.3279
5349.3389 6.3255
5350.5693 6.3236
5351.8003 6.3206
5353.0342 6.3168
5354.2656 6.3129
5355.5005 6.3082
5356.7324 6.3010
5357.9678 6.2507
5359.2002 6.1646
5360.4331 6.1214
5361.6694 6.1720
5362.9028 6.1972
5364.1392 6.1965
5365.3735 6.1768
5366.6108 6.1423
5367.8452 6.1216
5369.0801 6.1694
5370.3184 6.2201
5371.5537 6.2369
5372.7925 6.2321
5374.0283 6.2251
5375.2676 6.2166
5376.5039 6.1911
5377.7441 6.1569
5378.9810 6.1277
5380.2183 6.1240
5381.4590 6.1454
5382.6973 6.1612
5383.9385 6.1428
5385.1768 6.1426
5386.4189 6.1499
5387.6577 6.1536
5388.8975 6.1484
5390.1401 6.1345
5391.3799 6.1218
5392.6230 6.0967
5393.8638 6.0808
5395.1074 6.0870
5396.3486 6.0907
5397.5903 6.0582
5398.8350 6.0193
5400.0767 5.9952
5401.3223 5.9864
5402.5645 6.0042
5403.8105 6.0402
5405.0537 6.0582
5406.2969 6.0367
5407.5439 6.0213
5408.7876 6.0277
5410.0352 6.0120
5411.2798 5.9758
5412.5273 5.9809
5413.7725 6.0347
5415.0181 6.0518
5416.2666 6.0438
5417.5127 6.0323
5418.7617 6.0081
5420.0083 5.9495
5421.2583 5.8886
5422.5054 5.9097
5423.7529 5.9526
5425.0034 5.9596
5426.2515 5.9439
5427.5029 5.9500
5428.7515 5.9472
5430.0034 5.9263
5431.2524 5.9191
5432.5020 5.9337
5433.7549 5.9536
5435.0049 5.9590
5436.2578 5.9538
5437.5088 5.9540
5438.7627 5.9496
5440.0137 5.9349
5441.2651 5.9091
5442.5200 5.8822
5443.7720 5.8835
5445.0273 5.9056
5446.2798 5.9192
5447.5356 5.9216
5448.7891 5.9190
5450.0425 5.9068
5451.2993 5.8719
5452.5532 5.8536
5453.8105 5.8658
5455.0654 5.8874
5456.3232 5.9006
5457.5786 5.9008
5458.8340 5.8801
5460.0928 5.8568
5461.3486 5.8397
5462.6084 5.8222
5463.8647 5.8180
5465.1250 5.8455
5466.3823 5.8632
5467.6396 5.8616
5468.9004 5.8443
5470.1587 5.8221
5471.4199 5.7906
5472.6787 5.7420
5473.9404 5.7116
5475.1997 5.7392
5476.4624 5.7776
5477.7222 5.7865
5478.9824 5.7758
5480.2461 5.7809
5481.5068 5.7880
5482.7705 5.7682
5484.0322 5.7356
5485.2964 5.7229
5486.5586 5.7338
5487.8208 5.7379
5489.0859 5.7204
5490.3491 5.7146
5491.6147 5.7215
5492.8784 5.7245
5494.1450 5.7174
5495.4087 5.7096
5496.6729 5.7030
5497.9404 5.6743
5499.2056 5.6441
5500.4736 5.6379
5501.7388 5.6395
5503.0073 5.6191
5504.2734 5.6193
5505.5396 5.6298
5506.8096 5.6280
5508.0762 5.6317
5509.3462 5.6492
5510.6138 5.6612
5511.8843 5.6597
5513.1523 5.6529
5514.4209 5.6476
5515.6924 5.6447
5516.9614 5.6423
5518.2334 5.6372
5519.5029 5.6258
5520.7759 5.6074
5522.0459 5.5830
5523.3159 5.5458
5524.5898 5.5048
5525.8608 5.4903
5527.1348 5.5190
5528.4062 5.5358
5529.6812 5.5107
5530.9536 5.4641
5532.2256 5.4553
5533.5015 5.5159
5534.7744 5.5543
5536.0508 5.5641
5537.3242 5.5575
5538.6011 5.5382
5539.8755 5.5115
5541.1499 5.4925
5542.4277 5.4946
5543.7026 5.5019
5544.9810 5.5005
5546.2568 5.5001
5547.5356 5.5069
5548.8115 5.5097
5550.0884 5.4965
5551.3682 5.4784
5552.6450 5.4738
5553.9258 5.4772
5555.2031 5.4740
5556.4844 5.4604
5557.7627 5.4530
5559.0410 5.4490
5560.3232 5.4479
5561.6021 5.4457
5562.8848 5.4366
5564.1646 5.4176
5565.4473 5.3969
5566.7280 5.3980
5568.0083 5.4017
5569.2925 5.3981
5570.5737 5.3957
5571.8579 5.4006
5573.1401 5.3907
5574.4253 5.3819
5575.7075 5.3812
5576.9932 5.3850
5578.2764 5.3871
5579.5596 5.3819
5580.8462 5.3645
5582.1299 5.3265
5583.4170 5.2848
5584.7017 5.2747
5585.9893 5.3019
5587.2744 5.3325
5588.5601 5.3378
5589.8486 5.3301
5591.1348 5.3246
5592.4238 5.3257
5593.7104 5.3246
5595.0005 5.3129
5596.2876 5.3064
5597.5747 5.2952
5598.8657 5.2868
5600.1538 5.2886
5601.4448 5.2949
5602.7334 5.2949
5604.0254 5.2977
5605.3149 5.2962
5606.6045 5.2901
5607.8970 5.2833
5609.1870 5.2733
5610.4805 5.2477
5611.7715 5.2036
5613.0654 5.2018
5614.3569 5.2313
5615.6484 5.2504
5616.9434 5.2449
5618.2354 5.2340
5619.5308 5.2244
5620.8237 5.2165
5622.1201 5.2112
5623.4131 5.2084
5624.7070 5.2074
5626.0039 5.2070
5627.2983 5.2050
5628.5957 5.2032
5629.8906 5.1940
5631.1890 5.1818
5632.4844 5.1732
5633.7803 5.1684
5635.0791 5.1642
5636.3755 5.1574
5637.6753 5.1529
5638.9722 5.1500
5640.2725 5.1424
5641.5703 5.1289
5642.8682 5.1262
5644.1694 5.1272
5645.4678 5.1276
5646.7695 5.1298
5648.0684 5.1346
5649.3711 5.1362
5650.6704 5.1274
5651.9707 5.1125
5653.2739 5.0885
5654.5742 5.0655
5655.8784 5.0612
5657.1797 5.0747
5658.4839 5.0633
5659.7856 5.0574
5661.0879 5.0677
5662.3931 5.0774
5663.6958 5.0765
5665.0020 5.0729
5666.3052 5.0713
5667.6118 5.0679
5668.9155 5.0625
5670.2197 5.0569
5671.5273 5.0512
5672.8320 5.0434
5674.1401 5.0321
5675.4453 5.0228
5676.7539 5.0066
5678.0601 4.9885
5679.3696 4.9800
5680.6758 4.9847
5681.9829 4.9873
5683.2930 4.9755
5684.6006 4.9612
5685.9111 4.9573
5687.2192 4.9616
5688.5308 4.9631
5689.8394 4.9647
5691.1484 4.9605
5692.4609 4.9575
5693.7705 4.9569
5695.0835 4.9525
5696.3936 4.9415
5697.7070 4.9399
5699.0176 4.9412
5700.3286 4.9356
5701.6431 4.9197
5702.9551 4.9012
5704.2700 4.8932
5705.5825 4.8934
5706.8979 4.8952
5708.2109 4.8942
5709.5239 4.8899
5710.8408 4.8864
5712.1543 4.8856
5713.4717 4.8776
5714.7861 4.8652
5716.1040 4.8578
5717.4189 4.8558
5718.7339 4.8551
5720.0527 4.8504
5721.3687 4.8379
5722.6880 4.8241
5724.0044 4.8211
5725.3242 4.8243
5726.6416 4.8240
5727.9590 4.8186
5729.2798 4.8162
5730.5977 4.8119
5731.9194 4.8081
5733.2378 4.8033
5734.5601 4.7983
5735.8794 4.7970
5737.1987 4.7945
5738.5215 4.7850
5739.8418 4.7759
5741.1655 4.7680
5742.4863 4.7597
5743.8105 4.7545
5745.1318 4.7571
5746.4536 4.7571
5747.7783 4.7496
5749.1006 4.7391
5750.4268 4.7328
5751.7495 4.7362
5753.0757 4.7473
5754.3994 4.7454
5755.7231 4.7391
5757.0503 4.7315
5758.3745 4.7192
5759.7026 4.7047
5761.0273 4.7046
5762.3560 4.7064
5763.6816 4.7064
5765.0078 4.7037
5766.3369 4.6991
5767.6636 4.6950
5768.9937 4.6935
5770.3208 4.6881
5771.6514 4.6792
5772.9790 4.6732
5774.3071 4.6715
5775.6387 4.6654
5776.9673 4.6471
5778.2993 4.6381
5779.6289 4.6270
5780.9614 4.6247
5782.2915 4.6382
5783.6250 4.6504
5784.9556 4.6394
5786.2861 4.6252
5787.6206 4.6222
5788.9521 4.6258
5790.2871 4.6271
5791.6191 4.6238
5792.9546 4.6205
5794.2871 4.6174
5795.6201 4.6213
5796.9565 4.6266
5798.2900 4.6244
5799.6274 4.6131
5800.9614 4.6008
5802.2993 4.5947
5803.6338 4.5996
5804.9692 4.6085
5806.3076 4.6092
5807.6436 4.5954
5808.9824 4.5771
5810.3188 4.5662
5811.6587 4.5673
5812.9956 4.5727
5814.3330 4.5742
5815.6738 4.5708
5817.0117 4.5649
5818.3530 4.5617
5819.6914 4.5623
5821.0337 4.5630
5822.3726 4.5591
5823.7119 4.5506
5825.0552 4.5473
5826.3950 4.5416
5827.7388 4.5393
5829.0791 4.5425
5830.4233 4.5425
5831.7646 4.5325
5833.1064 4.5292
5834.4517 4.5313
5835.7935 4.5347
5837.1396 4.5342
5838.4824 4.5285
5839.8286 4.5220
5841.1719 4.5183
5842.5156 4.5129
5843.8633 4.5073
5845.2075 4.5026
5846.5552 4.4967
5847.9004 4.4854
5849.2490 4.4692
5850.5942 4.4586
5851.9404 4.4600
5853.2896 4.4605
5854.6362 4.4572
5855.9863 4.4609
5857.3335 4.4619
5858.6841 4.4609
5860.0322 4.4613
5861.3799 4.4605
5862.7319 4.4575
5864.0806 4.4541
5865.4326 4.4462
5866.7822 4.4350
5868.1348 4.4305
5869.4849 4.4304
5870.8350 4.4231
5872.1890 4.4074
5873.5400 4.4130
5874.8940 4.4223
5876.2456 4.4170
5877.6006 4.4034
5878.9531 4.3920
5880.3052 4.3826
5881.6611 4.3683
5883.0146 4.3525
5884.3711 4.2915
5885.7246 4.1858
5887.0820 4.1407
5888.4365 4.2458
5889.7939 4.2898
5891.1489 4.2251
5892.5044 4.1706
5893.8633 4.2109
5895.2192 4.2979
5896.5786 4.3148
5897.9351 4.3020
5899.2949 4.3028
5900.6523 4.3168
5902.0098 4.3254
5903.3706 4.3214
5904.7285 4.3154
5906.0903 4.3138
5907.4487 4.3143
5908.8110 4.3069
5910.1704 4.2891
5911.5303 4.2760
5912.8931 4.2817
5914.2534 4.2735
5915.6172 4.2552
5916.9780 4.2559
5918.3428 4.2631
5919.7041 4.2577
5921.0659 4.2484
5922.4312 4.2612
5923.7939 4.2653
5925.1597 4.2560
5926.5229 4.2460
5927.8896 4.2429
5929.2534 4.2439
5930.6172 4.2488
5931.9849 4.2519
5933.3496 4.2492
5934.7178 4.2416
5936.0830 4.2192
5937.4517 4.1714
5938.8179 4.1368
5940.1841 4.1550
5941.5537 4.1668
5942.9204 4.1637
5944.2910 4.1609
5945.6587 4.1604
5947.0298 4.1648
5948.3975 4.1713
5949.7661 4.1725
5951.1382 4.1610
5952.5073 4.1314
5953.8799 4.0956
5955.2495 4.0993
5956.6226 4.1214
5957.9932 4.1296
5959.3638 4.1326
5960.7378 4.1357
5962.1094 4.1241
5963.4839 4.1089
5964.8560 4.1080
5966.2314 4.1139
5967.6040 4.1194
5968.9766 4.1186
5970.3530 4.1060
5971.7266 4.0870
5973.1035 4.0654
5974.4780 4.0376
5975.8555 4.0361
5977.2305 4.0670
5978.6055 4.0886
5979.9839 4.0842
5981.3599 4.0754
5982.7388 4.0722
5984.1152 4.0733
5985.4951 4.0661
5986.8721 4.0430
5988.2495 4.0361
5989.6304 4.0465
5991.0083 4.0424
5992.3896 4.0377
5993.7681 4.0508
5995.1504 4.0690
5996.5298 4.0706
5997.9126 4.0619
5999.2920 4.0553
6000.6724 4.0505
6002.0562 4.0463
6003.4370 4.0414
6004.8213 4.0176
6006.2026 3.9757
6007.5874 3.9707
6008.9697 3.9909
6010.3521 4.0024
6011.7378 3.9994
6013.1211 3.9982
6014.5078 3.9906
6015.8911 3.9807
6017.2783 3.9746
6018.6626 3.9704
6020.0474 3.9632
6021.4355 3.9603
6022.8208 3.9575
6024.2095 3.9570
6025.5957 3.9596
6026.9849 3.9630
6028.3716 3.9632
6029.7583 3.9595
6031.1489 3.9522
6032.5361 3.9398
6033.9272 3.9256
6035.3154 3.9199
6036.7070 3.9272
6038.0957 3.9195
6039.4849 3.9092
6040.8774 3.9028
6042.2671 3.9005
6043.6606 3.9021
6045.0508 3.9080
6046.4448 3.9109
6047.8359 3.9053
6049.2271 3.8946
6050.6221 3.8882
6052.0142 3.8901
6053.4097 3.8951
6054.8022 3.8963
6056.1982 3.8877
6057.5918 3.8755
6058.9854 3.8718
6060.3823 3.8751
6061.7764 3.8726
6063.1743 3.8695
6064.5693 3.8603
6065.9678 3.8553
6067.3633 3.8549
6068.7588 3.8543
6070.1582 3.8544
6071.5547 3.8623
6072.9551 3.8590
6074.3521 3.8468
6075.7529 3.8369
6077.1504 3.8346
6078.5483 3.8326
6079.9502 3.8186
6081.3491 3.8147
6082.7515 3.8211
6084.1504 3.8260
6085.5537 3.8230
6086.9536 3.8178
6088.3540 3.8179
6089.7578 3.8156
6091.1587 3.8128
6092.5635 3.8061
6093.9648 3.7957
6095.3701 3.7902
6096.7725 3.7895
6098.1782 3.7824
6099.5811 3.7748
6100.9844 3.7744
6102.3911 3.7758
6103.7949 3.7693
6105.2026 3.7753
6106.6069 3.7813
6108.0151 3.7757
6109.4204 3.7686
6110.8257 3.7671
6112.2349 3.7639
6113.6411 3.7584
6115.0508 3.7560
6116.4575 3.7505
6117.8682 3.7420
6119.2754 3.7329
6120.6831 3.7258
6122.0947 3.7321
6123.5029 3.7379
6124.9150 3.7318
6126.3242 3.7247
6127.7368 3.7240
6129.1465 3.7205
6130.5566 3.7109
6131.9702 3.6976
6133.3809 3.6902
6134.7954 3.6913
6136.2065 3.6794
6137.6216 3.6411
6139.0337 3.6496
6140.4458 3.6787
6141.8618 3.6825
6143.2749 3.6432
6144.6914 3.6007
6146.1050 3.6201
6147.5220 3.6694
6148.9365 3.6796
6150.3511 3.6606
6151.7690 3.6191
6153.1846 3.5765
6154.6035 3.5759
6156.0190 3.6160
6157.4390 3.6409
6158.8555 3.6503
6160.2720 3.6540
6161.6929 3.6543
6163.1104 3.6496
6164.5312 3.6458
6165.9497 3.6418
6167.3711 3.6376
6168.7900 3.6335
6170.2095 3.6249
6171.6323 3.6114
6173.0518 3.6177
6174.4756 3.6166
6175.8960 3.6118
6177.3198 3.6086
6178.7412 3.6083
6180.1626 3.6096
6181.5874 3.6064
6183.0098 3.6005
6184.4355 3.6067
6185.8579 3.6083
6187.2847 3.5990
6188.7080 3.5992
6190.1318 3.6028
6191.5591 3.6024
6192.9834 3.5986
6194.4116 3.5895
6195.8364 3.5789
6197.2651 3.5761
6198.6909 3.5745
6200.1172 3.5767
6201.5469 3.5778
6202.9731 3.5773
6204.4038 3.5758
6205.8311 3.5709
6207.2622 3.5627
6208.6899 3.5592
6210.1216 3.5544
6211.5503 3.5495
6212.9795 3.5475
6214.4121 3.5458
6215.8418 3.5375
6217.2749 3.5291
6218.7056 3.5234
6220.1392 3.5211
6221.5703 3.5222
6223.0015 3.5238
6224.4365 3.5163
6225.8687 3.5073
6227.3042 3.5007
6228.7368 3.4993
6230.1729 3.5042
6231.6064 3.5061
6233.0400 3.4757
6234.4771 3.4292
6235.9116 3.4268
6237.3496 3.4568
6238.7842 3.4778
6240.2231 3.4727
6241.6587 3.4480
6243.0942 3.3909
6244.5342 3.3830
6245.9707 3.4258
6247.4111 3.4644
6248.8481 3.4652
6250.2891 3.4698
6251.7271 3.4690
6253.1650 3.4657
6254.6069 3.4614
6256.0459 3.4559
6257.4888 3.4496
6258.9282 3.4429
6260.3716 3.4405
6261.8115 3.4410
6263.2520 3.4391
6264.6963 3.4312
6266.1377 3.4201
6267.5825 3.4167
6269.0244 3.4147
6270.4702 3.4123
6271.9126 3.3769
6273.3555 3.2837
6274.8022 3.1824
6276.2456 3.2119
6277.6929 3.2657
6279.1372 3.3096
6280.5850 3.3426
6282.0298 3.3685
6283.4751 3.3823
6284.9238 3.3637
6286.3696 3.3411
6287.8193 3.3244
6289.2661 3.3208
6290.7163 3.3242
6292.1636 3.3185
6293.6108 3.3177
6295.0620 3.3143
6296.5103 3.3227
6297.9624 3.3313
6299.4111 3.3284
6300.8638 3.3219
6302.3135 3.3150
6303.7632 3.3226
6305.2168 3.3259
6306.6675 3.3193
6308.1216 3.3186
6309.5728 3.3328
6311.0278 3.3147
6312.4795 3.2892
6313.9316 3.2722
6315.3877 3.2851
6316.8403 3.3183
6318.2974 3.3276
6319.7510 3.3148
6321.2080 3.3107
6322.6621 3.3152
6324.1201 3.3174
6325.5752 3.3117
6327.0303 3.3020
6328.4893 3.2955
6329.9453 3.3018
6331.4048 3.3032
6332.8613 3.2996
6334.3218 3.2977
6335.7788 3.2977
6337.2363 3.3018
6338.6978 3.3001
6340.1558 3.2855
6341.6182 3.2010
6343.0767 3.0969
6344.5396 3.1351
6345.9990 3.2442
6347.4590 3.2745
6348.9229 3.2637
6350.3833 3.2584
6351.8477 3.2644
6353.3091 3.2654
6354.7739 3.2604
6356.2358 3.2571
6357.6982 3.2559
6359.1641 3.2581
6360.6270 3.2578
6362.0938 3.2485
6363.5576 3.2488
6365.0249 3.2253
6366.4893 3.1425
6367.9536 3.1035
6369.4224 3.1631
6370.8877 3.2216
6372.3564 3.2259
6373.8228 3.2349
6375.2925 3.2446
6376.7588 3.2406
6378.2261 3.2195
6379.6968 3.1946
6381.1646 3.1925
6382.6357 3.1968
6384.1040 3.2005
6385.5762 3.2063
6387.0454 3.2099
6388.5146 3.2010
6389.9878 3.1931
6391.4580 3.1926
6392.9316 3.1934
6394.4023 3.1881
6395.8770 3.1805
6397.3481 3.1831
6398.8198 3.1920
6400.2954 3.1880
6401.7681 3.1757
6403.2441 3.1695
6404.7173 3.1730
6406.1943 3.1750
6407.6680 3.1728
6409.1421 3.1741
6410.6196 3.1657
6412.0947 3.1408
6413.5732 3.1216
6415.0488 3.1379
6416.5278 3.1471
6418.0039 3.1508
6419.4805 3.1530
6420.9609 3.1519
6422.4380 3.1482
6423.9189 3.1470
6425.3970 3.1450
6426.8784 3.1301
6428.3569 3.1036
6429.8359 3.0940
6431.3184 3.1096
6432.7979 3.1189
6434.2812 3.1124
6435.7617 3.1103
6437.2456 3.1105
6438.7266 3.1067
6440.2114 3.0992
6441.6929 3.0923
6443.1748 3.0862
6444.6606 3.0888
6446.1431 3.0907
6447.6294 3.0865
6449.1128 3.0698
6450.6001 3.0235
6452.0840 2.9416
6453.5684 2.9553
6455.0566 3.0192
6456.5415 3.0586
6458.0303 3.0571
6459.5161 3.0550
6461.0054 3.0585
6462.4917 3.0594
6463.9785 3.0546
6465.4692 3.0516
6466.9565 3.0510
6468.4478 3.0417
6469.9360 3.0270
6471.4277 3.0168
6472.9165 2.9981
6474.4058 2.9824
6475.8984 2.9868
6477.3882 3.0022
6478.8818 2.9958
6480.3726 2.9986
6481.8667 3.0057
6483.3579 3.0113
6484.8496 3.0130
6486.3447 3.0052
6487.8369 2.9847
6489.3330 2.9694
6490.8262 2.9465
6492.3228 2.9219
6493.8164 2.9243
6495.3101 2.9662
6496.8081 2.9766
6498.3027 2.9729
6499.8013 2.9630
6501.2964 2.9551
6502.7954 2.9517
6504.2915 2.9470
6505.7876 2.9464
6507.2881 2.9481
6508.7852 2.9480
6510.2861 2.9218
6511.7837 2.8739
6513.2852 2.8563
6514.7837 2.8853
6516.2822 2.9037
6517.7852 2.9049
6519.2842 2.8951
6520.7876 2.8847
6522.2876 2.8827
6523.7920 2.8730
6525.2925 2.8554
6526.7939 2.8365
6528.2988 2.8169
6529.8008 2.7965
6531.3062 2.7779
6532.8091 2.7604
6534.3154 2.7448
6535.8184 2.7200
6537.3223 2.6830
6538.8296 2.6360
6540.3340 2.5836
6541.8423 2.5381
6543.3472 2.4968
6544.8560 2.4456
6546.3613 2.3812
6547.8677 2.3022
6549.3774 2.2069
6550.8843 2.1150
6552.3945 2.0079
6553.9019 1.8731
6555.4136 1.7116
6556.9214 1.4803
6558.4336 1.2011
6559.9424 1.2615
6561.4512 1.5310
6562.9644 1.7621
6564.4741 1.9104
6565.9878 2.0288
6567.4985 2.1329
6569.0127 2.2205
6570.5239 2.2967
6572.0356 2.3672
6573.5513 2.4324
6575.0635 2.4883
6576.5796 2.5327
6578.0923 2.5761
6579.6094 2.6052
6581.1230 2.6285
6582.6372 2.6533
6584.1548 2.6798
6585.6694 2.7021
6587.1885 2.7144
6588.7036 2.7286
6590.2231 2.7412
6591.7393 2.7483
6593.2554 2.7534
6594.7759 2.7637
6596.2930 2.7720
6597.8140 2.7759
6599.3320 2.7774
6600.8535 2.7762
6602.3721 2.7742
6603.8911 2.7766
6605.4141 2.7803
6606.9336 2.7839
6608.4570 2.7845
6609.9771 2.7884
6611.5015 2.7950
6613.0225 2.7933
6614.5439 2.7930
6616.0693 2.7922
6617.5913 2.7870
6619.1172 2.7836
6620.6396 2.7851
6622.1665 2.7838
6623.6899 2.7777
6625.2139 2.7806
6626.7417 2.7879
6628.2661 2.7937
6629.7944 2.7958
6631.3198 2.7947
6632.8486 2.7918
6634.3745 2.7926
6635.9009 2.7917
6637.4312 2.7877
6638.9580 2.7825
6640.4888 2.7767
6642.0166 2.7701
6643.5483 2.7717
6645.0767 2.7821
6646.6055 2.7909
6648.1382 2.7886
6649.6675 2.7788
6651.2007 2.7736
6652.7310 2.7676
6654.2651 2.7664
6655.7959 2.7704
6657.3271 2.7727
6658.8623 2.7675
6660.3940 2.7650
6661.9297 2.7692
6663.4624 2.7675
6664.9990 2.7568
6666.5322 2.7456
6668.0659 2.7441
6669.6035 2.7485
6671.1377 2.7476
6672.6763 2.7410
6674.2114 2.7304
6675.7505 2.7239
6677.2861 2.7307
6678.8257 2.7336
6680.3623 2.7326
6681.8989 2.7379
6683.4399 2.7359
6684.9775 2.7263
6686.5190 2.7347
6688.0571 2.7388
6689.5996 2.7325
6691.1382 2.7273
6692.6777 2.7180
6694.2212 2.7065
6695.7607 2.7114
6697.3052 2.7179
6698.8457 2.7231
6700.3906 2.7274
6701.9316 2.7260
6703.4736 2.7210
6705.0195 2.7225
6706.5620 2.7217
6708.1084 2.7213
6709.6519 2.7145
6711.1987 2.7026
6712.7427 2.6947
6714.2871 2.6959
6715.8354 2.6909
6717.3804 2.6852
6718.9292 2.6740
6720.4751 2.6682
6722.0249 2.6794
6723.5713 2.6971
6725.1177 2.6954
6726.6685 2.6930
6728.2163 2.6862
6729.7676 2.6756
6731.3159 2.6673
6732.8682 2.6658
6734.4170 2.6703
6735.9663 2.6730
6737.5195 2.6693
6739.0693 2.6599
6740.6235 2.6510
6742.1743 2.6497
6743.7290 2.6476
6745.2803 2.6467
6746.8320 2.6510
6748.3877 2.6542
6749.9404 2.6499
6751.4966 2.6401
6753.0498 2.6295
6754.6069 2.6299
6756.1611 2.6328
6757.7153 2.6351
6759.2734 2.6360
6760.8286 2.6322
6762.3877 2.6306
6763.9434 2.6321
6765.5029 2.6324
6767.0596 2.6306
6768.6162 2.6276
6770.1772 2.6236
6771.7344 2.6196
6773.2959 2.6191
6774.8540 2.6188
6776.4165 2.6168
6777.9756 2.6136
6779.5347 2.6101
6781.0981 2.6065
6782.6582 2.6056
6784.2222 2.6053
6785.7827 2.6047
6787.3477 2.6038
6788.9092 2.6023
6790.4707 2.6001
6792.0366 2.5985
6793.5991 2.5965
6795.1655 2.5941
6796.7290 2.5929
6798.2964 2.5932
6799.8604 2.5914
6801.4282 2.5895
6802.9927 2.5879
6804.5581 2.5857
6806.1270 2.5826
6807.6929 2.5801
6809.2627 2.5776
6810.8291 2.5751
6812.3994 2.5736
6813.9668 2.5717
6815.5342 2.5688
6817.1060 2.5668
6818.6743 2.5656
6820.2466 2.5648
6821.8154 2.5576
6823.3887 2.5432
6824.9585 2.5366
6826.5283 2.5525
6828.1025 2.5560
6829.6733 2.5560
6831.2485 2.5544
6832.8198 2.5521
6834.3955 2.5501
6835.9678 2.5483
6837.5405 2.5460
6839.1172 2.5445
6840.6904 2.5430
6842.2681 2.5423
6843.8418 2.5425
6845.4199 2.5415
6846.9946 2.5400
6848.5698 2.5380
6850.1494 2.5339
6851.7251 2.5288
6853.3052 2.5258
6854.8818 2.5262
6856.4624 2.5249
6858.0396 2.5227
6859.6177 2.5234
6861.1992 2.5245
6862.7778 2.5231
6864.3604 2.5206
6865.9395 2.5145
6867.5225 2.5129
6869.1025 2.5145
6870.6826 2.5151
6872.2671 2.5136
6873.8481 2.5122
6875.4331 2.5101
6877.0146 2.5072
6878.6006 2.5049
6880.1831 2.5036
6881.7656 2.5023
6883.3525 2.5000
6884.9360 2.4995
6886.5239 2.4985
6888.1079 2.4969
6889.6963 2.4954
6891.2812 2.4939
6892.8667 2.4922
6894.4561 2.4903
6896.0425 2.4881
6897.6323 2.4865
6899.2192 2.4830
6900.8105 2.4769
6902.3979 2.4731
6903.9858 2.4750
6905.5776 2.4752
6907.1665 2.4735
6908.7593 2.4714
6910.3486 2.4697
6911.9419 2.4684
6913.5322 2.4669
6915.1226 2.4640
6916.7173 2.4573
6918.3081 2.4537
6919.9038 2.4568
6921.4956 2.4578
6923.0918 2.4525
6924.6846 2.4509
6926.2812 2.4511
6927.8745 2.4506
6929.4683 2.4500
6931.0664 2.4499
6932.6606 2.4482
6934.2593 2.4457
6935.8545 2.4435
6937.4541 2.4426
6939.0498 2.4421
6940.6460 2.4396
6942.2466 2.4382
6943.8438 2.4380
6945.4448 2.4378
6947.0430 2.4354
6948.6445 2.4316
6950.2432 2.4303
6951.8423 2.4299
6953.4453 2.4281
6955.0449 2.4256
6956.6489 2.4222
6958.2490 2.4182
6959.8535 2.4161
6961.4546 2.4168
6963.0562 2.4165
6964.6621 2.4120
6966.2642 2.4066
6967.8706 2.4062
6969.4736 2.4100
6971.0806 2.4048
6972.6841 2.3963
6974.2886 2.3926
6975.8965 2.3910
6977.5015 2.3910
6979.1104 2.3990
6980.7158 2.4033
6982.3257 2.4079
6983.9321 2.4074
6985.5386 2.4035
6987.1494 2.4002
6988.7568 2.3968
6990.3687 2.3935
6991.9766 2.3895
6993.5889 2.3892
6995.1978 2.3882
6996.8071 2.3798
6998.4204 2.3703
7000.0303 2.3828
7001.6445 2.3902
7003.2554 2.3886
7004.8701 2.3837
7006.4819 2.3810
7008.0938 2.3794
7009.7095 2.3694
7011.3223 2.3738
7012.9390 2.3821
7014.5522 2.3833
7016.1699 2.3789
7017.7837 2.3780
7019.3984 2.3800
7021.0171 2.3802
7022.6323 2.3832
7024.2515 2.3836
7025.8677 2.3805
7027.4878 2.3836
7029.1045 2.3782
7030.7212 2.3704
7032.3428 2.3661
7033.9604 2.3661
7035.5825 2.3610
7037.2007 2.3424
7038.8237 2.3417
7040.4429 2.3537
7042.0664 2.3564
7043.6865 2.3530
7045.3066 2.3519
7046.9316 2.3488
7048.5527 2.3535
7050.1782 2.3488
7051.7998 2.3394
7053.4263 2.3311
7055.0488 2.3241
7056.6719 2.3172
7058.2988 2.3100
7059.9229 2.2984
7061.5508 2.2985
7063.1753 2.3116
7064.8037 2.3219
7066.4292 2.3146
7068.0547 2.3057
7069.6846 2.3065
7071.3110 2.3022
7072.9419 2.2880
7074.5688 2.2795
7076.2002 2.2947
7077.8281 2.3069
7079.4561 2.3131
7081.0889 2.3099
7082.7178 2.2949
7084.3511 2.2808
7085.9810 2.2874
7087.6147 2.2882
7089.2451 2.2856
7090.8760 2.2872
7092.5112 2.2863
7094.1431 2.2780
7095.7788 2.2742
7097.4111 2.2807
7099.0479 2.2831
7100.6812 2.2792
7102.3145 2.2755
7103.9521 2.2732
7105.5864 2.2636
7107.2251 2.2496
7108.8599 2.2397
7110.4995 2.2350
7112.1353 2.2346
7113.7715 2.2385
7115.4116 2.2459
7117.0483 2.2504
7118.6899 2.2546
7120.3271 2.2580
7121.9692 2.2570
7123.6079 2.2518
7125.2466 2.2483
7126.8896 2.2449
7128.5293 2.2432
7130.1729 2.2416
7131.8130 2.2397
7133.4580 2.2382
7135.0986 2.2367
7136.7402 2.2340
7138.3857 2.2291
7140.0283 2.2288
7141.6748 2.2271
7143.3174 2.2197
7144.9648 2.2181
7146.6084 2.2226
7148.2524 2.2228
7149.9009 2.2174
7151.5459 2.2062
7153.1948 2.1990
7154.8403 2.2092
7156.4902 2.2094
7158.1367 2.2056
7159.7832 2.1983
7161.4346 2.1942
7163.0820 2.1977
7164.7339 2.2008
7166.3818 2.1999
7168.0347 2.1979
7169.6836 2.1951
7171.3369 2.1916
7172.9863 2.1887
7174.6367 2.1871
7176.2910 2.1823
7177.9419 2.1802
7179.5972 2.1804
7181.2490 2.1755
7182.9048 2.1671
7184.5571 2.1700
7186.2100 2.1771
7187.8672 2.1774
7189.5210 2.1778
7191.1787 2.1809
7192.8330 2.1833
7194.4917 2.1820
7196.1465 2.1783
7197.8022 2.1735
7199.4619 2.1738
7201.1182 2.1727
7202.7788 2.1660
7204.4355 2.1650
7206.0972 2.1687
7207.7549 2.1674
7209.4131 2.1624
7211.0757 2.1596
7212.7344 2.1606
7214.3975 2.1599
7216.0571 2.1560
7217.7212 2.1475
7219.3818 2.1410
7221.0425 2.1422
7222.7075 2.1485
7224.3691 2.1496
7226.0352 2.1490
7227.6973 2.1481
7229.3643 2.1458
7231.0273 2.1430
7232.6909 2.1405
7234.3584 2.1357
7236.0229 2.1268
7237.6914 2.1270
7239.3564 2.1284
7241.0259 2.1288
7242.6919 2.1303
7244.3579 2.1294
7246.0283 2.1242
7247.6953 2.1201
7249.3667 2.1117
7251.0342 2.1093
7252.7065 2.1180
7254.3750 2.1200
7256.0439 2.1169
7257.7168 2.1141
7259.3867 2.1121
7261.0605 2.1109
7262.7310 2.1106
7264.4058 2.1104
7266.0771 2.1085
7267.7485 2.1061
7269.4243 2.1023
7271.0967 2.0989
7272.7734 2.0978
7274.4463 2.0972
7276.1240 2.0952
7277.7979 2.0927
7279.4722 2.0898
7281.1509 2.0875
7282.8257 2.0806
7284.5054 2.0648
7286.1812 2.0704
7287.8613 2.0779
7289.5376 2.0799
7291.2148 2.0789
7292.8960 2.0776
7294.5737 2.0748
7296.2559 2.0715
7297.9341 2.0697
7299.6172 2.0698
7301.2964 2.0660
7302.9800 2.0563
7304.6602 2.0494
7306.3408 2.0512
7308.0254 2.0548
7309.7065 2.0559
7311.3921 2.0549
7313.0742 2.0522
7314.7607 2.0465
7316.4434 2.0402
7318.1265 2.0432
7319.8140 2.0435
7321.4980 2.0397
7323.1860 2.0384
7324.8711 2.0399
7326.5601 2.0376
7328.2456 2.0376
7329.9312 2.0371
7331.6216 2.0363
7333.3081 2.0359
7334.9995 2.0341
7336.6865 2.0331
7338.3784 2.0323
7340.0669 2.0313
7341.7554 2.0298
7343.4482 2.0283
7345.1377 2.0272
7346.8315 2.0253
7348.5215 2.0230
7350.2163 2.0207
7351.9067 2.0208
7353.5981 2.0225
7355.2939 2.0217
7356.9858 2.0201
7358.6826 2.0186
7360.3755 2.0180
7362.0728 2.0185
7363.7661 2.0186
7365.4604 2.0153
7367.1587 2.0132
7368.8535 2.0120
7370.5527 2.0099
7372.2485 2.0084
7373.9487 2.0089
7375.6450 2.0091
7377.3418 2.0070
7379.0430 2.0035
7380.7402 2.0003
7382.4424 1.9971
7384.1406 1.9960
7385.8433 2.0001
7387.5425 1.9977
7389.2422 1.9914
7390.9458 1.9873
7392.6465 1.9871
7394.3511 1.9883
7396.0522 1.9876
7397.7573 1.9861
7399.4595 1.9826
7401.1616 1.9790
7402.8682 1.9742
7404.5713 1.9661
7406.2788 1.9597
7407.9824 1.9693
7409.6909 1.9620
7411.3955 1.9563
7413.1006 1.9608
7414.8101 1.9647
7416.5156 1.9581
7418.2261 1.9534
7419.9326 1.9514
7421.6436 1.9582
7423.3506 1.9679
7425.0586 1.9701
7426.7705 1.9659
7428.4795 1.9651
7430.1924 1.9677
7431.9014 1.9669
7433.6152 1.9662
7435.3257 1.9665
7437.0400 1.9573
7438.7510 1.9507
7440.4624 1.9478
7442.1777 1.9509
7443.8901 1.9502
7445.6064 1.9438
7447.3193 1.9493
7449.0366 1.9558
7450.7505 1.9595
7452.4644 1.9604
7454.1831 1.9595
7455.8979 1.9498
7457.6172 1.9267
7459.3325 1.9369
7461.0527 1.9537
7462.7690 1.9509
7464.4858 1.9429
7466.2070 1.9472
7467.9248 1.9500
7469.6470 1.9549
7471.3652 1.9553
7473.0884 1.9505
7474.8076 1.9444
7476.5269 1.9412
7478.2510 1.9414
7479.9712 1.9408
7481.6963 1.9403
7483.4175 1.9374
7485.1431 1.9332
7486.8652 1.9303
7488.5874 1.9279
7490.3145 1.9212
7492.0371 1.9225
7493.7651 1.9277
7495.4888 1.9302
7497.2173 1.9289
7498.9419 1.9262
7500.6670 1.9215
7502.3970 1.9205
7504.1226 1.9180
7505.8530 1.9107
7507.5801 1.9022
7509.3110 1.8985
7511.0386 1.8948
7512.7666 1.9028
7514.4990 1.9103
7516.2275 1.9083
7517.9609 1.9003
7519.6904 1.8962
7521.4243 1.9010
7523.1548 1.9049
7524.8853 1.9058
7526.6206 1.9017
7528.3521 1.8955
7530.0884 1.8960
7531.8203 1.8983
7533.5571 1.8982
7535.2905 1.8976
7537.0239 1.8966
7538.7617 1.8953
7540.4961 1.8958
7542.2349 1.8945
7543.9702 1.8936
7545.7095 1.8930
7547.4453 1.8925
7549.1816 1.8908
7550.9229 1.8878
7552.6597 1.8878
7554.4014 1.8867
7556.1392 1.8848
7557.8818 1.8831
7559.6201 1.8815
7561.3594 1.8799
7563.1030 1.8793
7564.8428 1.8780
7566.5874 1.8772
7568.3281 1.8756
7570.0732 1.8722
7571.8149 1.8706
7573.5610 1.8711
7575.3032 1.8698
7577.0459 1.8685
7578.7930 1.8676
7580.5366 1.8661
7582.2847 1.8653
7584.0288 1.8654
7585.7778 1.8651
7587.5229 1.8645
7589.2686 1.8636
7591.0186 1.8626
7592.7646 1.8616
7594.5156 1.8606
7596.2627 1.8588
7598.0142 1.8573
7599.7622 1.8566
7601.5107 1.8562
7603.2637 1.8552
7605.0127 1.8540
7606.7661 1.8524
7608.5161 1.8508
7610.2710 1.8479
7612.0215 1.8439
7613.7725 1.8424
7615.5283 1.8407
7617.2803 1.8406
7619.0366 1.8422
7620.7896 1.8428
7622.5469 1.8413
7624.3003 1.8402
7626.0542 1.8389
7627.8130 1.8377
7629.5679 1.8354
7631.3271 1.8338
7633.0825 1.8335
7634.8428 1.8317
7636.5991 1.8306
7638.3560 1.8303
7640.1172 1.8293
7641.8750 1.8280
7643.6372 1.8271
7645.3955 1.8264
7647.1587 1.8250
7648.9180 1.8216
7650.6772 1.8162
7652.4419 1.8108
7654.2021 1.8077
7655.9673 1.8064
7657.7285 1.8036
7659.4941 1.8027
7661.2563 1.8066
7663.0186 1.8113
7664.7856 1.8118
7666.5493 1.8106
7668.3169 1.8092
7670.0811 1.8073
7671.8496 1.8073
7673.6147 1.8059
7675.3799 1.8018
7677.1499 1.8024
7678.9160 1.8011
7680.6870 1.7966
7682.4536 1.7965
7684.2251 1.7973
7685.9932 1.7942
7687.7612 1.7940
7689.5342 1.7955
7691.3027 1.7942
7693.0767 1.7908
7694.8462 1.7896
7696.6206 1.7916
7698.3911 1.7918
7700.1621 1.7896
7701.9380 1.7888
7703.7100 1.7883
7705.4863 1.7754
7707.2588 1.7579
7709.0361 1.7731
7710.8096 1.7852
7712.5879 1.7878
7714.3618 1.7888
7716.1367 1.7897
7717.9160 1.7879
7719.6914 1.7861
7721.4717 1.7849
7723.2480 1.7837
7725.0288 1.7820
7726.8062 1.7798
7728.5835 1.7783
7730.3657 1.7794
7732.1440 1.7791
7733.9272 1.7775
7735.7065 1.7752
7737.4902 1.7731
7739.2700 1.7726
7741.0508 1.7739
7742.8354 1.7719
7744.6167 1.7694
7746.4028 1.7695
7748.1851 1.7697
7749.9717 1.7669
7751.7544 1.7638
7753.5376 1.7632
7755.3257 1.7638
7757.1099 1.7618
7758.8984 1.7577
7760.6836 1.7556
7762.4731 1.7579
7764.2588 1.7521
7766.0449 1.6811
7767.8359 1.5879
7769.6226 1.5461
7771.4146 1.6038
7773.2021 1.7250
7774.9946 1.7497
7776.7832 1.7514
7778.5723 1.7482
7780.3662 1.7426
7782.1558 1.7405
7783.9507 1.7416
7785.7412 1.7436
7787.5366 1.7427
7789.3281 1.7358
7791.1201 1.7328
7792.9165 1.7385
7794.7095 1.7387
7796.5068 1.7417
7798.3003 1.7479
7800.0986 1.7494
7801.8931 1.7452
7803.6880 1.7405
7805.4873 1.7383
7807.2832 1.7332
7809.0835 1.7266
7810.8799 1.7157
7812.6812 1.7079
7814.4785 1.7113
7816.2759 1.7183
7818.0786 1.7142
7819.8770 1.7194
7821.6802 1.7248
7823.4795 1.7248
7825.2837 1.7220
7827.0840 1.7174
7828.8843 1.7170
7830.6899 1.7127
7832.4912 1.7099
7834.2974 1.7079
7836.0996 1.7024
7837.9067 1.6954
7839.7100 1.6881
7841.5132 1.6881
7843.3213 1.6888
7845.1260 1.6896
7846.9351 1.6928
7848.7402 1.6943
7850.5498 1.6948
7852.3560 1.6952
7854.1665 1.6924
7855.9736 1.6828
7857.7808 1.6678
7859.5928 1.6552
7861.4009 1.6474
7863.2139 1.6537
7865.0225 1.6523
7866.8364 1.6539
7868.6460 1.6602
7870.4561 1.6272
7872.2710 1.6037
7874.0820 1.6327
7875.8979 1.6540
7877.7100 1.6567
7879.5264 1.6600
7881.3389 1.6488
7883.1519 1.6500
7884.9697 1.6410
7886.7837 1.6322
7888.6025 1.6004
7890.4175 1.5454
7892.2368 1.5504
7894.0522 1.6241
7895.8687 1.6232
7897.6890 1.6195
7899.5059 1.6493
7901.3276 1.6658
7903.1455 1.6358
7904.9678 1.6296
7906.7861 1.6500
7908.6055 1.6545
7910.4292 1.6374
7912.2485 1.6227
7914.0732 1.6192
7915.8940 1.6116
7917.7192 1.6163
7919.5405 1.6216
7921.3628 1.6207
7923.1895 1.6156
7925.0122 1.6127
7926.8394 1.6377
7928.6631 1.6495
7930.4912 1.6491
7932.3159 1.6456
7934.1406 1.6417
7935.9702 1.6376
7937.7959 1.6324
7939.6265 1.6327
7941.4526 1.6300
7943.2842 1.6286
7945.1113 1.6333
7946.9390 1.6335
7948.7720 1.6449
7950.6006 1.6491
7952.4336 1.6266
7954.2632 1.5941
7956.0977 1.5735
7957.9277 1.5614
7959.7583 1.5911
7961.5938 1.6098
7963.4253 1.6107
7965.2617 1.6111
7967.0942 1.6201
7968.9316 1.6264
7970.7646 1.6305
7972.5981 1.6332
7974.4370 1.6284
7976.2715 1.6244
7978.1108 1.6231
7979.9458 1.6080
7981.7861 1.6163
7983.6226 1.6289
7985.4590 1.6252
7987.3003 1.6148
7989.1377 1.6135
7990.9800 1.6087
7992.8184 1.5858
7994.6616 1.5735
7996.5005 1.5906
7998.3447 1.6163
8000.1846 1.6116
8002.0249 1.5770
8003.8706 1.5971
8005.7114 1.6079
8007.5576 1.5880
8009.3999 1.5803
8011.2471 1.6059
8013.0898 1.6069
8014.9331 1.6026
8016.7812 1.5835
8018.6255 1.5725
8020.4746 1.5775
8022.3198 1.5862
8024.1699 1.5907
8026.0156 1.6095
8027.8623 1.6013
8029.7134 1.5873
8031.5605 1.5870
8033.4126 1.5947
8035.2607 1.5939
8037.1138 1.5858
8038.9624 1.5787
8040.8120 1.5821
8042.6660 1.5948
8044.5161 1.6042
8046.3711 1.5975
8048.2222 1.5850
8050.0781 1.5808
8051.9302 1.5784
8053.7827 1.5740
8055.6396 1.5697
8057.4927 1.5677
8059.3511 1.5701
8061.2051 1.5765
8063.0640 1.5762
8064.9189 1.5713
8066.7739 1.5706
8068.6343 1.5715
8070.4902 1.5661
8072.3516 1.5602
8074.2085 1.5562
8076.0703 1.5542
8077.9282 1.5501
8079.7866 1.5402
8081.6499 1.5439
8083.5088 1.5459
8085.3730 1.5436
8087.2329 1.5379
8089.0981 1.5318
8090.9590 1.5309
8092.8203 1.5298
8094.6865 1.5291
8096.5483 1.5284
8098.4155 1.5272
8100.2788 1.5262
8102.1465 1.5248
8104.0103 1.5230
8105.8745 1.5214
8107.7441 1.5195
8109.6089 1.5168
8111.4790 1.5145
8113.3452 1.5153
8115.2163 1.5143
8117.0830 1.5134
8118.9502 1.5126
8120.8228 1.5113
8122.6909 1.5099
8124.5640 1.5088
8126.4326 1.5066
8128.3066 1.5043
8130.1768 1.5037
8132.0513 1.5036
8133.9224 1.5021
8135.7935 1.5005
8137.6694 1.4992
8139.5415 1.4981
8141.4185 1.4972
8143.2915 1.4959
8145.1694 1.4943
8147.0430 1.4930
8148.9175 1.4919
8150.7964 1.4901
8152.6714 1.4883
8154.5513 1.4872
8156.4272 1.4864
8158.3081 1.4851
8160.1851 1.4833
8162.0625 1.4819
8163.9443 1.4816
8165.8228 1.4812
8167.7056 1.4798
8169.5845 1.4790
8171.4683 1.4784
8173.3481 1.4768
8175.2285 1.4751
8177.1138 1.4642
8178.9951 1.4476
8180.8809 1.4533
8182.7632 1.4550
8184.6499 1.4617
8186.5327 1.4670
8188.4160 1.4568
8190.3042 1.4408
8192.1885 1.4557
8194.0771 1.4569
8195.9629 1.4316
8197.8525 1.4309
8199.7383 1.4521
8201.6250 1.4586
8203.5156 1.4536
8205.4033 1.4479
8207.2959 1.4407
8209.1836 1.4251
8211.0762 1.4164
8212.9658 1.4267
8214.8545 1.4313
8216.7490 1.4170
8218.6396 1.4218
8220.5342 1.4360
8222.4258 1.4368
8224.3223 1.4239
8226.2139 1.4230
8228.1064 1.4122
8230.0039 1.4035
8231.8965 1.4159
8233.7949 1.4304
8235.6895 1.4227
8237.5889 1.4126
8239.4834 1.4193
8241.3789 1.4147
8243.2793 1.3891
8245.1758 1.3838
8247.0771 1.4127
8248.9746 1.4025
8250.8770 1.4015
8252.7744 1.4067
8254.6729 1.4086
8256.5771 1.4054
8258.4766 1.4003
8260.3809 1.3965
8262.2812 1.3966
8264.1865 1.3966
8266.0869 1.3972
8267.9893 1.3979
8269.8955 1.3970
8271.7979 1.3958
8273.7051 1.3959
8275.6084 1.3943
8277.5166 1.3923
8279.4209 1.3897
8281.3301 1.3840
8283.2354 1.3763
8285.1416 1.3802
8287.0518 1.3854
8288.9580 1.3897
8290.8691 1.3907
8292.7773 1.3871
8294.6895 1.3852
8296.5977 1.3855
8298.5059 1.3864
8300.4199 1.3855
8302.3291 1.3842
8304.2432 1.3842
8306.1543 1.3820
8308.0693 1.3756
8309.9805 1.3765
8311.8926 1.3779
8313.8086 1.3782
8315.7217 1.3798
8317.6396 1.3769
8319.5527 1.3718
8321.4707 1.3712
8323.3857 1.3752
8325.2998 1.3795
8327.2197 1.3760
8329.1357 1.3617
8331.0566 1.3623
8332.9727 1.3770
8334.8945 1.3817
8336.8115 1.3752
8338.7295 1.3716
8340.6523 1.3715
8342.5713 1.3758
8344.4951 1.3766
8346.4150 1.3741
8348.3398 1.3722
8350.2598 1.3705
8352.1807 1.3636
8354.1074 1.3651
8356.0293 1.3703
8357.9561 1.3706
8359.8789 1.3686
8361.8066 1.3693
8363.7295 1.3672
8365.6543 1.3665
8367.5830 1.3607
8369.5078 1.3543
8371.4375 1.3524
8373.3643 1.3554
8375.2949 1.3603
8377.2217 1.3616
8379.1484 1.3620
8381.0811 1.3588
8383.0088 1.3577
8384.9424 1.3602
8386.8711 1.3528
8388.8047 1.3556
8390.7344 1.3608
8392.6650 1.3675
8394.6006 1.3742
8396.5312 1.3759
8398.4678 1.3699
8400.3994 1.3635
8402.3369 1.3472
8404.2695 1.3354
8406.2031 1.3357
8408.1416 1.3403
8410.0762 1.3394
8412.0156 1.3471
8413.9502 1.3565
8415.8906 1.3643
8417.8271 1.3684
8419.7637 1.3675
8421.7051 1.3655
8423.6426 1.3644
8425.5850 1.3602
8427.5234 1.3534
8429.4668 1.3400
8431.4053 1.3243
8433.3496 1.3283
8435.2900 1.3347
8437.2305 1.3491
8439.1758 1.2987
8441.1172 1.2242
8443.0645 1.2402
8445.0059 1.3439
8446.9541 1.3518
8448.8965 1.3537
8450.8408 1.3550
8452.7891 1.3467
8454.7344 1.3352
8456.6836 1.3162
8458.6289 1.2950
8460.5791 1.2779
8462.5254 1.2692
8464.4727 1.2766
8466.4248 1.3015
8468.3721 1.3263
8470.3252 1.3428
8472.2734 1.3522
8474.2275 1.3586
8476.1768 1.3654
8478.1270 1.3710
8480.0820 1.3673
8482.0322 1.3567
8483.9883 1.3460
8485.9404 1.3336
8487.8975 1.3244
8489.8496 1.3018
8491.8027 1.2246
8493.7607 1.1876
8495.7148 1.2067
8497.6738 1.2261
8499.6289 1.2378
8501.5889 1.2629
8503.5449 1.2818
8505.5010 1.2978
8507.4619 1.3110
8509.4199 1.3255
8511.3818 1.3372
8513.3398 1.3410
8515.3027 1.3434
8517.2617 1.3458
8519.2217 1.3438
8521.1855 1.3417
8523.1465 1.3383
8525.1113 1.3287
8527.0723 1.3165
8529.0391 1.3065
8531.0010 1.2828
8532.9639 1.2586
8534.9316 1.1800
8536.8945 1.0541
8538.8633 1.0654
8540.8281 1.1136
8542.7969 1.1478
8544.7627 1.1798
8546.7285 1.2145
8548.6992 1.2432
8550.6660 1.2672
8552.6377 1.2873
8554.6045 1.3077
8556.5771 1.3250
8558.5459 1.3367
8560.5146 1.3426
8562.4893 1.3442
8564.4590 1.3511
8566.4336 1.3523
8568.4043 1.3450
8570.3799 1.3366
8572.3516 1.3294
8574.3242 1.3117
8576.3008 1.2914
8578.2744 1.2681
8580.2520 1.2420
8582.2256 1.2196
8584.2051 1.2000
8586.1797 1.1641
8588.1602 1.1199
8590.1357 1.0747
8592.1113 1.0341
8594.0928 1.0244
8596.0703 1.0618
8598.0527 1.1118
8600.0303 1.1564
8602.0137 1.1942
8603.9922 1.2245
8605.9717 1.2487
8607.9561 1.2686
8609.9365 1.2845
8611.9219 1.2962
8613.9033 1.3042
8615.8896 1.3123
8617.8711 1.3209
8619.8535 1.3278
8621.8418 1.3319
8623.8252 1.3294
8625.8135 1.3286
8627.7979 1.3304
8629.7881 1.3321
8631.7725 1.3292
8633.7588 1.3180
8635.7500 1.3066
8637.7363 1.2972
8639.7285 1.2826
8641.7158 1.2615
8643.7080 1.2386
8645.6973 1.2140
8647.6855 1.1820
8649.6797 1.1452
8651.6699 1.1146
8653.6650 1.0665
8655.6553 0.9725
8657.6514 0.8762
8659.6436 0.8892
8661.6357 0.9314
8663.6328 0.9817
8665.6260 1.0376
8667.6240 1.0883
8669.6182 1.1293
8671.6172 1.1598
8673.6123 1.1687
8675.6074 1.1820
8677.6084 1.2143
8679.6045 1.2495
8681.6055 1.2612
8683.6025 1.2773
8685.6055 1.2972
8687.6035 1.3024
8689.6025 1.3036
8691.6055 1.3204
8693.6055 1.3366
8695.6104 1.3416
8697.6104 1.3372
8699.6162 1.3399
8701.6172 1.3466
8703.6191 1.3406
8705.6260 1.3248
8707.6289 1.3240
8709.6367 1.3260
8711.6406 1.3208
8713.6494 1.3117
8715.6543 1.3063
8717.6592 1.3027
8719.6699 1.2901
8721.6758 1.2716
8723.6865 1.2514
8725.6934 1.2342
8727.7061 1.2167
8729.7129 1.1857
8731.7217 1.1600
8733.7354 1.1285
8735.7441 1.0858
8737.7588 1.0372
8739.7686 0.9871
8741.7842 0.9263
8743.7949 0.8547
8745.8115 0.8285
8747.8232 0.8683
8749.8359 0.9399
8751.8535 0.9987
8753.8672 1.0471
8755.8857 1.0863
8757.9004 1.1214
8759.9199 1.1547
8761.9346 1.1828
8763.9502 1.2039
8765.9717 1.2244
8767.9883 1.2417
8770.0098 1.2607
8772.0273 1.2777
8774.0498 1.2920
8776.0684 1.3048
8778.0879 1.3119
8780.1113 1.3164
8782.1318 1.3264
8784.1562 1.3325
8786.1777 1.3297
8788.2031 1.3245
8790.2256 1.3268
8792.2471 1.3308
8794.2754 1.3357
8796.2979 1.3392
8798.3262 1.3322
8800.3506 1.3120
8802.3799 1.3011
8804.4053 1.3191
8806.4307 1.3271
8808.4609 1.3269
8810.4873 1.3239
8812.5195 1.3150
8814.5459 1.3037
8816.5791 1.2976
8818.6074 1.2927
8820.6357 1.2888
8822.6699 1.2831
8824.6992 1.2750
8826.7344 1.2711
8828.7646 1.2600
8830.8008 1.2426
8832.8330 1.2233
8834.8643 1.2045
8836.9014 1.1860
8838.9346 1.1651
8840.9727 1.1359
8843.0068 1.1021
8845.0459 1.0666
8847.0811 1.0289
8849.1162 0.9852
8851.1562 0.9313
8853.1924 0.8683
8855.2344 0.7953
8857.2715 0.7442
8859.3145 0.7582
8861.3516 0.8358
8863.3906 0.8992
8865.4346 0.9545
8867.4736 0.9976
8869.5186 1.0352
8871.5596 1.0696
8873.6045 1.0979
8875.6465 1.1212
8877.6885 1.1398
8879.7354 1.1591
8881.7783 1.1776
8883.8262 1.1925
8885.8701 1.2035
8887.9189 1.2134
8889.9639 1.2236
8892.0088 1.2317
8894.0596 1.2383
8896.1055 1.2449
8898.1562 1.2511
8900.2041 1.2550
8902.2559 1.2613
8904.3037 1.2505
8906.3574 1.2222
8908.4062 1.2248
8910.4561 1.2722
8912.5107 1.2691
8914.5605 1.2714
8916.6162 1.2742
8918.6680 1.2680
8920.7246 1.2376
8922.7764 1.2090
8924.8291 1.2617
8926.8867 1.2742
8928.9404 1.2741
8931.0000 1.2737
8933.0547 1.2726
8935.1143 1.2718
8937.1699 1.2702
8939.2256 1.2664
8941.2871 1.2645
8943.3438 1.2634
8945.4062 1.2623
8947.4639 1.2612
8949.5273 1.2586
8951.5859 1.2561
8953.6455 1.2526
8955.7100 1.2496
8957.7705 1.2445
8959.8359 1.2358
8961.8975 1.2316
8963.9639 1.2294
8966.0264 1.2243
8968.0889 1.2180
8970.1572 1.2092
8972.2207 1.1976
8974.2891 1.1913
8976.3535 1.1839
8978.4238 1.1736
8980.4893 1.1613
8982.5557 1.1471
8984.6270 1.1308
8986.6934 1.1136
8988.7656 1.0946
8990.8340 1.0724
8992.9072 1.0460
8994.9756 1.0169
8997.0449 0.9860
8999.1201 0.9490
9001.1904 0.9058
9003.2656 0.8538
9005.3369 0.7943
9007.4131 0.7209
9009.4854 0.6611
9011.5586 0.6986
9013.6357 0.7705
9015.7100 0.8322
9017.7891 0.8823
9019.8633 0.9251
9021.9434 0.9602
9024.0186 0.9902
9026.0947 1.0187
9028.1758 1.0420
9030.2529 1.0607
9032.3350 1.0779
9034.4131 1.0954
9036.4971 1.1100
9038.5752 1.1192
9040.6543 1.1270
9042.7393 1.1357
9044.8193 1.1447
9046.9053 1.1533
9048.9863 1.1623
9051.0732 1.1682
9053.1553 1.1631
9055.2383 1.0945
9057.3262 1.0604
9059.4102 1.1519
9061.4990 1.1840
9063.5840 1.1867
9065.6738 1.1844
9067.7588 1.1899
9069.8506 1.1788
9071.9365 1.1401
9074.0234 1.1416
9076.1162 1.1808
9078.2041 1.1964
9080.2979 1.1806
9082.3867 1.1462
9084.4805 1.1332
9086.5703 1.1844
9088.6611 1.1100
9090.7568 1.1257
9092.8486 1.1778
9094.9453 1.1911
9097.0371 1.1841
9099.1348 1.1869
9101.2285 1.1874
9103.3223 1.1807
9105.4209 1.1376
9107.5156 1.1198
9109.6162 1.1759
9111.7119 1.1783
9113.8125 1.1798
9115.9092 1.1726
9118.0068 1.1672
9120.1094 1.1689
9122.2070 1.1715
9124.3105 1.1722
9126.4102 1.1643
9128.5146 1.1659
9130.6143 1.1694
9132.7148 1.1684
9134.8213 1.1662
9136.9219 1.1647
9139.0293 1.1629
9141.1318 1.1603
9143.2393 1.1583
9145.3428 1.1570
9147.4473 1.1548
9149.5566 1.1503
9151.6611 1.1485
9153.7715 1.1472
9155.8770 1.1452
9157.9883 1.1423
9160.0957 1.1392
9162.2031 1.1366
9164.3154 1.1326
9166.4238 1.1289
9168.5371 1.1196
9170.6465 1.1067
9172.7617 1.1008
9174.8711 1.1037
9176.9824 1.0952
9179.0986 1.0926
9181.2100 1.0855
9183.3271 1.0776
9185.4395 1.0788
9187.5576 1.0694
9189.6719 1.0591
9191.7852 1.0464
9193.9053 1.0356
9196.0205 1.0199
9198.1406 0.9953
9200.2568 0.9817
9202.3789 0.9681
9204.4951 0.9442
9206.6133 0.9047
9208.7363 0.8730
9210.8545 0.8562
9212.9785 0.8014
9215.0977 0.7798
9217.2227 0.7413
9219.3428 0.6841
9221.4639 0.6130
9223.5908 0.5570
9225.7129 0.6005
9227.8398 0.6696
9229.9629 0.7228
9232.0908 0.7623
9234.2148 0.8043
9236.3447 0.8419
9238.4688 0.8430
9240.5947 0.8835
9242.7256 0.9187
9244.8516 0.9397
9246.9834 0.9522
9249.1104 0.9614
9251.2432 0.9756
9253.3721 0.9756
9255.5010 0.9355
9257.6348 0.9264
9259.7646 0.9548
9261.8994 0.9805
9264.0303 1.0307
9266.1670 1.0381
9268.2988 1.0421
9270.4307 1.0474
9272.5684 1.0500
9274.7012 1.0527
9276.8398 1.0546
9278.9746 1.0563
9281.1143 1.0578
9283.2490 1.0585
9285.3848 1.0591
9287.5264 1.0600
9289.6621 1.0588
9291.8047 1.0579
9293.9424 1.0606
9296.0850 1.0606
9298.2236 1.0584
9300.3633 1.0593
9302.5078 1.0605
9304.6475 1.0597
9306.7930 1.0593
9308.9346 1.0595
9311.0811 1.0581
9313.2227 1.0548
9315.3652 1.0545
9317.5137 1.0554
9319.6572 1.0527
9321.8057 1.0505
9323.9502 1.0519
9326.1006 1.0540
9328.2461 1.0523
9330.3916 1.0515
9332.5439 1.0500
9334.6904 1.0476
9336.8428 1.0463
9338.9912 1.0470
9341.1445 1.0462
9343.2939 1.0444
9345.4434 1.0430
9347.5977 1.0424
9349.7480 1.0418
9351.9043 1.0404
9354.0557 1.0393
9356.2129 1.0382
9358.3652 1.0371
9360.5186 1.0358
9362.6768 1.0345
9364.8301 1.0334
9366.9902 1.0318
9369.1445 1.0301
9371.3057 1.0295
9373.4609 1.0269
9375.6172 1.0261
9377.7793 1.0256
9379.9365 1.0082
9382.0996 1.0051
9384.2578 1.0126
9386.4219 1.0001
9388.5820 0.9917
9390.7461 1.0174
9392.9072 1.0145
9395.0674 1.0147
9397.2344 1.0026
9399.3965 0.9518
9401.5635 0.9379
9403.7266 1.0067
9405.8945 0.9831
9408.0586 0.9533
9410.2227 0.9738
9412.3926 0.9979
9414.5586 0.9951
9416.7295 0.9865
9418.8955 0.9958
9421.0674 0.9935
9423.2344 0.9884
9425.4023 0.9878
9427.5762 0.9890
9429.7451 0.9837
9431.9189 0.9725
9434.0889 0.9791
9436.2646 0.9831
9438.4355 0.9802
9440.6064 0.9772
9442.7832 0.9785
9444.9561 0.9780
9447.1338 0.9760
9449.3076 0.9740
9451.4863 0.9720
9453.6602 0.9679
9455.8350 0.9629
9458.0156 0.9637
9460.1914 0.9624
9462.3730 0.9613
9464.5498 0.9596
9466.7324 0.9571
9468.9102 0.9549
9471.0889 0.9521
9473.2725 0.9498
9475.4521 0.9433
9477.6367 0.9378
9479.8174 0.9370
9482.0029 0.9371
9484.1846 0.9325
9486.3662 0.9281
9488.5537 0.9235
9490.7363 0.9182
9492.9258 0.9129
9495.1094 0.9080
9497.2988 0.9024
9499.4834 0.8946
9501.6689 0.8874
9503.8604 0.8799
9506.0459 0.8712
9508.2383 0.8616
9510.4258 0.8503
9512.6191 0.8376
9514.8076 0.8234
9516.9961 0.8075
9519.1904 0.7896
9521.3809 0.7695
9523.5762 0.7469
9525.7666 0.7214
9527.9639 0.6919
9530.1553 0.6590
9532.3477 0.6206
9534.5459 0.5745
9536.7393 0.5202
9538.9385 0.4432
9541.1328 0.4281
9543.3330 0.4800
9545.5283 0.5479
9547.7246 0.5910
9549.9268 0.6310
9552.1230 0.6631
9554.3262 0.6909
9556.5234 0.7149
9558.7275 0.7356
9560.9268 0.7537
9563.1309 0.7688
9565.3311 0.7818
9567.5322 0.7938
9569.7383 0.8051
9571.9395 0.8149
9574.1465 0.8226
9576.3496 0.8295
9578.5576 0.8350
9580.7607 0.8400
9582.9648 0.8442
9585.1748 0.8471
9587.3799 0.8492
9589.5908 0.8524
9591.7969 0.8542
9594.0088 0.8537
9596.2158 0.8341
9598.4238 0.8251
9600.6367 0.8555
9602.8457 0.8585
9605.0596 0.8615
9607.2695 0.8596
9609.4854 0.8638
9611.6953 0.8577
9613.9062 0.8248
9616.1240 0.8190
9618.3359 0.8513
9620.5537 0.8599
9622.7666 0.8545
9624.9863 0.8378
9627.2002 0.8142
9629.4150 0.8452
9631.6357 0.8551
9633.8516 0.8562
9636.0723 0.8549
9638.2891 0.8541
9640.5117 0.8536
9642.7295 0.8406
9644.9482 0.8372
9647.1719 0.8480
9649.3916 0.8424
9651.6172 0.8112
9653.8369 0.7946
9656.0635 0.8402
9658.2842 0.8427
9660.5068 0.8419
9662.7344 0.8422
9664.9570 0.8368
9667.1855 0.8327
9669.4102 0.8355
9671.6396 0.8329
9673.8643 0.8241
9676.0898 0.8237
9678.3213 0.8297
9680.5479 0.8289
9682.7803 0.8269
9685.0078 0.8198
9687.2412 0.8184
9689.4697 0.8212
9691.6982 0.8229
9693.9336 0.8225
9696.1631 0.8222
9698.3994 0.8208
9700.6299 0.8196
9702.8672 0.8183
9705.0996 0.8168
9707.3320 0.8155
9709.5703 0.8141
9711.8047 0.8127
9714.0439 0.8112
9716.2783 0.8081
9718.5186 0.8054
9720.7549 0.8059
9722.9912 0.8050
9725.2334 0.8039
9727.4707 0.8029
9729.7139 0.7979
9731.9521 0.7903
9734.1963 0.7877
9736.4355 0.7929
9738.6807 0.7942
9740.9209 0.7925
9743.1621 0.7913
9745.4082 0.7909
9747.6504 0.7897
9749.8984 0.7882
9752.1416 0.7866
9754.3896 0.7851
9756.6338 0.7830
9758.8789 0.7811
9761.1289 0.7806
9763.3740 0.7791
9765.6260 0.7779
9767.8721 0.7765
9770.1250 0.7747
9772.3721 0.7730
9774.6201 0.7718
9776.8750 0.7703
9779.1240 0.7683
9781.3789 0.7657
9783.6289 0.7636
9785.8848 0.7626
9788.1367 0.7622
9790.3877 0.7602
9792.6455 0.7577
9794.8984 0.7566
9797.1572 0.7563
9799.4111 0.7555
9801.6709 0.7533
9803.9258 0.7502
9806.1807 0.7483
9808.4424 0.7478
9810.6982 0.7476
9812.9609 0.7460
9815.2188 0.7427
9817.4814 0.7388
9819.7402 0.7307
9821.9990 0.7338
9824.2646 0.7372
9826.5244 0.7348
9828.7900 0.7329
9831.0518 0.7325
9833.3184 0.7313
9835.5801 0.7274
9837.8428 0.7261
9840.1113 0.7270
9842.3750 0.7254
9844.6455 0.7223
9846.9102 0.7101
9849.1807 0.7040
9851.4463 0.7049
9853.7129 0.7061
9855.9844 0.7056
9858.2520 0.7097
9860.5254 0.7116
9862.7939 0.7106
9865.0684 0.7081
9867.3379 0.7064
9869.6074 0.7063
9871.8838 0.7051
9874.1543 0.7038
9876.4316 0.6998
9878.7031 0.7007
9880.9814 0.6963
9883.2549 0.6713
9885.5283 0.6524
9887.8076 0.6807
9890.0830 0.6921
9892.3633 0.6871
9894.6387 0.6848
9896.9209 0.6865
9899.1973 0.6853
9901.4746 0.6826
9903.7578 0.6800
9906.0361 0.6774
9908.3203 0.6721
9910.5996 0.6667
9912.8857 0.6743
9915.1660 0.6747
9917.4521 0.6711
9919.7334 0.6710
9922.0156 0.6663
9924.3037 0.6489
9926.5869 0.6449
9928.8760 0.6594
9931.1602 0.6633
9933.4502 0.6557
9935.7354 0.6499
9938.0205 0.6522
9940.3125 0.6525
9942.5996 0.6495
9944.8926 0.6482
9947.1797 0.6474
9949.4736 0.6452
9951.7627 0.6425
9954.0518 0.6413
9956.3477 0.6389
9958.6377 0.6368
9960.9346 0.6349
9963.2256 0.6327
9965.5234 0.6301
9967.8154 0.6278
9970.1094 0.6251
9972.4082 0.6224
9974.7021 0.6195
9977.0020 0.6163
9979.2979 0.6134
9981.5986 0.6105
9983.8945 0.6071
9986.1914 0.6039
9988.4941 0.5976
9990.7920 0.5883
9993.0967 0.5826
9995.3955 0.5855
9997.7002 0.5802
10000.0000 0.5750
10002.3057 0.5695
10004.6016 0.5624
10006.9082 0.5550
10009.2158 0.5466
10011.5244 0.5368
10013.8223 0.5269
10016.1309 0.5159
10018.4404 0.5030
10020.7402 0.4886
10023.0508 0.4728
10025.3623 0.4546
10027.6738 0.4342
10029.9756 0.4110
10032.2881 0.3843
10034.6016 0.3535
10036.9043 0.3167
10039.2188 0.2733
10041.5342 0.2074
10043.8496 0.1770
10046.1543 0.2135
10048.4707 0.2780
10050.7881 0.3127
10053.0947 0.3459
10055.4131 0.3728
10057.7324 0.3949
10060.0508 0.4145
10062.3604 0.4309
10064.6807 0.4454
10067.0010 0.4579
10069.3115 0.4682
10071.6338 0.4771
10073.9561 0.4852
10076.2793 0.4921
10078.5918 0.4977
10080.9160 0.5029
10083.2402 0.5071
10085.5547 0.5105
10087.8799 0.5135
10090.2061 0.5159
10092.5332 0.5178
10094.8496 0.5194
10097.1777 0.5183
10099.5059 0.5146
10101.8232 0.5127
10104.1533 0.5126
10106.4834 0.5037
10108.8135 0.5034
10111.1338 0.5151
10113.4648 0.5234
10115.7969 0.5096
10118.1191 0.4853
10120.4521 0.5078
10122.7861 0.5169
10125.1201 0.5180
10127.4434 0.5179
10129.7793 0.5172
10132.1152 0.5162
10134.4404 0.5151
10136.7773 0.5139
10139.1152 0.5100
10141.4531 0.5076
10143.7803 0.5088
10146.1191 0.5094
10148.4590 0.5056
10150.7881 0.5050
10153.1289 0.5056
10155.4707 0.5021
10157.8125 0.4964
10160.1436 0.4960
10162.4863 0.4998
10164.8301 0.4978
10167.1621 0.4952
10169.5068 0.4938
10171.8525 0.4936
10174.1973 0.4921
10176.5322 0.4858
10178.8789 0.4846
10181.2266 0.4857
10183.5742 0.4854
10185.9111 0.4838
10188.2607 0.4831
10190.6094 0.4812
10192.9482 0.4796
10195.2988 0.4781
10197.6504 0.4765
10200.0020 0.4750
10202.3428 0.4733
10204.6953 0.4717
10207.0479 0.4701
10209.3906 0.4666
10211.7451 0.4651
10214.0996 0.4652
10216.4551 0.4631
10218.7998 0.4616
10221.1562 0.4600
10223.5137 0.4583
10225.8594 0.4569
10228.2178 0.4553
10230.5762 0.4530
10232.9355 0.4511
10235.2842 0.4503
10237.6436 0.4479
10240.0049 0.4456
10242.3545 0.4448
10244.7168 0.4439
10247.0791 0.4420
10249.4424 0.4397
10251.7939 0.4381
10254.1582 0.4368
10256.5234 0.4353
10258.8770 0.4335
10261.2422 0.4319
10263.6084 0.4302
10265.9756 0.4281
10268.3311 0.4258
10270.6992 0.4241
10273.0674 0.4234
10275.4258 0.4215
10277.7949 0.4199
10280.1650 0.4175
10282.5352 0.4143
10284.8955 0.4126
10287.2666 0.4131
10289.6396 0.4111
10292.0010 0.4094
10294.3740 0.4075
10296.7480 0.4057
10299.1221 0.4042
10301.4863 0.4024
10303.8613 0.4000
10306.2373 0.3979
10308.6025 0.3968
10310.9795 0.3954
10313.3574 0.3932
10315.7363 0.3915
10318.1035 0.3900
10320.4824 0.3884
10322.8623 0.3855
10325.2314 0.3801
