3583.4395 -0.1619
3584.2639 -0.1656
3585.0903 -0.1736
3585.9150 -0.1804
3586.7400 -0.1804
3587.5671 -0.1730
3588.3923 -0.1636
3589.2200 -0.1575
3590.0457 -0.1543
3590.8735 -0.1527
3591.6995 -0.1516
3592.5259 -0.1510
3593.3542 -0.1505
3594.1809 -0.1492
3595.0098 -0.1477
3595.8367 -0.1464
3596.6660 -0.1448
3597.4934 -0.1422
3598.3208 -0.1387
3599.1506 -0.1362
3599.9788 -0.1352
3600.8088 -0.1355
3601.6372 -0.1368
3602.4678 -0.1393
3603.2964 -0.1431
3604.1252 -0.1458
3604.9565 -0.1442
3605.7859 -0.1402
3606.6172 -0.1367
3607.4470 -0.1359
3608.2788 -0.1370
3609.1089 -0.1371
3609.9392 -0.1343
3610.7717 -0.1301
3611.6023 -0.1268
3612.4351 -0.1258
3613.2661 -0.1274
3614.0994 -0.1307
3614.9307 -0.1327
3615.7625 -0.1308
3616.5962 -0.1251
3617.4282 -0.1183
3618.2625 -0.1144
3619.0947 -0.1143
3619.9292 -0.1164
3620.7620 -0.1190
3621.5969 -0.1205
3622.4302 -0.1189
3623.2634 -0.1144
3624.0989 -0.1120
3624.9326 -0.1129
3625.7686 -0.1134
3626.6028 -0.1109
3627.4390 -0.1058
3628.2734 -0.1013
3629.1082 -0.0995
3629.9451 -0.1015
3630.7800 -0.1076
3631.6174 -0.1152
3632.4529 -0.1191
3633.2903 -0.1146
3634.1262 -0.1051
3634.9622 -0.0974
3635.8005 -0.0926
3636.6370 -0.0900
3637.4756 -0.0884
3638.3123 -0.0875
3639.1514 -0.0871
3639.9885 -0.0876
3640.8259 -0.0895
3641.6653 -0.0918
3642.5032 -0.0927
3643.3430 -0.0911
3644.1812 -0.0881
3645.0215 -0.0849
3645.8601 -0.0820
3646.6990 -0.0797
3647.5398 -0.0784
3648.3789 -0.0780
3649.2202 -0.0770
3650.0596 -0.0756
3650.9014 -0.0740
3651.7412 -0.0724
3652.5813 -0.0705
3653.4236 -0.0685
3654.2642 -0.0674
3655.1067 -0.0671
3655.9475 -0.0671
3656.7908 -0.0671
3657.6318 -0.0665
3658.4734 -0.0648
3659.3169 -0.0624
3660.1587 -0.0612
3661.0029 -0.0614
3661.8450 -0.0621
3662.6895 -0.0620
3663.5320 -0.0608
3664.3748 -0.0597
3665.2197 -0.0591
3666.0630 -0.0577
3666.9084 -0.0546
3667.7520 -0.0503
3668.5977 -0.0466
3669.4417 -0.0440
3670.2859 -0.0417
3671.1321 -0.0392
3671.9768 -0.0364
3672.8235 -0.0333
3673.6685 -0.0313
3674.5156 -0.0296
3675.3608 -0.0275
3676.2063 -0.0285
3677.0542 -0.0330
3677.8999 -0.0367
3678.7480 -0.0357
3679.5945 -0.0301
3680.4429 -0.0122
3681.2896 0.0095
3682.1365 0.0191
3682.9856 0.0098
3683.8328 -0.0010
3684.6824 0.0041
3685.5300 0.0046
3686.3799 -0.0052
3687.2278 -0.0104
3688.0781 0.0112
3688.9265 0.0621
3689.7751 0.1028
3690.6260 0.0967
3691.4751 0.0611
3692.3264 0.0382
3693.1758 0.0619
3694.0273 0.1232
3694.8772 0.1689
3695.7273 0.1632
3696.5793 0.1134
3697.4299 0.0577
3698.2825 0.0436
3699.1333 0.0951
3699.9863 0.1772
3700.8374 0.2358
3701.6887 0.2436
3702.5425 0.1987
3703.3943 0.1207
3704.2483 0.0506
3705.1003 0.0378
3705.9548 0.0864
3706.8074 0.1688
3707.6599 0.2519
3708.5149 0.3070
3709.3682 0.3144
3710.2234 0.2706
3711.0771 0.1857
3711.9329 0.0952
3712.7866 0.0445
3713.6409 0.0669
3714.4973 0.1506
3715.3518 0.2415
3716.2085 0.3169
3717.0635 0.3717
3717.9204 0.3997
3718.7759 0.3916
3719.6313 0.3439
3720.4890 0.2608
3721.3450 0.1604
3722.2031 0.0836
3723.0593 0.0689
3723.9180 0.1290
3724.7747 0.2312
3725.6316 0.3226
3726.4905 0.3823
3727.3479 0.4157
3728.2073 0.4366
3729.0649 0.4541
3729.9250 0.4633
3730.7830 0.4513
3731.6414 0.4118
3732.5017 0.3391
3733.3604 0.2376
3734.2214 0.1312
3735.0803 0.0657
3735.9417 0.0797
3736.8013 0.1478
3737.6609 0.2367
3738.5227 0.3259
3739.3828 0.4048
3740.2451 0.4612
3741.1055 0.4840
3741.9683 0.4873
3742.8291 0.4905
3743.6899 0.4994
3744.5532 0.5035
3745.4148 0.4888
3746.2786 0.4551
3747.1404 0.4055
3748.0044 0.3330
3748.8667 0.2367
3749.7290 0.1345
3750.5938 0.0690
3751.4565 0.0882
3752.3215 0.1789
3753.1848 0.2891
3754.0503 0.3754
3754.9138 0.4221
3755.7798 0.4420
3756.6438 0.4539
3757.5081 0.4552
3758.3745 0.4412
3759.2390 0.4182
3760.1060 0.4020
3760.9709 0.4039
3761.8381 0.4144
3762.7036 0.4327
3763.5693 0.4550
3764.4370 0.4744
3765.3032 0.4853
3766.1714 0.4870
3767.0378 0.4729
3767.9065 0.4300
3768.7732 0.3478
3769.6401 0.2343
3770.5095 0.1245
3771.3770 0.0759
3772.2466 0.1274
3773.1145 0.2367
3773.9844 0.3493
3774.8528 0.4349
3775.7209 0.4904
3776.5918 0.5264
3777.4604 0.5513
3778.3315 0.5669
3779.2009 0.5749
3780.0723 0.5781
3780.9419 0.5797
3781.8118 0.5791
3782.6838 0.5714
3783.5540 0.5610
3784.4265 0.5589
3785.2971 0.5685
3786.1699 0.5819
3787.0410 0.5889
3787.9121 0.5917
3788.7856 0.5943
3789.6572 0.5963
3790.5310 0.5955
3791.4031 0.5901
3792.2773 0.5792
3793.1499 0.5612
3794.0225 0.5324
3794.8972 0.4865
3795.7703 0.4164
3796.6455 0.3192
3797.5190 0.2064
3798.3948 0.1259
3799.2686 0.1328
3800.1426 0.2167
3801.0188 0.3315
3801.8933 0.4303
3802.7700 0.4957
3803.6448 0.5367
3804.5220 0.5615
3805.3972 0.5753
3806.2727 0.5833
3807.1504 0.5911
3808.0261 0.6021
3808.9043 0.6121
3809.7805 0.6172
3810.6589 0.6190
3811.5356 0.6186
3812.4126 0.6135
3813.2917 0.5985
3814.1689 0.5766
3815.0483 0.5658
3815.9260 0.5727
3816.8059 0.5902
3817.6841 0.6039
3818.5623 0.6028
3819.4429 0.5840
3820.3215 0.5645
3821.2024 0.5604
3822.0815 0.5732
3822.9629 0.5905
3823.8423 0.5976
3824.7241 0.5877
3825.6040 0.5708
3826.4841 0.5583
3827.3665 0.5547
3828.2468 0.5577
3829.1296 0.5630
3830.0105 0.5630
3830.8938 0.5495
3831.7751 0.5169
3832.6565 0.4626
3833.5403 0.3861
3834.4224 0.2887
3835.3064 0.1852
3836.1887 0.1370
3837.0735 0.1704
3837.9561 0.2629
3838.8391 0.3655
3839.7244 0.4480
3840.6077 0.5086
3841.4932 0.5514
3842.3770 0.5811
3843.2629 0.5987
3844.1472 0.6031
3845.0315 0.5982
3845.9182 0.5982
3846.8030 0.6070
3847.6899 0.6133
3848.5752 0.6078
3849.4626 0.5929
3850.3481 0.5834
3851.2339 0.5927
3852.1221 0.6032
3853.0083 0.5947
3853.8967 0.5654
3854.7832 0.5304
3855.6721 0.5013
3856.5591 0.4844
3857.4463 0.5092
3858.3359 0.5609
3859.2234 0.6051
3860.1135 0.6188
3861.0015 0.6085
3861.8918 0.5751
3862.7803 0.5309
3863.6687 0.5125
3864.5598 0.5354
3865.4487 0.5775
3866.3401 0.6038
3867.2297 0.6160
3868.1213 0.6262
3869.0112 0.6361
3869.9014 0.6426
3870.7937 0.6421
3871.6841 0.6326
3872.5769 0.6193
3873.4678 0.6156
3874.3611 0.6240
3875.2524 0.6380
3876.1438 0.6480
3877.0376 0.6499
3877.9297 0.6449
3878.8237 0.6379
3879.7161 0.6336
3880.6108 0.6320
3881.5037 0.6284
3882.3965 0.6193
3883.2917 0.6073
3884.1851 0.5908
3885.0808 0.5647
3885.9746 0.5224
3886.8706 0.4566
3887.7649 0.3619
3888.6592 0.2448
3889.5559 0.1663
3890.4507 0.1742
3891.3479 0.2635
3892.2429 0.3813
3893.1406 0.4743
3894.0361 0.5345
3894.9341 0.5715
3895.8301 0.5944
3896.7263 0.6095
3897.6250 0.6196
3898.5215 0.6225
3899.4207 0.6131
3900.3176 0.5969
3901.2170 0.5898
3902.1145 0.5997
3903.0122 0.6185
3903.9121 0.6280
3904.8103 0.6231
3905.7107 0.6096
3906.6094 0.6023
3907.5100 0.6103
3908.4089 0.6295
3909.3081 0.6449
3910.2097 0.6532
3911.1091 0.6566
3912.0110 0.6513
3912.9111 0.6343
3913.8132 0.6111
3914.7136 0.5997
3915.6143 0.6119
3916.5171 0.6315
3917.4182 0.6455
3918.3215 0.6499
3919.2229 0.6474
3920.1267 0.6439
3921.0286 0.6428
3921.9307 0.6457
3922.8350 0.6512
3923.7373 0.6560
3924.6421 0.6576
3925.5452 0.6558
3926.4502 0.6507
3927.3535 0.6472
3928.2571 0.6485
3929.1628 0.6517
3930.0667 0.6489
3930.9731 0.6343
3931.8774 0.6016
3932.7839 0.5241
3933.6887 0.4328
3934.5938 0.3933
3935.5010 0.4471
3936.4062 0.5414
3937.3142 0.5976
3938.2200 0.6166
3939.1279 0.6206
3940.0342 0.6288
3940.9407 0.6476
3941.8494 0.6646
3942.7561 0.6713
3943.6653 0.6692
3944.5725 0.6627
3945.4822 0.6576
3946.3899 0.6592
3947.2979 0.6659
3948.2080 0.6698
3949.1162 0.6719
3950.0269 0.6738
3950.9355 0.6752
3951.8467 0.6754
3952.7559 0.6753
3953.6650 0.6758
3954.5769 0.6756
3955.4866 0.6746
3956.3987 0.6734
3957.3088 0.6725
3958.2214 0.6723
3959.1321 0.6724
3960.0449 0.6680
3960.9561 0.6583
3961.8672 0.6473
3962.7808 0.6397
3963.6924 0.6327
3964.6064 0.6168
3965.5186 0.5934
3966.4329 0.5532
3967.3455 0.4762
3968.2581 0.3498
3969.1731 0.2047
3970.0862 0.1223
3971.0017 0.1393
3971.9153 0.2351
3972.8313 0.3603
3973.7451 0.4643
3974.6592 0.5282
3975.5759 0.5723
3976.4905 0.6080
3977.4075 0.6339
3978.3225 0.6477
3979.2397 0.6519
3980.1553 0.6538
3981.0708 0.6586
3981.9888 0.6630
3982.9050 0.6666
3983.8232 0.6710
3984.7397 0.6772
3985.6587 0.6824
3986.5757 0.6837
3987.4927 0.6836
3988.4121 0.6842
3989.3298 0.6853
3990.2498 0.6852
3991.1677 0.6842
3992.0879 0.6842
3993.0063 0.6848
3993.9250 0.6842
3994.8459 0.6819
3995.7649 0.6799
3996.6863 0.6798
3997.6057 0.6790
3998.5276 0.6783
3999.4475 0.6786
4000.3674 0.6786
4001.2900 0.6744
4002.2104 0.6645
4003.1333 0.6565
4004.0544 0.6567
4004.9775 0.6623
4005.8989 0.6691
4006.8206 0.6760
4007.7446 0.6841
4008.6665 0.6875
4009.5908 0.6826
4010.5132 0.6757
4011.4380 0.6717
4012.3608 0.6698
4013.2839 0.6684
4014.2095 0.6715
4015.1328 0.6729
4016.0588 0.6727
4016.9827 0.6759
4017.9089 0.6850
4018.8333 0.6943
4019.7578 0.6994
4020.6848 0.7019
4021.6096 0.7010
4022.5371 0.6946
4023.4624 0.6806
4024.3901 0.6606
4025.3162 0.6412
4026.2422 0.6318
4027.1704 0.6369
4028.0969 0.6529
4029.0259 0.6697
4029.9526 0.6798
4030.8821 0.6847
4031.8093 0.6843
4032.7390 0.6806
4033.6667 0.6783
4034.5947 0.6816
4035.5251 0.6884
4036.4534 0.6930
4037.3843 0.6944
4038.3130 0.6946
4039.2441 0.6953
4040.1736 0.6970
4041.1030 0.6977
4042.0347 0.6970
4042.9646 0.6950
4043.8970 0.6915
4044.8271 0.6871
4045.7600 0.6830
4046.6907 0.6819
4047.6216 0.6848
4048.5549 0.6859
4049.4863 0.6860
4050.4202 0.6878
4051.3521 0.6912
4052.2861 0.6914
4053.2185 0.6887
4054.1509 0.6874
4055.0857 0.6900
4056.0186 0.6954
4056.9539 0.6993
4057.8872 0.6992
4058.8230 0.7000
4059.7566 0.7024
4060.6907 0.7042
4061.6270 0.7038
4062.5613 0.7010
4063.4983 0.6955
4064.4331 0.6916
4065.3701 0.6910
4066.3054 0.6871
4067.2410 0.6783
4068.1787 0.6735
4069.1147 0.6817
4070.0530 0.6897
4070.9893 0.6894
4071.9280 0.6853
4072.8647 0.6847
4073.8018 0.6888
4074.7412 0.6911
4075.6787 0.6862
4076.6184 0.6790
4077.5562 0.6752
4078.4966 0.6785
4079.4348 0.6879
4080.3733 0.6973
4081.3142 0.7013
4082.2532 0.7015
4083.1943 0.7006
4084.1338 0.7000
4085.0757 0.6995
4086.0154 0.6982
4086.9553 0.6967
4087.8977 0.6963
4088.8381 0.6972
4089.7810 0.6985
4090.7219 0.6989
4091.6653 0.6972
4092.6064 0.6928
4093.5481 0.6869
4094.4919 0.6805
4095.4338 0.6723
4096.3784 0.6588
4097.3208 0.6365
4098.2656 0.6055
4099.2085 0.5584
4100.1514 0.4833
4101.0967 0.3829
4102.0400 0.2916
4102.9863 0.2743
4103.9302 0.3520
4104.8765 0.4581
4105.8208 0.5465
4106.7676 0.6042
4107.7124 0.6376
4108.6572 0.6573
4109.6045 0.6669
4110.5503 0.6702
4111.4980 0.6724
4112.4438 0.6769
4113.3921 0.6839
4114.3384 0.6914
4115.2852 0.6988
4116.2339 0.7049
4117.1807 0.7085
4118.1304 0.7090
4119.0776 0.7058
4120.0273 0.6987
4120.9751 0.6899
4121.9233 0.6803
4122.8740 0.6732
4123.8223 0.6729
4124.7734 0.6807
4125.7222 0.6880
4126.6733 0.6803
4127.6230 0.6498
4128.5723 0.6145
4129.5244 0.5958
4130.4746 0.5971
4131.4268 0.5990
4132.3774 0.6183
4133.3301 0.6544
4134.2812 0.6870
4135.2324 0.7035
4136.1855 0.7082
4137.1372 0.7077
4138.0913 0.7056
4139.0435 0.7057
4139.9976 0.7085
4140.9502 0.7113
4141.9028 0.7099
4142.8579 0.7022
4143.8110 0.6913
4144.7666 0.6841
4145.7202 0.6834
4146.6758 0.6889
4147.6299 0.6988
4148.5840 0.7093
4149.5405 0.7142
4150.4951 0.7143
4151.4526 0.7132
4152.4072 0.7127
4153.3647 0.7127
4154.3203 0.7136
4155.2764 0.7159
4156.2344 0.7172
4157.1904 0.7174
4158.1489 0.7176
4159.1055 0.7178
4160.0649 0.7162
4161.0220 0.7123
4161.9790 0.7071
4162.9390 0.7008
4163.8965 0.6957
4164.8564 0.6967
4165.8149 0.7052
4166.7754 0.7125
4167.7339 0.7147
4168.6929 0.7134
4169.6538 0.7110
4170.6133 0.7067
4171.5752 0.6956
4172.5347 0.6711
4173.4971 0.6439
4174.4570 0.6362
4175.4175 0.6548
4176.3799 0.6795
4177.3408 0.6776
4178.3042 0.6441
4179.2651 0.6167
4180.2290 0.6232
4181.1909 0.6590
4182.1548 0.6938
4183.1172 0.7076
4184.0796 0.7101
4185.0444 0.7102
4186.0068 0.7105
4186.9722 0.7092
4187.9355 0.7054
4188.9014 0.7030
4189.8647 0.7049
4190.8286 0.7068
4191.7949 0.7079
4192.7593 0.7095
4193.7261 0.7124
4194.6909 0.7155
4195.6582 0.7166
4196.6235 0.7167
4197.5889 0.7157
4198.5571 0.7133
4199.5229 0.7097
4200.4912 0.7077
4201.4575 0.7079
4202.4263 0.7096
4203.3931 0.7116
4204.3599 0.7127
4205.3296 0.7124
4206.2969 0.7123
4207.2671 0.7140
4208.2349 0.7166
4209.2051 0.7191
4210.1738 0.7209
4211.1421 0.7218
4212.1133 0.7218
4213.0820 0.7226
4214.0537 0.7224
4215.0229 0.7199
4215.9951 0.7164
4216.9648 0.7154
4217.9351 0.7175
4218.9077 0.7191
4219.8784 0.7205
4220.8516 0.7220
4221.8223 0.7233
4222.7959 0.7237
4223.7676 0.7226
4224.7393 0.7183
4225.7134 0.7147
4226.6855 0.7143
4227.6602 0.7170
4228.6328 0.7207
4229.6079 0.7238
4230.5806 0.7237
4231.5542 0.7082
4232.5298 0.6706
4233.5034 0.6282
4234.4800 0.6199
4235.4541 0.6611
4236.4307 0.7001
4237.4053 0.7193
4238.3799 0.7248
4239.3574 0.7252
4240.3325 0.7226
4241.3105 0.7150
4242.2861 0.7013
4243.2642 0.6960
4244.2407 0.7024
4245.2168 0.7128
4246.1958 0.7170
4247.1729 0.7151
4248.1519 0.7158
4249.1294 0.7195
4250.1094 0.7215
4251.0869 0.7194
4252.0649 0.7158
4253.0454 0.7135
4254.0239 0.7152
4255.0049 0.7197
4255.9834 0.7229
4256.9648 0.7208
4257.9443 0.7130
4258.9263 0.7052
4259.9058 0.7063
4260.8857 0.7088
4261.8687 0.7081
4262.8491 0.7072
4263.8320 0.7115
4264.8130 0.7191
4265.7964 0.7230
4266.7778 0.7208
4267.7593 0.7158
4268.7432 0.7126
4269.7256 0.7137
4270.7100 0.7156
4271.6924 0.7130
4272.6772 0.7050
4273.6606 0.6972
4274.6436 0.6956
4275.6294 0.7009
4276.6128 0.7070
4277.5991 0.7108
4278.5830 0.7123
4279.5698 0.7145
4280.5542 0.7188
4281.5391 0.7228
4282.5264 0.7234
4283.5117 0.7207
4284.4990 0.7169
4285.4849 0.7159
4286.4731 0.7189
4287.4590 0.7230
4288.4453 0.7232
4289.4346 0.7186
4290.4214 0.7126
4291.4106 0.7113
4292.3979 0.7155
4293.3877 0.7178
4294.3755 0.7106
4295.3633 0.7017
4296.3535 0.6928
4297.3423 0.6895
4298.3330 0.6945
4299.3218 0.7007
4300.3135 0.6935
4301.3027 0.6861
4302.2920 0.6765
4303.2842 0.6656
4304.2744 0.6655
4305.2666 0.6873
4306.2573 0.7112
4307.2500 0.7156
4308.2412 0.7129
4309.2319 0.7151
4310.2261 0.7231
4311.2173 0.7291
4312.2114 0.7250
4313.2036 0.7116
4314.1982 0.6956
4315.1904 0.6885
4316.1836 0.6962
4317.1787 0.7130
4318.1719 0.7239
4319.1675 0.7265
4320.1611 0.7257
4321.1572 0.7254
4322.1514 0.7277
4323.1460 0.7317
4324.1426 0.7320
4325.1377 0.7242
4326.1348 0.7160
4327.1299 0.7155
4328.1279 0.7232
4329.1235 0.7309
4330.1196 0.7308
4331.1182 0.7252
4332.1143 0.7191
4333.1133 0.7139
4334.1104 0.7083
4335.1099 0.6992
4336.1069 0.6814
4337.1069 0.6468
4338.1045 0.5907
4339.1025 0.5108
4340.1030 0.4199
4341.1016 0.3582
4342.1025 0.3828
4343.1016 0.4718
4344.1030 0.5590
4345.1025 0.6207
4346.1021 0.6606
4347.1040 0.6858
4348.1040 0.7013
4349.1069 0.7099
4350.1074 0.7058
4351.1104 0.6840
4352.1113 0.6572
4353.1128 0.6545
4354.1167 0.6871
4355.1182 0.7158
4356.1226 0.7286
4357.1245 0.7299
4358.1294 0.7282
4359.1318 0.7295
4360.1348 0.7335
4361.1401 0.7330
4362.1436 0.7299
4363.1494 0.7294
4364.1528 0.7334
4365.1592 0.7384
4366.1636 0.7404
4367.1680 0.7372
4368.1753 0.7291
4369.1802 0.7217
4370.1875 0.7205
4371.1929 0.7268
4372.2007 0.7348
4373.2065 0.7387
4374.2129 0.7385
4375.2212 0.7373
4376.2280 0.7377
4377.2368 0.7396
4378.2441 0.7406
4379.2534 0.7406
4380.2612 0.7400
4381.2686 0.7380
4382.2793 0.7317
4383.2871 0.7147
4384.2979 0.6820
4385.3066 0.6514
4386.3179 0.6496
4387.3267 0.6707
4388.3359 0.6943
4389.3481 0.7066
4390.3579 0.7088
4391.3701 0.7086
4392.3804 0.7152
4393.3936 0.7210
4394.4043 0.7159
4395.4150 0.7033
4396.4287 0.7037
4397.4399 0.7190
4398.4541 0.7300
4399.4658 0.7311
4400.4805 0.7277
4401.4927 0.7269
4402.5054 0.7295
4403.5205 0.7297
4404.5337 0.7282
4405.5493 0.7284
4406.5625 0.7313
4407.5786 0.7345
4408.5928 0.7349
4409.6069 0.7333
4410.6240 0.7312
4411.6387 0.7295
4412.6558 0.7285
4413.6709 0.7268
4414.6885 0.7212
4415.7041 0.7047
4416.7227 0.6785
4417.7388 0.6626
4418.7549 0.6709
4419.7739 0.6949
4420.7905 0.7109
4421.8101 0.7171
4422.8271 0.7182
4423.8472 0.7166
4424.8647 0.7133
4425.8828 0.7094
4426.9033 0.7056
4427.9219 0.7020
4428.9429 0.7014
4429.9619 0.7038
4430.9834 0.7070
4432.0024 0.7085
4433.0220 0.7089
4434.0444 0.7081
4435.0645 0.7079
4436.0874 0.7093
4437.1079 0.7123
4438.1309 0.7161
4439.1519 0.7210
4440.1733 0.7251
4441.1968 0.7273
4442.2188 0.7259
4443.2432 0.7197
4444.2651 0.7121
4445.2900 0.7146
4446.3125 0.7250
4447.3354 0.7331
4448.3613 0.7367
4449.3843 0.7364
4450.4106 0.7316
4451.4341 0.7253
4452.4609 0.7266
4453.4849 0.7334
4454.5098 0.7376
4455.5366 0.7365
4456.5615 0.7360
4457.5894 0.7416
4458.6147 0.7472
4459.6431 0.7491
4460.6689 0.7462
4461.6953 0.7408
4462.7241 0.7373
4463.7505 0.7389
4464.7798 0.7401
4465.8071 0.7415
4466.8369 0.7408
4467.8643 0.7342
4468.8921 0.7226
4469.9229 0.7168
4470.9512 0.7107
4471.9819 0.7011
4473.0107 0.6998
4474.0425 0.7134
4475.0718 0.7323
4476.1011 0.7447
4477.1333 0.7502
4478.1631 0.7504
4479.1958 0.7366
4480.2266 0.6948
4481.2593 0.6302
4482.2905 0.6017
4483.3213 0.6533
4484.3555 0.7144
4485.3872 0.7470
4486.4214 0.7533
4487.4536 0.7466
4488.4883 0.7316
4489.5210 0.7158
4490.5537 0.7067
4491.5889 0.7054
4492.6226 0.7137
4493.6582 0.7327
4494.6919 0.7498
4495.7285 0.7584
4496.7627 0.7627
4497.7998 0.7637
4498.8345 0.7603
4499.8696 0.7525
4500.9072 0.7398
4501.9424 0.7323
4502.9805 0.7368
4504.0166 0.7475
4505.0552 0.7557
4506.0913 0.7561
4507.1279 0.7425
4508.1675 0.7127
4509.2046 0.7004
4510.2446 0.7167
4511.2822 0.7447
4512.3223 0.7589
4513.3604 0.7584
4514.3984 0.7424
4515.4395 0.7200
4516.4785 0.7134
4517.5200 0.7289
4518.5591 0.7443
4519.6011 0.7336
4520.6406 0.7098
4521.6807 0.6901
4522.7236 0.6793
4523.7642 0.6846
4524.8071 0.7134
4525.8481 0.7440
4526.8916 0.7578
4527.9331 0.7620
4528.9746 0.7621
4530.0190 0.7610
4531.0610 0.7614
4532.1060 0.7607
4533.1489 0.7484
4534.1938 0.7309
4535.2373 0.7266
4536.2803 0.7413
4537.3267 0.7597
4538.3701 0.7657
4539.4170 0.7631
4540.4609 0.7527
4541.5083 0.7402
4542.5527 0.7363
4543.5981 0.7478
4544.6455 0.7608
4545.6909 0.7654
4546.7393 0.7644
4547.7852 0.7496
4548.8340 0.7137
4549.8804 0.6727
4550.9272 0.6753
4551.9766 0.7164
4553.0239 0.7455
4554.0737 0.7458
4555.1216 0.7239
4556.1719 0.6958
4557.2197 0.6916
4558.2686 0.7004
4559.3193 0.7104
4560.3682 0.7274
4561.4199 0.7499
4562.4692 0.7607
4563.5215 0.7549
4564.5713 0.7487
4565.6211 0.7504
4566.6743 0.7572
4567.7246 0.7634
4568.7778 0.7661
4569.8291 0.7644
4570.8828 0.7566
4571.9341 0.7458
4572.9888 0.7414
4574.0405 0.7467
4575.0928 0.7506
4576.1479 0.7400
4577.2007 0.7330
4578.2559 0.7388
4579.3091 0.7469
4580.3652 0.7478
4581.4189 0.7417
4582.4731 0.7217
4583.5298 0.6782
4584.5840 0.6606
4585.6411 0.6848
4586.6963 0.7226
4587.7539 0.7333
4588.8091 0.7227
4589.8647 0.7267
4590.9233 0.7373
4591.9795 0.7435
4593.0386 0.7456
4594.0952 0.7494
4595.1543 0.7522
4596.2114 0.7509
4597.2690 0.7522
4598.3291 0.7566
4599.3867 0.7610
4600.4473 0.7635
4601.5059 0.7639
4602.5669 0.7645
4603.6255 0.7658
4604.6846 0.7660
4605.7466 0.7649
4606.8062 0.7645
4607.8687 0.7661
4608.9287 0.7681
4609.9912 0.7693
4611.0518 0.7692
4612.1128 0.7682
4613.1763 0.7674
4614.2373 0.7663
4615.3013 0.7624
4616.3633 0.7555
4617.4277 0.7466
4618.4897 0.7369
4619.5522 0.7286
4620.6177 0.7285
4621.6807 0.7382
4622.7466 0.7517
4623.8096 0.7622
4624.8760 0.7655
4625.9399 0.7624
4627.0044 0.7577
4628.0713 0.7444
4629.1357 0.7208
4630.2031 0.7073
4631.2686 0.7185
4632.3364 0.7409
4633.4023 0.7457
4634.4678 0.7339
4635.5366 0.7265
4636.6030 0.7329
4637.6724 0.7482
4638.7393 0.7602
4639.8091 0.7655
4640.8765 0.7675
4641.9438 0.7676
4643.0142 0.7668
4644.0825 0.7665
4645.1533 0.7671
4646.2222 0.7683
4647.2935 0.7685
4648.3623 0.7670
4649.4316 0.7657
4650.5039 0.7663
4651.5737 0.7685
4652.6465 0.7694
4653.7168 0.7688
4654.7900 0.7676
4655.8608 0.7642
4656.9346 0.7590
4658.0059 0.7561
4659.0771 0.7599
4660.1519 0.7632
4661.2236 0.7630
4662.2983 0.7581
4663.3711 0.7508
4664.4463 0.7463
4665.5195 0.7475
4666.5928 0.7445
4667.6689 0.7438
4668.7427 0.7481
4669.8193 0.7534
4670.8936 0.7550
4671.9707 0.7571
4673.0454 0.7603
4674.1206 0.7630
4675.1982 0.7648
4676.2739 0.7657
4677.3521 0.7648
4678.4282 0.7629
4679.5073 0.7608
4680.5835 0.7606
4681.6602 0.7627
4682.7397 0.7656
4683.8174 0.7673
4684.8975 0.7684
4685.9751 0.7696
4687.0557 0.7694
4688.1338 0.7681
4689.2124 0.7673
4690.2935 0.7678
4691.3726 0.7681
4692.4546 0.7676
4693.5342 0.7668
4694.6162 0.7664
4695.6963 0.7668
4696.7764 0.7674
4697.8594 0.7667
4698.9404 0.7661
4700.0239 0.7662
4701.1050 0.7672
4702.1890 0.7688
4703.2710 0.7706
4704.3530 0.7710
4705.4375 0.7695
4706.5200 0.7682
4707.6055 0.7674
4708.6885 0.7671
4709.7744 0.7674
4710.8579 0.7678
4711.9414 0.7638
4713.0283 0.7564
4714.1123 0.7518
4715.1992 0.7537
4716.2842 0.7587
4717.3716 0.7618
4718.4570 0.7644
4719.5425 0.7653
4720.6309 0.7648
4721.7168 0.7640
4722.8057 0.7638
4723.8921 0.7630
4724.9814 0.7606
4726.0684 0.7566
4727.1553 0.7531
4728.2456 0.7518
4729.3335 0.7517
4730.4238 0.7486
4731.5122 0.7417
4732.6030 0.7413
4733.6919 0.7484
4734.7808 0.7565
4735.8726 0.7598
4736.9624 0.7593
4738.0547 0.7570
4739.1445 0.7539
4740.2373 0.7526
4741.3276 0.7549
4742.4214 0.7589
4743.5122 0.7612
4744.6035 0.7620
4745.6973 0.7615
4746.7891 0.7607
4747.8838 0.7607
4748.9761 0.7610
4750.0713 0.7601
4751.1641 0.7589
4752.2568 0.7579
4753.3525 0.7567
4754.4463 0.7545
4755.5425 0.7514
4756.6367 0.7497
4757.7334 0.7514
4758.8281 0.7532
4759.9229 0.7532
4761.0205 0.7513
4762.1157 0.7482
4763.2139 0.7446
4764.3096 0.7432
4765.4082 0.7450
4766.5044 0.7487
4767.6011 0.7519
4768.7002 0.7533
4769.7974 0.7536
4770.8975 0.7511
4771.9951 0.7477
4773.0952 0.7460
4774.1934 0.7463
4775.2915 0.7470
4776.3926 0.7472
4777.4917 0.7472
4778.5933 0.7470
4779.6924 0.7458
4780.7949 0.7446
4781.8945 0.7462
4782.9946 0.7502
4784.0977 0.7516
4785.1982 0.7514
4786.3018 0.7513
4787.4028 0.7515
4788.5068 0.7509
4789.6084 0.7500
4790.7100 0.7507
4791.8149 0.7520
4792.9170 0.7536
4794.0225 0.7549
4795.1255 0.7550
4796.2310 0.7532
4797.3345 0.7526
4798.4380 0.7525
4799.5444 0.7530
4800.6489 0.7541
4801.7559 0.7551
4802.8604 0.7539
4803.9678 0.7500
4805.0732 0.7459
4806.1782 0.7451
4807.2866 0.7484
4808.3926 0.7515
4809.5015 0.7514
4810.6079 0.7495
4811.7173 0.7467
4812.8242 0.7455
4813.9312 0.7465
4815.0415 0.7477
4816.1489 0.7466
4817.2598 0.7474
4818.3677 0.7490
4819.4790 0.7490
4820.5879 0.7470
4821.6968 0.7449
4822.8086 0.7410
4823.9180 0.7278
4825.0303 0.7197
4826.1401 0.7259
4827.2534 0.7406
4828.3638 0.7493
4829.4771 0.7519
4830.5884 0.7532
4831.6992 0.7533
4832.8135 0.7529
4833.9253 0.7524
4835.0400 0.7508
4836.1523 0.7467
4837.2676 0.7455
4838.3804 0.7476
4839.4937 0.7495
4840.6094 0.7494
4841.7231 0.7494
4842.8394 0.7504
4843.9536 0.7517
4845.0708 0.7521
4846.1851 0.7503
4847.3003 0.7449
4848.4180 0.7365
4849.5332 0.7323
4850.6514 0.7365
4851.7676 0.7397
4852.8862 0.7386
4854.0024 0.7349
4855.1191 0.7278
4856.2388 0.7150
4857.3560 0.6979
4858.4761 0.6712
4859.5938 0.6228
4860.7144 0.5522
4861.8325 0.4917
4862.9512 0.5033
4864.0723 0.5668
4865.1914 0.6285
4866.3135 0.6723
4867.4326 0.7024
4868.5552 0.7201
4869.6753 0.7292
4870.7954 0.7330
4871.9189 0.7347
4873.0396 0.7356
4874.1631 0.7354
4875.2847 0.7327
4876.4087 0.7251
4877.5308 0.7219
4878.6528 0.7270
4879.7778 0.7339
4880.9004 0.7363
4882.0259 0.7354
4883.1489 0.7340
4884.2749 0.7319
4885.3984 0.7314
4886.5225 0.7338
4887.6494 0.7374
4888.7734 0.7393
4889.9009 0.7413
4891.0259 0.7415
4892.1538 0.7405
4893.2793 0.7391
4894.4048 0.7385
4895.5337 0.7398
4896.6597 0.7423
4897.7891 0.7432
4898.9155 0.7436
4900.0454 0.7446
4901.1724 0.7455
4902.2998 0.7455
4903.4307 0.7466
4904.5586 0.7469
4905.6895 0.7467
4906.8179 0.7470
4907.9497 0.7477
4909.0786 0.7472
4910.2080 0.7470
4911.3403 0.7469
4912.4702 0.7470
4913.6030 0.7477
4914.7334 0.7499
4915.8667 0.7533
4916.9976 0.7540
4918.1313 0.7525
4919.2627 0.7514
4920.3945 0.7468
4921.5288 0.7339
4922.6611 0.7087
4923.7964 0.6661
4924.9292 0.6514
4926.0649 0.6850
4927.1978 0.7307
4928.3315 0.7525
4929.4678 0.7561
4930.6021 0.7577
4931.7388 0.7592
4932.8735 0.7591
4934.0107 0.7579
4935.1460 0.7573
4936.2812 0.7581
4937.4194 0.7585
4938.5557 0.7585
4939.6943 0.7598
4940.8306 0.7613
4941.9702 0.7615
4943.1069 0.7601
4944.2441 0.7593
4945.3843 0.7587
4946.5220 0.7575
4947.6626 0.7550
4948.8008 0.7524
4949.9419 0.7519
4951.0806 0.7512
4952.2197 0.7486
4953.3618 0.7489
4954.5010 0.7524
4955.6436 0.7559
4956.7837 0.7567
4957.9268 0.7545
4959.0674 0.7548
4960.2080 0.7567
4961.3521 0.7581
4962.4932 0.7576
4963.6377 0.7555
4964.7793 0.7535
4965.9243 0.7536
4967.0669 0.7532
4968.2095 0.7522
4969.3550 0.7523
4970.4980 0.7541
4971.6445 0.7556
4972.7881 0.7568
4973.9351 0.7587
4975.0791 0.7596
4976.2236 0.7580
4977.3711 0.7544
4978.5161 0.7524
4979.6641 0.7525
4980.8096 0.7539
4981.9585 0.7550
4983.1045 0.7544
4984.2510 0.7529
4985.4004 0.7528
4986.5469 0.7550
4987.6968 0.7561
4988.8442 0.7547
4989.9946 0.7505
4991.1426 0.7443
4992.2910 0.7407
4993.4419 0.7419
4994.5908 0.7460
4995.7427 0.7513
4996.8921 0.7561
4998.0439 0.7586
4999.1938 0.7570
5000.3438 0.7509
5001.4971 0.7398
5002.6475 0.7306
5003.8013 0.7298
5004.9521 0.7359
5006.1064 0.7415
5007.2583 0.7449
5008.4126 0.7463
5009.5649 0.7470
5010.7173 0.7494
5011.8730 0.7539
5013.0259 0.7562
5014.1816 0.7510
5015.3354 0.7422
5016.4917 0.7286
5017.6460 0.7003
5018.8003 0.6588
5019.9575 0.6589
5021.1123 0.7042
5022.2700 0.7368
5023.4258 0.7461
5024.5840 0.7494
5025.7397 0.7513
5026.8960 0.7492
5028.0552 0.7484
5029.2119 0.7490
5030.3716 0.7469
5031.5288 0.7411
5032.6890 0.7377
5033.8472 0.7393
5035.0049 0.7386
5036.1660 0.7351
5037.3247 0.7353
5038.4863 0.7404
5039.6455 0.7391
5040.8076 0.7200
5041.9668 0.7094
5043.1270 0.7215
5044.2900 0.7395
5045.4502 0.7457
5046.6138 0.7439
5047.7749 0.7414
5048.9390 0.7428
5050.1001 0.7467
5051.2622 0.7497
5052.4268 0.7498
5053.5894 0.7470
5054.7544 0.7365
5055.9175 0.7058
5057.0830 0.6922
5058.2466 0.7091
5059.4102 0.7365
5060.5771 0.7461
5061.7412 0.7455
5062.9082 0.7463
5064.0732 0.7493
5065.2407 0.7504
5066.4062 0.7478
5067.5718 0.7450
5068.7402 0.7460
5069.9062 0.7475
5071.0752 0.7459
5072.2417 0.7434
5073.4116 0.7424
5074.5786 0.7413
5075.7461 0.7398
5076.9165 0.7424
5078.0845 0.7468
5079.2554 0.7500
5080.4238 0.7509
5081.5957 0.7499
5082.7646 0.7481
5083.9336 0.7477
5085.1060 0.7480
5086.2759 0.7476
5087.4487 0.7459
5088.6191 0.7441
5089.7925 0.7435
5090.9634 0.7445
5092.1348 0.7448
5093.3091 0.7429
5094.4805 0.7407
5095.6553 0.7420
5096.8276 0.7427
5098.0029 0.7408
5099.1758 0.7380
5100.3516 0.7314
5101.5249 0.7241
5102.6987 0.7282
5103.8750 0.7393
5105.0493 0.7415
5106.2266 0.7397
5107.4014 0.7394
5108.5791 0.7414
5109.7544 0.7439
5110.9297 0.7446
5112.1084 0.7438
5113.2842 0.7417
5114.4634 0.7402
5115.6401 0.7405
5116.8198 0.7409
5117.9966 0.7407
5119.1743 0.7409
5120.3545 0.7403
5121.5327 0.7398
5122.7134 0.7403
5123.8921 0.7407
5125.0737 0.7411
5126.2524 0.7408
5127.4321 0.7368
5128.6143 0.7319
5129.7939 0.7313
5130.9771 0.7362
5132.1572 0.7392
5133.3408 0.7391
5134.5220 0.7399
5135.7031 0.7418
5136.8872 0.7426
5138.0688 0.7415
5139.2539 0.7400
5140.4360 0.7384
5141.6216 0.7388
5142.8042 0.7388
5143.9873 0.7353
5145.1738 0.7300
5146.3574 0.7279
5147.5439 0.7299
5148.7280 0.7297
5149.9155 0.7272
5151.1001 0.7268
5152.2852 0.7308
5153.4731 0.7309
5154.6587 0.7295
5155.8477 0.7304
5157.0337 0.7317
5158.2227 0.7319
5159.4097 0.7336
5160.5962 0.7341
5161.7861 0.7337
5162.9736 0.7344
5164.1646 0.7353
5165.3525 0.7341
5166.5435 0.7271
5167.7319 0.7053
5168.9209 0.6554
5170.1128 0.6364
5171.3022 0.6661
5172.4946 0.7101
5173.6846 0.7264
5174.8779 0.7344
5176.0684 0.7376
5177.2588 0.7358
5178.4526 0.7336
5179.6440 0.7336
5180.8384 0.7332
5182.0303 0.7326
5183.2251 0.7283
5184.4175 0.7237
5185.6104 0.7229
5186.8062 0.7262
5187.9995 0.7293
5189.1958 0.7305
5190.3896 0.7313
5191.5864 0.7322
5192.7808 0.7324
5193.9780 0.7307
5195.1729 0.7267
5196.3682 0.7185
5197.5664 0.6999
5198.7622 0.6942
5199.9609 0.7069
5201.1572 0.7236
5202.3564 0.7288
5203.5532 0.7295
5204.7505 0.7305
5205.9507 0.7328
5207.1484 0.7348
5208.3491 0.7350
5209.5474 0.7342
5210.7485 0.7358
5211.9473 0.7361
5213.1460 0.7325
5214.3481 0.7261
5215.5479 0.7190
5216.7505 0.7129
5217.9507 0.7142
5219.1538 0.7216
5220.3545 0.7268
5221.5557 0.7281
5222.7598 0.7272
5223.9609 0.7251
5225.1655 0.7231
5226.3677 0.7151
5227.5728 0.7061
5228.7754 0.7071
5229.9785 0.7194
5231.1846 0.7286
5232.3877 0.7257
5233.5942 0.7097
5234.7983 0.6903
5236.0054 0.6845
5237.2100 0.6954
5238.4150 0.7066
5239.6230 0.7159
5240.8281 0.7237
5242.0366 0.7280
5243.2427 0.7288
5244.4517 0.7248
5245.6582 0.7144
5246.8652 0.7078
5248.0747 0.7114
5249.2822 0.7167
5250.4927 0.7198
5251.7007 0.7217
5252.9116 0.7223
5254.1201 0.7210
5255.3286 0.7183
5256.5405 0.7179
5257.7500 0.7194
5258.9624 0.7182
5260.1724 0.7115
5261.3853 0.7071
5262.5957 0.7133
5263.8062 0.7132
5265.0200 0.7079
5266.2310 0.7100
5267.4458 0.7226
5268.6572 0.7292
5269.8721 0.7293
5271.0845 0.7268
5272.2974 0.7228
5273.5132 0.7172
5274.7261 0.7074
5275.9424 0.6829
5277.1562 0.6777
5278.3730 0.6960
5279.5874 0.7159
5280.8047 0.7225
5282.0195 0.7249
5283.2349 0.7229
5284.4531 0.7150
5285.6689 0.7149
5286.8877 0.7223
5288.1040 0.7279
5289.3232 0.7283
5290.5400 0.7281
5291.7573 0.7248
5292.9775 0.7232
5294.1953 0.7249
5295.4160 0.7271
5296.6343 0.7276
5297.8555 0.7279
5299.0742 0.7254
5300.2935 0.7232
5301.5156 0.7236
5302.7354 0.7257
5303.9580 0.7262
5305.1782 0.7253
5306.4014 0.7224
5307.6221 0.7215
5308.8433 0.7229
5310.0674 0.7248
5311.2891 0.7266
5312.5137 0.7255
5313.7358 0.7209
5314.9614 0.7085
5316.1841 0.6840
5317.4072 0.6629
5318.6333 0.6769
5319.8569 0.7093
5321.0835 0.7202
5322.3076 0.7229
5323.5347 0.7253
5324.7598 0.7235
5325.9844 0.7183
5327.2129 0.7209
5328.4380 0.7232
5329.6670 0.7212
5330.8931 0.7188
5332.1221 0.7208
5333.3491 0.7245
5334.5757 0.7213
5335.8062 0.7170
5337.0337 0.7164
5338.2642 0.7173
5339.4922 0.7171
5340.7236 0.7185
5341.9521 0.7235
5343.1812 0.7263
5344.4131 0.7256
5345.6426 0.7231
5346.8755 0.7216
5348.1055 0.7231
5349.3389 0.7253
5350.5693 0.7264
5351.8003 0.7266
5353.0342 0.7263
5354.2656 0.7255
5355.5005 0.7248
5356.7324 0.7242
5357.9678 0.7234
5359.2002 0.7222
5360.4331 0.7203
5361.6694 0.7146
5362.9028 0.7018
5364.1392 0.6954
5365.3735 0.7069
5366.6108 0.7175
5367.8452 0.7209
5369.0801 0.7213
5370.3184 0.7201
5371.5537 0.7192
5372.7925 0.7203
5374.0283 0.7221
5375.2676 0.7231
5376.5039 0.7231
5377.7441 0.7224
5378.9810 0.7230
5380.2183 0.7233
5381.4590 0.7219
5382.6973 0.7201
5383.9385 0.7201
5385.1768 0.7207
5386.4189 0.7171
5387.6577 0.7119
5388.8975 0.7125
5390.1401 0.7172
5391.3799 0.7202
5392.6230 0.7204
5393.8638 0.7187
5395.1074 0.7176
5396.3486 0.7163
5397.5903 0.7150
5398.8350 0.7151
5400.0767 0.7161
5401.3223 0.7123
5402.5645 0.7074
5403.8105 0.7086
5405.0537 0.7122
5406.2969 0.7132
5407.5439 0.7148
5408.7876 0.7168
5410.0352 0.7174
5411.2798 0.7169
5412.5273 0.7156
5413.7725 0.7132
5415.0181 0.7106
5416.2666 0.7138
5417.5127 0.7186
5418.7617 0.7194
5420.0083 0.7173
5421.2583 0.7159
5422.5054 0.7163
5423.7529 0.7152
5425.0034 0.7103
5426.2515 0.7079
5427.5029 0.7087
5428.7515 0.7088
5430.0034 0.7069
5431.2524 0.7087
5432.5020 0.7074
5433.7549 0.7066
5435.0049 0.7095
5436.2578 0.7138
5437.5088 0.7147
5438.7627 0.7147
5440.0137 0.7145
5441.2651 0.7142
5442.5200 0.7134
5443.7720 0.7124
5445.0273 0.7126
5446.2798 0.7138
5447.5356 0.7130
5448.7891 0.7124
5450.0425 0.7128
5451.2993 0.7133
5452.5532 0.7127
5453.8105 0.7088
5455.0654 0.7072
5456.3232 0.7094
5457.5786 0.7121
5458.8340 0.7131
5460.0928 0.7145
5461.3486 0.7162
5462.6084 0.7163
5463.8647 0.7151
5465.1250 0.7118
5466.3823 0.7062
5467.6396 0.7023
5468.9004 0.7076
5470.1587 0.7129
5471.4199 0.7152
5472.6787 0.7155
5473.9404 0.7151
5475.1997 0.7148
5476.4624 0.7158
5477.7222 0.7122
5478.9824 0.7043
5480.2461 0.7001
5481.5068 0.7037
5482.7705 0.7086
5484.0322 0.7110
5485.2964 0.7125
5486.5586 0.7100
5487.8208 0.7053
5489.0859 0.7034
5490.3491 0.7065
5491.6147 0.7096
5492.8784 0.7089
5494.1450 0.7077
5495.4087 0.7092
5496.6729 0.7126
5497.9404 0.7147
5499.2056 0.7141
5500.4736 0.7140
5501.7388 0.7117
5503.0073 0.7074
5504.2734 0.7041
5505.5396 0.7022
5506.8096 0.6967
5508.0762 0.6971
5509.3462 0.7003
5510.6138 0.7027
5511.8843 0.7052
5513.1523 0.7100
5514.4209 0.7127
5515.6924 0.7145
5516.9614 0.7155
5518.2334 0.7156
5519.5029 0.7150
5520.7759 0.7139
5522.0459 0.7126
5523.3159 0.7115
5524.5898 0.7097
5525.8608 0.7077
5527.1348 0.7061
5528.4062 0.7052
5529.6812 0.7049
5530.9536 0.7062
5532.2256 0.7067
5533.5015 0.7030
5534.7744 0.6944
5536.0508 0.6879
5537.3242 0.6950
5538.6011 0.7021
5539.8755 0.7055
5541.1499 0.7065
5542.4277 0.7062
5543.7026 0.7035
5544.9810 0.6993
5546.2568 0.7000
5547.5356 0.7032
5548.8115 0.7051
5550.0884 0.7055
5551.3682 0.7071
5552.6450 0.7090
5553.9258 0.7090
5555.2031 0.7074
5556.4844 0.7062
5557.7627 0.7063
5559.0410 0.7063
5560.3232 0.7051
5561.6021 0.7043
5562.8848 0.7042
5564.1646 0.7039
5565.4473 0.7037
5566.7280 0.7049
5568.0083 0.7057
5569.2925 0.7048
5570.5737 0.7041
5571.8579 0.7044
5573.1401 0.7048
5574.4253 0.7048
5575.7075 0.7036
5576.9932 0.7015
5578.2764 0.6996
5579.5596 0.6993
5580.8462 0.7010
5582.1299 0.7025
5583.4170 0.7025
5584.7017 0.7028
5585.9893 0.7024
5587.2744 0.7004
5588.5601 0.6982
5589.8486 0.6987
5591.1348 0.7007
5592.4238 0.7013
5593.7104 0.7013
5595.0005 0.7011
5596.2876 0.7009
5597.5747 0.7009
5598.8657 0.7006
5600.1538 0.6998
5601.4448 0.6992
5602.7334 0.6993
5604.0254 0.6996
5605.3149 0.6987
5606.6045 0.6966
5607.8970 0.6963
5609.1870 0.6966
5610.4805 0.6966
5611.7715 0.6967
5613.0654 0.6978
5614.3569 0.6986
5615.6484 0.6978
5616.9434 0.6966
5618.2354 0.6969
5619.5308 0.6980
5620.8237 0.6976
5622.1201 0.6970
5623.4131 0.6977
5624.7070 0.6982
5626.0039 0.6981
5627.2983 0.6977
5628.5957 0.6972
5629.8906 0.6979
5631.1890 0.6977
5632.4844 0.6969
5633.7803 0.6964
5635.0791 0.6961
5636.3755 0.6953
5637.6753 0.6945
5638.9722 0.6929
5640.2725 0.6897
5641.5703 0.6885
5642.8682 0.6913
5644.1694 0.6931
5645.4678 0.6900
5646.7695 0.6886
5648.0684 0.6896
5649.3711 0.6908
5650.6704 0.6914
5651.9707 0.6929
5653.2739 0.6937
5654.5742 0.6941
5655.8784 0.6934
5657.1797 0.6921
5658.4839 0.6908
5659.7856 0.6903
5661.0879 0.6902
5662.3931 0.6914
5663.6958 0.6927
5665.0020 0.6929
5666.3052 0.6920
5667.6118 0.6911
5668.9155 0.6902
5670.2197 0.6898
5671.5273 0.6899
5672.8320 0.6901
5674.1401 0.6898
5675.4453 0.6891
5676.7539 0.6889
5678.0601 0.6891
5679.3696 0.6886
5680.6758 0.6876
5681.9829 0.6873
5683.2930 0.6875
5684.6006 0.6884
5685.9111 0.6893
5687.2192 0.6892
5688.5308 0.6883
5689.8394 0.6871
5691.1484 0.6865
5692.4609 0.6874
5693.7705 0.6884
5695.0835 0.6884
5696.3936 0.6876
5697.7070 0.6867
5699.0176 0.6865
5700.3286 0.6858
5701.6431 0.6844
5702.9551 0.6830
5704.2700 0.6814
5705.5825 0.6794
5706.8979 0.6789
5708.2109 0.6811
5709.5239 0.6837
5710.8408 0.6845
5712.1543 0.6841
5713.4717 0.6841
5714.7861 0.6848
5716.1040 0.6851
5717.4189 0.6849
5718.7339 0.6840
5720.0527 0.6829
5721.3687 0.6825
5722.6880 0.6828
5724.0044 0.6836
5725.3242 0.6834
5726.6416 0.6820
5727.9590 0.6812
5729.2798 0.6820
5730.5977 0.6821
5731.9194 0.6816
5733.2378 0.6817
5734.5601 0.6810
5735.8794 0.6804
5737.1987 0.6808
5738.5215 0.6811
5739.8418 0.6811
5741.1655 0.6803
5742.4863 0.6799
5743.8105 0.6799
5745.1318 0.6794
5746.4536 0.6782
5747.7783 0.6772
5749.1006 0.6777
5750.4268 0.6789
5751.7495 0.6795
5753.0757 0.6797
5754.3994 0.6802
5755.7231 0.6799
5757.0503 0.6799
5758.3745 0.6805
5759.7026 0.6811
5761.0273 0.6809
5762.3560 0.6799
5763.6816 0.6790
5765.0078 0.6782
5766.3369 0.6776
5767.6636 0.6775
5768.9937 0.6777
5770.3208 0.6771
5771.6514 0.6761
5772.9790 0.6748
5774.3071 0.6744
5775.6387 0.6741
5776.9673 0.6726
5778.2993 0.6689
5779.6289 0.6584
5780.9614 0.6442
5782.2915 0.6429
5783.6250 0.6533
5784.9556 0.6629
5786.2861 0.6679
5787.6206 0.6710
5788.9521 0.6722
5790.2871 0.6734
5791.6191 0.6744
5792.9546 0.6741
5794.2871 0.6727
5795.6201 0.6697
5796.9565 0.6645
5798.2900 0.6639
5799.6274 0.6687
5800.9614 0.6736
5802.2993 0.6743
5803.6338 0.6741
5804.9692 0.6739
5806.3076 0.6730
5807.6436 0.6720
5808.9824 0.6721
5810.3188 0.6729
5811.6587 0.6730
5812.9956 0.6712
5814.3330 0.6707
5815.6738 0.6727
5817.0117 0.6749
5818.3530 0.6752
5819.6914 0.6751
5821.0337 0.6754
5822.3726 0.6756
5823.7119 0.6756
5825.0552 0.6760
5826.3950 0.6759
5827.7388 0.6744
5829.0791 0.6740
5830.4233 0.6745
5831.7646 0.6749
5833.1064 0.6751
5834.4517 0.6756
5835.7935 0.6746
5837.1396 0.6748
5838.4824 0.6758
5839.8286 0.6759
5841.1719 0.6741
5842.5156 0.6720
5843.8633 0.6704
5845.2075 0.6694
5846.5552 0.6695
5847.9004 0.6703
5849.2490 0.6704
5850.5942 0.6689
5851.9404 0.6695
5853.2896 0.6704
5854.6362 0.6706
5855.9863 0.6705
5857.3335 0.6708
5858.6841 0.6715
5860.0322 0.6715
5861.3799 0.6710
5862.7319 0.6708
5864.0806 0.6708
5865.4326 0.6706
5866.7822 0.6702
5868.1348 0.6685
5869.4849 0.6677
5870.8350 0.6678
5872.1890 0.6679
5873.5400 0.6666
5874.8940 0.6603
5876.2456 0.6451
5877.6006 0.6481
5878.9531 0.6605
5880.3052 0.6684
5881.6611 0.6684
5883.0146 0.6671
5884.3711 0.6665
5885.7246 0.6652
5887.0820 0.6635
5888.4365 0.6494
5889.7939 0.6126
5891.1489 0.5780
5892.5044 0.6154
5893.8633 0.6474
5895.2192 0.6331
5896.5786 0.6015
5897.9351 0.6042
5899.2949 0.6457
5900.6523 0.6587
5902.0098 0.6591
5903.3706 0.6585
5904.7285 0.6605
5906.0903 0.6639
5907.4487 0.6644
5908.8110 0.6636
5910.1704 0.6632
5911.5303 0.6627
5912.8931 0.6619
5914.2534 0.6608
5915.6172 0.6602
5916.9780 0.6605
5918.3428 0.6601
5919.7041 0.6590
5921.0659 0.6590
5922.4312 0.6600
5923.7939 0.6587
5925.1597 0.6575
5926.5229 0.6589
5927.8896 0.6600
5929.2534 0.6599
5930.6172 0.6596
5931.9849 0.6596
5933.3496 0.6595
5934.7178 0.6604
5936.0830 0.6610
5937.4517 0.6602
5938.8179 0.6591
5940.1841 0.6584
5941.5537 0.6536
5942.9204 0.6504
5944.2910 0.6516
5945.6587 0.6537
5947.0298 0.6530
5948.3975 0.6529
5949.7661 0.6537
5951.1382 0.6538
5952.5073 0.6526
5953.8799 0.6518
5955.2495 0.6514
5956.6226 0.6473
5957.9932 0.6377
5959.3638 0.6374
5960.7378 0.6428
5962.1094 0.6463
5963.4839 0.6469
5964.8560 0.6496
5966.2314 0.6491
5967.6040 0.6475
5968.9766 0.6476
5970.3530 0.6488
5971.7266 0.6495
5973.1035 0.6499
5974.4780 0.6495
5975.8555 0.6480
5977.2305 0.6444
5978.6055 0.6369
5979.9839 0.6302
5981.3599 0.6364
5982.7388 0.6452
5984.1152 0.6482
5985.4951 0.6480
5986.8721 0.6474
5988.2495 0.6472
5989.6304 0.6480
5991.0083 0.6466
5992.3896 0.6449
5993.7681 0.6448
5995.1504 0.6442
5996.5298 0.6421
5997.9126 0.6436
5999.2920 0.6463
6000.6724 0.6465
6002.0562 0.6461
6003.4370 0.6461
6004.8213 0.6460
6006.2026 0.6458
6007.5874 0.6459
6008.9697 0.6427
6010.3521 0.6362
6011.7378 0.6329
6013.1211 0.6369
6014.5078 0.6420
6015.8911 0.6442
6017.2783 0.6450
6018.6626 0.6451
6020.0474 0.6449
6021.4355 0.6449
6022.8208 0.6452
6024.2095 0.6443
6025.5957 0.6440
6026.9849 0.6440
6028.3716 0.6440
6029.7583 0.6443
6031.1489 0.6447
6032.5361 0.6445
6033.9272 0.6437
6035.3154 0.6424
6036.7070 0.6410
6038.0957 0.6400
6039.4849 0.6398
6040.8774 0.6404
6042.2671 0.6411
6043.6606 0.6411
6045.0508 0.6403
6046.4448 0.6392
6047.8359 0.6397
6049.2271 0.6418
6050.6221 0.6420
6052.0142 0.6418
6053.4097 0.6418
6054.8022 0.6419
6056.1982 0.6427
6057.5918 0.6431
6058.9854 0.6433
6060.3823 0.6424
6061.7764 0.6410
6063.1743 0.6408
6064.5693 0.6421
6065.9678 0.6415
6067.3633 0.6408
6068.7588 0.6408
6070.1582 0.6408
6071.5547 0.6405
6072.9551 0.6409
6074.3521 0.6416
6075.7529 0.6416
6077.1504 0.6420
6078.5483 0.6427
6079.9502 0.6429
6081.3491 0.6424
6082.7515 0.6416
6084.1504 0.6402
6085.5537 0.6398
6086.9536 0.6402
6088.3540 0.6405
6089.7578 0.6406
6091.1587 0.6408
6092.5635 0.6412
6093.9648 0.6412
6095.3701 0.6409
6096.7725 0.6408
6098.1782 0.6408
6099.5811 0.6411
6100.9844 0.6412
6102.3911 0.6405
6103.7949 0.6395
6105.2026 0.6394
6106.6069 0.6411
6108.0151 0.6410
6109.4204 0.6395
6110.8257 0.6385
6112.2349 0.6383
6113.6411 0.6386
6115.0508 0.6390
6116.4575 0.6396
6117.8682 0.6391
6119.2754 0.6392
6120.6831 0.6403
6122.0947 0.6410
6123.5029 0.6406
6124.9150 0.6397
6126.3242 0.6396
6127.7368 0.6399
6129.1465 0.6398
6130.5566 0.6394
6131.9702 0.6395
6133.3809 0.6400
6134.7954 0.6401
6136.2065 0.6401
6137.6216 0.6401
6139.0337 0.6397
6140.4458 0.6391
6141.8618 0.6380
6143.2749 0.6367
6144.6914 0.6368
6146.1050 0.6365
6147.5220 0.6322
6148.9365 0.6239
6150.3511 0.6231
6151.7690 0.6301
6153.1846 0.6359
6154.6035 0.6367
6156.0190 0.6328
6157.4390 0.6247
6158.8555 0.6216
6160.2720 0.6267
6161.6929 0.6322
6163.1104 0.6333
6164.5312 0.6314
6165.9497 0.6299
6167.3711 0.6299
6168.7900 0.6304
6170.2095 0.6303
6171.6323 0.6297
6173.0518 0.6286
6174.4756 0.6270
6175.8960 0.6245
6177.3198 0.6245
6178.7412 0.6251
6180.1626 0.6250
6181.5874 0.6252
6183.0098 0.6269
6184.4355 0.6278
6185.8579 0.6285
6187.2847 0.6285
6188.7080 0.6289
6190.1318 0.6304
6191.5591 0.6315
6192.9834 0.6314
6194.4116 0.6309
6195.8364 0.6298
6197.2651 0.6290
6198.6909 0.6294
6200.1172 0.6293
6201.5469 0.6279
6202.9731 0.6234
6204.4038 0.6207
6205.8311 0.6223
6207.2622 0.6263
6208.6899 0.6292
6210.1216 0.6301
6211.5503 0.6300
6212.9795 0.6299
6214.4121 0.6303
6215.8418 0.6311
6217.2749 0.6322
6218.7056 0.6329
6220.1392 0.6331
6221.5703 0.6324
6223.0015 0.6310
6224.4365 0.6299
6225.8687 0.6301
6227.3042 0.6304
6228.7368 0.6304
6230.1729 0.6304
6231.6064 0.6303
6233.0400 0.6298
6234.4771 0.6291
6235.9116 0.6291
6237.3496 0.6264
6238.7842 0.6200
6240.2231 0.6166
6241.6587 0.6214
6243.0942 0.6267
6244.5342 0.6259
6245.9707 0.6245
6247.4111 0.6173
6248.8481 0.6113
6250.2891 0.6171
6251.7271 0.6265
6253.1650 0.6288
6254.6069 0.6299
6256.0459 0.6301
6257.4888 0.6294
6258.9282 0.6290
6260.3716 0.6290
6261.8115 0.6287
6263.2520 0.6279
6264.6963 0.6271
6266.1377 0.6261
6267.5825 0.6243
6269.0244 0.6217
6270.4702 0.6173
6271.9126 0.6175
6273.3555 0.6202
6274.8022 0.6218
6276.2456 0.6182
6277.6929 0.6058
6279.1372 0.5933
6280.5850 0.5917
6282.0298 0.5906
6283.4751 0.5833
6284.9238 0.5759
6286.3696 0.5817
6287.8193 0.5975
6289.2661 0.6077
6290.7163 0.6115
6292.1636 0.6125
6293.6108 0.6141
6295.0620 0.6175
6296.5103 0.6186
6297.9624 0.6185
6299.4111 0.6179
6300.8638 0.6180
6302.3135 0.6188
6303.7632 0.6170
6305.2168 0.6151
6306.6675 0.6124
6308.1216 0.6133
6309.5728 0.6160
6311.0278 0.6164
6312.4795 0.6170
6313.9316 0.6176
6315.3877 0.6169
6316.8403 0.6150
6318.2974 0.6122
6319.7510 0.6112
6321.2080 0.6158
6322.6621 0.6188
6324.1201 0.6195
6325.5752 0.6195
6327.0303 0.6203
6328.4893 0.6215
6329.9453 0.6207
6331.4048 0.6183
6332.8613 0.6165
6334.3218 0.6166
6335.7788 0.6178
6337.2363 0.6185
6338.6978 0.6192
6340.1558 0.6189
6341.6182 0.6184
6343.0767 0.6174
6344.5396 0.6152
6345.9990 0.6006
6347.4590 0.5609
6348.9229 0.5568
6350.3833 0.5910
6351.8477 0.6137
6353.3091 0.6149
6354.7739 0.6154
6356.2358 0.6156
6357.6982 0.6160
6359.1641 0.6163
6360.6270 0.6160
6362.0938 0.6148
6363.5576 0.6139
6365.0249 0.6149
6366.4893 0.6149
6367.9536 0.6141
6369.4224 0.6083
6370.8877 0.5870
6372.3564 0.5611
6373.8228 0.5754
6375.2925 0.6043
6376.7588 0.6115
6378.2261 0.6106
6379.6968 0.6115
6381.1646 0.6117
6382.6357 0.6135
6384.1040 0.6127
6385.5762 0.6123
6387.0454 0.6123
6388.5146 0.6125
6389.9878 0.6133
6391.4580 0.6139
6392.9316 0.6139
6394.4023 0.6132
6395.8770 0.6128
6397.3481 0.6128
6398.8198 0.6128
6400.2954 0.6128
6401.7681 0.6107
6403.2441 0.6092
6404.7173 0.6102
6406.1943 0.6116
6407.6680 0.6114
6409.1421 0.6113
6410.6196 0.6114
6412.0947 0.6109
6413.5732 0.6104
6415.0488 0.6094
6416.5278 0.6060
6418.0039 0.6020
6419.4805 0.6048
6420.9609 0.6082
6422.4380 0.6094
6423.9189 0.6096
6425.3970 0.6098
6426.8784 0.6089
6428.3569 0.6089
6429.8359 0.6095
6431.3184 0.6088
6432.7979 0.6065
6434.2812 0.6045
6435.7617 0.6059
6437.2456 0.6077
6438.7266 0.6074
6440.2114 0.6058
6441.6929 0.6045
6443.1748 0.6044
6444.6606 0.6044
6446.1431 0.6020
6447.6294 0.6010
6449.1128 0.6018
6450.6001 0.6027
6452.0840 0.6023
6453.5684 0.6011
6455.0566 0.5944
6456.5415 0.5810
6458.0303 0.5790
6459.5161 0.5898
6461.0054 0.5988
6462.4917 0.6002
6463.9785 0.5997
6465.4692 0.5997
6466.9565 0.6000
6468.4478 0.5997
6469.9360 0.5991
6471.4277 0.5994
6472.9165 0.6000
6474.4058 0.5982
6475.8984 0.5962
6477.3882 0.5969
6478.8818 0.5995
6480.3726 0.5979
6481.8667 0.5936
6483.3579 0.5879
6484.8496 0.5872
6486.3447 0.5915
6487.8369 0.5951
6489.3330 0.5955
6490.8262 0.5949
6492.3228 0.5926
6493.8164 0.5911
6495.3101 0.5910
6496.8081 0.5915
6498.3027 0.5929
6499.8013 0.5953
6501.2964 0.5966
6502.7954 0.5972
6504.2915 0.5971
6505.7876 0.5959
6507.2881 0.5944
6508.7852 0.5943
6510.2861 0.5942
6511.7837 0.5939
6513.2852 0.5933
6514.7837 0.5913
6516.2822 0.5859
6517.7852 0.5832
6519.2842 0.5871
6520.7876 0.5912
6522.2876 0.5924
6523.7920 0.5920
6525.2925 0.5905
6526.7939 0.5909
6528.2988 0.5911
6529.8008 0.5906
6531.3062 0.5896
6532.8091 0.5884
6534.3154 0.5878
6535.8184 0.5876
6537.3223 0.5880
6538.8296 0.5891
6540.3340 0.5900
6541.8423 0.5895
6543.3472 0.5872
6544.8560 0.5849
6546.3613 0.5834
6547.8677 0.5845
6549.3774 0.5878
6550.8843 0.5901
6552.3945 0.5894
6553.9019 0.5862
6555.4136 0.5847
6556.9214 0.5835
6558.4336 0.5809
6559.9424 0.5754
6561.4512 0.5623
6562.9644 0.5344
6564.4741 0.5396
6565.9878 0.5618
6567.4985 0.5763
6569.0127 0.5793
6570.5239 0.5818
6572.0356 0.5832
6573.5513 0.5849
6575.0635 0.5861
6576.5796 0.5867
6578.0923 0.5868
6579.6094 0.5858
6581.1230 0.5868
6582.6372 0.5863
6584.1548 0.5860
6585.6694 0.5863
6587.1885 0.5863
6588.7036 0.5861
6590.2231 0.5858
6591.7393 0.5854
6593.2554 0.5854
6594.7759 0.5858
6596.2930 0.5861
6597.8140 0.5854
6599.3320 0.5851
6600.8535 0.5859
6602.3721 0.5866
6603.8911 0.5865
6605.4141 0.5857
6606.9336 0.5845
6608.4570 0.5844
6609.9771 0.5839
6611.5015 0.5831
6613.0225 0.5802
6614.5439 0.5759
6616.0693 0.5778
6617.5913 0.5826
6619.1172 0.5840
6620.6396 0.5834
6622.1665 0.5826
6623.6899 0.5821
6625.2139 0.5821
6626.7417 0.5814
6628.2661 0.5802
6629.7944 0.5807
6631.3198 0.5825
6632.8486 0.5831
6634.3745 0.5824
6635.9009 0.5827
6637.4312 0.5826
6638.9580 0.5823
6640.4888 0.5824
6642.0166 0.5826
6643.5483 0.5807
6645.0767 0.5785
6646.6055 0.5780
6648.1382 0.5788
6649.6675 0.5798
6651.2007 0.5804
6652.7310 0.5804
6654.2651 0.5801
6655.7959 0.5800
6657.3271 0.5799
6658.8623 0.5791
6660.3940 0.5774
6661.9297 0.5765
6663.4624 0.5783
6664.9990 0.5788
6666.5322 0.5791
6668.0659 0.5798
6669.6035 0.5800
6671.1377 0.5790
6672.6763 0.5775
6674.2114 0.5780
6675.7505 0.5787
6677.2861 0.5752
6678.8257 0.5685
6680.3623 0.5683
6681.8989 0.5754
6683.4399 0.5785
6684.9775 0.5782
6686.5190 0.5783
6688.0571 0.5798
6689.5996 0.5805
6691.1382 0.5794
6692.6777 0.5791
6694.2212 0.5788
6695.7607 0.5782
6697.3052 0.5774
6698.8457 0.5751
6700.3906 0.5744
6701.9316 0.5764
6703.4736 0.5779
6705.0195 0.5778
6706.5620 0.5776
6708.1084 0.5773
6709.6519 0.5773
6711.1987 0.5773
6712.7427 0.5770
6714.2871 0.5759
6715.8354 0.5743
6717.3804 0.5737
6718.9292 0.5740
6720.4751 0.5748
6722.0249 0.5736
6723.5713 0.5701
6725.1177 0.5687
6726.6685 0.5739
6728.2163 0.5752
6729.7676 0.5750
6731.3159 0.5748
6732.8682 0.5744
6734.4170 0.5737
6735.9663 0.5724
6737.5195 0.5717
6739.0693 0.5721
6740.6235 0.5723
6742.1743 0.5719
6743.7290 0.5716
6745.2803 0.5714
6746.8320 0.5713
6748.3877 0.5712
6749.9404 0.5711
6751.4966 0.5711
6753.0498 0.5712
6754.6069 0.5710
6756.1611 0.5706
6757.7153 0.5702
6759.2734 0.5699
6760.8286 0.5698
6762.3877 0.5698
6763.9434 0.5696
6765.5029 0.5693
6767.0596 0.5690
6768.6162 0.5686
6770.1772 0.5684
6771.7344 0.5683
6773.2959 0.5682
6774.8540 0.5677
6776.4165 0.5674
6777.9756 0.5674
6779.5347 0.5673
6781.0981 0.5670
6782.6582 0.5667
6784.2222 0.5665
6785.7827 0.5663
6787.3477 0.5661
6788.9092 0.5658
6790.4707 0.5656
6792.0366 0.5654
6793.5991 0.5653
6795.1655 0.5651
6796.7290 0.5649
6798.2964 0.5648
6799.8604 0.5646
6801.4282 0.5644
6802.9927 0.5643
6804.5581 0.5641
6806.1270 0.5639
6807.6929 0.5636
6809.2627 0.5634
6810.8291 0.5632
6812.3994 0.5630
6813.9668 0.5627
6815.5342 0.5624
6817.1060 0.5622
6818.6743 0.5620
6820.2466 0.5618
6821.8154 0.5616
6823.3887 0.5614
6824.9585 0.5613
6826.5283 0.5611
6828.1025 0.5609
6829.6733 0.5606
6831.2485 0.5605
6832.8198 0.5605
6834.3955 0.5604
6835.9678 0.5602
6837.5405 0.5600
6839.1172 0.5599
6840.6904 0.5599
6842.2681 0.5598
6843.8418 0.5597
6845.4199 0.5594
6846.9946 0.5592
6848.5698 0.5592
6850.1494 0.5592
6851.7251 0.5591
6853.3052 0.5589
6854.8818 0.5588
6856.4624 0.5586
6858.0396 0.5582
6859.6177 0.5580
6861.1992 0.5580
6862.7778 0.5578
6864.3604 0.5576
6865.9395 0.5577
6867.5225 0.5576
6869.1025 0.5574
6870.6826 0.5569
6872.2671 0.5566
6873.8481 0.5566
6875.4331 0.5567
6877.0146 0.5566
6878.6006 0.5565
6880.1831 0.5564
6881.7656 0.5561
6883.3525 0.5559
6884.9360 0.5558
6886.5239 0.5557
6888.1079 0.5556
6889.6963 0.5554
6891.2812 0.5553
6892.8667 0.5551
6894.4561 0.5549
6896.0425 0.5548
6897.6323 0.5546
6899.2192 0.5544
6900.8105 0.5542
6902.3979 0.5540
6903.9858 0.5538
6905.5776 0.5533
6907.1665 0.5528
6908.7593 0.5528
6910.3486 0.5528
6911.9419 0.5527
6913.5322 0.5526
6915.1226 0.5524
6916.7173 0.5523
6918.3081 0.5521
6919.9038 0.5518
6921.4956 0.5514
6923.0918 0.5508
6924.6846 0.5509
6926.2812 0.5511
6927.8745 0.5507
6929.4683 0.5504
6931.0664 0.5503
6932.6606 0.5503
6934.2593 0.5502
6935.8545 0.5501
6937.4541 0.5500
6939.0498 0.5498
6940.6460 0.5496
6942.2466 0.5494
6943.8438 0.5493
6945.4448 0.5491
6947.0430 0.5489
6948.6445 0.5487
6950.2432 0.5485
6951.8423 0.5483
6953.4453 0.5481
6955.0449 0.5481
6956.6489 0.5480
6958.2490 0.5479
6959.8535 0.5478
6961.4546 0.5477
6963.0562 0.5475
6964.6621 0.5471
6966.2642 0.5463
6967.8706 0.5463
6969.4736 0.5467
6971.0806 0.5464
6972.6841 0.5453
6974.2886 0.5453
6975.8965 0.5458
6977.5015 0.5455
6979.1104 0.5445
6980.7158 0.5441
6982.3257 0.5441
6983.9321 0.5444
6985.5386 0.5454
6987.1494 0.5457
6988.7568 0.5454
6990.3687 0.5453
6991.9766 0.5446
6993.5889 0.5425
6995.1978 0.5429
6996.8071 0.5447
6998.4204 0.5459
7000.0303 0.5455
7001.6445 0.5445
7003.2554 0.5432
7004.8701 0.5441
7006.4819 0.5453
7008.0938 0.5457
7009.7095 0.5459
7011.3223 0.5458
7012.9390 0.5456
7014.5522 0.5450
7016.1699 0.5441
7017.7837 0.5437
7019.3984 0.5438
7021.0171 0.5438
7022.6323 0.5445
7024.2515 0.5447
7025.8677 0.5436
7027.4878 0.5423
7029.1045 0.5421
7030.7212 0.5428
7032.3428 0.5422
7033.9604 0.5423
7035.5825 0.5427
7037.2007 0.5428
7038.8237 0.5432
7040.4429 0.5428
7042.0664 0.5368
7043.6865 0.5361
7045.3066 0.5398
7046.9316 0.5424
7048.5527 0.5420
7050.1782 0.5419
7051.7998 0.5415
7053.4263 0.5416
7055.0488 0.5408
7056.6719 0.5382
7058.2988 0.5356
7059.9229 0.5373
7061.5508 0.5357
7063.1753 0.5335
7064.8037 0.5312
7066.4292 0.5296
7068.0547 0.5310
7069.6846 0.5355
7071.3110 0.5384
7072.9419 0.5389
7074.5688 0.5384
7076.2002 0.5381
7077.8281 0.5376
7079.4561 0.5353
7081.0889 0.5347
7082.7178 0.5378
7084.3511 0.5402
7085.9810 0.5400
7087.6147 0.5389
7089.2451 0.5371
7090.8760 0.5373
7092.5112 0.5392
7094.1431 0.5399
7095.7788 0.5389
7097.4111 0.5383
7099.0479 0.5381
7100.6812 0.5372
7102.3145 0.5368
7103.9521 0.5370
7105.5864 0.5372
7107.2251 0.5371
7108.8599 0.5367
7110.4995 0.5366
7112.1353 0.5362
7113.7715 0.5365
7115.4116 0.5372
7117.0483 0.5370
7118.6899 0.5365
7120.3271 0.5358
7121.9692 0.5358
7123.6079 0.5361
7125.2466 0.5360
7126.8896 0.5359
7128.5293 0.5355
7130.1729 0.5350
7131.8130 0.5350
7133.4580 0.5350
7135.0986 0.5348
7136.7402 0.5344
7138.3857 0.5345
7140.0283 0.5344
7141.6748 0.5343
7143.3174 0.5340
7144.9648 0.5338
7146.6084 0.5337
7148.2524 0.5336
7149.9009 0.5334
7151.5459 0.5333
7153.1948 0.5332
7154.8403 0.5329
7156.4902 0.5324
7158.1367 0.5320
7159.7832 0.5323
7161.4346 0.5325
7163.0820 0.5324
7164.7339 0.5322
7166.3818 0.5321
7168.0347 0.5321
7169.6836 0.5321
7171.3369 0.5321
7172.9863 0.5321
7174.6367 0.5321
7176.2910 0.5321
7177.9419 0.5321
7179.5972 0.5320
7181.2490 0.5320
7182.9048 0.5320
7184.5571 0.5321
7186.2100 0.5321
7187.8672 0.5320
7189.5210 0.5320
7191.1787 0.5311
7192.8330 0.5296
7194.4917 0.5282
7196.1465 0.5274
7197.8022 0.5269
7199.4619 0.5264
7201.1182 0.5260
7202.7788 0.5257
7204.4355 0.5255
7206.0972 0.5253
7207.7549 0.5250
7209.4131 0.5246
7211.0757 0.5244
7212.7344 0.5242
7214.3975 0.5240
7216.0571 0.5238
7217.7212 0.5237
7219.3818 0.5236
7221.0425 0.5234
7222.7075 0.5231
7224.3691 0.5229
7226.0352 0.5228
7227.6973 0.5229
7229.3643 0.5229
7231.0273 0.5227
7232.6909 0.5226
7234.3584 0.5224
7236.0229 0.5223
7237.6914 0.5220
7239.3564 0.5220
7241.0259 0.5218
7242.6919 0.5217
7244.3579 0.5215
7246.0283 0.5213
7247.6953 0.5211
7249.3667 0.5210
7251.0342 0.5208
7252.7065 0.5205
7254.3750 0.5201
7256.0439 0.5197
7257.7168 0.5197
7259.3867 0.5197
7261.0605 0.5195
7262.7310 0.5192
7264.4058 0.5190
7266.0771 0.5187
7267.7485 0.5185
7269.4243 0.5183
7271.0967 0.5182
7272.7734 0.5180
7274.4463 0.5178
7276.1240 0.5176
7277.7979 0.5174
7279.4722 0.5171
7281.1509 0.5170
7282.8257 0.5167
7284.5054 0.5165
7286.1812 0.5162
7287.8613 0.5159
7289.5376 0.5157
7291.2148 0.5156
7292.8960 0.5155
7294.5737 0.5153
7296.2559 0.5151
7297.9341 0.5150
7299.6172 0.5148
7301.2964 0.5145
7302.9800 0.5143
7304.6602 0.5141
7306.3408 0.5139
7308.0254 0.5136
7309.7065 0.5141
7311.3921 0.5150
7313.0742 0.5154
7314.7607 0.5151
7316.4434 0.5147
7318.1265 0.5143
7319.8140 0.5138
7321.4980 0.5133
7323.1860 0.5130
7324.8711 0.5128
7326.5601 0.5125
7328.2456 0.5121
7329.9312 0.5118
7331.6216 0.5114
7333.3081 0.5111
7334.9995 0.5109
7336.6865 0.5106
7338.3784 0.5103
7340.0669 0.5100
7341.7554 0.5097
7343.4482 0.5095
7345.1377 0.5092
7346.8315 0.5090
7348.5215 0.5088
7350.2163 0.5085
7351.9067 0.5083
7353.5981 0.5081
7355.2939 0.5079
7356.9858 0.5077
7358.6826 0.5075
7360.3755 0.5073
7362.0728 0.5073
7363.7661 0.5072
7365.4604 0.5070
7367.1587 0.5065
7368.8535 0.5063
7370.5527 0.5061
7372.2485 0.5061
7373.9487 0.5062
7375.6450 0.5061
7377.3418 0.5059
7379.0430 0.5059
7380.7402 0.5059
7382.4424 0.5058
7384.1406 0.5054
7385.8433 0.5052
7387.5425 0.5052
7389.2422 0.5050
7390.9458 0.5050
7392.6465 0.5049
7394.3511 0.5047
7396.0522 0.5046
7397.7573 0.5046
7399.4595 0.5041
7401.1616 0.5036
7402.8682 0.5030
7404.5713 0.5026
7406.2788 0.5021
7407.9824 0.5016
7409.6909 0.5015
7411.3955 0.5003
7413.1006 0.5000
7414.8101 0.5004
7416.5156 0.5006
7418.2261 0.5002
7419.9326 0.5003
7421.6436 0.4996
7423.3506 0.4958
7425.0586 0.4936
7426.7705 0.4957
7428.4795 0.4989
7430.1924 0.4991
7431.9014 0.4990
7433.6152 0.4988
7435.3257 0.4988
7437.0400 0.4987
7438.7510 0.4986
7440.4624 0.4995
7442.1777 0.4917
7443.8901 0.4890
7445.6064 0.4943
7447.3193 0.5000
7449.0366 0.4995
7450.7505 0.4986
7452.4644 0.4986
7454.1831 0.4987
7455.8979 0.4986
7457.6172 0.4986
7459.3325 0.4986
7461.0527 0.4987
7462.7690 0.4943
7464.4858 0.4940
7466.2070 0.4955
7467.9248 0.4910
7469.6470 0.4822
7471.3652 0.4880
7473.0884 0.4944
7474.8076 0.4963
7476.5269 0.4964
7478.2510 0.4964
7479.9712 0.4958
7481.6963 0.4950
7483.4175 0.4951
7485.1431 0.4957
7486.8652 0.4960
7488.5874 0.4959
7490.3145 0.4955
7492.0371 0.4944
7493.7651 0.4940
7495.4888 0.4943
7497.2173 0.4947
7498.9419 0.4949
7500.6670 0.4946
7502.3970 0.4944
7504.1226 0.4937
7505.8530 0.4930
7507.5801 0.4929
7509.3110 0.4928
7511.0386 0.4924
7512.7666 0.4921
7514.4990 0.4914
7516.2275 0.4908
7517.9609 0.4910
7519.6904 0.4917
7521.4243 0.4921
7523.1548 0.4916
7524.8853 0.4909
7526.6206 0.4905
7528.3521 0.4904
7530.0884 0.4905
7531.8203 0.4901
7533.5571 0.4894
7535.2905 0.4889
7537.0239 0.4889
7538.7617 0.4890
7540.4961 0.4889
7542.2349 0.4888
7543.9702 0.4887
7545.7095 0.4886
7547.4453 0.4883
7549.1816 0.4881
7550.9229 0.4880
7552.6597 0.4880
7554.4014 0.4879
7556.1392 0.4879
7557.8818 0.4879
7559.6201 0.4878
7561.3594 0.4876
7563.1030 0.4873
7564.8428 0.4868
7566.5874 0.4866
7568.3281 0.4864
7570.0732 0.4862
7571.8149 0.4860
7573.5610 0.4859
7575.3032 0.4856
7577.0459 0.4854
7578.7930 0.4852
7580.5366 0.4850
7582.2847 0.4849
7584.0288 0.4848
7585.7778 0.4846
7587.5229 0.4844
7589.2686 0.4843
7591.0186 0.4841
7592.7646 0.4840
7594.5156 0.4838
7596.2627 0.4837
7598.0142 0.4837
7599.7622 0.4835
7601.5107 0.4834
7603.2637 0.4833
7605.0127 0.4832
7606.7661 0.4830
7608.5161 0.4829
7610.2710 0.4827
7612.0215 0.4823
7613.7725 0.4815
7615.5283 0.4805
7617.2803 0.4797
7619.0366 0.4794
7620.7896 0.4791
7622.5469 0.4789
7624.3003 0.4789
7626.0542 0.4790
7627.8130 0.4789
7629.5679 0.4790
7631.3271 0.4790
7633.0825 0.4789
7634.8428 0.4788
7636.5991 0.4787
7638.3560 0.4786
7640.1172 0.4785
7641.8750 0.4784
7643.6372 0.4783
7645.3955 0.4782
7647.1587 0.4781
7648.9180 0.4779
7650.6772 0.4778
7652.4419 0.4777
7654.2021 0.4776
7655.9673 0.4774
7657.7285 0.4772
7659.4941 0.4771
7661.2563 0.4769
7663.0186 0.4768
7664.7856 0.4767
7666.5493 0.4767
7668.3169 0.4765
7670.0811 0.4764
7671.8496 0.4763
7673.6147 0.4761
7675.3799 0.4759
7677.1499 0.4758
7678.9160 0.4756
7680.6870 0.4754
7682.4536 0.4753
7684.2251 0.4751
7685.9932 0.4749
7687.7612 0.4747
7689.5342 0.4745
7691.3027 0.4742
7693.0767 0.4740
7694.8462 0.4740
7696.6206 0.4739
7698.3911 0.4737
7700.1621 0.4735
7701.9380 0.4734
7703.7100 0.4731
7705.4863 0.4728
7707.2588 0.4726
7709.0361 0.4724
7710.8096 0.4720
7712.5879 0.4711
7714.3618 0.4711
7716.1367 0.4711
7717.9160 0.4707
7719.6914 0.4700
7721.4717 0.4693
7723.2480 0.4689
7725.0288 0.4689
7726.8062 0.4689
7728.5835 0.4690
7730.3657 0.4691
7732.1440 0.4690
7733.9272 0.4689
7735.7065 0.4690
7737.4902 0.4691
7739.2700 0.4694
7741.0508 0.4694
7742.8354 0.4693
7744.6167 0.4693
7746.4028 0.4691
7748.1851 0.4689
7749.9717 0.4689
7751.7544 0.4689
7753.5376 0.4690
7755.3257 0.4696
7757.1099 0.4701
7758.8984 0.4698
7760.6836 0.4690
7762.4731 0.4686
7764.2588 0.4686
7766.0449 0.4688
7767.8359 0.4685
7769.6226 0.4676
7771.4146 0.4559
7773.2021 0.4347
7774.9946 0.4209
7776.7832 0.4278
7778.5723 0.4545
7780.3662 0.4672
7782.1558 0.4688
7783.9507 0.4693
7785.7412 0.4690
7787.5366 0.4690
7789.3281 0.4693
7791.1201 0.4691
7792.9165 0.4687
7794.7095 0.4686
7796.5068 0.4690
7798.3003 0.4689
7800.0986 0.4681
7801.8931 0.4679
7803.6880 0.4680
7805.4873 0.4682
7807.2832 0.4684
7809.0835 0.4684
7810.8799 0.4677
7812.6812 0.4680
7814.4785 0.4687
7816.2759 0.4691
7818.0786 0.4691
7819.8770 0.4693
7821.6802 0.4698
7823.4795 0.4687
7825.2837 0.4677
7827.0840 0.4671
7828.8843 0.4658
7830.6899 0.4655
7832.4912 0.4656
7834.2974 0.4654
7836.0996 0.4648
7837.9067 0.4643
7839.7100 0.4647
7841.5132 0.4653
7843.3213 0.4649
7845.1260 0.4654
7846.9351 0.4658
7848.7402 0.4658
7850.5498 0.4662
7852.3560 0.4655
7854.1665 0.4649
7855.9736 0.4642
7857.7808 0.4641
7859.5928 0.4641
7861.4009 0.4632
7863.2139 0.4624
7865.0225 0.4626
7866.8364 0.4612
7868.6460 0.4613
7870.4561 0.4632
7872.2710 0.4632
7874.0820 0.4628
7875.8979 0.4603
7877.7100 0.4534
7879.5264 0.4543
7881.3389 0.4613
7883.1519 0.4610
7884.9697 0.4622
7886.7837 0.4605
7888.6025 0.4579
7890.4175 0.4575
7892.2368 0.4579
7894.0522 0.4547
7895.8687 0.4475
7897.6890 0.4400
7899.5059 0.4487
7901.3276 0.4570
7903.1455 0.4543
7904.9678 0.4519
7906.7861 0.4584
7908.6055 0.4591
7910.4292 0.4544
7912.2485 0.4530
7914.0732 0.4566
7915.8940 0.4585
7917.7192 0.4546
7919.5405 0.4542
7921.3628 0.4531
7923.1895 0.4525
7925.0122 0.4533
7926.8394 0.4535
7928.6631 0.4535
7930.4912 0.4490
7932.3159 0.4507
7934.1406 0.4550
7935.9702 0.4574
7937.7959 0.4591
7939.6265 0.4591
7941.4526 0.4582
7943.2842 0.4565
7945.1113 0.4564
7946.9390 0.4564
7948.7720 0.4534
7950.6006 0.4523
7952.4336 0.4521
7954.2632 0.4528
7956.0977 0.4542
7957.9277 0.4546
7959.7583 0.4522
7961.5938 0.4483
7963.4253 0.4454
7965.2617 0.4464
7967.0942 0.4514
7968.9316 0.4546
7970.7646 0.4516
7972.5981 0.4506
7974.4370 0.4506
7976.2715 0.4510
7978.1108 0.4517
7979.9458 0.4521
7981.7861 0.4519
7983.6226 0.4523
7985.4590 0.4508
7987.3003 0.4507
7989.1377 0.4524
7990.9800 0.4539
7992.8184 0.4536
7994.6616 0.4530
7996.5005 0.4524
7998.3447 0.4508
8000.1846 0.4478
8002.0249 0.4453
8003.8706 0.4463
8005.7114 0.4493
8007.5576 0.4468
8009.3999 0.4431
8011.2471 0.4454
8013.0898 0.4489
8014.9331 0.4451
8016.7812 0.4467
8018.6255 0.4496
8020.4746 0.4502
8022.3198 0.4484
8024.1699 0.4452
8026.0156 0.4428
8027.8623 0.4438
8029.7134 0.4428
8031.5605 0.4440
8033.4126 0.4464
8035.2607 0.4469
8037.1138 0.4454
8038.9624 0.4464
8040.8120 0.4473
8042.6660 0.4473
8044.5161 0.4451
8046.3711 0.4429
8048.2222 0.4439
8050.0781 0.4463
8051.9302 0.4474
8053.7827 0.4472
8055.6396 0.4469
8057.4927 0.4473
8059.3511 0.4478
8061.2051 0.4466
8063.0640 0.4462
8064.9189 0.4461
8066.7739 0.4457
8068.6343 0.4455
8070.4902 0.4452
8072.3516 0.4438
8074.2085 0.4445
8076.0703 0.4452
8077.9282 0.4454
8079.7866 0.4449
8081.6499 0.4440
8083.5088 0.4443
8085.3730 0.4437
8087.2329 0.4429
8089.0981 0.4430
8090.9590 0.4434
8092.8203 0.4429
8094.6865 0.4428
8096.5483 0.4427
8098.4155 0.4426
8100.2788 0.4426
8102.1465 0.4425
8104.0103 0.4424
8105.8745 0.4423
8107.7441 0.4422
8109.6089 0.4421
8111.4790 0.4420
8113.3452 0.4419
8115.2163 0.4417
8117.0830 0.4415
8118.9502 0.4415
8120.8228 0.4414
8122.6909 0.4412
8124.5640 0.4412
8126.4326 0.4411
8128.3066 0.4410
8130.1768 0.4408
8132.0513 0.4407
8133.9224 0.4405
8135.7935 0.4404
8137.6694 0.4403
8139.5415 0.4402
8141.4185 0.4401
8143.2915 0.4399
8145.1694 0.4398
8147.0430 0.4397
8148.9175 0.4396
8150.7964 0.4394
8152.6714 0.4393
8154.5513 0.4391
8156.4272 0.4389
8158.3081 0.4387
8160.1851 0.4385
8162.0625 0.4385
8163.9443 0.4384
8165.8228 0.4382
8167.7056 0.4380
8169.5845 0.4380
8171.4683 0.4379
8173.3481 0.4378
8175.2285 0.4376
8177.1138 0.4375
8178.9951 0.4374
8180.8809 0.4372
8182.7632 0.4371
8184.6499 0.4367
8186.5327 0.4365
8188.4160 0.4363
8190.3042 0.4364
8192.1885 0.4365
8194.0771 0.4365
8195.9629 0.4363
8197.8525 0.4363
8199.7383 0.4361
8201.6250 0.4356
8203.5156 0.4353
8205.4033 0.4355
8207.2959 0.4357
8209.1836 0.4356
8211.0762 0.4355
8212.9658 0.4351
8214.8545 0.4342
8216.7490 0.4336
8218.6396 0.4341
8220.5342 0.4344
8222.4258 0.4339
8224.3223 0.4337
8226.2139 0.4340
8228.1064 0.4341
8230.0039 0.4335
8231.8965 0.4336
8233.7949 0.4329
8235.6895 0.4319
8237.5889 0.4320
8239.4834 0.4332
8241.3789 0.4330
8243.2793 0.4326
8245.1758 0.4327
8247.0771 0.4328
8248.9746 0.4326
8250.8770 0.4323
8252.7744 0.4326
8254.6729 0.4326
8256.5771 0.4325
8258.4766 0.4324
8260.3809 0.4324
8262.2812 0.4325
8264.1865 0.4323
8266.0869 0.4320
8267.9893 0.4322
8269.8955 0.4323
8271.7979 0.4320
8273.7051 0.4317
8275.6084 0.4315
8277.5166 0.4313
8279.4209 0.4312
8281.3301 0.4310
8283.2354 0.4309
8285.1416 0.4311
8287.0518 0.4306
8288.9580 0.4293
8290.8691 0.4299
8292.7773 0.4305
8294.6895 0.4303
8296.5977 0.4311
8298.5059 0.4315
8300.4199 0.4300
8302.3291 0.4303
8304.2432 0.4309
8306.1543 0.4298
8308.0693 0.4285
8309.9805 0.4306
8311.8926 0.4311
8313.8086 0.4281
8315.7217 0.4260
8317.6396 0.4276
8319.5527 0.4303
8321.4707 0.4297
8323.3857 0.4259
8325.2998 0.4246
8327.2197 0.4272
8329.1357 0.4304
8331.0566 0.4302
8332.9727 0.4264
8334.8945 0.4214
8336.8115 0.4238
8338.7295 0.4290
8340.6523 0.4312
8342.5713 0.4298
8344.4951 0.4250
8346.4150 0.4188
8348.3398 0.4210
8350.2598 0.4277
8352.1807 0.4324
8354.1074 0.4332
8356.0293 0.4304
8357.9561 0.4229
8359.8789 0.4157
8361.8066 0.4169
8363.7295 0.4254
8365.6543 0.4314
8367.5830 0.4331
8369.5078 0.4325
8371.4375 0.4287
8373.3643 0.4205
8375.2949 0.4120
8377.2217 0.4124
8379.1484 0.4229
8381.0811 0.4298
8383.0088 0.4330
8384.9424 0.4336
8386.8711 0.4322
8388.8047 0.4285
8390.7344 0.4205
8392.6650 0.4085
8394.6006 0.4059
8396.5312 0.4136
8398.4678 0.4239
8400.3994 0.4300
8402.3369 0.4335
8404.2695 0.4345
8406.2031 0.4312
8408.1416 0.4258
8410.0762 0.4194
8412.0156 0.4100
8413.9502 0.4012
8415.8906 0.4029
8417.8271 0.4132
8419.7637 0.4237
8421.7051 0.4306
8423.6426 0.4358
8425.5850 0.4362
8427.5234 0.4359
8429.4668 0.4345
8431.4053 0.4310
8433.3496 0.4262
8435.2900 0.4206
8437.2305 0.4074
8439.1758 0.3938
8441.1172 0.3998
8443.0645 0.4149
8445.0059 0.4168
8446.9541 0.4009
8448.8965 0.4016
8450.8408 0.4269
8452.7891 0.4351
8454.7344 0.4332
8456.6836 0.4345
8458.6289 0.4328
8460.5791 0.4296
8462.5254 0.4234
8464.4727 0.4158
8466.4248 0.4033
8468.3721 0.3925
8470.3252 0.3977
8472.2734 0.4146
8474.2275 0.4238
8476.1768 0.4291
8478.1270 0.4325
8480.0820 0.4337
8482.0322 0.4338
8483.9883 0.4345
8485.9404 0.4342
8487.8975 0.4331
8489.8496 0.4322
8491.8027 0.4313
8493.7607 0.4295
8495.7148 0.4274
8497.6738 0.4171
8499.6289 0.4073
8501.5889 0.3968
8503.5449 0.3877
8505.5010 0.3904
8507.4619 0.4077
8509.4199 0.4180
8511.3818 0.4238
8513.3398 0.4258
8515.3027 0.4262
8517.2617 0.4303
8519.2217 0.4325
8521.1855 0.4316
8523.1465 0.4317
8525.1113 0.4323
8527.0723 0.4327
8529.0391 0.4335
8531.0010 0.4324
8532.9639 0.4317
8534.9316 0.4307
8536.8945 0.4276
8538.8633 0.4229
8540.8281 0.4142
8542.7969 0.3910
8544.7627 0.3792
8546.7285 0.3785
8548.6992 0.3896
8550.6660 0.4068
8552.6377 0.4175
8554.6045 0.4220
8556.5771 0.4235
8558.5459 0.4254
8560.5146 0.4276
8562.4893 0.4286
8564.4590 0.4283
8566.4336 0.4282
8568.4043 0.4254
8570.3799 0.4261
8572.3516 0.4278
8574.3242 0.4278
8576.3008 0.4281
8578.2744 0.4281
8580.2520 0.4282
8582.2256 0.4279
8584.2051 0.4269
8586.1797 0.4257
8588.1602 0.4251
8590.1357 0.4239
8592.1113 0.4197
8594.0928 0.4115
8596.0703 0.4014
8598.0527 0.3888
8600.0303 0.3773
8602.0137 0.3893
8603.9922 0.4061
8605.9717 0.4159
8607.9561 0.4204
8609.9365 0.4233
8611.9219 0.4245
8613.9033 0.4248
8615.8896 0.4258
8617.8711 0.4261
8619.8535 0.4253
8621.8418 0.4245
8623.8252 0.4251
8625.8135 0.4264
8627.7979 0.4256
8629.7881 0.4201
8631.7725 0.4199
8633.7588 0.4260
8635.7500 0.4269
8637.7363 0.4269
8639.7285 0.4264
8641.7158 0.4253
8643.7080 0.4246
8645.6973 0.4247
8647.6855 0.4247
8649.6797 0.4245
8651.6699 0.4234
8653.6650 0.4223
8655.6553 0.4193
8657.6514 0.4161
8659.6436 0.4145
8661.6357 0.4023
8663.6328 0.3816
8665.6260 0.3711
8667.6240 0.3782
8669.6182 0.3960
8671.6172 0.4104
8673.6123 0.4165
8675.6074 0.4204
8677.6084 0.4234
8679.6045 0.4157
8681.6055 0.4020
8683.6025 0.4002
8685.6055 0.4041
8687.6035 0.4117
8689.6025 0.4210
8691.6055 0.4261
8693.6055 0.4262
8695.6104 0.4264
8697.6104 0.4262
8699.6162 0.4266
8701.6172 0.4244
8703.6191 0.4183
8705.6260 0.4157
8707.6289 0.4241
8709.6367 0.4265
8711.6406 0.4183
8713.6494 0.4163
8715.6543 0.4226
8717.6592 0.4251
8719.6699 0.4170
8721.6758 0.4182
8723.6865 0.4241
8725.6934 0.4259
8727.7061 0.4239
8729.7129 0.4217
8731.7217 0.4216
8733.7354 0.4244
8735.7441 0.4233
8737.7588 0.4222
8739.7686 0.4213
8741.7842 0.4196
8743.7949 0.4173
8745.8115 0.4128
8747.8232 0.4045
8749.8359 0.3862
8751.8535 0.3738
8753.8672 0.3819
8755.8857 0.4025
8757.9004 0.4118
8759.9199 0.4177
8761.9346 0.4211
8763.9502 0.4223
8765.9717 0.4226
8767.9883 0.4236
8770.0098 0.4243
8772.0273 0.4236
8774.0498 0.4234
8776.0684 0.4238
8778.0879 0.4238
8780.1113 0.4232
8782.1318 0.4226
8784.1562 0.4231
8786.1777 0.4237
8788.2031 0.4239
8790.2256 0.4240
8792.2471 0.4240
8794.2754 0.4238
8796.2979 0.4238
8798.3262 0.4238
8800.3506 0.4234
8802.3799 0.4228
8804.4053 0.4226
8806.4307 0.4220
8808.4609 0.4217
8810.4873 0.4211
8812.5195 0.4206
8814.5459 0.4204
8816.5791 0.4212
8818.6074 0.4226
8820.6357 0.4197
8822.6699 0.4188
8824.6992 0.4200
8826.7344 0.4214
8828.7646 0.4225
8830.8008 0.4218
8832.8330 0.4209
8834.8643 0.4207
8836.9014 0.4204
8838.9346 0.4199
8840.9727 0.4199
8843.0068 0.4188
8845.0459 0.4185
8847.0811 0.4176
8849.1162 0.4161
8851.1562 0.4142
8853.1924 0.4112
8855.2344 0.4072
8857.2715 0.4028
8859.3145 0.3958
8861.3516 0.3845
8863.3906 0.3729
8865.4346 0.3709
8867.4736 0.3843
8869.5186 0.3937
8871.5596 0.3997
8873.6045 0.4041
8875.6465 0.4074
8877.6885 0.4103
8879.7354 0.4121
8881.7783 0.4133
8883.8262 0.4149
8885.8701 0.4164
8887.9189 0.4173
8889.9639 0.4180
8892.0088 0.4185
8894.0596 0.4190
8896.1055 0.4193
8898.1562 0.4196
8900.2041 0.4200
8902.2559 0.4204
8904.3037 0.4206
8906.3574 0.4207
8908.4062 0.4208
8910.4561 0.4207
8912.5107 0.4199
8914.5605 0.4194
8916.6162 0.4207
8918.6680 0.4209
8920.7246 0.4208
8922.7764 0.4209
8924.8291 0.4207
8926.8867 0.4198
8928.9404 0.4182
8931.0000 0.4197
8933.0547 0.4205
8935.1143 0.4204
8937.1699 0.4203
8939.2256 0.4202
8941.2871 0.4201
8943.3438 0.4200
8945.4062 0.4199
8947.4639 0.4198
8949.5273 0.4197
8951.5859 0.4196
8953.6455 0.4194
8955.7100 0.4193
8957.7705 0.4192
8959.8359 0.4190
8961.8975 0.4189
8963.9639 0.4187
8966.0264 0.4185
8968.0889 0.4183
8970.1572 0.4181
8972.2207 0.4178
8974.2891 0.4176
8976.3535 0.4173
8978.4238 0.4169
8980.4893 0.4165
8982.5557 0.4161
8984.6270 0.4156
8986.6934 0.4150
8988.7656 0.4143
8990.8340 0.4134
8992.9072 0.4124
8994.9756 0.4112
8997.0449 0.4096
8999.1201 0.4076
9001.1904 0.4051
9003.2656 0.4020
9005.3369 0.3981
9007.4131 0.3933
9009.4854 0.3876
9011.5586 0.3808
9013.6357 0.3731
9015.7100 0.3648
9017.7891 0.3664
9019.8633 0.3738
9021.9434 0.3816
9024.0186 0.3879
9026.0947 0.3932
9028.1758 0.3976
9030.2529 0.4011
9032.3350 0.4040
9034.4131 0.4062
9036.4971 0.4079
9038.5752 0.4093
9040.6543 0.4103
9042.7393 0.4112
9044.8193 0.4117
9046.9053 0.4121
9048.9863 0.4125
9051.0732 0.4128
9053.1553 0.4131
9055.2383 0.4134
9057.3262 0.4136
9059.4102 0.4136
9061.4990 0.4126
9063.5840 0.4111
9065.6738 0.4128
9067.7588 0.4138
9069.8506 0.4139
9071.9365 0.4138
9074.0234 0.4137
9076.1162 0.4136
9078.2041 0.4126
9080.2979 0.4127
9082.3867 0.4133
9084.4805 0.4137
9086.5703 0.4135
9088.6611 0.4129
9090.7568 0.4122
9092.8486 0.4133
9094.9453 0.4112
9097.0371 0.4101
9099.1348 0.4123
9101.2285 0.4132
9103.3223 0.4129
9105.4209 0.4129
9107.5156 0.4130
9109.6162 0.4128
9111.7119 0.4121
9113.8125 0.4110
9115.9092 0.4122
9118.0068 0.4125
9120.1094 0.4124
9122.2070 0.4122
9124.3105 0.4117
9126.4102 0.4118
9128.5146 0.4121
9130.6143 0.4120
9132.7148 0.4114
9134.8213 0.4113
9136.9219 0.4116
9139.0293 0.4117
9141.1318 0.4115
9143.2393 0.4114
9145.3428 0.4114
9147.4473 0.4113
9149.5566 0.4112
9151.6611 0.4110
9153.7715 0.4110
9155.8770 0.4107
9157.9883 0.4106
9160.0957 0.4105
9162.2031 0.4105
9164.3154 0.4104
9166.4238 0.4103
9168.5371 0.4101
9170.6465 0.4100
9172.7617 0.4098
9174.8711 0.4095
9176.9824 0.4089
9179.0986 0.4083
9181.2100 0.4085
9183.3271 0.4087
9185.4395 0.4086
9187.5576 0.4081
9189.6719 0.4076
9191.7852 0.4078
9193.9053 0.4076
9196.0205 0.4071
9198.1406 0.4065
9200.2568 0.4059
9202.3789 0.4054
9204.4951 0.4036
9206.6133 0.4027
9208.7363 0.4022
9210.8545 0.4009
9212.9785 0.3989
9215.0977 0.3964
9217.2227 0.3935
9219.3428 0.3880
9221.4639 0.3844
9223.5908 0.3806
9225.7129 0.3743
9227.8398 0.3671
9229.9629 0.3595
9232.0908 0.3617
9234.2148 0.3688
9236.3447 0.3759
9238.4688 0.3816
9240.5947 0.3864
9242.7256 0.3906
9244.8516 0.3914
9246.9834 0.3943
9249.1104 0.3980
9251.2432 0.3999
9253.3721 0.4008
9255.5010 0.4019
9257.6348 0.4029
9259.7646 0.4029
9261.8994 0.4006
9264.0303 0.3983
9266.1670 0.3999
9268.2988 0.4011
9270.4307 0.4042
9272.5684 0.4053
9274.7012 0.4052
9276.8398 0.4055
9278.9746 0.4055
9281.1143 0.4056
9283.2490 0.4056
9285.3848 0.4056
9287.5264 0.4057
9289.6621 0.4056
9291.8047 0.4056
9293.9424 0.4056
9296.0850 0.4055
9298.2236 0.4054
9300.3633 0.4054
9302.5078 0.4055
9304.6475 0.4053
9306.7930 0.4053
9308.9346 0.4054
9311.0811 0.4054
9313.2227 0.4053
9315.3652 0.4053
9317.5137 0.4052
9319.6572 0.4051
9321.8057 0.4051
9323.9502 0.4050
9326.1006 0.4049
9328.2461 0.4046
9330.3916 0.4046
9332.5439 0.4048
9334.6904 0.4048
9336.8428 0.4047
9338.9912 0.4046
9341.1445 0.4045
9343.2939 0.4044
9345.4434 0.4045
9347.5977 0.4044
9349.7480 0.4044
9351.9043 0.4043
9354.0557 0.4043
9356.2129 0.4042
9358.3652 0.4041
9360.5186 0.4041
9362.6768 0.4040
9364.8301 0.4040
9366.9902 0.4039
9369.1445 0.4038
9371.3057 0.4038
9373.4609 0.4037
9375.6172 0.4036
9377.7793 0.4035
9379.9365 0.4035
9382.0996 0.4034
9384.2578 0.4035
9386.4219 0.4030
9388.5820 0.4028
9390.7461 0.4029
9392.9072 0.4028
9395.0674 0.4021
9397.2344 0.4029
9399.3965 0.4030
9401.5635 0.4029
9403.7266 0.4027
9405.8945 0.4015
9408.0586 0.4000
9410.2227 0.4024
9412.3926 0.4018
9414.5586 0.4011
9416.7295 0.4016
9418.8955 0.4023
9421.0674 0.4022
9423.2344 0.4022
9425.4023 0.4023
9427.5762 0.4020
9429.7451 0.4017
9431.9189 0.4017
9434.0889 0.4019
9436.2646 0.4019
9438.4355 0.4018
9440.6064 0.4018
9442.7832 0.4017
9444.9561 0.4017
9447.1338 0.4016
9449.3076 0.4015
9451.4863 0.4015
9453.6602 0.4014
9455.8350 0.4013
9458.0156 0.4013
9460.1914 0.4012
9462.3730 0.4011
9464.5498 0.4010
9466.7324 0.4009
9468.9102 0.4009
9471.0889 0.4008
9473.2725 0.4008
9475.4521 0.4007
9477.6367 0.4006
9479.8174 0.4005
9482.0029 0.4004
9484.1846 0.4001
9486.3662 0.4001
9488.5537 0.4001
9490.7363 0.4000
9492.9258 0.3998
9495.1094 0.3997
9497.2988 0.3995
9499.4834 0.3993
9501.6689 0.3992
9503.8604 0.3990
9506.0459 0.3988
9508.2383 0.3985
9510.4258 0.3982
9512.6191 0.3979
9514.8076 0.3975
9516.9961 0.3970
9519.1904 0.3964
9521.3809 0.3957
9523.5762 0.3949
9525.7666 0.3938
9527.9639 0.3925
9530.1553 0.3908
9532.3477 0.3887
9534.5459 0.3861
9536.7393 0.3828
9538.9385 0.3789
9541.1328 0.3739
9543.3330 0.3683
9545.5283 0.3605
9547.7246 0.3564
9549.9268 0.3603
9552.1230 0.3681
9554.3262 0.3736
9556.5234 0.3784
9558.7275 0.3823
9560.9268 0.3854
9563.1309 0.3880
9565.3311 0.3900
9567.5322 0.3915
9569.7383 0.3928
9571.9395 0.3937
9574.1465 0.3945
9576.3496 0.3951
9578.5576 0.3957
9580.7607 0.3961
9582.9648 0.3964
9585.1748 0.3966
9587.3799 0.3968
9589.5908 0.3970
9591.7969 0.3971
9594.0088 0.3972
9596.2158 0.3973
9598.4238 0.3974
9600.6367 0.3974
9602.8457 0.3974
9605.0596 0.3972
9607.2695 0.3975
9609.4854 0.3976
9611.6953 0.3976
9613.9062 0.3976
9616.1240 0.3976
9618.3359 0.3976
9620.5537 0.3970
9622.7666 0.3968
9624.9863 0.3973
9627.2002 0.3977
9629.4150 0.3975
9631.6357 0.3967
9633.8516 0.3948
9636.0723 0.3964
9638.2891 0.3975
9640.5117 0.3975
9642.7295 0.3975
9644.9482 0.3975
9647.1719 0.3974
9649.3916 0.3974
9651.6172 0.3973
9653.8369 0.3973
9656.0635 0.3973
9658.2842 0.3967
9660.5068 0.3961
9662.7344 0.3969
9664.9570 0.3973
9667.1855 0.3972
9669.4102 0.3972
9671.6396 0.3971
9673.8643 0.3971
9676.0898 0.3971
9678.3213 0.3970
9680.5479 0.3969
9682.7803 0.3969
9685.0078 0.3970
9687.2412 0.3969
9689.4697 0.3969
9691.6982 0.3968
9693.9336 0.3968
9696.1631 0.3968
9698.3994 0.3967
9700.6299 0.3968
9702.8672 0.3967
9705.0996 0.3967
9707.3320 0.3967
9709.5703 0.3967
9711.8047 0.3966
9714.0439 0.3966
9716.2783 0.3966
9718.5186 0.3966
9720.7549 0.3965
9722.9912 0.3965
9725.2334 0.3964
9727.4707 0.3964
9729.7139 0.3964
9731.9521 0.3964
9734.1963 0.3964
9736.4355 0.3963
9738.6807 0.3963
9740.9209 0.3962
9743.1621 0.3962
9745.4082 0.3962
9747.6504 0.3962
9749.8984 0.3962
9752.1416 0.3962
9754.3896 0.3961
9756.6338 0.3961
9758.8789 0.3961
9761.1289 0.3961
9763.3740 0.3960
9765.6260 0.3960
9767.8721 0.3960
9770.1250 0.3960
9772.3721 0.3960
9774.6201 0.3959
9776.8750 0.3959
9779.1240 0.3959
9781.3789 0.3959
9783.6289 0.3958
9785.8848 0.3958
9788.1367 0.3958
9790.3877 0.3957
9792.6455 0.3956
9794.8984 0.3956
9797.1572 0.3957
9799.4111 0.3957
9801.6709 0.3956
9803.9258 0.3956
9806.1807 0.3956
9808.4424 0.3956
9810.6982 0.3955
9812.9609 0.3955
9815.2188 0.3955
9817.4814 0.3955
9819.7402 0.3955
9821.9990 0.3955
9824.2646 0.3954
9826.5244 0.3952
9828.7900 0.3951
9831.0518 0.3953
9833.3184 0.3952
9835.5801 0.3953
9837.8428 0.3953
9840.1113 0.3953
9842.3750 0.3952
9844.6455 0.3951
9846.9102 0.3952
9849.1807 0.3952
9851.4463 0.3952
9853.7129 0.3951
9855.9844 0.3951
9858.2520 0.3950
9860.5254 0.3951
9862.7939 0.3951
9865.0684 0.3951
9867.3379 0.3951
9869.6074 0.3950
9871.8838 0.3950
9874.1543 0.3950
9876.4316 0.3951
9878.7031 0.3951
9880.9814 0.3950
9883.2549 0.3950
9885.5283 0.3949
9887.8076 0.3950
9890.0830 0.3945
9892.3633 0.3940
9894.6387 0.3944
9896.9209 0.3950
9899.1973 0.3949
9901.4746 0.3948
9903.7578 0.3949
9906.0361 0.3949
9908.3203 0.3949
9910.5996 0.3948
9912.8857 0.3947
9915.1660 0.3949
9917.4521 0.3948
9919.7334 0.3949
9922.0156 0.3949
9924.3037 0.3948
9926.5869 0.3948
9928.8760 0.3947
9931.1602 0.3946
9933.4502 0.3945
9935.7354 0.3947
9938.0205 0.3948
9940.3125 0.3948
9942.5996 0.3947
9944.8926 0.3947
9947.1797 0.3946
9949.4736 0.3945
9951.7627 0.3946
9954.0518 0.3947
9956.3477 0.3947
9958.6377 0.3946
9960.9346 0.3946
9963.2256 0.3946
9965.5234 0.3946
9967.8154 0.3946
9970.1094 0.3946
9972.4082 0.3945
9974.7021 0.3945
9977.0020 0.3945
9979.2979 0.3945
9981.5986 0.3944
9983.8945 0.3944
9986.1914 0.3943
9988.4941 0.3943
9990.7920 0.3943
9993.0967 0.3942
9995.3955 0.3941
9997.7002 0.3938
10000.0000 0.3936
10002.3057 0.3938
10004.6016 0.3938
10006.9082 0.3936
10009.2158 0.3935
10011.5244 0.3933
10013.8223 0.3931
10016.1309 0.3928
10018.4404 0.3924
10020.7402 0.3920
10023.0508 0.3915
10025.3623 0.3909
10027.6738 0.3901
10029.9756 0.3892
10032.2881 0.3880
10034.6016 0.3864
10036.9043 0.3845
10039.2188 0.3821
10041.5342 0.3791
10043.8496 0.3755
10046.1543 0.3712
10048.4707 0.3653
10050.7881 0.3604
10053.0947 0.3626
10055.4131 0.3693
10057.7324 0.3739
10060.0508 0.3777
10062.3604 0.3811
10064.6807 0.3836
10067.0010 0.3858
10069.3115 0.3874
10071.6338 0.3888
10073.9561 0.3899
10076.2793 0.3907
10078.5918 0.3913
10080.9160 0.3919
10083.2402 0.3924
10085.5547 0.3928
10087.8799 0.3931
10090.2061 0.3934
10092.5332 0.3936
10094.8496 0.3938
10097.1777 0.3939
10099.5059 0.3941
10101.8232 0.3942
10104.1533 0.3943
10106.4834 0.3942
10108.8135 0.3941
10111.1338 0.3943
10113.4648 0.3941
10115.7969 0.3940
10118.1191 0.3943
10120.4521 0.3948
10122.7861 0.3947
10125.1201 0.3943
10127.4434 0.3946
10129.7793 0.3949
10132.1152 0.3949
10134.4404 0.3950
10136.7773 0.3950
10139.1152 0.3951
10141.4531 0.3951
10143.7803 0.3951
10146.1191 0.3952
10148.4590 0.3951
10150.7881 0.3952
10153.1289 0.3953
10155.4707 0.3952
10157.8125 0.3953
10160.1436 0.3953
10162.4863 0.3953
10164.8301 0.3953
10167.1621 0.3953
10169.5068 0.3954
10171.8525 0.3954
10174.1973 0.3954
10176.5322 0.3954
10178.8789 0.3955
10181.2266 0.3955
10183.5742 0.3956
10185.9111 0.3956
10188.2607 0.3956
10190.6094 0.3956
10192.9482 0.3956
10195.2988 0.3957
10197.6504 0.3957
10200.0020 0.3957
10202.3428 0.3958
10204.6953 0.3958
10207.0479 0.3958
10209.3906 0.3958
10211.7451 0.3959
10214.0996 0.3959
10216.4551 0.3959
10218.7998 0.3959
10221.1562 0.3960
10223.5137 0.3960
10225.8594 0.3960
10228.2178 0.3960
10230.5762 0.3961
10232.9355 0.3961
10235.2842 0.3961
10237.6436 0.3961
10240.0049 0.3962
10242.3545 0.3962
10244.7168 0.3962
10247.0791 0.3962
10249.4424 0.3962
10251.7939 0.3963
10254.1582 0.3963
10256.5234 0.3964
10258.8770 0.3964
10261.2422 0.3964
10263.6084 0.3965
10265.9756 0.3965
10268.3311 0.3965
10270.6992 0.3965
10273.0674 0.3966
10275.4258 0.3966
10277.7949 0.3966
10280.1650 0.3967
10282.5352 0.3967
10284.8955 0.3967
10287.2666 0.3968
10289.6396 0.3968
10292.0010 0.3968
10294.3740 0.3968
10296.7480 0.3969
10299.1221 0.3969
10301.4863 0.3969
10303.8613 0.3970
10306.2373 0.3970
10308.6025 0.3970
10310.9795 0.3971
10313.3574 0.3971
10315.7363 0.3971
10318.1035 0.3972
10320.4824 0.3972
10322.8623 0.3972
10325.2314 0.3973
10327.6123 0.3973
10329.9941 0.3973
10332.3760 0.3973
10334.7471 0.3972
10337.1309 0.3974
10339.5146 0.3975
10341.8877 0.3975
10344.2725 0.3976
10346.6572 0.3976
10349.0430 0.3977
10351.4189 0.3977
10353.8057 0.3977
10356.1934 0.3978
10358.5693 0.3978
10360.9580 0.3978
10363.3477 0.3979
10365.7373 0.3978
10368.1162 0.3979
10370.5068 0.3980
10372.8984 0.3980
10375.2793 0.3981
10377.6719 0.3981
