3575.1963 0.0059
3576.0208 0.0155
3576.8435 0.0211
3577.6682 0.0223
3578.4915 0.0218
3579.3167 0.0217
3580.1399 0.0212
3580.9636 0.0166
3581.7893 0.0073
3582.6133 -0.0003
3583.4395 -0.0005
3584.2639 0.0072
3585.0903 0.0167
3585.9150 0.0227
3586.7400 0.0254
3587.5671 0.0267
3588.3923 0.0273
3589.2200 0.0274
3590.0457 0.0275
3590.8735 0.0285
3591.6995 0.0295
3592.5259 0.0304
3593.3542 0.0316
3594.1809 0.0340
3595.0098 0.0372
3595.8367 0.0394
3596.6660 0.0399
3597.4934 0.0390
3598.3208 0.0371
3599.1506 0.0338
3599.9788 0.0291
3600.8088 0.0259
3601.6372 0.0273
3602.4678 0.0312
3603.2964 0.0342
3604.1252 0.0345
3604.9565 0.0328
3605.7859 0.0323
3606.6172 0.0349
3607.4470 0.0389
3608.2788 0.0420
3609.1089 0.0424
3609.9392 0.0401
3610.7717 0.0360
3611.6023 0.0335
3612.4351 0.0352
3613.2661 0.0410
3614.0994 0.0477
3614.9307 0.0513
3615.7625 0.0508
3616.5962 0.0480
3617.4282 0.0446
3618.2625 0.0427
3619.0947 0.0441
3619.9292 0.0484
3620.7620 0.0503
3621.5969 0.0488
3622.4302 0.0478
3623.2634 0.0502
3624.0989 0.0552
3624.9326 0.0595
3625.7686 0.0608
3626.6028 0.0580
3627.4390 0.0508
3628.2734 0.0422
3629.1082 0.0378
3629.9451 0.0425
3630.7800 0.0522
3631.6174 0.0599
3632.4529 0.0644
3633.2903 0.0668
3634.1262 0.0679
3634.9622 0.0684
3635.8005 0.0683
3636.6370 0.0672
3637.4756 0.0647
3638.3123 0.0617
3639.1514 0.0603
3639.9885 0.0617
3640.8259 0.0644
3641.6653 0.0674
3642.5032 0.0701
3643.3430 0.0720
3644.1812 0.0728
3645.0215 0.0728
3645.8601 0.0734
3646.6990 0.0745
3647.5398 0.0757
3648.3789 0.0770
3649.2202 0.0785
3650.0596 0.0802
3650.9014 0.0808
3651.7412 0.0807
3652.5813 0.0802
3653.4236 0.0798
3654.2642 0.0799
3655.1067 0.0814
3655.9475 0.0834
3656.7908 0.0842
3657.6318 0.0835
3658.4734 0.0823
3659.3169 0.0819
3660.1587 0.0828
3661.0029 0.0835
3661.8450 0.0836
3662.6895 0.0847
3663.5320 0.0876
3664.3748 0.0918
3665.2197 0.0953
3666.0630 0.0976
3666.9084 0.0997
3667.7520 0.1018
3668.5977 0.1044
3669.4417 0.1072
3670.2859 0.1089
3671.1321 0.1102
3671.9768 0.1120
3672.8235 0.1102
3673.6685 0.1049
3674.5156 0.1006
3675.3608 0.1014
3676.2063 0.1073
3677.0542 0.1266
3677.8999 0.1494
3678.7480 0.1583
3679.5945 0.1474
3680.4429 0.1357
3681.2896 0.1412
3682.1365 0.1407
3682.9856 0.1293
3683.8328 0.1241
3684.6824 0.1483
3685.5300 0.2031
3686.3799 0.2452
3687.2278 0.2361
3688.0781 0.1969
3688.9265 0.1735
3689.7751 0.2005
3690.6260 0.2664
3691.4751 0.3138
3692.3264 0.3048
3693.1758 0.2494
3694.0273 0.1900
3694.8772 0.1770
3695.7273 0.2340
3696.5793 0.3222
3697.4299 0.3831
3698.2825 0.3886
3699.1333 0.3380
3699.9863 0.2531
3700.8374 0.1786
3701.6887 0.1670
3702.5425 0.2211
3703.3943 0.3101
3704.2483 0.3983
3705.1003 0.4555
3705.9548 0.4610
3706.8074 0.4114
3707.6599 0.3183
3708.5149 0.2210
3709.3682 0.1688
3710.2234 0.1954
3711.0771 0.2864
3711.9329 0.3835
3712.7866 0.4635
3713.6409 0.5212
3714.4973 0.5495
3715.3518 0.5387
3716.2085 0.4853
3717.0635 0.3943
3717.9204 0.2856
3718.7759 0.2044
3719.6313 0.1914
3720.4890 0.2581
3721.3450 0.3682
3722.2031 0.4652
3723.0593 0.5276
3723.9180 0.5624
3724.7747 0.5842
3725.6316 0.6025
3726.4905 0.6113
3727.3479 0.5969
3728.2073 0.5527
3729.0649 0.4725
3729.9250 0.3620
3730.7830 0.2479
3731.6414 0.1795
3732.5017 0.1972
3733.3604 0.2717
3734.2214 0.3671
3735.0803 0.4626
3735.9417 0.5463
3736.8013 0.6054
3737.6609 0.6284
3738.5227 0.6309
3739.3828 0.6344
3740.2451 0.6436
3741.1055 0.6470
3741.9683 0.6299
3742.8291 0.5925
3743.6899 0.5379
3744.5532 0.4583
3745.4148 0.3534
3746.2786 0.2437
3747.1404 0.1753
3748.0044 0.1991
3748.8667 0.2986
3749.7290 0.4163
3750.5938 0.5071
3751.4565 0.5556
3752.3215 0.5759
3753.1848 0.5881
3754.0503 0.5884
3754.9138 0.5723
3755.7798 0.5472
3756.6438 0.5299
3757.5081 0.5321
3758.3745 0.5432
3759.2390 0.5629
3760.1060 0.5865
3760.9709 0.6066
3761.8381 0.6176
3762.7036 0.6185
3763.5693 0.6021
3764.4370 0.5540
3765.3032 0.4633
3766.1714 0.3400
3767.0378 0.2229
3767.9065 0.1737
3768.7732 0.2323
3769.6401 0.3509
3770.5095 0.4708
3771.3770 0.5612
3772.2466 0.6195
3773.1145 0.6573
3773.9844 0.6833
3774.8528 0.6993
3775.7209 0.7072
3776.5918 0.7102
3777.4604 0.7114
3778.3315 0.7101
3779.2009 0.7012
3780.0723 0.6896
3780.9419 0.6875
3781.8118 0.6978
3782.6838 0.7117
3783.5540 0.7185
3784.4265 0.7210
3785.2971 0.7235
3786.1699 0.7252
3787.0410 0.7237
3787.9121 0.7172
3788.7856 0.7048
3789.6572 0.6847
3790.5310 0.6528
3791.4031 0.6021
3792.2773 0.5251
3793.1499 0.4190
3794.0225 0.2975
3794.8972 0.2128
3795.7703 0.2238
3796.6455 0.3161
3797.5190 0.4392
3798.3948 0.5440
3799.2686 0.6128
3800.1426 0.6557
3801.0188 0.6814
3801.8933 0.6955
3802.7700 0.7036
3803.6448 0.7118
3804.5220 0.7232
3805.3972 0.7335
3806.2727 0.7384
3807.1504 0.7398
3808.0261 0.7389
3808.9043 0.7326
3809.7805 0.7157
3810.6589 0.6917
3811.5356 0.6804
3812.4126 0.6881
3813.2917 0.7067
3814.1689 0.7206
3815.0483 0.7183
3815.9260 0.6972
3816.8059 0.6760
3817.6841 0.6721
3818.5623 0.6860
3819.4429 0.7041
3820.3215 0.7107
3821.2024 0.6990
3822.0815 0.6804
3822.9629 0.6670
3823.8423 0.6630
3824.7241 0.6660
3825.6040 0.6712
3826.4841 0.6705
3827.3665 0.6549
3828.2468 0.6185
3829.1296 0.5587
3830.0105 0.4750
3830.8938 0.3692
3831.7751 0.2582
3832.6565 0.2090
3833.5403 0.2481
3834.4224 0.3483
3835.3064 0.4580
3836.1887 0.5455
3837.0735 0.6095
3837.9561 0.6546
3838.8391 0.6857
3839.7244 0.7037
3840.6077 0.7076
3841.4932 0.7019
3842.3770 0.7017
3843.2629 0.7112
3844.1472 0.7171
3845.0315 0.7102
3845.9182 0.6937
3846.8030 0.6837
3847.6899 0.6939
3848.5752 0.7045
3849.4626 0.6937
3850.3481 0.6614
3851.2339 0.6234
3852.1221 0.5920
3853.0083 0.5744
3853.8967 0.6027
3854.7832 0.6584
3855.6721 0.7044
3856.5591 0.7177
3857.4463 0.7052
3858.3359 0.6681
3859.2234 0.6201
3860.1135 0.6019
3861.0015 0.6275
3861.8918 0.6723
3862.7803 0.6996
3863.6687 0.7120
3864.5598 0.7226
3865.4487 0.7328
3866.3401 0.7392
3867.2297 0.7379
3868.1213 0.7270
3869.0112 0.7125
3869.9014 0.7086
3870.7937 0.7177
3871.6841 0.7324
3872.5769 0.7425
3873.4678 0.7439
3874.3611 0.7379
3875.2524 0.7300
3876.1438 0.7252
3877.0376 0.7231
3877.9297 0.7187
3878.8237 0.7084
3879.7161 0.6949
3880.6108 0.6765
3881.5037 0.6475
3882.3965 0.6008
3883.2917 0.5285
3884.1851 0.4250
3885.0808 0.2986
3885.9746 0.2163
3886.8706 0.2288
3887.7649 0.3266
3888.6592 0.4528
3889.5559 0.5514
3890.4507 0.6145
3891.3479 0.6532
3892.2429 0.6772
3893.1406 0.6928
3894.0361 0.7031
3894.9341 0.7055
3895.8301 0.6945
3896.7263 0.6766
3897.6250 0.6694
3898.5215 0.6803
3899.4207 0.7000
3900.3176 0.7094
3901.2170 0.7032
3902.1145 0.6882
3903.0122 0.6806
3903.9121 0.6895
3904.8103 0.7098
3905.7107 0.7259
3906.6094 0.7341
3907.5100 0.7372
3908.4089 0.7307
3909.3081 0.7116
3910.2097 0.6864
3911.1091 0.6746
3912.0110 0.6881
3912.9111 0.7089
3913.8132 0.7231
3914.7136 0.7271
3915.6143 0.7240
3916.5171 0.7199
3917.4182 0.7185
3918.3215 0.7214
3919.2229 0.7270
3920.1267 0.7318
3921.0286 0.7329
3921.9307 0.7306
3922.8350 0.7247
3923.7373 0.7206
3924.6421 0.7219
3925.5452 0.7249
3926.4502 0.7211
3927.3535 0.7045
3928.2571 0.6678
3929.1628 0.5821
3930.0667 0.4840
3930.9731 0.4452
3931.8774 0.5055
3932.7839 0.6066
3933.6887 0.6649
3934.5938 0.6838
3935.5010 0.6877
3936.4062 0.6967
3937.3142 0.7166
3938.2200 0.7344
3939.1279 0.7408
3940.0342 0.7379
3940.9407 0.7304
3941.8494 0.7249
3942.7561 0.7266
3943.6653 0.7334
3944.5725 0.7371
3945.4822 0.7391
3946.3899 0.7408
3947.2979 0.7419
3948.2080 0.7417
3949.1162 0.7413
3950.0269 0.7415
3950.9355 0.7409
3951.8467 0.7394
3952.7559 0.7378
3953.6650 0.7365
3954.5769 0.7360
3955.4866 0.7357
3956.3987 0.7304
3957.3088 0.7194
3958.2214 0.7073
3959.1321 0.6989
3960.0449 0.6908
3960.9561 0.6730
3961.8672 0.6472
3962.7808 0.6025
3963.6924 0.5171
3964.6064 0.3791
3965.5186 0.2236
3966.4329 0.1380
3967.3455 0.1602
3968.2581 0.2653
3969.1731 0.3995
3970.0862 0.5097
3971.0017 0.5769
3971.9153 0.6235
3972.8313 0.6613
3973.7451 0.6884
3974.6592 0.7024
3975.5759 0.7064
3976.4905 0.7081
3977.4075 0.7130
3978.3225 0.7175
3979.2397 0.7209
3980.1553 0.7255
3981.0708 0.7318
3981.9888 0.7370
3982.9050 0.7379
3983.8232 0.7375
3984.7397 0.7379
3985.6587 0.7386
3986.5757 0.7382
3987.4927 0.7368
3988.4121 0.7365
3989.3298 0.7369
3990.2498 0.7357
3991.1677 0.7329
3992.0879 0.7305
3993.0063 0.7301
3993.9250 0.7289
3994.8459 0.7278
3995.7649 0.7279
3996.6863 0.7275
3997.6057 0.7224
3998.5276 0.7113
3999.4475 0.7025
4000.3674 0.7028
4001.2900 0.7087
4002.2104 0.7156
4003.1333 0.7228
4004.0544 0.7311
4004.9775 0.7342
4005.8989 0.7283
4006.8206 0.7206
4007.7446 0.7161
4008.6665 0.7138
4009.5908 0.7121
4010.5132 0.7152
4011.4380 0.7162
4012.3608 0.7157
4013.2839 0.7191
4014.2095 0.7288
4015.1328 0.7383
4016.0588 0.7434
4016.9827 0.7456
4017.9089 0.7442
4018.8333 0.7366
4019.7578 0.7210
4020.6848 0.6991
4021.6096 0.6780
4022.5371 0.6682
4023.4624 0.6740
4024.3901 0.6910
4025.3162 0.7087
4026.2422 0.7190
4027.1704 0.7237
4028.0969 0.7227
4029.0259 0.7185
4029.9526 0.7159
4030.8821 0.7193
4031.8093 0.7264
4032.7390 0.7308
4033.6667 0.7320
4034.5947 0.7319
4035.5251 0.7324
4036.4534 0.7338
4037.3843 0.7343
4038.3130 0.7331
4039.2441 0.7306
4040.1736 0.7265
4041.1030 0.7214
4042.0347 0.7168
4042.9646 0.7154
4043.8970 0.7183
4044.8271 0.7191
4045.7600 0.7189
4046.6907 0.7207
4047.6216 0.7240
4048.5549 0.7237
4049.4863 0.7205
4050.4202 0.7189
4051.3521 0.7216
4052.2861 0.7271
4053.2185 0.7309
4054.1509 0.7304
4055.0857 0.7311
4056.0186 0.7333
4056.9539 0.7348
4057.8872 0.7341
4058.8230 0.7306
4059.7566 0.7244
4060.6907 0.7200
4061.6270 0.7192
4062.5613 0.7143
4063.4983 0.7045
4064.4331 0.6995
4065.3701 0.7084
4066.3054 0.7165
4067.2410 0.7154
4068.1787 0.7108
4069.1147 0.7101
4070.0530 0.7143
4070.9893 0.7162
4071.9280 0.7105
4072.8647 0.7024
4073.8018 0.6983
4074.7412 0.7018
4075.6787 0.7117
4076.6184 0.7215
4077.5562 0.7253
4078.4966 0.7251
4079.4348 0.7239
4080.3733 0.7230
4081.3142 0.7221
4082.2532 0.7204
4083.1943 0.7185
4084.1338 0.7179
4085.0757 0.7186
4086.0154 0.7197
4086.9553 0.7197
4087.8977 0.7174
4088.8381 0.7124
4089.7810 0.7057
4090.7219 0.6985
4091.6653 0.6893
4092.6064 0.6741
4093.5481 0.6495
4094.4919 0.6153
4095.4338 0.5635
4096.3784 0.4810
4097.3208 0.3720
4098.2656 0.2754
4099.2085 0.2601
4100.1514 0.3465
4101.0967 0.4605
4102.0400 0.5540
4102.9863 0.6147
4103.9302 0.6497
4104.8765 0.6702
4105.8208 0.6799
4106.7676 0.6829
4107.7124 0.6850
4108.6572 0.6897
4109.6045 0.6971
4110.5503 0.7049
4111.4980 0.7126
4112.4438 0.7187
4113.3921 0.7222
4114.3384 0.7223
4115.2852 0.7184
4116.2339 0.7104
4117.1807 0.7006
4118.1304 0.6900
4119.0776 0.6822
4120.0273 0.6820
4120.9751 0.6904
4121.9233 0.6976
4122.8740 0.6882
4123.8223 0.6542
4124.7734 0.6163
4125.7222 0.5970
4126.6733 0.5983
4127.6230 0.6005
4128.5723 0.6218
4129.5244 0.6609
4130.4746 0.6950
4131.4268 0.7119
4132.3774 0.7163
4133.3301 0.7154
4134.2812 0.7129
4135.2324 0.7129
4136.1855 0.7157
4137.1372 0.7183
4138.0913 0.7163
4139.0435 0.7076
4139.9976 0.6955
4140.9502 0.6877
4141.9028 0.6869
4142.8579 0.6929
4143.8110 0.7034
4144.7666 0.7143
4145.7202 0.7191
4146.6758 0.7187
4147.6299 0.7173
4148.5840 0.7165
4149.5405 0.7163
4150.4951 0.7170
4151.4526 0.7193
4152.4072 0.7203
4153.3647 0.7202
4154.3203 0.7202
4155.2764 0.7202
4156.2344 0.7180
4157.1904 0.7136
4158.1489 0.7077
4159.1055 0.7005
4160.0649 0.6949
4161.0220 0.6961
4161.9790 0.7052
4162.9390 0.7126
4163.8965 0.7144
4164.8564 0.7127
4165.8149 0.7099
4166.7754 0.7048
4167.7339 0.6921
4168.6929 0.6651
4169.6538 0.6358
4170.6133 0.6285
4171.5752 0.6490
4172.5347 0.6748
4173.4971 0.6711
4174.4570 0.6341
4175.4175 0.6052
4176.3799 0.6138
4177.3408 0.6525
4178.3042 0.6891
4179.2651 0.7030
4180.2290 0.7051
4181.1909 0.7050
4182.1548 0.7050
4183.1172 0.7033
4184.0796 0.6989
4185.0444 0.6962
4186.0068 0.6981
4186.9722 0.6998
4187.9355 0.7007
4188.9014 0.7022
4189.8647 0.7052
4190.8286 0.7082
4191.7949 0.7091
4192.7593 0.7089
4193.7261 0.7075
4194.6909 0.7046
4195.6582 0.7006
4196.6235 0.6982
4197.5889 0.6983
4198.5571 0.6999
4199.5229 0.7017
4200.4912 0.7026
4201.4575 0.7020
4202.4263 0.7017
4203.3931 0.7034
4204.3599 0.7059
4205.3296 0.7083
4206.2969 0.7100
4207.2671 0.7106
4208.2349 0.7104
4209.2051 0.7111
4210.1738 0.7106
4211.1421 0.7075
4212.1133 0.7035
4213.0820 0.7023
4214.0537 0.7044
4215.0229 0.7059
4215.9951 0.7071
4216.9648 0.7085
4217.9351 0.7096
4218.9077 0.7097
4219.8784 0.7083
4220.8516 0.7033
4221.8223 0.6993
4222.7959 0.6988
4223.7676 0.7015
4224.7393 0.7052
4225.7134 0.7083
4226.6855 0.7076
4227.6602 0.6899
4228.6328 0.6481
4229.6079 0.6032
4230.5806 0.5959
4231.5542 0.6411
4232.5298 0.6822
4233.5034 0.7018
4234.4800 0.7072
4235.4541 0.7073
4236.4307 0.7040
4237.4053 0.6954
4238.3799 0.6803
4239.3574 0.6750
4240.3325 0.6820
4241.3105 0.6928
4242.2861 0.6969
4243.2642 0.6944
4244.2407 0.6951
4245.2168 0.6990
4246.1958 0.7007
4247.1729 0.6981
4248.1519 0.6940
4249.1294 0.6914
4250.1094 0.6931
4251.0869 0.6979
4252.0649 0.7009
4253.0454 0.6981
4254.0239 0.6894
4255.0049 0.6809
4255.9834 0.6822
4256.9648 0.6845
4257.9443 0.6834
4258.9263 0.6823
4259.9058 0.6869
4260.8857 0.6949
4261.8687 0.6986
4262.8491 0.6958
4263.8320 0.6902
4264.8130 0.6867
4265.7964 0.6878
4266.7778 0.6895
4267.7593 0.6863
4268.7432 0.6773
4269.7256 0.6688
4270.7100 0.6672
4271.6924 0.6728
4272.6772 0.6791
4273.6606 0.6829
4274.6436 0.6842
4275.6294 0.6865
4276.6128 0.6909
4277.5991 0.6949
4278.5830 0.6952
4279.5698 0.6919
4280.5542 0.6876
4281.5391 0.6865
4282.5264 0.6897
4283.5117 0.6937
4284.4990 0.6936
4285.4849 0.6882
4286.4731 0.6816
4287.4590 0.6803
4288.4453 0.6847
4289.4346 0.6866
4290.4214 0.6784
4291.4106 0.6685
4292.3979 0.6589
4293.3877 0.6554
4294.3755 0.6608
4295.3633 0.6670
4296.3535 0.6587
4297.3423 0.6505
4298.3330 0.6398
4299.3218 0.6279
4300.3135 0.6286
4301.3027 0.6523
4302.2920 0.6774
4303.2842 0.6812
4304.2744 0.6781
4305.2666 0.6806
4306.2573 0.6891
4307.2500 0.6950
4308.2412 0.6900
4309.2319 0.6750
4310.2261 0.6576
4311.2173 0.6504
4312.2114 0.6591
4313.2036 0.6769
4314.1982 0.6881
4315.1904 0.6904
4316.1836 0.6893
4317.1787 0.6889
4318.1719 0.6912
4319.1675 0.6953
4320.1611 0.6952
4321.1572 0.6863
4322.1514 0.6774
4323.1460 0.6772
4324.1426 0.6853
4325.1377 0.6932
4326.1348 0.6926
4327.1299 0.6862
4328.1279 0.6795
4329.1235 0.6737
4330.1196 0.6674
4331.1182 0.6572
4332.1143 0.6372
4333.1133 0.5990
4334.1104 0.5374
4335.1099 0.4502
4336.1069 0.3524
4337.1069 0.2885
4338.1045 0.3181
4339.1025 0.4153
4340.1030 0.5079
4341.1016 0.5730
4342.1025 0.6151
4343.1016 0.6416
4344.1030 0.6578
4345.1025 0.6665
4346.1021 0.6612
4347.1040 0.6367
4348.1040 0.6082
4349.1069 0.6065
4350.1074 0.6422
4351.1104 0.6723
4352.1113 0.6852
4353.1128 0.6861
4354.1167 0.6842
4355.1182 0.6855
4356.1226 0.6896
4357.1245 0.6887
4358.1294 0.6851
4359.1318 0.6846
4360.1348 0.6888
4361.1401 0.6939
4362.1436 0.6957
4363.1494 0.6918
4364.1528 0.6828
4365.1592 0.6748
4366.1636 0.6736
4367.1680 0.6803
4368.1753 0.6887
4369.1802 0.6925
4370.1875 0.6920
4371.1929 0.6906
4372.2007 0.6909
4373.2065 0.6928
4374.2129 0.6936
4375.2212 0.6934
4376.2280 0.6924
4377.2368 0.6901
4378.2441 0.6828
4379.2534 0.6636
4380.2612 0.6279
4381.2686 0.5953
4382.2793 0.5947
4383.2871 0.6177
4384.2979 0.6425
4385.3066 0.6551
4386.3179 0.6570
4387.3267 0.6566
4388.3359 0.6639
4389.3481 0.6695
4390.3579 0.6633
4391.3701 0.6499
4392.3804 0.6507
4393.3936 0.6674
4394.4043 0.6785
4395.4150 0.6791
4396.4287 0.6753
4397.4399 0.6745
4398.4541 0.6771
4399.4658 0.6769
4400.4805 0.6752
4401.4927 0.6754
4402.5054 0.6783
4403.5205 0.6815
4404.5337 0.6816
4405.5493 0.6797
4406.5625 0.6772
4407.5786 0.6753
4408.5928 0.6740
4409.6069 0.6719
4410.6240 0.6654
4411.6387 0.6469
4412.6558 0.6183
4413.6709 0.6020
4414.6885 0.6117
4415.7041 0.6374
4416.7227 0.6541
4417.7388 0.6602
4418.7549 0.6611
4419.7739 0.6591
4420.7905 0.6553
4421.8101 0.6509
4422.8271 0.6466
4423.8472 0.6426
4424.8647 0.6420
4425.8828 0.6445
4426.9033 0.6477
4427.9219 0.6491
4428.9429 0.6493
4429.9619 0.6482
4430.9834 0.6478
4432.0024 0.6493
4433.0220 0.6524
4434.0444 0.6563
4435.0645 0.6614
4436.0874 0.6656
4437.1079 0.6677
4438.1309 0.6658
4439.1519 0.6587
4440.1733 0.6506
4441.1968 0.6536
4442.2188 0.6647
4443.2432 0.6730
4444.2651 0.6766
4445.2900 0.6759
4446.3125 0.6705
4447.3354 0.6636
4448.3613 0.6652
4449.3843 0.6724
4450.4106 0.6764
4451.4341 0.6750
4452.4609 0.6745
4453.4849 0.6804
4454.5098 0.6863
4455.5366 0.6879
4456.5615 0.6845
4457.5894 0.6785
4458.6147 0.6747
4459.6431 0.6763
4460.6689 0.6774
4461.6953 0.6788
4462.7241 0.6777
4463.7505 0.6700
4464.7798 0.6575
4465.8071 0.6512
4466.8369 0.6444
4467.8643 0.6338
4468.8921 0.6330
4469.9229 0.6478
4470.9512 0.6680
4471.9819 0.6808
4473.0107 0.6863
4474.0425 0.6861
4475.0718 0.6702
4476.1011 0.6235
4477.1333 0.5543
4478.1631 0.5260
4479.1958 0.5839
4480.2266 0.6485
4481.2593 0.6821
4482.2905 0.6880
4483.3213 0.6801
4484.3555 0.6637
4485.3872 0.6466
4486.4214 0.6370
4487.4536 0.6357
4488.4883 0.6451
4489.5210 0.6655
4490.5537 0.6835
4491.5889 0.6923
4492.6226 0.6967
4493.6582 0.6973
4494.6919 0.6934
4495.7285 0.6846
4496.7627 0.6708
4497.7998 0.6629
4498.8345 0.6681
4499.8696 0.6794
4500.9072 0.6878
4501.9424 0.6876
4502.9805 0.6723
4504.0166 0.6398
4505.0552 0.6277
4506.0913 0.6462
4507.1279 0.6757
4508.1675 0.6903
4509.2046 0.6890
4510.2446 0.6710
4511.2822 0.6468
4512.3223 0.6407
4513.3604 0.6577
4514.3984 0.6734
4515.4395 0.6608
4516.4785 0.6349
4517.5200 0.6139
4518.5591 0.6025
4519.6011 0.6091
4520.6406 0.6404
4521.6807 0.6728
4522.7236 0.6869
4523.7642 0.6910
4524.8071 0.6909
4525.8481 0.6896
4526.8916 0.6899
4527.9331 0.6887
4528.9746 0.6749
4530.0190 0.6559
4531.0610 0.6522
4532.1060 0.6683
4533.1489 0.6876
4534.1938 0.6935
4535.2373 0.6902
4536.2803 0.6786
4537.3267 0.6650
4538.3701 0.6614
4539.4170 0.6739
4540.4609 0.6876
4541.5083 0.6920
4542.5527 0.6906
4543.5981 0.6737
4544.6455 0.6340
4545.6909 0.5908
4546.7393 0.5952
4547.7852 0.6401
4548.8340 0.6701
4549.8804 0.6692
4550.9272 0.6448
4551.9766 0.6149
4553.0239 0.6111
4554.0737 0.6207
4555.1216 0.6313
4556.1719 0.6500
4557.2197 0.6738
4558.2686 0.6846
4559.3193 0.6779
4560.3682 0.6713
4561.4199 0.6733
4562.4692 0.6805
4563.5215 0.6869
4564.5713 0.6895
4565.6211 0.6873
4566.6743 0.6786
4567.7246 0.6668
4568.7778 0.6625
4569.8291 0.6681
4570.8828 0.6718
4571.9341 0.6600
4572.9888 0.6527
4574.0405 0.6593
4575.0928 0.6676
4576.1479 0.6682
4577.2007 0.6610
4578.2559 0.6385
4579.3091 0.5912
4580.3652 0.5740
4581.4189 0.6015
4582.4731 0.6413
4583.5298 0.6515
4584.5840 0.6398
4585.6411 0.6447
4586.6963 0.6559
4587.7539 0.6621
4588.8091 0.6643
4589.8647 0.6682
4590.9233 0.6710
4591.9795 0.6694
4593.0386 0.6708
4594.0952 0.6755
4595.1543 0.6800
4596.2114 0.6825
4597.2690 0.6828
4598.3291 0.6833
4599.3867 0.6846
4600.4473 0.6846
4601.5059 0.6832
4602.5669 0.6827
4603.6255 0.6844
4604.6846 0.6864
4605.7466 0.6875
4606.8062 0.6871
4607.8687 0.6859
4608.9287 0.6850
4609.9912 0.6836
4611.0518 0.6791
4612.1128 0.6714
4613.1763 0.6617
4614.2373 0.6511
4615.3013 0.6422
4616.3633 0.6424
4617.4277 0.6530
4618.4897 0.6675
4619.5522 0.6783
4620.6177 0.6814
4621.6807 0.6779
4622.7466 0.6725
4623.8096 0.6577
4624.8760 0.6317
4625.9399 0.6183
4627.0044 0.6310
4628.0713 0.6547
4629.1357 0.6589
4630.2031 0.6458
4631.2686 0.6381
4632.3364 0.6456
4633.4023 0.6619
4634.4678 0.6745
4635.5366 0.6798
4636.6030 0.6818
4637.6724 0.6816
4638.7393 0.6807
4639.8091 0.6802
4640.8765 0.6808
4641.9438 0.6820
4643.0142 0.6820
4644.0825 0.6802
4645.1533 0.6787
4646.2222 0.6793
4647.2935 0.6816
4648.3623 0.6823
4649.4316 0.6815
4650.5039 0.6800
4651.5737 0.6762
4652.6465 0.6705
4653.7168 0.6675
4654.7900 0.6715
4655.8608 0.6749
4656.9346 0.6743
4658.0059 0.6688
4659.0771 0.6608
4660.1519 0.6561
4661.2236 0.6572
4662.2983 0.6537
4663.3711 0.6531
4664.4463 0.6578
4665.5195 0.6632
4666.5928 0.6648
4667.6689 0.6670
4668.7427 0.6703
4669.8193 0.6730
4670.8936 0.6749
4671.9707 0.6756
4673.0454 0.6744
4674.1206 0.6722
4675.1982 0.6700
4676.2739 0.6697
4677.3521 0.6719
4678.4282 0.6749
4679.5073 0.6766
4680.5835 0.6776
4681.6602 0.6788
4682.7397 0.6784
4683.8174 0.6769
4684.8975 0.6759
4685.9751 0.6764
4687.0557 0.6766
4688.1338 0.6758
4689.2124 0.6748
4690.2935 0.6744
4691.3726 0.6747
4692.4546 0.6751
4693.5342 0.6743
4694.6162 0.6735
4695.6963 0.6736
4696.7764 0.6746
4697.8594 0.6762
4698.9404 0.6780
4700.0239 0.6782
4701.1050 0.6765
4702.1890 0.6750
4703.2710 0.6740
4704.3530 0.6736
4705.4375 0.6739
4706.5200 0.6741
4707.6055 0.6694
4708.6885 0.6613
4709.7744 0.6566
4710.8579 0.6586
4711.9414 0.6639
4713.0283 0.6671
4714.1123 0.6697
4715.1992 0.6706
4716.2842 0.6699
4717.3716 0.6690
4718.4570 0.6686
4719.5425 0.6676
4720.6309 0.6647
4721.7168 0.6603
4722.8057 0.6565
4723.8921 0.6551
4724.9814 0.6549
4726.0684 0.6513
4727.1553 0.6437
4728.2456 0.6436
4729.3335 0.6513
4730.4238 0.6598
4731.5122 0.6630
4732.6030 0.6623
4733.6919 0.6597
4734.7808 0.6562
4735.8726 0.6549
4736.9624 0.6573
4738.0547 0.6615
4739.1445 0.6638
4740.2373 0.6645
4741.3276 0.6638
4742.4214 0.6629
4743.5122 0.6628
4744.6035 0.6630
4745.6973 0.6619
4746.7891 0.6604
4747.8838 0.6593
4748.9761 0.6579
4750.0713 0.6553
4751.1641 0.6519
4752.2568 0.6501
4753.3525 0.6520
4754.4463 0.6537
4755.5425 0.6535
4756.6367 0.6513
4757.7334 0.6478
4758.8281 0.6438
4759.9229 0.6423
4761.0205 0.6444
4762.1157 0.6482
4763.2139 0.6515
4764.3096 0.6529
4765.4082 0.6530
4766.5044 0.6501
4767.6011 0.6464
4768.7002 0.6446
4769.7974 0.6448
4770.8975 0.6455
4771.9951 0.6455
4773.0952 0.6454
4774.1934 0.6451
4775.2915 0.6437
4776.3926 0.6424
4777.4917 0.6441
4778.5933 0.6483
4779.6924 0.6496
4780.7949 0.6493
4781.8945 0.6491
4782.9946 0.6492
4784.0977 0.6484
4785.1982 0.6473
4786.3018 0.6481
4787.4028 0.6494
4788.5068 0.6511
4789.6084 0.6524
4790.7100 0.6522
4791.8149 0.6502
4792.9170 0.6495
4794.0225 0.6494
4795.1255 0.6498
4796.2310 0.6509
4797.3345 0.6518
4798.4380 0.6503
4799.5444 0.6460
4800.6489 0.6414
4801.7559 0.6408
4802.8604 0.6443
4803.9678 0.6474
4805.0732 0.6472
4806.1782 0.6449
4807.2866 0.6419
4808.3926 0.6405
4809.5015 0.6416
4810.6079 0.6428
4811.7173 0.6415
4812.8242 0.6423
4813.9312 0.6440
4815.0415 0.6437
4816.1489 0.6414
4817.2598 0.6390
4818.3677 0.6346
4819.4790 0.6200
4820.5879 0.6117
4821.6968 0.6190
4822.8086 0.6346
4823.9180 0.6436
4825.0303 0.6461
4826.1401 0.6474
4827.2534 0.6473
4828.3638 0.6468
4829.4771 0.6462
4830.5884 0.6443
4831.6992 0.6398
4832.8135 0.6385
4833.9253 0.6409
4835.0400 0.6427
4836.1523 0.6424
4837.2676 0.6424
4838.3804 0.6434
4839.4937 0.6448
4840.6094 0.6451
4841.7231 0.6429
4842.8394 0.6368
4843.9536 0.6277
4845.0708 0.6234
4846.1851 0.6281
4847.3003 0.6312
4848.4180 0.6298
4849.5332 0.6256
4850.6514 0.6177
4851.7676 0.6036
4852.8862 0.5849
4854.0024 0.5556
4855.1191 0.5021
4856.2388 0.4256
4857.3560 0.3624
4858.4761 0.3775
4859.5938 0.4470
4860.7144 0.5125
4861.8325 0.5590
4862.9512 0.5908
4864.0723 0.6094
4865.1914 0.6188
4866.3135 0.6226
4867.4326 0.6243
4868.5552 0.6252
4869.6753 0.6249
4870.7954 0.6216
4871.9189 0.6133
4873.0396 0.6102
4874.1631 0.6159
4875.2847 0.6230
4876.4087 0.6254
4877.5308 0.6243
4878.6528 0.6226
4879.7778 0.6202
4880.9004 0.6198
4882.0259 0.6224
4883.1489 0.6262
4884.2749 0.6281
4885.3984 0.6301
4886.5225 0.6303
4887.6494 0.6290
4888.7734 0.6274
4889.9009 0.6268
4891.0259 0.6281
4892.1538 0.6308
4893.2793 0.6316
4894.4048 0.6320
4895.5337 0.6330
4896.6597 0.6338
4897.7891 0.6338
4898.9155 0.6349
4900.0454 0.6351
4901.1724 0.6348
4902.2998 0.6351
4903.4307 0.6357
4904.5586 0.6351
4905.6895 0.6348
4906.8179 0.6347
4907.9497 0.6347
4909.0786 0.6355
4910.2080 0.6378
4911.3403 0.6414
4912.4702 0.6420
4913.6030 0.6402
4914.7334 0.6389
4915.8667 0.6336
4916.9976 0.6193
4918.1313 0.5913
4919.2627 0.5455
4920.3945 0.5313
4921.5288 0.5694
4922.6611 0.6175
4923.7964 0.6400
4924.9292 0.6435
4926.0649 0.6451
4927.1978 0.6466
4928.3315 0.6463
4929.4678 0.6450
4930.6021 0.6443
4931.7388 0.6452
4932.8735 0.6455
4934.0107 0.6454
4935.1460 0.6468
4936.2812 0.6484
4937.4194 0.6484
4938.5557 0.6468
4939.6943 0.6459
4940.8306 0.6452
4941.9702 0.6438
4943.1069 0.6410
4944.2441 0.6382
4945.3843 0.6375
4946.5220 0.6367
4947.6626 0.6338
4948.8008 0.6343
4949.9419 0.6380
4951.0806 0.6417
4952.2197 0.6424
4953.3618 0.6399
4954.5010 0.6403
4955.6436 0.6423
4956.7837 0.6437
4957.9268 0.6430
4959.0674 0.6406
4960.2080 0.6385
4961.3521 0.6386
4962.4932 0.6380
4963.6377 0.6368
4964.7793 0.6370
4965.9243 0.6389
4967.0669 0.6404
4968.2095 0.6417
4969.3550 0.6436
4970.4980 0.6444
4971.6445 0.6425
4972.7881 0.6386
4973.9351 0.6364
4975.0791 0.6366
4976.2236 0.6381
4977.3711 0.6391
4978.5161 0.6384
4979.6641 0.6366
4980.8096 0.6366
4981.9585 0.6389
4983.1045 0.6399
4984.2510 0.6383
4985.4004 0.6336
4986.5469 0.6268
4987.6968 0.6231
4988.8442 0.6245
4989.9946 0.6290
4991.1426 0.6346
4992.2910 0.6397
4993.4419 0.6422
4994.5908 0.6402
4995.7427 0.6334
4996.8921 0.6212
4998.0439 0.6115
4999.1938 0.6110
5000.3438 0.6176
5001.4971 0.6234
5002.6475 0.6270
5003.8013 0.6283
5004.9521 0.6291
5006.1064 0.6317
5007.2583 0.6365
5008.4126 0.6388
5009.5649 0.6328
5010.7173 0.6232
5011.8730 0.6082
5013.0259 0.5767
5014.1816 0.5327
5015.3354 0.5347
5016.4917 0.5845
5017.6460 0.6179
5018.8003 0.6276
5019.9575 0.6310
5021.1123 0.6328
5022.2700 0.6304
5023.4258 0.6296
5024.5840 0.6303
5025.7397 0.6277
5026.8960 0.6214
5028.0552 0.6178
5029.2119 0.6196
5030.3716 0.6186
5031.5288 0.6148
5032.6890 0.6153
5033.8472 0.6207
5035.0049 0.6186
5036.1660 0.5977
5037.3247 0.5870
5038.4863 0.6010
5039.6455 0.6197
5040.8076 0.6259
5041.9668 0.6238
5043.1270 0.6212
5044.2900 0.6227
5045.4502 0.6270
5046.6138 0.6300
5047.7749 0.6300
5048.9390 0.6267
5050.1001 0.6147
5051.2622 0.5812
5052.4268 0.5680
5053.5894 0.5872
5054.7544 0.6161
5055.9175 0.6258
5057.0830 0.6250
5058.2466 0.6259
5059.4102 0.6291
5060.5771 0.6301
5061.7412 0.6271
5062.9082 0.6241
5064.0732 0.6253
5065.2407 0.6268
5066.4062 0.6248
5067.5718 0.6222
5068.7402 0.6210
5069.9062 0.6198
5071.0752 0.6183
5072.2417 0.6212
5073.4116 0.6259
5074.5786 0.6291
5075.7461 0.6299
5076.9165 0.6288
5078.0845 0.6268
5079.2554 0.6264
5080.4238 0.6267
5081.5957 0.6261
5082.7646 0.6242
5083.9336 0.6223
5085.1060 0.6216
5086.2759 0.6227
5087.4487 0.6230
5088.6191 0.6207
5089.7925 0.6184
5090.9634 0.6198
5092.1348 0.6205
5093.3091 0.6183
5094.4805 0.6153
5095.6553 0.6078
5096.8276 0.6002
5098.0029 0.6051
5099.1758 0.6169
5100.3516 0.6188
5101.5249 0.6169
5102.6987 0.6166
5103.8750 0.6188
5105.0493 0.6214
5106.2266 0.6220
5107.4014 0.6211
5108.5791 0.6187
5109.7544 0.6171
5110.9297 0.6175
5112.1084 0.6178
5113.2842 0.6176
5114.4634 0.6177
5115.6401 0.6170
5116.8198 0.6165
5117.9966 0.6170
5119.1743 0.6173
5120.3545 0.6177
5121.5327 0.6173
5122.7134 0.6128
5123.8921 0.6076
5125.0737 0.6071
5126.2524 0.6124
5127.4321 0.6155
5128.6143 0.6152
5129.7939 0.6162
5130.9771 0.6182
5132.1572 0.6189
5133.3408 0.6177
5134.5220 0.6159
5135.7031 0.6143
5136.8872 0.6148
5138.0688 0.6145
5139.2539 0.6107
5140.4360 0.6049
5141.6216 0.6028
5142.8042 0.6050
5143.9873 0.6046
5145.1738 0.6018
5146.3574 0.6016
5147.5439 0.6059
5148.7280 0.6057
5149.9155 0.6043
5151.1001 0.6053
5152.2852 0.6065
5153.4731 0.6068
5154.6587 0.6086
5155.8477 0.6090
5157.0337 0.6085
5158.2227 0.6093
5159.4097 0.6102
5160.5962 0.6087
5161.7861 0.6008
5162.9736 0.5763
5164.1646 0.5221
5165.3525 0.5040
5166.5435 0.5375
5167.7319 0.5839
5168.9209 0.6007
5170.1128 0.6091
5171.3022 0.6123
5172.4946 0.6102
5173.6846 0.6079
5174.8779 0.6079
5176.0684 0.6074
5177.2588 0.6067
5178.4526 0.6019
5179.6440 0.5969
5180.8384 0.5963
5182.0303 0.5998
5183.2251 0.6031
5184.4175 0.6043
5185.6104 0.6051
5186.8062 0.6061
5187.9995 0.6062
5189.1958 0.6043
5190.3896 0.5998
5191.5864 0.5907
5192.7808 0.5704
5193.9780 0.5652
5195.1729 0.5794
5196.3682 0.5969
5197.5664 0.6022
5198.7622 0.6029
5199.9609 0.6040
5201.1572 0.6064
5202.3564 0.6085
5203.5532 0.6086
5204.7505 0.6078
5205.9507 0.6095
5207.1484 0.6097
5208.3491 0.6056
5209.5474 0.5986
5210.7485 0.5909
5211.9473 0.5845
5213.1460 0.5862
5214.3481 0.5942
5215.5479 0.5996
5216.7505 0.6008
5217.9507 0.5998
5219.1538 0.5975
5220.3545 0.5952
5221.5557 0.5863
5222.7598 0.5768
5223.9609 0.5785
5225.1655 0.5917
5226.3677 0.6013
5227.5728 0.5977
5228.7754 0.5799
5229.9785 0.5592
5231.1846 0.5538
5232.3877 0.5658
5233.5942 0.5777
5234.7983 0.5876
5236.0054 0.5959
5237.2100 0.6004
5238.4150 0.6011
5239.6230 0.5965
5240.8281 0.5852
5242.0366 0.5784
5243.2427 0.5826
5244.4517 0.5882
5245.6582 0.5914
5246.8652 0.5933
5248.0747 0.5939
5249.2822 0.5924
5250.4927 0.5894
5251.7007 0.5892
5252.9116 0.5907
5254.1201 0.5891
5255.3286 0.5819
5256.5405 0.5774
5257.7500 0.5843
5258.9624 0.5837
5260.1724 0.5780
5261.3853 0.5809
5262.5957 0.5944
5263.8062 0.6011
5265.0200 0.6011
5266.2310 0.5983
5267.4458 0.5939
5268.6572 0.5877
5269.8721 0.5767
5271.0845 0.5503
5272.2974 0.5457
5273.5132 0.5663
5274.7261 0.5870
5275.9424 0.5938
5277.1562 0.5962
5278.3730 0.5938
5279.5874 0.5852
5280.8047 0.5856
5282.0195 0.5936
5283.2349 0.5994
5284.4531 0.5996
5285.6689 0.5994
5286.8877 0.5957
5288.1040 0.5942
5289.3232 0.5960
5290.5400 0.5984
5291.7573 0.5988
5292.9775 0.5991
5294.1953 0.5963
5295.4160 0.5940
5296.6343 0.5946
5297.8555 0.5967
5299.0742 0.5972
5300.2935 0.5961
5301.5156 0.5930
5302.7354 0.5921
5303.9580 0.5936
5305.1782 0.5957
5306.4014 0.5975
5307.6221 0.5962
5308.8433 0.5910
5310.0674 0.5772
5311.2891 0.5503
5312.5137 0.5287
5313.7358 0.5450
5314.9614 0.5798
5316.1841 0.5905
5317.4072 0.5935
5318.6333 0.5960
5319.8569 0.5937
5321.0835 0.5883
5322.3076 0.5912
5323.5347 0.5936
5324.7598 0.5913
5325.9844 0.5889
5327.2129 0.5911
5328.4380 0.5949
5329.6670 0.5912
5330.8931 0.5867
5332.1221 0.5863
5333.3491 0.5872
5334.5757 0.5869
5335.8062 0.5885
5337.0337 0.5939
5338.2642 0.5967
5339.4922 0.5959
5340.7236 0.5932
5341.9521 0.5916
5343.1812 0.5934
5344.4131 0.5956
5345.6426 0.5967
5346.8755 0.5969
5348.1055 0.5965
5349.3389 0.5958
5350.5693 0.5950
5351.8003 0.5943
5353.0342 0.5934
5354.2656 0.5920
5355.5005 0.5900
5356.7324 0.5835
5357.9678 0.5697
5359.2002 0.5633
5360.4331 0.5762
5361.6694 0.5872
5362.9028 0.5907
5364.1392 0.5910
5365.3735 0.5897
5366.6108 0.5887
5367.8452 0.5900
5369.0801 0.5919
5370.3184 0.5930
5371.5537 0.5928
5372.7925 0.5922
5374.0283 0.5928
5375.2676 0.5931
5376.5039 0.5914
5377.7441 0.5896
5378.9810 0.5896
5380.2183 0.5902
5381.4590 0.5862
5382.6973 0.5806
5383.9385 0.5816
5385.1768 0.5866
5386.4189 0.5898
5387.6577 0.5898
5388.8975 0.5879
5390.1401 0.5868
5391.3799 0.5854
5392.6230 0.5840
5393.8638 0.5842
5395.1074 0.5852
5396.3486 0.5808
5397.5903 0.5757
5398.8350 0.5773
5400.0767 0.5810
5401.3223 0.5821
5402.5645 0.5838
5403.8105 0.5860
5405.0537 0.5865
5406.2969 0.5859
5407.5439 0.5845
5408.7876 0.5818
5410.0352 0.5791
5411.2798 0.5828
5412.5273 0.5879
5413.7725 0.5885
5415.0181 0.5862
5416.2666 0.5848
5417.5127 0.5852
5418.7617 0.5839
5420.0083 0.5786
5421.2583 0.5762
5422.5054 0.5770
5423.7529 0.5771
5425.0034 0.5751
5426.2515 0.5770
5427.5029 0.5755
5428.7515 0.5748
5430.0034 0.5780
5431.2524 0.5826
5432.5020 0.5834
5433.7549 0.5835
5435.0049 0.5832
5436.2578 0.5829
5437.5088 0.5819
5438.7627 0.5809
5440.0137 0.5812
5441.2651 0.5824
5442.5200 0.5815
5443.7720 0.5809
5445.0273 0.5813
5446.2798 0.5819
5447.5356 0.5812
5448.7891 0.5769
5450.0425 0.5753
5451.2993 0.5778
5452.5532 0.5806
5453.8105 0.5817
5455.0654 0.5832
5456.3232 0.5850
5457.5786 0.5850
5458.8340 0.5837
5460.0928 0.5800
5461.3486 0.5739
5462.6084 0.5700
5463.8647 0.5759
5465.1250 0.5816
5466.3823 0.5839
5467.6396 0.5842
5468.9004 0.5837
5470.1587 0.5834
5471.4199 0.5845
5472.6787 0.5804
5473.9404 0.5718
5475.1997 0.5676
5476.4624 0.5717
5477.7222 0.5769
5478.9824 0.5794
5480.2461 0.5809
5481.5068 0.5781
5482.7705 0.5730
5484.0322 0.5712
5485.2964 0.5747
5486.5586 0.5779
5487.8208 0.5770
5489.0859 0.5758
5490.3491 0.5775
5491.6147 0.5812
5492.8784 0.5833
5494.1450 0.5827
5495.4087 0.5825
5496.6729 0.5799
5497.9404 0.5753
5499.2056 0.5718
5500.4736 0.5697
5501.7388 0.5638
5503.0073 0.5645
5504.2734 0.5680
5505.5396 0.5705
5506.8096 0.5732
5508.0762 0.5784
5509.3462 0.5812
5510.6138 0.5832
5511.8843 0.5842
5513.1523 0.5842
5514.4209 0.5835
5515.6924 0.5824
5516.9614 0.5810
5518.2334 0.5798
5519.5029 0.5779
5520.7759 0.5757
5522.0459 0.5740
5523.3159 0.5730
5524.5898 0.5728
5525.8608 0.5742
5527.1348 0.5747
5528.4062 0.5704
5529.6812 0.5611
5530.9536 0.5545
5532.2256 0.5624
5533.5015 0.5700
5534.7744 0.5735
5536.0508 0.5745
5537.3242 0.5741
5538.6011 0.5712
5539.8755 0.5667
5541.1499 0.5677
5542.4277 0.5711
5543.7026 0.5731
5544.9810 0.5735
5546.2568 0.5753
5547.5356 0.5773
5548.8115 0.5772
5550.0884 0.5755
5551.3682 0.5742
5552.6450 0.5744
5553.9258 0.5743
5555.2031 0.5730
5556.4844 0.5722
5557.7627 0.5721
5559.0410 0.5717
5560.3232 0.5716
5561.6021 0.5730
5562.8848 0.5737
5564.1646 0.5727
5565.4473 0.5721
5566.7280 0.5723
5568.0083 0.5728
5569.2925 0.5728
5570.5737 0.5715
5571.8579 0.5692
5573.1401 0.5671
5574.4253 0.5670
5575.7075 0.5688
5576.9932 0.5703
5578.2764 0.5703
5579.5596 0.5707
5580.8462 0.5702
5582.1299 0.5680
5583.4170 0.5657
5584.7017 0.5664
5585.9893 0.5686
5587.2744 0.5692
5588.5601 0.5691
5589.8486 0.5689
5591.1348 0.5687
5592.4238 0.5687
5593.7104 0.5684
5595.0005 0.5675
5596.2876 0.5669
5597.5747 0.5670
5598.8657 0.5674
5600.1538 0.5664
5601.4448 0.5640
5602.7334 0.5638
5604.0254 0.5642
5605.3149 0.5641
5606.6045 0.5642
5607.8970 0.5655
5609.1870 0.5663
5610.4805 0.5654
5611.7715 0.5642
5613.0654 0.5645
5614.3569 0.5658
5615.6484 0.5653
5616.9434 0.5646
5618.2354 0.5655
5619.5308 0.5660
5620.8237 0.5659
5622.1201 0.5654
5623.4131 0.5649
5624.7070 0.5657
5626.0039 0.5654
5627.2983 0.5646
5628.5957 0.5641
5629.8906 0.5638
5631.1890 0.5629
5632.4844 0.5620
5633.7803 0.5602
5635.0791 0.5568
5636.3755 0.5558
5637.6753 0.5588
5638.9722 0.5606
5640.2725 0.5572
5641.5703 0.5558
5642.8682 0.5570
5644.1694 0.5582
5645.4678 0.5589
5646.7695 0.5605
5648.0684 0.5613
5649.3711 0.5617
5650.6704 0.5610
5651.9707 0.5596
5653.2739 0.5583
5654.5742 0.5578
5655.8784 0.5576
5657.1797 0.5590
5658.4839 0.5604
5659.7856 0.5605
5661.0879 0.5596
5662.3931 0.5586
5663.6958 0.5577
5665.0020 0.5573
5666.3052 0.5574
5667.6118 0.5577
5668.9155 0.5573
5670.2197 0.5566
5671.5273 0.5564
5672.8320 0.5566
5674.1401 0.5560
5675.4453 0.5550
5676.7539 0.5547
5678.0601 0.5550
5679.3696 0.5560
5680.6758 0.5569
5681.9829 0.5568
5683.2930 0.5558
5684.6006 0.5546
5685.9111 0.5539
5687.2192 0.5549
5688.5308 0.5560
5689.8394 0.5561
5691.1484 0.5552
5692.4609 0.5542
5693.7705 0.5540
5695.0835 0.5533
5696.3936 0.5517
5697.7070 0.5502
5699.0176 0.5485
5700.3286 0.5464
5701.6431 0.5460
5702.9551 0.5484
5704.2700 0.5512
5705.5825 0.5520
5706.8979 0.5516
5708.2109 0.5517
5709.5239 0.5524
5710.8408 0.5527
5712.1543 0.5525
5713.4717 0.5515
5714.7861 0.5504
5716.1040 0.5500
5717.4189 0.5503
5718.7339 0.5512
5720.0527 0.5509
5721.3687 0.5494
5722.6880 0.5487
5724.0044 0.5495
5725.3242 0.5496
5726.6416 0.5491
5727.9590 0.5492
5729.2798 0.5485
5730.5977 0.5479
5731.9194 0.5483
5733.2378 0.5487
5734.5601 0.5486
5735.8794 0.5478
5737.1987 0.5475
5738.5215 0.5474
5739.8418 0.5469
5741.1655 0.5456
5742.4863 0.5446
5743.8105 0.5452
5745.1318 0.5464
5746.4536 0.5471
5747.7783 0.5473
5749.1006 0.5479
5750.4268 0.5476
5751.7495 0.5476
5753.0757 0.5483
5754.3994 0.5489
5755.7231 0.5487
5757.0503 0.5477
5758.3745 0.5467
5759.7026 0.5458
5761.0273 0.5452
5762.3560 0.5452
5763.6816 0.5454
5765.0078 0.5448
5766.3369 0.5436
5767.6636 0.5423
5768.9937 0.5420
5770.3208 0.5416
5771.6514 0.5399
5772.9790 0.5358
5774.3071 0.5243
5775.6387 0.5090
5776.9673 0.5085
5778.2993 0.5197
5779.6289 0.5300
5780.9614 0.5353
5782.2915 0.5385
5783.6250 0.5397
5784.9556 0.5411
5786.2861 0.5422
5787.6206 0.5419
5788.9521 0.5403
5790.2871 0.5370
5791.6191 0.5314
5792.9546 0.5311
5794.2871 0.5364
5795.6201 0.5416
5796.9565 0.5422
5798.2900 0.5420
5799.6274 0.5418
5800.9614 0.5408
5802.2993 0.5398
5803.6338 0.5400
5804.9692 0.5409
5806.3076 0.5409
5807.6436 0.5389
5808.9824 0.5386
5810.3188 0.5408
5811.6587 0.5432
5812.9956 0.5434
5814.3330 0.5433
5815.6738 0.5437
5817.0117 0.5439
5818.3530 0.5440
5819.6914 0.5443
5821.0337 0.5442
5822.3726 0.5426
5823.7119 0.5423
5825.0552 0.5428
5826.3950 0.5433
5827.7388 0.5436
5829.0791 0.5440
5830.4233 0.5430
5831.7646 0.5433
5833.1064 0.5444
5834.4517 0.5444
5835.7935 0.5425
5837.1396 0.5402
5838.4824 0.5386
5839.8286 0.5376
5841.1719 0.5377
5842.5156 0.5386
5843.8633 0.5386
5845.2075 0.5371
5846.5552 0.5378
5847.9004 0.5388
5849.2490 0.5390
5850.5942 0.5390
5851.9404 0.5393
5853.2896 0.5400
5854.6362 0.5400
5855.9863 0.5395
5857.3335 0.5393
5858.6841 0.5393
5860.0322 0.5392
5861.3799 0.5387
5862.7319 0.5370
5864.0806 0.5362
5865.4326 0.5363
5866.7822 0.5363
5868.1348 0.5349
5869.4849 0.5277
5870.8350 0.5115
5872.1890 0.5156
5873.5400 0.5291
5874.8940 0.5372
5876.2456 0.5371
5877.6006 0.5357
5878.9531 0.5350
5880.3052 0.5337
5881.6611 0.5319
5883.0146 0.5156
5884.3711 0.4754
5885.7246 0.4401
5887.0820 0.4821
5888.4365 0.5152
5889.7939 0.4975
5891.1489 0.4646
5892.5044 0.4695
5893.8633 0.5142
5895.2192 0.5272
5896.5786 0.5274
5897.9351 0.5268
5899.2949 0.5291
5900.6523 0.5327
5902.0098 0.5332
5903.3706 0.5324
5904.7285 0.5319
5906.0903 0.5314
5907.4487 0.5306
5908.8110 0.5295
5910.1704 0.5289
5911.5303 0.5292
5912.8931 0.5287
5914.2534 0.5276
5915.6172 0.5278
5916.9780 0.5287
5918.3428 0.5274
5919.7041 0.5261
5921.0659 0.5277
5922.4312 0.5289
5923.7939 0.5288
5925.1597 0.5284
5926.5229 0.5285
5927.8896 0.5284
5929.2534 0.5295
5930.6172 0.5300
5931.9849 0.5292
5933.3496 0.5281
5934.7178 0.5273
5936.0830 0.5221
5937.4517 0.5187
5938.8179 0.5203
5940.1841 0.5224
5941.5537 0.5216
5942.9204 0.5216
5944.2910 0.5225
5945.6587 0.5226
5947.0298 0.5213
5948.3975 0.5205
5949.7661 0.5200
5951.1382 0.5154
5952.5073 0.5051
5953.8799 0.5053
5955.2495 0.5112
5956.6226 0.5147
5957.9932 0.5155
5959.3638 0.5184
5960.7378 0.5178
5962.1094 0.5161
5963.4839 0.5164
5964.8560 0.5177
5966.2314 0.5184
5967.6040 0.5188
5968.9766 0.5184
5970.3530 0.5167
5971.7266 0.5128
5973.1035 0.5045
5974.4780 0.4977
5975.8555 0.5048
5977.2305 0.5143
5978.6055 0.5172
5979.9839 0.5170
5981.3599 0.5164
5982.7388 0.5163
5984.1152 0.5171
5985.4951 0.5155
5986.8721 0.5138
5988.2495 0.5138
5989.6304 0.5130
5991.0083 0.5108
5992.3896 0.5127
5993.7681 0.5155
5995.1504 0.5156
5996.5298 0.5153
5997.9126 0.5153
5999.2920 0.5152
6000.6724 0.5151
6002.0562 0.5151
6003.4370 0.5115
6004.8213 0.5045
6006.2026 0.5014
6007.5874 0.5058
6008.9697 0.5113
6010.3521 0.5136
6011.7378 0.5145
6013.1211 0.5145
6014.5078 0.5143
6015.8911 0.5144
6017.2783 0.5147
6018.6626 0.5137
6020.0474 0.5134
6021.4355 0.5135
6022.8208 0.5136
6024.2095 0.5139
6025.5957 0.5144
6026.9849 0.5142
6028.3716 0.5133
6029.7583 0.5119
6031.1489 0.5104
6032.5361 0.5094
6033.9272 0.5092
6035.3154 0.5100
6036.7070 0.5107
6038.0957 0.5107
6039.4849 0.5098
6040.8774 0.5087
6042.2671 0.5094
6043.6606 0.5117
6045.0508 0.5118
6046.4448 0.5116
6047.8359 0.5117
6049.2271 0.5118
6050.6221 0.5127
6052.0142 0.5132
6053.4097 0.5134
6054.8022 0.5124
6056.1982 0.5110
6057.5918 0.5109
6058.9854 0.5123
6060.3823 0.5116
6061.7764 0.5109
6063.1743 0.5110
6064.5693 0.5110
6065.9678 0.5107
6067.3633 0.5111
6068.7588 0.5119
6070.1582 0.5120
6071.5547 0.5124
6072.9551 0.5132
6074.3521 0.5134
6075.7529 0.5128
6077.1504 0.5120
6078.5483 0.5106
6079.9502 0.5102
6081.3491 0.5107
6082.7515 0.5110
6084.1504 0.5111
6085.5537 0.5114
6086.9536 0.5118
6088.3540 0.5118
6089.7578 0.5116
6091.1587 0.5115
6092.5635 0.5115
6093.9648 0.5119
6095.3701 0.5120
6096.7725 0.5113
6098.1782 0.5102
6099.5811 0.5102
6100.9844 0.5121
6102.3911 0.5119
6103.7949 0.5103
6105.2026 0.5093
6106.6069 0.5091
6108.0151 0.5095
6109.4204 0.5099
6110.8257 0.5106
6112.2349 0.5101
6113.6411 0.5103
6115.0508 0.5115
6116.4575 0.5123
6117.8682 0.5118
6119.2754 0.5108
6120.6831 0.5109
6122.0947 0.5112
6123.5029 0.5111
6124.9150 0.5107
6126.3242 0.5108
6127.7368 0.5114
6129.1465 0.5115
6130.5566 0.5116
6131.9702 0.5115
6133.3809 0.5111
6134.7954 0.5106
6136.2065 0.5094
6137.6216 0.5080
6139.0337 0.5082
6140.4458 0.5078
6141.8618 0.5029
6143.2749 0.4941
6144.6914 0.4937
6146.1050 0.5014
6147.5220 0.5076
6148.9365 0.5083
6150.3511 0.5038
6151.7690 0.4952
6153.1846 0.4921
6154.6035 0.4980
6156.0190 0.5038
6157.4390 0.5048
6158.8555 0.5027
6160.2720 0.5012
6161.6929 0.5013
6163.1104 0.5018
6164.5312 0.5017
6165.9497 0.5011
6167.3711 0.4999
6168.7900 0.4982
6170.2095 0.4955
6171.6323 0.4957
6173.0518 0.4963
6174.4756 0.4962
6175.8960 0.4965
6177.3198 0.4983
6178.7412 0.4994
6180.1626 0.5001
6181.5874 0.5001
6183.0098 0.5007
6184.4355 0.5023
6185.8579 0.5035
6187.2847 0.5033
6188.7080 0.5028
6190.1318 0.5016
6191.5591 0.5010
6192.9834 0.5014
6194.4116 0.5013
6195.8364 0.4997
6197.2651 0.4948
6198.6909 0.4921
6200.1172 0.4940
6201.5469 0.4983
6202.9731 0.5015
6204.4038 0.5023
6205.8311 0.5023
6207.2622 0.5022
6208.6899 0.5026
6210.1216 0.5036
6211.5503 0.5048
6212.9795 0.5055
6214.4121 0.5058
6215.8418 0.5050
6217.2749 0.5035
6218.7056 0.5025
6220.1392 0.5027
6221.5703 0.5031
6223.0015 0.5031
6224.4365 0.5031
6225.8687 0.5030
6227.3042 0.5025
6228.7368 0.5018
6230.1729 0.5018
6231.6064 0.4988
6233.0400 0.4917
6234.4771 0.4886
6235.9116 0.4939
6237.3496 0.4994
6238.7842 0.4985
6240.2231 0.4970
6241.6587 0.4888
6243.0942 0.4830
6244.5342 0.4896
6245.9707 0.4996
6247.4111 0.5019
6248.8481 0.5031
6250.2891 0.5033
6251.7271 0.5026
6253.1650 0.5022
6254.6069 0.5022
6256.0459 0.5019
6257.4888 0.5010
6258.9282 0.5002
6260.3716 0.4992
6261.8115 0.4973
6263.2520 0.4944
6264.6963 0.4897
6266.1377 0.4902
6267.5825 0.4932
6269.0244 0.4948
6270.4702 0.4905
6271.9126 0.4771
6273.3555 0.4638
6274.8022 0.4625
6276.2456 0.4612
6277.6929 0.4531
6279.1372 0.4456
6280.5850 0.4523
6282.0298 0.4695
6283.4751 0.4802
6284.9238 0.4840
6286.3696 0.4852
6287.8193 0.4870
6289.2661 0.4907
6290.7163 0.4918
6292.1636 0.4917
6293.6108 0.4911
6295.0620 0.4913
6296.5103 0.4921
6297.9624 0.4901
6299.4111 0.4881
6300.8638 0.4852
6302.3135 0.4865
6303.7632 0.4893
6305.2168 0.4897
6306.6675 0.4905
6308.1216 0.4911
6309.5728 0.4904
6311.0278 0.4882
6312.4795 0.4853
6313.9316 0.4845
6315.3877 0.4894
6316.8403 0.4927
6318.2974 0.4933
6319.7510 0.4934
6321.2080 0.4944
6322.6621 0.4956
6324.1201 0.4947
6325.5752 0.4921
6327.0303 0.4902
6328.4893 0.4905
6329.9453 0.4918
6331.4048 0.4926
6332.8613 0.4933
6334.3218 0.4930
6335.7788 0.4925
6337.2363 0.4914
6338.6978 0.4890
6340.1558 0.4721
6341.6182 0.4297
6343.0767 0.4271
6344.5396 0.4649
6345.9990 0.4878
6347.4590 0.4891
6348.9229 0.4896
6350.3833 0.4899
6351.8477 0.4903
6353.3091 0.4907
6354.7739 0.4903
6356.2358 0.4890
6357.6982 0.4882
6359.1641 0.4893
6360.6270 0.4893
6362.0938 0.4884
6363.5576 0.4819
6365.0249 0.4579
6366.4893 0.4313
6367.9536 0.4480
6369.4224 0.4789
6370.8877 0.4857
6372.3564 0.4850
6373.8228 0.4859
6375.2925 0.4862
6376.7588 0.4881
6378.2261 0.4873
6379.6968 0.4869
6381.1646 0.4869
6382.6357 0.4872
6384.1040 0.4881
6385.5762 0.4887
6387.0454 0.4887
6388.5146 0.4880
6389.9878 0.4876
6391.4580 0.4877
6392.9316 0.4877
6394.4023 0.4877
6395.8770 0.4854
6397.3481 0.4839
6398.8198 0.4851
6400.2954 0.4866
6401.7681 0.4863
6403.2441 0.4862
6404.7173 0.4864
6406.1943 0.4858
6407.6680 0.4854
6409.1421 0.4842
6410.6196 0.4806
6412.0947 0.4764
6413.5732 0.4797
6415.0488 0.4832
6416.5278 0.4845
6418.0039 0.4848
6419.4805 0.4850
6420.9609 0.4840
6422.4380 0.4841
6423.9189 0.4848
6425.3970 0.4840
6426.8784 0.4815
6428.3569 0.4795
6429.8359 0.4811
6431.3184 0.4830
6432.7979 0.4826
6434.2812 0.4809
6435.7617 0.4796
6437.2456 0.4796
6438.7266 0.4795
6440.2114 0.4770
6441.6929 0.4759
6443.1748 0.4769
6444.6606 0.4778
6446.1431 0.4775
6447.6294 0.4760
6449.1128 0.4686
6450.6001 0.4541
6452.0840 0.4529
6453.5684 0.4646
6455.0566 0.4740
6456.5415 0.4754
6458.0303 0.4749
6459.5161 0.4750
6461.0054 0.4753
6462.4917 0.4750
6463.9785 0.4744
6465.4692 0.4748
6466.9565 0.4754
6468.4478 0.4734
6469.9360 0.4713
6471.4277 0.4723
6472.9165 0.4750
6474.4058 0.4732
6475.8984 0.4685
6477.3882 0.4624
6478.8818 0.4621
6480.3726 0.4667
6481.8667 0.4704
6483.3579 0.4709
6484.8496 0.4702
6486.3447 0.4677
6487.8369 0.4662
6489.3330 0.4662
6490.8262 0.4668
6492.3228 0.4683
6493.8164 0.4709
6495.3101 0.4723
6496.8081 0.4729
6498.3027 0.4728
6499.8013 0.4715
6501.2964 0.4700
6502.7954 0.4699
6504.2915 0.4699
6505.7876 0.4695
6507.2881 0.4690
6508.7852 0.4667
6510.2861 0.4609
6511.7837 0.4582
6513.2852 0.4627
6514.7837 0.4670
6516.2822 0.4682
6517.7852 0.4678
6519.2842 0.4661
6520.7876 0.4667
6522.2876 0.4669
6523.7920 0.4664
6525.2925 0.4653
6526.7939 0.4640
6528.2988 0.4634
6529.8008 0.4633
6531.3062 0.4638
6532.8091 0.4650
6534.3154 0.4660
6535.8184 0.4653
6537.3223 0.4628
6538.8296 0.4605
6540.3340 0.4589
6541.8423 0.4603
6543.3472 0.4639
6544.8560 0.4662
6546.3613 0.4654
6547.8677 0.4620
6549.3774 0.4604
6550.8843 0.4592
6552.3945 0.4564
6553.9019 0.4502
6555.4136 0.4355
6556.9214 0.4058
6558.4336 0.4130
6559.9424 0.4369
6561.4512 0.4520
6562.9644 0.4551
6564.4741 0.4577
6565.9878 0.4592
6567.4985 0.4611
6569.0127 0.4624
6570.5239 0.4631
6572.0356 0.4632
6573.5513 0.4621
6575.0635 0.4632
6576.5796 0.4627
6578.0923 0.4624
6579.6094 0.4628
6581.1230 0.4628
6582.6372 0.4626
6584.1548 0.4623
6585.6694 0.4619
6587.1885 0.4619
6588.7036 0.4624
6590.2231 0.4627
6591.7393 0.4620
6593.2554 0.4617
6594.7759 0.4626
6596.2930 0.4634
6597.8140 0.4633
6599.3320 0.4624
6600.8535 0.4612
6602.3721 0.4611
6603.8911 0.4606
6605.4141 0.4597
6606.9336 0.4564
6608.4570 0.4520
6609.9771 0.4543
6611.5015 0.4595
6613.0225 0.4608
6614.5439 0.4602
6616.0693 0.4594
6617.5913 0.4589
6619.1172 0.4589
6620.6396 0.4582
6622.1665 0.4569
6623.6899 0.4576
6625.2139 0.4595
6626.7417 0.4602
6628.2661 0.4594
6629.7944 0.4597
6631.3198 0.4597
6632.8486 0.4593
6634.3745 0.4595
6635.9009 0.4597
6637.4312 0.4577
6638.9580 0.4553
6640.4888 0.4549
6642.0166 0.4558
6643.5483 0.4569
6645.0767 0.4576
6646.6055 0.4575
6648.1382 0.4573
6649.6675 0.4572
6651.2007 0.4571
6652.7310 0.4562
6654.2651 0.4544
6655.7959 0.4535
6657.3271 0.4555
6658.8623 0.4560
6660.3940 0.4564
6661.9297 0.4572
6663.4624 0.4574
6664.9990 0.4563
6666.5322 0.4547
6668.0659 0.4554
6669.6035 0.4560
6671.1377 0.4521
6672.6763 0.4451
6674.2114 0.4451
6675.7505 0.4529
6677.2861 0.4560
6678.8257 0.4557
6680.3623 0.4559
6681.8989 0.4575
6683.4399 0.4583
6684.9775 0.4571
6686.5190 0.4568
6688.0571 0.4564
6689.5996 0.4559
6691.1382 0.4550
6692.6777 0.4526
6694.2212 0.4518
6695.7607 0.4541
6697.3052 0.4557
6698.8457 0.4556
6700.3906 0.4554
6701.9316 0.4551
6703.4736 0.4551
6705.0195 0.4552
6706.5620 0.4549
6708.1084 0.4536
6709.6519 0.4519
6711.1987 0.4514
6712.7427 0.4517
6714.2871 0.4526
6715.8354 0.4512
6717.3804 0.4474
6718.9292 0.4462
6720.4751 0.4518
6722.0249 0.4531
6723.5713 0.4530
6725.1177 0.4527
6726.6685 0.4524
6728.2163 0.4515
6729.7676 0.4502
6731.3159 0.4495
6732.8682 0.4500
6734.4170 0.4502
6735.9663 0.4498
6737.5195 0.4495
6739.0693 0.4493
6740.6235 0.4492
6742.1743 0.4491
6743.7290 0.4490
6745.2803 0.4491
6746.8320 0.4492
6748.3877 0.4490
6749.9404 0.4486
6751.4966 0.4482
6753.0498 0.4479
6754.6069 0.4478
6756.1611 0.4478
6757.7153 0.4476
6759.2734 0.4473
6760.8286 0.4470
6762.3877 0.4466
6763.9434 0.4464
6765.5029 0.4464
6767.0596 0.4462
6768.6162 0.4457
6770.1772 0.4454
6771.7344 0.4454
6773.2959 0.4453
6774.8540 0.4450
6776.4165 0.4447
6777.9756 0.4446
6779.5347 0.4444
6781.0981 0.4441
6782.6582 0.4438
6784.2222 0.4436
6785.7827 0.4435
6787.3477 0.4433
6788.9092 0.4432
6790.4707 0.4430
6792.0366 0.4429
6793.5991 0.4427
6795.1655 0.4425
6796.7290 0.4424
6798.2964 0.4422
6799.8604 0.4420
6801.4282 0.4418
6802.9927 0.4415
6804.5581 0.4414
6806.1270 0.4411
6807.6929 0.4408
6809.2627 0.4405
6810.8291 0.4403
6812.3994 0.4402
6813.9668 0.4399
6815.5342 0.4398
6817.1060 0.4396
6818.6743 0.4394
6820.2466 0.4393
6821.8154 0.4391
6823.3887 0.4387
6824.9585 0.4387
6826.5283 0.4387
6828.1025 0.4386
6829.6733 0.4384
6831.2485 0.4382
6832.8198 0.4381
6834.3955 0.4381
6835.9678 0.4381
6837.5405 0.4379
6839.1172 0.4377
6840.6904 0.4375
6842.2681 0.4375
6843.8418 0.4375
6845.4199 0.4374
6846.9946 0.4373
6848.5698 0.4371
6850.1494 0.4369
6851.7251 0.4365
6853.3052 0.4363
6854.8818 0.4363
6856.4624 0.4361
6858.0396 0.4360
6859.6177 0.4361
6861.1992 0.4360
6862.7778 0.4358
6864.3604 0.4352
6865.9395 0.4349
6867.5225 0.4350
6869.1025 0.4352
6870.6826 0.4351
6872.2671 0.4349
6873.8481 0.4348
6875.4331 0.4346
6877.0146 0.4343
6878.6006 0.4342
6880.1831 0.4341
6881.7656 0.4340
6883.3525 0.4339
6884.9360 0.4337
6886.5239 0.4336
6888.1079 0.4334
6889.6963 0.4333
6891.2812 0.4331
6892.8667 0.4329
6894.4561 0.4327
6896.0425 0.4325
6897.6323 0.4322
6899.2192 0.4317
6900.8105 0.4312
6902.3979 0.4312
6903.9858 0.4313
6905.5776 0.4312
6907.1665 0.4311
6908.7593 0.4309
6910.3486 0.4307
6911.9419 0.4306
6913.5322 0.4303
6915.1226 0.4298
6916.7173 0.4292
6918.3081 0.4293
6919.9038 0.4295
6921.4956 0.4292
6923.0918 0.4289
6924.6846 0.4288
6926.2812 0.4287
6927.8745 0.4286
6929.4683 0.4286
6931.0664 0.4285
6932.6606 0.4283
6934.2593 0.4281
6935.8545 0.4279
6937.4541 0.4277
6939.0498 0.4275
6940.6460 0.4273
6942.2466 0.4272
6943.8438 0.4270
6945.4448 0.4268
6947.0430 0.4266
6948.6445 0.4266
6950.2432 0.4265
6951.8423 0.4264
6953.4453 0.4263
6955.0449 0.4262
6956.6489 0.4260
6958.2490 0.4256
6959.8535 0.4248
6961.4546 0.4247
6963.0562 0.4252
6964.6621 0.4248
6966.2642 0.4237
6967.8706 0.4237
6969.4736 0.4243
6971.0806 0.4239
6972.6841 0.4229
6974.2886 0.4225
6975.8965 0.4225
6977.5015 0.4229
6979.1104 0.4239
6980.7158 0.4243
6982.3257 0.4239
6983.9321 0.4238
6985.5386 0.4230
6987.1494 0.4208
6988.7568 0.4213
6990.3687 0.4234
6991.9766 0.4245
6993.5889 0.4241
6995.1978 0.4230
6996.8071 0.4217
6998.4204 0.4227
7000.0303 0.4239
7001.6445 0.4244
7003.2554 0.4247
7004.8701 0.4245
7006.4819 0.4243
7008.0938 0.4236
7009.7095 0.4228
7011.3223 0.4223
7012.9390 0.4224
7014.5522 0.4224
7016.1699 0.4232
7017.7837 0.4234
7019.3984 0.4222
7021.0171 0.4209
7022.6323 0.4207
7024.2515 0.4214
7025.8677 0.4207
7027.4878 0.4209
7029.1045 0.4213
7030.7212 0.4215
7032.3428 0.4219
7033.9604 0.4213
7035.5825 0.4148
7037.2007 0.4144
7038.8237 0.4184
7040.4429 0.4211
7042.0664 0.4206
7043.6865 0.4206
7045.3066 0.4202
7046.9316 0.4202
7048.5527 0.4193
7050.1782 0.4164
7051.7998 0.4138
7053.4263 0.4157
7055.0488 0.4139
7056.6719 0.4115
7058.2988 0.4090
7059.9229 0.4074
7061.5508 0.4090
7063.1753 0.4139
7064.8037 0.4169
7066.4292 0.4174
7068.0547 0.4169
7069.6846 0.4166
7071.3110 0.4160
7072.9419 0.4135
7074.5688 0.4130
7076.2002 0.4165
7077.8281 0.4189
7079.4561 0.4186
7081.0889 0.4174
7082.7178 0.4156
7084.3511 0.4158
7085.9810 0.4179
7087.6147 0.4185
7089.2451 0.4175
7090.8760 0.4169
7092.5112 0.4167
7094.1431 0.4156
7095.7788 0.4153
7097.4111 0.4155
7099.0479 0.4157
7100.6812 0.4157
7102.3145 0.4152
7103.9521 0.4151
7105.5864 0.4147
7107.2251 0.4151
7108.8599 0.4157
7110.4995 0.4155
7112.1353 0.4150
7113.7715 0.4142
7115.4116 0.4143
7117.0483 0.4145
7118.6899 0.4145
7120.3271 0.4143
7121.9692 0.4140
7123.6079 0.4134
7125.2466 0.4134
7126.8896 0.4134
7128.5293 0.4132
7130.1729 0.4128
7131.8130 0.4129
7133.4580 0.4128
7135.0986 0.4126
7136.7402 0.4124
7138.3857 0.4121
7140.0283 0.4120
7141.6748 0.4119
7143.3174 0.4117
7144.9648 0.4116
7146.6084 0.4115
7148.2524 0.4112
7149.9009 0.4107
7151.5459 0.4102
7153.1948 0.4106
7154.8403 0.4107
7156.4902 0.4106
7158.1367 0.4105
7159.7832 0.4104
7161.4346 0.4103
7163.0820 0.4103
7164.7339 0.4104
7166.3818 0.4104
7168.0347 0.4104
7169.6836 0.4103
7171.3369 0.4103
7172.9863 0.4103
7174.6367 0.4102
7176.2910 0.4102
7177.9419 0.4103
7179.5972 0.4104
7181.2490 0.4103
7182.9048 0.4102
7184.5571 0.4093
7186.2100 0.4076
7187.8672 0.4061
7189.5210 0.4053
7191.1787 0.4047
7192.8330 0.4042
7194.4917 0.4038
7196.1465 0.4035
7197.8022 0.4032
7199.4619 0.4030
7201.1182 0.4027
7202.7788 0.4023
7204.4355 0.4020
7206.0972 0.4018
7207.7549 0.4016
7209.4131 0.4014
7211.0757 0.4013
7212.7344 0.4011
7214.3975 0.4009
7216.0571 0.4007
7217.7212 0.4004
7219.3818 0.4003
7221.0425 0.4004
7222.7075 0.4004
7224.3691 0.4002
7226.0352 0.4000
7227.6973 0.3999
7229.3643 0.3997
7231.0273 0.3994
7232.6909 0.3994
7234.3584 0.3992
7236.0229 0.3990
7237.6914 0.3988
7239.3564 0.3987
7241.0259 0.3985
7242.6919 0.3983
7244.3579 0.3980
7246.0283 0.3977
7247.6953 0.3973
7249.3667 0.3969
7251.0342 0.3969
7252.7065 0.3969
7254.3750 0.3966
7256.0439 0.3964
7257.7168 0.3961
7259.3867 0.3957
7261.0605 0.3955
7262.7310 0.3954
7264.4058 0.3952
7266.0771 0.3950
7267.7485 0.3948
7269.4243 0.3945
7271.0967 0.3943
7272.7734 0.3941
7274.4463 0.3939
7276.1240 0.3936
7277.7979 0.3933
7279.4722 0.3930
7281.1509 0.3927
7282.8257 0.3924
7284.5054 0.3923
7286.1812 0.3922
7287.8613 0.3921
7289.5376 0.3918
7291.2148 0.3916
7292.8960 0.3914
7294.5737 0.3912
7296.2559 0.3909
7297.9341 0.3907
7299.6172 0.3905
7301.2964 0.3901
7302.9800 0.3907
7304.6602 0.3917
7306.3408 0.3920
7308.0254 0.3917
7309.7065 0.3912
7311.3921 0.3908
7313.0742 0.3903
7314.7607 0.3897
7316.4434 0.3894
7318.1265 0.3892
7319.8140 0.3888
7321.4980 0.3884
7323.1860 0.3880
7324.8711 0.3877
7326.5601 0.3873
7328.2456 0.3870
7329.9312 0.3867
7331.6216 0.3864
7333.3081 0.3861
7334.9995 0.3858
7336.6865 0.3855
7338.3784 0.3852
7340.0669 0.3850
7341.7554 0.3847
7343.4482 0.3844
7345.1377 0.3842
7346.8315 0.3839
7348.5215 0.3837
7350.2163 0.3835
7351.9067 0.3833
7353.5981 0.3831
7355.2939 0.3830
7356.9858 0.3830
7358.6826 0.3827
7360.3755 0.3821
7362.0728 0.3819
7363.7661 0.3816
7365.4604 0.3816
7367.1587 0.3817
7368.8535 0.3817
7370.5527 0.3814
7372.2485 0.3814
7373.9487 0.3814
7375.6450 0.3812
7377.3418 0.3808
7379.0430 0.3806
7380.7402 0.3806
7382.4424 0.3803
7384.1406 0.3804
7385.8433 0.3802
7387.5425 0.3799
7389.2422 0.3799
7390.9458 0.3798
7392.6465 0.3792
7394.3511 0.3787
7396.0522 0.3781
7397.7573 0.3776
7399.4595 0.3771
7401.1616 0.3765
7402.8682 0.3764
7404.5713 0.3750
7406.2788 0.3747
7407.9824 0.3752
7409.6909 0.3753
7411.3955 0.3749
7413.1006 0.3750
7414.8101 0.3742
7416.5156 0.3699
7418.2261 0.3678
7419.9326 0.3701
7421.6436 0.3735
7423.3506 0.3736
7425.0586 0.3735
7426.7705 0.3733
7428.4795 0.3733
7430.1924 0.3731
7431.9014 0.3730
7433.6152 0.3738
7435.3257 0.3652
7437.0400 0.3627
7438.7510 0.3686
7440.4624 0.3745
7442.1777 0.3738
7443.8901 0.3728
7445.6064 0.3729
7447.3193 0.3729
7449.0366 0.3728
7450.7505 0.3727
7452.4644 0.3728
7454.1831 0.3727
7455.8979 0.3680
7457.6172 0.3678
7459.3325 0.3694
7461.0527 0.3640
7462.7690 0.3549
7464.4858 0.3615
7466.2070 0.3683
7467.9248 0.3701
7469.6470 0.3702
7471.3652 0.3701
7473.0884 0.3694
7474.8076 0.3686
7476.5269 0.3687
7478.2510 0.3693
7479.9712 0.3696
7481.6963 0.3695
7483.4175 0.3690
7485.1431 0.3678
7486.8652 0.3674
7488.5874 0.3677
7490.3145 0.3682
7492.0371 0.3683
7493.7651 0.3679
7495.4888 0.3677
7497.2173 0.3669
7498.9419 0.3662
7500.6670 0.3660
7502.3970 0.3659
7504.1226 0.3654
7505.8530 0.3651
7507.5801 0.3643
7509.3110 0.3636
7511.0386 0.3638
7512.7666 0.3646
7514.4990 0.3650
7516.2275 0.3644
7517.9609 0.3636
7519.6904 0.3631
7521.4243 0.3631
7523.1548 0.3631
7524.8853 0.3626
7526.6206 0.3619
7528.3521 0.3613
7530.0884 0.3613
7531.8203 0.3614
7533.5571 0.3613
7535.2905 0.3611
7537.0239 0.3609
7538.7617 0.3608
7540.4961 0.3605
7542.2349 0.3603
7543.9702 0.3602
7545.7095 0.3601
7547.4453 0.3600
7549.1816 0.3600
7550.9229 0.3599
7552.6597 0.3598
7554.4014 0.3595
7556.1392 0.3591
7557.8818 0.3586
7559.6201 0.3583
7561.3594 0.3581
7563.1030 0.3579
7564.8428 0.3577
7566.5874 0.3574
7568.3281 0.3572
7570.0732 0.3569
7571.8149 0.3567
7573.5610 0.3564
7575.3032 0.3562
7577.0459 0.3561
7578.7930 0.3559
7580.5366 0.3557
7582.2847 0.3555
7584.0288 0.3553
7585.7778 0.3551
7587.5229 0.3549
7589.2686 0.3548
7591.0186 0.3546
7592.7646 0.3545
7594.5156 0.3543
7596.2627 0.3541
7598.0142 0.3540
7599.7622 0.3538
7601.5107 0.3536
7603.2637 0.3534
7605.0127 0.3529
7606.7661 0.3520
7608.5161 0.3509
7610.2710 0.3500
7612.0215 0.3496
7613.7725 0.3493
7615.5283 0.3491
7617.2803 0.3491
7619.0366 0.3492
7620.7896 0.3490
7622.5469 0.3490
7624.3003 0.3490
7626.0542 0.3489
7627.8130 0.3487
7629.5679 0.3486
7631.3271 0.3485
7633.0825 0.3483
7634.8428 0.3482
7636.5991 0.3480
7638.3560 0.3479
7640.1172 0.3477
7641.8750 0.3475
7643.6372 0.3474
7645.3955 0.3472
7647.1587 0.3470
7648.9180 0.3468
7650.6772 0.3466
7652.4419 0.3464
7654.2021 0.3461
7655.9673 0.3460
7657.7285 0.3459
7659.4941 0.3458
7661.2563 0.3456
7663.0186 0.3454
7664.7856 0.3453
7666.5493 0.3450
7668.3169 0.3448
7670.0811 0.3446
7671.8496 0.3444
7673.6147 0.3442
7675.3799 0.3439
7677.1499 0.3437
7678.9160 0.3435
7680.6870 0.3432
7682.4536 0.3430
7684.2251 0.3426
7685.9932 0.3424
7687.7612 0.3423
7689.5342 0.3422
7691.3027 0.3419
7693.0767 0.3417
7694.8462 0.3415
7696.6206 0.3412
7698.3911 0.3408
7700.1621 0.3405
7701.9380 0.3403
7703.7100 0.3398
7705.4863 0.3388
7707.2588 0.3387
7709.0361 0.3387
7710.8096 0.3382
7712.5879 0.3374
7714.3618 0.3366
7716.1367 0.3362
7717.9160 0.3361
7719.6914 0.3361
7721.4717 0.3362
7723.2480 0.3362
7725.0288 0.3361
7726.8062 0.3359
7728.5835 0.3359
7730.3657 0.3361
7732.1440 0.3363
7733.9272 0.3363
7735.7065 0.3361
7737.4902 0.3361
7739.2700 0.3358
7741.0508 0.3356
7742.8354 0.3355
7744.6167 0.3355
7746.4028 0.3355
7748.1851 0.3362
7749.9717 0.3367
7751.7544 0.3362
7753.5376 0.3354
7755.3257 0.3349
7757.1099 0.3348
7758.8984 0.3350
7760.6836 0.3346
7762.4731 0.3334
7764.2588 0.3201
7766.0449 0.2973
7767.8359 0.2831
7769.6226 0.2913
7771.4146 0.3203
7773.2021 0.3330
7774.9946 0.3346
7776.7832 0.3350
7778.5723 0.3347
7780.3662 0.3347
7782.1558 0.3349
7783.9507 0.3347
7785.7412 0.3342
7787.5366 0.3341
7789.3281 0.3344
7791.1201 0.3343
7792.9165 0.3333
7794.7095 0.3330
7796.5068 0.3332
7798.3003 0.3333
7800.0986 0.3335
7801.8931 0.3334
7803.6880 0.3326
7805.4873 0.3329
7807.2832 0.3337
7809.0835 0.3339
7810.8799 0.3339
7812.6812 0.3341
7814.4785 0.3346
7816.2759 0.3333
7818.0786 0.3322
7819.8770 0.3314
7821.6802 0.3300
7823.4795 0.3297
7825.2837 0.3297
7827.0840 0.3295
7828.8843 0.3287
7830.6899 0.3282
7832.4912 0.3286
7834.2974 0.3291
7836.0996 0.3286
7837.9067 0.3292
7839.7100 0.3295
7841.5132 0.3295
7843.3213 0.3299
7845.1260 0.3290
7846.9351 0.3283
7848.7402 0.3275
7850.5498 0.3273
7852.3560 0.3273
7854.1665 0.3262
7855.9736 0.3254
7857.7808 0.3255
7859.5928 0.3239
7861.4009 0.3242
7863.2139 0.3260
7865.0225 0.3259
7866.8364 0.3254
7868.6460 0.3225
7870.4561 0.3149
7872.2710 0.3166
7874.0820 0.3237
7875.8979 0.3233
7877.7100 0.3245
7879.5264 0.3225
7881.3389 0.3196
7883.1519 0.3193
7884.9697 0.3196
7886.7837 0.3159
7888.6025 0.3080
7890.4175 0.3001
7892.2368 0.3102
7894.0522 0.3184
7895.8687 0.3152
7897.6890 0.3129
7899.5059 0.3199
7901.3276 0.3202
7903.1455 0.3151
7904.9678 0.3138
7906.7861 0.3177
7908.6055 0.3194
7910.4292 0.3151
7912.2485 0.3148
7914.0732 0.3134
7915.8940 0.3128
7917.7192 0.3136
7919.5405 0.3138
7921.3628 0.3136
7923.1895 0.3087
7925.0122 0.3108
7926.8394 0.3152
7928.6631 0.3177
7930.4912 0.3195
7932.3159 0.3193
7934.1406 0.3182
7935.9702 0.3164
7937.7959 0.3164
7939.6265 0.3161
7941.4526 0.3128
7943.2842 0.3116
7945.1113 0.3113
7946.9390 0.3121
7948.7720 0.3135
7950.6006 0.3138
7952.4336 0.3111
7954.2632 0.3068
7956.0977 0.3037
7957.9277 0.3049
7959.7583 0.3103
7961.5938 0.3134
7963.4253 0.3100
7965.2617 0.3090
7967.0942 0.3090
7968.9316 0.3093
7970.7646 0.3101
7972.5981 0.3104
7974.4370 0.3100
7976.2715 0.3104
7978.1108 0.3087
7979.9458 0.3087
7981.7861 0.3105
7983.6226 0.3119
7985.4590 0.3115
7987.3003 0.3108
7989.1377 0.3100
7990.9800 0.3081
7992.8184 0.3048
7994.6616 0.3022
7996.5005 0.3033
7998.3447 0.3065
8000.1846 0.3035
8002.0249 0.2994
8003.8706 0.3023
8005.7114 0.3056
8007.5576 0.3015
8009.3999 0.3033
8011.2471 0.3063
8013.0898 0.3068
8014.9331 0.3047
8016.7812 0.3011
8018.6255 0.2986
8020.4746 0.2997
8022.3198 0.2984
8024.1699 0.2998
8026.0156 0.3023
8027.8623 0.3026
8029.7134 0.3010
8031.5605 0.3020
8033.4126 0.3029
8035.2607 0.3027
8037.1138 0.3002
8038.9624 0.2979
8040.8120 0.2990
8042.6660 0.3015
8044.5161 0.3025
8046.3711 0.3022
8048.2222 0.3019
8050.0781 0.3022
8051.9302 0.3026
8053.7827 0.3013
8055.6396 0.3008
8057.4927 0.3006
8059.3511 0.3001
8061.2051 0.2998
8063.0640 0.2994
8064.9189 0.2978
8066.7739 0.2986
8068.6343 0.2992
8070.4902 0.2993
8072.3516 0.2986
8074.2085 0.2977
8076.0703 0.2979
8077.9282 0.2971
8079.7866 0.2962
8081.6499 0.2963
8083.5088 0.2966
8085.3730 0.2960
8087.2329 0.2958
8089.0981 0.2956
8090.9590 0.2954
8092.8203 0.2953
8094.6865 0.2952
8096.5483 0.2950
8098.4155 0.2948
8100.2788 0.2946
8102.1465 0.2944
8104.0103 0.2942
8105.8745 0.2940
8107.7441 0.2938
8109.6089 0.2935
8111.4790 0.2933
8113.3452 0.2931
8115.2163 0.2929
8117.0830 0.2928
8118.9502 0.2926
8120.8228 0.2924
8122.6909 0.2921
8124.5640 0.2919
8126.4326 0.2917
8128.3066 0.2915
8130.1768 0.2913
8132.0513 0.2911
8133.9224 0.2908
8135.7935 0.2906
8137.6694 0.2904
8139.5415 0.2902
8141.4185 0.2899
8143.2915 0.2897
8145.1694 0.2895
8147.0430 0.2892
8148.9175 0.2889
8150.7964 0.2886
8152.6714 0.2883
8154.5513 0.2882
8156.4272 0.2880
8158.3081 0.2877
8160.1851 0.2874
8162.0625 0.2873
8163.9443 0.2872
8165.8228 0.2869
8167.7056 0.2866
8169.5845 0.2864
8171.4683 0.2862
8173.3481 0.2860
8175.2285 0.2857
8177.1138 0.2852
8178.9951 0.2849
8180.8809 0.2846
8182.7632 0.2846
8184.6499 0.2846
8186.5327 0.2845
8188.4160 0.2842
8190.3042 0.2841
8192.1885 0.2839
8194.0771 0.2832
8195.9629 0.2828
8197.8525 0.2830
8199.7383 0.2830
8201.6250 0.2828
8203.5156 0.2826
8205.4033 0.2820
8207.2959 0.2810
8209.1836 0.2803
8211.0762 0.2808
8212.9658 0.2810
8214.8545 0.2804
8216.7490 0.2800
8218.6396 0.2803
8220.5342 0.2803
8222.4258 0.2796
8224.3223 0.2796
8226.2139 0.2787
8228.1064 0.2776
8230.0039 0.2777
8231.8965 0.2788
8233.7949 0.2785
8235.6895 0.2779
8237.5889 0.2779
8239.4834 0.2780
8241.3789 0.2776
8243.2793 0.2772
8245.1758 0.2775
8247.0771 0.2773
8248.9746 0.2771
8250.8770 0.2769
8252.7744 0.2769
8254.6729 0.2769
8256.5771 0.2765
8258.4766 0.2761
8260.3809 0.2762
8262.2812 0.2762
8264.1865 0.2758
8266.0869 0.2753
8267.9893 0.2750
8269.8955 0.2747
8271.7979 0.2746
8273.7051 0.2743
8275.6084 0.2740
8277.5166 0.2742
8279.4209 0.2735
8281.3301 0.2720
8283.2354 0.2727
8285.1416 0.2731
8287.0518 0.2728
8288.9580 0.2736
8290.8691 0.2739
8292.7773 0.2721
8294.6895 0.2724
8296.5977 0.2730
8298.5059 0.2716
8300.4199 0.2702
8302.3291 0.2723
8304.2432 0.2727
8306.1543 0.2692
8308.0693 0.2670
8309.9805 0.2688
8311.8926 0.2715
8313.8086 0.2706
8315.7217 0.2664
8317.6396 0.2651
8319.5527 0.2679
8321.4707 0.2711
8323.3857 0.2706
8325.2998 0.2663
8327.2197 0.2609
8329.1357 0.2638
8331.0566 0.2692
8332.9727 0.2713
8334.8945 0.2695
8336.8115 0.2641
8338.7295 0.2575
8340.6523 0.2601
8342.5713 0.2672
8344.4951 0.2720
8346.4150 0.2726
8348.3398 0.2694
8350.2598 0.2610
8352.1807 0.2533
8354.1074 0.2550
8356.0293 0.2640
8357.9561 0.2702
8359.8789 0.2718
8361.8066 0.2710
8363.7295 0.2666
8365.6543 0.2574
8367.5830 0.2484
8369.5078 0.2492
8371.4375 0.2605
8373.3643 0.2676
8375.2949 0.2709
8377.2217 0.2713
8379.1484 0.2696
8381.0811 0.2654
8383.0088 0.2564
8384.9424 0.2434
8386.8711 0.2411
8388.8047 0.2496
8390.7344 0.2604
8392.6650 0.2667
8394.6006 0.2703
8396.5312 0.2712
8398.4678 0.2672
8400.3994 0.2614
8402.3369 0.2542
8404.2695 0.2439
8406.2031 0.2345
8408.1416 0.2367
8410.0762 0.2480
8412.0156 0.2589
8413.9502 0.2662
8415.8906 0.2715
8417.8271 0.2717
8419.7637 0.2712
8421.7051 0.2696
8423.6426 0.2655
8425.5850 0.2604
8427.5234 0.2539
8429.4668 0.2394
8431.4053 0.2250
8433.3496 0.2322
8435.2900 0.2483
8437.2305 0.2491
8439.1758 0.2320
8441.1172 0.2336
8443.0645 0.2612
8445.0059 0.2687
8446.9541 0.2668
8448.8965 0.2680
8450.8408 0.2660
8452.7891 0.2623
8454.7344 0.2553
8456.6836 0.2470
8458.6289 0.2332
8460.5791 0.2219
8462.5254 0.2281
8464.4727 0.2461
8466.4248 0.2556
8468.3721 0.2612
8470.3252 0.2646
8472.2734 0.2657
8474.2275 0.2657
8476.1768 0.2663
8478.1270 0.2658
8480.0820 0.2644
8482.0322 0.2634
8483.9883 0.2622
8485.9404 0.2602
8487.8975 0.2576
8489.8496 0.2462
8491.8027 0.2356
8493.7607 0.2241
8495.7148 0.2144
8497.6738 0.2179
8499.6289 0.2366
8501.5889 0.2471
8503.5449 0.2532
8505.5010 0.2550
8507.4619 0.2555
8509.4199 0.2597
8511.3818 0.2618
8513.3398 0.2607
8515.3027 0.2608
8517.2617 0.2613
8519.2217 0.2616
8521.1855 0.2623
8523.1465 0.2609
8525.1113 0.2601
8527.0723 0.2588
8529.0391 0.2552
8531.0010 0.2501
8532.9639 0.2400
8534.9316 0.2148
8536.8945 0.2025
8538.8633 0.2020
8540.8281 0.2144
8542.7969 0.2327
8544.7627 0.2438
8546.7285 0.2483
8548.6992 0.2498
8550.6660 0.2517
8552.6377 0.2539
8554.6045 0.2548
8556.5771 0.2543
8558.5459 0.2540
8560.5146 0.2508
8562.4893 0.2517
8564.4590 0.2533
8566.4336 0.2531
8568.4043 0.2533
8570.3799 0.2532
8572.3516 0.2532
8574.3242 0.2527
8576.3008 0.2514
8578.2744 0.2500
8580.2520 0.2492
8582.2256 0.2477
8584.2051 0.2429
8586.1797 0.2338
8588.1602 0.2228
8590.1357 0.2089
8592.1113 0.1970
8594.0928 0.2104
8596.0703 0.2283
8598.0527 0.2383
8600.0303 0.2429
8602.0137 0.2458
8603.9922 0.2470
8605.9717 0.2471
8607.9561 0.2481
8609.9365 0.2483
8611.9219 0.2472
8613.9033 0.2462
8615.8896 0.2468
8617.8711 0.2480
8619.8535 0.2469
8621.8418 0.2406
8623.8252 0.2409
8625.8135 0.2471
8627.7979 0.2478
8629.7881 0.2476
8631.7725 0.2469
8633.7588 0.2456
8635.7500 0.2448
8637.7363 0.2447
8639.7285 0.2446
8641.7158 0.2442
8643.7080 0.2428
8645.6973 0.2415
8647.6855 0.2380
8649.6797 0.2346
8651.6699 0.2325
8653.6650 0.2187
8655.6553 0.1963
8657.6514 0.1855
8659.6436 0.1938
8661.6357 0.2127
8663.6328 0.2278
8665.6260 0.2340
8667.6240 0.2381
8669.6182 0.2410
8671.6172 0.2319
8673.6123 0.2174
8675.6074 0.2157
8677.6084 0.2198
8679.6045 0.2280
8681.6055 0.2379
8683.6025 0.2429
8685.6055 0.2429
8687.6035 0.2429
8689.6025 0.2425
8691.6055 0.2428
8693.6055 0.2401
8695.6104 0.2332
8697.6104 0.2309
8699.6162 0.2397
8701.6172 0.2418
8703.6191 0.2327
8705.6260 0.2308
8707.6289 0.2376
8709.6367 0.2396
8711.6406 0.2307
8713.6494 0.2323
8715.6543 0.2385
8717.6592 0.2400
8719.6699 0.2377
8721.6758 0.2352
8723.6865 0.2350
8725.6934 0.2378
8727.7061 0.2364
8729.7129 0.2352
8731.7217 0.2340
8733.7354 0.2319
8735.7441 0.2293
8737.7588 0.2242
8739.7686 0.2148
8741.7842 0.1945
8743.7949 0.1819
8745.8115 0.1913
8747.8232 0.2132
8749.8359 0.2227
8751.8535 0.2287
8753.8672 0.2322
8755.8857 0.2332
8757.9004 0.2334
8759.9199 0.2344
8761.9346 0.2348
8763.9502 0.2339
8765.9717 0.2336
8767.9883 0.2338
8770.0098 0.2337
8772.0273 0.2329
8774.0498 0.2321
8776.0684 0.2325
8778.0879 0.2329
8780.1113 0.2330
8782.1318 0.2329
8784.1562 0.2328
8786.1777 0.2324
8788.2031 0.2322
8790.2256 0.2321
8792.2471 0.2315
8794.2754 0.2306
8796.2979 0.2303
8798.3262 0.2295
8800.3506 0.2289
8802.3799 0.2282
8804.4053 0.2274
8806.4307 0.2271
8808.4609 0.2279
8810.4873 0.2291
8812.5195 0.2257
8814.5459 0.2247
8816.5791 0.2259
8818.6074 0.2272
8820.6357 0.2282
8822.6699 0.2272
8824.6992 0.2261
8826.7344 0.2257
8828.7646 0.2252
8830.8008 0.2245
8832.8330 0.2243
8834.8643 0.2230
8836.9014 0.2225
8838.9346 0.2213
8840.9727 0.2195
8843.0068 0.2173
8845.0459 0.2139
8847.0811 0.2093
8849.1162 0.2044
8851.1562 0.1965
8853.1924 0.1840
8855.2344 0.1716
8857.2715 0.1699
8859.3145 0.1844
8861.3516 0.1940
8863.3906 0.2003
8865.4346 0.2047
8867.4736 0.2081
8869.5186 0.2111
8871.5596 0.2128
8873.6045 0.2139
8875.6465 0.2155
8877.6885 0.2169
8879.7354 0.2177
8881.7783 0.2182
8883.8262 0.2186
8885.8701 0.2189
8887.9189 0.2190
8889.9639 0.2192
8892.0088 0.2195
8894.0596 0.2197
8896.1055 0.2197
8898.1562 0.2197
8900.2041 0.2197
8902.2559 0.2193
8904.3037 0.2183
8906.3574 0.2176
8908.4062 0.2189
8910.4561 0.2188
8912.5107 0.2185
8914.5605 0.2184
8916.6162 0.2180
8918.6680 0.2168
8920.7246 0.2150
8922.7764 0.2165
8924.8291 0.2171
8926.8867 0.2168
8928.9404 0.2165
8931.0000 0.2162
8933.0547 0.2160
8935.1143 0.2157
8937.1699 0.2154
8939.2256 0.2151
8941.2871 0.2148
8943.3438 0.2145
8945.4062 0.2141
8947.4639 0.2138
8949.5273 0.2135
8951.5859 0.2131
8953.6455 0.2128
8955.7100 0.2124
8957.7705 0.2120
8959.8359 0.2116
8961.8975 0.2112
8963.9639 0.2107
8966.0264 0.2102
8968.0889 0.2097
8970.1572 0.2092
8972.2207 0.2086
8974.2891 0.2079
8976.3535 0.2072
8978.4238 0.2064
8980.4893 0.2054
8982.5557 0.2043
8984.6270 0.2030
8986.6934 0.2014
8988.7656 0.1995
8990.8340 0.1972
8992.9072 0.1943
8994.9756 0.1907
8997.0449 0.1862
8999.1201 0.1809
9001.1904 0.1745
9003.2656 0.1670
9005.3369 0.1584
9007.4131 0.1495
9009.4854 0.1514
9011.5586 0.1593
9013.6357 0.1674
9015.7100 0.1739
9017.7891 0.1795
9019.8633 0.1840
9021.9434 0.1875
9024.0186 0.1904
9026.0947 0.1926
9028.1758 0.1942
9030.2529 0.1954
9032.3350 0.1963
9034.4131 0.1970
9036.4971 0.1975
9038.5752 0.1977
9040.6543 0.1979
9042.7393 0.1981
9044.8193 0.1982
9046.9053 0.1983
9048.9863 0.1983
9051.0732 0.1980
9053.1553 0.1967
9055.2383 0.1949
9057.3262 0.1967
9059.4102 0.1975
9061.4990 0.1974
9063.5840 0.1970
9065.6738 0.1968
9067.7588 0.1964
9069.8506 0.1952
9071.9365 0.1951
9074.0234 0.1956
9076.1162 0.1958
9078.2041 0.1954
9080.2979 0.1945
9082.3867 0.1935
9084.4805 0.1945
9086.5703 0.1919
9088.6611 0.1907
9090.7568 0.1929
9092.8486 0.1936
9094.9453 0.1930
9097.0371 0.1929
9099.1348 0.1927
9101.2285 0.1923
9103.3223 0.1913
9105.4209 0.1900
9107.5156 0.1911
9109.6162 0.1911
9111.7119 0.1909
9113.8125 0.1904
9115.9092 0.1897
9118.0068 0.1896
9120.1094 0.1897
9122.2070 0.1894
9124.3105 0.1886
9126.4102 0.1882
9128.5146 0.1884
9130.6143 0.1882
9132.7148 0.1878
9134.8213 0.1875
9136.9219 0.1872
9139.0293 0.1869
9141.1318 0.1866
9143.2393 0.1862
9145.3428 0.1860
9147.4473 0.1855
9149.5566 0.1851
9151.6611 0.1849
9153.7715 0.1846
9155.8770 0.1843
9157.9883 0.1839
9160.0957 0.1836
9162.2031 0.1832
9164.3154 0.1828
9166.4238 0.1822
9168.5371 0.1813
9170.6465 0.1805
9172.7617 0.1805
9174.8711 0.1806
9176.9824 0.1802
9179.0986 0.1794
9181.2100 0.1787
9183.3271 0.1787
9185.4395 0.1782
9187.5576 0.1774
9189.6719 0.1766
9191.7852 0.1758
9193.9053 0.1749
9196.0205 0.1727
9198.1406 0.1716
9200.2568 0.1708
9202.3789 0.1692
9204.4951 0.1668
9206.6133 0.1639
9208.7363 0.1604
9210.8545 0.1543
9212.9785 0.1503
9215.0977 0.1458
9217.2227 0.1388
9219.3428 0.1308
9221.4639 0.1225
9223.5908 0.1251
9225.7129 0.1326
9227.8398 0.1400
9229.9629 0.1458
9232.0908 0.1508
9234.2148 0.1549
9236.3447 0.1556
9238.4688 0.1585
9240.5947 0.1622
9242.7256 0.1640
9244.8516 0.1648
9246.9834 0.1657
9249.1104 0.1666
9251.2432 0.1662
9253.3721 0.1634
9255.5010 0.1609
9257.6348 0.1624
9259.7646 0.1635
9261.8994 0.1666
9264.0303 0.1675
9266.1670 0.1671
9268.2988 0.1672
9270.4307 0.1670
9272.5684 0.1669
9274.7012 0.1667
9276.8398 0.1665
9278.9746 0.1663
9281.1143 0.1660
9283.2490 0.1657
9285.3848 0.1655
9287.5264 0.1652
9289.6621 0.1648
9291.8047 0.1646
9293.9424 0.1645
9296.0850 0.1640
9298.2236 0.1638
9300.3633 0.1636
9302.5078 0.1634
9304.6475 0.1631
9306.7930 0.1628
9308.9346 0.1625
9311.0811 0.1622
9313.2227 0.1619
9315.3652 0.1616
9317.5137 0.1612
9319.6572 0.1607
9321.8057 0.1605
9323.9502 0.1604
9326.1006 0.1601
9328.2461 0.1598
9330.3916 0.1595
9332.5439 0.1591
9334.6904 0.1587
9336.8428 0.1586
9338.9912 0.1583
9341.1445 0.1580
9343.2939 0.1577
9345.4434 0.1574
9347.5977 0.1571
9349.7480 0.1568
9351.9043 0.1565
9354.0557 0.1562
9356.2129 0.1559
9358.3652 0.1556
9360.5186 0.1553
9362.6768 0.1550
9364.8301 0.1546
9366.9902 0.1543
9369.1445 0.1540
9371.3057 0.1537
9373.4609 0.1534
9375.6172 0.1531
9377.7793 0.1524
9379.9365 0.1520
9382.0996 0.1518
9384.2578 0.1514
9386.4219 0.1505
9388.5820 0.1511
9390.7461 0.1509
9392.9072 0.1506
9395.0674 0.1501
9397.2344 0.1485
9399.3965 0.1468
9401.5635 0.1491
9403.7266 0.1481
9405.8945 0.1472
9408.0586 0.1475
9410.2227 0.1479
9412.3926 0.1476
9414.5586 0.1473
9416.7295 0.1471
9418.8955 0.1466
9421.0674 0.1461
9423.2344 0.1458
9425.4023 0.1458
9427.5762 0.1454
9429.7451 0.1451
9431.9189 0.1448
9434.0889 0.1445
9436.2646 0.1442
9438.4355 0.1439
9440.6064 0.1435
9442.7832 0.1432
9444.9561 0.1429
9447.1338 0.1426
9449.3076 0.1423
9451.4863 0.1419
9453.6602 0.1415
9455.8350 0.1412
9458.0156 0.1409
9460.1914 0.1406
9462.3730 0.1402
9464.5498 0.1399
9466.7324 0.1396
9468.9102 0.1392
9471.0889 0.1389
9473.2725 0.1384
9475.4521 0.1379
9477.6367 0.1376
9479.8174 0.1374
9482.0029 0.1370
9484.1846 0.1365
9486.3662 0.1361
9488.5537 0.1357
9490.7363 0.1352
9492.9258 0.1348
9495.1094 0.1344
9497.2988 0.1339
9499.4834 0.1332
9501.6689 0.1326
9503.8604 0.1321
9506.0459 0.1314
9508.2383 0.1306
9510.4258 0.1297
9512.6191 0.1287
9514.8076 0.1275
9516.9961 0.1260
9519.1904 0.1243
9521.3809 0.1223
9523.5762 0.1197
9525.7666 0.1166
9527.9639 0.1128
9530.1553 0.1082
9532.3477 0.1025
9534.5459 0.0962
9536.7393 0.0875
9538.9385 0.0832
9541.1328 0.0874
9543.3330 0.0954
9545.5283 0.1010
9547.7246 0.1059
9549.9268 0.1099
9552.1230 0.1129
9554.3262 0.1153
9556.5234 0.1172
9558.7275 0.1186
9560.9268 0.1196
9563.1309 0.1204
9565.3311 0.1209
9567.5322 0.1213
9569.7383 0.1216
9571.9395 0.1218
9574.1465 0.1218
9576.3496 0.1218
9578.5576 0.1218
9580.7607 0.1217
9582.9648 0.1215
9585.1748 0.1214
9587.3799 0.1212
9589.5908 0.1210
9591.7969 0.1208
9594.0088 0.1204
9596.2158 0.1199
9598.4238 0.1200
9600.6367 0.1198
9602.8457 0.1195
9605.0596 0.1193
9607.2695 0.1190
9609.4854 0.1187
9611.6953 0.1178
9613.9062 0.1173
9616.1240 0.1175
9618.3359 0.1177
9620.5537 0.1172
9622.7666 0.1160
9624.9863 0.1137
9627.2002 0.1153
9629.4150 0.1161
9631.6357 0.1157
9633.8516 0.1155
9636.0723 0.1151
9638.2891 0.1148
9640.5117 0.1145
9642.7295 0.1141
9644.9482 0.1139
9647.1719 0.1135
9649.3916 0.1126
9651.6172 0.1116
9653.8369 0.1123
9656.0635 0.1123
9658.2842 0.1119
9660.5068 0.1117
9662.7344 0.1113
9664.9570 0.1110
9667.1855 0.1107
9669.4102 0.1104
9671.6396 0.1100
9673.8643 0.1096
9676.0898 0.1094
9678.3213 0.1091
9680.5479 0.1088
9682.7803 0.1084
9685.0078 0.1081
9687.2412 0.1078
9689.4697 0.1074
9691.6982 0.1072
9693.9336 0.1068
9696.1631 0.1065
9698.3994 0.1062
9700.6299 0.1059
9702.8672 0.1055
9705.0996 0.1052
9707.3320 0.1049
9709.5703 0.1046
9711.8047 0.1042
9714.0439 0.1039
9716.2783 0.1036
9718.5186 0.1032
9720.7549 0.1029
9722.9912 0.1026
9725.2334 0.1023
9727.4707 0.1020
9729.7139 0.1016
9731.9521 0.1013
9734.1963 0.1009
9736.4355 0.1006
9738.6807 0.1003
9740.9209 0.1000
9743.1621 0.0997
9745.4082 0.0994
9747.6504 0.0990
9749.8984 0.0987
9752.1416 0.0984
9754.3896 0.0980
9756.6338 0.0977
9758.8789 0.0974
9761.1289 0.0970
9763.3740 0.0967
9765.6260 0.0964
9767.8721 0.0961
9770.1250 0.0957
9772.3721 0.0954
9774.6201 0.0951
9776.8750 0.0947
9779.1240 0.0944
9781.3789 0.0940
9783.6289 0.0936
9785.8848 0.0933
9788.1367 0.0931
9790.3877 0.0927
9792.6455 0.0924
9794.8984 0.0921
9797.1572 0.0918
9799.4111 0.0914
9801.6709 0.0910
9803.9258 0.0907
9806.1807 0.0904
9808.4424 0.0901
9810.6982 0.0898
9812.9609 0.0894
9815.2188 0.0890
9817.4814 0.0885
9819.7402 0.0881
9821.9990 0.0880
9824.2646 0.0876
9826.5244 0.0873
9828.7900 0.0870
9831.0518 0.0867
9833.3184 0.0863
9835.5801 0.0859
9837.8428 0.0857
9840.1113 0.0854
9842.3750 0.0851
9844.6455 0.0847
9846.9102 0.0842
9849.1807 0.0839
9851.4463 0.0836
9853.7129 0.0833
9855.9844 0.0830
9858.2520 0.0827
9860.5254 0.0823
9862.7939 0.0819
9865.0684 0.0816
9867.3379 0.0814
9869.6074 0.0811
9871.8838 0.0807
9874.1543 0.0803
9876.4316 0.0800
9878.7031 0.0797
9880.9814 0.0788
9883.2549 0.0779
9885.5283 0.0781
9887.8076 0.0784
9890.0830 0.0780
9892.3633 0.0776
9894.6387 0.0773
9896.9209 0.0770
9899.1973 0.0766
9901.4746 0.0762
9903.7578 0.0759
9906.0361 0.0757
9908.3203 0.0753
9910.5996 0.0750
9912.8857 0.0747
9915.1660 0.0743
9917.4521 0.0739
9919.7334 0.0735
9922.0156 0.0731
9924.3037 0.0727
9926.5869 0.0725
9928.8760 0.0723
9931.1602 0.0719
9933.4502 0.0715
9935.7354 0.0712
9938.0205 0.0708
9940.3125 0.0704
9942.5996 0.0701
9944.8926 0.0699
9947.1797 0.0695
9949.4736 0.0691
9951.7627 0.0688
9954.0518 0.0684
9956.3477 0.0681
9958.6377 0.0677
9960.9346 0.0674
9963.2256 0.0670
9965.5234 0.0667
9967.8154 0.0663
9970.1094 0.0659
9972.4082 0.0655
9974.7021 0.0652
9977.0020 0.0648
9979.2979 0.0644
9981.5986 0.0640
9983.8945 0.0636
9986.1914 0.0632
9988.4941 0.0625
9990.7920 0.0620
9993.0967 0.0618
9995.3955 0.0614
9997.7002 0.0609
10000.0000 0.0604
10002.3057 0.0599
10004.6016 0.0593
10006.9082 0.0587
10009.2158 0.0579
10011.5244 0.0571
10013.8223 0.0563
10016.1309 0.0553
10018.4404 0.0541
10020.7402 0.0527
10023.0508 0.0510
10025.3623 0.0490
10027.6738 0.0466
10029.9756 0.0436
10032.2881 0.0401
10034.6016 0.0357
10036.9043 0.0307
10039.2188 0.0240
10041.5342 0.0185
10043.8496 0.0208
10046.1543 0.0278
10048.4707 0.0323
10050.7881 0.0360
10053.0947 0.0393
10055.4131 0.0416
10057.7324 0.0436
10060.0508 0.0450
10062.3604 0.0461
10064.6807 0.0469
10067.0010 0.0474
10069.3115 0.0477
10071.6338 0.0480
10073.9561 0.0482
10076.2793 0.0482
10078.5918 0.0482
10080.9160 0.0481
10083.2402 0.0480
10085.5547 0.0478
10087.8799 0.0477
10090.2061 0.0475
10092.5332 0.0472
10094.8496 0.0469
10097.1777 0.0466
10099.5059 0.0461
10101.8232 0.0459
10104.1533 0.0453
10106.4834 0.0449
10108.8135 0.0449
10111.1338 0.0450
10113.4648 0.0446
10115.7969 0.0438
10118.1191 0.0437
10120.4521 0.0437
10122.7861 0.0434
10125.1201 0.0431
10127.4434 0.0428
10129.7793 0.0424
10132.1152 0.0421
10134.4404 0.0418
10136.7773 0.0414
10139.1152 0.0410
10141.4531 0.0407
10143.7803 0.0404
10146.1191 0.0401
10148.4590 0.0397
10150.7881 0.0394
10153.1289 0.0391
10155.4707 0.0387
10157.8125 0.0383
10160.1436 0.0380
10162.4863 0.0377
10164.8301 0.0373
10167.1621 0.0370
10169.5068 0.0367
10171.8525 0.0363
10174.1973 0.0360
10176.5322 0.0356
10178.8789 0.0353
10181.2266 0.0349
10183.5742 0.0346
10185.9111 0.0343
10188.2607 0.0339
10190.6094 0.0336
10192.9482 0.0332
10195.2988 0.0329
10197.6504 0.0325
10200.0020 0.0322
10202.3428 0.0318
10204.6953 0.0315
10207.0479 0.0311
10209.3906 0.0308
10211.7451 0.0304
10214.0996 0.0301
10216.4551 0.0297
10218.7998 0.0294
10221.1562 0.0290
10223.5137 0.0287
10225.8594 0.0283
10228.2178 0.0280
10230.5762 0.0276
10232.9355 0.0273
10235.2842 0.0269
10237.6436 0.0265
10240.0049 0.0262
10242.3545 0.0259
10244.7168 0.0255
10247.0791 0.0252
10249.4424 0.0248
10251.7939 0.0245
10254.1582 0.0241
10256.5234 0.0238
10258.8770 0.0234
10261.2422 0.0231
10263.6084 0.0227
10265.9756 0.0224
10268.3311 0.0220
10270.6992 0.0217
10273.0674 0.0213
10275.4258 0.0210
10277.7949 0.0206
10280.1650 0.0202
10282.5352 0.0199
10284.8955 0.0195
10287.2666 0.0192
10289.6396 0.0188
10292.0010 0.0185
10294.3740 0.0181
10296.7480 0.0178
10299.1221 0.0174
10301.4863 0.0171
10303.8613 0.0167
10306.2373 0.0164
10308.6025 0.0160
10310.9795 0.0156
10313.3574 0.0153
10315.7363 0.0149
10318.1035 0.0146
10320.4824 0.0142
10322.8623 0.0138
10325.2314 0.0133
10327.6123 0.0131
10329.9941 0.0128
10332.3760 0.0124
10334.7471 0.0121
10337.1309 0.0117
10339.5146 0.0114
10341.8877 0.0110
10344.2725 0.0107
10346.6572 0.0103
10349.0430 0.0099
10351.4189 0.0096
10353.8057 0.0092
10356.1934 0.0088
10358.5693 0.0084
10360.9580 0.0081
10363.3477 0.0078
10365.7373 0.0074
10368.1162 0.0071
10370.5068 0.0067
10372.8984 0.0064
