3578.4915 0.2249
3579.3167 0.2180
3580.1399 0.2169
3580.9636 0.2244
3581.7893 0.2351
3582.6133 0.2410
3583.4395 0.2423
3584.2639 0.2419
3585.0903 0.2421
3585.9150 0.2416
3586.7400 0.2363
3587.5671 0.2261
3588.3923 0.2185
3589.2200 0.2194
3590.0457 0.2285
3590.8735 0.2391
3591.6995 0.2455
3592.5259 0.2486
3593.3542 0.2501
3594.1809 0.2509
3595.0098 0.2513
3595.8367 0.2516
3596.6660 0.2530
3597.4934 0.2544
3598.3208 0.2556
3599.1506 0.2573
3599.9788 0.2602
3600.8088 0.2640
3601.6372 0.2665
3602.4678 0.2671
3603.2964 0.2663
3604.1252 0.2643
3604.9565 0.2607
3605.7859 0.2559
3606.6172 0.2529
3607.4470 0.2550
3608.2788 0.2596
3609.1089 0.2630
3609.9392 0.2632
3610.7717 0.2616
3611.6023 0.2615
3612.4351 0.2648
3613.2661 0.2695
3614.0994 0.2729
3614.9307 0.2733
3615.7625 0.2707
3616.5962 0.2665
3617.4282 0.2642
3618.2625 0.2669
3619.0947 0.2737
3619.9292 0.2811
3620.7620 0.2849
3621.5969 0.2843
3622.4302 0.2813
3623.2634 0.2779
3624.0989 0.2762
3624.9326 0.2784
3625.7686 0.2833
3626.6028 0.2854
3627.4390 0.2836
3628.2734 0.2831
3629.1082 0.2864
3629.9451 0.2921
3630.7800 0.2968
3631.6174 0.2982
3632.4529 0.2949
3633.2903 0.2868
3634.1262 0.2777
3634.9622 0.2739
3635.8005 0.2800
3636.6370 0.2911
3637.4756 0.2994
3638.3123 0.3043
3639.1514 0.3070
3639.9885 0.3084
3640.8259 0.3091
3641.6653 0.3092
3642.5032 0.3080
3643.3430 0.3053
3644.1812 0.3024
3645.0215 0.3013
3645.8601 0.3032
3646.6990 0.3065
3647.5398 0.3100
3648.3789 0.3131
3649.2202 0.3154
3650.0596 0.3164
3650.9014 0.3167
3651.7412 0.3175
3652.5813 0.3190
3653.4236 0.3205
3654.2642 0.3222
3655.1067 0.3242
3655.9475 0.3261
3656.7908 0.3270
3657.6318 0.3270
3658.4734 0.3267
3659.3169 0.3264
3660.1587 0.3269
3661.0029 0.3288
3661.8450 0.3312
3662.6895 0.3322
3663.5320 0.3314
3664.3748 0.3304
3665.2197 0.3304
3666.0630 0.3316
3666.9084 0.3325
3667.7520 0.3329
3668.5977 0.3344
3669.4417 0.3381
3670.2859 0.3428
3671.1321 0.3468
3671.9768 0.3495
3672.8235 0.3520
3673.6685 0.3545
3674.5156 0.3577
3675.3608 0.3610
3676.2063 0.3630
3677.0542 0.3646
3677.8999 0.3667
3678.7480 0.3644
3679.5945 0.3586
3680.4429 0.3546
3681.2896 0.3561
3682.1365 0.3637
3682.9856 0.3863
3683.8328 0.4112
3684.6824 0.4188
3685.5300 0.4062
3686.3799 0.3946
3687.2278 0.4016
3688.0781 0.4001
3688.9265 0.3868
3689.7751 0.3838
3690.6260 0.4141
3691.4751 0.4752
3692.3264 0.5186
3693.1758 0.5038
3694.0273 0.4596
3694.8772 0.4389
3695.7273 0.4737
3696.5793 0.5470
3697.4299 0.5955
3698.2825 0.5800
3699.1333 0.5159
3699.9863 0.4539
3700.8374 0.4465
3701.6887 0.5144
3702.5425 0.6118
3703.3943 0.6745
3704.2483 0.6748
3705.1003 0.6146
3705.9548 0.5204
3706.8074 0.4427
3707.6599 0.4368
3708.5149 0.5020
3709.3682 0.6018
3710.2234 0.6969
3711.0771 0.7556
3711.9329 0.7566
3712.7866 0.6973
3713.6409 0.5921
3714.4973 0.4869
3715.3518 0.4374
3716.2085 0.4743
3717.0635 0.5776
3717.9204 0.6839
3718.7759 0.7699
3719.6313 0.8314
3720.4890 0.8592
3721.3450 0.8434
3722.2031 0.7809
3723.0593 0.6782
3723.9180 0.5586
3724.7747 0.4743
3725.6316 0.4690
3726.4905 0.5484
3727.3479 0.6709
3728.2073 0.7751
3729.0649 0.8406
3729.9250 0.8770
3730.7830 0.9010
3731.6414 0.9207
3732.5017 0.9289
3733.3604 0.9106
3734.2214 0.8590
3735.0803 0.7672
3735.9417 0.6437
3736.8013 0.5210
3737.6609 0.4529
3738.5227 0.4799
3739.3828 0.5659
3740.2451 0.6718
3741.1055 0.7763
3741.9683 0.8668
3742.8291 0.9288
3743.6899 0.9514
3744.5532 0.9534
3745.4148 0.9584
3746.2786 0.9687
3747.1404 0.9710
3748.0044 0.9504
3748.8667 0.9076
3749.7290 0.8459
3750.5938 0.7555
3751.4565 0.6383
3752.3215 0.5199
3753.1848 0.4520
3754.0503 0.4869
3754.9138 0.6019
3755.7798 0.7306
3756.6438 0.8263
3757.5081 0.8764
3758.3745 0.8975
3759.2390 0.9102
3760.1060 0.9094
3760.9709 0.8900
3761.8381 0.8627
3762.7036 0.8457
3763.5693 0.8496
3764.4370 0.8628
3765.3032 0.8853
3766.1714 0.9117
3767.0378 0.9331
3767.9065 0.9445
3768.7732 0.9443
3769.6401 0.9241
3770.5095 0.8677
3771.3770 0.7635
3772.2466 0.6264
3773.1145 0.5022
3773.9844 0.4575
3774.8528 0.5308
3775.7209 0.6647
3776.5918 0.7945
3777.4604 0.8907
3778.3315 0.9527
3779.2009 0.9930
3780.0723 1.0208
3780.9419 1.0377
3781.8118 1.0458
3782.6838 1.0491
3783.5540 1.0504
3784.4265 1.0487
3785.2971 1.0385
3786.1699 1.0261
3787.0410 1.0254
3787.9121 1.0377
3788.7856 1.0528
3789.6572 1.0599
3790.5310 1.0626
3791.4031 1.0656
3792.2773 1.0674
3793.1499 1.0655
3794.0225 1.0580
3794.8972 1.0439
3795.7703 1.0210
3796.6455 0.9847
3797.5190 0.9268
3798.3948 0.8392
3799.2686 0.7201
3800.1426 0.5878
3801.0188 0.5014
3801.8933 0.5236
3802.7700 0.6315
3803.6448 0.7663
3804.5220 0.8786
3805.3972 0.9515
3806.2727 0.9968
3807.1504 1.0240
3808.0261 1.0388
3808.9043 1.0477
3809.7805 1.0571
3810.6589 1.0699
3811.5356 1.0811
3812.4126 1.0861
3813.2917 1.0877
3814.1689 1.0865
3815.0483 1.0788
3815.9260 1.0595
3816.8059 1.0335
3817.6841 1.0230
3818.5623 1.0336
3819.4429 1.0541
3820.3215 1.0684
3821.2024 1.0642
3822.0815 1.0401
3822.9629 1.0179
3823.8423 1.0161
3824.7241 1.0325
3825.6040 1.0519
3826.4841 1.0578
3827.3665 1.0438
3828.2468 1.0233
3829.1296 1.0098
3830.0105 1.0064
3830.8938 1.0102
3831.7751 1.0160
3832.6565 1.0143
3833.5403 0.9955
3834.4224 0.9534
3835.3064 0.8855
3836.1887 0.7912
3837.0735 0.6734
3837.9561 0.5538
3838.8391 0.5080
3839.7244 0.5601
3840.6077 0.6728
3841.4932 0.7924
3842.3770 0.8865
3843.2629 0.9551
3844.1472 1.0032
3845.0315 1.0365
3845.9182 1.0551
3846.8030 1.0582
3847.6899 1.0520
3848.5752 1.0529
3849.4626 1.0640
3850.3481 1.0697
3851.2339 1.0608
3852.1221 1.0428
3853.0083 1.0335
3853.8967 1.0460
3854.7832 1.0569
3855.6721 1.0422
3856.5591 1.0058
3857.4463 0.9644
3858.3359 0.9309
3859.2234 0.9145
3860.1135 0.9504
3861.0015 1.0129
3861.8918 1.0603
3862.7803 1.0724
3863.6687 1.0563
3864.5598 1.0139
3865.4487 0.9615
3866.3401 0.9466
3867.2297 0.9784
3868.1213 1.0270
3869.0112 1.0555
3869.9014 1.0684
3870.7937 1.0804
3871.6841 1.0917
3872.5769 1.0982
3873.4678 1.0960
3874.3611 1.0835
3875.2524 1.0679
3876.1438 1.0652
3877.0376 1.0766
3877.9297 1.0926
3878.8237 1.1032
3879.7161 1.1040
3880.6108 1.0971
3881.5037 1.0887
3882.3965 1.0840
3883.2917 1.0818
3884.1851 1.0766
3885.0808 1.0649
3885.9746 1.0499
3886.8706 1.0292
3887.7649 0.9961
3888.6592 0.9425
3889.5559 0.8602
3890.4507 0.7435
3891.3479 0.6052
3892.2429 0.5219
3893.1406 0.5468
3894.0361 0.6596
3894.9341 0.7975
3895.8301 0.9028
3896.7263 0.9695
3897.6250 1.0104
3898.5215 1.0358
3899.4207 1.0527
3900.3176 1.0635
3901.2170 1.0652
3902.1145 1.0522
3903.0122 1.0326
3903.9121 1.0267
3904.8103 1.0404
3905.7107 1.0618
3906.6094 1.0710
3907.5100 1.0630
3908.4089 1.0463
3909.3081 1.0397
3910.2097 1.0513
3911.1091 1.0738
3912.0110 1.0910
3912.9111 1.0996
3913.8132 1.1025
3914.7136 1.0943
3915.6143 1.0721
3916.5171 1.0452
3917.4182 1.0344
3918.3215 1.0513
3919.2229 1.0741
3920.1267 1.0889
3921.0286 1.0925
3921.9307 1.0890
3922.8350 1.0847
3923.7373 1.0836
3924.6421 1.0874
3925.5452 1.0939
3926.4502 1.0989
3927.3535 1.1000
3928.2571 1.0971
3929.1628 1.0907
3930.0667 1.0868
3930.9731 1.0889
3931.8774 1.0919
3932.7839 1.0869
3933.6887 1.0672
3934.5938 1.0236
3935.5010 0.9250
3936.4062 0.8187
3937.3142 0.7872
3938.2200 0.8603
3939.1279 0.9708
3940.0342 1.0305
3940.9407 1.0485
3941.8494 1.0527
3942.7561 1.0642
3943.6653 1.0865
3944.5725 1.1054
3945.4822 1.1115
3946.3899 1.1078
3947.2979 1.0995
3948.2080 1.0942
3949.1162 1.0968
3950.0269 1.1045
3950.9355 1.1084
3951.8467 1.1107
3952.7559 1.1127
3953.6650 1.1139
3954.5769 1.1138
3955.4866 1.1134
3956.3987 1.1138
3957.3088 1.1131
3958.2214 1.1116
3959.1321 1.1100
3960.0449 1.1088
3960.9561 1.1084
3961.8672 1.1081
3962.7808 1.1017
3963.6924 1.0892
3964.6064 1.0765
3965.5186 1.0676
3966.4329 1.0583
3967.3455 1.0378
3968.2581 1.0086
3969.1731 0.9570
3970.0862 0.8574
3971.0017 0.7019
3971.9153 0.5339
3972.8313 0.4490
3973.7451 0.4839
3974.6592 0.6059
3975.5759 0.7524
3976.4905 0.8698
3977.4075 0.9409
3978.3225 0.9910
3979.2397 1.0321
3980.1553 1.0607
3981.0708 1.0750
3981.9888 1.0791
3982.9050 1.0812
3983.8232 1.0869
3984.7397 1.0917
3985.6587 1.0957
3986.5757 1.1010
3987.4927 1.1081
3988.4121 1.1137
3989.3298 1.1145
3990.2498 1.1141
3991.1677 1.1148
3992.0879 1.1157
3993.0063 1.1152
3993.9250 1.1139
3994.8459 1.1138
3995.7649 1.1142
3996.6863 1.1129
3997.6057 1.1099
3998.5276 1.1075
3999.4475 1.1072
4000.3674 1.1060
4001.2900 1.1050
4002.2104 1.1054
4003.1333 1.1047
4004.0544 1.0985
4004.9775 1.0863
4005.8989 1.0774
4006.8206 1.0787
4007.7446 1.0855
4008.6665 1.0932
4009.5908 1.1014
4010.5132 1.1105
4011.4380 1.1132
4012.3608 1.1061
4013.2839 1.0981
4014.2095 1.0936
4015.1328 1.0912
4016.0588 1.0897
4016.9827 1.0935
4017.9089 1.0944
4018.8333 1.0940
4019.7578 1.0986
4020.6848 1.1096
4021.6096 1.1199
4022.5371 1.1252
4023.4624 1.1276
4024.3901 1.1257
4025.3162 1.1167
4026.2422 1.0988
4027.1704 1.0745
4028.0969 1.0521
4029.0259 1.0428
4029.9526 1.0509
4030.8821 1.0702
4031.8093 1.0892
4032.7390 1.1000
4033.6667 1.1048
4034.5947 1.1034
4035.5251 1.0986
4036.4534 1.0965
4037.3843 1.1008
4038.3130 1.1087
4039.2441 1.1134
4040.1736 1.1145
4041.1030 1.1145
4042.0347 1.1153
4042.9646 1.1170
4043.8970 1.1174
4044.8271 1.1161
4045.7600 1.1133
4046.6907 1.1088
4047.6216 1.1032
4048.5549 1.0985
4049.4863 1.0975
4050.4202 1.1010
4051.3521 1.1017
4052.2861 1.1016
4053.2185 1.1040
4054.1509 1.1075
4055.0857 1.1070
4056.0186 1.1035
4056.9539 1.1021
4057.8872 1.1057
4058.8230 1.1119
4059.7566 1.1157
4060.6907 1.1152
4061.6270 1.1162
4062.5613 1.1189
4063.4983 1.1205
4064.4331 1.1195
4065.3701 1.1155
4066.3054 1.1087
4067.2410 1.1043
4068.1787 1.1036
4069.1147 1.0975
4070.0530 1.0869
4070.9893 1.0828
4071.9280 1.0932
4072.8647 1.1017
4073.8018 1.0997
4074.7412 1.0949
4075.6787 1.0949
4076.6184 1.0996
4077.5562 1.1013
4078.4966 1.0945
4079.4348 1.0858
4080.3733 1.0821
4081.3142 1.0869
4082.2532 1.0981
4083.1943 1.1087
4084.1338 1.1124
4085.0757 1.1120
4086.0154 1.1108
4086.9553 1.1099
4087.8977 1.1089
4088.8381 1.1071
4089.7810 1.1052
4090.7219 1.1048
4091.6653 1.1058
4092.6064 1.1070
4093.5481 1.1069
4094.4919 1.1043
4095.4338 1.0986
4096.3784 1.0913
4097.3208 1.0834
4098.2656 1.0730
4099.2085 1.0556
4100.1514 1.0276
4101.0967 0.9888
4102.0400 0.9296
4102.9863 0.8353
4103.9302 0.7143
4104.8765 0.6138
4105.8208 0.6066
4106.7676 0.7087
4107.7124 0.8339
4108.6572 0.9335
4109.6045 0.9975
4110.5503 1.0344
4111.4980 1.0558
4112.4438 1.0657
4113.3921 1.0688
4114.3384 1.0714
4115.2852 1.0769
4116.2339 1.0852
4117.1807 1.0940
4118.1304 1.1024
4119.0776 1.1091
4120.0273 1.1127
4120.9751 1.1126
4121.9233 1.1080
4122.8740 1.0990
4123.8223 1.0881
4124.7734 1.0766
4125.7222 1.0686
4126.6733 1.0695
4127.6230 1.0792
4128.5723 1.0863
4129.5244 1.0739
4130.4746 1.0346
4131.4268 0.9940
4132.3774 0.9757
4133.3301 0.9775
4134.2812 0.9810
4135.2324 1.0066
4136.1855 1.0508
4137.1372 1.0866
4138.0913 1.1038
4139.0435 1.1080
4139.9976 1.1068
4140.9502 1.1042
4141.9028 1.1046
4142.8579 1.1080
4143.8110 1.1106
4144.7666 1.1078
4145.7202 1.0978
4146.6758 1.0847
4147.6299 1.0768
4148.5840 1.0768
4149.5405 1.0840
4150.4951 1.0959
4151.4526 1.1077
4152.4072 1.1123
4153.3647 1.1117
4154.3203 1.1103
4155.2764 1.1096
4156.2344 1.1094
4157.1904 1.1105
4158.1489 1.1132
4159.1055 1.1142
4160.0649 1.1141
4161.0220 1.1143
4161.9790 1.1142
4162.9390 1.1116
4163.8965 1.1066
4164.8564 1.1001
4165.8149 1.0922
4166.7754 1.0866
4167.7339 1.0888
4168.6929 1.0992
4169.6538 1.1070
4170.6133 1.1086
4171.5752 1.1067
4172.5347 1.1035
4173.4971 1.0975
4174.4570 1.0825
4175.4175 1.0518
4176.3799 1.0203
4177.3408 1.0159
4178.3042 1.0403
4179.2651 1.0668
4180.2290 1.0596
4181.1909 1.0174
4182.1548 0.9882
4183.1172 1.0024
4184.0796 1.0458
4185.0444 1.0843
4186.0068 1.0980
4186.9722 1.0997
4187.9355 1.0998
4188.9014 1.0999
4189.8647 1.0976
4190.8286 1.0929
4191.7949 1.0903
4192.7593 1.0928
4193.7261 1.0947
4194.6909 1.0957
4195.6582 1.0976
4196.6235 1.1010
4197.5889 1.1043
4198.5571 1.1052
4199.5229 1.1049
4200.4912 1.1034
4201.4575 1.1000
4202.4263 1.0957
4203.3931 1.0934
4204.3599 1.0938
4205.3296 1.0957
4206.2969 1.0978
4207.2671 1.0987
4208.2349 1.0981
4209.2051 1.0979
4210.1738 1.1000
4211.1421 1.1029
4212.1133 1.1056
4213.0820 1.1074
4214.0537 1.1080
4215.0229 1.1079
4215.9951 1.1087
4216.9648 1.1080
4217.9351 1.1044
4218.9077 1.1003
4219.8784 1.0994
4220.8516 1.1019
4221.8223 1.1035
4222.7959 1.1050
4223.7676 1.1066
4224.7393 1.1078
4225.7134 1.1079
4226.6855 1.1061
4227.6602 1.1005
4228.6328 1.0964
4229.6079 1.0963
4230.5806 1.0995
4231.5542 1.1038
4232.5298 1.1070
4233.5034 1.1053
4234.4800 1.0838
4235.4541 1.0353
4236.4307 0.9886
4237.4053 0.9860
4238.3799 1.0379
4239.3574 1.0816
4240.3325 1.1011
4241.3105 1.1064
4242.2861 1.1062
4243.2642 1.1023
4244.2407 1.0922
4245.2168 1.0757
4246.1958 1.0713
4247.1729 1.0802
4248.1519 1.0916
4249.1294 1.0954
4250.1094 1.0927
4251.0869 1.0939
4252.0649 1.0983
4253.0454 1.0997
4254.0239 1.0967
4255.0049 1.0923
4255.9834 1.0898
4256.9648 1.0922
4257.9443 1.0976
4258.9263 1.1005
4259.9058 1.0968
4260.8857 1.0870
4261.8687 1.0784
4262.8491 1.0805
4263.8320 1.0829
4264.8130 1.0813
4265.7964 1.0807
4266.7778 1.0863
4267.7593 1.0950
4268.7432 1.0987
4269.7256 1.0951
4270.7100 1.0889
4271.6924 1.0857
4272.6772 1.0872
4273.6606 1.0888
4274.6436 1.0848
4275.6294 1.0745
4276.6128 1.0658
4277.5991 1.0649
4278.5830 1.0715
4279.5698 1.0783
4280.5542 1.0823
4281.5391 1.0836
4282.5264 1.0865
4283.5117 1.0915
4284.4990 1.0957
4285.4849 1.0957
4286.4731 1.0919
4287.4590 1.0873
4288.4453 1.0867
4289.4346 1.0905
4290.4214 1.0947
4291.4106 1.0942
4292.3979 1.0880
4293.3877 1.0809
4294.3755 1.0804
4295.3633 1.0854
4296.3535 1.0867
4297.3423 1.0771
4298.3330 1.0664
4299.3218 1.0559
4300.3135 1.0531
4301.3027 1.0599
4302.2920 1.0656
4303.2842 1.0558
4304.2744 1.0469
4305.2666 1.0349
4306.2573 1.0220
4307.2500 1.0254
4308.2412 1.0526
4309.2319 1.0791
4310.2261 1.0816
4311.2173 1.0783
4312.2114 1.0821
4313.2036 1.0916
4314.1982 1.0973
4315.1904 1.0908
4316.1836 1.0737
4317.1787 1.0549
4318.1719 1.0486
4319.1675 1.0596
4320.1611 1.0792
4321.1572 1.0907
4322.1514 1.0926
4323.1460 1.0913
4324.1426 1.0912
4325.1377 1.0942
4326.1348 1.0985
4327.1299 1.0977
4328.1279 1.0875
4329.1235 1.0782
4330.1196 1.0792
4331.1182 1.0885
4332.1143 1.0966
4333.1133 1.0953
4334.1104 1.0880
4335.1099 1.0808
4336.1069 1.0745
4337.1069 1.0674
4338.1045 1.0555
4339.1025 1.0322
4340.1030 0.9881
4341.1016 0.9180
4342.1025 0.8195
4343.1016 0.7128
4344.1030 0.6502
4345.1025 0.6909
4346.1021 0.8013
4347.1040 0.9006
4348.1040 0.9697
4349.1069 1.0143
4350.1074 1.0423
4351.1104 1.0594
4352.1113 1.0680
4353.1128 1.0606
4354.1167 1.0316
4355.1182 1.0021
4356.1226 1.0042
4357.1245 1.0448
4358.1294 1.0766
4359.1318 1.0891
4360.1348 1.0896
4361.1401 1.0877
4362.1436 1.0896
4363.1494 1.0939
4364.1528 1.0925
4365.1592 1.0886
4366.1636 1.0887
4367.1680 1.0936
4368.1753 1.0991
4369.1802 1.1006
4370.1875 1.0958
4371.1929 1.0856
4372.2007 1.0773
4373.2065 1.0770
4374.2129 1.0849
4375.2212 1.0940
4376.2280 1.0977
4377.2368 1.0968
4378.2441 1.0955
4379.2534 1.0961
4380.2612 1.0981
4381.2686 1.0989
4382.2793 1.0987
4383.2871 1.0976
4384.2979 1.0949
4385.3066 1.0860
4386.3179 1.0633
4387.3267 1.0234
4388.3359 0.9892
4389.3481 0.9921
4390.3579 1.0186
4391.3701 1.0449
4392.3804 1.0576
4393.3936 1.0591
4394.4043 1.0590
4395.4150 1.0678
4396.4287 1.0731
4397.4399 1.0649
4398.4541 1.0509
4399.4658 1.0534
4400.4805 1.0725
4401.4927 1.0836
4402.5054 1.0834
4403.5205 1.0794
4404.5337 1.0789
4405.5493 1.0818
4406.5625 1.0814
4407.5786 1.0795
4408.5928 1.0801
4409.6069 1.0836
4410.6240 1.0869
4411.6387 1.0868
4412.6558 1.0846
4413.6709 1.0819
4414.6885 1.0799
4415.7041 1.0786
4416.7227 1.0760
4417.7388 1.0680
4418.7549 1.0466
4419.7739 1.0147
4420.7905 0.9994
4421.8101 1.0126
4422.8271 1.0407
4423.8472 1.0581
4424.8647 1.0640
4425.8828 1.0647
4426.9033 1.0623
4427.9219 1.0581
4428.9429 1.0533
4429.9619 1.0486
4430.9834 1.0444
4432.0024 1.0441
4433.0220 1.0471
4434.0444 1.0505
4435.0645 1.0520
4436.0874 1.0521
4437.1079 1.0508
4438.1309 1.0506
4439.1519 1.0525
4440.1733 1.0560
4441.1968 1.0604
4442.2188 1.0661
4443.2432 1.0706
4444.2651 1.0726
4445.2900 1.0701
4446.3125 1.0619
4447.3354 1.0537
4448.3613 1.0580
4449.3843 1.0706
4450.4106 1.0792
4451.4341 1.0828
4452.4609 1.0815
4453.4849 1.0752
4454.5098 1.0681
4455.5366 1.0707
4456.5615 1.0789
4457.5894 1.0826
4458.6147 1.0808
4459.6431 1.0809
4460.6689 1.0877
4461.6953 1.0939
4462.7241 1.0952
4463.7505 1.0910
4464.7798 1.0845
4465.8071 1.0809
4466.8369 1.0829
4467.8643 1.0840
4468.8921 1.0856
4469.9229 1.0839
4470.9512 1.0747
4471.9819 1.0613
4473.0107 1.0547
4474.0425 1.0469
4475.0718 1.0352
4476.1011 1.0363
4477.1333 1.0536
4478.1631 1.0754
4479.1958 1.0888
4480.2266 1.0943
4481.2593 1.0934
4482.2905 1.0736
4483.3213 1.0183
4484.3555 0.9437
4485.3872 0.9194
4486.4214 0.9888
4487.4536 1.0575
4488.4883 1.0910
4489.5210 1.0959
4490.5537 1.0862
4491.5889 1.0677
4492.6226 1.0493
4493.6582 1.0396
4494.6919 1.0390
4495.7285 1.0507
4496.7627 1.0735
4497.7998 1.0927
4498.8345 1.1016
4499.8696 1.1062
4500.9072 1.1064
4501.9424 1.1017
4502.9805 1.0915
4504.0166 1.0764
4505.0552 1.0686
4506.0913 1.0757
4507.1279 1.0881
4508.1675 1.0968
4509.2046 1.0953
4510.2446 1.0767
4511.2822 1.0408
4512.3223 1.0307
4513.3604 1.0538
4514.3984 1.0852
4515.4395 1.0997
4516.4785 1.0967
4517.5200 1.0757
4518.5591 1.0493
4519.6011 1.0458
4520.6406 1.0655
4521.6807 1.0807
4522.7236 1.0647
4523.7642 1.0358
4524.8071 1.0137
4525.8481 1.0020
4526.8916 1.0123
4527.9331 1.0478
4528.9746 1.0824
4530.0190 1.0963
4531.0610 1.1003
4532.1060 1.0998
4533.1489 1.0986
4534.1938 1.0990
4535.2373 1.0970
4536.2803 1.0807
4537.3267 1.0601
4538.3701 1.0586
4539.4170 1.0773
4540.4609 1.0977
4541.5083 1.1031
4542.5527 1.0987
4543.5981 1.0852
4544.6455 1.0706
4545.6909 1.0685
4546.7393 1.0829
4547.7852 1.0975
4548.8340 1.1016
4549.8804 1.0994
4550.9272 1.0784
4551.9766 1.0328
4553.0239 0.9884
4554.0737 0.9978
4555.1216 1.0489
4556.1719 1.0786
4557.2197 1.0749
4558.2686 1.0463
4559.3193 1.0153
4560.3682 1.0130
4561.4199 1.0242
4562.4692 1.0359
4563.5215 1.0580
4564.5713 1.0834
4565.6211 1.0935
4566.6743 1.0854
4567.7246 1.0786
4568.7778 1.0818
4569.8291 1.0898
4570.8828 1.0966
4571.9341 1.0990
4572.9888 1.0960
4574.0405 1.0859
4575.0928 1.0729
4576.1479 1.0696
4577.2007 1.0762
4578.2559 1.0790
4579.3091 1.0654
4580.3652 1.0585
4581.4189 1.0670
4582.4731 1.0752
4583.5298 1.0753
4584.5840 1.0664
4585.6411 1.0394
4586.6963 0.9870
4587.7539 0.9729
4588.8091 1.0070
4589.8647 1.0483
4590.9233 1.0568
4591.9795 1.0439
4593.0386 1.0509
4594.0952 1.0631
4595.1543 1.0692
4596.2114 1.0718
4597.2690 1.0761
4598.3291 1.0788
4599.3867 1.0769
4600.4473 1.0790
4601.5059 1.0842
4602.5669 1.0891
4603.6255 1.0916
4604.6846 1.0918
4605.7466 1.0925
4606.8062 1.0938
4607.8687 1.0936
4608.9287 1.0921
4609.9912 1.0918
4611.0518 1.0937
4612.1128 1.0959
4613.1763 1.0970
4614.2373 1.0965
4615.3013 1.0951
4616.3633 1.0941
4617.4277 1.0924
4618.4897 1.0872
4619.5522 1.0784
4620.6177 1.0676
4621.6807 1.0559
4622.7466 1.0467
4623.8096 1.0479
4624.8760 1.0604
4625.9399 1.0763
4627.0044 1.0876
4628.0713 1.0901
4629.1357 1.0860
4630.2031 1.0795
4631.2686 1.0621
4632.3364 1.0330
4633.4023 1.0210
4634.4678 1.0371
4635.5366 1.0622
4636.6030 1.0649
4637.6724 1.0497
4638.7393 1.0426
4639.8091 1.0524
4640.8765 1.0702
4641.9438 1.0834
4643.0142 1.0888
4644.0825 1.0907
4645.1533 1.0904
4646.2222 1.0894
4647.2935 1.0889
4648.3623 1.0897
4649.4316 1.0909
4650.5039 1.0908
4651.5737 1.0887
4652.6465 1.0872
4653.7168 1.0881
4654.7900 1.0905
4655.8608 1.0912
4656.9346 1.0902
4658.0059 1.0885
4659.0771 1.0839
4660.1519 1.0776
4661.2236 1.0750
4662.2983 1.0797
4663.3711 1.0831
4664.4463 1.0821
4665.5195 1.0755
4666.5928 1.0668
4667.6689 1.0622
4668.7427 1.0635
4669.8193 1.0594
4670.8936 1.0592
4671.9707 1.0648
4673.0454 1.0703
4674.1206 1.0720
4675.1982 1.0745
4676.2739 1.0783
4677.3521 1.0810
4678.4282 1.0831
4679.5073 1.0837
4680.5835 1.0822
4681.6602 1.0798
4682.7397 1.0773
4683.8174 1.0773
4684.8975 1.0799
4685.9751 1.0831
4687.0557 1.0849
4688.1338 1.0860
4689.2124 1.0872
4690.2935 1.0866
4691.3726 1.0848
4692.4546 1.0840
4693.5342 1.0845
4694.6162 1.0846
4695.6963 1.0837
4696.7764 1.0826
4697.8594 1.0822
4698.9404 1.0826
4700.0239 1.0830
4701.1050 1.0820
4702.1890 1.0812
4703.2710 1.0814
4704.3530 1.0825
4705.4375 1.0843
4706.5200 1.0862
4707.6055 1.0863
4708.6885 1.0842
4709.7744 1.0826
4710.8579 1.0816
4711.9414 1.0812
4713.0283 1.0815
4714.1123 1.0815
4715.1992 1.0759
4716.2842 1.0667
4717.3716 1.0623
4718.4570 1.0651
4719.5425 1.0708
4720.6309 1.0743
4721.7168 1.0770
4722.8057 1.0777
4723.8921 1.0768
4724.9814 1.0759
4726.0684 1.0755
4727.1553 1.0742
4728.2456 1.0709
4729.3335 1.0658
4730.4238 1.0619
4731.5122 1.0606
4732.6030 1.0602
4733.6919 1.0557
4734.7808 1.0475
4735.8726 1.0484
4736.9624 1.0573
4738.0547 1.0662
4739.1445 1.0693
4740.2373 1.0682
4741.3276 1.0651
4742.4214 1.0613
4743.5122 1.0603
4744.6035 1.0632
4745.6973 1.0677
4746.7891 1.0700
4747.8838 1.0707
4748.9761 1.0697
4750.0713 1.0688
4751.1641 1.0688
4752.2568 1.0689
4753.3525 1.0676
4754.4463 1.0660
4755.5425 1.0647
4756.6367 1.0631
4757.7334 1.0601
4758.8281 1.0564
4759.9229 1.0546
4761.0205 1.0569
4762.1157 1.0586
4763.2139 1.0581
4764.3096 1.0556
4765.4082 1.0516
4766.5044 1.0473
4767.6011 1.0460
4768.7002 1.0485
4769.7974 1.0528
4770.8975 1.0562
4771.9951 1.0576
4773.0952 1.0574
4774.1934 1.0540
4775.2915 1.0500
4776.3926 1.0482
4777.4917 1.0486
4778.5933 1.0493
4779.6924 1.0492
4780.7949 1.0491
4781.8945 1.0487
4782.9946 1.0469
4784.0977 1.0457
4785.1982 1.0479
4786.3018 1.0524
4787.4028 1.0536
4788.5068 1.0531
4789.6084 1.0530
4790.7100 1.0530
4791.8149 1.0521
4792.9170 1.0509
4794.0225 1.0518
4795.1255 1.0534
4796.2310 1.0551
4797.3345 1.0564
4798.4380 1.0560
4799.5444 1.0538
4800.6489 1.0531
4801.7559 1.0530
4802.8604 1.0535
4803.9678 1.0547
4805.0732 1.0556
4806.1782 1.0536
4807.2866 1.0487
4808.3926 1.0438
4809.5015 1.0437
4810.6079 1.0476
4811.7173 1.0507
4812.8242 1.0502
4813.9312 1.0475
4815.0415 1.0442
4816.1489 1.0430
4817.2598 1.0443
4818.3677 1.0453
4819.4790 1.0438
4820.5879 1.0450
4821.6968 1.0467
4822.8086 1.0460
4823.9180 1.0435
4825.0303 1.0408
4826.1401 1.0352
4827.2534 1.0187
4828.3638 1.0108
4829.4771 1.0205
4830.5884 1.0372
4831.6992 1.0464
4832.8135 1.0488
4833.9253 1.0501
4835.0400 1.0499
4836.1523 1.0493
4837.2676 1.0486
4838.3804 1.0462
4839.4937 1.0413
4840.6094 1.0402
4841.7231 1.0430
4842.8394 1.0446
4843.9536 1.0443
4845.0708 1.0443
4846.1851 1.0454
4847.3003 1.0469
4848.4180 1.0470
4849.5332 1.0443
4850.6514 1.0371
4851.7676 1.0272
4852.8862 1.0232
4854.0024 1.0288
4855.1191 1.0316
4856.2388 1.0298
4857.3560 1.0248
4858.4761 1.0156
4859.5938 0.9996
4860.7144 0.9783
4861.8325 0.9444
4862.9512 0.8825
4864.0723 0.7972
4865.1914 0.7334
4866.3135 0.7568
4867.4326 0.8360
4868.5552 0.9058
4869.6753 0.9554
4870.7954 0.9890
4871.9189 1.0084
4873.0396 1.0180
4874.1631 1.0219
4875.2847 1.0236
4876.4087 1.0244
4877.5308 1.0239
4878.6528 1.0198
4879.7778 1.0106
4880.9004 1.0079
4882.0259 1.0149
4883.1489 1.0222
4884.2749 1.0244
4885.3984 1.0230
4886.5225 1.0211
4887.6494 1.0184
4888.7734 1.0182
4889.9009 1.0214
4891.0259 1.0253
4892.1538 1.0274
4893.2793 1.0294
4894.4048 1.0293
4895.5337 1.0278
4896.6597 1.0261
4897.7891 1.0256
4898.9155 1.0272
4900.0454 1.0300
4901.1724 1.0307
4902.2998 1.0311
4903.4307 1.0322
4904.5586 1.0330
4905.6895 1.0331
4906.8179 1.0342
4907.9497 1.0343
4909.0786 1.0339
4910.2080 1.0344
4911.3403 1.0348
4912.4702 1.0341
4913.6030 1.0338
4914.7334 1.0336
4915.8667 1.0337
4916.9976 1.0345
4918.1313 1.0373
4919.2627 1.0410
4920.3945 1.0414
4921.5288 1.0392
4922.6611 1.0379
4923.7964 1.0312
4924.9292 1.0144
4926.0649 0.9815
4927.1978 0.9318
4928.3315 0.9206
4929.4678 0.9671
4930.6021 1.0174
4931.7388 1.0398
4932.8735 1.0429
4934.0107 1.0446
4935.1460 1.0461
4936.2812 1.0456
4937.4194 1.0440
4938.5557 1.0434
4939.6943 1.0443
4940.8306 1.0446
4941.9702 1.0445
4943.1069 1.0461
4944.2441 1.0477
4945.3843 1.0475
4946.5220 1.0457
4947.6626 1.0447
4948.8008 1.0439
4949.9419 1.0422
4951.0806 1.0389
4952.2197 1.0360
4953.3618 1.0353
4954.5010 1.0342
4955.6436 1.0310
4956.7837 1.0319
4957.9268 1.0362
4959.0674 1.0400
4960.2080 1.0403
4961.3521 1.0375
4962.4932 1.0382
4963.6377 1.0404
4964.7793 1.0417
4965.9243 1.0407
4967.0669 1.0379
4968.2095 1.0357
4969.3550 1.0359
4970.4980 1.0351
4971.6445 1.0338
4972.7881 1.0342
4973.9351 1.0362
4975.0791 1.0378
4976.2236 1.0392
4977.3711 1.0413
4978.5161 1.0419
4979.6641 1.0395
4980.8096 1.0352
4981.9585 1.0329
4983.1045 1.0333
4984.2510 1.0349
4985.4004 1.0358
4986.5469 1.0348
4987.6968 1.0329
4988.8442 1.0330
4989.9946 1.0357
4991.1426 1.0365
4992.2910 1.0343
4993.4419 1.0288
4994.5908 1.0214
4995.7427 1.0177
4996.8921 1.0196
4998.0439 1.0247
4999.1938 1.0309
5000.3438 1.0362
5001.4971 1.0386
5002.6475 1.0359
5003.8013 1.0278
5004.9521 1.0140
5006.1064 1.0042
5007.2583 1.0045
5008.4126 1.0119
5009.5649 1.0180
5010.7173 1.0217
5011.8730 1.0229
5013.0259 1.0238
5014.1816 1.0269
5015.3354 1.0321
5016.4917 1.0340
5017.6460 1.0267
5018.8003 1.0158
5019.9575 0.9984
5021.1123 0.9609
5022.2700 0.9151
5023.4258 0.9222
5024.5840 0.9792
5025.7397 1.0122
5026.8960 1.0218
5028.0552 1.0254
5029.2119 1.0269
5030.3716 1.0242
5031.5288 1.0234
5032.6890 1.0242
5033.8472 1.0206
5035.0049 1.0137
5036.1660 1.0102
5037.3247 1.0122
5038.4863 1.0107
5039.6455 1.0063
5040.8076 1.0078
5041.9668 1.0135
5043.1270 1.0094
5044.2900 0.9860
5045.4502 0.9760
5046.6138 0.9936
5047.7749 1.0129
5048.9390 1.0186
5050.1001 1.0159
5051.2622 1.0131
5052.4268 1.0152
5053.5894 1.0200
5054.7544 1.0229
5055.9175 1.0226
5057.0830 1.0184
5058.2466 1.0035
5059.4102 0.9659
5060.5771 0.9549
5061.7412 0.9787
5062.9082 1.0088
5064.0732 1.0180
5065.2407 1.0166
5066.4062 1.0180
5067.5718 1.0215
5068.7402 1.0220
5069.9062 1.0185
5071.0752 1.0155
5072.2417 1.0170
5073.4116 1.0184
5074.5786 1.0158
5075.7461 1.0130
5076.9165 1.0118
5078.0845 1.0103
5079.2554 1.0088
5080.4238 1.0123
5081.5957 1.0174
5082.7646 1.0207
5083.9336 1.0213
5085.1060 1.0199
5086.2759 1.0176
5087.4487 1.0173
5088.6191 1.0176
5089.7925 1.0167
5090.9634 1.0145
5092.1348 1.0124
5093.3091 1.0117
5094.4805 1.0130
5095.6553 1.0129
5096.8276 1.0101
5098.0029 1.0080
5099.1758 1.0096
5100.3516 1.0100
5101.5249 1.0073
5102.6987 1.0038
5103.8750 0.9948
5105.0493 0.9875
5106.2266 0.9938
5107.4014 1.0065
5108.5791 1.0077
5109.7544 1.0055
5110.9297 1.0054
5112.1084 1.0079
5113.2842 1.0106
5114.4634 1.0110
5115.6401 1.0098
5116.8198 1.0070
5117.9966 1.0055
5119.1743 1.0059
5120.3545 1.0062
5121.5327 1.0058
5122.7134 1.0059
5123.8921 1.0049
5125.0737 1.0045
5126.2524 1.0049
5127.4321 1.0053
5128.6143 1.0056
5129.7939 1.0048
5130.9771 0.9994
5132.1572 0.9939
5133.3408 0.9941
5134.5220 0.9999
5135.7031 1.0029
5136.8872 1.0024
5138.0688 1.0036
5139.2539 1.0057
5140.4360 1.0062
5141.6216 1.0047
5142.8042 1.0027
5143.9873 1.0009
5145.1738 1.0016
5146.3574 1.0009
5147.5439 0.9963
5148.7280 0.9900
5149.9155 0.9881
5151.1001 0.9906
5152.2852 0.9896
5153.4731 0.9865
5154.6587 0.9868
5155.8477 0.9913
5157.0337 0.9907
5158.2227 0.9891
5159.4097 0.9905
5160.5962 0.9915
5161.7861 0.9920
5162.9736 0.9938
5164.1646 0.9940
5165.3525 0.9934
5166.5435 0.9944
5167.7319 0.9953
5168.9209 0.9932
5170.1128 0.9832
5171.3022 0.9538
5172.4946 0.8933
5173.6846 0.8794
5174.8779 0.9202
5176.0684 0.9685
5177.2588 0.9854
5178.4526 0.9939
5179.6440 0.9969
5180.8384 0.9941
5182.0303 0.9919
5183.2251 0.9918
5184.4175 0.9912
5185.6104 0.9901
5186.8062 0.9844
5187.9995 0.9791
5189.1958 0.9790
5190.3896 0.9829
5191.5864 0.9863
5192.7808 0.9874
5193.9780 0.9882
5195.1729 0.9892
5196.3682 0.9891
5197.5664 0.9867
5198.7622 0.9814
5199.9609 0.9704
5201.1572 0.9478
5202.3564 0.9445
5203.5532 0.9614
5204.7505 0.9795
5205.9507 0.9845
5207.1484 0.9850
5208.3491 0.9862
5209.5474 0.9890
5210.7485 0.9910
5211.9473 0.9909
5213.1460 0.9901
5214.3481 0.9919
5215.5479 0.9918
5216.7505 0.9867
5217.9507 0.9789
5219.1538 0.9703
5220.3545 0.9638
5221.5557 0.9663
5222.7598 0.9753
5223.9609 0.9806
5225.1655 0.9816
5226.3677 0.9802
5227.5728 0.9776
5228.7754 0.9747
5229.9785 0.9644
5231.1846 0.9541
5232.3877 0.9578
5233.5942 0.9724
5234.7983 0.9819
5236.0054 0.9764
5237.2100 0.9558
5238.4150 0.9333
5239.6230 0.9299
5240.8281 0.9433
5242.0366 0.9562
5243.2427 0.9669
5244.4517 0.9757
5245.6582 0.9801
5246.8652 0.9805
5248.0747 0.9745
5249.2822 0.9621
5250.4927 0.9553
5251.7007 0.9607
5252.9116 0.9664
5254.1201 0.9698
5255.3286 0.9717
5256.5405 0.9721
5257.7500 0.9702
5258.9624 0.9668
5260.1724 0.9669
5261.3853 0.9685
5262.5957 0.9660
5263.8062 0.9578
5265.0200 0.9536
5266.2310 0.9616
5267.4458 0.9594
5268.6572 0.9536
5269.8721 0.9581
5271.0845 0.9728
5272.2974 0.9794
5273.5132 0.9787
5274.7261 0.9756
5275.9424 0.9703
5277.1562 0.9635
5278.3730 0.9498
5279.5874 0.9209
5280.8047 0.9186
5282.0195 0.9430
5283.2349 0.9638
5284.4531 0.9707
5285.6689 0.9728
5286.8877 0.9695
5288.1040 0.9599
5289.3232 0.9617
5290.5400 0.9705
5291.7573 0.9762
5292.9775 0.9762
5294.1953 0.9756
5295.4160 0.9714
5296.6343 0.9700
5297.8555 0.9722
5299.0742 0.9745
5300.2935 0.9749
5301.5156 0.9749
5302.7354 0.9716
5303.9580 0.9692
5305.1782 0.9701
5306.4014 0.9722
5307.6221 0.9725
5308.8433 0.9711
5310.0674 0.9675
5311.2891 0.9669
5312.5137 0.9685
5313.7358 0.9708
5314.9614 0.9725
5316.1841 0.9706
5317.4072 0.9643
5318.6333 0.9480
5319.8569 0.9167
5321.0835 0.8964
5322.3076 0.9170
5323.5347 0.9549
5324.7598 0.9643
5325.9844 0.9678
5327.2129 0.9700
5328.4380 0.9669
5329.6670 0.9613
5330.8931 0.9648
5332.1221 0.9671
5333.3491 0.9640
5334.5757 0.9617
5335.8062 0.9645
5337.0337 0.9681
5338.2642 0.9636
5339.4922 0.9586
5340.7236 0.9586
5341.9521 0.9593
5343.1812 0.9590
5344.4131 0.9610
5345.6426 0.9669
5346.8755 0.9696
5348.1055 0.9682
5349.3389 0.9651
5350.5693 0.9637
5351.8003 0.9657
5353.0342 0.9680
5354.2656 0.9691
5355.5005 0.9692
5356.7324 0.9686
5357.9678 0.9676
5359.2002 0.9667
5360.4331 0.9658
5361.6694 0.9647
5362.9028 0.9631
5364.1392 0.9607
5365.3735 0.9525
5366.6108 0.9373
5367.8452 0.9317
5369.0801 0.9470
5370.3184 0.9580
5371.5537 0.9614
5372.7925 0.9614
5374.0283 0.9598
5375.2676 0.9588
5376.5039 0.9604
5377.7441 0.9623
5378.9810 0.9633
5380.2183 0.9629
5381.4590 0.9622
5382.6973 0.9628
5383.9385 0.9630
5385.1768 0.9609
5386.4189 0.9589
5387.6577 0.9591
5388.8975 0.9594
5390.1401 0.9545
5391.3799 0.9484
5392.6230 0.9503
5393.8638 0.9556
5395.1074 0.9587
5396.3486 0.9584
5397.5903 0.9563
5398.8350 0.9550
5400.0767 0.9532
5401.3223 0.9517
5402.5645 0.9521
5403.8105 0.9528
5405.0537 0.9476
5406.2969 0.9421
5407.5439 0.9446
5408.7876 0.9481
5410.0352 0.9493
5411.2798 0.9511
5412.5273 0.9534
5413.7725 0.9537
5415.0181 0.9529
5416.2666 0.9511
5417.5127 0.9479
5418.7617 0.9454
5420.0083 0.9498
5421.2583 0.9551
5422.5054 0.9551
5423.7529 0.9525
5425.0034 0.9511
5426.2515 0.9514
5427.5029 0.9496
5428.7515 0.9435
5430.0034 0.9413
5431.2524 0.9422
5432.5020 0.9419
5433.7549 0.9398
5435.0049 0.9419
5436.2578 0.9398
5437.5088 0.9393
5438.7627 0.9432
5440.0137 0.9478
5441.2651 0.9485
5442.5200 0.9484
5443.7720 0.9480
5445.0273 0.9475
5446.2798 0.9463
5447.5356 0.9452
5448.7891 0.9455
5450.0425 0.9468
5451.2993 0.9455
5452.5532 0.9449
5453.8105 0.9453
5455.0654 0.9458
5456.3232 0.9446
5457.5786 0.9397
5458.8340 0.9384
5460.0928 0.9414
5461.3486 0.9440
5462.6084 0.9451
5463.8647 0.9468
5465.1250 0.9486
5466.3823 0.9483
5467.6396 0.9466
5468.9004 0.9422
5470.1587 0.9353
5471.4199 0.9317
5472.6787 0.9386
5473.9404 0.9445
5475.1997 0.9467
5476.4624 0.9467
5477.7222 0.9461
5478.9824 0.9458
5480.2461 0.9467
5481.5068 0.9415
5482.7705 0.9317
5484.0322 0.9282
5485.2964 0.9329
5486.5586 0.9384
5487.8208 0.9408
5489.0859 0.9423
5490.3491 0.9385
5491.6147 0.9330
5492.8784 0.9315
5494.1450 0.9354
5495.4087 0.9386
5496.6729 0.9371
5497.9404 0.9360
5499.2056 0.9381
5500.4736 0.9420
5501.7388 0.9440
5503.0073 0.9431
5504.2734 0.9428
5505.5396 0.9395
5506.8096 0.9343
5508.0762 0.9307
5509.3462 0.9279
5510.6138 0.9215
5511.8843 0.9229
5513.1523 0.9266
5514.4209 0.9291
5515.6924 0.9323
5516.9614 0.9378
5518.2334 0.9407
5519.5029 0.9427
5520.7759 0.9436
5522.0459 0.9434
5523.3159 0.9425
5524.5898 0.9411
5525.8608 0.9395
5527.1348 0.9381
5528.4062 0.9358
5529.6812 0.9333
5530.9536 0.9315
5532.2256 0.9303
5533.5015 0.9301
5534.7744 0.9316
5536.0508 0.9319
5537.3242 0.9264
5538.6011 0.9159
5539.8755 0.9097
5541.1499 0.9190
5542.4277 0.9268
5543.7026 0.9302
5544.9810 0.9312
5546.2568 0.9304
5547.5356 0.9268
5548.8115 0.9220
5550.0884 0.9235
5551.3682 0.9272
5552.6450 0.9290
5553.9258 0.9294
5555.2031 0.9314
5556.4844 0.9334
5557.7627 0.9330
5559.0410 0.9309
5560.3232 0.9296
5561.6021 0.9297
5562.8848 0.9294
5564.1646 0.9279
5565.4473 0.9270
5566.7280 0.9268
5568.0083 0.9263
5569.2925 0.9262
5570.5737 0.9276
5571.8579 0.9282
5573.1401 0.9269
5574.4253 0.9262
5575.7075 0.9265
5576.9932 0.9269
5578.2764 0.9266
5579.5596 0.9249
5580.8462 0.9223
5582.1299 0.9200
5583.4170 0.9201
5584.7017 0.9220
5585.9893 0.9235
5587.2744 0.9233
5588.5601 0.9236
5589.8486 0.9229
5591.1348 0.9202
5592.4238 0.9178
5593.7104 0.9186
5595.0005 0.9209
5596.2876 0.9213
5597.5747 0.9211
5598.8657 0.9209
5600.1538 0.9206
5601.4448 0.9204
5602.7334 0.9199
5604.0254 0.9188
5605.3149 0.9181
5606.6045 0.9183
5607.8970 0.9184
5609.1870 0.9171
5610.4805 0.9145
5611.7715 0.9143
5613.0654 0.9146
5614.3569 0.9144
5615.6484 0.9145
5616.9434 0.9158
5618.2354 0.9165
5619.5308 0.9153
5620.8237 0.9139
5622.1201 0.9144
5623.4131 0.9155
5624.7070 0.9148
5626.0039 0.9141
5627.2983 0.9150
5628.5957 0.9154
5629.8906 0.9151
5631.1890 0.9145
5632.4844 0.9139
5633.7803 0.9147
5635.0791 0.9142
5636.3755 0.9132
5637.6753 0.9126
5638.9722 0.9121
5640.2725 0.9110
5641.5703 0.9099
5642.8682 0.9077
5644.1694 0.9037
5645.4678 0.9030
5646.7695 0.9064
5648.0684 0.9078
5649.3711 0.9037
5650.6704 0.9025
5651.9707 0.9038
5653.2739 0.9050
5654.5742 0.9057
5655.8784 0.9073
5657.1797 0.9081
5658.4839 0.9084
5659.7856 0.9074
5661.0879 0.9056
5662.3931 0.9042
5663.6958 0.9036
5665.0020 0.9034
5666.3052 0.9049
5667.6118 0.9062
5668.9155 0.9061
5670.2197 0.9050
5671.5273 0.9038
5672.8320 0.9028
5674.1401 0.9022
5675.4453 0.9024
5676.7539 0.9024
5678.0601 0.9019
5679.3696 0.9010
5680.6758 0.9008
5681.9829 0.9009
5683.2930 0.9000
5684.6006 0.8989
5685.9111 0.8984
5687.2192 0.8988
5688.5308 0.8998
5689.8394 0.9006
5691.1484 0.9003
5692.4609 0.8990
5693.7705 0.8976
5695.0835 0.8969
5696.3936 0.8980
5697.7070 0.8990
5699.0176 0.8989
5700.3286 0.8977
5701.6431 0.8966
5702.9551 0.8963
5704.2700 0.8953
5705.5825 0.8934
5706.8979 0.8918
5708.2109 0.8896
5709.5239 0.8873
5710.8408 0.8870
5712.1543 0.8897
5713.4717 0.8926
5714.7861 0.8931
5716.1040 0.8926
5717.4189 0.8927
5718.7339 0.8933
5720.0527 0.8936
5721.3687 0.8932
5722.6880 0.8919
5724.0044 0.8906
5725.3242 0.8901
5726.6416 0.8905
5727.9590 0.8913
5729.2798 0.8908
5730.5977 0.8889
5731.9194 0.8883
5733.2378 0.8890
5734.5601 0.8890
5735.8794 0.8883
5737.1987 0.8884
5738.5215 0.8873
5739.8418 0.8867
5741.1655 0.8871
5742.4863 0.8874
5743.8105 0.8871
5745.1318 0.8861
5746.4536 0.8857
5747.7783 0.8855
5749.1006 0.8847
5750.4268 0.8832
5751.7495 0.8821
5753.0757 0.8828
5754.3994 0.8840
5755.7231 0.8846
5757.0503 0.8847
5758.3745 0.8852
5759.7026 0.8847
5761.0273 0.8847
5762.3560 0.8854
5763.6816 0.8859
5765.0078 0.8855
5766.3369 0.8842
5767.6636 0.8830
5768.9937 0.8820
5770.3208 0.8812
5771.6514 0.8811
5772.9790 0.8812
5774.3071 0.8804
5775.6387 0.8790
5776.9673 0.8775
5778.2993 0.8771
5779.6289 0.8764
5780.9614 0.8744
5782.2915 0.8691
5783.6250 0.8558
5784.9556 0.8392
5786.2861 0.8406
5787.6206 0.8530
5788.9521 0.8637
5790.2871 0.8691
5791.6191 0.8723
5792.9546 0.8735
5794.2871 0.8750
5795.6201 0.8759
5796.9565 0.8753
5798.2900 0.8733
5799.6274 0.8694
5800.9614 0.8632
5802.2993 0.8635
5803.6338 0.8695
5804.9692 0.8747
5806.3076 0.8751
5807.6436 0.8747
5808.9824 0.8744
5810.3188 0.8730
5811.6587 0.8719
5812.9956 0.8721
5814.3330 0.8730
5815.6738 0.8728
5817.0117 0.8703
5818.3530 0.8702
5819.6914 0.8727
5821.0337 0.8750
5822.3726 0.8750
5823.7119 0.8748
5825.0552 0.8752
5826.3950 0.8752
5827.7388 0.8753
5829.0791 0.8756
5830.4233 0.8752
5831.7646 0.8733
5833.1064 0.8730
5834.4517 0.8735
5835.7935 0.8738
5837.1396 0.8741
5838.4824 0.8744
5839.8286 0.8731
5841.1719 0.8735
5842.5156 0.8746
5843.8633 0.8742
5845.2075 0.8720
5846.5552 0.8694
5847.9004 0.8675
5849.2490 0.8664
5850.5942 0.8665
5851.9404 0.8674
5853.2896 0.8671
5854.6362 0.8654
5855.9863 0.8662
5857.3335 0.8671
5858.6841 0.8672
5860.0322 0.8671
5861.3799 0.8674
5862.7319 0.8681
5864.0806 0.8679
5865.4326 0.8672
5866.7822 0.8669
5868.1348 0.8668
5869.4849 0.8665
5870.8350 0.8658
5872.1890 0.8637
5873.5400 0.8629
5874.8940 0.8629
5876.2456 0.8628
5877.6006 0.8607
5878.9531 0.8518
5880.3052 0.8344
5881.6611 0.8408
5883.0146 0.8556
5884.3711 0.8633
5885.7246 0.8628
5887.0820 0.8611
5888.4365 0.8603
5889.7939 0.8586
5891.1489 0.8563
5892.5044 0.8356
5893.8633 0.7895
5895.2192 0.7562
5896.5786 0.8060
5897.9351 0.8387
5899.2949 0.8137
5900.6523 0.7800
5902.0098 0.7907
5903.3706 0.8390
5904.7285 0.8506
5906.0903 0.8503
5907.4487 0.8498
5908.8110 0.8526
5910.1704 0.8562
5911.5303 0.8564
5912.8931 0.8554
5914.2534 0.8548
5915.6172 0.8541
5916.9780 0.8530
5918.3428 0.8517
5919.7041 0.8510
5921.0659 0.8512
5922.4312 0.8505
5923.7939 0.8492
5925.1597 0.8495
5926.5229 0.8502
5927.8896 0.8485
5929.2534 0.8472
5930.6172 0.8490
5931.9849 0.8500
5933.3496 0.8497
5934.7178 0.8493
5936.0830 0.8491
5937.4517 0.8490
5938.8179 0.8502
5940.1841 0.8505
5941.5537 0.8494
5942.9204 0.8482
5944.2910 0.8468
5945.6587 0.8408
5947.0298 0.8374
5948.3975 0.8396
5949.7661 0.8413
5951.1382 0.8403
5952.5073 0.8402
5953.8799 0.8412
5955.2495 0.8410
5956.6226 0.8394
5957.9932 0.8386
5959.3638 0.8377
5960.7378 0.8319
5962.1094 0.8207
5963.4839 0.8219
5964.8560 0.8283
5966.2314 0.8315
5967.6040 0.8325
5968.9766 0.8355
5970.3530 0.8344
5971.7266 0.8325
5973.1035 0.8329
5974.4780 0.8341
5975.8555 0.8348
5977.2305 0.8351
5978.6055 0.8344
5979.9839 0.8323
5981.3599 0.8276
5982.7388 0.8177
5984.1152 0.8115
5985.4951 0.8198
5986.8721 0.8299
5988.2495 0.8323
5989.6304 0.8320
5991.0083 0.8312
5992.3896 0.8311
5993.7681 0.8318
5995.1504 0.8298
5996.5298 0.8278
5997.9126 0.8279
5999.2920 0.8265
6000.6724 0.8244
6002.0562 0.8265
6003.4370 0.8294
6004.8213 0.8292
6006.2026 0.8288
6007.5874 0.8287
6008.9697 0.8284
6010.3521 0.8282
6011.7378 0.8279
6013.1211 0.8234
6014.5078 0.8154
6015.8911 0.8129
6017.2783 0.8179
6018.6626 0.8237
6020.0474 0.8258
6021.4355 0.8266
6022.8208 0.8265
6024.2095 0.8261
6025.5957 0.8262
6026.9849 0.8263
6028.3716 0.8250
6029.7583 0.8247
6031.1489 0.8247
6032.5361 0.8247
6033.9272 0.8250
6035.3154 0.8253
6036.7070 0.8249
6038.0957 0.8237
6039.4849 0.8220
6040.8774 0.8204
6042.2671 0.8192
6043.6606 0.8189
6045.0508 0.8197
6046.4448 0.8203
6047.8359 0.8201
6049.2271 0.8189
6050.6221 0.8178
6052.0142 0.8185
6053.4097 0.8209
6054.8022 0.8207
6056.1982 0.8205
6057.5918 0.8204
6058.9854 0.8205
6060.3823 0.8214
6061.7764 0.8218
6063.1743 0.8218
6064.5693 0.8204
6065.9678 0.8188
6067.3633 0.8188
6068.7588 0.8202
6070.1582 0.8191
6071.5547 0.8184
6072.9551 0.8184
6074.3521 0.8182
6075.7529 0.8178
6077.1504 0.8182
6078.5483 0.8189
6079.9502 0.8188
6081.3491 0.8193
6082.7515 0.8200
6084.1504 0.8200
6085.5537 0.8192
6086.9536 0.8182
6088.3540 0.8165
6089.7578 0.8161
6091.1587 0.8165
6092.5635 0.8167
6093.9648 0.8167
6095.3701 0.8170
6096.7725 0.8173
6098.1782 0.8171
6099.5811 0.8167
6100.9844 0.8165
6102.3911 0.8165
6103.7949 0.8167
6105.2026 0.8167
6106.6069 0.8157
6108.0151 0.8144
6109.4204 0.8146
6110.8257 0.8164
6112.2349 0.8159
6113.6411 0.8140
6115.0508 0.8128
6116.4575 0.8126
6117.8682 0.8129
6119.2754 0.8133
6120.6831 0.8139
6122.0947 0.8131
6123.5029 0.8134
6124.9150 0.8146
6126.3242 0.8152
6127.7368 0.8145
6129.1465 0.8133
6130.5566 0.8133
6131.9702 0.8136
6133.3809 0.8133
6134.7954 0.8128
6136.2065 0.8128
6137.6216 0.8133
6139.0337 0.8132
6140.4458 0.8132
6141.8618 0.8130
6143.2749 0.8125
6144.6914 0.8117
6146.1050 0.8102
6147.5220 0.8087
6148.9365 0.8089
6150.3511 0.8080
6151.7690 0.8019
6153.1846 0.7925
6154.6035 0.7927
6156.0190 0.8016
6157.4390 0.8076
6158.8555 0.8079
6160.2720 0.8022
6161.6929 0.7927
6163.1104 0.7901
6164.5312 0.7970
6165.9497 0.8028
6167.3711 0.8033
6168.7900 0.8009
6170.2095 0.7992
6171.6323 0.7993
6173.0518 0.7997
6174.4756 0.7994
6175.8960 0.7986
6177.3198 0.7971
6178.7412 0.7950
6180.1626 0.7920
6181.5874 0.7924
6183.0098 0.7928
6184.4355 0.7925
6185.8579 0.7929
6187.2847 0.7948
6188.7080 0.7958
6190.1318 0.7964
6191.5591 0.7962
6192.9834 0.7969
6194.4116 0.7986
6195.8364 0.7996
6197.2651 0.7993
6198.6909 0.7985
6200.1172 0.7970
6201.5469 0.7963
6202.9731 0.7967
6204.4038 0.7964
6205.8311 0.7942
6207.2622 0.7885
6208.6899 0.7859
6210.1216 0.7883
6211.5503 0.7929
6212.9795 0.7961
6214.4121 0.7967
6215.8418 0.7965
6217.2749 0.7964
6218.7056 0.7968
6220.1392 0.7977
6221.5703 0.7989
6223.0015 0.7995
6224.4365 0.7996
6225.8687 0.7985
6227.3042 0.7968
6228.7368 0.7956
6230.1729 0.7958
6231.6064 0.7961
6233.0400 0.7959
6234.4771 0.7958
6235.9116 0.7956
6237.3496 0.7949
6238.7842 0.7940
6240.2231 0.7938
6241.6587 0.7899
6243.0942 0.7818
6244.5342 0.7793
6245.9707 0.7854
6247.4111 0.7909
6248.8481 0.7894
6250.2891 0.7875
6251.7271 0.7774
6253.1650 0.7724
6254.6069 0.7803
6256.0459 0.7908
6257.4888 0.7926
6258.9282 0.7939
6260.3716 0.7938
6261.8115 0.7929
6263.2520 0.7924
6264.6963 0.7922
6266.1377 0.7918
6267.5825 0.7906
6269.0244 0.7897
6270.4702 0.7883
6271.9126 0.7860
6273.3555 0.7825
6274.8022 0.7774
6276.2456 0.7783
6277.6929 0.7816
6279.1372 0.7829
6280.5850 0.7771
6282.0298 0.7617
6283.4751 0.7477
6284.9238 0.7471
6286.3696 0.7448
6287.8193 0.7351
6289.2661 0.7279
6290.7163 0.7365
6292.1636 0.7554
6293.6108 0.7661
6295.0620 0.7698
6296.5103 0.7709
6297.9624 0.7730
6299.4111 0.7769
6300.8638 0.7777
6302.3135 0.7775
6303.7632 0.7766
6305.2168 0.7769
6306.6675 0.7774
6308.1216 0.7751
6309.5728 0.7727
6311.0278 0.7694
6312.4795 0.7713
6313.9316 0.7739
6315.3877 0.7743
6316.8403 0.7750
6318.2974 0.7755
6319.7510 0.7744
6321.2080 0.7718
6322.6621 0.7684
6324.1201 0.7680
6325.5752 0.7734
6327.0303 0.7766
6328.4893 0.7770
6329.9453 0.7770
6331.4048 0.7781
6332.8613 0.7792
6334.3218 0.7778
6335.7788 0.7748
6337.2363 0.7728
6338.6978 0.7733
6340.1558 0.7744
6341.6182 0.7752
6343.0767 0.7758
6344.5396 0.7753
6345.9990 0.7746
6347.4590 0.7732
6348.9229 0.7702
6350.3833 0.7480
6351.8477 0.7027
6353.3091 0.7040
6354.7739 0.7476
6356.2358 0.7688
6357.6982 0.7699
6359.1641 0.7703
6360.6270 0.7705
6362.0938 0.7708
6363.5576 0.7712
6365.0249 0.7705
6366.4893 0.7689
6367.9536 0.7681
6369.4224 0.7691
6370.8877 0.7689
6372.3564 0.7675
6373.8228 0.7595
6375.2925 0.7303
6376.7588 0.7046
6378.2261 0.7256
6379.6968 0.7589
6381.1646 0.7639
6382.6357 0.7634
6384.1040 0.7641
6385.5762 0.7645
6387.0454 0.7663
6388.5146 0.7652
6389.9878 0.7647
6391.4580 0.7645
6392.9316 0.7649
6394.4023 0.7657
6395.8770 0.7663
6397.3481 0.7660
6398.8198 0.7651
6400.2954 0.7647
6401.7681 0.7645
6403.2441 0.7645
6404.7173 0.7642
6406.1943 0.7614
6407.6680 0.7599
6409.1421 0.7613
6410.6196 0.7626
6412.0947 0.7622
6413.5732 0.7620
6415.0488 0.7620
6416.5278 0.7612
6418.0039 0.7607
6419.4805 0.7590
6420.9609 0.7546
6422.4380 0.7504
6423.9189 0.7543
6425.3970 0.7579
6426.8784 0.7589
6428.3569 0.7592
6429.8359 0.7591
6431.3184 0.7580
6432.7979 0.7581
6434.2812 0.7586
6435.7617 0.7574
6437.2456 0.7544
6438.7266 0.7524
6440.2114 0.7542
6441.6929 0.7561
6443.1748 0.7553
6444.6606 0.7532
6446.1431 0.7519
6447.6294 0.7518
6449.1128 0.7514
6450.6001 0.7484
6452.0840 0.7474
6453.5684 0.7485
6455.0566 0.7492
6456.5415 0.7486
6458.0303 0.7465
6459.5161 0.7376
6461.0054 0.7214
6462.4917 0.7222
6463.9785 0.7351
6465.4692 0.7445
6466.9565 0.7455
6468.4478 0.7448
6469.9360 0.7448
6471.4277 0.7450
6472.9165 0.7445
6474.4058 0.7437
6475.8984 0.7441
6477.3882 0.7445
6478.8818 0.7420
6480.3726 0.7397
6481.8667 0.7411
6483.3579 0.7437
6484.8496 0.7412
6486.3447 0.7357
6487.8369 0.7290
6489.3330 0.7293
6490.8262 0.7344
6492.3228 0.7381
6493.8164 0.7382
6495.3101 0.7372
6496.8081 0.7343
6498.3027 0.7327
6499.8013 0.7326
6501.2964 0.7332
6502.7954 0.7349
6504.2915 0.7376
6505.7876 0.7389
6507.2881 0.7394
6508.7852 0.7390
6510.2861 0.7374
6511.7837 0.7357
6513.2852 0.7356
6514.7837 0.7353
6516.2822 0.7348
6517.7852 0.7341
6519.2842 0.7310
6520.7876 0.7245
6522.2876 0.7219
6523.7920 0.7273
6525.2925 0.7315
6526.7939 0.7326
6528.2988 0.7317
6529.8008 0.7299
6531.3062 0.7305
6532.8091 0.7305
6534.3154 0.7298
6535.8184 0.7284
6537.3223 0.7269
6538.8296 0.7262
6540.3340 0.7260
6541.8423 0.7265
6543.3472 0.7278
6544.8560 0.7285
6546.3613 0.7275
6547.8677 0.7246
6549.3774 0.7219
6550.8843 0.7201
6552.3945 0.7220
6553.9019 0.7258
6555.4136 0.7280
6556.9214 0.7267
6558.4336 0.7227
6559.9424 0.7211
6561.4512 0.7195
6562.9644 0.7160
6564.4741 0.7086
6565.9878 0.6908
6567.4985 0.6589
6569.0127 0.6706
6570.5239 0.6966
6572.0356 0.7114
6573.5513 0.7144
6575.0635 0.7171
6576.5796 0.7186
6578.0923 0.7206
6579.6094 0.7217
6581.1230 0.7224
6582.6372 0.7222
6584.1548 0.7210
6585.6694 0.7221
6587.1885 0.7213
6588.7036 0.7210
6590.2231 0.7213
6591.7393 0.7211
6593.2554 0.7207
6594.7759 0.7203
6596.2930 0.7197
6597.8140 0.7196
6599.3320 0.7201
6600.8535 0.7202
6602.3721 0.7193
6603.8911 0.7189
6605.4141 0.7199
6606.9336 0.7205
6608.4570 0.7202
6609.9771 0.7190
6611.5015 0.7176
6613.0225 0.7174
6614.5439 0.7167
6616.0693 0.7156
6617.5913 0.7113
6619.1172 0.7069
6620.6396 0.7097
6622.1665 0.7153
6623.6899 0.7162
6625.2139 0.7153
6626.7417 0.7144
6628.2661 0.7137
6629.7944 0.7136
6631.3198 0.7126
6632.8486 0.7111
6634.3745 0.7120
6635.9009 0.7139
6637.4312 0.7143
6638.9580 0.7134
6640.4888 0.7137
6642.0166 0.7134
6643.5483 0.7129
6645.0767 0.7131
6646.6055 0.7130
6648.1382 0.7105
6649.6675 0.7079
6651.2007 0.7075
6652.7310 0.7084
6654.2651 0.7095
6655.7959 0.7100
6657.3271 0.7098
6658.8623 0.7094
6660.3940 0.7092
6661.9297 0.7089
6663.4624 0.7077
6664.9990 0.7056
6666.5322 0.7048
6668.0659 0.7069
6669.6035 0.7071
6671.1377 0.7075
6672.6763 0.7083
6674.2114 0.7082
6675.7505 0.7069
6677.2861 0.7050
6678.8257 0.7059
6680.3623 0.7062
6681.8989 0.7011
6683.4399 0.6936
6684.9775 0.6944
6686.5190 0.7030
6688.0571 0.7057
6689.5996 0.7051
6691.1382 0.7054
6692.6777 0.7070
6694.2212 0.7076
6695.7607 0.7061
6697.3052 0.7057
6698.8457 0.7051
6700.3906 0.7044
6701.9316 0.7031
6703.4736 0.7004
6705.0195 0.6997
6706.5620 0.7023
6708.1084 0.7036
6709.6519 0.7034
6711.1987 0.7030
6712.7427 0.7025
6714.2871 0.7025
6715.8354 0.7024
6717.3804 0.7019
6718.9292 0.7003
6720.4751 0.6983
6722.0249 0.6977
6723.5713 0.6981
6725.1177 0.6989
6726.6685 0.6968
6728.2163 0.6925
6729.7676 0.6918
6731.3159 0.6978
6732.8682 0.6987
6734.4170 0.6984
6735.9663 0.6981
6737.5195 0.6975
6739.0693 0.6964
6740.6235 0.6948
6742.1743 0.6940
6743.7290 0.6945
6745.2803 0.6945
6746.8320 0.6939
6748.3877 0.6935
6749.9404 0.6931
6751.4966 0.6929
6753.0498 0.6927
6754.6069 0.6925
6756.1611 0.6924
6757.7153 0.6924
6759.2734 0.6920
6760.8286 0.6914
6762.3877 0.6908
6763.9434 0.6904
6765.5029 0.6903
6767.0596 0.6901
6768.6162 0.6897
6770.1772 0.6893
6771.7344 0.6888
6773.2959 0.6883
6774.8540 0.6879
6776.4165 0.6878
6777.9756 0.6874
6779.5347 0.6867
6781.0981 0.6863
6782.6582 0.6862
6784.2222 0.6860
6785.7827 0.6855
6787.3477 0.6850
6788.9092 0.6848
6790.4707 0.6844
6792.0366 0.6840
6793.5991 0.6836
6795.1655 0.6832
6796.7290 0.6829
6798.2964 0.6826
6799.8604 0.6823
6801.4282 0.6821
6802.9927 0.6817
6804.5581 0.6814
6806.1270 0.6811
6807.6929 0.6808
6809.2627 0.6805
6810.8291 0.6801
6812.3994 0.6797
6813.9668 0.6794
6815.5342 0.6791
6817.1060 0.6787
6818.6743 0.6782
6820.2466 0.6778
6821.8154 0.6774
6823.3887 0.6771
6824.9585 0.6767
6826.5283 0.6764
6828.1025 0.6761
6829.6733 0.6758
6831.2485 0.6756
6832.8198 0.6752
6834.3955 0.6747
6835.9678 0.6745
6837.5405 0.6744
6839.1172 0.6742
6840.6904 0.6738
6842.2681 0.6735
6843.8418 0.6732
6845.4199 0.6731
6846.9946 0.6729
6848.5698 0.6726
6850.1494 0.6722
6851.7251 0.6719
6853.3052 0.6718
6854.8818 0.6716
6856.4624 0.6714
6858.0396 0.6711
6859.6177 0.6709
6861.1992 0.6705
6862.7778 0.6699
6864.3604 0.6696
6865.9395 0.6695
6867.5225 0.6691
6869.1025 0.6688
6870.6826 0.6688
6872.2671 0.6686
6873.8481 0.6682
6875.4331 0.6675
6877.0146 0.6671
6878.6006 0.6671
6880.1831 0.6671
6881.7656 0.6668
6883.3525 0.6666
6884.9360 0.6663
6886.5239 0.6659
6888.1079 0.6655
6889.6963 0.6653
6891.2812 0.6650
6892.8667 0.6648
6894.4561 0.6645
6896.0425 0.6642
6897.6323 0.6639
6899.2192 0.6636
6900.8105 0.6633
6902.3979 0.6630
6903.9858 0.6627
6905.5776 0.6623
6907.1665 0.6620
6908.7593 0.6616
6910.3486 0.6608
6911.9419 0.6602
6913.5322 0.6601
6915.1226 0.6600
6916.7173 0.6598
6918.3081 0.6595
6919.9038 0.6592
6921.4956 0.6589
6923.0918 0.6586
6924.6846 0.6582
6926.2812 0.6574
6927.8745 0.6567
6929.4683 0.6568
6931.0664 0.6569
6932.6606 0.6563
6934.2593 0.6559
6935.8545 0.6557
6937.4541 0.6555
6939.0498 0.6552
6940.6460 0.6551
6942.2466 0.6548
6943.8438 0.6545
6945.4448 0.6541
6947.0430 0.6538
6948.6445 0.6535
6950.2432 0.6531
6951.8423 0.6528
6953.4453 0.6525
6955.0449 0.6522
6956.6489 0.6518
6958.2490 0.6515
6959.8535 0.6513
6961.4546 0.6512
6963.0562 0.6509
6964.6621 0.6507
6966.2642 0.6504
6967.8706 0.6501
6969.4736 0.6494
6971.0806 0.6484
6972.6841 0.6484
6974.2886 0.6487
6975.8965 0.6481
6977.5015 0.6468
6979.1104 0.6467
6980.7158 0.6472
6982.3257 0.6465
6983.9321 0.6454
6985.5386 0.6449
6987.1494 0.6447
6988.7568 0.6451
6990.3687 0.6462
6991.9766 0.6463
6993.5889 0.6458
6995.1978 0.6455
6996.8071 0.6444
6998.4204 0.6419
7000.0303 0.6427
7001.6445 0.6448
7003.2554 0.6457
7004.8701 0.6450
7006.4819 0.6437
7008.0938 0.6422
7009.7095 0.6434
7011.3223 0.6445
7012.9390 0.6449
7014.5522 0.6450
7016.1699 0.6447
7017.7837 0.6443
7019.3984 0.6434
7021.0171 0.6423
7022.6323 0.6418
7024.2515 0.6417
7025.8677 0.6417
7027.4878 0.6425
7029.1045 0.6424
7030.7212 0.6409
7032.3428 0.6394
7033.9604 0.6392
7035.5825 0.6398
7037.2007 0.6389
7038.8237 0.6391
7040.4429 0.6393
7042.0664 0.6394
7043.6865 0.6398
7045.3066 0.6385
7046.9316 0.6312
7048.5527 0.6314
7050.1782 0.6359
7051.7998 0.6382
7053.4263 0.6376
7055.0488 0.6374
7056.6719 0.6368
7058.2988 0.6367
7059.9229 0.6355
7061.5508 0.6319
7063.1753 0.6294
7064.8037 0.6313
7066.4292 0.6289
7068.0547 0.6262
7069.6846 0.6233
7071.3110 0.6217
7072.9419 0.6237
7074.5688 0.6290
7076.2002 0.6319
7077.8281 0.6321
7079.4561 0.6315
7081.0889 0.6311
7082.7178 0.6300
7084.3511 0.6272
7085.9810 0.6269
7087.6147 0.6308
7089.2451 0.6329
7090.8760 0.6324
7092.5112 0.6309
7094.1431 0.6288
7095.7788 0.6292
7097.4111 0.6315
7099.0479 0.6317
7100.6812 0.6304
7102.3145 0.6297
7103.9521 0.6293
7105.5864 0.6280
7107.2251 0.6277
7108.8599 0.6278
7110.4995 0.6279
7112.1353 0.6276
7113.7715 0.6270
7115.4116 0.6267
7117.0483 0.6262
7118.6899 0.6266
7120.3271 0.6271
7121.9692 0.6267
7123.6079 0.6260
7125.2466 0.6250
7126.8896 0.6251
7128.5293 0.6252
7130.1729 0.6250
7131.8130 0.6247
7133.4580 0.6241
7135.0986 0.6235
7136.7402 0.6234
7138.3857 0.6233
7140.0283 0.6228
7141.6748 0.6223
7143.3174 0.6223
7144.9648 0.6220
7146.6084 0.6218
7148.2524 0.6213
7149.9009 0.6209
7151.5459 0.6207
7153.1948 0.6204
7154.8403 0.6201
7156.4902 0.6199
7158.1367 0.6197
7159.7832 0.6192
7161.4346 0.6184
7163.0820 0.6178
7164.7339 0.6182
7166.3818 0.6182
7168.0347 0.6179
7169.6836 0.6177
7171.3369 0.6174
7172.9863 0.6172
7174.6367 0.6172
7176.2910 0.6171
7177.9419 0.6169
7179.5972 0.6168
7181.2490 0.6167
7182.9048 0.6165
7184.5571 0.6163
7186.2100 0.6162
7187.8672 0.6161
7189.5210 0.6160
7191.1787 0.6160
7192.8330 0.6158
7194.4917 0.6155
7196.1465 0.6142
7197.8022 0.6122
7199.4619 0.6106
7201.1182 0.6096
7202.7788 0.6088
7204.4355 0.6081
7206.0972 0.6076
7207.7549 0.6071
7209.4131 0.6068
7211.0757 0.6064
7212.7344 0.6059
7214.3975 0.6053
7216.0571 0.6050
7217.7212 0.6046
7219.3818 0.6043
7221.0425 0.6039
7222.7075 0.6037
7224.3691 0.6034
7226.0352 0.6030
7227.6973 0.6026
7229.3643 0.6022
7231.0273 0.6020
7232.6909 0.6020
7234.3584 0.6018
7236.0229 0.6015
7237.6914 0.6012
7239.3564 0.6009
7241.0259 0.6006
7242.6919 0.6002
7244.3579 0.6000
7246.0283 0.5997
7247.6953 0.5994
7249.3667 0.5991
7251.0342 0.5987
7252.7065 0.5984
7254.3750 0.5980
7256.0439 0.5977
7257.7168 0.5972
7259.3867 0.5966
7261.0605 0.5960
7262.7310 0.5960
7264.4058 0.5958
7266.0771 0.5954
7267.7485 0.5950
7269.4243 0.5945
7271.0967 0.5941
7272.7734 0.5937
7274.4463 0.5935
7276.1240 0.5931
7277.7979 0.5928
7279.4722 0.5924
7281.1509 0.5920
7282.8257 0.5916
7284.5054 0.5913
7286.1812 0.5909
7287.8613 0.5905
7289.5376 0.5901
7291.2148 0.5896
7292.8960 0.5892
7294.5737 0.5887
7296.2559 0.5885
7297.9341 0.5883
7299.6172 0.5880
7301.2964 0.5876
7302.9800 0.5873
7304.6602 0.5869
7306.3408 0.5865
7308.0254 0.5861
7309.7065 0.5858
7311.3921 0.5854
7313.0742 0.5850
7314.7607 0.5855
7316.4434 0.5865
7318.1265 0.5866
7319.8140 0.5861
7321.4980 0.5855
7323.1860 0.5849
7324.8711 0.5842
7326.5601 0.5835
7328.2456 0.5831
7329.9312 0.5827
7331.6216 0.5821
7333.3081 0.5816
7334.9995 0.5810
7336.6865 0.5805
7338.3784 0.5801
7340.0669 0.5796
7341.7554 0.5791
7343.4482 0.5787
7345.1377 0.5782
7346.8315 0.5778
7348.5215 0.5773
7350.2163 0.5769
7351.9067 0.5765
7353.5981 0.5761
7355.2939 0.5757
7356.9858 0.5753
7358.6826 0.5749
7360.3755 0.5745
7362.0728 0.5742
7363.7661 0.5738
7365.4604 0.5735
7367.1587 0.5733
7368.8535 0.5731
7370.5527 0.5727
7372.2485 0.5720
7373.9487 0.5716
7375.6450 0.5712
7377.3418 0.5711
7379.0430 0.5711
7380.7402 0.5709
7382.4424 0.5705
7384.1406 0.5704
7385.8433 0.5703
7387.5425 0.5699
7389.2422 0.5694
7390.9458 0.5691
7392.6465 0.5689
7394.3511 0.5685
7396.0522 0.5684
7397.7573 0.5681
7399.4595 0.5677
7401.1616 0.5676
7402.8682 0.5673
7404.5713 0.5666
7406.2788 0.5658
7407.9824 0.5650
7409.6909 0.5644
7411.3955 0.5637
7413.1006 0.5630
7414.8101 0.5627
7416.5156 0.5610
7418.2261 0.5607
7419.9326 0.5612
7421.6436 0.5611
7423.3506 0.5605
7425.0586 0.5606
7426.7705 0.5593
7428.4795 0.5543
7430.1924 0.5523
7431.9014 0.5551
7433.6152 0.5584
7435.3257 0.5583
7437.0400 0.5581
7438.7510 0.5577
7440.4624 0.5576
7442.1777 0.5572
7443.8901 0.5572
7445.6064 0.5574
7447.3193 0.5475
7449.0366 0.5456
7450.7505 0.5528
7452.4644 0.5582
7454.1831 0.5572
7455.8979 0.5560
7457.6172 0.5560
7459.3325 0.5559
7461.0527 0.5558
7462.7690 0.5555
7464.4858 0.5556
7466.2070 0.5550
7467.9248 0.5496
7469.6470 0.5499
7471.3652 0.5513
7473.0884 0.5441
7474.8076 0.5352
7476.5269 0.5430
7478.2510 0.5500
7479.9712 0.5515
7481.6963 0.5515
7483.4175 0.5513
7485.1431 0.5503
7486.8652 0.5494
7488.5874 0.5494
7490.3145 0.5500
7492.0371 0.5502
7493.7651 0.5499
7495.4888 0.5491
7497.2173 0.5477
7498.9419 0.5473
7500.6670 0.5475
7502.3970 0.5479
7504.1226 0.5478
7505.8530 0.5473
7507.5801 0.5470
7509.3110 0.5460
7511.0386 0.5451
7512.7666 0.5448
7514.4990 0.5446
7516.2275 0.5439
7517.9609 0.5434
7519.6904 0.5424
7521.4243 0.5416
7523.1548 0.5418
7524.8853 0.5425
7526.6206 0.5427
7528.3521 0.5420
7530.0884 0.5410
7531.8203 0.5404
7533.5571 0.5403
7535.2905 0.5401
7537.0239 0.5395
7538.7617 0.5385
7540.4961 0.5378
7542.2349 0.5378
7543.9702 0.5377
7545.7095 0.5374
7547.4453 0.5371
7549.1816 0.5369
7550.9229 0.5366
7552.6597 0.5362
7554.4014 0.5358
7556.1392 0.5356
7557.8818 0.5354
7559.6201 0.5352
7561.3594 0.5350
7563.1030 0.5348
7564.8428 0.5346
7566.5874 0.5342
7568.3281 0.5336
7570.0732 0.5330
7571.8149 0.5325
7573.5610 0.5321
7575.3032 0.5318
7577.0459 0.5315
7578.7930 0.5311
7580.5366 0.5307
7582.2847 0.5303
7584.0288 0.5299
7585.7778 0.5296
7587.5229 0.5292
7589.2686 0.5290
7591.0186 0.5287
7592.7646 0.5283
7594.5156 0.5279
7596.2627 0.5276
7598.0142 0.5273
7599.7622 0.5270
7601.5107 0.5267
7603.2637 0.5265
7605.0127 0.5262
7606.7661 0.5259
7608.5161 0.5256
7610.2710 0.5253
7612.0215 0.5250
7613.7725 0.5247
7615.5283 0.5243
7617.2803 0.5236
7619.0366 0.5225
7620.7896 0.5212
7622.5469 0.5202
7624.3003 0.5196
7626.0542 0.5192
7627.8130 0.5189
7629.5679 0.5188
7631.3271 0.5187
7633.0825 0.5185
7634.8428 0.5183
7636.5991 0.5182
7638.3560 0.5180
7640.1172 0.5177
7641.8750 0.5174
7643.6372 0.5172
7645.3955 0.5169
7647.1587 0.5166
7648.9180 0.5164
7650.6772 0.5161
7652.4419 0.5158
7654.2021 0.5155
7655.9673 0.5152
7657.7285 0.5149
7659.4941 0.5146
7661.2563 0.5143
7663.0186 0.5139
7664.7856 0.5136
7666.5493 0.5132
7668.3169 0.5129
7670.0811 0.5128
7671.8496 0.5125
7673.6147 0.5122
7675.3799 0.5119
7677.1499 0.5116
7678.9160 0.5112
7680.6870 0.5109
7682.4536 0.5106
7684.2251 0.5102
7685.9932 0.5099
7687.7612 0.5095
7689.5342 0.5091
7691.3027 0.5088
7693.0767 0.5084
7694.8462 0.5080
7696.6206 0.5074
7698.3911 0.5072
7700.1621 0.5070
7701.9380 0.5067
7703.7100 0.5063
7705.4863 0.5060
7707.2588 0.5056
7709.0361 0.5052
7710.8096 0.5046
7712.5879 0.5042
7714.3618 0.5039
7716.1367 0.5032
7717.9160 0.5019
7719.6914 0.5019
7721.4717 0.5017
7723.2480 0.5010
7725.0288 0.5000
7726.8062 0.4990
7728.5835 0.4985
7730.3657 0.4984
7732.1440 0.4982
7733.9272 0.4982
7735.7065 0.4981
7737.4902 0.4979
7739.2700 0.4976
7741.0508 0.4975
7742.8354 0.4976
7744.6167 0.4977
7746.4028 0.4976
7748.1851 0.4973
7749.9717 0.4972
7751.7544 0.4967
7753.5376 0.4964
7755.3257 0.4962
7757.1099 0.4961
7758.8984 0.4961
7760.6836 0.4967
7762.4731 0.4971
7764.2588 0.4964
7766.0449 0.4954
7767.8359 0.4948
7769.6226 0.4947
7771.4146 0.4947
7773.2021 0.4941
7774.9946 0.4923
7776.7832 0.4757
7778.5723 0.4508
7780.3662 0.4368
7782.1558 0.4480
7783.9507 0.4802
7785.7412 0.4919
7787.5366 0.4934
7789.3281 0.4937
7791.1201 0.4933
7792.9165 0.4931
7794.7095 0.4933
7796.5068 0.4929
7798.3003 0.4922
7800.0986 0.4921
7801.8931 0.4923
7803.6880 0.4920
7805.4873 0.4908
7807.2832 0.4905
7809.0835 0.4906
7810.8799 0.4906
7812.6812 0.4907
7814.4785 0.4904
7816.2759 0.4894
7818.0786 0.4898
7819.8770 0.4905
7821.6802 0.4907
7823.4795 0.4905
7825.2837 0.4907
7827.0840 0.4911
7828.8843 0.4894
7830.6899 0.4882
7832.4912 0.4871
7834.2974 0.4855
7836.0996 0.4852
7837.9067 0.4851
7839.7100 0.4847
7841.5132 0.4837
7843.3213 0.4831
7845.1260 0.4835
7846.9351 0.4840
7848.7402 0.4833
7850.5498 0.4839
7852.3560 0.4840
7854.1665 0.4840
7855.9736 0.4842
7857.7808 0.4832
7859.5928 0.4822
7861.4009 0.4812
7863.2139 0.4811
7865.0225 0.4809
7866.8364 0.4795
7868.6460 0.4786
7870.4561 0.4786
7872.2710 0.4766
7874.0820 0.4772
7875.8979 0.4789
7877.7100 0.4787
7879.5264 0.4778
7881.3389 0.4742
7883.1519 0.4656
7884.9697 0.4692
7886.7837 0.4759
7888.6025 0.4753
7890.4175 0.4764
7892.2368 0.4738
7894.0522 0.4707
7895.8687 0.4706
7897.6890 0.4704
7899.5059 0.4659
7901.3276 0.4569
7903.1455 0.4489
7904.9678 0.4615
7906.7861 0.4687
7908.6055 0.4647
7910.4292 0.4630
7912.2485 0.4706
7914.0732 0.4701
7915.8940 0.4641
7917.7192 0.4635
7919.5405 0.4678
7921.3628 0.4689
7923.1895 0.4641
7925.0122 0.4639
7926.8394 0.4621
7928.6631 0.4616
7930.4912 0.4623
7932.3159 0.4624
7934.1406 0.4618
7935.9702 0.4563
7937.7959 0.4594
7939.6265 0.4638
7941.4526 0.4664
7943.2842 0.4681
7945.1113 0.4677
7946.9390 0.4664
7948.7720 0.4642
7950.6006 0.4644
7952.4336 0.4636
7954.2632 0.4600
7956.0977 0.4587
7957.9277 0.4583
7959.7583 0.4592
7961.5938 0.4607
7963.4253 0.4606
7965.2617 0.4573
7967.0942 0.4525
7968.9316 0.4492
7970.7646 0.4510
7972.5981 0.4571
7974.4370 0.4595
7976.2715 0.4557
7978.1108 0.4547
7979.9458 0.4546
7981.7861 0.4549
7983.6226 0.4557
7985.4590 0.4558
7987.3003 0.4554
7989.1377 0.4557
7990.9800 0.4536
7992.8184 0.4537
7994.6616 0.4557
7996.5005 0.4570
7998.3447 0.4564
8000.1846 0.4554
8002.0249 0.4545
8003.8706 0.4522
8005.7114 0.4483
8007.5576 0.4457
8009.3999 0.4471
8011.2471 0.4502
8013.0898 0.4464
8014.9331 0.4421
8016.7812 0.4462
8018.6255 0.4486
8020.4746 0.4442
8022.3198 0.4465
8024.1699 0.4496
8026.0156 0.4497
8027.8623 0.4471
8029.7134 0.4430
8031.5605 0.4405
8033.4126 0.4416
8035.2607 0.4401
8037.1138 0.4419
8038.9624 0.4444
8040.8120 0.4443
8042.6660 0.4426
8044.5161 0.4437
8046.3711 0.4446
8048.2222 0.4441
8050.0781 0.4410
8051.9302 0.4387
8053.7827 0.4401
8055.6396 0.4427
8057.4927 0.4436
8059.3511 0.4431
8061.2051 0.4426
8063.0640 0.4430
8064.9189 0.4432
8066.7739 0.4416
8068.6343 0.4411
8070.4902 0.4407
8072.3516 0.4401
8074.2085 0.4397
8076.0703 0.4390
8077.9282 0.4373
8079.7866 0.4382
8081.6499 0.4388
8083.5088 0.4387
8085.3730 0.4378
8087.2329 0.4367
8089.0981 0.4369
8090.9590 0.4359
8092.8203 0.4348
8094.6865 0.4349
8096.5483 0.4350
8098.4155 0.4344
8100.2788 0.4341
8102.1465 0.4337
8104.0103 0.4335
8105.8745 0.4333
8107.7441 0.4331
8109.6089 0.4327
8111.4790 0.4323
8113.3452 0.4321
8115.2163 0.4318
8117.0830 0.4315
8118.9502 0.4312
8120.8228 0.4308
8122.6909 0.4304
8124.5640 0.4302
8126.4326 0.4298
8128.3066 0.4295
8130.1768 0.4293
8132.0513 0.4290
8133.9224 0.4286
8135.7935 0.4283
8137.6694 0.4280
8139.5415 0.4276
8141.4185 0.4273
8143.2915 0.4270
8145.1694 0.4267
8147.0430 0.4263
8148.9175 0.4260
8150.7964 0.4257
8152.6714 0.4254
8154.5513 0.4250
8156.4272 0.4247
8158.3081 0.4243
8160.1851 0.4239
8162.0625 0.4235
8163.9443 0.4231
8165.8228 0.4227
8167.7056 0.4225
8169.5845 0.4221
8171.4683 0.4217
8173.3481 0.4214
8175.2285 0.4211
8177.1138 0.4209
8178.9951 0.4205
8180.8809 0.4202
8182.7632 0.4198
8184.6499 0.4195
8186.5327 0.4192
8188.4160 0.4188
8190.3042 0.4182
8192.1885 0.4177
8194.0771 0.4174
8195.9629 0.4172
8197.8525 0.4172
8199.7383 0.4170
8201.6250 0.4166
8203.5156 0.4164
8205.4033 0.4160
8207.2959 0.4152
8209.1836 0.4147
8211.0762 0.4148
8212.9658 0.4147
8214.8545 0.4145
8216.7490 0.4141
8218.6396 0.4133
8220.5342 0.4121
8222.4258 0.4114
8224.3223 0.4119
8226.2139 0.4119
8228.1064 0.4111
8230.0039 0.4107
8231.8965 0.4110
8233.7949 0.4108
8235.6895 0.4099
8237.5889 0.4098
8239.4834 0.4087
8241.3789 0.4074
8243.2793 0.4076
8245.1758 0.4087
8247.0771 0.4082
8248.9746 0.4075
8250.8770 0.4075
8252.7744 0.4074
8254.6729 0.4069
8256.5771 0.4065
8258.4766 0.4067
8260.3809 0.4064
8262.2812 0.4061
8264.1865 0.4058
8266.0869 0.4057
8267.9893 0.4056
8269.8955 0.4050
8271.7979 0.4046
8273.7051 0.4047
8275.6084 0.4045
8277.5166 0.4040
8279.4209 0.4034
8281.3301 0.4029
8283.2354 0.4026
8285.1416 0.4023
8287.0518 0.4018
8288.9580 0.4016
8290.8691 0.4016
8292.7773 0.4007
8294.6895 0.3990
8296.5977 0.3999
8298.5059 0.4001
8300.4199 0.3998
8302.3291 0.4005
8304.2432 0.4007
8306.1543 0.3986
8308.0693 0.3991
8309.9805 0.3994
8311.8926 0.3977
8313.8086 0.3964
8315.7217 0.3987
8317.6396 0.3987
8319.5527 0.3945
8321.4707 0.3925
8323.3857 0.3947
8325.2998 0.3973
8327.2197 0.3959
8329.1357 0.3911
8331.0566 0.3901
8332.9727 0.3934
8334.8945 0.3966
8336.8115 0.3955
8338.7295 0.3905
8340.6523 0.3848
8342.5713 0.3887
8344.4951 0.3943
8346.4150 0.3962
8348.3398 0.3938
8350.2598 0.3875
8352.1807 0.3804
8354.1074 0.3842
8356.0293 0.3919
8357.9561 0.3967
8359.8789 0.3969
8361.8066 0.3928
8363.7295 0.3833
8365.6543 0.3751
8367.5830 0.3782
8369.5078 0.3880
8371.4375 0.3943
8373.3643 0.3956
8375.2949 0.3944
8377.2217 0.3892
8379.1484 0.3784
8381.0811 0.3692
8383.0088 0.3712
8384.9424 0.3838
8386.8711 0.3910
8388.8047 0.3942
8390.7344 0.3944
8392.6650 0.3922
8394.6006 0.3871
8396.5312 0.3767
8398.4678 0.3625
8400.3994 0.3613
8402.3369 0.3713
8404.2695 0.3827
8406.2031 0.3892
8408.1416 0.3928
8410.0762 0.3934
8412.0156 0.3885
8413.9502 0.3820
8415.8906 0.3737
8417.8271 0.3622
8419.7637 0.3525
8421.7051 0.3559
8423.6426 0.3688
8425.5850 0.3802
8427.5234 0.3881
8429.4668 0.3933
8431.4053 0.3933
8433.3496 0.3926
8435.2900 0.3906
8437.2305 0.3857
8439.1758 0.3801
8441.1172 0.3723
8443.0645 0.3558
8445.0059 0.3408
8446.9541 0.3510
8448.8965 0.3682
8450.8408 0.3662
8452.7891 0.3479
8454.7344 0.3521
8456.6836 0.3831
8458.6289 0.3884
8460.5791 0.3870
8462.5254 0.3880
8464.4727 0.3855
8466.4248 0.3811
8468.3721 0.3731
8470.3252 0.3637
8472.2734 0.3476
8474.2275 0.3368
8476.1768 0.3450
8478.1270 0.3649
8480.0820 0.3744
8482.0322 0.3803
8483.9883 0.3838
8485.9404 0.3847
8487.8975 0.3846
8489.8496 0.3852
8491.8027 0.3845
8493.7607 0.3829
8495.7148 0.3817
8497.6738 0.3802
8499.6289 0.3780
8501.5889 0.3745
8503.5449 0.3613
8505.5010 0.3499
8507.4619 0.3368
8509.4199 0.3270
8511.3818 0.3325
8513.3398 0.3532
8515.3027 0.3638
8517.2617 0.3703
8519.2217 0.3715
8521.1855 0.3725
8523.1465 0.3771
8525.1113 0.3791
8527.0723 0.3776
8529.0391 0.3778
8531.0010 0.3782
8532.9639 0.3786
8534.9316 0.3791
8536.8945 0.3775
8538.8633 0.3765
8540.8281 0.3749
8542.7969 0.3707
8544.7627 0.3649
8546.7285 0.3522
8548.6992 0.3245
8550.6660 0.3124
8552.6377 0.3128
8554.6045 0.3278
8556.5771 0.3473
8558.5459 0.3588
8560.5146 0.3632
8562.4893 0.3646
8564.4590 0.3668
8566.4336 0.3690
8568.4043 0.3698
8570.3799 0.3692
8572.3516 0.3686
8574.3242 0.3650
8576.3008 0.3664
8578.2744 0.3678
8580.2520 0.3676
8582.2256 0.3677
8584.2051 0.3675
8586.1797 0.3674
8588.1602 0.3668
8590.1357 0.3652
8592.1113 0.3637
8594.0928 0.3628
8596.0703 0.3608
8598.0527 0.3551
8600.0303 0.3446
8602.0137 0.3324
8603.9922 0.3163
8605.9717 0.3053
8607.9561 0.3214
8609.9365 0.3408
8611.9219 0.3508
8613.9033 0.3556
8615.8896 0.3586
8617.8711 0.3597
8619.8535 0.3597
8621.8418 0.3608
8623.8252 0.3608
8625.8135 0.3594
8627.7979 0.3584
8629.7881 0.3591
8631.7725 0.3603
8633.7588 0.3587
8635.7500 0.3514
8637.7363 0.3531
8639.7285 0.3593
8641.7158 0.3598
8643.7080 0.3595
8645.6973 0.3586
8647.6855 0.3570
8649.6797 0.3562
8651.6699 0.3561
8653.6650 0.3559
8655.6553 0.3553
8657.6514 0.3537
8659.6436 0.3521
8661.6357 0.3479
8663.6328 0.3446
8665.6260 0.3414
8667.6240 0.3251
8669.6182 0.3003
8671.6172 0.2902
8673.6123 0.3011
8675.6074 0.3219
8677.6084 0.3377
8679.6045 0.3439
8681.6055 0.3482
8683.6025 0.3510
8685.6055 0.3390
8687.6035 0.3243
8689.6025 0.3231
8691.6055 0.3281
8693.6055 0.3374
8695.6104 0.3481
8697.6104 0.3527
8699.6162 0.3526
8701.6172 0.3525
8703.6191 0.3521
8705.6260 0.3523
8707.6289 0.3489
8709.6367 0.3408
8711.6406 0.3397
8713.6494 0.3493
8715.6543 0.3506
8717.6592 0.3401
8719.6699 0.3392
8721.6758 0.3471
8723.6865 0.3475
8725.6934 0.3382
8727.7061 0.3406
8729.7129 0.3474
8731.7217 0.3484
8733.7354 0.3456
8735.7441 0.3430
8737.7588 0.3431
8739.7686 0.3460
8741.7842 0.3441
8743.7949 0.3428
8745.8115 0.3414
8747.8232 0.3390
8749.8359 0.3358
8751.8535 0.3298
8753.8672 0.3188
8755.8857 0.2956
8757.9004 0.2838
8759.9199 0.2962
8761.9346 0.3196
8763.9502 0.3293
8765.9717 0.3356
8767.9883 0.3391
8770.0098 0.3400
8772.0273 0.3402
8774.0498 0.3413
8776.0684 0.3416
8778.0879 0.3405
8780.1113 0.3402
8782.1318 0.3404
8784.1562 0.3401
8786.1777 0.3391
8788.2031 0.3382
8790.2256 0.3387
8792.2471 0.3391
8794.2754 0.3392
8796.2979 0.3390
8798.3262 0.3387
8800.3506 0.3382
8802.3799 0.3381
8804.4053 0.3379
8806.4307 0.3370
8808.4609 0.3361
8810.4873 0.3357
8812.5195 0.3348
8814.5459 0.3341
8816.5791 0.3332
8818.6074 0.3323
8820.6357 0.3320
8822.6699 0.3329
8824.6992 0.3340
8826.7344 0.3299
8828.7646 0.3293
8830.8008 0.3305
8832.8330 0.3320
8834.8643 0.3328
8836.9014 0.3316
8838.9346 0.3303
8840.9727 0.3299
8843.0068 0.3292
8845.0459 0.3285
8847.0811 0.3282
8849.1162 0.3266
8851.1562 0.3261
8853.1924 0.3246
8855.2344 0.3226
8857.2715 0.3200
8859.3145 0.3161
8861.3516 0.3110
8863.3906 0.3054
8865.4346 0.2962
8867.4736 0.2819
8869.5186 0.2689
8871.5596 0.2686
8873.6045 0.2850
8875.6465 0.2949
8877.6885 0.3016
8879.7354 0.3063
8881.7783 0.3099
8883.8262 0.3131
8885.8701 0.3148
8887.9189 0.3160
8889.9639 0.3177
8892.0088 0.3191
8894.0596 0.3199
8896.1055 0.3204
8898.1562 0.3208
8900.2041 0.3211
8902.2559 0.3212
8904.3037 0.3214
8906.3574 0.3216
8908.4062 0.3218
8910.4561 0.3218
8912.5107 0.3216
8914.5605 0.3216
8916.6162 0.3210
8918.6680 0.3198
8920.7246 0.3192
8922.7764 0.3206
8924.8291 0.3204
8926.8867 0.3201
8928.9404 0.3199
8931.0000 0.3194
8933.0547 0.3179
8935.1143 0.3160
8937.1699 0.3178
8939.2256 0.3182
8941.2871 0.3178
8943.3438 0.3175
8945.4062 0.3171
8947.4639 0.3168
8949.5273 0.3165
8951.5859 0.3161
8953.6455 0.3157
8955.7100 0.3153
8957.7705 0.3149
8959.8359 0.3145
8961.8975 0.3141
8963.9639 0.3137
8966.0264 0.3133
8968.0889 0.3128
8970.1572 0.3124
8972.2207 0.3119
8974.2891 0.3114
8976.3535 0.3109
8978.4238 0.3104
8980.4893 0.3098
8982.5557 0.3092
8984.6270 0.3085
8986.6934 0.3078
8988.7656 0.3071
8990.8340 0.3062
8992.9072 0.3053
8994.9756 0.3041
8997.0449 0.3028
8999.1201 0.3013
9001.1904 0.2996
9003.2656 0.2974
9005.3369 0.2947
9007.4131 0.2914
9009.4854 0.2874
9011.5586 0.2824
9013.6357 0.2764
9015.7100 0.2691
9017.7891 0.2607
9019.8633 0.2511
9021.9434 0.2418
9024.0186 0.2449
9026.0947 0.2538
9028.1758 0.2625
9030.2529 0.2695
9032.3350 0.2755
9034.4131 0.2803
9036.4971 0.2841
9038.5752 0.2871
9040.6543 0.2895
9042.7393 0.2912
9044.8193 0.2925
9046.9053 0.2934
9048.9863 0.2941
9051.0732 0.2945
9053.1553 0.2947
9055.2383 0.2949
9057.3262 0.2950
9059.4102 0.2951
9061.4990 0.2952
9063.5840 0.2951
9065.6738 0.2948
9067.7588 0.2931
9069.8506 0.2914
9071.9365 0.2934
9074.0234 0.2941
9076.1162 0.2939
9078.2041 0.2935
9080.2979 0.2932
9082.3867 0.2927
9084.4805 0.2913
9086.5703 0.2913
9088.6611 0.2919
9090.7568 0.2920
9092.8486 0.2914
9094.9453 0.2903
9097.0371 0.2894
9099.1348 0.2904
9101.2285 0.2871
9103.3223 0.2864
9105.4209 0.2887
9107.5156 0.2893
9109.6162 0.2886
9111.7119 0.2884
9113.8125 0.2882
9115.9092 0.2877
9118.0068 0.2864
9120.1094 0.2852
9122.2070 0.2864
9124.3105 0.2863
9126.4102 0.2860
9128.5146 0.2854
9130.6143 0.2847
9132.7148 0.2846
9134.8213 0.2846
9136.9219 0.2842
9139.0293 0.2832
9141.1318 0.2829
9143.2393 0.2830
9145.3428 0.2828
9147.4473 0.2823
9149.5566 0.2820
9151.6611 0.2816
9153.7715 0.2812
9155.8770 0.2808
9157.9883 0.2804
9160.0957 0.2801
9162.2031 0.2795
9164.3154 0.2791
9166.4238 0.2788
9168.5371 0.2785
9170.6465 0.2781
9172.7617 0.2777
9174.8711 0.2773
9176.9824 0.2768
9179.0986 0.2763
9181.2100 0.2757
9183.3271 0.2746
9185.4395 0.2737
9187.5576 0.2738
9189.6719 0.2738
9191.7852 0.2733
9193.9053 0.2724
9196.0205 0.2716
9198.1406 0.2716
9200.2568 0.2710
9202.3789 0.2701
9204.4951 0.2691
9206.6133 0.2683
9208.7363 0.2672
9210.8545 0.2647
9212.9785 0.2636
9215.0977 0.2627
9217.2227 0.2608
9219.3428 0.2580
9221.4639 0.2548
9223.5908 0.2508
9225.7129 0.2439
9227.8398 0.2398
9229.9629 0.2345
9232.0908 0.2266
9234.2148 0.2176
9236.3447 0.2090
9238.4688 0.2128
9240.5947 0.2212
9242.7256 0.2291
9244.8516 0.2354
9246.9834 0.2408
9249.1104 0.2451
9251.2432 0.2456
9253.3721 0.2493
9255.5010 0.2530
9257.6348 0.2548
9259.7646 0.2557
9261.8994 0.2567
9264.0303 0.2576
9266.1670 0.2570
9268.2988 0.2535
9270.4307 0.2513
9272.5684 0.2530
9274.7012 0.2542
9276.8398 0.2577
9278.9746 0.2583
9281.1143 0.2580
9283.2490 0.2581
9285.3848 0.2578
9287.5264 0.2576
9289.6621 0.2574
9291.8047 0.2571
9293.9424 0.2569
9296.0850 0.2566
9298.2236 0.2562
9300.3633 0.2560
9302.5078 0.2556
9304.6475 0.2552
9306.7930 0.2550
9308.9346 0.2547
9311.0811 0.2542
9313.2227 0.2540
9315.3652 0.2538
9317.5137 0.2535
9319.6572 0.2532
9321.8057 0.2528
9323.9502 0.2525
9326.1006 0.2521
9328.2461 0.2518
9330.3916 0.2514
9332.5439 0.2509
9334.6904 0.2504
9336.8428 0.2502
9338.9912 0.2501
9341.1445 0.2497
9343.2939 0.2494
9345.4434 0.2490
9347.5977 0.2485
9349.7480 0.2481
9351.9043 0.2480
9354.0557 0.2476
9356.2129 0.2473
9358.3652 0.2470
9360.5186 0.2466
9362.6768 0.2463
9364.8301 0.2459
9366.9902 0.2455
9369.1445 0.2452
9371.3057 0.2448
9373.4609 0.2445
9375.6172 0.2441
9377.7793 0.2438
9379.9365 0.2434
9382.0996 0.2430
9384.2578 0.2427
9386.4219 0.2423
9388.5820 0.2420
9390.7461 0.2417
9392.9072 0.2409
9395.0674 0.2404
9397.2344 0.2402
9399.3965 0.2396
9401.5635 0.2388
9403.7266 0.2394
9405.8945 0.2391
9408.0586 0.2388
9410.2227 0.2382
9412.3926 0.2363
9414.5586 0.2347
9416.7295 0.2372
9418.8955 0.2358
9421.0674 0.2350
9423.2344 0.2354
9425.4023 0.2358
9427.5762 0.2354
9429.7451 0.2351
9431.9189 0.2349
9434.0889 0.2343
9436.2646 0.2337
9438.4355 0.2334
9440.6064 0.2334
9442.7832 0.2329
9444.9561 0.2326
9447.1338 0.2323
9449.3076 0.2319
9451.4863 0.2316
9453.6602 0.2312
9455.8350 0.2308
9458.0156 0.2305
9460.1914 0.2301
9462.3730 0.2297
9464.5498 0.2294
9466.7324 0.2290
9468.9102 0.2285
9471.0889 0.2282
9473.2725 0.2278
9475.4521 0.2275
9477.6367 0.2271
9479.8174 0.2267
9482.0029 0.2263
9484.1846 0.2259
9486.3662 0.2256
9488.5537 0.2250
9490.7363 0.2245
9492.9258 0.2242
9495.1094 0.2239
9497.2988 0.2235
9499.4834 0.2230
9501.6689 0.2225
9503.8604 0.2220
9506.0459 0.2215
9508.2383 0.2210
9510.4258 0.2205
9512.6191 0.2200
9514.8076 0.2193
9516.9961 0.2186
9519.1904 0.2180
9521.3809 0.2172
9523.5762 0.2163
9525.7666 0.2153
9527.9639 0.2142
9530.1553 0.2128
9532.3477 0.2112
9534.5459 0.2093
9536.7393 0.2070
9538.9385 0.2041
9541.1328 0.2006
9543.3330 0.1964
9545.5283 0.1912
9547.7246 0.1849
9549.9268 0.1778
9552.1230 0.1681
9554.3262 0.1644
9556.5234 0.1696
9558.7275 0.1783
9560.9268 0.1843
9563.1309 0.1897
9565.3311 0.1939
9567.5322 0.1972
9569.7383 0.1998
9571.9395 0.2018
9574.1465 0.2033
9576.3496 0.2044
9578.5576 0.2052
9580.7607 0.2058
9582.9648 0.2062
9585.1748 0.2065
9587.3799 0.2067
9589.5908 0.2067
9591.7969 0.2067
9594.0088 0.2067
9596.2158 0.2066
9598.4238 0.2064
9600.6367 0.2062
9602.8457 0.2060
9605.0596 0.2058
9607.2695 0.2055
9609.4854 0.2051
9611.6953 0.2046
9613.9062 0.2047
9616.1240 0.2045
9618.3359 0.2042
9620.5537 0.2039
9622.7666 0.2037
9624.9863 0.2033
9627.2002 0.2022
9629.4150 0.2018
9631.6357 0.2021
9633.8516 0.2022
9636.0723 0.2016
9638.2891 0.2001
9640.5117 0.1978
9642.7295 0.1998
9644.9482 0.2004
9647.1719 0.2001
9649.3916 0.1998
9651.6172 0.1994
9653.8369 0.1991
9656.0635 0.1987
9658.2842 0.1983
9660.5068 0.1981
9662.7344 0.1976
9664.9570 0.1966
9667.1855 0.1957
9669.4102 0.1964
9671.6396 0.1964
9673.8643 0.1960
9676.0898 0.1957
9678.3213 0.1953
9680.5479 0.1949
9682.7803 0.1946
9685.0078 0.1943
9687.2412 0.1939
9689.4697 0.1935
9691.6982 0.1933
9693.9336 0.1929
9696.1631 0.1926
9698.3994 0.1922
9700.6299 0.1918
9702.8672 0.1915
9705.0996 0.1911
9707.3320 0.1908
9709.5703 0.1905
9711.8047 0.1902
9714.0439 0.1898
9716.2783 0.1895
9718.5186 0.1891
9720.7549 0.1888
9722.9912 0.1884
9725.2334 0.1881
9727.4707 0.1877
9729.7139 0.1874
9731.9521 0.1870
9734.1963 0.1867
9736.4355 0.1863
9738.6807 0.1860
9740.9209 0.1857
9743.1621 0.1853
9745.4082 0.1849
9747.6504 0.1846
9749.8984 0.1842
9752.1416 0.1839
9754.3896 0.1836
9756.6338 0.1832
9758.8789 0.1829
9761.1289 0.1825
9763.3740 0.1822
9765.6260 0.1818
9767.8721 0.1815
9770.1250 0.1812
9772.3721 0.1808
9774.6201 0.1805
9776.8750 0.1801
9779.1240 0.1798
9781.3789 0.1794
9783.6289 0.1791
9785.8848 0.1787
9788.1367 0.1784
9790.3877 0.1780
9792.6455 0.1777
9794.8984 0.1773
9797.1572 0.1769
9799.4111 0.1764
9801.6709 0.1762
9803.9258 0.1759
9806.1807 0.1756
9808.4424 0.1752
9810.6982 0.1749
9812.9609 0.1746
9815.2188 0.1742
9817.4814 0.1738
9819.7402 0.1734
9821.9990 0.1731
9824.2646 0.1728
9826.5244 0.1725
9828.7900 0.1721
9831.0518 0.1717
9833.3184 0.1711
9835.5801 0.1708
9837.8428 0.1706
9840.1113 0.1702
9842.3750 0.1699
9844.6455 0.1696
9846.9102 0.1693
9849.1807 0.1688
9851.4463 0.1684
9853.7129 0.1683
9855.9844 0.1679
9858.2520 0.1676
9860.5254 0.1671
9862.7939 0.1667
9865.0684 0.1664
9867.3379 0.1661
9869.6074 0.1657
9871.8838 0.1654
9874.1543 0.1651
9876.4316 0.1647
9878.7031 0.1643
9880.9814 0.1640
9883.2549 0.1638
9885.5283 0.1634
9887.8076 0.1631
9890.0830 0.1626
9892.3633 0.1623
9894.6387 0.1620
9896.9209 0.1610
9899.1973 0.1601
9901.4746 0.1605
9903.7578 0.1607
9906.0361 0.1602
9908.3203 0.1599
9910.5996 0.1596
9912.8857 0.1593
9915.1660 0.1589
9917.4521 0.1584
9919.7334 0.1581
9922.0156 0.1579
9924.3037 0.1575
9926.5869 0.1572
9928.8760 0.1569
9931.1602 0.1565
9933.4502 0.1561
9935.7354 0.1557
9938.0205 0.1552
9940.3125 0.1548
9942.5996 0.1547
9944.8926 0.1545
9947.1797 0.1541
9949.4736 0.1537
9951.7627 0.1534
9954.0518 0.1529
9956.3477 0.1525
9958.6377 0.1522
9960.9346 0.1520
9963.2256 0.1516
9965.5234 0.1512
9967.8154 0.1509
9970.1094 0.1505
9972.4082 0.1502
9974.7021 0.1498
9977.0020 0.1495
9979.2979 0.1491
9981.5986 0.1487
9983.8945 0.1484
9986.1914 0.1480
9988.4941 0.1476
9990.7920 0.1472
9993.0967 0.1468
9995.3955 0.1464
9997.7002 0.1460
10000.0000 0.1457
10002.3057 0.1452
10004.6016 0.1445
10006.9082 0.1439
10009.2158 0.1438
10011.5244 0.1434
10013.8223 0.1429
10016.1309 0.1424
10018.4404 0.1418
10020.7402 0.1412
10023.0508 0.1405
10025.3623 0.1397
10027.6738 0.1389
10029.9756 0.1379
10032.2881 0.1368
10034.6016 0.1356
10036.9043 0.1340
10039.2188 0.1322
10041.5342 0.1300
10043.8496 0.1273
10046.1543 0.1240
10048.4707 0.1201
10050.7881 0.1153
10053.0947 0.1097
10055.4131 0.1021
10057.7324 0.0968
10060.0508 0.1000
10062.3604 0.1078
10064.6807 0.1125
10067.0010 0.1167
10069.3115 0.1202
10071.6338 0.1228
10073.9561 0.1249
10076.2793 0.1265
10078.5918 0.1277
10080.9160 0.1285
10083.2402 0.1291
10085.5547 0.1295
10087.8799 0.1299
10090.2061 0.1301
10092.5332 0.1302
10094.8496 0.1302
10097.1777 0.1301
10099.5059 0.1300
10101.8232 0.1299
10104.1533 0.1297
10106.4834 0.1296
10108.8135 0.1293
10111.1338 0.1291
10113.4648 0.1287
10115.7969 0.1282
10118.1191 0.1280
10120.4521 0.1274
10122.7861 0.1270
10125.1201 0.1271
10127.4434 0.1273
10129.7793 0.1267
10132.1152 0.1259
10134.4404 0.1260
10136.7773 0.1259
10139.1152 0.1256
10141.4531 0.1254
10143.7803 0.1251
10146.1191 0.1247
10148.4590 0.1244
10150.7881 0.1241
10153.1289 0.1238
10155.4707 0.1234
10157.8125 0.1231
10160.1436 0.1228
10162.4863 0.1224
10164.8301 0.1221
10167.1621 0.1218
10169.5068 0.1215
10171.8525 0.1211
10174.1973 0.1208
10176.5322 0.1205
10178.8789 0.1202
10181.2266 0.1198
10183.5742 0.1195
10185.9111 0.1192
10188.2607 0.1188
10190.6094 0.1185
10192.9482 0.1182
10195.2988 0.1178
10197.6504 0.1175
10200.0020 0.1172
10202.3428 0.1169
10204.6953 0.1165
10207.0479 0.1162
10209.3906 0.1159
10211.7451 0.1155
10214.0996 0.1152
10216.4551 0.1149
10218.7998 0.1145
10221.1562 0.1142
10223.5137 0.1139
10225.8594 0.1135
10228.2178 0.1132
10230.5762 0.1129
10232.9355 0.1125
10235.2842 0.1122
10237.6436 0.1119
10240.0049 0.1115
10242.3545 0.1112
10244.7168 0.1108
10247.0791 0.1105
10249.4424 0.1102
10251.7939 0.1098
10254.1582 0.1095
10256.5234 0.1092
10258.8770 0.1089
10261.2422 0.1085
10263.6084 0.1082
10265.9756 0.1078
10268.3311 0.1075
10270.6992 0.1072
10273.0674 0.1069
10275.4258 0.1065
10277.7949 0.1062
10280.1650 0.1059
10282.5352 0.1055
10284.8955 0.1052
10287.2666 0.1049
10289.6396 0.1045
10292.0010 0.1042
10294.3740 0.1039
10296.7480 0.1035
10299.1221 0.1032
10301.4863 0.1029
10303.8613 0.1025
10306.2373 0.1022
10308.6025 0.1019
10310.9795 0.1015
10313.3574 0.1012
10315.7363 0.1009
10318.1035 0.1005
10320.4824 0.1002
10322.8623 0.0999
10325.2314 0.0995
10327.6123 0.0992
10329.9941 0.0989
10332.3760 0.0985
10334.7471 0.0982
10337.1309 0.0979
10339.5146 0.0974
10341.8877 0.0970
10344.2725 0.0969
10346.6572 0.0966
10349.0430 0.0962
