3577.6682 0.2402
3578.4915 0.2408
3579.3167 0.2401
3580.1399 0.2401
3580.9636 0.2382
3581.7893 0.2285
3582.6133 0.2124
3583.4395 0.2023
3584.2639 0.2060
3585.0903 0.2202
3585.9150 0.2351
3586.7400 0.2434
3587.5671 0.2471
3588.3923 0.2488
3589.2200 0.2495
3590.0457 0.2496
3590.8735 0.2500
3591.6995 0.2519
3592.5259 0.2536
3593.3542 0.2549
3594.1809 0.2574
3595.0098 0.2618
3595.8367 0.2670
3596.6660 0.2700
3597.4934 0.2701
3598.3208 0.2682
3599.1506 0.2645
3599.9788 0.2583
3600.8088 0.2509
3601.6372 0.2470
3602.4678 0.2510
3603.2964 0.2577
3604.1252 0.2616
3604.9565 0.2609
3605.7859 0.2582
3606.6172 0.2585
3607.4470 0.2638
3608.2788 0.2705
3609.1089 0.2745
3609.9392 0.2740
3610.7717 0.2692
3611.6023 0.2626
3612.4351 0.2597
3613.2661 0.2647
3614.0994 0.2753
3614.9307 0.2854
3615.7625 0.2896
3616.5962 0.2875
3617.4282 0.2824
3618.2625 0.2770
3619.0947 0.2750
3619.9292 0.2790
3620.7620 0.2858
3621.5969 0.2876
3622.4302 0.2842
3623.2634 0.2840
3624.0989 0.2896
3624.9326 0.2978
3625.7686 0.3039
3626.6028 0.3045
3627.4390 0.2981
3628.2734 0.2846
3629.1082 0.2711
3629.9451 0.2677
3630.7800 0.2783
3631.6174 0.2947
3632.4529 0.3059
3633.2903 0.3122
3634.1262 0.3155
3634.9622 0.3171
3635.8005 0.3176
3636.6370 0.3172
3637.4756 0.3148
3638.3123 0.3101
3639.1514 0.3056
3639.9885 0.3045
3640.8259 0.3075
3641.6653 0.3123
3642.5032 0.3171
3643.3430 0.3213
3644.1812 0.3241
3645.0215 0.3250
3645.8601 0.3251
3646.6990 0.3262
3647.5398 0.3281
3648.3789 0.3301
3649.2202 0.3323
3650.0596 0.3351
3650.9014 0.3375
3651.7412 0.3382
3652.5813 0.3377
3653.4236 0.3369
3654.2642 0.3362
3655.1067 0.3370
3655.9475 0.3398
3656.7908 0.3430
3657.6318 0.3436
3658.4734 0.3419
3659.3169 0.3402
3660.1587 0.3402
3661.0029 0.3417
3661.8450 0.3426
3662.6895 0.3429
3663.5320 0.3454
3664.3748 0.3511
3665.2197 0.3578
3666.0630 0.3632
3666.9084 0.3666
3667.7520 0.3701
3668.5977 0.3737
3669.4417 0.3784
3670.2859 0.3826
3671.1321 0.3851
3671.9768 0.3873
3672.8235 0.3898
3673.6685 0.3845
3674.5156 0.3754
3675.3608 0.3703
3676.2063 0.3735
3677.0542 0.3875
3677.8999 0.4238
3678.7480 0.4591
3679.5945 0.4630
3680.4429 0.4422
3681.2896 0.4286
3682.1365 0.4396
3682.9856 0.4337
3683.8328 0.4120
3684.6824 0.4141
3685.5300 0.4699
3686.3799 0.5613
3687.2278 0.6153
3688.0781 0.5801
3688.9265 0.5121
3689.7751 0.4946
3690.6260 0.5602
3691.4751 0.6693
3692.3264 0.7293
3693.1758 0.6903
3694.0273 0.5864
3694.8772 0.5023
3695.7273 0.5115
3696.5793 0.6251
3697.4299 0.7691
3698.2825 0.8496
3699.1333 0.8330
3699.9863 0.7290
3700.8374 0.5867
3701.6887 0.4837
3702.5425 0.4930
3703.3943 0.6043
3704.2483 0.7573
3705.1003 0.8935
3705.9548 0.9677
3706.8074 0.9537
3707.6599 0.8511
3708.5149 0.6868
3709.3682 0.5351
3710.2234 0.4823
3711.0771 0.5583
3711.9329 0.7189
3712.7866 0.8751
3713.6409 0.9979
3714.4973 1.0833
3715.3518 1.1144
3716.2085 1.0786
3717.0635 0.9735
3717.9204 0.8119
3718.7759 0.6341
3719.6313 0.5225
3720.4890 0.5387
3721.3450 0.6731
3722.2031 0.8569
3723.0593 1.0051
3723.9180 1.0940
3724.7747 1.1431
3725.6316 1.1782
3726.4905 1.2057
3727.3479 1.2123
3728.2073 1.1769
3729.0649 1.0899
3729.9250 0.9417
3730.7830 0.7505
3731.6414 0.5753
3732.5017 0.4945
3733.3604 0.5539
3734.2214 0.6921
3735.0803 0.8520
3735.9417 1.0065
3736.8013 1.1362
3737.6609 1.2197
3738.5227 1.2458
3739.3828 1.2465
3740.2451 1.2562
3741.1055 1.2715
3741.9683 1.2692
3742.8291 1.2324
3743.6899 1.1628
3744.5532 1.0642
3745.4148 0.9203
3746.2786 0.7387
3747.1404 0.5684
3748.0044 0.4886
3748.8667 0.5640
3749.7290 0.7484
3750.5938 0.9372
3751.4565 1.0678
3752.3215 1.1338
3753.1848 1.1617
3754.0503 1.1780
3754.9138 1.1723
3755.7798 1.1386
3756.6438 1.0980
3757.5081 1.0778
3758.3745 1.0865
3759.2390 1.1083
3760.1060 1.1436
3760.9709 1.1828
3761.8381 1.2122
3762.7036 1.2265
3763.5693 1.2219
3764.4370 1.1840
3765.3032 1.0883
3766.1714 0.9199
3767.0378 0.7096
3767.9065 0.5380
3768.7732 0.4985
3769.6401 0.6304
3770.5095 0.8376
3771.3770 1.0251
3772.2466 1.1594
3773.1145 1.2459
3773.9844 1.3023
3774.8528 1.3409
3775.7209 1.3636
3776.5918 1.3737
3777.4604 1.3778
3778.3315 1.3791
3779.2009 1.3744
3780.0723 1.3575
3780.9419 1.3397
3781.8118 1.3425
3782.6838 1.3629
3783.5540 1.3834
3784.4265 1.3923
3785.2971 1.3957
3786.1699 1.3999
3787.0410 1.4018
3787.9121 1.3973
3788.7856 1.3843
3789.6572 1.3609
3790.5310 1.3233
3791.4031 1.2642
3792.2773 1.1706
3793.1499 1.0304
3794.0225 0.8443
3794.8972 0.6512
3795.7703 0.5421
3796.6455 0.6017
3797.5190 0.7786
3798.3948 0.9777
3799.2686 1.1361
3800.1426 1.2373
3801.0188 1.2997
3801.8933 1.3365
3802.7700 1.3561
3803.6448 1.3687
3804.5220 1.3837
3805.3972 1.4027
3806.2727 1.4181
3807.1504 1.4239
3808.0261 1.4255
3808.9043 1.4226
3809.7805 1.4080
3810.6589 1.3762
3811.5356 1.3382
3812.4126 1.3273
3813.2917 1.3477
3814.1689 1.3783
3815.0483 1.3954
3815.9260 1.3835
3816.8059 1.3450
3817.6841 1.3144
3818.5623 1.3176
3819.4429 1.3447
3820.3215 1.3711
3821.2024 1.3749
3822.0815 1.3504
3822.9629 1.3196
3823.8423 1.3018
3824.7241 1.2986
3825.6040 1.3053
3826.4841 1.3127
3827.3665 1.3066
3828.2468 1.2729
3829.1296 1.2031
3830.0105 1.0943
3830.8938 0.9458
3831.7751 0.7650
3832.6565 0.5955
3833.5403 0.5496
3834.4224 0.6507
3835.3064 0.8257
3836.1887 0.9996
3837.0735 1.1341
3837.9561 1.2311
3838.8391 1.2988
3839.7244 1.3452
3840.6077 1.3688
3841.4932 1.3698
3842.3770 1.3607
3843.2629 1.3642
3844.1472 1.3816
3845.0315 1.3865
3845.9182 1.3689
3846.8030 1.3423
3847.6899 1.3331
3848.5752 1.3541
3849.4626 1.3664
3850.3481 1.3364
3851.2339 1.2786
3852.1221 1.2175
3853.0083 1.1698
3853.8967 1.1544
3854.7832 1.2195
3855.6721 1.3146
3856.5591 1.3758
3857.4463 1.3864
3858.3359 1.3551
3859.2234 1.2865
3860.1135 1.2106
3861.0015 1.2017
3861.8918 1.2583
3862.7803 1.3270
3863.6687 1.3648
3864.5598 1.3823
3865.4487 1.4002
3866.3401 1.4163
3867.2297 1.4241
3868.1213 1.4176
3869.0112 1.3969
3869.9014 1.3749
3870.7937 1.3744
3871.6841 1.3940
3872.5769 1.4171
3873.4678 1.4303
3874.3611 1.4291
3875.2524 1.4174
3876.1438 1.4048
3877.0376 1.3989
3877.9297 1.3951
3878.8237 1.3853
3879.7161 1.3666
3880.6108 1.3426
3881.5037 1.3090
3882.3965 1.2551
3883.2917 1.1681
3884.1851 1.0356
3885.0808 0.8523
3885.9746 0.6496
3886.8706 0.5458
3887.7649 0.6121
3888.6592 0.7948
3889.5559 0.9956
3890.4507 1.1439
3891.3479 1.2358
3892.2429 1.2921
3893.1406 1.3271
3894.0361 1.3509
3894.9341 1.3651
3895.8301 1.3640
3896.7263 1.3416
3897.6250 1.3126
3898.5215 1.3088
3899.4207 1.3335
3900.3176 1.3634
3901.2170 1.3727
3902.1145 1.3572
3903.0122 1.3321
3903.9121 1.3262
3904.8103 1.3481
3905.7107 1.3811
3906.6094 1.4046
3907.5100 1.4155
3908.4089 1.4179
3909.3081 1.4018
3910.2097 1.3647
3911.1091 1.3266
3912.0110 1.3168
3912.9111 1.3459
3913.8132 1.3793
3914.7136 1.3982
3915.6143 1.4009
3916.5171 1.3947
3917.4182 1.3885
3918.3215 1.3878
3919.2229 1.3943
3920.1267 1.4039
3921.0286 1.4102
3921.9307 1.4107
3922.8350 1.4051
3923.7373 1.3951
3924.6421 1.3902
3925.5452 1.3947
3926.4502 1.3976
3927.3535 1.3867
3928.2571 1.3523
3929.1628 1.2761
3930.0667 1.1179
3930.9731 0.9652
3931.8774 0.9493
3932.7839 1.0754
3933.6887 1.2346
3934.5938 1.3116
3935.5010 1.3315
3936.4062 1.3372
3937.3142 1.3585
3938.2200 1.3920
3939.1279 1.4175
3940.0342 1.4236
3940.9407 1.4159
3941.8494 1.4028
3942.7561 1.3967
3943.6653 1.4023
3944.5725 1.4133
3945.4822 1.4182
3946.3899 1.4211
3947.2979 1.4240
3948.2080 1.4251
3949.1162 1.4245
3950.0269 1.4239
3950.9355 1.4242
3951.8467 1.4227
3952.7559 1.4200
3953.6650 1.4174
3954.5769 1.4155
3955.4866 1.4149
3956.3987 1.4134
3957.3088 1.4019
3958.2214 1.3818
3959.1321 1.3636
3960.0449 1.3506
3960.9561 1.3344
3961.8672 1.3010
3962.7808 1.2533
3963.6924 1.1676
3964.6064 1.0014
3965.5186 0.7580
3966.4329 0.5184
3967.3455 0.4176
3968.2581 0.4972
3969.1731 0.6953
3970.0862 0.9108
3971.0017 1.0745
3971.9153 1.1736
3972.8313 1.2454
3973.7451 1.3045
3974.6592 1.3435
3975.5759 1.3614
3976.4905 1.3662
3977.4075 1.3697
3978.3225 1.3784
3979.2397 1.3851
3980.1553 1.3907
3981.0708 1.3993
3981.9888 1.4097
3982.9050 1.4167
3983.8232 1.4171
3984.7397 1.4163
3985.6587 1.4175
3986.5757 1.4183
3987.4927 1.4170
3988.4121 1.4149
3989.3298 1.4148
3990.2498 1.4151
3991.1677 1.4122
3992.0879 1.4073
3993.0063 1.4042
3993.9250 1.4035
3994.8459 1.4014
3995.7649 1.3998
3996.6863 1.4006
3997.6057 1.3983
3998.5276 1.3869
3999.4475 1.3683
4000.3674 1.3566
4001.2900 1.3606
4002.2104 1.3711
4003.1333 1.3823
4004.0544 1.3950
4004.9775 1.4075
4005.8989 1.4092
4006.8206 1.3967
4007.7446 1.3853
4008.6665 1.3792
4009.5908 1.3753
4010.5132 1.3741
4011.4380 1.3797
4012.3608 1.3800
4013.2839 1.3795
4014.2095 1.3886
4015.1328 1.4052
4016.0588 1.4195
4016.9827 1.4262
4017.9089 1.4288
4018.8333 1.4243
4019.7578 1.4083
4020.6848 1.3793
4021.6096 1.3422
4022.5371 1.3104
4023.4624 1.3002
4024.3901 1.3165
4025.3162 1.3463
4026.2422 1.3727
4027.1704 1.3870
4028.0969 1.3925
4029.0259 1.3888
4029.9526 1.3812
4030.8821 1.3795
4031.8093 1.3872
4032.7390 1.3986
4033.6667 1.4045
4034.5947 1.4053
4035.5251 1.4051
4036.4534 1.4066
4037.3843 1.4087
4038.3130 1.4088
4039.2441 1.4062
4040.1736 1.4014
4041.1030 1.3940
4042.0347 1.3853
4042.9646 1.3788
4043.8970 1.3783
4044.8271 1.3833
4045.7600 1.3834
4046.6907 1.3835
4047.6216 1.3879
4048.5549 1.3920
4049.4863 1.3901
4050.4202 1.3846
4051.3521 1.3833
4052.2861 1.3898
4053.2185 1.3988
4054.1509 1.4030
4055.0857 1.4019
4056.0186 1.4037
4056.9539 1.4077
4057.8872 1.4092
4058.8230 1.4069
4059.7566 1.3997
4060.6907 1.3894
4061.6270 1.3836
4062.5613 1.3824
4063.4983 1.3708
4064.4331 1.3548
4065.3701 1.3526
4066.3054 1.3690
4067.2410 1.3797
4068.1787 1.3744
4069.1147 1.3676
4070.0530 1.3693
4070.9893 1.3761
4071.9280 1.3766
4072.8647 1.3648
4073.8018 1.3520
4074.7412 1.3482
4075.6787 1.3575
4076.6184 1.3746
4077.5562 1.3889
4078.4966 1.3929
4079.4348 1.3916
4080.3733 1.3896
4081.3142 1.3882
4082.2532 1.3863
4083.1943 1.3833
4084.1338 1.3804
4085.0757 1.3800
4086.0154 1.3816
4086.9553 1.3830
4087.8977 1.3822
4088.8381 1.3773
4089.7810 1.3679
4090.7219 1.3565
4091.6653 1.3444
4092.6064 1.3272
4093.5481 1.2984
4094.4919 1.2537
4095.4338 1.1914
4096.3784 1.0954
4097.3208 0.9440
4098.2656 0.7589
4099.2085 0.6273
4100.1514 0.6440
4101.0967 0.8129
4102.0400 0.9985
4102.9863 1.1385
4103.9302 1.2262
4104.8765 1.2769
4105.8208 1.3057
4106.7676 1.3182
4107.7124 1.3217
4108.6572 1.3260
4109.6045 1.3351
4110.5503 1.3476
4111.4980 1.3605
4112.4438 1.3727
4113.3921 1.3819
4114.3384 1.3864
4115.2852 1.3849
4116.2339 1.3766
4117.1807 1.3622
4118.1304 1.3454
4119.0776 1.3282
4120.0273 1.3175
4120.9751 1.3218
4121.9233 1.3367
4122.8740 1.3438
4123.8223 1.3189
4124.7734 1.2553
4125.7222 1.1976
4126.6733 1.1778
4127.6230 1.1804
4128.5723 1.1894
4129.5244 1.2329
4130.4746 1.3009
4131.4268 1.3493
4132.3774 1.3710
4133.3301 1.3753
4134.2812 1.3726
4135.2324 1.3688
4136.1855 1.3700
4137.1372 1.3755
4138.0913 1.3783
4139.0435 1.3720
4139.9976 1.3555
4140.9502 1.3360
4141.9028 1.3259
4142.8579 1.3277
4143.8110 1.3398
4144.7666 1.3580
4145.7202 1.3743
4146.6758 1.3795
4147.6299 1.3776
4148.5840 1.3756
4149.5405 1.3744
4150.4951 1.3742
4151.4526 1.3761
4152.4072 1.3799
4153.3647 1.3807
4154.3203 1.3804
4155.2764 1.3806
4156.2344 1.3798
4157.1904 1.3752
4158.1489 1.3670
4159.1055 1.3567
4160.0649 1.3444
4161.0220 1.3375
4161.9790 1.3432
4162.9390 1.3588
4163.8965 1.3691
4164.8564 1.3699
4165.8149 1.3665
4166.7754 1.3614
4167.7339 1.3506
4168.6929 1.3241
4169.6538 1.2759
4170.6133 1.2315
4171.5752 1.2339
4172.5347 1.2751
4173.4971 1.3080
4174.4570 1.2873
4175.4175 1.2215
4176.3799 1.1855
4177.3408 1.2187
4178.3042 1.2852
4179.2651 1.3368
4180.2290 1.3530
4181.1909 1.3540
4182.1548 1.3539
4183.1172 1.3538
4184.0796 1.3491
4185.0444 1.3421
4186.0068 1.3392
4186.9722 1.3433
4187.9355 1.3455
4188.9014 1.3468
4189.8647 1.3501
4190.8286 1.3552
4191.7949 1.3594
4192.7593 1.3602
4193.7261 1.3594
4194.6909 1.3565
4195.6582 1.3508
4196.6235 1.3445
4197.5889 1.3415
4198.5571 1.3425
4199.5229 1.3453
4200.4912 1.3482
4201.4575 1.3488
4202.4263 1.3477
4203.3931 1.3477
4204.3599 1.3511
4205.3296 1.3553
4206.2969 1.3591
4207.2671 1.3614
4208.2349 1.3618
4209.2051 1.3616
4210.1738 1.3626
4211.1421 1.3608
4212.1133 1.3544
4213.0820 1.3488
4214.0537 1.3484
4215.0229 1.3520
4215.9951 1.3541
4216.9648 1.3562
4217.9351 1.3585
4218.9077 1.3598
4219.8784 1.3595
4220.8516 1.3557
4221.8223 1.3470
4222.7959 1.3414
4223.7676 1.3423
4224.7393 1.3474
4225.7134 1.3535
4226.6855 1.3576
4227.6602 1.3516
4228.6328 1.3130
4229.6079 1.2342
4230.5806 1.1718
4231.5542 1.1842
4232.5298 1.2652
4233.5034 1.3256
4234.4800 1.3493
4235.4541 1.3552
4236.4307 1.3541
4237.4053 1.3467
4238.3799 1.3295
4239.3574 1.3055
4240.3325 1.3025
4241.3105 1.3182
4242.2861 1.3334
4243.2642 1.3368
4244.2407 1.3327
4245.2168 1.3355
4246.1958 1.3421
4247.1729 1.3426
4248.1519 1.3373
4249.1294 1.3306
4250.1094 1.3278
4251.0869 1.3323
4252.0649 1.3404
4253.0454 1.3433
4254.0239 1.3355
4255.0049 1.3201
4255.9834 1.3092
4256.9648 1.3135
4257.9443 1.3162
4258.9263 1.3128
4259.9058 1.3134
4260.8857 1.3230
4261.8687 1.3353
4262.8491 1.3389
4263.8320 1.3321
4264.8130 1.3227
4265.7964 1.3192
4266.7778 1.3218
4267.7593 1.3232
4268.7432 1.3155
4269.7256 1.2991
4270.7100 1.2872
4271.6924 1.2884
4272.6772 1.2986
4273.6606 1.3083
4274.6436 1.3133
4275.6294 1.3149
4276.6128 1.3199
4277.5991 1.3275
4278.5830 1.3327
4279.5698 1.3315
4280.5542 1.3251
4281.5391 1.3185
4282.5264 1.3189
4283.5117 1.3251
4284.4990 1.3304
4285.4849 1.3279
4286.4731 1.3177
4287.4590 1.3076
4288.4453 1.3090
4289.4346 1.3166
4290.4214 1.3155
4291.4106 1.2998
4292.3979 1.2836
4293.3877 1.2685
4294.3755 1.2670
4295.3633 1.2789
4296.3535 1.2831
4297.3423 1.2673
4298.3330 1.2537
4299.3218 1.2347
4300.3135 1.2159
4301.3027 1.2291
4302.2920 1.2718
4303.2842 1.3069
4304.2744 1.3067
4305.2666 1.3021
4306.2573 1.3102
4307.2500 1.3244
4308.2412 1.3301
4309.2319 1.3172
4310.2261 1.2900
4311.2173 1.2629
4312.2114 1.2579
4313.2036 1.2783
4314.1982 1.3062
4315.1904 1.3210
4316.1836 1.3222
4317.1787 1.3200
4318.1719 1.3202
4319.1675 1.3255
4320.1611 1.3311
4321.1572 1.3277
4322.1514 1.3110
4323.1460 1.2985
4324.1426 1.3030
4325.1377 1.3177
4326.1348 1.3275
4327.1299 1.3235
4328.1279 1.3118
4329.1235 1.3011
4330.1196 1.2917
4331.1182 1.2802
4332.1143 1.2601
4333.1133 1.2206
4334.1104 1.1483
4335.1099 1.0360
4336.1069 0.8816
4337.1069 0.7245
4338.1045 0.6553
4339.1025 0.7378
4340.1030 0.9095
4341.1016 1.0509
4342.1025 1.1473
4343.1016 1.2095
4344.1030 1.2483
4345.1025 1.2716
4346.1021 1.2814
4347.1040 1.2653
4348.1040 1.2167
4349.1069 1.1781
4350.1074 1.1927
4351.1104 1.2553
4352.1113 1.2987
4353.1128 1.3131
4354.1167 1.3118
4355.1182 1.3098
4356.1226 1.3136
4357.1245 1.3191
4358.1294 1.3158
4359.1318 1.3099
4360.1348 1.3116
4361.1401 1.3194
4362.1436 1.3269
4363.1494 1.3276
4364.1528 1.3188
4365.1592 1.3027
4366.1636 1.2916
4367.1680 1.2937
4368.1753 1.3063
4369.1802 1.3190
4370.1875 1.3231
4371.1929 1.3210
4372.2007 1.3191
4373.2065 1.3206
4374.2129 1.3233
4375.2212 1.3242
4376.2280 1.3234
4377.2368 1.3214
4378.2441 1.3165
4379.2534 1.3006
4380.2612 1.2611
4381.2686 1.2002
4382.2793 1.1547
4383.2871 1.1680
4384.2979 1.2104
4385.3066 1.2463
4386.3179 1.2620
4387.3267 1.2627
4388.3359 1.2636
4389.3481 1.2781
4390.3579 1.2831
4391.3701 1.2667
4392.3804 1.2486
4393.3936 1.2569
4394.4043 1.2863
4395.4150 1.2997
4396.4287 1.2970
4397.4399 1.2916
4398.4541 1.2919
4399.4658 1.2959
4400.4805 1.2944
4401.4927 1.2916
4402.5054 1.2933
4403.5205 1.2988
4404.5337 1.3029
4405.5493 1.3019
4406.5625 1.2983
4407.5786 1.2941
4408.5928 1.2913
4409.6069 1.2891
4410.6240 1.2844
4411.6387 1.2695
4412.6558 1.2341
4413.6709 1.1862
4414.6885 1.1706
4415.7041 1.1969
4416.7227 1.2374
4417.7388 1.2604
4418.7549 1.2671
4419.7739 1.2672
4420.7905 1.2628
4421.8101 1.2562
4422.8271 1.2488
4423.8472 1.2417
4424.8647 1.2358
4425.8828 1.2364
4426.9033 1.2414
4427.9219 1.2458
4428.9429 1.2475
4429.9619 1.2472
4430.9834 1.2452
4432.0024 1.2452
4433.0220 1.2485
4434.0444 1.2538
4435.0645 1.2608
4436.0874 1.2690
4437.1079 1.2752
4438.1309 1.2773
4439.1519 1.2721
4440.1733 1.2581
4441.1968 1.2485
4442.2188 1.2574
4443.2432 1.2767
4444.2651 1.2879
4445.2900 1.2922
4446.3125 1.2888
4447.3354 1.2783
4448.3613 1.2691
4449.3843 1.2750
4450.4106 1.2874
4451.4341 1.2906
4452.4609 1.2876
4453.4849 1.2894
4454.5098 1.3001
4455.5366 1.3085
4456.5615 1.3089
4457.5894 1.3013
4458.6147 1.2916
4459.6431 1.2876
4460.6689 1.2909
4461.6953 1.2923
4462.7241 1.2944
4463.7505 1.2905
4464.7798 1.2739
4465.8071 1.2554
4466.8369 1.2458
4467.8643 1.2332
4468.8921 1.2160
4469.9229 1.2227
4470.9512 1.2513
4471.9819 1.2823
4473.0107 1.3002
4474.0425 1.3066
4475.0718 1.3025
4476.1011 1.2659
4477.1333 1.1714
4478.1631 1.0666
4479.1958 1.0515
4480.2266 1.1670
4481.2593 1.2627
4482.2905 1.3033
4483.3213 1.3065
4484.3555 1.2891
4485.3872 1.2604
4486.4214 1.2339
4487.4536 1.2218
4488.4883 1.2229
4489.5210 1.2447
4490.5537 1.2788
4491.5889 1.3053
4492.6226 1.3168
4493.6582 1.3227
4494.6919 1.3218
4495.7285 1.3134
4496.7627 1.2961
4497.7998 1.2741
4498.8345 1.2654
4499.8696 1.2789
4500.9072 1.2972
4501.9424 1.3084
4502.9805 1.3023
4504.0166 1.2692
4505.0552 1.2166
4506.0913 1.2102
4507.1279 1.2518
4508.1675 1.2947
4509.2046 1.3122
4510.2446 1.3028
4511.2822 1.2684
4512.3223 1.2304
4513.3604 1.2336
4514.3984 1.2654
4515.4395 1.2806
4516.4785 1.2515
4517.5200 1.2076
4518.5591 1.1771
4519.6011 1.1623
4520.6406 1.1863
4521.6807 1.2413
4522.7236 1.2895
4523.7642 1.3061
4524.8071 1.3107
4525.8481 1.3091
4526.8916 1.3077
4527.9331 1.3085
4528.9746 1.3026
4530.0190 1.2755
4531.0610 1.2461
4532.1060 1.2508
4533.1489 1.2813
4534.1938 1.3085
4535.2373 1.3136
4536.2803 1.3046
4537.3267 1.2827
4538.3701 1.2618
4539.4170 1.2642
4540.4609 1.2871
4541.5083 1.3070
4542.5527 1.3108
4543.5981 1.3050
4544.6455 1.2670
4545.6909 1.1925
4546.7393 1.1373
4547.7852 1.1640
4548.8340 1.2425
4549.8804 1.2780
4550.9272 1.2649
4551.9766 1.2174
4553.0239 1.1772
4554.0737 1.1787
4555.1216 1.1968
4556.1719 1.2148
4557.2197 1.2518
4558.2686 1.2868
4559.3193 1.2966
4560.3682 1.2829
4561.4199 1.2744
4562.4692 1.2813
4563.5215 1.2936
4564.5713 1.3026
4565.6211 1.3050
4566.6743 1.2987
4567.7246 1.2821
4568.7778 1.2632
4569.8291 1.2618
4570.8828 1.2727
4571.9341 1.2721
4572.9888 1.2513
4574.0405 1.2439
4575.0928 1.2594
4576.1479 1.2692
4577.2007 1.2677
4578.2559 1.2507
4579.3091 1.2033
4580.3652 1.1265
4581.4189 1.1183
4582.4731 1.1793
4583.5298 1.2329
4584.5840 1.2378
4585.6411 1.2202
4586.6963 1.2342
4587.7539 1.2519
4588.8091 1.2588
4589.8647 1.2633
4590.9233 1.2697
4591.9795 1.2727
4593.0386 1.2696
4594.0952 1.2740
4595.1543 1.2820
4596.2114 1.2887
4597.2690 1.2917
4598.3291 1.2918
4599.3867 1.2929
4600.4473 1.2949
4601.5059 1.2938
4602.5669 1.2916
4603.6255 1.2917
4604.6846 1.2947
4605.7466 1.2977
4606.8062 1.2990
4607.8687 1.2977
4608.9287 1.2957
4609.9912 1.2941
4611.0518 1.2909
4612.1128 1.2819
4613.1763 1.2680
4614.2373 1.2514
4615.3013 1.2335
4616.3633 1.2219
4617.4277 1.2264
4618.4897 1.2470
4619.5522 1.2706
4620.6177 1.2854
4621.6807 1.2868
4622.7466 1.2802
4623.8096 1.2684
4624.8760 1.2391
4625.9399 1.1951
4627.0044 1.1850
4628.0713 1.2149
4629.1357 1.2482
4630.2031 1.2468
4631.2686 1.2229
4632.3364 1.2161
4633.4023 1.2348
4634.4678 1.2608
4635.5366 1.2786
4636.6030 1.2854
4637.6724 1.2875
4638.7393 1.2865
4639.8091 1.2850
4640.8765 1.2846
4641.9438 1.2858
4643.0142 1.2875
4644.0825 1.2867
4645.1533 1.2833
4646.2222 1.2814
4647.2935 1.2835
4648.3623 1.2867
4649.4316 1.2872
4650.5039 1.2854
4651.5737 1.2824
4652.6465 1.2745
4653.7168 1.2653
4654.7900 1.2633
4655.8608 1.2708
4656.9346 1.2750
4658.0059 1.2720
4659.0771 1.2607
4660.1519 1.2482
4661.2236 1.2431
4662.2983 1.2444
4663.3711 1.2379
4664.4463 1.2392
4665.5195 1.2487
4666.5928 1.2554
4667.6689 1.2578
4668.7427 1.2619
4669.8193 1.2675
4670.8936 1.2713
4671.9707 1.2741
4673.0454 1.2744
4674.1206 1.2718
4675.1982 1.2679
4676.2739 1.2645
4677.3521 1.2651
4678.4282 1.2696
4679.5073 1.2739
4680.5835 1.2762
4681.6602 1.2778
4682.7397 1.2794
4683.8174 1.2779
4684.8975 1.2751
4685.9751 1.2743
4687.0557 1.2751
4688.1338 1.2749
4689.2124 1.2734
4690.2935 1.2717
4691.3726 1.2713
4692.4546 1.2720
4693.5342 1.2722
4694.6162 1.2705
4695.6963 1.2694
4696.7764 1.2700
4697.8594 1.2717
4698.9404 1.2746
4700.0239 1.2770
4701.1050 1.2765
4702.1890 1.2732
4703.2710 1.2710
4704.3530 1.2695
4705.4375 1.2689
4706.5200 1.2696
4707.6055 1.2685
4708.6885 1.2588
4709.7744 1.2450
4710.8579 1.2405
4711.9414 1.2459
4713.0283 1.2541
4714.1123 1.2588
4715.1992 1.2626
4716.2842 1.2630
4717.3716 1.2615
4718.4570 1.2602
4719.5425 1.2594
4720.6309 1.2571
4721.7168 1.2515
4722.8057 1.2438
4723.8921 1.2384
4724.9814 1.2371
4726.0684 1.2357
4727.1553 1.2278
4728.2456 1.2160
4729.3335 1.2202
4730.4238 1.2347
4731.5122 1.2464
4732.6030 1.2498
4733.6919 1.2474
4734.7808 1.2424
4735.8726 1.2367
4736.9624 1.2363
4738.0547 1.2415
4739.1445 1.2478
4740.2373 1.2507
4741.3276 1.2513
4742.4214 1.2495
4743.5122 1.2484
4744.6035 1.2485
4745.6973 1.2483
4746.7891 1.2460
4747.8838 1.2436
4748.9761 1.2417
4750.0713 1.2389
4751.1641 1.2340
4752.2568 1.2286
4753.3525 1.2268
4754.4463 1.2307
4755.5425 1.2327
4756.6367 1.2313
4757.7334 1.2271
4758.8281 1.2208
4759.9229 1.2147
4761.0205 1.2135
4762.1157 1.2181
4763.2139 1.2246
4764.3096 1.2290
4765.4082 1.2308
4766.5044 1.2298
4767.6011 1.2241
4768.7002 1.2182
4769.7974 1.2163
4770.8975 1.2170
4771.9951 1.2178
4773.0952 1.2177
4774.1934 1.2174
4775.2915 1.2166
4776.3926 1.2135
4777.4917 1.2123
4778.5933 1.2165
4779.6924 1.2229
4780.7949 1.2239
4781.8945 1.2230
4782.9946 1.2230
4784.0977 1.2227
4785.1982 1.2211
4786.3018 1.2197
4787.4028 1.2214
4788.5068 1.2237
4789.6084 1.2263
4790.7100 1.2279
4791.8149 1.2267
4792.9170 1.2234
4794.0225 1.2226
4795.1255 1.2225
4796.2310 1.2234
4797.3345 1.2253
4798.4380 1.2260
4799.5444 1.2222
4800.6489 1.2144
4801.7559 1.2076
4802.8604 1.2090
4803.9678 1.2150
4805.0732 1.2188
4806.1782 1.2173
4807.2866 1.2129
4808.3926 1.2080
4809.5015 1.2070
4810.6079 1.2092
4811.7173 1.2100
4812.8242 1.2080
4813.9312 1.2101
4815.0415 1.2124
4816.1489 1.2106
4817.2598 1.2067
4818.3677 1.2024
4819.4790 1.1917
4820.5879 1.1665
4821.6968 1.1585
4822.8086 1.1775
4823.9180 1.2008
4825.0303 1.2126
4826.1401 1.2154
4827.2534 1.2170
4828.3638 1.2164
4829.4771 1.2156
4830.5884 1.2142
4831.6992 1.2097
4832.8135 1.2027
4833.9253 1.2021
4835.0400 1.2067
4836.1523 1.2083
4837.2676 1.2077
4838.3804 1.2080
4839.4937 1.2098
4840.6094 1.2119
4841.7231 1.2114
4842.8394 1.2065
4843.9536 1.1941
4845.0708 1.1801
4846.1851 1.1763
4847.3003 1.1857
4848.4180 1.1883
4849.5332 1.1848
4850.6514 1.1765
4851.7676 1.1609
4852.8862 1.1355
4854.0024 1.1013
4855.1191 1.0456
4856.2388 0.9440
4857.3560 0.8137
4858.4761 0.7377
4859.5938 0.7906
4860.7144 0.9145
4861.8325 1.0132
4862.9512 1.0836
4864.0723 1.1301
4865.1914 1.1564
4866.3135 1.1689
4867.4326 1.1738
4868.5552 1.1761
4869.6753 1.1771
4870.7954 1.1758
4871.9189 1.1678
4873.0396 1.1546
4874.1631 1.1527
4875.2847 1.1649
4876.4087 1.1745
4877.5308 1.1765
4878.6528 1.1742
4879.7778 1.1711
4880.9004 1.1673
4882.0259 1.1677
4883.1489 1.1733
4884.2749 1.1785
4885.3984 1.1815
4886.5225 1.1842
4887.6494 1.1836
4888.7734 1.1811
4889.9009 1.1786
4891.0259 1.1783
4892.1538 1.1812
4893.2793 1.1851
4894.4048 1.1858
4895.5337 1.1866
4896.6597 1.1884
4897.7891 1.1891
4898.9155 1.1894
4900.0454 1.1910
4901.1724 1.1909
4902.2998 1.1903
4903.4307 1.1914
4904.5586 1.1916
4905.6895 1.1905
4906.8179 1.1901
4907.9497 1.1898
4909.0786 1.1900
4910.2080 1.1916
4911.3403 1.1964
4912.4702 1.2013
4913.6030 1.2010
4914.7334 1.1976
4915.8667 1.1954
4916.9976 1.1829
4918.1313 1.1549
4919.2627 1.0991
4920.3945 1.0289
4921.5288 1.0251
4922.6611 1.1052
4923.7964 1.1735
4924.9292 1.2004
4926.0649 1.2038
4927.1978 1.2063
4928.3315 1.2083
4929.4678 1.2069
4930.6021 1.2045
4931.7388 1.2043
4932.8735 1.2055
4934.0107 1.2057
4935.1460 1.2058
4936.2812 1.2085
4937.4194 1.2106
4938.5557 1.2095
4939.6943 1.2070
4940.8306 1.2056
4941.9702 1.2042
4943.1069 1.2013
4944.2441 1.1959
4945.3843 1.1923
4946.5220 1.1914
4947.6626 1.1893
4948.8008 1.1846
4949.9419 1.1873
4951.0806 1.1941
4952.2197 1.1989
4953.3618 1.1983
4954.5010 1.1945
4955.6436 1.1962
4956.7837 1.1996
4957.9268 1.2010
4959.0674 1.1988
4960.2080 1.1946
4961.3521 1.1917
4962.4932 1.1922
4963.6377 1.1905
4964.7793 1.1888
4965.9243 1.1900
4967.0669 1.1930
4968.2095 1.1952
4969.3550 1.1974
4970.4980 1.2006
4971.6445 1.2008
4972.7881 1.1963
4973.9351 1.1901
4975.0791 1.1874
4976.2236 1.1883
4977.3711 1.1909
4978.5161 1.1918
4979.6641 1.1897
4980.8096 1.1872
4981.9585 1.1880
4983.1045 1.1921
4984.2510 1.1925
4985.4004 1.1885
4986.5469 1.1793
4987.6968 1.1687
4988.8442 1.1644
4989.9946 1.1684
4991.1426 1.1764
4992.2910 1.1858
4993.4419 1.1933
4994.5908 1.1956
4995.7427 1.1902
4996.8921 1.1767
4998.0439 1.1553
4999.1938 1.1430
5000.3438 1.1460
5001.4971 1.1573
5002.6475 1.1660
5003.8013 1.1708
5004.9521 1.1722
5006.1064 1.1737
5007.2583 1.1794
5008.4126 1.1869
5009.5649 1.1878
5010.7173 1.1752
5011.8730 1.1580
5013.0259 1.1294
5014.1816 1.0648
5015.3354 1.0060
5016.4917 1.0306
5017.6460 1.1192
5018.8003 1.1594
5019.9575 1.1712
5021.1123 1.1765
5022.2700 1.1776
5023.4258 1.1734
5024.5840 1.1728
5025.7397 1.1737
5026.8960 1.1665
5028.0552 1.1566
5029.2119 1.1530
5030.3716 1.1559
5031.5288 1.1527
5032.6890 1.1462
5033.8472 1.1509
5035.0049 1.1587
5036.1660 1.1469
5037.3247 1.1119
5038.4863 1.1027
5039.6455 1.1342
5040.8076 1.1594
5041.9668 1.1651
5043.1270 1.1604
5044.2900 1.1571
5045.4502 1.1612
5046.6138 1.1685
5047.7749 1.1719
5048.9390 1.1708
5050.1001 1.1628
5051.2622 1.1352
5052.4268 1.0790
5053.5894 1.0723
5054.7544 1.1152
5055.9175 1.1545
5057.0830 1.1647
5058.2466 1.1622
5059.4102 1.1650
5060.5771 1.1703
5061.7412 1.1696
5062.9082 1.1640
5064.0732 1.1605
5065.2407 1.1632
5066.4062 1.1647
5067.5718 1.1600
5068.7402 1.1565
5069.9062 1.1546
5071.0752 1.1522
5072.2417 1.1507
5073.4116 1.1570
5074.5786 1.1645
5075.7461 1.1687
5076.9165 1.1690
5078.0845 1.1665
5079.2554 1.1634
5080.4238 1.1632
5081.5957 1.1636
5082.7646 1.1618
5083.9336 1.1584
5085.1060 1.1555
5086.2759 1.1549
5087.4487 1.1569
5088.6191 1.1563
5089.7925 1.1513
5090.9634 1.1495
5092.1348 1.1519
5093.3091 1.1519
5094.4805 1.1474
5095.6553 1.1417
5096.8276 1.1261
5098.0029 1.1188
5099.1758 1.1309
5100.3516 1.1486
5101.5249 1.1482
5102.6987 1.1451
5103.8750 1.1458
5105.0493 1.1498
5106.2266 1.1534
5107.4014 1.1537
5108.5791 1.1514
5109.7544 1.1470
5110.9297 1.1456
5112.1084 1.1462
5113.2842 1.1464
5114.4634 1.1460
5115.6401 1.1459
5116.8198 1.1443
5117.9966 1.1441
5119.1743 1.1447
5120.3545 1.1453
5121.5327 1.1456
5122.7134 1.1437
5123.8921 1.1347
5125.0737 1.1273
5126.2524 1.1297
5127.4321 1.1382
5128.6143 1.1418
5129.7939 1.1408
5130.9771 1.1433
5132.1572 1.1463
5133.3408 1.1464
5134.5220 1.1439
5135.7031 1.1409
5136.8872 1.1386
5138.0688 1.1400
5139.2539 1.1380
5140.4360 1.1300
5141.6216 1.1214
5142.8042 1.1197
5143.9873 1.1235
5145.1738 1.1210
5146.3574 1.1163
5147.5439 1.1188
5148.7280 1.1246
5149.9155 1.1231
5151.1001 1.1210
5152.2852 1.1237
5153.4731 1.1245
5154.6587 1.1258
5155.8477 1.1283
5157.0337 1.1284
5158.2227 1.1276
5159.4097 1.1294
5160.5962 1.1303
5161.7861 1.1260
5162.9736 1.1075
5164.1646 1.0556
5165.3525 0.9666
5166.5435 0.9618
5167.7319 1.0338
5168.9209 1.0963
5170.1128 1.1184
5171.3022 1.1297
5172.4946 1.1328
5173.6846 1.1276
5174.8779 1.1254
5176.0684 1.1250
5177.2588 1.1242
5178.4526 1.1218
5179.6440 1.1126
5180.8384 1.1055
5182.0303 1.1071
5183.2251 1.1130
5184.4175 1.1175
5185.6104 1.1190
5186.8062 1.1202
5187.9995 1.1217
5189.1958 1.1210
5190.3896 1.1168
5191.5864 1.1079
5192.7808 1.0887
5193.9780 1.0556
5195.1729 1.0571
5196.3682 1.0859
5197.5664 1.1091
5198.7622 1.1149
5199.9609 1.1154
5201.1572 1.1176
5202.3564 1.1220
5203.5532 1.1245
5204.7505 1.1237
5205.9507 1.1232
5207.1484 1.1260
5208.3491 1.1249
5209.5474 1.1161
5210.7485 1.1042
5211.9473 1.0910
5213.1460 1.0833
5214.3481 1.0890
5215.5479 1.1029
5216.7505 1.1094
5217.9507 1.1103
5219.1538 1.1076
5220.3545 1.1039
5221.5557 1.0983
5222.7598 1.0817
5223.9609 1.0680
5225.1655 1.0784
5226.3677 1.1001
5227.5728 1.1111
5228.7754 1.0990
5229.9785 1.0660
5231.1846 1.0341
5232.3877 1.0362
5233.5942 1.0565
5234.7983 1.0754
5236.0054 1.0910
5237.2100 1.1034
5238.4150 1.1089
5239.6230 1.1086
5240.8281 1.0970
5242.0366 1.0789
5243.2427 1.0713
5244.4517 1.0811
5245.6582 1.0889
5246.8652 1.0936
5248.0747 1.0962
5249.2822 1.0963
5250.4927 1.0929
5251.7007 1.0882
5252.9116 1.0892
5254.1201 1.0914
5255.3286 1.0856
5256.5405 1.0735
5257.7500 1.0697
5258.9624 1.0822
5260.1724 1.0758
5261.3853 1.0682
5262.5957 1.0793
5263.8062 1.1003
5265.0200 1.1083
5266.2310 1.1061
5267.4458 1.1010
5268.6572 1.0925
5269.8721 1.0821
5271.0845 1.0566
5272.2974 1.0161
5273.5132 1.0201
5274.7261 1.0607
5275.9424 1.0868
5277.1562 1.0959
5278.3730 1.0979
5279.5874 1.0913
5280.8047 1.0775
5282.0195 1.0836
5283.2349 1.0969
5284.4531 1.1036
5285.6689 1.1033
5286.8877 1.1018
5288.1040 1.0953
5289.3232 1.0944
5290.5400 1.0982
5291.7573 1.1010
5292.9775 1.1016
5294.1953 1.1010
5295.4160 1.0957
5296.6343 1.0928
5297.8555 1.0951
5299.0742 1.0979
5300.2935 1.0979
5301.5156 1.0953
5302.7354 1.0899
5303.9580 1.0900
5305.1782 1.0926
5306.4014 1.0962
5307.6221 1.0981
5308.8433 1.0943
5310.0674 1.0831
5311.2891 1.0554
5312.5137 1.0048
5313.7358 0.9858
5314.9614 1.0241
5316.1841 1.0776
5317.4072 1.0866
5318.6333 1.0923
5319.8569 1.0947
5321.0835 1.0881
5322.3076 1.0819
5323.5347 1.0879
5324.7598 1.0903
5325.9844 1.0846
5327.2129 1.0826
5328.4380 1.0880
5329.6670 1.0916
5330.8931 1.0839
5332.1221 1.0772
5333.3491 1.0783
5334.5757 1.0787
5335.8062 1.0786
5337.0337 1.0828
5338.2642 1.0916
5339.4922 1.0946
5340.7236 1.0918
5341.9521 1.0871
5343.1812 1.0861
5344.4131 1.0894
5345.6426 1.0928
5346.8755 1.0940
5348.1055 1.0940
5349.3389 1.0930
5350.5693 1.0916
5351.8003 1.0903
5353.0342 1.0889
5354.2656 1.0872
5355.5005 1.0847
5356.7324 1.0808
5357.9678 1.0655
5359.2002 1.0438
5360.4331 1.0399
5361.6694 1.0652
5362.9028 1.0789
5364.1392 1.0831
5365.3735 1.0825
5366.6108 1.0801
5367.8452 1.0792
5369.0801 1.0819
5370.3184 1.0847
5371.5537 1.0859
5372.7925 1.0851
5374.0283 1.0843
5375.2676 1.0854
5376.5039 1.0853
5377.7441 1.0817
5378.9810 1.0792
5380.2183 1.0801
5381.4590 1.0795
5382.6973 1.0713
5383.9385 1.0632
5385.1768 1.0682
5386.4189 1.0759
5387.6577 1.0796
5388.8975 1.0786
5390.1401 1.0754
5391.3799 1.0737
5392.6230 1.0708
5393.8638 1.0689
5395.1074 1.0702
5396.3486 1.0699
5397.5903 1.0615
5398.8350 1.0544
5400.0767 1.0600
5401.3223 1.0641
5402.5645 1.0660
5403.8105 1.0690
5405.0537 1.0722
5406.2969 1.0723
5407.5439 1.0708
5408.7876 1.0680
5410.0352 1.0627
5411.2798 1.0605
5412.5273 1.0680
5413.7725 1.0754
5415.0181 1.0741
5416.2666 1.0702
5417.5127 1.0689
5418.7617 1.0692
5420.0083 1.0655
5421.2583 1.0562
5422.5054 1.0543
5423.7529 1.0561
5425.0034 1.0544
5426.2515 1.0524
5427.5029 1.0553
5428.7515 1.0517
5430.0034 1.0519
5431.2524 1.0591
5432.5020 1.0647
5433.7549 1.0654
5435.0049 1.0652
5436.2578 1.0646
5437.5088 1.0638
5438.7627 1.0618
5440.0137 1.0605
5441.2651 1.0614
5442.5200 1.0630
5443.7720 1.0609
5445.0273 1.0604
5446.2798 1.0611
5447.5356 1.0618
5448.7891 1.0590
5450.0425 1.0519
5451.2993 1.0510
5452.5532 1.0563
5453.8105 1.0596
5455.0654 1.0614
5456.3232 1.0640
5457.5786 1.0664
5458.8340 1.0656
5460.0928 1.0627
5461.3486 1.0551
5462.6084 1.0447
5463.8647 1.0420
5465.1250 1.0533
5466.3823 1.0614
5467.6396 1.0638
5468.9004 1.0637
5470.1587 1.0627
5471.4199 1.0629
5472.6787 1.0633
5473.9404 1.0542
5475.1997 1.0394
5476.4624 1.0371
5477.7222 1.0448
5478.9824 1.0525
5480.2461 1.0559
5481.5068 1.0573
5482.7705 1.0504
5484.0322 1.0426
5485.2964 1.0422
5486.5586 1.0484
5487.8208 1.0524
5489.0859 1.0496
5490.3491 1.0485
5491.6147 1.0528
5492.8784 1.0584
5494.1450 1.0606
5495.4087 1.0592
5496.6729 1.0585
5497.9404 1.0527
5499.2056 1.0450
5500.4736 1.0404
5501.7388 1.0352
5503.0073 1.0265
5504.2734 1.0302
5505.5396 1.0356
5506.8096 1.0390
5508.0762 1.0450
5509.3462 1.0528
5510.6138 1.0568
5511.8843 1.0596
5513.1523 1.0607
5514.4209 1.0603
5515.6924 1.0589
5516.9614 1.0567
5518.2334 1.0544
5519.5029 1.0522
5520.7759 1.0486
5522.0459 1.0450
5523.3159 1.0425
5524.5898 1.0410
5525.8608 1.0411
5527.1348 1.0436
5528.4062 1.0431
5529.6812 1.0329
5530.9536 1.0169
5532.2256 1.0115
5533.5015 1.0269
5534.7744 1.0376
5536.0508 1.0417
5537.3242 1.0430
5538.6011 1.0412
5539.8755 1.0352
5541.1499 1.0289
5542.4277 1.0324
5543.7026 1.0380
5544.9810 1.0398
5546.2568 1.0410
5547.5356 1.0442
5548.8115 1.0469
5550.0884 1.0458
5551.3682 1.0425
5552.6450 1.0412
5553.9258 1.0414
5555.2031 1.0407
5556.4844 1.0384
5557.7627 1.0373
5559.0410 1.0371
5560.3232 1.0361
5561.6021 1.0366
5562.8848 1.0388
5564.1646 1.0393
5565.4473 1.0372
5566.7280 1.0366
5568.0083 1.0371
5569.2925 1.0377
5570.5737 1.0371
5571.8579 1.0343
5573.1401 1.0303
5574.4253 1.0273
5575.7075 1.0282
5576.9932 1.0312
5578.2764 1.0330
5579.5596 1.0327
5580.8462 1.0333
5582.1299 1.0318
5583.4170 1.0272
5584.7017 1.0246
5585.9893 1.0265
5587.2744 1.0298
5588.5601 1.0301
5589.8486 1.0298
5591.1348 1.0294
5592.4238 1.0291
5593.7104 1.0289
5595.0005 1.0280
5596.2876 1.0264
5597.5747 1.0256
5598.8657 1.0261
5600.1538 1.0261
5601.4448 1.0237
5602.7334 1.0201
5604.0254 1.0203
5605.3149 1.0207
5606.6045 1.0203
5607.8970 1.0210
5609.1870 1.0230
5610.4805 1.0237
5611.7715 1.0216
5613.0654 1.0199
5614.3569 1.0214
5615.6484 1.0225
5616.9434 1.0213
5618.2354 1.0205
5619.5308 1.0222
5620.8237 1.0225
5622.1201 1.0221
5623.4131 1.0211
5624.7070 1.0206
5626.0039 1.0217
5627.2983 1.0208
5628.5957 1.0194
5629.8906 1.0187
5631.1890 1.0178
5632.4844 1.0162
5633.7803 1.0144
5635.0791 1.0108
5636.3755 1.0047
5637.6753 1.0056
5638.9722 1.0107
5640.2725 1.0114
5641.5703 1.0052
5642.8682 1.0042
5644.1694 1.0067
5645.4678 1.0080
5646.7695 1.0096
5648.0684 1.0119
5649.3711 1.0129
5650.6704 1.0132
5651.9707 1.0114
5653.2739 1.0088
5654.5742 1.0070
5655.8784 1.0062
5657.1797 1.0063
5658.4839 1.0089
5659.7856 1.0107
5661.0879 1.0101
5662.3931 1.0084
5663.6958 1.0068
5665.0020 1.0053
5666.3052 1.0047
5667.6118 1.0051
5668.9155 1.0052
5670.2197 1.0042
5671.5273 1.0031
5672.8320 1.0029
5674.1401 1.0030
5675.4453 1.0015
5676.7539 1.0000
5678.0601 0.9996
5679.3696 1.0004
5680.6758 1.0020
5681.9829 1.0031
5683.2930 1.0024
5684.6006 1.0004
5685.9111 0.9984
5687.2192 0.9979
5688.5308 0.9998
5689.8394 1.0012
5691.1484 1.0007
5692.4609 0.9988
5693.7705 0.9976
5695.0835 0.9971
5696.3936 0.9954
5697.7070 0.9925
5699.0176 0.9902
5700.3286 0.9867
5701.6431 0.9837
5702.9551 0.9840
5704.2700 0.9886
5705.5825 0.9926
5706.8979 0.9928
5708.2109 0.9922
5709.5239 0.9926
5710.8408 0.9936
5712.1543 0.9939
5713.4717 0.9932
5714.7861 0.9911
5716.1040 0.9894
5717.4189 0.9890
5718.7339 0.9898
5720.0527 0.9910
5721.3687 0.9898
5722.6880 0.9870
5724.0044 0.9868
5725.3242 0.9878
5726.6416 0.9876
5727.9590 0.9868
5729.2798 0.9868
5730.5977 0.9851
5731.9194 0.9847
5733.2378 0.9853
5734.5601 0.9857
5735.8794 0.9852
5737.1987 0.9837
5738.5215 0.9834
5739.8418 0.9831
5741.1655 0.9816
5742.4863 0.9794
5743.8105 0.9782
5745.1318 0.9797
5746.4536 0.9815
5747.7783 0.9821
5749.1006 0.9826
5750.4268 0.9831
5751.7495 0.9824
5753.0757 0.9826
5754.3994 0.9839
5755.7231 0.9845
5757.0503 0.9836
5758.3745 0.9818
5759.7026 0.9801
5761.0273 0.9787
5762.3560 0.9777
5763.6816 0.9779
5765.0078 0.9778
5766.3369 0.9764
5767.6636 0.9743
5768.9937 0.9722
5770.3208 0.9719
5771.6514 0.9707
5772.9790 0.9674
5774.3071 0.9577
5775.6387 0.9362
5776.9673 0.9133
5778.2993 0.9206
5779.6289 0.9396
5780.9614 0.9542
5782.2915 0.9616
5783.6250 0.9660
5784.9556 0.9676
5786.2861 0.9700
5787.6206 0.9711
5788.9521 0.9700
5790.2871 0.9666
5791.6191 0.9601
5792.9546 0.9513
5794.2871 0.9541
5795.6201 0.9638
5796.9565 0.9701
5798.2900 0.9704
5799.6274 0.9698
5800.9614 0.9693
5802.2993 0.9670
5803.6338 0.9658
5804.9692 0.9665
5806.3076 0.9678
5807.6436 0.9670
5808.9824 0.9634
5810.3188 0.9642
5811.6587 0.9683
5812.9956 0.9712
5814.3330 0.9711
5815.6738 0.9709
5817.0117 0.9716
5818.3530 0.9716
5819.6914 0.9719
5821.0337 0.9723
5822.3726 0.9714
5823.7119 0.9687
5825.0552 0.9687
5826.3950 0.9697
5827.7388 0.9700
5829.0791 0.9707
5830.4233 0.9708
5831.7646 0.9690
5833.1064 0.9700
5834.4517 0.9718
5835.7935 0.9706
5837.1396 0.9671
5838.4824 0.9634
5839.8286 0.9609
5841.1719 0.9594
5842.5156 0.9601
5843.8633 0.9615
5845.2075 0.9604
5846.5552 0.9584
5847.9004 0.9600
5849.2490 0.9613
5850.5942 0.9613
5851.9404 0.9612
5853.2896 0.9620
5854.6362 0.9629
5855.9863 0.9625
5857.3335 0.9615
5858.6841 0.9613
5860.0322 0.9611
5861.3799 0.9608
5862.7319 0.9594
5864.0806 0.9564
5865.4326 0.9556
5866.7822 0.9557
5868.1348 0.9556
5869.4849 0.9515
5870.8350 0.9351
5872.1890 0.9120
5873.5400 0.9265
5874.8940 0.9485
5876.2456 0.9570
5877.6006 0.9557
5878.9531 0.9535
5880.3052 0.9523
5881.6611 0.9497
5883.0146 0.9448
5884.3711 0.9062
5885.7246 0.8324
5887.0820 0.8023
5888.4365 0.8834
5889.7939 0.9213
5891.1489 0.8718
5892.5044 0.8288
5893.8633 0.8610
5895.2192 0.9279
5896.5786 0.9396
5897.9351 0.9382
5899.2949 0.9381
5900.6523 0.9434
5902.0098 0.9479
5903.3706 0.9478
5904.7285 0.9463
5906.0903 0.9456
5907.4487 0.9445
5908.8110 0.9428
5910.1704 0.9410
5911.5303 0.9403
5912.8931 0.9407
5914.2534 0.9395
5915.6172 0.9376
5916.9780 0.9388
5918.3428 0.9392
5919.7041 0.9366
5921.0659 0.9352
5922.4312 0.9385
5923.7939 0.9395
5925.1597 0.9390
5926.5229 0.9385
5927.8896 0.9384
5929.2534 0.9385
5930.6172 0.9404
5931.9849 0.9406
5933.3496 0.9387
5934.7178 0.9374
5936.0830 0.9343
5937.4517 0.9253
5938.8179 0.9214
5940.1841 0.9258
5941.5537 0.9272
5942.9204 0.9260
5944.2910 0.9262
5945.6587 0.9276
5947.0298 0.9271
5948.3975 0.9245
5949.7661 0.9240
5951.1382 0.9219
5952.5073 0.9114
5953.8799 0.8960
5955.2495 0.9005
5956.6226 0.9104
5957.9932 0.9136
5959.3638 0.9161
5960.7378 0.9199
5962.1094 0.9178
5963.4839 0.9153
5964.8560 0.9166
5966.2314 0.9183
5967.6040 0.9193
5968.9766 0.9196
5970.3530 0.9185
5971.7266 0.9148
5973.1035 0.9069
5974.4780 0.8907
5975.8555 0.8858
5977.2305 0.8999
5978.6055 0.9140
5979.9839 0.9162
5981.3599 0.9156
5982.7388 0.9145
5984.1152 0.9149
5985.4951 0.9155
5986.8721 0.9122
5988.2495 0.9097
5989.6304 0.9103
5991.0083 0.9071
5992.3896 0.9052
5993.7681 0.9090
5995.1504 0.9130
5996.5298 0.9123
5997.9126 0.9119
5999.2920 0.9119
6000.6724 0.9115
6002.0562 0.9113
6003.4370 0.9104
6004.8213 0.9026
6006.2026 0.8906
6007.5874 0.8896
6008.9697 0.8979
6010.3521 0.9059
6011.7378 0.9086
6013.1211 0.9096
6014.5078 0.9094
6015.8911 0.9090
6017.2783 0.9093
6018.6626 0.9093
6020.0474 0.9074
6021.4355 0.9073
6022.8208 0.9072
6024.2095 0.9074
6025.5957 0.9080
6026.9849 0.9084
6028.3716 0.9077
6029.7583 0.9058
6031.1489 0.9033
6032.5361 0.9010
6033.9272 0.8995
6035.3154 0.8995
6036.7070 0.9008
6038.0957 0.9017
6039.4849 0.9013
6040.8774 0.8992
6042.2671 0.8980
6043.6606 0.8998
6045.0508 0.9033
6046.4448 0.9026
6047.8359 0.9025
6049.2271 0.9024
6050.6221 0.9028
6052.0142 0.9042
6053.4097 0.9048
6054.8022 0.9046
6056.1982 0.9024
6057.5918 0.9003
6058.9854 0.9010
6060.3823 0.9027
6061.7764 0.9010
6063.1743 0.9001
6064.5693 0.9003
6065.9678 0.8999
6067.3633 0.8996
6068.7588 0.9005
6070.1582 0.9016
6071.5547 0.9014
6072.9551 0.9024
6074.3521 0.9034
6075.7529 0.9033
6077.1504 0.9021
6078.5483 0.9005
6079.9502 0.8981
6081.3491 0.8980
6082.7515 0.8987
6084.1504 0.8990
6085.5537 0.8992
6086.9536 0.8997
6088.3540 0.9002
6089.7578 0.8998
6091.1587 0.8994
6092.5635 0.8992
6093.9648 0.8993
6095.3701 0.8998
6096.7725 0.8997
6098.1782 0.8979
6099.5811 0.8962
6100.9844 0.8973
6102.3911 0.8998
6103.7949 0.8986
6105.2026 0.8958
6106.6069 0.8944
6108.0151 0.8944
6109.4204 0.8950
6110.8257 0.8957
6112.2349 0.8964
6113.6411 0.8952
6115.0508 0.8962
6116.4575 0.8981
6117.8682 0.8987
6119.2754 0.8975
6120.6831 0.8960
6122.0947 0.8964
6123.5029 0.8967
6124.9150 0.8962
6126.3242 0.8956
6127.7368 0.8959
6129.1465 0.8968
6130.5566 0.8967
6131.9702 0.8968
6133.3809 0.8964
6134.7954 0.8956
6136.2065 0.8944
6137.6216 0.8921
6139.0337 0.8902
6140.4458 0.8909
6141.8618 0.8888
6143.2749 0.8778
6144.6914 0.8654
6146.1050 0.8683
6147.5220 0.8825
6148.9365 0.8900
6150.3511 0.8892
6151.7690 0.8790
6153.1846 0.8658
6154.6035 0.8642
6156.0190 0.8759
6157.4390 0.8833
6158.8555 0.8830
6160.2720 0.8794
6161.6929 0.8774
6163.1104 0.8779
6164.5312 0.8785
6165.9497 0.8780
6167.3711 0.8767
6168.7900 0.8745
6170.2095 0.8710
6171.6323 0.8671
6173.0518 0.8683
6174.4756 0.8687
6175.8960 0.8683
6177.3198 0.8695
6178.7412 0.8724
6180.1626 0.8738
6181.5874 0.8746
6183.0098 0.8744
6184.4355 0.8760
6185.8579 0.8786
6187.2847 0.8799
6188.7080 0.8792
6190.1318 0.8781
6191.5591 0.8758
6192.9834 0.8754
6194.4116 0.8759
6195.8364 0.8752
6197.2651 0.8712
6198.6909 0.8626
6200.1172 0.8602
6201.5469 0.8649
6202.9731 0.8718
6204.4038 0.8760
6205.8311 0.8766
6207.2622 0.8763
6208.6899 0.8763
6210.1216 0.8772
6211.5503 0.8789
6212.9795 0.8806
6214.4121 0.8815
6215.8418 0.8815
6217.2749 0.8797
6218.7056 0.8771
6220.1392 0.8759
6221.5703 0.8764
6223.0015 0.8768
6224.4365 0.8766
6225.8687 0.8765
6227.3042 0.8762
6228.7368 0.8751
6230.1729 0.8742
6231.6064 0.8734
6233.0400 0.8666
6234.4771 0.8541
6235.9116 0.8537
6237.3496 0.8635
6238.7842 0.8703
6240.2231 0.8673
6241.6587 0.8637
6243.0942 0.8471
6244.5342 0.8438
6245.9707 0.8575
6247.4111 0.8716
6248.8481 0.8734
6250.2891 0.8755
6251.7271 0.8750
6253.1650 0.8738
6254.6069 0.8732
6256.0459 0.8731
6257.4888 0.8724
6258.9282 0.8707
6260.3716 0.8694
6261.8115 0.8671
6263.2520 0.8636
6264.6963 0.8579
6266.1377 0.8511
6267.5825 0.8538
6269.0244 0.8587
6270.4702 0.8598
6271.9126 0.8482
6273.3555 0.8245
6274.8022 0.8058
6276.2456 0.8070
6277.6929 0.8016
6279.1372 0.7855
6280.5850 0.7787
6282.0298 0.7952
6283.4751 0.8235
6284.9238 0.8373
6286.3696 0.8418
6287.8193 0.8434
6289.2661 0.8476
6290.7163 0.8529
6292.1636 0.8537
6293.6108 0.8533
6295.0620 0.8520
6296.5103 0.8533
6297.9624 0.8532
6299.4111 0.8496
6300.8638 0.8460
6302.3135 0.8416
6303.7632 0.8459
6305.2168 0.8490
6306.6675 0.8497
6308.1216 0.8509
6309.5728 0.8514
6311.0278 0.8494
6312.4795 0.8454
6313.9316 0.8402
6315.3877 0.8418
6316.8403 0.8500
6318.2974 0.8542
6319.7510 0.8545
6321.2080 0.8547
6322.6621 0.8568
6324.1201 0.8579
6325.5752 0.8555
6327.0303 0.8510
6328.4893 0.8486
6329.9453 0.8499
6331.4048 0.8516
6332.8613 0.8529
6334.3218 0.8536
6335.7788 0.8528
6337.2363 0.8518
6338.6978 0.8495
6340.1558 0.8445
6341.6182 0.8002
6343.0767 0.7396
6344.5396 0.7536
6345.9990 0.8221
6347.4590 0.8444
6348.9229 0.8459
6350.3833 0.8465
6351.8477 0.8470
6353.3091 0.8475
6354.7739 0.8480
6356.2358 0.8468
6357.6982 0.8444
6359.1641 0.8439
6360.6270 0.8454
6362.0938 0.8450
6363.5576 0.8421
6365.0249 0.8270
6366.4893 0.7760
6367.9536 0.7506
6369.4224 0.7887
6370.8877 0.8354
6372.3564 0.8375
6373.8228 0.8381
6375.2925 0.8387
6376.7588 0.8401
6378.2261 0.8423
6379.6968 0.8405
6381.1646 0.8401
6382.6357 0.8399
6384.1040 0.8408
6385.5762 0.8421
6387.0454 0.8429
6388.5146 0.8424
6389.9878 0.8411
6391.4580 0.8407
6392.9316 0.8406
6394.4023 0.8407
6395.8770 0.8398
6397.3481 0.8357
6398.8198 0.8341
6400.2954 0.8370
6401.7681 0.8382
6403.2441 0.8377
6404.7173 0.8376
6406.1943 0.8377
6407.6680 0.8364
6409.1421 0.8358
6410.6196 0.8327
6412.0947 0.8255
6413.5732 0.8211
6415.0488 0.8278
6416.5278 0.8328
6418.0039 0.8339
6419.4805 0.8346
6420.9609 0.8341
6422.4380 0.8327
6423.9189 0.8332
6425.3970 0.8339
6426.8784 0.8316
6428.3569 0.8269
6429.8359 0.8252
6431.3184 0.8283
6432.7979 0.8308
6434.2812 0.8291
6435.7617 0.8261
6437.2456 0.8245
6438.7266 0.8246
6440.2114 0.8235
6441.6929 0.8192
6443.1748 0.8184
6444.6606 0.8204
6446.1431 0.8211
6447.6294 0.8204
6449.1128 0.8159
6450.6001 0.8006
6452.0840 0.7773
6453.5684 0.7843
6455.0566 0.8040
6456.5415 0.8157
6458.0303 0.8163
6459.5161 0.8154
6461.0054 0.8157
6462.4917 0.8160
6463.9785 0.8150
6465.4692 0.8143
6466.9565 0.8152
6468.4478 0.8155
6469.9360 0.8113
6471.4277 0.8085
6472.9165 0.8121
6474.4058 0.8147
6475.8984 0.8101
6477.3882 0.8015
6478.8818 0.7921
6480.3726 0.7949
6481.8667 0.8027
6483.3579 0.8073
6484.8496 0.8073
6486.3447 0.8055
6487.8369 0.8010
6489.3330 0.7993
6490.8262 0.7994
6492.3228 0.8006
6493.8164 0.8036
6495.3101 0.8077
6496.8081 0.8093
6498.3027 0.8102
6499.8013 0.8093
6501.2964 0.8068
6502.7954 0.8046
6504.2915 0.8047
6505.7876 0.8044
6507.2881 0.8036
6508.7852 0.8026
6510.2861 0.7967
6511.7837 0.7874
6513.2852 0.7854
6514.7837 0.7945
6516.2822 0.7998
6517.7852 0.8012
6519.2842 0.7995
6520.7876 0.7973
6522.2876 0.7985
6523.7920 0.7984
6525.2925 0.7972
6526.7939 0.7950
6528.2988 0.7931
6529.8008 0.7923
6531.3062 0.7922
6532.8091 0.7933
6534.3154 0.7954
6535.8184 0.7963
6537.3223 0.7942
6538.8296 0.7899
6540.3340 0.7861
6541.8423 0.7841
6543.3472 0.7880
6544.8560 0.7937
6546.3613 0.7963
6547.8677 0.7935
6549.3774 0.7878
6550.8843 0.7859
6552.3945 0.7833
6553.9019 0.7776
6555.4136 0.7650
6556.9214 0.7334
6558.4336 0.6908
6559.9424 0.7176
6561.4512 0.7558
6562.9644 0.7733
6564.4741 0.7778
6565.9878 0.7817
6567.4985 0.7839
6569.0127 0.7871
6570.5239 0.7886
6572.0356 0.7897
6573.5513 0.7890
6575.0635 0.7878
6576.5796 0.7896
6578.0923 0.7880
6579.6094 0.7881
6581.1230 0.7885
6582.6372 0.7883
6584.1548 0.7878
6585.6694 0.7872
6587.1885 0.7865
6588.7036 0.7867
6590.2231 0.7875
6591.7393 0.7874
6593.2554 0.7862
6594.7759 0.7860
6596.2930 0.7877
6597.8140 0.7886
6599.3320 0.7879
6600.8535 0.7861
6602.3721 0.7844
6603.8911 0.7843
6605.4141 0.7830
6606.9336 0.7813
6608.4570 0.7737
6609.9771 0.7690
6611.5015 0.7746
6613.0225 0.7826
6614.5439 0.7831
6616.0693 0.7818
6617.5913 0.7804
6619.1172 0.7798
6620.6396 0.7796
6622.1665 0.7780
6623.6899 0.7760
6625.2139 0.7783
6626.7417 0.7810
6628.2661 0.7812
6629.7944 0.7800
6631.3198 0.7806
6632.8486 0.7802
6634.3745 0.7796
6635.9009 0.7803
6637.4312 0.7795
6638.9580 0.7757
6640.4888 0.7722
6642.0166 0.7722
6643.5483 0.7738
6645.0767 0.7755
6646.6055 0.7762
6648.1382 0.7759
6649.6675 0.7754
6651.2007 0.7752
6652.7310 0.7748
6654.2651 0.7727
6655.7959 0.7697
6657.3271 0.7693
6658.8623 0.7727
6660.3940 0.7727
6661.9297 0.7737
6663.4624 0.7749
6664.9990 0.7745
6666.5322 0.7723
6668.0659 0.7700
6669.6035 0.7718
6671.1377 0.7718
6672.6763 0.7620
6674.2114 0.7527
6675.7505 0.7563
6677.2861 0.7693
6678.8257 0.7718
6680.3623 0.7709
6681.8989 0.7721
6683.4399 0.7745
6684.9775 0.7749
6686.5190 0.7728
6688.0571 0.7726
6689.5996 0.7715
6691.1382 0.7707
6692.6777 0.7684
6694.2212 0.7646
6695.7607 0.7644
6697.3052 0.7688
6698.8457 0.7701
6700.3906 0.7698
6701.9316 0.7693
6703.4736 0.7688
6705.0195 0.7689
6706.5620 0.7688
6708.1084 0.7679
6709.6519 0.7653
6711.1987 0.7628
6712.7427 0.7622
6714.2871 0.7631
6715.8354 0.7642
6717.3804 0.7602
6718.9292 0.7537
6720.4751 0.7552
6722.0249 0.7638
6723.5713 0.7645
6725.1177 0.7641
6726.6685 0.7637
6728.2163 0.7628
6729.7676 0.7611
6731.3159 0.7589
6732.8682 0.7580
6734.4170 0.7591
6735.9663 0.7589
6737.5195 0.7582
6739.0693 0.7576
6740.6235 0.7573
6742.1743 0.7570
6743.7290 0.7568
6745.2803 0.7566
6746.8320 0.7567
6748.3877 0.7567
6749.9404 0.7561
6751.4966 0.7554
6753.0498 0.7546
6754.6069 0.7541
6756.1611 0.7541
6757.7153 0.7539
6759.2734 0.7534
6760.8286 0.7528
6762.3877 0.7521
6763.9434 0.7515
6765.5029 0.7512
6767.0596 0.7510
6768.6162 0.7506
6770.1772 0.7496
6771.7344 0.7492
6773.2959 0.7492
6774.8540 0.7488
6776.4165 0.7482
6777.9756 0.7477
6779.5347 0.7474
6781.0981 0.7470
6782.6582 0.7464
6784.2222 0.7459
6785.7827 0.7455
6787.3477 0.7452
6788.9092 0.7448
6790.4707 0.7445
6792.0366 0.7442
6793.5991 0.7438
6795.1655 0.7434
6796.7290 0.7431
6798.2964 0.7428
6799.8604 0.7424
6801.4282 0.7419
6802.9927 0.7415
6804.5581 0.7410
6806.1270 0.7407
6807.6929 0.7402
6809.2627 0.7396
6810.8291 0.7390
6812.3994 0.7387
6813.9668 0.7383
6815.5342 0.7378
6817.1060 0.7375
6818.6743 0.7371
6820.2466 0.7368
6821.8154 0.7365
6823.3887 0.7359
6824.9585 0.7354
6826.5283 0.7353
6828.1025 0.7352
6829.6733 0.7349
6831.2485 0.7345
6832.8198 0.7341
6834.3955 0.7339
6835.9678 0.7339
6837.5405 0.7337
6839.1172 0.7333
6840.6904 0.7328
6842.2681 0.7325
6843.8418 0.7325
6845.4199 0.7323
6846.9946 0.7320
6848.5698 0.7317
6850.1494 0.7314
6851.7251 0.7308
6853.3052 0.7302
6854.8818 0.7299
6856.4624 0.7298
6858.0396 0.7293
6859.6177 0.7291
6861.1992 0.7291
6862.7778 0.7289
6864.3604 0.7284
6865.9395 0.7274
6867.5225 0.7270
6869.1025 0.7271
6870.6826 0.7272
6872.2671 0.7269
6873.8481 0.7266
6875.4331 0.7263
6877.0146 0.7258
6878.6006 0.7254
6880.1831 0.7251
6881.7656 0.7249
6883.3525 0.7246
6884.9360 0.7243
6886.5239 0.7239
6888.1079 0.7236
6889.6963 0.7233
6891.2812 0.7229
6892.8667 0.7226
6894.4561 0.7222
6896.0425 0.7217
6897.6323 0.7214
6899.2192 0.7207
6900.8105 0.7197
6902.3979 0.7190
6903.9858 0.7191
6905.5776 0.7190
6907.1665 0.7187
6908.7593 0.7184
6910.3486 0.7181
6911.9419 0.7177
6913.5322 0.7174
6915.1226 0.7168
6916.7173 0.7157
6918.3081 0.7149
6919.9038 0.7152
6921.4956 0.7153
6923.0918 0.7145
6924.6846 0.7141
6926.2812 0.7139
6927.8745 0.7137
6929.4683 0.7135
6931.0664 0.7133
6932.6606 0.7130
6934.2593 0.7126
6935.8545 0.7122
6937.4541 0.7118
6939.0498 0.7115
6940.6460 0.7111
6942.2466 0.7106
6943.8438 0.7103
6945.4448 0.7100
6947.0430 0.7095
6948.6445 0.7091
6950.2432 0.7091
6951.8423 0.7089
6953.4453 0.7086
6955.0449 0.7083
6956.6489 0.7081
6958.2490 0.7076
6959.8535 0.7067
6961.4546 0.7053
6963.0562 0.7057
6964.6621 0.7061
6966.2642 0.7050
6967.8706 0.7033
6969.4736 0.7036
6971.0806 0.7044
6972.6841 0.7030
6974.2886 0.7016
6975.8965 0.7011
6977.5015 0.7011
6979.1104 0.7019
6980.7158 0.7036
6982.3257 0.7035
6983.9321 0.7031
6985.5386 0.7026
6987.1494 0.7006
6988.7568 0.6974
6990.3687 0.6993
6991.9766 0.7026
6993.5889 0.7036
6995.1978 0.7024
6996.8071 0.7003
6998.4204 0.6986
7000.0303 0.7010
7001.6445 0.7025
7003.2554 0.7031
7004.8701 0.7033
7006.4819 0.7029
7008.0938 0.7024
7009.7095 0.7009
7011.3223 0.6995
7012.9390 0.6991
7014.5522 0.6990
7016.1699 0.6993
7017.7837 0.7006
7019.3984 0.7002
7021.0171 0.6977
7022.6323 0.6959
7024.2515 0.6961
7025.8677 0.6968
7027.4878 0.6955
7029.1045 0.6962
7030.7212 0.6966
7032.3428 0.6969
7033.9604 0.6976
7035.5825 0.6943
7037.2007 0.6838
7038.8237 0.6862
7040.4429 0.6932
7042.0664 0.6955
7043.6865 0.6948
7045.3066 0.6945
7046.9316 0.6938
7048.5527 0.6938
7050.1782 0.6915
7051.7998 0.6856
7053.4263 0.6836
7055.0488 0.6860
7056.6719 0.6820
7058.2988 0.6781
7059.9229 0.6738
7061.5508 0.6722
7063.1753 0.6765
7064.8037 0.6844
7066.4292 0.6882
7068.0547 0.6882
7069.6846 0.6873
7071.3110 0.6870
7072.9419 0.6848
7074.5688 0.6810
7076.2002 0.6815
7077.8281 0.6881
7079.4561 0.6903
7081.0889 0.6894
7082.7178 0.6869
7084.3511 0.6843
7085.9810 0.6855
7087.6147 0.6891
7089.2451 0.6887
7090.8760 0.6870
7092.5112 0.6862
7094.1431 0.6856
7095.7788 0.6838
7097.4111 0.6837
7099.0479 0.6840
7100.6812 0.6841
7102.3145 0.6837
7103.9521 0.6830
7105.5864 0.6826
7107.2251 0.6820
7108.8599 0.6831
7110.4995 0.6837
7112.1353 0.6831
7113.7715 0.6820
7115.4116 0.6807
7117.0483 0.6811
7118.6899 0.6814
7120.3271 0.6812
7121.9692 0.6807
7123.6079 0.6799
7125.2466 0.6791
7126.8896 0.6791
7128.5293 0.6790
7130.1729 0.6783
7131.8130 0.6779
7133.4580 0.6780
7135.0986 0.6776
7136.7402 0.6773
7138.3857 0.6767
7140.0283 0.6763
7141.6748 0.6761
7143.3174 0.6758
7144.9648 0.6755
7146.6084 0.6753
7148.2524 0.6749
7149.9009 0.6742
7151.5459 0.6732
7153.1948 0.6726
7154.8403 0.6733
7156.4902 0.6733
7158.1367 0.6730
7159.7832 0.6727
7161.4346 0.6725
7163.0820 0.6724
7164.7339 0.6724
7166.3818 0.6723
7168.0347 0.6722
7169.6836 0.6722
7171.3369 0.6721
7172.9863 0.6719
7174.6367 0.6718
7176.2910 0.6716
7177.9419 0.6716
7179.5972 0.6717
7181.2490 0.6717
7182.9048 0.6715
7184.5571 0.6711
7186.2100 0.6690
7187.8672 0.6660
7189.5210 0.6639
7191.1787 0.6626
7192.8330 0.6616
7194.4917 0.6607
7196.1465 0.6600
7197.8022 0.6594
7199.4619 0.6590
7201.1182 0.6585
7202.7788 0.6579
7204.4355 0.6572
7206.0972 0.6568
7207.7549 0.6564
7209.4131 0.6559
7211.0757 0.6556
7212.7344 0.6553
7214.3975 0.6549
7216.0571 0.6545
7217.7212 0.6539
7219.3818 0.6534
7221.0425 0.6533
7222.7075 0.6535
7224.3691 0.6533
7226.0352 0.6529
7227.6973 0.6526
7229.3643 0.6523
7231.0273 0.6518
7232.6909 0.6514
7234.3584 0.6512
7236.0229 0.6509
7237.6914 0.6505
7239.3564 0.6501
7241.0259 0.6497
7242.6919 0.6493
7244.3579 0.6489
7246.0283 0.6485
7247.6953 0.6478
7249.3667 0.6469
7251.0342 0.6464
7252.7065 0.6465
7254.3750 0.6462
7256.0439 0.6457
7257.7168 0.6452
7259.3867 0.6446
7261.0605 0.6440
7262.7310 0.6437
7264.4058 0.6434
7266.0771 0.6430
7267.7485 0.6426
7269.4243 0.6421
7271.0967 0.6416
7272.7734 0.6412
7274.4463 0.6407
7276.1240 0.6403
7277.7979 0.6398
7279.4722 0.6393
7281.1509 0.6387
7282.8257 0.6382
7284.5054 0.6376
7286.1812 0.6374
7287.8613 0.6372
7289.5376 0.6368
7291.2148 0.6364
7292.8960 0.6360
7294.5737 0.6356
7296.2559 0.6350
7297.9341 0.6345
7299.6172 0.6342
7301.2964 0.6337
7302.9800 0.6333
7304.6602 0.6344
7306.3408 0.6359
7308.0254 0.6359
7309.7065 0.6353
7311.3921 0.6345
7313.0742 0.6336
7314.7607 0.6327
7316.4434 0.6318
7318.1265 0.6313
7319.8140 0.6308
7321.4980 0.6301
7323.1860 0.6294
7324.8711 0.6286
7326.5601 0.6280
7328.2456 0.6274
7329.9312 0.6268
7331.6216 0.6262
7333.3081 0.6257
7334.9995 0.6251
7336.6865 0.6245
7338.3784 0.6239
7340.0669 0.6234
7341.7554 0.6230
7343.4482 0.6224
7345.1377 0.6219
7346.8315 0.6215
7348.5215 0.6210
7350.2163 0.6206
7351.9067 0.6201
7353.5981 0.6197
7355.2939 0.6194
7356.9858 0.6192
7358.6826 0.6191
7360.3755 0.6183
7362.0728 0.6175
7363.7661 0.6170
7365.4604 0.6166
7367.1587 0.6166
7368.8535 0.6167
7370.5527 0.6164
7372.2485 0.6160
7373.9487 0.6159
7375.6450 0.6159
7377.3418 0.6153
7379.0430 0.6146
7380.7402 0.6144
7382.4424 0.6142
7384.1406 0.6137
7385.8433 0.6138
7387.5425 0.6133
7389.2422 0.6129
7390.9458 0.6128
7392.6465 0.6124
7394.3511 0.6113
7396.0522 0.6103
7397.7573 0.6093
7399.4595 0.6085
7401.1616 0.6074
7402.8682 0.6067
7404.5713 0.6061
7406.2788 0.6038
7407.9824 0.6038
7409.6909 0.6046
7411.3955 0.6042
7413.1006 0.6037
7414.8101 0.6038
7416.5156 0.6012
7418.2261 0.5935
7419.9326 0.5921
7421.6436 0.5972
7423.3506 0.6014
7425.0586 0.6010
7426.7705 0.6009
7428.4795 0.6003
7430.1924 0.6005
7431.9014 0.5996
7433.6152 0.6006
7435.3257 0.5987
7437.0400 0.5840
7438.7510 0.5839
7440.4624 0.5962
7442.1777 0.6020
7443.8901 0.6003
7445.6064 0.5989
7447.3193 0.5991
7449.0366 0.5990
7450.7505 0.5989
7452.4644 0.5986
7454.1831 0.5990
7455.8979 0.5972
7457.6172 0.5894
7459.3325 0.5913
7461.0527 0.5925
7462.7690 0.5783
7464.4858 0.5698
7466.2070 0.5828
7467.9248 0.5924
7469.6470 0.5937
7471.3652 0.5939
7473.0884 0.5934
7474.8076 0.5920
7476.5269 0.5909
7478.2510 0.5912
7479.9712 0.5923
7481.6963 0.5924
7483.4175 0.5921
7485.1431 0.5908
7486.8652 0.5889
7488.5874 0.5886
7490.3145 0.5892
7492.0371 0.5898
7493.7651 0.5896
7495.4888 0.5890
7497.2173 0.5885
7498.9419 0.5871
7500.6670 0.5859
7502.3970 0.5858
7504.1226 0.5853
7505.8530 0.5845
7507.5801 0.5838
7509.3110 0.5824
7511.0386 0.5814
7512.7666 0.5821
7514.4990 0.5833
7516.2275 0.5834
7517.9609 0.5822
7519.6904 0.5810
7521.4243 0.5802
7523.1548 0.5803
7524.8853 0.5800
7526.6206 0.5790
7528.3521 0.5778
7530.0884 0.5769
7531.8203 0.5771
7533.5571 0.5770
7535.2905 0.5767
7537.0239 0.5763
7538.7617 0.5761
7540.4961 0.5757
7542.2349 0.5752
7543.9702 0.5748
7545.7095 0.5746
7547.4453 0.5744
7549.1816 0.5741
7550.9229 0.5740
7552.6597 0.5738
7554.4014 0.5736
7556.1392 0.5730
7557.8818 0.5722
7559.6201 0.5714
7561.3594 0.5708
7563.1030 0.5704
7564.8428 0.5700
7566.5874 0.5696
7568.3281 0.5692
7570.0732 0.5687
7571.8149 0.5682
7573.5610 0.5678
7575.3032 0.5673
7577.0459 0.5669
7578.7930 0.5666
7580.5366 0.5663
7582.2847 0.5658
7584.0288 0.5654
7585.7778 0.5650
7587.5229 0.5647
7589.2686 0.5643
7591.0186 0.5641
7592.7646 0.5638
7594.5156 0.5635
7596.2627 0.5631
7598.0142 0.5628
7599.7622 0.5625
7601.5107 0.5621
7603.2637 0.5617
7605.0127 0.5612
7606.7661 0.5602
7608.5161 0.5586
7610.2710 0.5567
7612.0215 0.5554
7613.7725 0.5548
7615.5283 0.5542
7617.2803 0.5539
7619.0366 0.5539
7620.7896 0.5538
7622.5469 0.5536
7624.3003 0.5535
7626.0542 0.5534
7627.8130 0.5532
7629.5679 0.5528
7631.3271 0.5526
7633.0825 0.5523
7634.8428 0.5520
7636.5991 0.5517
7638.3560 0.5514
7640.1172 0.5511
7641.8750 0.5507
7643.6372 0.5504
7645.3955 0.5501
7647.1587 0.5497
7648.9180 0.5494
7650.6772 0.5490
7652.4419 0.5485
7654.2021 0.5482
7655.9673 0.5476
7657.7285 0.5474
7659.4941 0.5473
7661.2563 0.5470
7663.0186 0.5466
7664.7856 0.5463
7666.5493 0.5459
7668.3169 0.5455
7670.0811 0.5451
7671.8496 0.5447
7673.6147 0.5443
7675.3799 0.5438
7677.1499 0.5434
7678.9160 0.5429
7680.6870 0.5425
7682.4536 0.5420
7684.2251 0.5415
7685.9932 0.5408
7687.7612 0.5406
7689.5342 0.5404
7691.3027 0.5400
7693.0767 0.5396
7694.8462 0.5391
7696.6206 0.5387
7698.3911 0.5381
7700.1621 0.5374
7701.9380 0.5369
7703.7100 0.5365
7705.4863 0.5353
7707.2588 0.5338
7709.0361 0.5339
7710.8096 0.5337
7712.5879 0.5326
7714.3618 0.5312
7716.1367 0.5299
7717.9160 0.5293
7719.6914 0.5293
7721.4717 0.5292
7723.2480 0.5293
7725.0288 0.5292
7726.8062 0.5289
7728.5835 0.5286
7730.3657 0.5287
7732.1440 0.5289
7733.9272 0.5292
7735.7065 0.5290
7737.4902 0.5287
7739.2700 0.5285
7741.0508 0.5279
7742.8354 0.5276
7744.6167 0.5275
7746.4028 0.5273
7748.1851 0.5277
7749.9717 0.5287
7751.7544 0.5291
7753.5376 0.5280
7755.3257 0.5267
7757.1099 0.5260
7758.8984 0.5260
7760.6836 0.5262
7762.4731 0.5252
7764.2588 0.5209
7766.0449 0.4914
7767.8359 0.4550
7769.6226 0.4399
7771.4146 0.4633
7773.2021 0.5111
7774.9946 0.5233
7776.7832 0.5254
7778.5723 0.5256
7780.3662 0.5251
7782.1558 0.5250
7783.9507 0.5254
7785.7412 0.5247
7787.5366 0.5239
7789.3281 0.5240
7791.1201 0.5244
7792.9165 0.5238
7794.7095 0.5221
7796.5068 0.5220
7798.3003 0.5221
7800.0986 0.5224
7801.8931 0.5225
7803.6880 0.5221
7805.4873 0.5207
7807.2832 0.5217
7809.0835 0.5228
7810.8799 0.5229
7812.6812 0.5229
7814.4785 0.5234
7816.2759 0.5238
7818.0786 0.5210
7819.8770 0.5197
7821.6802 0.5178
7823.4795 0.5159
7825.2837 0.5156
7827.0840 0.5155
7828.8843 0.5148
7830.6899 0.5134
7832.4912 0.5129
7834.2974 0.5138
7836.0996 0.5143
7837.9067 0.5135
7839.7100 0.5147
7841.5132 0.5146
7843.3213 0.5150
7845.1260 0.5151
7846.9351 0.5135
7848.7402 0.5123
7850.5498 0.5109
7852.3560 0.5111
7854.1665 0.5104
7855.9736 0.5086
7857.7808 0.5075
7859.5928 0.5075
7861.4009 0.5044
7863.2139 0.5066
7865.0225 0.5085
7866.8364 0.5081
7868.6460 0.5065
7870.4561 0.5001
7872.2710 0.4876
7874.0820 0.4973
7875.8979 0.5043
7877.7100 0.5040
7879.5264 0.5052
7881.3389 0.5009
7883.1519 0.4967
7884.9697 0.4974
7886.7837 0.4963
7888.6025 0.4883
7890.4175 0.4743
7892.2368 0.4655
7894.0522 0.4877
7895.8687 0.4942
7897.6890 0.4874
7899.5059 0.4880
7901.3276 0.4988
7903.1455 0.4963
7904.9678 0.4873
7906.7861 0.4887
7908.6055 0.4952
7910.4292 0.4950
7912.2485 0.4883
7914.0732 0.4885
7915.8940 0.4855
7917.7192 0.4857
7919.5405 0.4865
7921.3628 0.4869
7923.1895 0.4849
7925.0122 0.4774
7926.8394 0.4840
7928.6631 0.4899
7930.4912 0.4940
7932.3159 0.4961
7934.1406 0.4952
7935.9702 0.4931
7937.7959 0.4901
7939.6265 0.4912
7941.4526 0.4886
7943.2842 0.4838
7945.1113 0.4824
7946.9390 0.4822
7948.7720 0.4838
7950.6006 0.4862
7952.4336 0.4852
7954.2632 0.4798
7956.0977 0.4728
7957.9277 0.4689
7959.7583 0.4729
7961.5938 0.4828
7963.4253 0.4837
7965.2617 0.4787
7967.0942 0.4776
7968.9316 0.4777
7970.7646 0.4784
7972.5981 0.4797
7974.4370 0.4796
7976.2715 0.4794
7978.1108 0.4794
7979.9458 0.4765
7981.7861 0.4773
7983.6226 0.4807
7985.4590 0.4821
7987.3003 0.4811
7989.1377 0.4798
7990.9800 0.4782
7992.8184 0.4745
7994.6616 0.4685
7996.5005 0.4657
7998.3447 0.4690
8000.1846 0.4725
8002.0249 0.4659
8003.8706 0.4606
8005.7114 0.4690
8007.5576 0.4692
8009.3999 0.4643
8011.2471 0.4685
8013.0898 0.4730
8014.9331 0.4724
8016.7812 0.4680
8018.6255 0.4619
8020.4746 0.4594
8022.3198 0.4609
8024.1699 0.4588
8026.0156 0.4624
8027.8623 0.4659
8029.7134 0.4648
8031.5605 0.4631
8033.4126 0.4650
8035.2607 0.4662
8037.1138 0.4651
8038.9624 0.4599
8040.8120 0.4577
8042.6660 0.4604
8044.5161 0.4642
8046.3711 0.4652
8048.2222 0.4644
8050.0781 0.4640
8051.9302 0.4649
8053.7827 0.4648
8055.6396 0.4626
8057.4927 0.4621
8059.3511 0.4615
8061.2051 0.4607
8063.0640 0.4603
8064.9189 0.4589
8066.7739 0.4569
8068.6343 0.4586
8070.4902 0.4593
8072.3516 0.4591
8074.2085 0.4576
8076.0703 0.4565
8077.9282 0.4567
8079.7866 0.4551
8081.6499 0.4538
8083.5088 0.4543
8085.3730 0.4542
8087.2329 0.4534
8089.0981 0.4531
8090.9590 0.4527
8092.8203 0.4524
8094.6865 0.4522
8096.5483 0.4520
8098.4155 0.4516
8100.2788 0.4511
8102.1465 0.4508
8104.0103 0.4504
8105.8745 0.4501
8107.7441 0.4497
8109.6089 0.4492
8111.4790 0.4488
8113.3452 0.4485
8115.2163 0.4481
8117.0830 0.4477
8118.9502 0.4474
8120.8228 0.4471
8122.6909 0.4466
8124.5640 0.4462
8126.4326 0.4458
8128.3066 0.4454
8130.1768 0.4450
8132.0513 0.4447
8133.9224 0.4443
8135.7935 0.4438
8137.6694 0.4434
8139.5415 0.4431
8141.4185 0.4426
8143.2915 0.4422
8145.1694 0.4418
8147.0430 0.4414
8148.9175 0.4409
8150.7964 0.4403
8152.6714 0.4398
8154.5513 0.4394
8156.4272 0.4391
8158.3081 0.4387
8160.1851 0.4382
8162.0625 0.4377
8163.9443 0.4375
8165.8228 0.4372
8167.7056 0.4367
8169.5845 0.4363
8171.4683 0.4358
8173.3481 0.4354
8175.2285 0.4351
8177.1138 0.4345
8178.9951 0.4337
8180.8809 0.4332
8182.7632 0.4327
8184.6499 0.4327
8186.5327 0.4327
8188.4160 0.4324
8190.3042 0.4319
8192.1885 0.4317
8194.0771 0.4311
8195.9629 0.4299
8197.8525 0.4295
8199.7383 0.4298
8201.6250 0.4297
8203.5156 0.4294
8205.4033 0.4289
8207.2959 0.4277
8209.1836 0.4259
8211.0762 0.4252
8212.9658 0.4261
8214.8545 0.4260
8216.7490 0.4248
8218.6396 0.4247
8220.5342 0.4251
8222.4258 0.4247
8224.3223 0.4235
8226.2139 0.4235
8228.1064 0.4216
8230.0039 0.4200
8231.8965 0.4210
8233.7949 0.4223
8235.6895 0.4214
8237.5889 0.4206
8239.4834 0.4207
8241.3789 0.4206
8243.2793 0.4198
8245.1758 0.4195
8247.0771 0.4199
8248.9746 0.4194
8250.8770 0.4190
8252.7744 0.4188
8254.6729 0.4187
8256.5771 0.4185
8258.4766 0.4178
8260.3809 0.4173
8262.2812 0.4176
8264.1865 0.4173
8266.0869 0.4165
8267.9893 0.4158
8269.8955 0.4152
8271.7979 0.4148
8273.7051 0.4145
8275.6084 0.4138
8277.5166 0.4137
8279.4209 0.4137
8281.3301 0.4120
8283.2354 0.4099
8285.1416 0.4117
8287.0518 0.4116
8288.9580 0.4117
8290.8691 0.4129
8292.7773 0.4127
8294.6895 0.4097
8296.5977 0.4111
8298.5059 0.4112
8300.4199 0.4082
8302.3291 0.4074
8304.2432 0.4109
8306.1543 0.4101
8308.0693 0.4034
8309.9805 0.4018
8311.8926 0.4058
8313.8086 0.4091
8315.7217 0.4059
8317.6396 0.3990
8319.5527 0.3987
8321.4707 0.4046
8323.3857 0.4085
8325.2998 0.4058
8327.2197 0.3978
8329.1357 0.3905
8331.0566 0.3985
8332.9727 0.4062
8334.8945 0.4080
8336.8115 0.4034
8338.7295 0.3934
8340.6523 0.3844
8342.5713 0.3926
8344.4951 0.4039
8346.4150 0.4100
8348.3398 0.4094
8350.2598 0.4020
8352.1807 0.3873
8354.1074 0.3766
8356.0293 0.3849
8357.9561 0.3990
8359.8789 0.4073
8361.8066 0.4085
8363.7295 0.4060
8365.6543 0.3970
8367.5830 0.3796
8369.5078 0.3683
8371.4375 0.3749
8373.3643 0.3938
8375.2949 0.4033
8377.2217 0.4074
8379.1484 0.4071
8381.0811 0.4035
8383.0088 0.3947
8384.9424 0.3777
8386.8711 0.3580
8388.8047 0.3599
8390.7344 0.3768
8392.6650 0.3925
8394.6006 0.4016
8396.5312 0.4064
8398.4678 0.4062
8400.3994 0.3980
8402.3369 0.3883
8404.2695 0.3748
8406.2031 0.3573
8408.1416 0.3452
8410.0762 0.3534
8412.0156 0.3740
8413.9502 0.3897
8415.8906 0.4015
8417.8271 0.4080
8419.7637 0.4074
8421.7051 0.4063
8423.6426 0.4028
8425.5850 0.3949
8427.5234 0.3870
8429.4668 0.3730
8431.4053 0.3475
8433.3496 0.3288
8435.2900 0.3496
8437.2305 0.3738
8439.1758 0.3624
8441.1172 0.3387
8443.0645 0.3525
8445.0059 0.3986
8446.9541 0.4002
8448.8965 0.4002
8450.8408 0.4006
8452.7891 0.3965
8454.7344 0.3892
8456.6836 0.3767
8458.6289 0.3618
8460.5791 0.3359
8462.5254 0.3248
8464.4727 0.3417
8466.4248 0.3705
8468.3721 0.3829
8470.3252 0.3914
8472.2734 0.3960
8474.2275 0.3970
8476.1768 0.3971
8478.1270 0.3980
8480.0820 0.3967
8482.0322 0.3942
8483.9883 0.3928
8485.9404 0.3903
8487.8975 0.3872
8489.8496 0.3801
8491.8027 0.3594
8493.7607 0.3429
8495.7148 0.3223
8497.6738 0.3108
8499.6289 0.3242
8501.5889 0.3547
8503.5449 0.3688
8505.5010 0.3777
8507.4619 0.3783
8509.4199 0.3814
8511.3818 0.3880
8513.3398 0.3901
8515.3027 0.3879
8517.2617 0.3887
8519.2217 0.3891
8521.1855 0.3902
8523.1465 0.3905
8525.1113 0.3881
8527.0723 0.3867
8529.0391 0.3839
8531.0010 0.3769
8532.9639 0.3685
8534.9316 0.3444
8536.8945 0.3043
8538.8633 0.2901
8540.8281 0.2939
8542.7969 0.3202
8544.7627 0.3475
8546.7285 0.3628
8548.6992 0.3684
8550.6660 0.3704
8552.6377 0.3741
8554.6045 0.3773
8556.5771 0.3778
8558.5459 0.3773
8560.5146 0.3758
8562.4893 0.3708
8564.4590 0.3740
8566.4336 0.3754
8568.4043 0.3753
8570.3799 0.3754
8572.3516 0.3752
8574.3242 0.3751
8576.3008 0.3740
8578.2744 0.3716
8580.2520 0.3696
8582.2256 0.3682
8584.2051 0.3646
8586.1797 0.3551
8588.1602 0.3384
8590.1357 0.3201
8592.1113 0.2940
8594.0928 0.2846
8596.0703 0.3119
8598.0527 0.3398
8600.0303 0.3526
8602.0137 0.3595
8603.9922 0.3635
8605.9717 0.3648
8607.9561 0.3651
8609.9365 0.3669
8611.9219 0.3665
8613.9033 0.3643
8615.8896 0.3633
8617.8711 0.3648
8619.8535 0.3663
8621.8418 0.3627
8623.8252 0.3517
8625.8135 0.3581
8627.7979 0.3654
8629.7881 0.3658
8631.7725 0.3654
8633.7588 0.3639
8635.7500 0.3615
8637.7363 0.3607
8639.7285 0.3607
8641.7158 0.3604
8643.7080 0.3594
8645.6973 0.3569
8647.6855 0.3545
8649.6797 0.3472
8651.6699 0.3440
8653.6650 0.3364
8655.6553 0.3091
8657.6514 0.2730
8659.6436 0.2631
8661.6357 0.2844
8663.6328 0.3151
8665.6260 0.3363
8667.6240 0.3447
8669.6182 0.3509
8671.6172 0.3535
8673.6123 0.3309
8675.6074 0.3131
8677.6084 0.3133
8679.6045 0.3221
8681.6055 0.3368
8683.6025 0.3525
8685.6055 0.3573
8687.6035 0.3573
8689.6025 0.3571
8691.6055 0.3567
8693.6055 0.3567
8695.6104 0.3504
8697.6104 0.3377
8699.6162 0.3408
8701.6172 0.3543
8703.6191 0.3532
8705.6260 0.3373
8707.6289 0.3393
8709.6367 0.3520
8711.6406 0.3477
8713.6494 0.3361
8715.6543 0.3417
8717.6592 0.3516
8719.6699 0.3515
8721.6758 0.3471
8723.6865 0.3437
8725.6934 0.3451
8727.7061 0.3488
8729.7129 0.3454
8731.7217 0.3440
8733.7354 0.3415
8735.7441 0.3380
8737.7588 0.3327
8739.7686 0.3229
8741.7842 0.3041
8743.7949 0.2682
8745.8115 0.2566
8747.8232 0.2812
8749.8359 0.3135
8751.8535 0.3263
8753.8672 0.3354
8755.8857 0.3399
8757.9004 0.3407
8759.9199 0.3415
8761.9346 0.3431
8763.9502 0.3433
8765.9717 0.3416
8767.9883 0.3416
8770.0098 0.3419
8772.0273 0.3412
8774.0498 0.3398
8776.0684 0.3388
8778.0879 0.3398
8780.1113 0.3404
8782.1318 0.3404
8784.1562 0.3402
8786.1777 0.3398
8788.2031 0.3392
8790.2256 0.3390
8792.2471 0.3387
8794.2754 0.3373
8796.2979 0.3363
8798.3262 0.3356
8800.3506 0.3342
8802.3799 0.3333
8804.4053 0.3320
8806.4307 0.3308
8808.4609 0.3307
8810.4873 0.3325
8812.5195 0.3332
8814.5459 0.3269
8816.5791 0.3270
8818.6074 0.3290
8820.6357 0.3313
8822.6699 0.3321
8824.6992 0.3301
8826.7344 0.3284
8828.7646 0.3281
8830.8008 0.3268
8832.8330 0.3262
8834.8643 0.3253
8836.9014 0.3232
8838.9346 0.3224
8840.9727 0.3200
8843.0068 0.3171
8845.0459 0.3129
8847.0811 0.3067
8849.1162 0.2990
8851.1562 0.2902
8853.1924 0.2752
8855.2344 0.2528
8857.2715 0.2354
8859.3145 0.2402
8861.3516 0.2650
8863.3906 0.2786
8865.4346 0.2881
8867.4736 0.2947
8869.5186 0.3003
8871.5596 0.3047
8873.6045 0.3071
8875.6465 0.3090
8877.6885 0.3118
8879.7354 0.3138
8881.7783 0.3149
8883.8262 0.3158
8885.8701 0.3163
8887.9189 0.3167
8889.9639 0.3170
8892.0088 0.3173
8894.0596 0.3178
8896.1055 0.3181
8898.1562 0.3181
8900.2041 0.3179
8902.2559 0.3179
8904.3037 0.3169
8906.3574 0.3151
8908.4062 0.3148
8910.4561 0.3168
8912.5107 0.3163
8914.5605 0.3160
8916.6162 0.3158
8918.6680 0.3149
8920.7246 0.3124
8922.7764 0.3103
8924.8291 0.3133
8926.8867 0.3135
8928.9404 0.3130
8931.0000 0.3126
8933.0547 0.3121
8935.1143 0.3117
8937.1699 0.3112
8939.2256 0.3107
8941.2871 0.3102
8943.3438 0.3097
8945.4062 0.3091
8947.4639 0.3086
8949.5273 0.3080
8951.5859 0.3075
8953.6455 0.3069
8955.7100 0.3063
8957.7705 0.3056
8959.8359 0.3050
8961.8975 0.3043
8963.9639 0.3036
8966.0264 0.3029
8968.0889 0.3021
8970.1572 0.3012
8972.2207 0.3002
8974.2891 0.2992
8976.3535 0.2981
8978.4238 0.2969
8980.4893 0.2955
8982.5557 0.2938
8984.6270 0.2919
8986.6934 0.2896
8988.7656 0.2870
8990.8340 0.2837
8992.9072 0.2796
8994.9756 0.2745
8997.0449 0.2682
8999.1201 0.2605
9001.1904 0.2513
9003.2656 0.2401
9005.3369 0.2274
9007.4131 0.2124
9009.4854 0.2008
9011.5586 0.2079
9013.6357 0.2219
9015.7100 0.2344
9017.7891 0.2448
9019.8633 0.2535
9021.9434 0.2605
9024.0186 0.2660
9026.0947 0.2705
9028.1758 0.2738
9030.2529 0.2764
9032.3350 0.2782
9034.4131 0.2796
9036.4971 0.2807
9038.5752 0.2813
9040.6543 0.2816
9042.7393 0.2819
9044.8193 0.2822
9046.9053 0.2824
9048.9863 0.2825
9051.0732 0.2825
9053.1553 0.2819
9055.2383 0.2789
9057.3262 0.2774
9059.4102 0.2805
9061.4990 0.2813
9063.5840 0.2809
9065.6738 0.2804
9067.7588 0.2801
9069.8506 0.2790
9071.9365 0.2772
9074.0234 0.2775
9076.1162 0.2784
9078.2041 0.2784
9080.2979 0.2774
9082.3867 0.2758
9084.4805 0.2749
9086.5703 0.2762
9088.6611 0.2705
9090.7568 0.2712
9092.8486 0.2743
9094.9453 0.2748
9097.0371 0.2737
9099.1348 0.2737
9101.2285 0.2733
9103.3223 0.2726
9105.4209 0.2703
9107.5156 0.2692
9109.6162 0.2710
9111.7119 0.2707
9113.8125 0.2704
9115.9092 0.2693
9118.0068 0.2684
9120.1094 0.2684
9122.2070 0.2684
9124.3105 0.2677
9126.4102 0.2663
9128.5146 0.2662
9130.6143 0.2663
9132.7148 0.2659
9134.8213 0.2653
9136.9219 0.2649
9139.0293 0.2643
9141.1318 0.2638
9143.2393 0.2633
9145.3428 0.2628
9147.4473 0.2622
9149.5566 0.2614
9151.6611 0.2609
9153.7715 0.2605
9155.8770 0.2600
9157.9883 0.2595
9160.0957 0.2589
9162.2031 0.2584
9164.3154 0.2577
9166.4238 0.2571
9168.5371 0.2560
9170.6465 0.2544
9172.7617 0.2533
9174.8711 0.2536
9176.9824 0.2535
9179.0986 0.2528
9181.2100 0.2514
9183.3271 0.2505
9185.4395 0.2505
9187.5576 0.2494
9189.6719 0.2482
9191.7852 0.2467
9193.9053 0.2456
9196.0205 0.2436
9198.1406 0.2401
9200.2568 0.2386
9202.3789 0.2371
9204.4951 0.2341
9206.6133 0.2298
9208.7363 0.2250
9210.8545 0.2183
9212.9785 0.2081
9215.0977 0.2025
9217.2227 0.1936
9219.3428 0.1817
9221.4639 0.1677
9223.5908 0.1571
9225.7129 0.1649
9227.8398 0.1780
9229.9629 0.1894
9232.0908 0.1986
9234.2148 0.2067
9236.3447 0.2123
9238.4688 0.2131
9240.5947 0.2194
9242.7256 0.2245
9244.8516 0.2269
9246.9834 0.2282
9249.1104 0.2297
9251.2432 0.2310
9253.3721 0.2295
9255.5010 0.2237
9257.6348 0.2219
9259.7646 0.2245
9261.8994 0.2268
9264.0303 0.2320
9266.1670 0.2321
9268.2988 0.2320
9270.4307 0.2320
9272.5684 0.2317
9274.7012 0.2314
9276.8398 0.2311
9278.9746 0.2308
9281.1143 0.2304
9283.2490 0.2300
9285.3848 0.2295
9287.5264 0.2292
9289.6621 0.2286
9291.8047 0.2280
9293.9424 0.2279
9296.0850 0.2275
9298.2236 0.2268
9300.3633 0.2265
9302.5078 0.2263
9304.6475 0.2258
9306.7930 0.2253
9308.9346 0.2249
9311.0811 0.2244
9313.2227 0.2239
9315.3652 0.2234
9317.5137 0.2229
9319.6572 0.2222
9321.8057 0.2215
9323.9502 0.2212
9326.1006 0.2211
9328.2461 0.2206
9330.3916 0.2201
9332.5439 0.2196
9334.6904 0.2189
9336.8428 0.2184
9338.9912 0.2182
9341.1445 0.2177
9343.2939 0.2172
9345.4434 0.2168
9347.5977 0.2163
9349.7480 0.2158
9351.9043 0.2153
9354.0557 0.2148
9356.2129 0.2143
9358.3652 0.2138
9360.5186 0.2133
9362.6768 0.2128
9364.8301 0.2123
9366.9902 0.2118
9369.1445 0.2113
9371.3057 0.2108
9373.4609 0.2103
9375.6172 0.2098
9377.7793 0.2094
9379.9365 0.2081
9382.0996 0.2076
9384.2578 0.2074
9386.4219 0.2063
9388.5820 0.2054
9390.7461 0.2064
9392.9072 0.2058
9395.0674 0.2055
9397.2344 0.2044
9399.3965 0.2010
9401.5635 0.1998
9403.7266 0.2033
9405.8945 0.2008
9408.0586 0.2000
9410.2227 0.2009
9412.3926 0.2012
9414.5586 0.2006
9416.7295 0.2003
9418.8955 0.1999
9421.0674 0.1989
9423.2344 0.1981
9425.4023 0.1979
9427.5762 0.1978
9429.7451 0.1972
9431.9189 0.1966
9434.0889 0.1962
9436.2646 0.1958
9438.4355 0.1952
9440.6064 0.1947
9442.7832 0.1942
9444.9561 0.1937
9447.1338 0.1932
9449.3076 0.1927
9451.4863 0.1922
9453.6602 0.1915
9455.8350 0.1909
9458.0156 0.1905
9460.1914 0.1899
9462.3730 0.1895
9464.5498 0.1889
9466.7324 0.1884
9468.9102 0.1879
9471.0889 0.1873
9473.2725 0.1868
9475.4521 0.1860
9477.6367 0.1852
9479.8174 0.1848
9482.0029 0.1844
9484.1846 0.1838
9486.3662 0.1830
9488.5537 0.1823
9490.7363 0.1817
9492.9258 0.1809
9495.1094 0.1802
9497.2988 0.1795
9499.4834 0.1787
9501.6689 0.1777
9503.8604 0.1767
9506.0459 0.1757
9508.2383 0.1746
9510.4258 0.1733
9512.6191 0.1718
9514.8076 0.1701
9516.9961 0.1680
9519.1904 0.1656
9521.3809 0.1626
9523.5762 0.1590
9525.7666 0.1546
9527.9639 0.1492
9530.1553 0.1427
9532.3477 0.1347
9534.5459 0.1250
9536.7393 0.1139
9538.9385 0.0994
9541.1328 0.0965
9543.3330 0.1060
9545.5283 0.1187
9547.7246 0.1273
9549.9268 0.1352
9552.1230 0.1413
9554.3262 0.1461
9556.5234 0.1499
9558.7275 0.1527
9560.9268 0.1549
9563.1309 0.1565
9565.3311 0.1577
9567.5322 0.1585
9569.7383 0.1592
9571.9395 0.1596
9574.1465 0.1599
9576.3496 0.1600
9578.5576 0.1600
9580.7607 0.1599
9582.9648 0.1598
9585.1748 0.1595
9587.3799 0.1593
9589.5908 0.1590
9591.7969 0.1587
9594.0088 0.1583
9596.2158 0.1576
9598.4238 0.1571
9600.6367 0.1573
9602.8457 0.1568
9605.0596 0.1565
9607.2695 0.1560
9609.4854 0.1557
9611.6953 0.1550
9613.9062 0.1534
9616.1240 0.1530
9618.3359 0.1536
9620.5537 0.1535
9622.7666 0.1526
9624.9863 0.1499
9627.2002 0.1472
9629.4150 0.1506
9631.6357 0.1510
9633.8516 0.1506
9636.0723 0.1501
9638.2891 0.1496
9640.5117 0.1492
9642.7295 0.1486
9644.9482 0.1480
9647.1719 0.1477
9649.3916 0.1469
9651.6172 0.1453
9653.8369 0.1442
9656.0635 0.1455
9658.2842 0.1452
9660.5068 0.1447
9662.7344 0.1442
9664.9570 0.1437
9667.1855 0.1432
9669.4102 0.1427
9671.6396 0.1422
9673.8643 0.1416
9676.0898 0.1411
9678.3213 0.1408
9680.5479 0.1402
9682.7803 0.1397
9685.0078 0.1392
9687.2412 0.1387
9689.4697 0.1382
9691.6982 0.1377
9693.9336 0.1373
9696.1631 0.1368
9698.3994 0.1363
9700.6299 0.1358
9702.8672 0.1353
9705.0996 0.1348
9707.3320 0.1343
9709.5703 0.1338
9711.8047 0.1333
9714.0439 0.1327
9716.2783 0.1322
9718.5186 0.1317
9720.7549 0.1312
9722.9912 0.1307
9725.2334 0.1302
9727.4707 0.1298
9729.7139 0.1292
9731.9521 0.1287
9734.1963 0.1282
9736.4355 0.1276
9738.6807 0.1272
9740.9209 0.1267
9743.1621 0.1262
9745.4082 0.1257
9747.6504 0.1252
9749.8984 0.1247
9752.1416 0.1242
9754.3896 0.1237
9756.6338 0.1232
9758.8789 0.1227
9761.1289 0.1222
9763.3740 0.1217
9765.6260 0.1212
9767.8721 0.1207
9770.1250 0.1201
9772.3721 0.1196
9774.6201 0.1191
9776.8750 0.1186
9779.1240 0.1181
9781.3789 0.1176
9783.6289 0.1169
9785.8848 0.1163
9788.1367 0.1160
9790.3877 0.1155
9792.6455 0.1150
9794.8984 0.1145
9797.1572 0.1140
9799.4111 0.1135
9801.6709 0.1130
9803.9258 0.1124
9806.1807 0.1119
9808.4424 0.1114
9810.6982 0.1110
9812.9609 0.1105
9815.2188 0.1100
9817.4814 0.1093
9819.7402 0.1084
9821.9990 0.1081
9824.2646 0.1077
9826.5244 0.1071
9828.7900 0.1068
9831.0518 0.1063
9833.3184 0.1058
9835.5801 0.1051
9837.8428 0.1046
9840.1113 0.1043
9842.3750 0.1038
9844.6455 0.1033
9846.9102 0.1026
9849.1807 0.1020
9851.4463 0.1015
9853.7129 0.1011
9855.9844 0.1006
9858.2520 0.1001
9860.5254 0.0996
9862.7939 0.0991
9865.0684 0.0985
9867.3379 0.0981
9869.6074 0.0977
9871.8838 0.0972
9874.1543 0.0966
9876.4316 0.0960
9878.7031 0.0956
9880.9814 0.0950
9883.2549 0.0934
9885.5283 0.0923
9887.8076 0.0931
9890.0830 0.0931
9892.3633 0.0924
9894.6387 0.0919
9896.9209 0.0915
9899.1973 0.0910
9901.4746 0.0904
9903.7578 0.0897
9906.0361 0.0893
9908.3203 0.0890
9910.5996 0.0884
9912.8857 0.0880
9915.1660 0.0875
9917.4521 0.0869
9919.7334 0.0863
9922.0156 0.0857
9924.3037 0.0850
9926.5869 0.0844
9928.8760 0.0843
9931.1602 0.0839
9933.4502 0.0833
9935.7354 0.0827
9938.0205 0.0822
9940.3125 0.0815
9942.5996 0.0809
9944.8926 0.0806
9947.1797 0.0802
9949.4736 0.0796
9951.7627 0.0791
9954.0518 0.0786
9956.3477 0.0780
9958.6377 0.0774
9960.9346 0.0769
9963.2256 0.0764
9965.5234 0.0759
9967.8154 0.0753
9970.1094 0.0747
9972.4082 0.0742
9974.7021 0.0736
9977.0020 0.0730
9979.2979 0.0724
9981.5986 0.0719
9983.8945 0.0713
9986.1914 0.0707
9988.4941 0.0699
9990.7920 0.0689
9993.0967 0.0681
9995.3955 0.0680
9997.7002 0.0673
10000.0000 0.0665
10002.3057 0.0657
10004.6016 0.0648
10006.9082 0.0639
10009.2158 0.0629
10011.5244 0.0617
10013.8223 0.0604
10016.1309 0.0590
10018.4404 0.0573
10020.7402 0.0553
10023.0508 0.0529
10025.3623 0.0501
10027.6738 0.0467
10029.9756 0.0425
10032.2881 0.0374
10034.6016 0.0313
10036.9043 0.0238
10039.2188 0.0153
10041.5342 0.0031
10043.8496 -0.0025
10046.1543 0.0039
10048.4707 0.0154
10050.7881 0.0220
10053.0947 0.0283
10055.4131 0.0332
10057.7324 0.0370
10060.0508 0.0400
10062.3604 0.0422
10064.6807 0.0440
10067.0010 0.0452
10069.3115 0.0460
10071.6338 0.0466
10073.9561 0.0471
10076.2793 0.0474
10078.5918 0.0475
10080.9160 0.0475
10083.2402 0.0474
10085.5547 0.0472
10087.8799 0.0470
10090.2061 0.0467
10092.5332 0.0464
10094.8496 0.0461
10097.1777 0.0457
10099.5059 0.0450
10101.8232 0.0444
10104.1533 0.0440
10106.4834 0.0431
10108.8135 0.0426
10111.1338 0.0429
10113.4648 0.0429
10115.7969 0.0420
10118.1191 0.0409
10120.4521 0.0411
10122.7861 0.0409
10125.1201 0.0404
10127.4434 0.0400
10129.7793 0.0395
10132.1152 0.0390
10134.4404 0.0386
10136.7773 0.0381
10139.1152 0.0375
10141.4531 0.0370
10143.7803 0.0365
10146.1191 0.0361
10148.4590 0.0355
10150.7881 0.0350
10153.1289 0.0346
10155.4707 0.0340
10157.8125 0.0335
10160.1436 0.0330
10162.4863 0.0326
10164.8301 0.0320
10167.1621 0.0315
10169.5068 0.0310
10171.8525 0.0305
10174.1973 0.0300
10176.5322 0.0295
10178.8789 0.0290
10181.2266 0.0284
10183.5742 0.0279
10185.9111 0.0274
10188.2607 0.0270
10190.6094 0.0264
10192.9482 0.0259
10195.2988 0.0254
10197.6504 0.0249
10200.0020 0.0244
10202.3428 0.0239
10204.6953 0.0234
10207.0479 0.0228
10209.3906 0.0223
10211.7451 0.0218
10214.0996 0.0213
10216.4551 0.0208
10218.7998 0.0203
10221.1562 0.0198
10223.5137 0.0192
10225.8594 0.0187
10228.2178 0.0182
10230.5762 0.0177
10232.9355 0.0172
10235.2842 0.0167
10237.6436 0.0161
10240.0049 0.0155
10242.3545 0.0151
10244.7168 0.0146
10247.0791 0.0141
10249.4424 0.0135
10251.7939 0.0130
10254.1582 0.0125
10256.5234 0.0120
10258.8770 0.0115
10261.2422 0.0110
10263.6084 0.0104
10265.9756 0.0099
10268.3311 0.0094
10270.6992 0.0089
10273.0674 0.0084
10275.4258 0.0079
10277.7949 0.0073
10280.1650 0.0068
10282.5352 0.0063
10284.8955 0.0057
10287.2666 0.0053
10289.6396 0.0047
10292.0010 0.0042
10294.3740 0.0037
10296.7480 0.0032
10299.1221 0.0027
10301.4863 0.0021
10303.8613 0.0016
10306.2373 0.0011
10308.6025 0.0006
10310.9795 0.0001
10313.3574 -0.0005
10315.7363 -0.0010
10318.1035 -0.0015
10320.4824 -0.0020
10322.8623 -0.0026
10325.2314 -0.0033
10327.6123 -0.0039
10329.9941 -0.0041
10332.3760 -0.0046
10334.7471 -0.0051
10337.1309 -0.0057
10339.5146 -0.0062
10341.8877 -0.0067
10344.2725 -0.0072
10346.6572 -0.0078
10349.0430 -0.0083
10351.4189 -0.0088
10353.8057 -0.0093
10356.1934 -0.0099
