3589.2200 0.1167
3590.0457 0.1251
3590.8735 0.1303
3591.6995 0.1328
3592.5259 0.1342
3593.3542 0.1351
3594.1809 0.1355
3595.0098 0.1360
3595.8367 0.1373
3596.6660 0.1386
3597.4934 0.1397
3598.3208 0.1412
3599.1506 0.1437
3599.9788 0.1468
3600.8088 0.1490
3601.6372 0.1496
3602.4678 0.1492
3603.2964 0.1478
3604.1252 0.1453
3604.9565 0.1417
3605.7859 0.1396
3606.6172 0.1415
3607.4470 0.1453
3608.2788 0.1481
3609.1089 0.1485
3609.9392 0.1474
3610.7717 0.1476
3611.6023 0.1504
3612.4351 0.1542
3613.2661 0.1570
3614.0994 0.1575
3614.9307 0.1557
3615.7625 0.1526
3616.5962 0.1511
3617.4282 0.1534
3618.2625 0.1589
3619.0947 0.1648
3619.9292 0.1679
3620.7620 0.1676
3621.5969 0.1655
3622.4302 0.1630
3623.2634 0.1620
3624.0989 0.1639
3624.9326 0.1679
3625.7686 0.1697
3626.6028 0.1685
3627.4390 0.1683
3628.2734 0.1711
3629.1082 0.1757
3629.9451 0.1796
3630.7800 0.1808
3631.6174 0.1784
3632.4529 0.1723
3633.2903 0.1655
3634.1262 0.1628
3634.9622 0.1677
3635.8005 0.1765
3636.6370 0.1832
3637.4756 0.1871
3638.3123 0.1894
3639.1514 0.1907
3639.9885 0.1914
3640.8259 0.1917
3641.6653 0.1910
3642.5032 0.1891
3643.3430 0.1870
3644.1812 0.1864
3645.0215 0.1881
3645.8601 0.1908
3646.6990 0.1937
3647.5398 0.1963
3648.3789 0.1983
3649.2202 0.1992
3650.0596 0.1996
3650.9014 0.2005
3651.7412 0.2018
3652.5813 0.2032
3653.4236 0.2047
3654.2642 0.2064
3655.1067 0.2081
3655.9475 0.2090
3656.7908 0.2092
3657.6318 0.2091
3658.4734 0.2091
3659.3169 0.2097
3660.1587 0.2114
3661.0029 0.2135
3661.8450 0.2144
3662.6895 0.2140
3663.5320 0.2134
3664.3748 0.2136
3665.2197 0.2147
3666.0630 0.2156
3666.9084 0.2161
3667.7520 0.2175
3668.5977 0.2205
3669.4417 0.2244
3670.2859 0.2276
3671.1321 0.2299
3671.9768 0.2320
3672.8235 0.2342
3673.6685 0.2368
3674.5156 0.2395
3675.3608 0.2413
3676.2063 0.2427
3677.0542 0.2446
3677.8999 0.2429
3678.7480 0.2387
3679.5945 0.2357
3680.4429 0.2371
3681.2896 0.2432
3682.1365 0.2610
3682.9856 0.2804
3683.8328 0.2863
3684.6824 0.2768
3685.5300 0.2681
3686.3799 0.2737
3687.2278 0.2726
3688.0781 0.2625
3688.9265 0.2605
3689.7751 0.2844
3690.6260 0.3319
3691.4751 0.3654
3692.3264 0.3539
3693.1758 0.3198
3694.0273 0.3043
3694.8772 0.3316
3695.7273 0.3886
3696.5793 0.4261
3697.4299 0.4139
3698.2825 0.3643
3699.1333 0.3167
3699.9863 0.3116
3700.8374 0.3645
3701.6887 0.4402
3702.5425 0.4887
3703.3943 0.4887
3704.2483 0.4420
3705.1003 0.3693
3705.9548 0.3096
3706.8074 0.3055
3707.6599 0.3565
3708.5149 0.4340
3709.3682 0.5077
3710.2234 0.5531
3711.0771 0.5537
3711.9329 0.5077
3712.7866 0.4263
3713.6409 0.3451
3714.4973 0.3074
3715.3518 0.3366
3716.2085 0.4169
3717.0635 0.4994
3717.9204 0.5660
3718.7759 0.6137
3719.6313 0.6352
3720.4890 0.6229
3721.3450 0.5745
3722.2031 0.4949
3723.0593 0.4026
3723.9180 0.3378
3724.7747 0.3343
3725.6316 0.3963
3726.4905 0.4914
3727.3479 0.5721
3728.2073 0.6228
3729.0649 0.6510
3729.9250 0.6698
3730.7830 0.6852
3731.6414 0.6916
3732.5017 0.6775
3733.3604 0.6375
3734.2214 0.5664
3735.0803 0.4709
3735.9417 0.3762
3736.8013 0.3241
3737.6609 0.3456
3738.5227 0.4125
3739.3828 0.4947
3740.2451 0.5758
3741.1055 0.6459
3741.9683 0.6939
3742.8291 0.7114
3743.6899 0.7131
3744.5532 0.7172
3745.4148 0.7254
3746.2786 0.7272
3747.1404 0.7113
3748.0044 0.6782
3748.8667 0.6305
3749.7290 0.5606
3750.5938 0.4699
3751.4565 0.3785
3752.3215 0.3266
3753.1848 0.3543
3754.0503 0.4437
3754.9138 0.5435
3755.7798 0.6175
3756.6438 0.6563
3757.5081 0.6727
3758.3745 0.6827
3759.2390 0.6821
3760.1060 0.6672
3760.9709 0.6463
3761.8381 0.6334
3762.7036 0.6366
3763.5693 0.6471
3764.4370 0.6647
3765.3032 0.6853
3766.1714 0.7020
3767.0378 0.7109
3767.9065 0.7109
3768.7732 0.6953
3769.6401 0.6516
3770.5095 0.5709
3771.3770 0.4648
3772.2466 0.3691
3773.1145 0.3351
3773.9844 0.3926
3774.8528 0.4966
3775.7209 0.5971
3776.5918 0.6715
3777.4604 0.7196
3778.3315 0.7509
3779.2009 0.7725
3780.0723 0.7857
3780.9419 0.7921
3781.8118 0.7948
3782.6838 0.7960
3783.5540 0.7948
3784.4265 0.7871
3785.2971 0.7776
3786.1699 0.7774
3787.0410 0.7871
3787.9121 0.7989
3788.7856 0.8046
3789.6572 0.8068
3790.5310 0.8093
3791.4031 0.8109
3792.2773 0.8095
3793.1499 0.8039
3794.0225 0.7931
3794.8972 0.7754
3795.7703 0.7474
3796.6455 0.7026
3797.5190 0.6349
3798.3948 0.5426
3799.2686 0.4405
3800.1426 0.3741
3801.0188 0.3921
3801.8933 0.4761
3802.7700 0.5805
3803.6448 0.6675
3804.5220 0.7239
3805.3972 0.7591
3806.2727 0.7802
3807.1504 0.7917
3808.0261 0.7988
3808.9043 0.8063
3809.7805 0.8164
3810.6589 0.8252
3811.5356 0.8292
3812.4126 0.8305
3813.2917 0.8298
3814.1689 0.8240
3815.0483 0.8091
3815.9260 0.7891
3816.8059 0.7813
3817.6841 0.7897
3818.5623 0.8058
3819.4429 0.8170
3820.3215 0.8138
3821.2024 0.7952
3822.0815 0.7782
3822.9629 0.7771
3823.8423 0.7900
3824.7241 0.8052
3825.6040 0.8098
3826.4841 0.7991
3827.3665 0.7834
3828.2468 0.7731
3829.1296 0.7707
3830.0105 0.7739
3830.8938 0.7785
3831.7751 0.7773
3832.6565 0.7628
3833.5403 0.7302
3834.4224 0.6776
3835.3064 0.6047
3836.1887 0.5136
3837.0735 0.4213
3837.9561 0.3865
3838.8391 0.4275
3839.7244 0.5150
3840.6077 0.6077
3841.4932 0.6806
3842.3770 0.7337
3843.2629 0.7710
3844.1472 0.7969
3845.0315 0.8113
3845.9182 0.8139
3846.8030 0.8092
3847.6899 0.8101
3848.5752 0.8189
3849.4626 0.8234
3850.3481 0.8165
3851.2339 0.8028
3852.1221 0.7958
3853.0083 0.8058
3853.8967 0.8143
3854.7832 0.8029
3855.6721 0.7748
3856.5591 0.7429
3857.4463 0.7172
3858.3359 0.7049
3859.2234 0.7331
3860.1135 0.7816
3861.0015 0.8183
3861.8918 0.8277
3862.7803 0.8153
3863.6687 0.7824
3864.5598 0.7421
3865.4487 0.7310
3866.3401 0.7559
3867.2297 0.7937
3868.1213 0.8158
3869.0112 0.8259
3869.9014 0.8353
3870.7937 0.8442
3871.6841 0.8494
3872.5769 0.8478
3873.4678 0.8382
3874.3611 0.8263
3875.2524 0.8245
3876.1438 0.8335
3877.0376 0.8460
3877.9297 0.8543
3878.8237 0.8551
3879.7161 0.8499
3880.6108 0.8435
3881.5037 0.8401
3882.3965 0.8385
3883.2917 0.8345
3884.1851 0.8257
3885.0808 0.8142
3885.9746 0.7982
3886.8706 0.7727
3887.7649 0.7313
3888.6592 0.6675
3889.5559 0.5772
3890.4507 0.4703
3891.3479 0.4064
3892.2429 0.4264
3893.1406 0.5141
3894.0361 0.6210
3894.9341 0.7025
3895.8301 0.7541
3896.7263 0.7858
3897.6250 0.8055
3898.5215 0.8187
3899.4207 0.8272
3900.3176 0.8286
3901.2170 0.8186
3902.1145 0.8036
3903.0122 0.7993
3903.9121 0.8101
3904.8103 0.8269
3905.7107 0.8340
3906.6094 0.8279
3907.5100 0.8152
3908.4089 0.8102
3909.3081 0.8195
3910.2097 0.8371
3911.1091 0.8505
3912.0110 0.8572
3912.9111 0.8596
3913.8132 0.8533
3914.7136 0.8362
3915.6143 0.8156
3916.5171 0.8075
3917.4182 0.8208
3918.3215 0.8386
3919.2229 0.8501
3920.1267 0.8531
3921.0286 0.8504
3921.9307 0.8472
3922.8350 0.8466
3923.7373 0.8497
3924.6421 0.8549
3925.5452 0.8589
3926.4502 0.8598
3927.3535 0.8578
3928.2571 0.8529
3929.1628 0.8500
3930.0667 0.8519
3930.9731 0.8543
3931.8774 0.8505
3932.7839 0.8353
3933.6887 0.8016
3934.5938 0.7251
3935.5010 0.6431
3936.4062 0.6194
3937.3142 0.6766
3938.2200 0.7621
3939.1279 0.8082
3940.0342 0.8222
3940.9407 0.8255
3941.8494 0.8347
3942.7561 0.8521
3943.6653 0.8669
3944.5725 0.8717
3945.4822 0.8689
3946.3899 0.8626
3947.2979 0.8587
3948.2080 0.8609
3949.1162 0.8670
3950.0269 0.8701
3950.9355 0.8720
3951.8467 0.8737
3952.7559 0.8748
3953.6650 0.8748
3954.5769 0.8747
3955.4866 0.8751
3956.3987 0.8747
3957.3088 0.8737
3958.2214 0.8726
3959.1321 0.8718
3960.0449 0.8716
3960.9561 0.8715
3961.8672 0.8667
3962.7808 0.8571
3963.6924 0.8474
3964.6064 0.8407
3965.5186 0.8336
3966.4329 0.8178
3967.3455 0.7953
3968.2581 0.7553
3969.1731 0.6780
3970.0862 0.5576
3971.0017 0.4279
3971.9153 0.3628
3972.8313 0.3905
3973.7451 0.4855
3974.6592 0.5989
3975.5759 0.6898
3976.4905 0.7448
3977.4075 0.7836
3978.3225 0.8155
3979.2397 0.8377
3980.1553 0.8488
3981.0708 0.8521
3981.9888 0.8539
3982.9050 0.8585
3983.8232 0.8623
3984.7397 0.8655
3985.6587 0.8698
3986.5757 0.8754
3987.4927 0.8798
3988.4121 0.8806
3989.3298 0.8805
3990.2498 0.8812
3991.1677 0.8820
3992.0879 0.8817
3993.0063 0.8808
3993.9250 0.8809
3994.8459 0.8813
3995.7649 0.8804
3996.6863 0.8782
3997.6057 0.8765
3998.5276 0.8764
3999.4475 0.8756
4000.3674 0.8749
4001.2900 0.8754
4002.2104 0.8750
4003.1333 0.8703
4004.0544 0.8610
4004.9775 0.8542
4005.8989 0.8555
4006.8206 0.8609
4007.7446 0.8669
4008.6665 0.8734
4009.5908 0.8806
4010.5132 0.8828
4011.4380 0.8774
4012.3608 0.8713
4013.2839 0.8680
4014.2095 0.8662
4015.1328 0.8653
4016.0588 0.8683
4016.9827 0.8691
4017.9089 0.8690
4018.8333 0.8727
4019.7578 0.8814
4020.6848 0.8895
4021.6096 0.8936
4022.5371 0.8956
4023.4624 0.8943
4024.3901 0.8874
4025.3162 0.8737
4026.2422 0.8549
4027.1704 0.8377
4028.0969 0.8307
4029.0259 0.8373
4029.9526 0.8523
4030.8821 0.8672
4031.8093 0.8756
4032.7390 0.8794
4033.6667 0.8784
4034.5947 0.8748
4035.5251 0.8733
4036.4534 0.8768
4037.3843 0.8831
4038.3130 0.8868
4039.2441 0.8878
4040.1736 0.8879
4041.1030 0.8887
4042.0347 0.8901
4042.9646 0.8906
4043.8970 0.8897
4044.8271 0.8876
4045.7600 0.8843
4046.6907 0.8801
4047.6216 0.8766
4048.5549 0.8759
4049.4863 0.8787
4050.4202 0.8794
4051.3521 0.8795
4052.2861 0.8815
4053.2185 0.8843
4054.1509 0.8840
4055.0857 0.8814
4056.0186 0.8805
4056.9539 0.8834
4057.8872 0.8883
4058.8230 0.8914
4059.7566 0.8911
4060.6907 0.8920
4061.6270 0.8942
4062.5613 0.8955
4063.4983 0.8949
4064.4331 0.8919
4065.3701 0.8868
4066.3054 0.8835
4067.2410 0.8831
4068.1787 0.8785
4069.1147 0.8704
4070.0530 0.8674
4070.9893 0.8756
4071.9280 0.8823
4072.8647 0.8808
4073.8018 0.8772
4074.7412 0.8774
4075.6787 0.8811
4076.6184 0.8826
4077.5562 0.8774
4078.4966 0.8707
4079.4348 0.8680
4080.3733 0.8719
4081.3142 0.8808
4082.2532 0.8890
4083.1943 0.8920
4084.1338 0.8918
4085.0757 0.8910
4086.0154 0.8904
4086.9553 0.8898
4087.8977 0.8885
4088.8381 0.8871
4089.7810 0.8869
4090.7219 0.8878
4091.6653 0.8889
4092.6064 0.8889
4093.5481 0.8870
4094.4919 0.8827
4095.4338 0.8771
4096.3784 0.8712
4097.3208 0.8632
4098.2656 0.8498
4099.2085 0.8282
4100.1514 0.7982
4101.0967 0.7524
4102.0400 0.6793
4102.9863 0.5856
4103.9302 0.5083
4104.8765 0.5034
4105.8208 0.5829
4106.7676 0.6799
4107.7124 0.7570
4108.6572 0.8065
4109.6045 0.8350
4110.5503 0.8517
4111.4980 0.8594
4112.4438 0.8619
4113.3921 0.8640
4114.3384 0.8685
4115.2852 0.8750
4116.2339 0.8819
4117.1807 0.8885
4118.1304 0.8938
4119.0776 0.8967
4120.0273 0.8967
4120.9751 0.8932
4121.9233 0.8864
4122.8740 0.8781
4123.8223 0.8692
4124.7734 0.8632
4125.7222 0.8641
4126.6733 0.8717
4127.6230 0.8773
4128.5723 0.8677
4129.5244 0.8372
4130.4746 0.8060
4131.4268 0.7921
4132.3774 0.7936
4133.3301 0.7965
4134.2812 0.8165
4135.2324 0.8509
4136.1855 0.8786
4137.1372 0.8920
4138.0913 0.8953
4139.0435 0.8945
4139.9976 0.8926
4140.9502 0.8930
4141.9028 0.8958
4142.8579 0.8979
4143.8110 0.8958
4144.7666 0.8882
4145.7202 0.8781
4146.6758 0.8722
4147.6299 0.8723
4148.5840 0.8780
4149.5405 0.8873
4150.4951 0.8965
4151.4526 0.9002
4152.4072 0.8998
4153.3647 0.8989
4154.3203 0.8984
4155.2764 0.8984
4156.2344 0.8994
4157.1904 0.9016
4158.1489 0.9024
4159.1055 0.9025
4160.0649 0.9027
4161.0220 0.9027
4161.9790 0.9009
4162.9390 0.8971
4163.8965 0.8922
4164.8564 0.8861
4165.8149 0.8820
4166.7754 0.8838
4167.7339 0.8920
4168.6929 0.8981
4169.6538 0.8994
4170.6133 0.8980
4171.5752 0.8957
4172.5347 0.8911
4173.4971 0.8795
4174.4570 0.8558
4175.4175 0.8316
4176.3799 0.8285
4177.3408 0.8476
4178.3042 0.8681
4179.2651 0.8624
4180.2290 0.8298
4181.1909 0.8074
4182.1548 0.8188
4183.1172 0.8525
4184.0796 0.8823
4185.0444 0.8930
4186.0068 0.8944
4186.9722 0.8945
4187.9355 0.8947
4188.9014 0.8930
4189.8647 0.8895
4190.8286 0.8876
4191.7949 0.8896
4192.7593 0.8912
4193.7261 0.8921
4194.6909 0.8937
4195.6582 0.8964
4196.6235 0.8990
4197.5889 0.8998
4198.5571 0.8997
4199.5229 0.8986
4200.4912 0.8961
4201.4575 0.8929
4202.4263 0.8912
4203.3931 0.8917
4204.3599 0.8932
4205.3296 0.8949
4206.2969 0.8957
4207.2671 0.8954
4208.2349 0.8953
4209.2051 0.8971
4210.1738 0.8994
4211.1421 0.9016
4212.1133 0.9031
4213.0820 0.9037
4214.0537 0.9037
4215.0229 0.9044
4215.9951 0.9040
4216.9648 0.9012
4217.9351 0.8982
4218.9077 0.8977
4219.8784 0.8997
4220.8516 0.9010
4221.8223 0.9022
4222.7959 0.9036
4223.7676 0.9046
4224.7393 0.9048
4225.7134 0.9035
4226.6855 0.8992
4227.6602 0.8962
4228.6328 0.8963
4229.6079 0.8988
4230.5806 0.9022
4231.5542 0.9048
4232.5298 0.9035
4233.5034 0.8869
4234.4800 0.8493
4235.4541 0.8134
4236.4307 0.8118
4237.4053 0.8522
4238.3799 0.8860
4239.3574 0.9011
4240.3325 0.9052
4241.3105 0.9052
4242.2861 0.9022
4243.2642 0.8945
4244.2407 0.8818
4245.2168 0.8786
4246.1958 0.8856
4247.1729 0.8945
4248.1519 0.8975
4249.1294 0.8955
4250.1094 0.8965
4251.0869 0.9001
4252.0649 0.9012
4253.0454 0.8990
4254.0239 0.8956
4255.0049 0.8938
4255.9834 0.8958
4256.9648 0.9001
4257.9443 0.9024
4258.9263 0.8996
4259.9058 0.8921
4260.8857 0.8856
4261.8687 0.8873
4262.8491 0.8893
4263.8320 0.8881
4264.8130 0.8878
4265.7964 0.8922
4266.7778 0.8991
4267.7593 0.9019
4268.7432 0.8993
4269.7256 0.8946
4270.7100 0.8922
4271.6924 0.8934
4272.6772 0.8948
4273.6606 0.8918
4274.6436 0.8839
4275.6294 0.8772
4276.6128 0.8767
4277.5991 0.8819
4278.5830 0.8873
4279.5698 0.8904
4280.5542 0.8915
4281.5391 0.8939
4282.5264 0.8978
4283.5117 0.9012
4284.4990 0.9012
4285.4849 0.8984
4286.4731 0.8949
4287.4590 0.8946
4288.4453 0.8976
4289.4346 0.9010
4290.4214 0.9006
4291.4106 0.8959
4292.3979 0.8905
4293.3877 0.8902
4294.3755 0.8942
4295.3633 0.8953
4296.3535 0.8879
4297.3423 0.8797
4298.3330 0.8717
4299.3218 0.8697
4300.3135 0.8750
4301.3027 0.8794
4302.2920 0.8720
4303.2842 0.8652
4304.2744 0.8560
4305.2666 0.8460
4306.2573 0.8490
4307.2500 0.8701
4308.2412 0.8906
4309.2319 0.8926
4310.2261 0.8901
4311.2173 0.8932
4312.2114 0.9007
4313.2036 0.9051
4314.1982 0.9001
4315.1904 0.8869
4316.1836 0.8725
4317.1787 0.8678
4318.1719 0.8765
4319.1675 0.8917
4320.1611 0.9007
4321.1572 0.9022
4322.1514 0.9013
4323.1460 0.9013
4324.1426 0.9037
4325.1377 0.9071
4326.1348 0.9066
4327.1299 0.8987
4328.1279 0.8916
4329.1235 0.8925
4330.1196 0.8999
4331.1182 0.9062
4332.1143 0.9052
4333.1133 0.8996
4334.1104 0.8941
4335.1099 0.8894
4336.1069 0.8839
4337.1069 0.8748
4338.1045 0.8567
4339.1025 0.8225
4340.1030 0.7682
4341.1016 0.6919
4342.1025 0.6095
4343.1016 0.5616
4344.1030 0.5936
4345.1025 0.6793
4346.1021 0.7561
4347.1040 0.8095
4348.1040 0.8441
4349.1069 0.8658
4350.1074 0.8790
4351.1104 0.8858
4352.1113 0.8800
4353.1128 0.8575
4354.1167 0.8349
4355.1182 0.8368
4356.1226 0.8684
4357.1245 0.8930
4358.1294 0.9027
4359.1318 0.9031
4360.1348 0.9017
4361.1401 0.9033
4362.1436 0.9067
4363.1494 0.9057
4364.1528 0.9027
4365.1592 0.9029
4366.1636 0.9068
4367.1680 0.9111
4368.1753 0.9124
4369.1802 0.9087
4370.1875 0.9009
4371.1929 0.8946
4372.2007 0.8945
4373.2065 0.9007
4374.2129 0.9078
4375.2212 0.9107
4376.2280 0.9101
4377.2368 0.9091
4378.2441 0.9097
4379.2534 0.9114
4380.2612 0.9121
4381.2686 0.9119
4382.2793 0.9112
4383.2871 0.9091
4384.2979 0.9023
4385.3066 0.8847
4386.3179 0.8539
4387.3267 0.8276
4388.3359 0.8301
4389.3481 0.8507
4390.3579 0.8711
4391.3701 0.8810
4392.3804 0.8822
4393.3936 0.8822
4394.4043 0.8891
4395.4150 0.8932
4396.4287 0.8869
4397.4399 0.8762
4398.4541 0.8783
4399.4658 0.8932
4400.4805 0.9018
4401.4927 0.9017
4402.5054 0.8987
4403.5205 0.8984
4404.5337 0.9007
4405.5493 0.9005
4406.5625 0.8991
4407.5786 0.8996
4408.5928 0.9024
4409.6069 0.9051
4410.6240 0.9050
4411.6387 0.9034
4412.6558 0.9014
4413.6709 0.9000
4414.6885 0.8990
4415.7041 0.8970
4416.7227 0.8909
4417.7388 0.8743
4418.7549 0.8497
4419.7739 0.8381
4420.7905 0.8485
4421.8101 0.8703
4422.8271 0.8838
4423.8472 0.8884
4424.8647 0.8890
4425.8828 0.8872
4426.9033 0.8840
4427.9219 0.8804
4428.9429 0.8768
4429.9619 0.8736
4430.9834 0.8735
4432.0024 0.8759
4433.0220 0.8786
4434.0444 0.8798
4435.0645 0.8800
4436.0874 0.8791
4437.1079 0.8790
4438.1309 0.8805
4439.1519 0.8833
4440.1733 0.8869
4441.1968 0.8913
4442.2188 0.8948
4443.2432 0.8965
4444.2651 0.8946
4445.2900 0.8882
4446.3125 0.8821
4447.3354 0.8855
4448.3613 0.8953
4449.3843 0.9020
4450.4106 0.9049
4451.4341 0.9039
4452.4609 0.8991
4453.4849 0.8937
4454.5098 0.8958
4455.5366 0.9023
4456.5615 0.9051
4457.5894 0.9038
4458.6147 0.9040
4459.6431 0.9094
4460.6689 0.9142
4461.6953 0.9153
4462.7241 0.9121
4463.7505 0.9071
4464.7798 0.9044
4465.8071 0.9060
4466.8369 0.9070
4467.8643 0.9082
4468.8921 0.9070
4469.9229 0.8999
4470.9512 0.8896
4471.9819 0.8846
4473.0107 0.8786
4474.0425 0.8696
4475.0718 0.8706
4476.1011 0.8841
4477.1333 0.9011
4478.1631 0.9115
4479.1958 0.9157
4480.2266 0.9151
4481.2593 0.8997
4482.2905 0.8567
4483.3213 0.7992
4484.3555 0.7808
4485.3872 0.8349
4486.4214 0.8880
4487.4536 0.9138
4488.4883 0.9176
4489.5210 0.9101
4490.5537 0.8958
4491.5889 0.8817
4492.6226 0.8743
4493.6582 0.8739
4494.6919 0.8831
4495.7285 0.9008
4496.7627 0.9157
4497.7998 0.9227
4498.8345 0.9262
4499.8696 0.9265
4500.9072 0.9229
4501.9424 0.9150
4502.9805 0.9034
4504.0166 0.8975
4505.0552 0.9031
4506.0913 0.9128
4507.1279 0.9195
4508.1675 0.9184
4509.2046 0.9039
4510.2446 0.8762
4511.2822 0.8686
4512.3223 0.8868
4513.3604 0.9110
4514.3984 0.9223
4515.4395 0.9199
4516.4785 0.9037
4517.5200 0.8833
4518.5591 0.8808
4519.6011 0.8962
4520.6406 0.9079
4521.6807 0.8955
4522.7236 0.8731
4523.7642 0.8562
4524.8071 0.8472
4525.8481 0.8554
4526.8916 0.8830
4527.9331 0.9098
4528.9746 0.9205
4530.0190 0.9237
4531.0610 0.9234
4532.1060 0.9225
4533.1489 0.9229
4534.1938 0.9213
4535.2373 0.9087
4536.2803 0.8928
4537.3267 0.8919
4538.3701 0.9065
4539.4170 0.9223
4540.4609 0.9264
4541.5083 0.9230
4542.5527 0.9126
4543.5981 0.9014
4544.6455 0.9000
4545.6909 0.9112
4546.7393 0.9226
4547.7852 0.9257
4548.8340 0.9241
4549.8804 0.9078
4550.9272 0.8723
4551.9766 0.8382
4553.0239 0.8459
4554.0737 0.8856
4555.1216 0.9084
4556.1719 0.9055
4557.2197 0.8833
4558.2686 0.8594
4559.3193 0.8579
4560.3682 0.8666
4561.4199 0.8757
4562.4692 0.8930
4563.5215 0.9127
4564.5713 0.9205
4565.6211 0.9142
4566.6743 0.9090
4567.7246 0.9116
4568.7778 0.9179
4569.8291 0.9232
4570.8828 0.9251
4571.9341 0.9228
4572.9888 0.9150
4574.0405 0.9050
4575.0928 0.9026
4576.1479 0.9078
4577.2007 0.9099
4578.2559 0.8994
4579.3091 0.8941
4580.3652 0.9009
4581.4189 0.9073
4582.4731 0.9074
4583.5298 0.9004
4584.5840 0.8795
4585.6411 0.8390
4586.6963 0.8283
4587.7539 0.8550
4588.8091 0.8869
4589.8647 0.8934
4590.9233 0.8835
4591.9795 0.8890
4593.0386 0.8985
4594.0952 0.9033
4595.1543 0.9053
4596.2114 0.9087
4597.2690 0.9109
4598.3291 0.9094
4599.3867 0.9112
4600.4473 0.9152
4601.5059 0.9191
4602.5669 0.9211
4603.6255 0.9213
4604.6846 0.9218
4605.7466 0.9230
4606.8062 0.9229
4607.8687 0.9218
4608.9287 0.9216
4609.9912 0.9231
4611.0518 0.9248
4612.1128 0.9258
4613.1763 0.9254
4614.2373 0.9244
4615.3013 0.9237
4616.3633 0.9224
4617.4277 0.9184
4618.4897 0.9116
4619.5522 0.9033
4620.6177 0.8943
4621.6807 0.8873
4622.7466 0.8883
4623.8096 0.8981
4624.8760 0.9105
4625.9399 0.9192
4627.0044 0.9212
4628.0713 0.9180
4629.1357 0.9130
4630.2031 0.8995
4631.2686 0.8770
4632.3364 0.8680
4633.4023 0.8806
4634.4678 0.9000
4635.5366 0.9021
4636.6030 0.8903
4637.6724 0.8850
4638.7393 0.8927
4639.8091 0.9065
4640.8765 0.9167
4641.9438 0.9210
4643.0142 0.9225
4644.0825 0.9222
4645.1533 0.9215
4646.2222 0.9212
4647.2935 0.9218
4648.3623 0.9229
4649.4316 0.9228
4650.5039 0.9212
4651.5737 0.9201
4652.6465 0.9209
4653.7168 0.9228
4654.7900 0.9234
4655.8608 0.9227
4656.9346 0.9214
4658.0059 0.9179
4659.0771 0.9131
4660.1519 0.9111
4661.2236 0.9148
4662.2983 0.9175
4663.3711 0.9167
4664.4463 0.9116
4665.5195 0.9050
4666.5928 0.9015
4667.6689 0.9025
4668.7427 0.8994
4669.8193 0.8994
4670.8936 0.9038
4671.9707 0.9081
4673.0454 0.9094
4674.1206 0.9114
4675.1982 0.9143
4676.2739 0.9165
4677.3521 0.9181
4678.4282 0.9187
4679.5073 0.9176
4680.5835 0.9157
4681.6602 0.9139
4682.7397 0.9139
4683.8174 0.9160
4684.8975 0.9185
4685.9751 0.9199
4687.0557 0.9208
4688.1338 0.9219
4689.2124 0.9214
4690.2935 0.9201
4691.3726 0.9195
4692.4546 0.9199
4693.5342 0.9200
4694.6162 0.9194
4695.6963 0.9186
4696.7764 0.9183
4697.8594 0.9187
4698.9404 0.9190
4700.0239 0.9183
4701.1050 0.9177
4702.1890 0.9180
4703.2710 0.9188
4704.3530 0.9203
4705.4375 0.9218
4706.5200 0.9219
4707.6055 0.9204
4708.6885 0.9192
4709.7744 0.9184
4710.8579 0.9181
4711.9414 0.9185
4713.0283 0.9185
4714.1123 0.9142
4715.1992 0.9071
4716.2842 0.9038
4717.3716 0.9060
4718.4570 0.9105
4719.5425 0.9132
4720.6309 0.9153
4721.7168 0.9159
4722.8057 0.9153
4723.8921 0.9146
4724.9814 0.9143
4726.0684 0.9134
4727.1553 0.9108
4728.2456 0.9070
4729.3335 0.9040
4730.4238 0.9030
4731.5122 0.9027
4732.6030 0.8993
4733.6919 0.8930
4734.7808 0.8938
4735.8726 0.9008
4736.9624 0.9076
4738.0547 0.9101
4739.1445 0.9092
4740.2373 0.9069
4741.3276 0.9040
4742.4214 0.9033
4743.5122 0.9056
4744.6035 0.9091
4745.6973 0.9109
4746.7891 0.9115
4747.8838 0.9108
4748.9761 0.9101
4750.0713 0.9102
4751.1641 0.9103
4752.2568 0.9093
4753.3525 0.9081
4754.4463 0.9072
4755.5425 0.9059
4756.6367 0.9037
4757.7334 0.9008
4758.8281 0.8995
4759.9229 0.9013
4761.0205 0.9027
4762.1157 0.9024
4763.2139 0.9004
4764.3096 0.8974
4765.4082 0.8941
4766.5044 0.8931
4767.6011 0.8952
4768.7002 0.8985
4769.7974 0.9012
4770.8975 0.9023
4771.9951 0.9022
4773.0952 0.8995
4774.1934 0.8965
4775.2915 0.8952
4776.3926 0.8955
4777.4917 0.8961
4778.5933 0.8961
4779.6924 0.8960
4780.7949 0.8957
4781.8945 0.8944
4782.9946 0.8935
4784.0977 0.8952
4785.1982 0.8988
4786.3018 0.8997
4787.4028 0.8994
4788.5068 0.8993
4789.6084 0.8994
4790.7100 0.8987
4791.8149 0.8979
4792.9170 0.8986
4794.0225 0.8998
4795.1255 0.9012
4796.2310 0.9023
4797.3345 0.9020
4798.4380 0.9003
4799.5444 0.8998
4800.6489 0.8998
4801.7559 0.9002
4802.8604 0.9012
4803.9678 0.9019
4805.0732 0.9004
4806.1782 0.8966
4807.2866 0.8928
4808.3926 0.8928
4809.5015 0.8959
4810.6079 0.8983
4811.7173 0.8979
4812.8242 0.8959
4813.9312 0.8934
4815.0415 0.8925
4816.1489 0.8935
4817.2598 0.8944
4818.3677 0.8933
4819.4790 0.8942
4820.5879 0.8956
4821.6968 0.8951
4822.8086 0.8932
4823.9180 0.8911
4825.0303 0.8867
4826.1401 0.8740
4827.2534 0.8680
4828.3638 0.8757
4829.4771 0.8886
4830.5884 0.8957
4831.6992 0.8976
4832.8135 0.8986
4833.9253 0.8985
4835.0400 0.8981
4836.1523 0.8975
4837.2676 0.8957
4838.3804 0.8919
4839.4937 0.8911
4840.6094 0.8933
4841.7231 0.8946
4842.8394 0.8944
4843.9536 0.8944
4845.0708 0.8954
4846.1851 0.8966
4847.3003 0.8966
4848.4180 0.8946
4849.5332 0.8890
4850.6514 0.8814
4851.7676 0.8783
4852.8862 0.8828
4854.0024 0.8849
4855.1191 0.8836
4856.2388 0.8797
4857.3560 0.8725
4858.4761 0.8601
4859.5938 0.8437
4860.7144 0.8174
4861.8325 0.7693
4862.9512 0.7033
4864.0723 0.6543
4865.1914 0.6728
4866.3135 0.7343
4867.4326 0.7882
4868.5552 0.8266
4869.6753 0.8525
4870.7954 0.8675
4871.9189 0.8749
4873.0396 0.8780
4874.1631 0.8793
4875.2847 0.8800
4876.4087 0.8796
4877.5308 0.8764
4878.6528 0.8693
4879.7778 0.8673
4880.9004 0.8728
4882.0259 0.8785
4883.1489 0.8801
4884.2749 0.8791
4885.3984 0.8777
4886.5225 0.8756
4887.6494 0.8755
4888.7734 0.8780
4889.9009 0.8811
4891.0259 0.8827
4892.1538 0.8843
4893.2793 0.8843
4894.4048 0.8831
4895.5337 0.8818
4896.6597 0.8814
4897.7891 0.8827
4898.9155 0.8849
4900.0454 0.8855
4901.1724 0.8859
4902.2998 0.8868
4903.4307 0.8874
4904.5586 0.8875
4905.6895 0.8883
4906.8179 0.8885
4907.9497 0.8882
4909.0786 0.8886
4910.2080 0.8890
4911.3403 0.8884
4912.4702 0.8882
4913.6030 0.8881
4914.7334 0.8882
4915.8667 0.8889
4916.9976 0.8911
4918.1313 0.8940
4919.2627 0.8942
4920.3945 0.8926
4921.5288 0.8916
4922.6611 0.8864
4923.7964 0.8734
4924.9292 0.8478
4926.0649 0.8094
4927.1978 0.8010
4928.3315 0.8373
4929.4678 0.8762
4930.6021 0.8934
4931.7388 0.8957
4932.8735 0.8971
4934.0107 0.8983
4935.1460 0.8979
4936.2812 0.8967
4937.4194 0.8963
4938.5557 0.8970
4939.6943 0.8972
4940.8306 0.8972
4941.9702 0.8985
4943.1069 0.8998
4944.2441 0.8996
4945.3843 0.8982
4946.5220 0.8975
4947.6626 0.8969
4948.8008 0.8956
4949.9419 0.8930
4951.0806 0.8908
4952.2197 0.8904
4953.3618 0.8895
4954.5010 0.8870
4955.6436 0.8878
4956.7837 0.8912
4957.9268 0.8941
4959.0674 0.8943
4960.2080 0.8922
4961.3521 0.8928
4962.4932 0.8946
4963.6377 0.8955
4964.7793 0.8948
4965.9243 0.8927
4967.0669 0.8910
4968.2095 0.8912
4969.3550 0.8905
4970.4980 0.8896
4971.6445 0.8899
4972.7881 0.8915
4973.9351 0.8927
4975.0791 0.8938
4976.2236 0.8955
4977.3711 0.8960
4978.5161 0.8941
4979.6641 0.8908
4980.8096 0.8891
4981.9585 0.8894
4983.1045 0.8907
4984.2510 0.8914
4985.4004 0.8906
4986.5469 0.8892
4987.6968 0.8893
4988.8442 0.8914
4989.9946 0.8920
4991.1426 0.8904
4992.2910 0.8861
4993.4419 0.8804
4994.5908 0.8776
4995.7427 0.8791
4996.8921 0.8831
4998.0439 0.8879
4999.1938 0.8921
5000.3438 0.8939
5001.4971 0.8918
5002.6475 0.8855
5003.8013 0.8748
5004.9521 0.8673
5006.1064 0.8676
5007.2583 0.8734
5008.4126 0.8781
5009.5649 0.8810
5010.7173 0.8819
5011.8730 0.8826
5013.0259 0.8851
5014.1816 0.8892
5015.3354 0.8906
5016.4917 0.8849
5017.6460 0.8765
5018.8003 0.8630
5019.9575 0.8339
5021.1123 0.7985
5022.2700 0.8043
5023.4258 0.8486
5024.5840 0.8740
5025.7397 0.8814
5026.8960 0.8842
5028.0552 0.8854
5029.2119 0.8832
5030.3716 0.8827
5031.5288 0.8833
5032.6890 0.8805
5033.8472 0.8752
5035.0049 0.8725
5036.1660 0.8741
5037.3247 0.8729
5038.4863 0.8696
5039.6455 0.8708
5040.8076 0.8752
5041.9668 0.8720
5043.1270 0.8538
5044.2900 0.8462
5045.4502 0.8600
5046.6138 0.8748
5047.7749 0.8793
5048.9390 0.8771
5050.1001 0.8750
5051.2622 0.8767
5052.4268 0.8804
5053.5894 0.8826
5054.7544 0.8824
5055.9175 0.8792
5057.0830 0.8676
5058.2466 0.8384
5059.4102 0.8301
5060.5771 0.8488
5061.7412 0.8720
5062.9082 0.8790
5064.0732 0.8780
5065.2407 0.8790
5066.4062 0.8818
5067.5718 0.8822
5068.7402 0.8795
5069.9062 0.8772
5071.0752 0.8783
5072.2417 0.8794
5073.4116 0.8774
5074.5786 0.8753
5075.7461 0.8744
5076.9165 0.8732
5078.0845 0.8721
5079.2554 0.8749
5080.4238 0.8788
5081.5957 0.8814
5082.7646 0.8818
5083.9336 0.8808
5085.1060 0.8790
5086.2759 0.8788
5087.4487 0.8790
5088.6191 0.8783
5089.7925 0.8767
5090.9634 0.8751
5092.1348 0.8746
5093.3091 0.8755
5094.4805 0.8755
5095.6553 0.8733
5096.8276 0.8717
5098.0029 0.8730
5099.1758 0.8733
5100.3516 0.8713
5101.5249 0.8686
5102.6987 0.8615
5103.8750 0.8560
5105.0493 0.8609
5106.2266 0.8707
5107.4014 0.8716
5108.5791 0.8699
5109.7544 0.8699
5110.9297 0.8718
5112.1084 0.8739
5113.2842 0.8743
5114.4634 0.8733
5115.6401 0.8712
5116.8198 0.8701
5117.9966 0.8704
5119.1743 0.8706
5120.3545 0.8703
5121.5327 0.8704
5122.7134 0.8696
5123.8921 0.8693
5125.0737 0.8697
5126.2524 0.8700
5127.4321 0.8703
5128.6143 0.8696
5129.7939 0.8655
5130.9771 0.8612
5132.1572 0.8614
5133.3408 0.8659
5134.5220 0.8682
5135.7031 0.8678
5136.8872 0.8689
5138.0688 0.8705
5139.2539 0.8709
5140.4360 0.8697
5141.6216 0.8682
5142.8042 0.8668
5143.9873 0.8674
5145.1738 0.8668
5146.3574 0.8632
5147.5439 0.8584
5148.7280 0.8569
5149.9155 0.8589
5151.1001 0.8581
5152.2852 0.8557
5153.4731 0.8560
5154.6587 0.8595
5155.8477 0.8590
5157.0337 0.8578
5158.2227 0.8589
5159.4097 0.8597
5160.5962 0.8600
5161.7861 0.8614
5162.9736 0.8617
5164.1646 0.8612
5165.3525 0.8620
5166.5435 0.8626
5167.7319 0.8610
5168.9209 0.8532
5170.1128 0.8303
5171.3022 0.7835
5172.4946 0.7731
5173.6846 0.8049
5174.8779 0.8421
5176.0684 0.8551
5177.2588 0.8617
5178.4526 0.8640
5179.6440 0.8618
5180.8384 0.8601
5182.0303 0.8601
5183.2251 0.8596
5184.4175 0.8588
5185.6104 0.8544
5186.8062 0.8503
5187.9995 0.8503
5189.1958 0.8533
5190.3896 0.8559
5191.5864 0.8568
5192.7808 0.8574
5193.9780 0.8582
5195.1729 0.8581
5196.3682 0.8563
5197.5664 0.8522
5198.7622 0.8436
5199.9609 0.8261
5201.1572 0.8237
5202.3564 0.8368
5203.5532 0.8508
5204.7505 0.8546
5205.9507 0.8550
5207.1484 0.8560
5208.3491 0.8581
5209.5474 0.8597
5210.7485 0.8596
5211.9473 0.8590
5213.1460 0.8604
5214.3481 0.8603
5215.5479 0.8564
5216.7505 0.8503
5217.9507 0.8436
5219.1538 0.8387
5220.3545 0.8406
5221.5557 0.8476
5222.7598 0.8517
5223.9609 0.8525
5225.1655 0.8514
5226.3677 0.8494
5227.5728 0.8471
5228.7754 0.8391
5229.9785 0.8312
5231.1846 0.8342
5232.3877 0.8455
5233.5942 0.8528
5234.7983 0.8484
5236.0054 0.8325
5237.2100 0.8151
5238.4150 0.8126
5239.6230 0.8230
5240.8281 0.8330
5242.0366 0.8413
5243.2427 0.8481
5244.4517 0.8515
5245.6582 0.8518
5246.8652 0.8471
5248.0747 0.8375
5249.2822 0.8323
5250.4927 0.8365
5251.7007 0.8409
5252.9116 0.8435
5254.1201 0.8450
5255.3286 0.8453
5256.5405 0.8438
5257.7500 0.8412
5258.9624 0.8413
5260.1724 0.8425
5261.3853 0.8405
5262.5957 0.8343
5263.8062 0.8310
5265.0200 0.8373
5266.2310 0.8355
5267.4458 0.8310
5268.6572 0.8345
5269.8721 0.8459
5271.0845 0.8510
5272.2974 0.8505
5273.5132 0.8480
5274.7261 0.8440
5275.9424 0.8386
5277.1562 0.8280
5278.3730 0.8057
5279.5874 0.8040
5280.8047 0.8230
5282.0195 0.8390
5283.2349 0.8443
5284.4531 0.8459
5285.6689 0.8434
5286.8877 0.8359
5288.1040 0.8374
5289.3232 0.8442
5290.5400 0.8486
5291.7573 0.8486
5292.9775 0.8481
5294.1953 0.8449
5295.4160 0.8438
5296.6343 0.8455
5297.8555 0.8473
5299.0742 0.8476
5300.2935 0.8476
5301.5156 0.8450
5302.7354 0.8432
5303.9580 0.8439
5305.1782 0.8456
5306.4014 0.8458
5307.6221 0.8447
5308.8433 0.8419
5310.0674 0.8414
5311.2891 0.8427
5312.5137 0.8444
5313.7358 0.8458
5314.9614 0.8443
5316.1841 0.8394
5317.4072 0.8267
5318.6333 0.8024
5319.8569 0.7869
5321.0835 0.8030
5322.3076 0.8323
5323.5347 0.8394
5324.7598 0.8421
5325.9844 0.8439
5327.2129 0.8414
5328.4380 0.8371
5329.6670 0.8399
5330.8931 0.8416
5332.1221 0.8392
5333.3491 0.8374
5334.5757 0.8396
5335.8062 0.8424
5337.0337 0.8388
5338.2642 0.8350
5339.4922 0.8350
5340.7236 0.8355
5341.9521 0.8353
5343.1812 0.8369
5344.4131 0.8415
5345.6426 0.8435
5346.8755 0.8425
5348.1055 0.8401
5349.3389 0.8390
5350.5693 0.8405
5351.8003 0.8424
5353.0342 0.8431
5354.2656 0.8432
5355.5005 0.8428
5356.7324 0.8420
5357.9678 0.8413
5359.2002 0.8406
5360.4331 0.8398
5361.6694 0.8385
5362.9028 0.8367
5364.1392 0.8303
5365.3735 0.8185
5366.6108 0.8142
5367.8452 0.8262
5369.0801 0.8346
5370.3184 0.8372
5371.5537 0.8372
5372.7925 0.8360
5374.0283 0.8352
5375.2676 0.8364
5376.5039 0.8379
5377.7441 0.8387
5378.9810 0.8384
5380.2183 0.8378
5381.4590 0.8383
5382.6973 0.8384
5383.9385 0.8368
5385.1768 0.8352
5386.4189 0.8354
5387.6577 0.8356
5388.8975 0.8318
5390.1401 0.8271
5391.3799 0.8286
5392.6230 0.8327
5393.8638 0.8351
5395.1074 0.8349
5396.3486 0.8332
5397.5903 0.8322
5398.8350 0.8308
5400.0767 0.8297
5401.3223 0.8300
5402.5645 0.8304
5403.8105 0.8264
5405.0537 0.8222
5406.2969 0.8242
5407.5439 0.8269
5408.7876 0.8278
5410.0352 0.8292
5411.2798 0.8309
5412.5273 0.8312
5413.7725 0.8305
5415.0181 0.8292
5416.2666 0.8267
5417.5127 0.8247
5418.7617 0.8281
5420.0083 0.8322
5421.2583 0.8322
5422.5054 0.8302
5423.7529 0.8291
5425.0034 0.8294
5426.2515 0.8279
5427.5029 0.8232
5428.7515 0.8215
5430.0034 0.8223
5431.2524 0.8219
5432.5020 0.8204
5433.7549 0.8220
5435.0049 0.8204
5436.2578 0.8199
5437.5088 0.8230
5438.7627 0.8265
5440.0137 0.8270
5441.2651 0.8270
5442.5200 0.8267
5443.7720 0.8263
5445.0273 0.8253
5446.2798 0.8244
5447.5356 0.8247
5448.7891 0.8257
5450.0425 0.8247
5451.2993 0.8242
5452.5532 0.8245
5453.8105 0.8249
5455.0654 0.8240
5456.3232 0.8202
5457.5786 0.8191
5458.8340 0.8215
5460.0928 0.8235
5461.3486 0.8244
5462.6084 0.8256
5463.8647 0.8270
5465.1250 0.8268
5466.3823 0.8255
5467.6396 0.8220
5468.9004 0.8167
5470.1587 0.8139
5471.4199 0.8193
5472.6787 0.8238
5473.9404 0.8255
5475.1997 0.8255
5476.4624 0.8250
5477.7222 0.8248
5478.9824 0.8255
5480.2461 0.8214
5481.5068 0.8138
5482.7705 0.8111
5484.0322 0.8148
5485.2964 0.8190
5486.5586 0.8209
5487.8208 0.8220
5489.0859 0.8190
5490.3491 0.8148
5491.6147 0.8136
5492.8784 0.8167
5494.1450 0.8191
5495.4087 0.8180
5496.6729 0.8171
5497.9404 0.8187
5499.2056 0.8218
5500.4736 0.8233
5501.7388 0.8226
5503.0073 0.8223
5504.2734 0.8197
5505.5396 0.8157
5506.8096 0.8129
5508.0762 0.8108
5509.3462 0.8058
5510.6138 0.8069
5511.8843 0.8097
5513.1523 0.8116
5514.4209 0.8142
5515.6924 0.8184
5516.9614 0.8206
5518.2334 0.8222
5519.5029 0.8228
5520.7759 0.8227
5522.0459 0.8220
5523.3159 0.8209
5524.5898 0.8196
5525.8608 0.8185
5527.1348 0.8167
5528.4062 0.8148
5529.6812 0.8134
5530.9536 0.8125
5532.2256 0.8123
5533.5015 0.8135
5534.7744 0.8137
5536.0508 0.8093
5537.3242 0.8012
5538.6011 0.7965
5539.8755 0.8037
5541.1499 0.8097
5542.4277 0.8123
5543.7026 0.8131
5544.9810 0.8124
5546.2568 0.8096
5547.5356 0.8059
5548.8115 0.8071
5550.0884 0.8099
5551.3682 0.8113
5552.6450 0.8117
5553.9258 0.8131
5555.2031 0.8147
5556.4844 0.8144
5557.7627 0.8127
5559.0410 0.8117
5560.3232 0.8118
5561.6021 0.8116
5562.8848 0.8104
5564.1646 0.8097
5565.4473 0.8095
5566.7280 0.8091
5568.0083 0.8090
5569.2925 0.8101
5570.5737 0.8105
5571.8579 0.8095
5573.1401 0.8090
5574.4253 0.8092
5575.7075 0.8095
5576.9932 0.8093
5578.2764 0.8079
5579.5596 0.8059
5580.8462 0.8041
5582.1299 0.8042
5583.4170 0.8057
5584.7017 0.8068
5585.9893 0.8066
5587.2744 0.8069
5588.5601 0.8063
5589.8486 0.8041
5591.1348 0.8023
5592.4238 0.8029
5593.7104 0.8047
5595.0005 0.8050
5596.2876 0.8048
5597.5747 0.8046
5598.8657 0.8044
5600.1538 0.8042
5601.4448 0.8038
5602.7334 0.8030
5604.0254 0.8024
5605.3149 0.8025
5606.6045 0.8027
5607.8970 0.8016
5609.1870 0.7996
5610.4805 0.7994
5611.7715 0.7996
5613.0654 0.7995
5614.3569 0.7996
5615.6484 0.8005
5616.9434 0.8011
5618.2354 0.8001
5619.5308 0.7990
5620.8237 0.7994
5622.1201 0.8003
5623.4131 0.7997
5624.7070 0.7991
5626.0039 0.7998
5627.2983 0.8001
5628.5957 0.7999
5629.8906 0.7994
5631.1890 0.7989
5632.4844 0.7995
5633.7803 0.7991
5635.0791 0.7983
5636.3755 0.7979
5637.6753 0.7974
5638.9722 0.7966
5640.2725 0.7957
5641.5703 0.7940
5642.8682 0.7908
5644.1694 0.7904
5645.4678 0.7930
5646.7695 0.7940
5648.0684 0.7909
5649.3711 0.7899
5650.6704 0.7909
5651.9707 0.7918
5653.2739 0.7924
5654.5742 0.7936
5655.8784 0.7941
5657.1797 0.7944
5658.4839 0.7936
5659.7856 0.7922
5661.0879 0.7911
5662.3931 0.7906
5663.6958 0.7904
5665.0020 0.7916
5666.3052 0.7926
5667.6118 0.7925
5668.9155 0.7916
5670.2197 0.7907
5671.5273 0.7898
5672.8320 0.7894
5674.1401 0.7895
5675.4453 0.7896
5676.7539 0.7891
5678.0601 0.7884
5679.3696 0.7882
5680.6758 0.7883
5681.9829 0.7876
5683.2930 0.7867
5684.6006 0.7864
5685.9111 0.7866
5687.2192 0.7874
5688.5308 0.7880
5689.8394 0.7877
5691.1484 0.7867
5692.4609 0.7856
5693.7705 0.7851
5695.0835 0.7859
5696.3936 0.7867
5697.7070 0.7865
5699.0176 0.7856
5700.3286 0.7848
5701.6431 0.7845
5702.9551 0.7837
5704.2700 0.7822
5705.5825 0.7809
5706.8979 0.7792
5708.2109 0.7775
5709.5239 0.7772
5710.8408 0.7793
5712.1543 0.7815
5713.4717 0.7819
5714.7861 0.7815
5716.1040 0.7815
5717.4189 0.7820
5718.7339 0.7822
5720.0527 0.7819
5721.3687 0.7808
5722.6880 0.7798
5724.0044 0.7794
5725.3242 0.7797
5726.6416 0.7804
5727.9590 0.7799
5729.2798 0.7784
5730.5977 0.7779
5731.9194 0.7785
5733.2378 0.7784
5734.5601 0.7779
5735.8794 0.7779
5737.1987 0.7771
5738.5215 0.7766
5739.8418 0.7769
5741.1655 0.7771
5742.4863 0.7769
5743.8105 0.7761
5745.1318 0.7757
5746.4536 0.7756
5747.7783 0.7749
5749.1006 0.7737
5750.4268 0.7729
5751.7495 0.7734
5753.0757 0.7743
5754.3994 0.7747
5755.7231 0.7749
5757.0503 0.7752
5758.3745 0.7748
5759.7026 0.7748
5761.0273 0.7753
5762.3560 0.7757
5763.6816 0.7753
5765.0078 0.7743
5766.3369 0.7734
5767.6636 0.7726
5768.9937 0.7720
5770.3208 0.7719
5771.6514 0.7719
5772.9790 0.7712
5774.3071 0.7701
5775.6387 0.7689
5776.9673 0.7686
5778.2993 0.7681
5779.6289 0.7665
5780.9614 0.7624
5782.2915 0.7520
5783.6250 0.7392
5784.9556 0.7404
5786.2861 0.7499
5787.6206 0.7582
5788.9521 0.7623
5790.2871 0.7648
5791.6191 0.7657
5792.9546 0.7668
5794.2871 0.7675
5795.6201 0.7670
5796.9565 0.7654
5798.2900 0.7623
5799.6274 0.7575
5800.9614 0.7578
5802.2993 0.7625
5803.6338 0.7664
5804.9692 0.7667
5806.3076 0.7664
5807.6436 0.7661
5808.9824 0.7650
5810.3188 0.7641
5811.6587 0.7643
5812.9956 0.7649
5814.3330 0.7648
5815.6738 0.7629
5817.0117 0.7628
5818.3530 0.7647
5819.6914 0.7664
5821.0337 0.7664
5822.3726 0.7662
5823.7119 0.7665
5825.0552 0.7665
5826.3950 0.7665
5827.7388 0.7667
5829.0791 0.7664
5830.4233 0.7649
5831.7646 0.7647
5833.1064 0.7651
5834.4517 0.7653
5835.7935 0.7654
5837.1396 0.7657
5838.4824 0.7646
5839.8286 0.7649
5841.1719 0.7658
5842.5156 0.7655
5843.8633 0.7637
5845.2075 0.7617
5846.5552 0.7602
5847.9004 0.7593
5849.2490 0.7594
5850.5942 0.7601
5851.9404 0.7598
5853.2896 0.7585
5854.6362 0.7591
5855.9863 0.7598
5857.3335 0.7598
5858.6841 0.7597
5860.0322 0.7599
5861.3799 0.7604
5862.7319 0.7602
5864.0806 0.7597
5865.4326 0.7595
5866.7822 0.7593
5868.1348 0.7591
5869.4849 0.7585
5870.8350 0.7569
5872.1890 0.7562
5873.5400 0.7562
5874.8940 0.7561
5876.2456 0.7545
5877.6006 0.7475
5878.9531 0.7340
5880.3052 0.7391
5881.6611 0.7505
5883.0146 0.7564
5884.3711 0.7559
5885.7246 0.7546
5887.0820 0.7540
5888.4365 0.7527
5889.7939 0.7508
5891.1489 0.7346
5892.5044 0.6988
5893.8633 0.6733
5895.2192 0.7121
5896.5786 0.7372
5897.9351 0.7175
5899.2949 0.6915
5900.6523 0.7001
5902.0098 0.7374
5903.3706 0.7463
5904.7285 0.7460
5906.0903 0.7455
5907.4487 0.7477
5908.8110 0.7504
5910.1704 0.7506
5911.5303 0.7498
5912.8931 0.7493
5914.2534 0.7487
5915.6172 0.7478
5916.9780 0.7468
5918.3428 0.7463
5919.7041 0.7464
5921.0659 0.7458
5922.4312 0.7448
5923.7939 0.7450
5925.1597 0.7455
5926.5229 0.7442
5927.8896 0.7431
5929.2534 0.7446
5930.6172 0.7453
5931.9849 0.7450
5933.3496 0.7447
5934.7178 0.7445
5936.0830 0.7444
5937.4517 0.7453
5938.8179 0.7455
5940.1841 0.7446
5941.5537 0.7437
5942.9204 0.7426
5944.2910 0.7379
5945.6587 0.7353
5947.0298 0.7370
5948.3975 0.7382
5949.7661 0.7375
5951.1382 0.7374
5952.5073 0.7381
5953.8799 0.7379
5955.2495 0.7366
5956.6226 0.7360
5957.9932 0.7353
5959.3638 0.7307
5960.7378 0.7220
5962.1094 0.7230
5963.4839 0.7280
5964.8560 0.7304
5966.2314 0.7311
5967.6040 0.7334
5968.9766 0.7325
5970.3530 0.7310
5971.7266 0.7313
5973.1035 0.7323
5974.4780 0.7327
5975.8555 0.7329
5977.2305 0.7324
5978.6055 0.7307
5979.9839 0.7270
5981.3599 0.7194
5982.7388 0.7146
5984.1152 0.7210
5985.4951 0.7288
5986.8721 0.7306
5988.2495 0.7303
5989.6304 0.7297
5991.0083 0.7296
5992.3896 0.7301
5993.7681 0.7285
5995.1504 0.7270
5996.5298 0.7270
5997.9126 0.7259
5999.2920 0.7242
6000.6724 0.7259
6002.0562 0.7281
6003.4370 0.7279
6004.8213 0.7275
6006.2026 0.7275
6007.5874 0.7272
6008.9697 0.7270
6010.3521 0.7268
6011.7378 0.7233
6013.1211 0.7170
6014.5078 0.7151
6015.8911 0.7190
6017.2783 0.7234
6018.6626 0.7250
6020.0474 0.7256
6021.4355 0.7255
6022.8208 0.7252
6024.2095 0.7252
6025.5957 0.7253
6026.9849 0.7242
6028.3716 0.7240
6029.7583 0.7239
6031.1489 0.7239
6032.5361 0.7241
6033.9272 0.7243
6035.3154 0.7239
6036.7070 0.7230
6038.0957 0.7217
6039.4849 0.7204
6040.8774 0.7195
6042.2671 0.7192
6043.6606 0.7198
6045.0508 0.7203
6046.4448 0.7201
6047.8359 0.7191
6049.2271 0.7182
6050.6221 0.7188
6052.0142 0.7206
6053.4097 0.7204
6054.8022 0.7202
6056.1982 0.7201
6057.5918 0.7201
6058.9854 0.7208
6060.3823 0.7211
6061.7764 0.7210
6063.1743 0.7200
6064.5693 0.7187
6065.9678 0.7187
6067.3633 0.7197
6068.7588 0.7189
6070.1582 0.7183
6071.5547 0.7182
6072.9551 0.7181
6074.3521 0.7177
6075.7529 0.7180
6077.1504 0.7186
6078.5483 0.7184
6079.9502 0.7188
6081.3491 0.7193
6082.7515 0.7193
6084.1504 0.7187
6085.5537 0.7178
6086.9536 0.7165
6088.3540 0.7161
6089.7578 0.7164
6091.1587 0.7166
6092.5635 0.7166
6093.9648 0.7167
6095.3701 0.7169
6096.7725 0.7168
6098.1782 0.7164
6099.5811 0.7162
6100.9844 0.7162
6102.3911 0.7164
6103.7949 0.7163
6105.2026 0.7155
6106.6069 0.7144
6108.0151 0.7146
6109.4204 0.7160
6110.8257 0.7155
6112.2349 0.7141
6113.6411 0.7131
6115.0508 0.7130
6116.4575 0.7132
6117.8682 0.7134
6119.2754 0.7138
6120.6831 0.7132
6122.0947 0.7134
6123.5029 0.7143
6124.9150 0.7147
6126.3242 0.7141
6127.7368 0.7132
6129.1465 0.7132
6130.5566 0.7134
6131.9702 0.7131
6133.3809 0.7127
6134.7954 0.7127
6136.2065 0.7131
6137.6216 0.7130
6139.0337 0.7129
6140.4458 0.7128
6141.8618 0.7123
6143.2749 0.7116
6144.6914 0.7105
6146.1050 0.7093
6147.5220 0.7094
6148.9365 0.7087
6150.3511 0.7039
6151.7690 0.6966
6153.1846 0.6968
6154.6035 0.7037
6156.0190 0.7083
6157.4390 0.7084
6158.8555 0.7040
6160.2720 0.6966
6161.6929 0.6946
6163.1104 0.6999
6164.5312 0.7043
6165.9497 0.7047
6167.3711 0.7028
6168.7900 0.7014
6170.2095 0.7015
6171.6323 0.7018
6173.0518 0.7016
6174.4756 0.7009
6175.8960 0.6997
6177.3198 0.6980
6178.7412 0.6957
6180.1626 0.6960
6181.5874 0.6963
6183.0098 0.6960
6184.4355 0.6963
6185.8579 0.6977
6187.2847 0.6985
6188.7080 0.6989
6190.1318 0.6987
6191.5591 0.6992
6192.9834 0.7005
6194.4116 0.7013
6195.8364 0.7010
6197.2651 0.7004
6198.6909 0.6992
6200.1172 0.6986
6201.5469 0.6989
6202.9731 0.6986
6204.4038 0.6969
6205.8311 0.6924
6207.2622 0.6904
6208.6899 0.6922
6210.1216 0.6958
6211.5503 0.6982
6212.9795 0.6986
6214.4121 0.6984
6215.8418 0.6983
6217.2749 0.6986
6218.7056 0.6993
6220.1392 0.7002
6221.5703 0.7007
6223.0015 0.7007
6224.4365 0.6998
6225.8687 0.6984
6227.3042 0.6975
6228.7368 0.6976
6230.1729 0.6978
6231.6064 0.6976
6233.0400 0.6975
6234.4771 0.6973
6235.9116 0.6968
6237.3496 0.6961
6238.7842 0.6958
6240.2231 0.6928
6241.6587 0.6864
6243.0942 0.6846
6244.5342 0.6893
6245.9707 0.6935
6247.4111 0.6922
6248.8481 0.6907
6250.2891 0.6829
6251.7271 0.6790
6253.1650 0.6851
6254.6069 0.6932
6256.0459 0.6946
6257.4888 0.6955
6258.9282 0.6954
6260.3716 0.6947
6261.8115 0.6943
6263.2520 0.6941
6264.6963 0.6937
6266.1377 0.6928
6267.5825 0.6920
6269.0244 0.6909
6270.4702 0.6891
6271.9126 0.6864
6273.3555 0.6824
6274.8022 0.6831
6276.2456 0.6856
6277.6929 0.6866
6279.1372 0.6820
6280.5850 0.6701
6282.0298 0.6592
6283.4751 0.6587
6284.9238 0.6569
6286.3696 0.6493
6287.8193 0.6438
6289.2661 0.6505
6290.7163 0.6651
6292.1636 0.6733
6293.6108 0.6761
6295.0620 0.6770
6296.5103 0.6786
6297.9624 0.6815
6299.4111 0.6821
6300.8638 0.6819
6302.3135 0.6812
6303.7632 0.6814
6305.2168 0.6818
6306.6675 0.6799
6308.1216 0.6780
6309.5728 0.6755
6311.0278 0.6769
6312.4795 0.6789
6313.9316 0.6791
6315.3877 0.6797
6316.8403 0.6800
6318.2974 0.6791
6319.7510 0.6771
6321.2080 0.6744
6322.6621 0.6741
6324.1201 0.6783
6325.5752 0.6807
6327.0303 0.6810
6328.4893 0.6810
6329.9453 0.6818
6331.4048 0.6826
6332.8613 0.6815
6334.3218 0.6791
6335.7788 0.6775
6337.2363 0.6779
6338.6978 0.6787
6340.1558 0.6793
6341.6182 0.6797
6343.0767 0.6793
6344.5396 0.6787
6345.9990 0.6776
6347.4590 0.6753
6348.9229 0.6578
6350.3833 0.6228
6351.8477 0.6240
6353.3091 0.6578
6354.7739 0.6740
6356.2358 0.6749
6357.6982 0.6751
6359.1641 0.6753
6360.6270 0.6755
6362.0938 0.6757
6363.5576 0.6751
6365.0249 0.6739
6366.4893 0.6732
6367.9536 0.6740
6369.4224 0.6738
6370.8877 0.6727
6372.3564 0.6663
6373.8228 0.6436
6375.2925 0.6239
6376.7588 0.6402
6378.2261 0.6660
6379.6968 0.6696
6381.1646 0.6693
6382.6357 0.6698
6384.1040 0.6701
6385.5762 0.6714
6387.0454 0.6705
6388.5146 0.6701
6389.9878 0.6699
6391.4580 0.6702
6392.9316 0.6708
6394.4023 0.6712
6395.8770 0.6710
6397.3481 0.6702
6398.8198 0.6698
6400.2954 0.6697
6401.7681 0.6696
6403.2441 0.6694
6404.7173 0.6672
6406.1943 0.6660
6407.6680 0.6671
6409.1421 0.6680
6410.6196 0.6677
6412.0947 0.6675
6413.5732 0.6675
6415.0488 0.6668
6416.5278 0.6664
6418.0039 0.6650
6419.4805 0.6616
6420.9609 0.6583
6422.4380 0.6613
6423.9189 0.6641
6425.3970 0.6648
6426.8784 0.6650
6428.3569 0.6649
6429.8359 0.6640
6431.3184 0.6640
6432.7979 0.6644
6434.2812 0.6634
6435.7617 0.6611
6437.2456 0.6596
6438.7266 0.6609
6440.2114 0.6623
6441.6929 0.6616
6443.1748 0.6600
6444.6606 0.6589
6446.1431 0.6588
6447.6294 0.6585
6449.1128 0.6561
6450.6001 0.6553
6452.0840 0.6562
6453.5684 0.6567
6455.0566 0.6562
6456.5415 0.6545
6458.0303 0.6475
6459.5161 0.6349
6461.0054 0.6357
6462.4917 0.6456
6463.9785 0.6528
6465.4692 0.6535
6466.9565 0.6530
6468.4478 0.6529
6469.9360 0.6531
6471.4277 0.6526
6472.9165 0.6520
6474.4058 0.6523
6475.8984 0.6526
6477.3882 0.6506
6478.8818 0.6487
6480.3726 0.6499
6481.8667 0.6518
6483.3579 0.6498
6484.8496 0.6455
6486.3447 0.6403
6487.8369 0.6406
6489.3330 0.6444
6490.8262 0.6472
6492.3228 0.6473
6493.8164 0.6465
6495.3101 0.6442
6496.8081 0.6429
6498.3027 0.6428
6499.8013 0.6433
6501.2964 0.6445
6502.7954 0.6466
6504.2915 0.6476
6505.7876 0.6479
6507.2881 0.6476
6508.7852 0.6463
6510.2861 0.6450
6511.7837 0.6448
6513.2852 0.6446
6514.7837 0.6442
6516.2822 0.6436
6517.7852 0.6411
6519.2842 0.6361
6520.7876 0.6341
6522.2876 0.6382
6523.7920 0.6414
6525.2925 0.6422
6526.7939 0.6415
6528.2988 0.6401
6529.8008 0.6405
6531.3062 0.6405
6532.8091 0.6399
6534.3154 0.6388
6535.8184 0.6376
6537.3223 0.6370
6538.8296 0.6368
6540.3340 0.6371
6541.8423 0.6381
6543.3472 0.6387
6544.8560 0.6378
6546.3613 0.6355
6547.8677 0.6334
6549.3774 0.6320
6550.8843 0.6335
6552.3945 0.6363
6553.9019 0.6380
6555.4136 0.6369
6556.9214 0.6339
6558.4336 0.6326
6559.9424 0.6313
6561.4512 0.6286
6562.9644 0.6228
6564.4741 0.6088
6565.9878 0.5842
6567.4985 0.5934
6569.0127 0.6135
6570.5239 0.6248
6572.0356 0.6271
6573.5513 0.6292
6575.0635 0.6302
6576.5796 0.6318
6578.0923 0.6326
6579.6094 0.6331
6581.1230 0.6329
6582.6372 0.6319
6584.1548 0.6328
6585.6694 0.6321
6587.1885 0.6319
6588.7036 0.6320
6590.2231 0.6319
6591.7393 0.6315
6593.2554 0.6312
6594.7759 0.6307
6596.2930 0.6306
6597.8140 0.6309
6599.3320 0.6309
6600.8535 0.6302
6602.3721 0.6299
6603.8911 0.6306
6605.4141 0.6311
6606.9336 0.6308
6608.4570 0.6298
6609.9771 0.6287
6611.5015 0.6286
6613.0225 0.6279
6614.5439 0.6270
6616.0693 0.6237
6617.5913 0.6202
6619.1172 0.6224
6620.6396 0.6267
6622.1665 0.6274
6623.6899 0.6267
6625.2139 0.6259
6626.7417 0.6253
6628.2661 0.6252
6629.7944 0.6244
6631.3198 0.6232
6632.8486 0.6239
6634.3745 0.6253
6635.9009 0.6256
6637.4312 0.6248
6638.9580 0.6250
6640.4888 0.6248
6642.0166 0.6244
6643.5483 0.6245
6645.0767 0.6243
6646.6055 0.6224
6648.1382 0.6203
6649.6675 0.6200
6651.2007 0.6207
6652.7310 0.6215
6654.2651 0.6219
6655.7959 0.6217
6657.3271 0.6213
6658.8623 0.6211
6660.3940 0.6209
6661.9297 0.6199
6663.4624 0.6182
6664.9990 0.6175
6666.5322 0.6192
6668.0659 0.6193
6669.6035 0.6196
6671.1377 0.6201
6672.6763 0.6200
6674.2114 0.6189
6675.7505 0.6175
6677.2861 0.6181
6678.8257 0.6184
6680.3623 0.6143
6681.8989 0.6085
6683.4399 0.6091
6684.9775 0.6158
6686.5190 0.6177
6688.0571 0.6172
6689.5996 0.6175
6691.1382 0.6187
6692.6777 0.6191
6694.2212 0.6179
6695.7607 0.6176
6697.3052 0.6171
6698.8457 0.6165
6700.3906 0.6155
6701.9316 0.6133
6703.4736 0.6128
6705.0195 0.6148
6706.5620 0.6157
6708.1084 0.6155
6709.6519 0.6151
6711.1987 0.6148
6712.7427 0.6147
6714.2871 0.6146
6715.8354 0.6142
6717.3804 0.6129
6718.9292 0.6113
6720.4751 0.6108
6722.0249 0.6111
6723.5713 0.6117
6725.1177 0.6100
6726.6685 0.6066
6728.2163 0.6061
6729.7676 0.6107
6731.3159 0.6114
6732.8682 0.6111
6734.4170 0.6108
6735.9663 0.6103
6737.5195 0.6094
6739.0693 0.6082
6740.6235 0.6075
6742.1743 0.6079
6743.7290 0.6078
6745.2803 0.6073
6746.8320 0.6070
6748.3877 0.6067
6749.9404 0.6064
6751.4966 0.6062
6753.0498 0.6060
6754.6069 0.6060
6756.1611 0.6059
6757.7153 0.6056
6759.2734 0.6051
6760.8286 0.6046
6762.3877 0.6043
6763.9434 0.6041
6765.5029 0.6040
6767.0596 0.6036
6768.6162 0.6032
6770.1772 0.6028
6771.7344 0.6024
6773.2959 0.6021
6774.8540 0.6019
6776.4165 0.6016
6777.9756 0.6010
6779.5347 0.6007
6781.0981 0.6006
6782.6582 0.6004
6784.2222 0.6000
6785.7827 0.5996
6787.3477 0.5993
6788.9092 0.5990
6790.4707 0.5986
6792.0366 0.5983
6793.5991 0.5980
6795.1655 0.5977
6796.7290 0.5975
6798.2964 0.5972
6799.8604 0.5969
6801.4282 0.5967
6802.9927 0.5964
6804.5581 0.5961
6806.1270 0.5959
6807.6929 0.5956
6809.2627 0.5953
6810.8291 0.5949
6812.3994 0.5946
6813.9668 0.5943
6815.5342 0.5940
6817.1060 0.5936
6818.6743 0.5932
6820.2466 0.5929
6821.8154 0.5926
6823.3887 0.5923
6824.9585 0.5921
6826.5283 0.5918
6828.1025 0.5915
6829.6733 0.5913
6831.2485 0.5909
6832.8198 0.5905
6834.3955 0.5903
6835.9678 0.5902
6837.5405 0.5900
6839.1172 0.5897
6840.6904 0.5894
6842.2681 0.5892
6843.8418 0.5891
6845.4199 0.5889
6846.9946 0.5886
6848.5698 0.5883
6850.1494 0.5880
6851.7251 0.5879
6853.3052 0.5877
6854.8818 0.5875
6856.4624 0.5872
6858.0396 0.5870
6859.6177 0.5866
6861.1992 0.5862
6862.7778 0.5860
6864.3604 0.5858
6865.9395 0.5855
6867.5225 0.5852
6869.1025 0.5852
6870.6826 0.5849
6872.2671 0.5846
6873.8481 0.5840
6875.4331 0.5837
6877.0146 0.5836
6878.6006 0.5836
6880.1831 0.5834
6881.7656 0.5832
6883.3525 0.5829
6884.9360 0.5826
6886.5239 0.5822
6888.1079 0.5820
6889.6963 0.5818
6891.2812 0.5816
6892.8667 0.5813
6894.4561 0.5811
6896.0425 0.5808
6897.6323 0.5805
6899.2192 0.5803
6900.8105 0.5800
6902.3979 0.5797
6903.9858 0.5794
6905.5776 0.5791
6907.1665 0.5787
6908.7593 0.5781
6910.3486 0.5776
6911.9419 0.5775
6913.5322 0.5774
6915.1226 0.5772
6916.7173 0.5769
6918.3081 0.5766
6919.9038 0.5764
6921.4956 0.5761
6923.0918 0.5758
6924.6846 0.5751
6926.2812 0.5746
6927.8745 0.5746
6929.4683 0.5746
6931.0664 0.5741
6932.6606 0.5737
6934.2593 0.5736
6935.8545 0.5734
6937.4541 0.5732
6939.0498 0.5730
6940.6460 0.5728
6942.2466 0.5725
6943.8438 0.5722
6945.4448 0.5719
6947.0430 0.5716
6948.6445 0.5713
6950.2432 0.5710
6951.8423 0.5707
6953.4453 0.5705
6955.0449 0.5702
6956.6489 0.5698
6958.2490 0.5697
6959.8535 0.5695
6961.4546 0.5693
6963.0562 0.5691
6964.6621 0.5688
6966.2642 0.5686
6967.8706 0.5680
6969.4736 0.5672
6971.0806 0.5671
6972.6841 0.5673
6974.2886 0.5668
6975.8965 0.5658
6977.5015 0.5657
6979.1104 0.5661
6980.7158 0.5655
6982.3257 0.5646
6983.9321 0.5641
6985.5386 0.5640
6987.1494 0.5643
6988.7568 0.5651
6990.3687 0.5651
6991.9766 0.5647
6993.5889 0.5644
6995.1978 0.5635
6996.8071 0.5616
6998.4204 0.5621
7000.0303 0.5637
7001.6445 0.5644
7003.2554 0.5639
7004.8701 0.5627
7006.4819 0.5616
7008.0938 0.5625
7009.7095 0.5633
7011.3223 0.5636
7012.9390 0.5636
7014.5522 0.5633
7016.1699 0.5630
7017.7837 0.5623
7019.3984 0.5614
7021.0171 0.5610
7022.6323 0.5609
7024.2515 0.5608
7025.8677 0.5614
7027.4878 0.5613
7029.1045 0.5601
7030.7212 0.5589
7032.3428 0.5587
7033.9604 0.5591
7035.5825 0.5584
7037.2007 0.5585
7038.8237 0.5587
7040.4429 0.5587
7042.0664 0.5590
7043.6865 0.5579
7045.3066 0.5522
7046.9316 0.5524
7048.5527 0.5558
7050.1782 0.5576
7051.7998 0.5571
7053.4263 0.5569
7055.0488 0.5564
7056.6719 0.5563
7058.2988 0.5553
7059.9229 0.5525
7061.5508 0.5505
7063.1753 0.5519
7064.8037 0.5500
7066.4292 0.5479
7068.0547 0.5456
7069.6846 0.5444
7071.3110 0.5459
7072.9419 0.5500
7074.5688 0.5522
7076.2002 0.5523
7077.8281 0.5518
7079.4561 0.5514
7081.0889 0.5506
7082.7178 0.5484
7084.3511 0.5481
7085.9810 0.5512
7087.6147 0.5527
7089.2451 0.5523
7090.8760 0.5511
7092.5112 0.5494
7094.1431 0.5497
7095.7788 0.5514
7097.4111 0.5515
7099.0479 0.5505
7100.6812 0.5499
7102.3145 0.5496
7103.9521 0.5486
7105.5864 0.5483
7107.2251 0.5483
7108.8599 0.5484
7110.4995 0.5481
7112.1353 0.5476
7113.7715 0.5474
7115.4116 0.5469
7117.0483 0.5472
7118.6899 0.5476
7120.3271 0.5472
7121.9692 0.5466
7123.6079 0.5458
7125.2466 0.5459
7126.8896 0.5459
7128.5293 0.5458
7130.1729 0.5454
7131.8130 0.5450
7133.4580 0.5444
7135.0986 0.5443
7136.7402 0.5442
7138.3857 0.5438
7140.0283 0.5434
7141.6748 0.5434
7143.3174 0.5431
7144.9648 0.5429
7146.6084 0.5425
7148.2524 0.5422
7149.9009 0.5420
7151.5459 0.5417
7153.1948 0.5415
7154.8403 0.5413
7156.4902 0.5410
7158.1367 0.5406
7159.7832 0.5400
7161.4346 0.5395
7163.0820 0.5398
7164.7339 0.5397
7166.3818 0.5395
7168.0347 0.5392
7169.6836 0.5390
7171.3369 0.5389
7172.9863 0.5388
7174.6367 0.5387
7176.2910 0.5385
7177.9419 0.5384
7179.5972 0.5382
7181.2490 0.5381
7182.9048 0.5379
7184.5571 0.5378
7186.2100 0.5376
7187.8672 0.5376
7189.5210 0.5375
7191.1787 0.5373
7192.8330 0.5371
7194.4917 0.5361
7196.1465 0.5345
7197.8022 0.5331
7199.4619 0.5324
7201.1182 0.5317
7202.7788 0.5312
7204.4355 0.5307
7206.0972 0.5303
7207.7549 0.5300
7209.4131 0.5297
7211.0757 0.5293
7212.7344 0.5288
7214.3975 0.5285
7216.0571 0.5282
7217.7212 0.5279
7219.3818 0.5276
7221.0425 0.5274
7222.7075 0.5271
7224.3691 0.5268
7226.0352 0.5264
7227.6973 0.5261
7229.3643 0.5259
7231.0273 0.5259
7232.6909 0.5257
7234.3584 0.5254
7236.0229 0.5251
7237.6914 0.5249
7239.3564 0.5246
7241.0259 0.5243
7242.6919 0.5241
7244.3579 0.5238
7246.0283 0.5235
7247.6953 0.5233
7249.3667 0.5230
7251.0342 0.5227
7252.7065 0.5224
7254.3750 0.5221
7256.0439 0.5217
7257.7168 0.5211
7259.3867 0.5207
7261.0605 0.5207
7262.7310 0.5204
7264.4058 0.5201
7266.0771 0.5198
7267.7485 0.5194
7269.4243 0.5190
7271.0967 0.5187
7272.7734 0.5184
7274.4463 0.5182
7276.1240 0.5179
7277.7979 0.5175
7279.4722 0.5172
7281.1509 0.5169
7282.8257 0.5166
7284.5054 0.5163
7286.1812 0.5159
7287.8613 0.5155
7289.5376 0.5152
7291.2148 0.5148
7292.8960 0.5144
7294.5737 0.5142
7296.2559 0.5140
7297.9341 0.5137
7299.6172 0.5134
7301.2964 0.5131
7302.9800 0.5128
7304.6602 0.5125
7306.3408 0.5121
7308.0254 0.5118
7309.7065 0.5115
7311.3921 0.5111
7313.0742 0.5115
7314.7607 0.5122
7316.4434 0.5123
7318.1265 0.5119
7319.8140 0.5114
7321.4980 0.5109
7323.1860 0.5103
7324.8711 0.5098
7326.5601 0.5094
7328.2456 0.5090
7329.9312 0.5086
7331.6216 0.5081
7333.3081 0.5077
7334.9995 0.5072
7336.6865 0.5069
7338.3784 0.5065
7340.0669 0.5061
7341.7554 0.5057
7343.4482 0.5053
7345.1377 0.5049
7346.8315 0.5045
7348.5215 0.5042
7350.2163 0.5038
7351.9067 0.5035
7353.5981 0.5031
7355.2939 0.5028
7356.9858 0.5025
7358.6826 0.5022
7360.3755 0.5018
7362.0728 0.5015
7363.7661 0.5013
7365.4604 0.5011
7367.1587 0.5009
7368.8535 0.5005
7370.5527 0.5000
7372.2485 0.4997
7373.9487 0.4993
7375.6450 0.4992
7377.3418 0.4992
7379.0430 0.4990
7380.7402 0.4987
7382.4424 0.4985
7384.1406 0.4984
7385.8433 0.4981
7387.5425 0.4976
7389.2422 0.4974
7390.9458 0.4972
7392.6465 0.4969
7394.3511 0.4968
7396.0522 0.4965
7397.7573 0.4962
7399.4595 0.4960
7401.1616 0.4958
7402.8682 0.4952
7404.5713 0.4946
7406.2788 0.4939
7407.9824 0.4934
7409.6909 0.4928
7411.3955 0.4923
7413.1006 0.4920
7414.8101 0.4907
7416.5156 0.4904
7418.2261 0.4908
7419.9326 0.4907
7421.6436 0.4902
7423.3506 0.4902
7425.0586 0.4892
7426.7705 0.4852
7428.4795 0.4837
7430.1924 0.4858
7431.9014 0.4884
7433.6152 0.4882
7435.3257 0.4881
7437.0400 0.4877
7438.7510 0.4876
7440.4624 0.4873
7442.1777 0.4873
7443.8901 0.4873
7445.6064 0.4796
7447.3193 0.4782
7449.0366 0.4837
7450.7505 0.4879
7452.4644 0.4870
7454.1831 0.4861
7455.8979 0.4861
7457.6172 0.4860
7459.3325 0.4858
7461.0527 0.4856
7462.7690 0.4856
7464.4858 0.4852
7466.2070 0.4809
7467.9248 0.4812
7469.6470 0.4822
7471.3652 0.4765
7473.0884 0.4697
7474.8076 0.4757
7476.5269 0.4811
7478.2510 0.4822
7479.9712 0.4822
7481.6963 0.4819
7483.4175 0.4812
7485.1431 0.4804
7486.8652 0.4804
7488.5874 0.4809
7490.3145 0.4809
7492.0371 0.4807
7493.7651 0.4801
7495.4888 0.4790
7497.2173 0.4786
7498.9419 0.4788
7500.6670 0.4790
7502.3970 0.4789
7504.1226 0.4785
7505.8530 0.4782
7507.5801 0.4774
7509.3110 0.4767
7511.0386 0.4765
7512.7666 0.4762
7514.4990 0.4757
7516.2275 0.4753
7517.9609 0.4745
7519.6904 0.4738
7521.4243 0.4740
7523.1548 0.4745
7524.8853 0.4746
7526.6206 0.4740
7528.3521 0.4732
7530.0884 0.4727
7531.8203 0.4726
7533.5571 0.4725
7535.2905 0.4719
7537.0239 0.4712
7538.7617 0.4706
7540.4961 0.4705
7542.2349 0.4704
7543.9702 0.4702
7545.7095 0.4699
7547.4453 0.4697
7549.1816 0.4695
7550.9229 0.4691
7552.6597 0.4688
7554.4014 0.4686
7556.1392 0.4684
7557.8818 0.4682
7559.6201 0.4681
7561.3594 0.4679
7563.1030 0.4677
7564.8428 0.4673
7566.5874 0.4668
7568.3281 0.4663
7570.0732 0.4659
7571.8149 0.4656
7573.5610 0.4653
7575.3032 0.4651
7577.0459 0.4648
7578.7930 0.4644
7580.5366 0.4641
7582.2847 0.4638
7584.0288 0.4635
7585.7778 0.4632
7587.5229 0.4629
7589.2686 0.4627
7591.0186 0.4624
7592.7646 0.4620
7594.5156 0.4618
7596.2627 0.4615
7598.0142 0.4612
7599.7622 0.4610
7601.5107 0.4608
7603.2637 0.4605
7605.0127 0.4603
7606.7661 0.4600
7608.5161 0.4598
7610.2710 0.4595
7612.0215 0.4592
7613.7725 0.4589
7615.5283 0.4583
7617.2803 0.4575
7619.0366 0.4564
7620.7896 0.4556
7622.5469 0.4552
7624.3003 0.4548
7626.0542 0.4545
7627.8130 0.4544
7629.5679 0.4543
7631.3271 0.4541
7633.0825 0.4540
7634.8428 0.4539
7636.5991 0.4537
7638.3560 0.4534
7640.1172 0.4532
7641.8750 0.4530
7643.6372 0.4527
7645.3955 0.4525
7647.1587 0.4522
7648.9180 0.4520
7650.6772 0.4517
7652.4419 0.4515
7654.2021 0.4512
7655.9673 0.4510
7657.7285 0.4507
7659.4941 0.4504
7661.2563 0.4501
7663.0186 0.4499
7664.7856 0.4495
7666.5493 0.4493
7668.3169 0.4491
7670.0811 0.4489
7671.8496 0.4487
7673.6147 0.4484
7675.3799 0.4481
7677.1499 0.4478
7678.9160 0.4475
7680.6870 0.4473
7682.4536 0.4470
7684.2251 0.4466
7685.9932 0.4463
7687.7612 0.4460
7689.5342 0.4457
7691.3027 0.4454
7693.0767 0.4450
7694.8462 0.4446
7696.6206 0.4444
7698.3911 0.4442
7700.1621 0.4440
7701.9380 0.4436
7703.7100 0.4433
7705.4863 0.4430
7707.2588 0.4427
7709.0361 0.4422
7710.8096 0.4419
7712.5879 0.4416
7714.3618 0.4410
7716.1367 0.4400
7717.9160 0.4400
7719.6914 0.4398
7721.4717 0.4393
7723.2480 0.4384
7725.0288 0.4377
7726.8062 0.4372
7728.5835 0.4371
7730.3657 0.4370
7732.1440 0.4369
7733.9272 0.4369
7735.7065 0.4366
7737.4902 0.4364
7739.2700 0.4363
7741.0508 0.4363
7742.8354 0.4364
7744.6167 0.4363
7746.4028 0.4360
7748.1851 0.4359
7749.9717 0.4355
7751.7544 0.4352
7753.5376 0.4351
7755.3257 0.4349
7757.1099 0.4349
7758.8984 0.4354
7760.6836 0.4356
7762.4731 0.4351
7764.2588 0.4343
7766.0449 0.4338
7767.8359 0.4337
7769.6226 0.4337
7771.4146 0.4332
7773.2021 0.4318
7774.9946 0.4188
7776.7832 0.3995
7778.5723 0.3887
7780.3662 0.3975
7782.1558 0.4224
7783.9507 0.4313
7785.7412 0.4325
7787.5366 0.4327
7789.3281 0.4323
7791.1201 0.4322
7792.9165 0.4323
7794.7095 0.4319
7796.5068 0.4314
7798.3003 0.4312
7800.0986 0.4314
7801.8931 0.4312
7803.6880 0.4302
7805.4873 0.4300
7807.2832 0.4300
7809.0835 0.4300
7810.8799 0.4300
7812.6812 0.4298
7814.4785 0.4290
7816.2759 0.4293
7818.0786 0.4298
7819.8770 0.4299
7821.6802 0.4297
7823.4795 0.4299
7825.2837 0.4301
7827.0840 0.4288
7828.8843 0.4279
7830.6899 0.4270
7832.4912 0.4257
7834.2974 0.4255
7836.0996 0.4254
7837.9067 0.4250
7839.7100 0.4242
7841.5132 0.4237
7843.3213 0.4241
7845.1260 0.4244
7846.9351 0.4238
7848.7402 0.4243
7850.5498 0.4243
7852.3560 0.4243
7854.1665 0.4245
7855.9736 0.4236
7857.7808 0.4229
7859.5928 0.4221
7861.4009 0.4220
7863.2139 0.4217
7865.0225 0.4207
7866.8364 0.4199
7868.6460 0.4200
7870.4561 0.4183
7872.2710 0.4188
7874.0820 0.4201
7875.8979 0.4199
7877.7100 0.4192
7879.5264 0.4164
7881.3389 0.4097
7883.1519 0.4125
7884.9697 0.4176
7886.7837 0.4171
7888.6025 0.4180
7890.4175 0.4159
7892.2368 0.4135
7894.0522 0.4134
7895.8687 0.4133
7897.6890 0.4097
7899.5059 0.4027
7901.3276 0.3965
7903.1455 0.4063
7904.9678 0.4118
7906.7861 0.4087
7908.6055 0.4074
7910.4292 0.4132
7912.2485 0.4128
7914.0732 0.4081
7915.8940 0.4077
7917.7192 0.4109
7919.5405 0.4118
7921.3628 0.4080
7923.1895 0.4079
7925.0122 0.4064
7926.8394 0.4061
7928.6631 0.4066
7930.4912 0.4066
7932.3159 0.4061
7934.1406 0.4019
7935.9702 0.4043
7937.7959 0.4076
7939.6265 0.4097
7941.4526 0.4109
7943.2842 0.4106
7945.1113 0.4095
7946.9390 0.4078
7948.7720 0.4080
7950.6006 0.4073
7952.4336 0.4045
7954.2632 0.4035
7956.0977 0.4032
7957.9277 0.4038
7959.7583 0.4050
7961.5938 0.4048
7963.4253 0.4023
7965.2617 0.3986
7967.0942 0.3960
7968.9316 0.3974
7970.7646 0.4021
7972.5981 0.4039
7974.4370 0.4010
7976.2715 0.4001
7978.1108 0.4000
7979.9458 0.4003
7981.7861 0.4008
7983.6226 0.4009
7985.4590 0.4006
7987.3003 0.4008
7989.1377 0.3992
7990.9800 0.3992
7992.8184 0.4008
7994.6616 0.4017
7996.5005 0.4012
7998.3447 0.4005
8000.1846 0.3997
8002.0249 0.3979
8003.8706 0.3948
8005.7114 0.3928
8007.5576 0.3940
8009.3999 0.3963
8011.2471 0.3933
8013.0898 0.3900
8014.9331 0.3932
8016.7812 0.3949
8018.6255 0.3916
8020.4746 0.3933
8022.3198 0.3957
8024.1699 0.3958
8026.0156 0.3937
8027.8623 0.3906
8029.7134 0.3886
8031.5605 0.3894
8033.4126 0.3882
8035.2607 0.3896
8037.1138 0.3915
8038.9624 0.3914
8040.8120 0.3901
8042.6660 0.3909
8044.5161 0.3916
8046.3711 0.3912
8048.2222 0.3887
8050.0781 0.3870
8051.9302 0.3880
8053.7827 0.3901
8055.6396 0.3907
8057.4927 0.3903
8059.3511 0.3899
8061.2051 0.3902
8063.0640 0.3904
8064.9189 0.3891
8066.7739 0.3887
8068.6343 0.3884
8070.4902 0.3879
8072.3516 0.3875
8074.2085 0.3870
8076.0703 0.3857
8077.9282 0.3864
8079.7866 0.3868
8081.6499 0.3867
8083.5088 0.3859
8085.3730 0.3851
8087.2329 0.3852
8089.0981 0.3844
8090.9590 0.3836
8092.8203 0.3837
8094.6865 0.3837
8096.5483 0.3832
8098.4155 0.3829
8100.2788 0.3827
8102.1465 0.3824
8104.0103 0.3823
8105.8745 0.3821
8107.7441 0.3818
8109.6089 0.3815
8111.4790 0.3813
8113.3452 0.3810
8115.2163 0.3808
8117.0830 0.3805
8118.9502 0.3802
8120.8228 0.3799
8122.6909 0.3797
8124.5640 0.3794
8126.4326 0.3792
8128.3066 0.3789
8130.1768 0.3787
8132.0513 0.3784
8133.9224 0.3781
8135.7935 0.3779
8137.6694 0.3776
8139.5415 0.3773
8141.4185 0.3771
8143.2915 0.3768
8145.1694 0.3765
8147.0430 0.3763
8148.9175 0.3760
8150.7964 0.3757
8152.6714 0.3754
8154.5513 0.3752
8156.4272 0.3749
8158.3081 0.3745
8160.1851 0.3742
8162.0625 0.3738
8163.9443 0.3736
8165.8228 0.3734
8167.7056 0.3731
8169.5845 0.3728
8171.4683 0.3725
8173.3481 0.3723
8175.2285 0.3721
8177.1138 0.3718
8178.9951 0.3715
8180.8809 0.3712
8182.7632 0.3709
8184.6499 0.3706
8186.5327 0.3703
8188.4160 0.3699
8190.3042 0.3695
8192.1885 0.3692
8194.0771 0.3691
8195.9629 0.3690
8197.8525 0.3689
8199.7383 0.3685
8201.6250 0.3684
8203.5156 0.3680
8205.4033 0.3674
8207.2959 0.3670
8209.1836 0.3671
8211.0762 0.3670
8212.9658 0.3668
8214.8545 0.3665
8216.7490 0.3659
8218.6396 0.3649
8220.5342 0.3643
8222.4258 0.3647
8224.3223 0.3647
8226.2139 0.3641
8228.1064 0.3638
8230.0039 0.3640
8231.8965 0.3638
8233.7949 0.3631
8235.6895 0.3630
8237.5889 0.3621
8239.4834 0.3611
8241.3789 0.3613
8243.2793 0.3621
8245.1758 0.3617
8247.0771 0.3611
8248.9746 0.3611
8250.8770 0.3611
8252.7744 0.3606
8254.6729 0.3603
8256.5771 0.3605
8258.4766 0.3602
8260.3809 0.3599
8262.2812 0.3597
8264.1865 0.3596
8266.0869 0.3595
8267.9893 0.3591
8269.8955 0.3587
8271.7979 0.3588
8273.7051 0.3586
8275.6084 0.3582
8277.5166 0.3577
8279.4209 0.3574
8281.3301 0.3571
8283.2354 0.3569
8285.1416 0.3565
8287.0518 0.3563
8288.9580 0.3563
8290.8691 0.3555
8292.7773 0.3543
8294.6895 0.3549
8296.5977 0.3551
8298.5059 0.3548
8300.4199 0.3554
8302.3291 0.3555
8304.2432 0.3538
8306.1543 0.3543
8308.0693 0.3545
8309.9805 0.3531
8311.8926 0.3521
8313.8086 0.3539
8315.7217 0.3539
8317.6396 0.3506
8319.5527 0.3491
8321.4707 0.3507
8323.3857 0.3528
8325.2998 0.3516
8327.2197 0.3479
8329.1357 0.3471
8331.0566 0.3497
8332.9727 0.3522
8334.8945 0.3513
8336.8115 0.3474
8338.7295 0.3430
8340.6523 0.3460
8342.5713 0.3503
8344.4951 0.3517
8346.4150 0.3499
8348.3398 0.3450
8350.2598 0.3395
8352.1807 0.3425
8354.1074 0.3484
8356.0293 0.3521
8357.9561 0.3523
8359.8789 0.3491
8361.8066 0.3417
8363.7295 0.3353
8365.6543 0.3378
8367.5830 0.3453
8369.5078 0.3502
8371.4375 0.3512
8373.3643 0.3502
8375.2949 0.3461
8377.2217 0.3377
8379.1484 0.3307
8381.0811 0.3323
8383.0088 0.3420
8384.9424 0.3475
8386.8711 0.3500
8388.8047 0.3501
8390.7344 0.3484
8392.6650 0.3444
8394.6006 0.3363
8396.5312 0.3254
8398.4678 0.3245
8400.3994 0.3323
8402.3369 0.3411
8404.2695 0.3461
8406.2031 0.3489
8408.1416 0.3493
8410.0762 0.3455
8412.0156 0.3405
8413.9502 0.3339
8415.8906 0.3250
8417.8271 0.3175
8419.7637 0.3202
8421.7051 0.3302
8423.6426 0.3390
8425.5850 0.3451
8427.5234 0.3492
8429.4668 0.3491
8431.4053 0.3486
8433.3496 0.3470
8435.2900 0.3432
8437.2305 0.3389
8439.1758 0.3327
8441.1172 0.3199
8443.0645 0.3084
8445.0059 0.3164
8446.9541 0.3297
8448.8965 0.3280
8450.8408 0.3139
8452.7891 0.3173
8454.7344 0.3412
8456.6836 0.3452
8458.6289 0.3442
8460.5791 0.3449
8462.5254 0.3429
8464.4727 0.3395
8466.4248 0.3333
8468.3721 0.3260
8470.3252 0.3134
8472.2734 0.3052
8474.2275 0.3117
8476.1768 0.3270
8478.1270 0.3343
8480.0820 0.3389
8482.0322 0.3415
8483.9883 0.3423
8485.9404 0.3422
8487.8975 0.3427
8489.8496 0.3421
8491.8027 0.3408
8493.7607 0.3399
8495.7148 0.3388
8497.6738 0.3370
8499.6289 0.3343
8501.5889 0.3240
8503.5449 0.3152
8505.5010 0.3050
8507.4619 0.2975
8509.4199 0.3018
8511.3818 0.3179
8513.3398 0.3260
8515.3027 0.3310
8517.2617 0.3319
8519.2217 0.3327
8521.1855 0.3363
8523.1465 0.3378
8525.1113 0.3367
8527.0723 0.3368
8529.0391 0.3371
8531.0010 0.3374
8532.9639 0.3378
8534.9316 0.3365
8536.8945 0.3358
8538.8633 0.3345
8540.8281 0.3312
8542.7969 0.3268
8544.7627 0.3168
8546.7285 0.2954
8548.6992 0.2861
8550.6660 0.2864
8552.6377 0.2982
8554.6045 0.3132
8556.5771 0.3220
8558.5459 0.3254
8560.5146 0.3265
8562.4893 0.3282
8564.4590 0.3299
8566.4336 0.3305
8568.4043 0.3300
8570.3799 0.3296
8572.3516 0.3268
8574.3242 0.3279
8576.3008 0.3289
8578.2744 0.3288
8580.2520 0.3288
8582.2256 0.3287
8584.2051 0.3286
8586.1797 0.3281
8588.1602 0.3269
8590.1357 0.3257
8592.1113 0.3250
8594.0928 0.3234
8596.0703 0.3190
8598.0527 0.3109
8600.0303 0.3015
8602.0137 0.2889
8603.9922 0.2805
8605.9717 0.2931
8607.9561 0.3080
8609.9365 0.3157
8611.9219 0.3195
8613.9033 0.3217
8615.8896 0.3226
8617.8711 0.3226
8619.8535 0.3235
8621.8418 0.3234
8623.8252 0.3223
8625.8135 0.3216
8627.7979 0.3221
8629.7881 0.3231
8631.7725 0.3218
8633.7588 0.3161
8635.7500 0.3175
8637.7363 0.3223
8639.7285 0.3226
8641.7158 0.3224
8643.7080 0.3217
8645.6973 0.3204
8647.6855 0.3198
8649.6797 0.3198
8651.6699 0.3196
8653.6650 0.3191
8655.6553 0.3179
8657.6514 0.3167
8659.6436 0.3134
8661.6357 0.3108
8663.6328 0.3083
8665.6260 0.2956
8667.6240 0.2765
8669.6182 0.2688
8671.6172 0.2773
8673.6123 0.2934
8675.6074 0.3055
8677.6084 0.3103
8679.6045 0.3137
8681.6055 0.3158
8683.6025 0.3064
8685.6055 0.2951
8687.6035 0.2942
8689.6025 0.2981
8691.6055 0.3053
8693.6055 0.3136
8695.6104 0.3172
8697.6104 0.3171
8699.6162 0.3170
8701.6172 0.3167
8703.6191 0.3168
8705.6260 0.3141
8707.6289 0.3079
8709.6367 0.3071
8711.6406 0.3145
8713.6494 0.3155
8715.6543 0.3073
8717.6592 0.3067
8719.6699 0.3128
8721.6758 0.3131
8723.6865 0.3059
8725.6934 0.3078
8727.7061 0.3130
8729.7129 0.3138
8731.7217 0.3116
8733.7354 0.3096
8735.7441 0.3097
8737.7588 0.3120
8739.7686 0.3104
8741.7842 0.3095
8743.7949 0.3084
8745.8115 0.3065
8747.8232 0.3041
8749.8359 0.2994
8751.8535 0.2908
8753.8672 0.2728
8755.8857 0.2638
8757.9004 0.2735
8759.9199 0.2916
8761.9346 0.2991
8763.9502 0.3040
8765.9717 0.3067
8767.9883 0.3073
8770.0098 0.3075
8772.0273 0.3083
8774.0498 0.3086
8776.0684 0.3077
8778.0879 0.3075
8780.1113 0.3077
8782.1318 0.3074
8784.1562 0.3067
8786.1777 0.3060
8788.2031 0.3064
8790.2256 0.3067
8792.2471 0.3067
8794.2754 0.3066
8796.2979 0.3064
8798.3262 0.3060
8800.3506 0.3059
8802.3799 0.3058
8804.4053 0.3051
8806.4307 0.3044
8808.4609 0.3041
8810.4873 0.3033
8812.5195 0.3028
8814.5459 0.3021
8816.5791 0.3015
8818.6074 0.3013
8820.6357 0.3020
8822.6699 0.3028
8824.6992 0.2996
8826.7344 0.2991
8828.7646 0.3001
8830.8008 0.3012
8832.8330 0.3019
8834.8643 0.3009
8836.9014 0.3000
8838.9346 0.2997
8840.9727 0.2991
8843.0068 0.2986
8845.0459 0.2983
8847.0811 0.2971
8849.1162 0.2967
8851.1562 0.2956
8853.1924 0.2940
8855.2344 0.2920
8857.2715 0.2890
8859.3145 0.2850
8861.3516 0.2807
8863.3906 0.2736
8865.4346 0.2625
8867.4736 0.2525
8869.5186 0.2524
8871.5596 0.2650
8873.6045 0.2727
8875.6465 0.2779
8877.6885 0.2815
8879.7354 0.2843
8881.7783 0.2867
8883.8262 0.2881
8885.8701 0.2890
8887.9189 0.2904
8889.9639 0.2915
8892.0088 0.2921
8894.0596 0.2925
8896.1055 0.2928
8898.1562 0.2930
8900.2041 0.2931
8902.2559 0.2932
8904.3037 0.2934
8906.3574 0.2936
8908.4062 0.2936
8910.4561 0.2935
8912.5107 0.2934
8914.5605 0.2930
8916.6162 0.2921
8918.6680 0.2916
8920.7246 0.2927
8922.7764 0.2925
8924.8291 0.2923
8926.8867 0.2922
8928.9404 0.2918
8931.0000 0.2906
8933.0547 0.2892
8935.1143 0.2906
8937.1699 0.2909
8939.2256 0.2906
8941.2871 0.2904
8943.3438 0.2901
8945.4062 0.2899
8947.4639 0.2896
8949.5273 0.2893
8951.5859 0.2890
8953.6455 0.2887
8955.7100 0.2885
8957.7705 0.2882
8959.8359 0.2878
8961.8975 0.2875
8963.9639 0.2872
8966.0264 0.2869
8968.0889 0.2865
8970.1572 0.2862
8972.2207 0.2858
8974.2891 0.2854
8976.3535 0.2850
8978.4238 0.2846
8980.4893 0.2841
8982.5557 0.2836
8984.6270 0.2831
8986.6934 0.2825
8988.7656 0.2819
8990.8340 0.2811
8992.9072 0.2803
8994.9756 0.2793
8997.0449 0.2781
8999.1201 0.2768
9001.1904 0.2751
9003.2656 0.2730
9005.3369 0.2705
9007.4131 0.2674
9009.4854 0.2635
9011.5586 0.2588
9013.6357 0.2532
9015.7100 0.2468
9017.7891 0.2393
9019.8633 0.2322
9021.9434 0.2346
9024.0186 0.2416
9026.0947 0.2483
9028.1758 0.2537
9030.2529 0.2584
9032.3350 0.2621
9034.4131 0.2650
9036.4971 0.2674
9038.5752 0.2692
9040.6543 0.2705
9042.7393 0.2715
9044.8193 0.2723
9046.9053 0.2728
9048.9863 0.2731
9051.0732 0.2733
9053.1553 0.2734
9055.2383 0.2736
9057.3262 0.2737
9059.4102 0.2737
9061.4990 0.2737
9063.5840 0.2734
9065.6738 0.2722
9067.7588 0.2709
9069.8506 0.2724
9071.9365 0.2730
9074.0234 0.2728
9076.1162 0.2725
9078.2041 0.2723
9080.2979 0.2719
9082.3867 0.2709
9084.4805 0.2709
9086.5703 0.2713
9088.6611 0.2714
9090.7568 0.2710
9092.8486 0.2702
9094.9453 0.2695
9097.0371 0.2703
9099.1348 0.2677
9101.2285 0.2672
9103.3223 0.2690
9105.4209 0.2695
9107.5156 0.2689
9109.6162 0.2688
9111.7119 0.2686
9113.8125 0.2683
9115.9092 0.2673
9118.0068 0.2664
9120.1094 0.2673
9122.2070 0.2673
9124.3105 0.2671
9126.4102 0.2666
9128.5146 0.2660
9130.6143 0.2660
9132.7148 0.2660
9134.8213 0.2657
9136.9219 0.2650
9139.0293 0.2648
9141.1318 0.2649
9143.2393 0.2647
9145.3428 0.2644
9147.4473 0.2641
9149.5566 0.2638
9151.6611 0.2636
9153.7715 0.2633
9155.8770 0.2630
9157.9883 0.2627
9160.0957 0.2623
9162.2031 0.2620
9164.3154 0.2618
9166.4238 0.2615
9168.5371 0.2613
9170.6465 0.2610
9172.7617 0.2607
9174.8711 0.2603
9176.9824 0.2600
9179.0986 0.2595
9181.2100 0.2587
9183.3271 0.2580
9185.4395 0.2581
9187.5576 0.2581
9189.6719 0.2577
9191.7852 0.2571
9193.9053 0.2565
9196.0205 0.2565
9198.1406 0.2560
9200.2568 0.2553
9202.3789 0.2546
9204.4951 0.2540
9206.6133 0.2531
9208.7363 0.2513
9210.8545 0.2504
9212.9785 0.2497
9215.0977 0.2482
9217.2227 0.2461
9219.3428 0.2436
9221.4639 0.2405
9223.5908 0.2352
9225.7129 0.2321
9227.8398 0.2280
9229.9629 0.2219
9232.0908 0.2149
9234.2148 0.2084
9236.3447 0.2113
9238.4688 0.2179
9240.5947 0.2240
9242.7256 0.2289
9244.8516 0.2331
9246.9834 0.2364
9249.1104 0.2369
9251.2432 0.2397
9253.3721 0.2426
9255.5010 0.2440
9257.6348 0.2447
9259.7646 0.2455
9261.8994 0.2462
9264.0303 0.2458
9266.1670 0.2431
9268.2988 0.2414
9270.4307 0.2427
9272.5684 0.2437
9274.7012 0.2465
9276.8398 0.2469
9278.9746 0.2467
9281.1143 0.2468
9283.2490 0.2466
9285.3848 0.2465
9287.5264 0.2463
9289.6621 0.2461
9291.8047 0.2460
9293.9424 0.2457
9296.0850 0.2455
9298.2236 0.2453
9300.3633 0.2451
9302.5078 0.2447
9304.6475 0.2446
9306.7930 0.2445
9308.9346 0.2441
9311.0811 0.2439
9313.2227 0.2438
9315.3652 0.2436
9317.5137 0.2433
9319.6572 0.2431
9321.8057 0.2429
9323.9502 0.2426
9326.1006 0.2424
9328.2461 0.2421
9330.3916 0.2417
9332.5439 0.2414
9334.6904 0.2412
9336.8428 0.2412
9338.9912 0.2409
9341.1445 0.2407
9343.2939 0.2404
9345.4434 0.2401
9347.5977 0.2398
9349.7480 0.2397
9351.9043 0.2395
9354.0557 0.2392
9356.2129 0.2390
9358.3652 0.2387
9360.5186 0.2385
9362.6768 0.2382
9364.8301 0.2380
9366.9902 0.2377
9369.1445 0.2375
9371.3057 0.2372
9373.4609 0.2370
9375.6172 0.2367
9377.7793 0.2365
9379.9365 0.2362
9382.0996 0.2359
9384.2578 0.2357
9386.4219 0.2355
9388.5820 0.2353
9390.7461 0.2346
9392.9072 0.2343
9395.0674 0.2342
9397.2344 0.2338
9399.3965 0.2331
9401.5635 0.2337
9403.7266 0.2335
9405.8945 0.2333
9408.0586 0.2328
9410.2227 0.2313
9412.3926 0.2301
9414.5586 0.2321
9416.7295 0.2311
9418.8955 0.2304
9421.0674 0.2308
9423.2344 0.2311
9425.4023 0.2309
9427.5762 0.2307
9429.7451 0.2305
9431.9189 0.2300
9434.0889 0.2296
9436.2646 0.2294
9438.4355 0.2294
9440.6064 0.2291
9442.7832 0.2289
9444.9561 0.2287
9447.1338 0.2284
9449.3076 0.2282
9451.4863 0.2279
9453.6602 0.2276
9455.8350 0.2274
9458.0156 0.2272
9460.1914 0.2269
9462.3730 0.2267
9464.5498 0.2264
9466.7324 0.2260
9468.9102 0.2258
9471.0889 0.2255
9473.2725 0.2253
9475.4521 0.2251
9477.6367 0.2248
9479.8174 0.2245
9482.0029 0.2242
9484.1846 0.2240
9486.3662 0.2236
9488.5537 0.2232
9490.7363 0.2230
9492.9258 0.2228
9495.1094 0.2225
9497.2988 0.2222
9499.4834 0.2218
9501.6689 0.2215
9503.8604 0.2211
9506.0459 0.2208
9508.2383 0.2204
9510.4258 0.2200
9512.6191 0.2195
9514.8076 0.2190
9516.9961 0.2185
9519.1904 0.2180
9521.3809 0.2174
9523.5762 0.2166
9525.7666 0.2157
9527.9639 0.2147
9530.1553 0.2135
9532.3477 0.2121
9534.5459 0.2103
9536.7393 0.2081
9538.9385 0.2054
9541.1328 0.2022
9543.3330 0.1982
9545.5283 0.1933
9547.7246 0.1879
9549.9268 0.1804
9552.1230 0.1776
9554.3262 0.1817
9556.5234 0.1885
9558.7275 0.1931
9560.9268 0.1973
9563.1309 0.2006
9565.3311 0.2032
9567.5322 0.2052
9569.7383 0.2068
9571.9395 0.2080
9574.1465 0.2089
9576.3496 0.2095
9578.5576 0.2100
9580.7607 0.2104
9582.9648 0.2107
9585.1748 0.2108
9587.3799 0.2109
9589.5908 0.2109
9591.7969 0.2109
9594.0088 0.2109
9596.2158 0.2108
9598.4238 0.2107
9600.6367 0.2106
9602.8457 0.2104
9605.0596 0.2102
9607.2695 0.2099
9609.4854 0.2096
9611.6953 0.2097
9613.9062 0.2096
9616.1240 0.2094
9618.3359 0.2092
9620.5537 0.2090
9622.7666 0.2088
9624.9863 0.2080
9627.2002 0.2077
9629.4150 0.2079
9631.6357 0.2080
9633.8516 0.2077
9636.0723 0.2065
9638.2891 0.2048
9640.5117 0.2064
9642.7295 0.2069
9644.9482 0.2067
9647.1719 0.2065
9649.3916 0.2062
9651.6172 0.2060
9653.8369 0.2057
9656.0635 0.2055
9658.2842 0.2053
9660.5068 0.2050
9662.7344 0.2042
9664.9570 0.2036
9667.1855 0.2042
9669.4102 0.2042
9671.6396 0.2039
9673.8643 0.2037
9676.0898 0.2035
9678.3213 0.2032
9680.5479 0.2030
9682.7803 0.2028
9685.0078 0.2025
9687.2412 0.2023
9689.4697 0.2021
9691.6982 0.2019
9693.9336 0.2017
9696.1631 0.2014
9698.3994 0.2012
9700.6299 0.2009
9702.8672 0.2007
9705.0996 0.2005
9707.3320 0.2003
9709.5703 0.2001
9711.8047 0.1998
9714.0439 0.1996
9716.2783 0.1994
9718.5186 0.1992
9720.7549 0.1989
9722.9912 0.1987
9725.2334 0.1985
9727.4707 0.1982
9729.7139 0.1980
9731.9521 0.1978
9734.1963 0.1975
9736.4355 0.1973
9738.6807 0.1971
9740.9209 0.1969
9743.1621 0.1966
9745.4082 0.1964
9747.6504 0.1961
9749.8984 0.1959
9752.1416 0.1957
9754.3896 0.1955
9756.6338 0.1953
9758.8789 0.1950
9761.1289 0.1948
9763.3740 0.1946
9765.6260 0.1944
9767.8721 0.1941
9770.1250 0.1939
9772.3721 0.1937
9774.6201 0.1934
9776.8750 0.1932
9779.1240 0.1930
9781.3789 0.1928
9783.6289 0.1925
9785.8848 0.1923
9788.1367 0.1921
9790.3877 0.1919
9792.6455 0.1916
9794.8984 0.1913
9797.1572 0.1910
9799.4111 0.1909
9801.6709 0.1907
9803.9258 0.1905
9806.1807 0.1902
9808.4424 0.1900
9810.6982 0.1898
9812.9609 0.1896
9815.2188 0.1893
9817.4814 0.1891
9819.7402 0.1889
9821.9990 0.1887
9824.2646 0.1885
9826.5244 0.1882
9828.7900 0.1880
9831.0518 0.1875
9833.3184 0.1873
9835.5801 0.1873
9837.8428 0.1870
9840.1113 0.1868
9842.3750 0.1866
9844.6455 0.1864
9846.9102 0.1861
9849.1807 0.1858
9851.4463 0.1857
9853.7129 0.1855
9855.9844 0.1853
9858.2520 0.1850
9860.5254 0.1847
9862.7939 0.1845
9865.0684 0.1843
9867.3379 0.1841
9869.6074 0.1839
9871.8838 0.1837
9874.1543 0.1835
9876.4316 0.1832
9878.7031 0.1830
9880.9814 0.1829
9883.2549 0.1827
9885.5283 0.1824
9887.8076 0.1821
9890.0830 0.1819
9892.3633 0.1817
9894.6387 0.1810
9896.9209 0.1804
9899.1973 0.1807
9901.4746 0.1809
9903.7578 0.1806
9906.0361 0.1804
9908.3203 0.1802
9910.5996 0.1800
9912.8857 0.1797
9915.1660 0.1794
9917.4521 0.1792
9919.7334 0.1791
9922.0156 0.1789
9924.3037 0.1787
9926.5869 0.1785
9928.8760 0.1782
9931.1602 0.1780
9933.4502 0.1777
9935.7354 0.1774
9938.0205 0.1771
9940.3125 0.1771
9942.5996 0.1770
9944.8926 0.1767
9947.1797 0.1764
9949.4736 0.1762
9951.7627 0.1759
9954.0518 0.1757
9956.3477 0.1755
9958.6377 0.1754
9960.9346 0.1751
9963.2256 0.1749
9965.5234 0.1747
9967.8154 0.1745
9970.1094 0.1742
9972.4082 0.1740
9974.7021 0.1738
9977.0020 0.1735
9979.2979 0.1733
9981.5986 0.1731
9983.8945 0.1728
9986.1914 0.1726
9988.4941 0.1723
9990.7920 0.1721
9993.0967 0.1718
9995.3955 0.1716
9997.7002 0.1713
10000.0000 0.1710
10002.3057 0.1705
10004.6016 0.1701
10006.9082 0.1701
10009.2158 0.1698
10011.5244 0.1695
10013.8223 0.1692
10016.1309 0.1688
10018.4404 0.1683
10020.7402 0.1679
10023.0508 0.1673
10025.3623 0.1667
10027.6738 0.1660
10029.9756 0.1652
10032.2881 0.1643
10034.6016 0.1632
10036.9043 0.1618
10039.2188 0.1602
10041.5342 0.1581
10043.8496 0.1556
10046.1543 0.1526
10048.4707 0.1489
10050.7881 0.1447
10053.0947 0.1388
10055.4131 0.1349
10057.7324 0.1374
10060.0508 0.1435
10062.3604 0.1472
10064.6807 0.1505
10067.0010 0.1532
10069.3115 0.1553
10071.6338 0.1570
10073.9561 0.1582
10076.2793 0.1592
10078.5918 0.1600
10080.9160 0.1605
10083.2402 0.1608
10085.5547 0.1612
10087.8799 0.1614
10090.2061 0.1615
10092.5332 0.1616
10094.8496 0.1616
10097.1777 0.1616
10099.5059 0.1615
10101.8232 0.1614
10104.1533 0.1614
10106.4834 0.1612
10108.8135 0.1611
10111.1338 0.1608
10113.4648 0.1606
10115.7969 0.1604
10118.1191 0.1601
10120.4521 0.1598
10122.7861 0.1599
10125.1201 0.1601
10127.4434 0.1597
10129.7793 0.1592
10132.1152 0.1593
10134.4404 0.1593
10136.7773 0.1591
10139.1152 0.1590
10141.4531 0.1588
10143.7803 0.1586
10146.1191 0.1584
10148.4590 0.1582
10150.7881 0.1580
10153.1289 0.1578
10155.4707 0.1576
10157.8125 0.1575
10160.1436 0.1572
10162.4863 0.1570
10164.8301 0.1569
10167.1621 0.1567
10169.5068 0.1564
10171.8525 0.1562
10174.1973 0.1561
10176.5322 0.1559
10178.8789 0.1557
10181.2266 0.1555
10183.5742 0.1553
10185.9111 0.1551
10188.2607 0.1549
10190.6094 0.1547
10192.9482 0.1545
10195.2988 0.1543
10197.6504 0.1541
10200.0020 0.1539
10202.3428 0.1537
10204.6953 0.1535
10207.0479 0.1533
10209.3906 0.1531
10211.7451 0.1529
10214.0996 0.1528
10216.4551 0.1526
10218.7998 0.1524
10221.1562 0.1522
10223.5137 0.1520
10225.8594 0.1518
10228.2178 0.1516
10230.5762 0.1514
10232.9355 0.1512
10235.2842 0.1510
10237.6436 0.1508
10240.0049 0.1506
10242.3545 0.1504
10244.7168 0.1502
10247.0791 0.1500
10249.4424 0.1498
10251.7939 0.1496
10254.1582 0.1494
10256.5234 0.1492
10258.8770 0.1490
10261.2422 0.1488
10263.6084 0.1486
10265.9756 0.1485
10268.3311 0.1483
10270.6992 0.1481
10273.0674 0.1479
10275.4258 0.1477
10277.7949 0.1475
10280.1650 0.1473
10282.5352 0.1471
10284.8955 0.1469
10287.2666 0.1467
10289.6396 0.1465
10292.0010 0.1463
10294.3740 0.1461
10296.7480 0.1459
10299.1221 0.1458
10301.4863 0.1456
10303.8613 0.1454
10306.2373 0.1452
10308.6025 0.1450
10310.9795 0.1448
10313.3574 0.1446
10315.7363 0.1444
10318.1035 0.1442
10320.4824 0.1440
10322.8623 0.1438
10325.2314 0.1436
10327.6123 0.1434
10329.9941 0.1433
10332.3760 0.1431
10334.7471 0.1429
10337.1309 0.1426
10339.5146 0.1423
10341.8877 0.1423
10344.2725 0.1421
10346.6572 0.1419
10349.0430 0.1417
10351.4189 0.1416
10353.8057 0.1414
10356.1934 0.1412
10358.5693 0.1410
10360.9580 0.1408
10363.3477 0.1406
10365.7373 0.1404
10368.1162 0.1402
10370.5068 0.1400
10372.8984 0.1398
10375.2793 0.1396
10377.6719 0.1395
10380.0645 0.1393
