3589.2200 0.0097
3590.0457 0.0116
3590.8735 0.0128
3591.6995 0.0137
3592.5259 0.0147
3593.3542 0.0167
3594.1809 0.0186
3595.0098 0.0202
3595.8367 0.0225
3596.6660 0.0260
3597.4934 0.0301
3598.3208 0.0328
3599.1506 0.0337
3599.9788 0.0334
3600.8088 0.0319
3601.6372 0.0289
3602.4678 0.0250
3603.2964 0.0231
3604.1252 0.0263
3604.9565 0.0312
3605.7859 0.0346
3606.6172 0.0351
3607.4470 0.0342
3608.2788 0.0350
3609.1089 0.0390
3609.9392 0.0440
3610.7717 0.0474
3611.6023 0.0480
3612.4351 0.0458
3613.2661 0.0424
3614.0994 0.0413
3614.9307 0.0450
3615.7625 0.0523
3616.5962 0.0596
3617.4282 0.0632
3618.2625 0.0628
3619.0947 0.0604
3619.9292 0.0577
3620.7620 0.0571
3621.5969 0.0602
3622.4302 0.0653
3623.2634 0.0674
3624.0989 0.0661
3624.9326 0.0665
3625.7686 0.0707
3626.6028 0.0767
3627.4390 0.0813
3628.2734 0.0827
3629.1082 0.0796
3629.9451 0.0720
3630.7800 0.0642
3631.6174 0.0624
3632.4529 0.0695
3633.2903 0.0806
3634.1262 0.0886
3634.9622 0.0935
3635.8005 0.0964
3636.6370 0.0982
3637.4756 0.0993
3638.3123 0.0998
3639.1514 0.0991
3639.9885 0.0969
3640.8259 0.0948
3641.6653 0.0948
3642.5032 0.0973
3643.3430 0.1011
3644.1812 0.1049
3645.0215 0.1084
3645.8601 0.1109
3646.6990 0.1122
3647.5398 0.1130
3648.3789 0.1145
3649.2202 0.1164
3650.0596 0.1184
3650.9014 0.1206
3651.7412 0.1230
3652.5813 0.1253
3653.4236 0.1266
3654.2642 0.1271
3655.1067 0.1273
3655.9475 0.1276
3656.7908 0.1288
3657.6318 0.1313
3658.4734 0.1340
3659.3169 0.1352
3660.1587 0.1349
3661.0029 0.1346
3661.8450 0.1353
3662.6895 0.1370
3663.5320 0.1383
3664.3748 0.1392
3665.2197 0.1415
3666.0630 0.1457
3666.9084 0.1507
3667.7520 0.1549
3668.5977 0.1578
3669.4417 0.1607
3670.2859 0.1637
3671.1321 0.1674
3671.9768 0.1708
3672.8235 0.1732
3673.6685 0.1753
3674.5156 0.1777
3675.3608 0.1753
3676.2063 0.1703
3677.0542 0.1676
3677.8999 0.1702
3678.7480 0.1792
3679.5945 0.2024
3680.4429 0.2257
3681.2896 0.2300
3682.1365 0.2179
3682.9856 0.2093
3683.8328 0.2170
3684.6824 0.2145
3685.5300 0.2017
3686.3799 0.2026
3687.2278 0.2367
3688.0781 0.2952
3688.9265 0.3317
3689.7751 0.3122
3690.6260 0.2701
3691.4751 0.2577
3692.3264 0.2975
3693.1758 0.3672
3694.0273 0.4078
3694.8772 0.3863
3695.7273 0.3226
3696.5793 0.2689
3697.4299 0.2720
3698.2825 0.3425
3699.1333 0.4344
3699.9863 0.4879
3700.8374 0.4808
3701.6887 0.4182
3702.5425 0.3293
3703.3943 0.2628
3704.2483 0.2664
3705.1003 0.3352
3705.9548 0.4317
3706.8074 0.5192
3707.6599 0.5689
3708.5149 0.5632
3709.3682 0.5014
3710.2234 0.3995
3711.0771 0.3034
3711.9329 0.2675
3712.7866 0.3127
3713.6409 0.4138
3714.4973 0.5134
3715.3518 0.5924
3716.2085 0.6479
3717.0635 0.6699
3717.9204 0.6499
3718.7759 0.5862
3719.6313 0.4862
3720.4890 0.3745
3721.3450 0.3024
3722.2031 0.3094
3723.0593 0.3924
3723.9180 0.5090
3724.7747 0.6043
3725.6316 0.6624
3726.4905 0.6947
3727.3479 0.7176
3728.2073 0.7359
3729.0649 0.7417
3729.9250 0.7213
3730.7830 0.6687
3731.6414 0.5777
3732.5017 0.4589
3733.3604 0.3477
3734.2214 0.2939
3735.0803 0.3291
3735.9417 0.4154
3736.8013 0.5166
3737.6609 0.6149
3738.5227 0.6982
3739.3828 0.7530
3740.2451 0.7712
3741.1055 0.7726
3741.9683 0.7791
3742.8291 0.7893
3743.6899 0.7895
3744.5532 0.7679
3745.4148 0.7256
3746.2786 0.6651
3747.1404 0.5765
3748.0044 0.4637
3748.8667 0.3558
3749.7290 0.3025
3750.5938 0.3470
3751.4565 0.4621
3752.3215 0.5824
3753.1848 0.6673
3754.0503 0.7110
3754.9138 0.7296
3755.7798 0.7410
3756.6438 0.7388
3757.5081 0.7189
3758.3745 0.6939
3759.2390 0.6809
3760.1060 0.6866
3760.9709 0.7007
3761.8381 0.7233
3762.7036 0.7487
3763.5693 0.7683
3764.4370 0.7784
3765.3032 0.7768
3766.1714 0.7548
3767.0378 0.6970
3767.9065 0.5934
3768.7732 0.4624
3769.6401 0.3524
3770.5095 0.3236
3771.3770 0.4040
3772.2466 0.5343
3773.1145 0.6542
3773.9844 0.7409
3774.8528 0.7970
3775.7209 0.8338
3776.5918 0.8592
3777.4604 0.8745
3778.3315 0.8818
3779.2009 0.8851
3780.0723 0.8867
3780.9419 0.8847
3781.8118 0.8749
3782.6838 0.8642
3783.5540 0.8660
3784.4265 0.8791
3785.2971 0.8930
3786.1699 0.8995
3787.0410 0.9024
3787.9121 0.9057
3788.7856 0.9076
3789.6572 0.9057
3790.5310 0.8984
3791.4031 0.8846
3792.2773 0.8621
3793.1499 0.8263
3794.0225 0.7690
3794.8972 0.6828
3795.7703 0.5674
3796.6455 0.4454
3797.5190 0.3738
3798.3948 0.4080
3799.2686 0.5177
3800.1426 0.6442
3801.0188 0.7462
3801.8933 0.8118
3802.7700 0.8526
3803.6448 0.8770
3804.5220 0.8903
3805.3972 0.8990
3806.2727 0.9089
3807.1504 0.9215
3808.0261 0.9320
3808.9043 0.9366
3809.7805 0.9383
3810.6589 0.9373
3811.5356 0.9292
3812.4126 0.9102
3813.2917 0.8866
3814.1689 0.8796
3815.0483 0.8924
3815.9260 0.9123
3816.8059 0.9244
3817.6841 0.9184
3818.5623 0.8951
3819.4429 0.8759
3820.3215 0.8776
3821.2024 0.8949
3822.0815 0.9126
3822.9629 0.9164
3823.8423 0.9021
3824.7241 0.8833
3825.6040 0.8722
3826.4841 0.8705
3827.3665 0.8752
3828.2468 0.8807
3829.1296 0.8780
3830.0105 0.8583
3830.8938 0.8160
3831.7751 0.7492
3832.6565 0.6574
3833.5403 0.5448
3834.4224 0.4368
3835.3064 0.4049
3836.1887 0.4657
3837.0735 0.5755
3837.9561 0.6866
3838.8391 0.7729
3839.7244 0.8355
3840.6077 0.8794
3841.4932 0.9098
3842.3770 0.9259
3843.2629 0.9277
3844.1472 0.9225
3845.0315 0.9249
3845.9182 0.9364
3846.8030 0.9407
3847.6899 0.9308
3848.5752 0.9146
3849.4626 0.9085
3850.3481 0.9221
3851.2339 0.9311
3852.1221 0.9140
3853.0083 0.8787
3853.8967 0.8406
3854.7832 0.8107
3855.6721 0.8000
3856.5591 0.8399
3857.4463 0.9003
3858.3359 0.9410
3859.2234 0.9494
3860.1135 0.9314
3861.0015 0.8896
3861.8918 0.8417
3862.7803 0.8346
3863.6687 0.8694
3864.5598 0.9141
3865.4487 0.9392
3866.3401 0.9510
3867.2297 0.9629
3868.1213 0.9738
3869.0112 0.9796
3869.9014 0.9766
3870.7937 0.9644
3871.6841 0.9509
3872.5769 0.9505
3873.4678 0.9631
3874.3611 0.9784
3875.2524 0.9877
3876.1438 0.9879
3877.0376 0.9813
3877.9297 0.9739
3878.8237 0.9706
3879.7161 0.9688
3880.6108 0.9636
3881.5037 0.9525
3882.3965 0.9382
3883.2917 0.9181
3884.1851 0.8854
3885.0808 0.8322
3885.9746 0.7508
3886.8706 0.6373
3887.7649 0.5092
3888.6592 0.4409
3889.5559 0.4788
3890.4507 0.5922
3891.3479 0.7204
3892.2429 0.8159
3893.1406 0.8756
3894.0361 0.9123
3894.9341 0.9355
3895.8301 0.9512
3896.7263 0.9611
3897.6250 0.9615
3898.5215 0.9484
3899.4207 0.9306
3900.3176 0.9279
3901.2170 0.9434
3902.1145 0.9632
3903.0122 0.9703
3903.9121 0.9617
3904.8103 0.9464
3905.7107 0.9425
3906.6094 0.9562
3907.5100 0.9777
3908.4089 0.9934
3909.3081 1.0011
3910.2097 1.0035
3911.1091 0.9945
3912.0110 0.9724
3912.9111 0.9485
3913.8132 0.9418
3914.7136 0.9601
3915.6143 0.9819
3916.5171 0.9948
3917.4182 0.9976
3918.3215 0.9943
3919.2229 0.9909
3920.1267 0.9908
3921.0286 0.9954
3921.9307 1.0020
3922.8350 1.0067
3923.7373 1.0077
3924.6421 1.0050
3925.5452 0.9992
3926.4502 0.9965
3927.3535 0.9997
3928.2571 1.0024
3929.1628 0.9966
3930.0667 0.9762
3930.9731 0.9306
3931.8774 0.8330
3932.7839 0.7361
3933.6887 0.7216
3934.5938 0.7991
3935.5010 0.9012
3936.4062 0.9521
3937.3142 0.9663
3938.2200 0.9704
3939.1279 0.9837
3940.0342 1.0054
3940.9407 1.0225
3941.8494 1.0273
3942.7561 1.0234
3943.6653 1.0157
3944.5725 1.0121
3945.4822 1.0159
3946.3899 1.0235
3947.2979 1.0272
3948.2080 1.0297
3949.1162 1.0320
3950.0269 1.0334
3950.9355 1.0336
3951.8467 1.0338
3952.7559 1.0345
3953.6650 1.0342
3954.5769 1.0331
3955.4866 1.0320
3956.3987 1.0313
3957.3088 1.0315
3958.2214 1.0312
3959.1321 1.0248
3960.0449 1.0129
3960.9561 1.0018
3961.8672 0.9941
3962.7808 0.9848
3963.6924 0.9647
3964.6064 0.9359
3965.5186 0.8839
3966.4329 0.7824
3967.3455 0.6312
3968.2581 0.4786
3969.1731 0.4113
3970.0862 0.4578
3971.0017 0.5808
3971.9153 0.7177
3972.8313 0.8234
3973.7451 0.8874
3974.6592 0.9336
3975.5759 0.9718
3976.4905 0.9975
3977.4075 1.0098
3978.3225 1.0135
3979.2397 1.0162
3980.1553 1.0222
3981.0708 1.0270
3981.9888 1.0311
3982.9050 1.0369
3983.8232 1.0440
3984.7397 1.0492
3985.6587 1.0501
3986.5757 1.0501
3987.4927 1.0514
3988.4121 1.0524
3989.3298 1.0522
3990.2498 1.0514
3991.1677 1.0519
3992.0879 1.0526
3993.0063 1.0514
3993.9250 1.0489
3994.8459 1.0474
3995.7649 1.0475
3996.6863 1.0467
3997.6057 1.0462
3998.5276 1.0472
3999.4475 1.0465
4000.3674 1.0402
4001.2900 1.0290
4002.2104 1.0218
4003.1333 1.0246
4004.0544 1.0317
4004.9775 1.0392
4005.8989 1.0477
4006.8206 1.0562
4007.7446 1.0582
4008.6665 1.0511
4009.5908 1.0443
4010.5132 1.0409
4011.4380 1.0390
4012.3608 1.0385
4013.2839 1.0426
4014.2095 1.0434
4015.1328 1.0436
4016.0588 1.0495
4016.9827 1.0604
4017.9089 1.0701
4018.8333 1.0750
4019.7578 1.0773
4020.6848 1.0753
4021.6096 1.0661
4022.5371 1.0487
4023.4624 1.0259
4024.3901 1.0060
4025.3162 0.9995
4026.2422 1.0096
4027.1704 1.0287
4028.0969 1.0462
4029.0259 1.0560
4029.9526 1.0602
4030.8821 1.0586
4031.8093 1.0543
4032.7390 1.0536
4033.6667 1.0587
4034.5947 1.0665
4035.5251 1.0708
4036.4534 1.0720
4037.3843 1.0723
4038.3130 1.0737
4039.2441 1.0756
4040.1736 1.0762
4041.1030 1.0752
4042.0347 1.0727
4042.9646 1.0687
4043.8970 1.0637
4044.8271 1.0600
4045.7600 1.0600
4046.6907 1.0637
4047.6216 1.0644
4048.5549 1.0649
4049.4863 1.0680
4050.4202 1.0713
4051.3521 1.0707
4052.2861 1.0678
4053.2185 1.0673
4054.1509 1.0718
4055.0857 1.0779
4056.0186 1.0813
4056.9539 1.0811
4057.8872 1.0827
4058.8230 1.0857
4059.7566 1.0872
4060.6907 1.0864
4061.6270 1.0825
4062.5613 1.0765
4063.4983 1.0732
4064.4331 1.0730
4065.3701 1.0666
4066.3054 1.0569
4067.2410 1.0553
4068.1787 1.0661
4069.1147 1.0737
4070.0530 1.0711
4070.9893 1.0672
4071.9280 1.0685
4072.8647 1.0733
4073.8018 1.0744
4074.7412 1.0677
4075.6787 1.0600
4076.6184 1.0578
4077.5562 1.0638
4078.4966 1.0750
4079.4348 1.0848
4080.3733 1.0880
4081.3142 1.0878
4082.2532 1.0870
4083.1943 1.0866
4084.1338 1.0859
4085.0757 1.0845
4086.0154 1.0832
4086.9553 1.0834
4087.8977 1.0848
4088.8381 1.0863
4089.7810 1.0863
4090.7219 1.0838
4091.6653 1.0785
4092.6064 1.0718
4093.5481 1.0647
4094.4919 1.0546
4095.4338 1.0374
4096.3784 1.0101
4097.3208 0.9720
4098.2656 0.9133
4099.2085 0.8199
4100.1514 0.7044
4101.0967 0.6186
4102.0400 0.6252
4102.9863 0.7298
4103.9302 0.8476
4104.8765 0.9376
4105.8208 0.9946
4106.7676 1.0277
4107.7124 1.0468
4108.6572 1.0555
4109.6045 1.0583
4110.5503 1.0614
4111.4980 1.0675
4112.4438 1.0758
4113.3921 1.0844
4114.3384 1.0926
4115.2852 1.0990
4116.2339 1.1024
4117.1807 1.1021
4118.1304 1.0975
4119.0776 1.0891
4120.0273 1.0790
4120.9751 1.0686
4121.9233 1.0621
4122.8740 1.0648
4123.8223 1.0746
4124.7734 1.0801
4125.7222 1.0659
4126.6733 1.0269
4127.6230 0.9905
4128.5723 0.9773
4129.5244 0.9794
4130.4746 0.9849
4131.4268 1.0119
4132.3774 1.0550
4133.3301 1.0868
4134.2812 1.1015
4135.2324 1.1049
4136.1855 1.1038
4137.1372 1.1018
4138.0913 1.1030
4139.0435 1.1068
4139.9976 1.1092
4140.9502 1.1060
4141.9028 1.0963
4142.8579 1.0844
4143.8110 1.0782
4144.7666 1.0794
4145.7202 1.0873
4146.6758 1.0992
4147.6299 1.1101
4148.5840 1.1141
4149.5405 1.1134
4150.4951 1.1126
4151.4526 1.1123
4152.4072 1.1127
4153.3647 1.1142
4154.3203 1.1171
4155.2764 1.1181
4156.2344 1.1184
4157.1904 1.1190
4158.1489 1.1190
4159.1055 1.1166
4160.0649 1.1120
4161.0220 1.1061
4161.9790 1.0988
4162.9390 1.0946
4163.8965 1.0983
4164.8564 1.1085
4165.8149 1.1157
4166.7754 1.1168
4167.7339 1.1152
4168.6929 1.1125
4169.6538 1.1064
4170.6133 1.0908
4171.5752 1.0612
4172.5347 1.0331
4173.4971 1.0336
4174.4570 1.0593
4175.4175 1.0816
4176.3799 1.0706
4177.3408 1.0299
4178.3042 1.0063
4179.2651 1.0258
4180.2290 1.0679
4181.1909 1.1019
4182.1548 1.1132
4183.1172 1.1144
4184.0796 1.1148
4185.0444 1.1152
4186.0068 1.1129
4186.9722 1.1088
4187.9355 1.1073
4188.9014 1.1103
4189.8647 1.1122
4190.8286 1.1134
4191.7949 1.1158
4192.7593 1.1195
4193.7261 1.1227
4194.6909 1.1236
4195.6582 1.1236
4196.6235 1.1223
4197.5889 1.1192
4198.5571 1.1157
4199.5229 1.1141
4200.4912 1.1151
4201.4575 1.1173
4202.4263 1.1195
4203.3931 1.1205
4204.3599 1.1202
4205.3296 1.1205
4206.2969 1.1231
4207.2671 1.1262
4208.2349 1.1290
4209.2051 1.1309
4210.1738 1.1317
4211.1421 1.1320
4212.1133 1.1330
4213.0820 1.1324
4214.0537 1.1289
4215.0229 1.1257
4215.9951 1.1257
4216.9648 1.1285
4217.9351 1.1302
4218.9077 1.1319
4219.8784 1.1338
4220.8516 1.1351
4221.8223 1.1354
4222.7959 1.1336
4223.7676 1.1285
4224.7393 1.1254
4225.7134 1.1262
4226.6855 1.1297
4227.6602 1.1340
4228.6328 1.1371
4229.6079 1.1344
4230.5806 1.1114
4231.5542 1.0631
4232.5298 1.0229
4233.5034 1.0285
4234.4800 1.0796
4235.4541 1.1188
4236.4307 1.1350
4237.4053 1.1394
4238.3799 1.1393
4239.3574 1.1353
4240.3325 1.1251
4241.3105 1.1102
4242.2861 1.1082
4243.2642 1.1182
4244.2407 1.1284
4245.2168 1.1313
4246.1958 1.1291
4247.1729 1.1311
4248.1519 1.1357
4249.1294 1.1366
4250.1094 1.1338
4251.0869 1.1300
4252.0649 1.1284
4253.0454 1.1315
4254.0239 1.1370
4255.0049 1.1395
4255.9834 1.1353
4256.9648 1.1261
4257.9443 1.1193
4258.9263 1.1222
4259.9058 1.1245
4260.8857 1.1229
4261.8687 1.1234
4262.8491 1.1296
4263.8320 1.1379
4264.8130 1.1409
4265.7964 1.1372
4266.7778 1.1316
4267.7593 1.1296
4268.7432 1.1316
4269.7256 1.1330
4270.7100 1.1288
4271.6924 1.1190
4272.6772 1.1117
4273.6606 1.1124
4274.6436 1.1192
4275.6294 1.1258
4276.6128 1.1294
4277.5991 1.1309
4278.5830 1.1343
4279.5698 1.1395
4280.5542 1.1433
4281.5391 1.1431
4282.5264 1.1396
4283.5117 1.1357
4284.4990 1.1361
4285.4849 1.1404
4286.4731 1.1443
4287.4590 1.1433
4288.4453 1.1374
4289.4346 1.1313
4290.4214 1.1322
4291.4106 1.1374
4292.3979 1.1376
4293.3877 1.1283
4294.3755 1.1184
4295.3633 1.1092
4296.3535 1.1082
4297.3423 1.1158
4298.3330 1.1195
4299.3218 1.1101
4300.3135 1.1020
4301.3027 1.0906
4302.2920 1.0789
4303.2842 1.0863
4304.2744 1.1133
4305.2666 1.1366
4306.2573 1.1374
4307.2500 1.1348
4308.2412 1.1399
4309.2319 1.1492
4310.2261 1.1537
4311.2173 1.1464
4312.2114 1.1298
4313.2036 1.1129
4314.1982 1.1094
4315.1904 1.1220
4316.1836 1.1403
4317.1787 1.1503
4318.1719 1.1517
4319.1675 1.1507
4320.1611 1.1511
4321.1572 1.1547
4322.1514 1.1588
4323.1460 1.1573
4324.1426 1.1474
4325.1377 1.1396
4326.1348 1.1423
4327.1299 1.1518
4328.1279 1.1588
4329.1235 1.1569
4330.1196 1.1500
4331.1182 1.1436
4332.1143 1.1381
4333.1133 1.1313
4334.1104 1.1194
4335.1099 1.0956
4336.1069 1.0515
4337.1069 0.9822
4338.1045 0.8863
4339.1025 0.7873
4340.1030 0.7399
4341.1016 0.7889
4342.1025 0.8967
4343.1016 0.9872
4344.1030 1.0494
4345.1025 1.0897
4346.1021 1.1150
4347.1040 1.1303
4348.1040 1.1374
4349.1069 1.1284
4350.1074 1.0989
4351.1104 1.0740
4352.1113 1.0816
4353.1128 1.1213
4354.1167 1.1497
4355.1182 1.1598
4356.1226 1.1596
4357.1245 1.1585
4358.1294 1.1611
4359.1318 1.1651
4360.1348 1.1636
4361.1401 1.1602
4362.1436 1.1613
4363.1494 1.1665
4364.1528 1.1717
4365.1592 1.1728
4366.1636 1.1679
4367.1680 1.1582
4368.1753 1.1513
4369.1802 1.1525
4370.1875 1.1607
4371.1929 1.1692
4372.2007 1.1724
4373.2065 1.1715
4374.2129 1.1706
4375.2212 1.1718
4376.2280 1.1739
4377.2368 1.1749
4378.2441 1.1748
4379.2534 1.1739
4380.2612 1.1713
4381.2686 1.1621
4382.2793 1.1384
4383.2871 1.1005
4384.2979 1.0712
4385.3066 1.0786
4386.3179 1.1052
4387.3267 1.1288
4388.3359 1.1395
4389.3481 1.1405
4390.3579 1.1412
4391.3701 1.1505
4392.3804 1.1545
4393.3936 1.1451
4394.4043 1.1335
4395.4150 1.1383
4396.4287 1.1572
4397.4399 1.1664
4398.4541 1.1654
4399.4658 1.1623
4400.4805 1.1626
4401.4927 1.1655
4402.5054 1.1651
4403.5205 1.1636
4404.5337 1.1649
4405.5493 1.1686
4406.5625 1.1717
4407.5786 1.1715
4408.5928 1.1696
4409.6069 1.1673
4410.6240 1.1659
4411.6387 1.1649
4412.6558 1.1623
4413.6709 1.1538
4414.6885 1.1323
4415.7041 1.1024
4416.7227 1.0917
4417.7388 1.1076
4418.7549 1.1338
4419.7739 1.1491
4420.7905 1.1539
4421.8101 1.1545
4422.8271 1.1522
4423.8472 1.1483
4424.8647 1.1441
4425.8828 1.1399
4426.9033 1.1365
4427.9219 1.1370
4428.9429 1.1404
4429.9619 1.1436
4430.9834 1.1451
4432.0024 1.1453
4433.0220 1.1443
4434.0444 1.1446
4435.0645 1.1469
4436.0874 1.1506
4437.1079 1.1552
4438.1309 1.1608
4439.1519 1.1651
4440.1733 1.1669
4441.1968 1.1641
4442.2188 1.1559
4443.2432 1.1497
4444.2651 1.1552
4445.2900 1.1677
4446.3125 1.1753
4447.3354 1.1785
4448.3613 1.1769
4449.3843 1.1708
4450.4106 1.1650
4451.4341 1.1687
4452.4609 1.1769
4453.4849 1.1796
4454.5098 1.1781
4455.5366 1.1792
4456.5615 1.1862
4457.5894 1.1920
4458.6147 1.1928
4459.6431 1.1885
4460.6689 1.1827
4461.6953 1.1802
4462.7241 1.1826
4463.7505 1.1838
4464.7798 1.1855
4465.8071 1.1836
4466.8369 1.1739
4467.8643 1.1622
4468.8921 1.1565
4469.9229 1.1490
4470.9512 1.1384
4471.9819 1.1421
4473.0107 1.1600
4474.0425 1.1801
4475.0718 1.1921
4476.1011 1.1967
4477.1333 1.1949
4478.1631 1.1733
4479.1958 1.1159
4480.2266 1.0489
4481.2593 1.0362
4482.2905 1.1077
4483.3213 1.1694
4484.3555 1.1968
4485.3872 1.1998
4486.4214 1.1895
4487.4536 1.1719
4488.4883 1.1553
4489.5210 1.1476
4490.5537 1.1482
4491.5889 1.1616
4492.6226 1.1834
4493.6582 1.2008
4494.6919 1.2086
4495.7285 1.2128
4496.7627 1.2127
4497.7998 1.2080
4498.8345 1.1977
4499.8696 1.1839
4500.9072 1.1783
4501.9424 1.1867
4502.9805 1.1986
4504.0166 1.2062
4505.0552 1.2033
4506.0913 1.1836
4507.1279 1.1504
4508.1675 1.1453
4509.2046 1.1708
4510.2446 1.1987
4511.2822 1.2107
4512.3223 1.2059
4513.3604 1.1850
4514.3984 1.1609
4515.4395 1.1620
4516.4785 1.1819
4517.5200 1.1931
4518.5591 1.1758
4519.6011 1.1485
4520.6406 1.1292
4521.6807 1.1197
4522.7236 1.1337
4523.7642 1.1684
4524.8071 1.1997
4525.8481 1.2111
4526.8916 1.2145
4527.9331 1.2139
4528.9746 1.2132
4530.0190 1.2140
4531.0610 1.2110
4532.1060 1.1947
4533.1489 1.1761
4534.1938 1.1783
4535.2373 1.1974
4536.2803 1.2154
4537.3267 1.2193
4538.3701 1.2143
4539.4170 1.2011
4540.4609 1.1880
4541.5083 1.1889
4542.5527 1.2034
4543.5981 1.2166
4544.6455 1.2196
4545.6909 1.2167
4546.7393 1.1941
4547.7852 1.1484
4548.8340 1.1119
4549.8804 1.1271
4550.9272 1.1767
4551.9766 1.2007
4553.0239 1.1939
4554.0737 1.1650
4555.1216 1.1388
4556.1719 1.1393
4557.2197 1.1508
4558.2686 1.1624
4559.3193 1.1854
4560.3682 1.2082
4561.4199 1.2155
4562.4692 1.2073
4563.5215 1.2019
4564.5713 1.2063
4565.6211 1.2142
4566.6743 1.2204
4567.7246 1.2223
4568.7778 1.2189
4569.8291 1.2090
4570.8828 1.1972
4571.9341 1.1961
4572.9888 1.2030
4574.0405 1.2038
4575.0928 1.1909
4576.1479 1.1860
4577.2007 1.1957
4578.2559 1.2025
4579.3091 1.2021
4580.3652 1.1923
4581.4189 1.1639
4582.4731 1.1152
4583.5298 1.1083
4584.5840 1.1456
4585.6411 1.1810
4586.6963 1.1855
4587.7539 1.1743
4588.8091 1.1829
4589.8647 1.1944
4590.9233 1.1994
4591.9795 1.2024
4593.0386 1.2067
4594.0952 1.2090
4595.1543 1.2073
4596.2114 1.2102
4597.2690 1.2154
4598.3291 1.2200
4599.3867 1.2223
4600.4473 1.2226
4601.5059 1.2236
4602.5669 1.2251
4603.6255 1.2248
4604.6846 1.2237
4605.7466 1.2239
4606.8062 1.2260
4607.8687 1.2282
4608.9287 1.2294
4609.9912 1.2289
4611.0518 1.2279
4612.1128 1.2271
4613.1763 1.2255
4614.2373 1.2203
4615.3013 1.2119
4616.3633 1.2018
4617.4277 1.1908
4618.4897 1.1834
4619.5522 1.1860
4620.6177 1.1989
4621.6807 1.2142
4622.7466 1.2241
4623.8096 1.2256
4624.8760 1.2217
4625.9399 1.2149
4627.0044 1.1972
4628.0713 1.1697
4629.1357 1.1624
4630.2031 1.1805
4631.2686 1.2025
4632.3364 1.2028
4633.4023 1.1880
4634.4678 1.1834
4635.5366 1.1949
4636.6030 1.2116
4637.6724 1.2234
4638.7393 1.2281
4639.8091 1.2298
4640.8765 1.2295
4641.9438 1.2288
4643.0142 1.2287
4644.0825 1.2297
4645.1533 1.2311
4646.2222 1.2309
4647.2935 1.2291
4648.3623 1.2281
4649.4316 1.2295
4650.5039 1.2319
4651.5737 1.2325
4652.6465 1.2317
4653.7168 1.2301
4654.7900 1.2255
4655.8608 1.2199
4656.9346 1.2185
4658.0059 1.2235
4659.0771 1.2265
4660.1519 1.2251
4661.2236 1.2184
4662.2983 1.2107
4663.3711 1.2075
4664.4463 1.2087
4665.5195 1.2048
4666.5928 1.2057
4667.6689 1.2117
4668.7427 1.2164
4669.8193 1.2182
4670.8936 1.2209
4671.9707 1.2247
4673.0454 1.2274
4674.1206 1.2294
4675.1982 1.2299
4676.2739 1.2286
4677.3521 1.2264
4678.4282 1.2245
4679.5073 1.2250
4680.5835 1.2280
4681.6602 1.2310
4682.7397 1.2327
4683.8174 1.2340
4684.8975 1.2353
4685.9751 1.2346
4687.0557 1.2332
4688.1338 1.2328
4689.2124 1.2335
4690.2935 1.2337
4691.3726 1.2330
4692.4546 1.2322
4693.5342 1.2321
4694.6162 1.2328
4695.6963 1.2332
4696.7764 1.2324
4697.8594 1.2319
4698.9404 1.2325
4700.0239 1.2337
4701.1050 1.2358
4702.1890 1.2376
4703.2710 1.2376
4704.3530 1.2358
4705.4375 1.2346
4706.5200 1.2339
4707.6055 1.2337
4708.6885 1.2344
4709.7744 1.2341
4710.8579 1.2284
4711.9414 1.2199
4713.0283 1.2170
4714.1123 1.2204
4715.1992 1.2259
4716.2842 1.2292
4717.3716 1.2318
4718.4570 1.2324
4719.5425 1.2317
4720.6309 1.2311
4721.7168 1.2309
4722.8057 1.2297
4723.8921 1.2265
4724.9814 1.2218
4726.0684 1.2186
4727.1553 1.2179
4728.2456 1.2173
4729.3335 1.2128
4730.4238 1.2055
4731.5122 1.2079
4732.6030 1.2171
4733.6919 1.2249
4734.7808 1.2275
4735.8726 1.2263
4736.9624 1.2235
4738.0547 1.2201
4739.1445 1.2199
4740.2373 1.2232
4741.3276 1.2275
4742.4214 1.2296
4743.5122 1.2303
4744.6035 1.2294
4745.6973 1.2289
4746.7891 1.2292
4747.8838 1.2293
4748.9761 1.2281
4750.0713 1.2268
4751.1641 1.2259
4752.2568 1.2244
4753.3525 1.2216
4754.4463 1.2183
4755.5425 1.2173
4756.6367 1.2199
4757.7334 1.2214
4758.8281 1.2209
4759.9229 1.2185
4761.0205 1.2148
4762.1157 1.2111
4763.2139 1.2104
4764.3096 1.2134
4765.4082 1.2177
4766.5044 1.2208
4767.6011 1.2222
4768.7002 1.2219
4769.7974 1.2186
4770.8975 1.2151
4771.9951 1.2140
4773.0952 1.2146
4774.1934 1.2153
4775.2915 1.2155
4776.3926 1.2155
4777.4917 1.2152
4778.5933 1.2136
4779.6924 1.2129
4780.7949 1.2156
4781.8945 1.2199
4782.9946 1.2209
4784.0977 1.2205
4785.1982 1.2207
4786.3018 1.2208
4787.4028 1.2200
4788.5068 1.2193
4789.6084 1.2205
4790.7100 1.2222
4791.8149 1.2240
4792.9170 1.2253
4794.0225 1.2248
4795.1255 1.2229
4796.2310 1.2226
4797.3345 1.2227
4798.4380 1.2234
4799.5444 1.2249
4800.6489 1.2256
4801.7559 1.2235
4802.8604 1.2189
4803.9678 1.2147
4805.0732 1.2156
4806.1782 1.2195
4807.2866 1.2223
4808.3926 1.2216
4809.5015 1.2191
4810.6079 1.2162
4811.7173 1.2156
4812.8242 1.2172
4813.9312 1.2180
4815.0415 1.2169
4816.1489 1.2184
4817.2598 1.2200
4818.3677 1.2192
4819.4790 1.2170
4820.5879 1.2145
4821.6968 1.2084
4822.8086 1.1927
4823.9180 1.1872
4825.0303 1.1988
4826.1401 1.2139
4827.2534 1.2218
4828.3638 1.2239
4829.4771 1.2251
4830.5884 1.2250
4831.6992 1.2247
4832.8135 1.2240
4833.9253 1.2215
4835.0400 1.2172
4836.1523 1.2169
4837.2676 1.2200
4838.3804 1.2213
4839.4937 1.2211
4840.6094 1.2214
4841.7231 1.2228
4842.8394 1.2243
4843.9536 1.2243
4845.0708 1.2215
4846.1851 1.2141
4847.3003 1.2053
4848.4180 1.2028
4849.5332 1.2087
4850.6514 1.2108
4851.7676 1.2089
4852.8862 1.2040
4854.0024 1.1947
4855.1191 1.1791
4856.2388 1.1581
4857.3560 1.1241
4858.4761 1.0616
4859.5938 0.9801
4860.7144 0.9291
4861.8325 0.9598
4862.9512 1.0374
4864.0723 1.1006
4865.1914 1.1458
4866.3135 1.1759
4867.4326 1.1930
4868.5552 1.2014
4869.6753 1.2048
4870.7954 1.2065
4871.9189 1.2073
4873.0396 1.2067
4874.1631 1.2022
4875.2847 1.1940
4876.4087 1.1926
4877.5308 1.2002
4878.6528 1.2067
4879.7778 1.2083
4880.9004 1.2070
4882.0259 1.2053
4883.1489 1.2031
4884.2749 1.2034
4885.3984 1.2070
4886.5225 1.2105
4887.6494 1.2126
4888.7734 1.2145
4889.9009 1.2144
4891.0259 1.2130
4892.1538 1.2116
4893.2793 1.2115
4894.4048 1.2134
4895.5337 1.2161
4896.6597 1.2168
4897.7891 1.2174
4898.9155 1.2187
4900.0454 1.2194
4901.1724 1.2197
4902.2998 1.2209
4903.4307 1.2211
4904.5586 1.2209
4905.6895 1.2217
4906.8179 1.2221
4907.9497 1.2215
4909.0786 1.2215
4910.2080 1.2214
4911.3403 1.2217
4912.4702 1.2228
4913.6030 1.2259
4914.7334 1.2293
4915.8667 1.2294
4916.9976 1.2275
4918.1313 1.2263
4919.2627 1.2190
4920.3945 1.2020
4921.5288 1.1681
4922.6611 1.1232
4923.7964 1.1188
4924.9292 1.1680
4926.0649 1.2123
4927.1978 1.2305
4928.3315 1.2329
4929.4678 1.2347
4930.6021 1.2361
4931.7388 1.2355
4932.8735 1.2342
4934.0107 1.2341
4935.1460 1.2351
4936.2812 1.2354
4937.4194 1.2355
4938.5557 1.2374
4939.6943 1.2389
4940.8306 1.2385
4941.9702 1.2371
4943.1069 1.2363
4944.2441 1.2356
4945.3843 1.2340
4946.5220 1.2309
4947.6626 1.2287
4948.8008 1.2282
4949.9419 1.2271
4951.0806 1.2243
4952.2197 1.2260
4953.3618 1.2303
4954.5010 1.2337
4955.6436 1.2336
4956.7837 1.2313
4957.9268 1.2324
4959.0674 1.2347
4960.2080 1.2358
4961.3521 1.2347
4962.4932 1.2322
4963.6377 1.2305
4964.7793 1.2310
4965.9243 1.2301
4967.0669 1.2292
4968.2095 1.2300
4969.3550 1.2320
4970.4980 1.2336
4971.6445 1.2351
4972.7881 1.2373
4973.9351 1.2377
4975.0791 1.2351
4976.2236 1.2314
4977.3711 1.2297
4978.5161 1.2304
4979.6641 1.2321
4980.8096 1.2329
4981.9585 1.2318
4983.1045 1.2304
4984.2510 1.2309
4985.4004 1.2336
4986.5469 1.2341
4987.6968 1.2319
4988.8442 1.2264
4989.9946 1.2198
4991.1426 1.2170
4992.2910 1.2195
4993.4419 1.2247
4994.5908 1.2307
4995.7427 1.2357
4996.8921 1.2375
4998.0439 1.2344
4999.1938 1.2263
5000.3438 1.2130
5001.4971 1.2051
5002.6475 1.2067
5003.8013 1.2139
5004.9521 1.2197
5006.1064 1.2230
5007.2583 1.2240
5008.4126 1.2251
5009.5649 1.2287
5010.7173 1.2336
5011.8730 1.2346
5013.0259 1.2271
5014.1816 1.2165
5015.3354 1.1991
5016.4917 1.1599
5017.6460 1.1213
5018.8003 1.1347
5019.9575 1.1904
5021.1123 1.2172
5022.2700 1.2252
5023.4258 1.2286
5024.5840 1.2297
5025.7397 1.2272
5026.8960 1.2269
5028.0552 1.2276
5029.2119 1.2235
5030.3716 1.2174
5031.5288 1.2150
5032.6890 1.2170
5033.8472 1.2152
5035.0049 1.2112
5036.1660 1.2139
5037.3247 1.2192
5038.4863 1.2128
5039.6455 1.1908
5040.8076 1.1842
5041.9668 1.2034
5043.1270 1.2200
5044.2900 1.2242
5045.4502 1.2215
5046.6138 1.2194
5047.7749 1.2220
5048.9390 1.2267
5050.1001 1.2291
5051.2622 1.2286
5052.4268 1.2240
5053.5894 1.2077
5054.7544 1.1722
5055.9175 1.1666
5057.0830 1.1928
5058.2466 1.2186
5059.4102 1.2257
5060.5771 1.2242
5061.7412 1.2260
5062.9082 1.2295
5064.0732 1.2294
5065.2407 1.2261
5066.4062 1.2238
5067.5718 1.2256
5068.7402 1.2268
5069.9062 1.2241
5071.0752 1.2219
5072.2417 1.2208
5073.4116 1.2195
5074.5786 1.2185
5075.7461 1.2225
5076.9165 1.2273
5078.0845 1.2302
5079.2554 1.2307
5080.4238 1.2293
5081.5957 1.2274
5082.7646 1.2274
5083.9336 1.2277
5085.1060 1.2268
5086.2759 1.2248
5087.4487 1.2231
5088.6191 1.2228
5089.7925 1.2241
5090.9634 1.2240
5092.1348 1.2210
5093.3091 1.2198
5094.4805 1.2215
5095.6553 1.2217
5096.8276 1.2191
5098.0029 1.2157
5099.1758 1.2063
5100.3516 1.2012
5101.5249 1.2086
5102.6987 1.2201
5103.8750 1.2203
5105.0493 1.2184
5106.2266 1.2188
5107.4014 1.2214
5108.5791 1.2239
5109.7544 1.2243
5110.9297 1.2230
5112.1084 1.2204
5113.2842 1.2195
5114.4634 1.2200
5115.6401 1.2203
5116.8198 1.2201
5117.9966 1.2202
5119.1743 1.2194
5120.3545 1.2193
5121.5327 1.2198
5122.7134 1.2203
5123.8921 1.2206
5125.0737 1.2197
5126.2524 1.2143
5127.4321 1.2095
5128.6143 1.2108
5129.7939 1.2163
5130.9771 1.2189
5132.1572 1.2184
5133.3408 1.2200
5134.5220 1.2220
5135.7031 1.2223
5136.8872 1.2209
5138.0688 1.2191
5139.2539 1.2177
5140.4360 1.2187
5141.6216 1.2177
5142.8042 1.2129
5143.9873 1.2075
5145.1738 1.2063
5146.3574 1.2089
5147.5439 1.2076
5148.7280 1.2047
5149.9155 1.2061
5151.1001 1.2100
5152.2852 1.2092
5153.4731 1.2080
5154.6587 1.2097
5155.8477 1.2104
5157.0337 1.2113
5158.2227 1.2130
5159.4097 1.2132
5160.5962 1.2128
5161.7861 1.2140
5162.9736 1.2147
5164.1646 1.2123
5165.3525 1.2014
5166.5435 1.1701
5167.7319 1.1136
5168.9209 1.1082
5170.1128 1.1521
5171.3022 1.1932
5172.4946 1.2076
5173.6846 1.2151
5174.8779 1.2174
5176.0684 1.2144
5177.2588 1.2129
5178.4526 1.2128
5179.6440 1.2124
5180.8384 1.2112
5182.0303 1.2055
5183.2251 1.2010
5184.4175 1.2019
5185.6104 1.2057
5186.8062 1.2087
5187.9995 1.2098
5189.1958 1.2107
5190.3896 1.2117
5191.5864 1.2114
5192.7808 1.2090
5193.9780 1.2037
5195.1729 1.1921
5196.3682 1.1712
5197.5664 1.1712
5198.7622 1.1890
5199.9609 1.2043
5201.1572 1.2083
5202.3564 1.2088
5203.5532 1.2102
5204.7505 1.2130
5205.9507 1.2148
5207.1484 1.2145
5208.3491 1.2142
5209.5474 1.2160
5210.7485 1.2156
5211.9473 1.2103
5213.1460 1.2029
5214.3481 1.1948
5215.5479 1.1897
5216.7505 1.1931
5217.9507 1.2019
5219.1538 1.2063
5220.3545 1.2071
5221.5557 1.2056
5222.7598 1.2033
5223.9609 1.2001
5225.1655 1.1899
5226.3677 1.1810
5227.5728 1.1869
5228.7754 1.2007
5229.9785 1.2083
5231.1846 1.2014
5232.3877 1.1810
5233.5942 1.1607
5234.7983 1.1610
5236.0054 1.1739
5237.2100 1.1859
5238.4150 1.1959
5239.6230 1.2040
5240.8281 1.2077
5242.0366 1.2078
5243.2427 1.2009
5244.4517 1.1895
5245.6582 1.1844
5246.8652 1.1905
5248.0747 1.1956
5249.2822 1.1987
5250.4927 1.2005
5251.7007 1.2007
5252.9116 1.1987
5254.1201 1.1958
5255.3286 1.1964
5256.5405 1.1979
5257.7500 1.1946
5258.9624 1.1871
5260.1724 1.1844
5261.3853 1.1923
5262.5957 1.1888
5263.8062 1.1839
5265.0200 1.1903
5266.2310 1.2039
5267.4458 1.2092
5268.6572 1.2081
5269.8721 1.2051
5271.0845 1.1999
5272.2974 1.1935
5273.5132 1.1784
5274.7261 1.1524
5275.9424 1.1538
5277.1562 1.1789
5278.3730 1.1962
5279.5874 1.2022
5280.8047 1.2037
5282.0195 1.1999
5283.2349 1.1912
5284.4531 1.1946
5285.6689 1.2031
5286.8877 1.2077
5288.1040 1.2076
5289.3232 1.2068
5290.5400 1.2028
5291.7573 1.2022
5292.9775 1.2046
5294.1953 1.2066
5295.4160 1.2070
5296.6343 1.2068
5297.8555 1.2036
5299.0742 1.2017
5300.2935 1.2031
5301.5156 1.2050
5302.7354 1.2052
5303.9580 1.2037
5305.1782 1.2004
5306.4014 1.2004
5307.6221 1.2021
5308.8433 1.2044
5310.0674 1.2058
5311.2891 1.2036
5312.5137 1.1969
5313.7358 1.1801
5314.9614 1.1488
5316.1841 1.1351
5317.4072 1.1581
5318.6333 1.1925
5319.8569 1.1990
5321.0835 1.2026
5322.3076 1.2044
5323.5347 1.2006
5324.7598 1.1964
5325.9844 1.2002
5327.2129 1.2019
5328.4380 1.1986
5329.6670 1.1971
5330.8931 1.2004
5332.1221 1.2031
5333.3491 1.1984
5334.5757 1.1942
5335.8062 1.1948
5337.0337 1.1952
5338.2642 1.1951
5339.4922 1.1977
5340.7236 1.2033
5341.9521 1.2054
5343.1812 1.2039
5344.4131 1.2010
5345.6426 1.2002
5346.8755 1.2023
5348.1055 1.2046
5349.3389 1.2055
5350.5693 1.2056
5351.8003 1.2050
5353.0342 1.2042
5354.2656 1.2034
5355.5005 1.2027
5356.7324 1.2017
5357.9678 1.2002
5359.2002 1.1979
5360.4331 1.1888
5361.6694 1.1750
5362.9028 1.1718
5364.1392 1.1876
5365.3735 1.1967
5366.6108 1.1995
5367.8452 1.1993
5369.0801 1.1979
5370.3184 1.1973
5371.5537 1.1990
5372.7925 1.2009
5374.0283 1.2017
5375.2676 1.2013
5376.5039 1.2008
5377.7441 1.2016
5378.9810 1.2017
5380.2183 1.1995
5381.4590 1.1979
5382.6973 1.1985
5383.9385 1.1983
5385.1768 1.1934
5386.4189 1.1881
5387.6577 1.1910
5388.8975 1.1960
5390.1401 1.1986
5391.3799 1.1981
5392.6230 1.1961
5393.8638 1.1951
5395.1074 1.1934
5396.3486 1.1921
5397.5903 1.1929
5398.8350 1.1930
5400.0767 1.1879
5401.3223 1.1833
5402.5645 1.1866
5403.8105 1.1894
5405.0537 1.1907
5406.2969 1.1926
5407.5439 1.1947
5408.7876 1.1949
5410.0352 1.1940
5411.2798 1.1924
5412.5273 1.1892
5413.7725 1.1875
5415.0181 1.1922
5416.2666 1.1970
5417.5127 1.1965
5418.7617 1.1941
5420.0083 1.1932
5421.2583 1.1935
5422.5054 1.1914
5423.7529 1.1856
5425.0034 1.1842
5426.2515 1.1853
5427.5029 1.1846
5428.7515 1.1832
5430.0034 1.1851
5431.2524 1.1830
5432.5020 1.1830
5433.7549 1.1874
5435.0049 1.1912
5436.2578 1.1917
5437.5088 1.1916
5438.7627 1.1913
5440.0137 1.1909
5441.2651 1.1897
5442.5200 1.1889
5443.7720 1.1895
5445.0273 1.1906
5446.2798 1.1893
5447.5356 1.1890
5448.7891 1.1895
5450.0425 1.1900
5451.2993 1.1884
5452.5532 1.1840
5453.8105 1.1833
5455.0654 1.1865
5456.3232 1.1888
5457.5786 1.1899
5458.8340 1.1916
5460.0928 1.1933
5461.3486 1.1928
5462.6084 1.1912
5463.8647 1.1866
5465.1250 1.1801
5466.3823 1.1780
5467.6396 1.1851
5468.9004 1.1903
5470.1587 1.1920
5471.4199 1.1920
5472.6787 1.1914
5473.9404 1.1915
5475.1997 1.1920
5476.4624 1.1865
5477.7222 1.1772
5478.9824 1.1754
5480.2461 1.1802
5481.5068 1.1852
5482.7705 1.1874
5484.0322 1.1885
5485.2964 1.1843
5486.5586 1.1794
5487.8208 1.1789
5489.0859 1.1828
5490.3491 1.1855
5491.6147 1.1839
5492.8784 1.1832
5494.1450 1.1857
5495.4087 1.1893
5496.6729 1.1909
5497.9404 1.1901
5499.2056 1.1898
5500.4736 1.1862
5501.7388 1.1814
5503.0073 1.1784
5504.2734 1.1754
5505.5396 1.1698
5506.8096 1.1719
5508.0762 1.1754
5509.3462 1.1777
5510.6138 1.1813
5511.8843 1.1863
5513.1523 1.1889
5514.4209 1.1908
5515.6924 1.1916
5516.9614 1.1914
5518.2334 1.1905
5519.5029 1.1892
5520.7759 1.1878
5522.0459 1.1865
5523.3159 1.1842
5524.5898 1.1820
5525.8608 1.1804
5527.1348 1.1795
5528.4062 1.1795
5529.6812 1.1811
5530.9536 1.1810
5532.2256 1.1749
5533.5015 1.1649
5534.7744 1.1609
5536.0508 1.1705
5537.3242 1.1774
5538.6011 1.1802
5539.8755 1.1811
5541.1499 1.1801
5542.4277 1.1764
5543.7026 1.1723
5544.9810 1.1744
5546.2568 1.1780
5547.5356 1.1793
5548.8115 1.1800
5550.0884 1.1820
5551.3682 1.1838
5552.6450 1.1832
5553.9258 1.1812
5555.2031 1.1803
5556.4844 1.1805
5557.7627 1.1801
5559.0410 1.1787
5560.3232 1.1780
5561.6021 1.1779
5562.8848 1.1774
5564.1646 1.1776
5565.4473 1.1790
5566.7280 1.1794
5568.0083 1.1782
5569.2925 1.1777
5570.5737 1.1781
5571.8579 1.1785
5573.1401 1.1782
5574.4253 1.1765
5575.7075 1.1740
5576.9932 1.1721
5578.2764 1.1726
5579.5596 1.1745
5580.8462 1.1758
5582.1299 1.1756
5583.4170 1.1760
5584.7017 1.1751
5585.9893 1.1723
5587.2744 1.1706
5588.5601 1.1717
5589.8486 1.1739
5591.1348 1.1741
5592.4238 1.1740
5593.7104 1.1738
5595.0005 1.1736
5596.2876 1.1735
5597.5747 1.1730
5598.8657 1.1720
5600.1538 1.1714
5601.4448 1.1718
5602.7334 1.1719
5604.0254 1.1704
5605.3149 1.1681
5606.6045 1.1682
5607.8970 1.1685
5609.1870 1.1683
5610.4805 1.1687
5611.7715 1.1700
5613.0654 1.1705
5614.3569 1.1692
5615.6484 1.1681
5616.9434 1.1690
5618.2354 1.1698
5619.5308 1.1691
5620.8237 1.1686
5622.1201 1.1696
5623.4131 1.1699
5624.7070 1.1697
5626.0039 1.1691
5627.2983 1.1688
5628.5957 1.1695
5629.8906 1.1689
5631.1890 1.1681
5632.4844 1.1676
5633.7803 1.1671
5635.0791 1.1661
5636.3755 1.1650
5637.6753 1.1629
5638.9722 1.1591
5640.2725 1.1593
5641.5703 1.1626
5642.8682 1.1633
5644.1694 1.1594
5645.4678 1.1587
5646.7695 1.1602
5648.0684 1.1611
5649.3711 1.1620
5650.6704 1.1636
5651.9707 1.1642
5653.2739 1.1645
5654.5742 1.1634
5655.8784 1.1618
5657.1797 1.1606
5658.4839 1.1601
5659.7856 1.1602
5661.0879 1.1617
5662.3931 1.1629
5663.6958 1.1627
5665.0020 1.1616
5666.3052 1.1606
5667.6118 1.1597
5668.9155 1.1593
5670.2197 1.1595
5671.5273 1.1596
5672.8320 1.1590
5674.1401 1.1583
5675.4453 1.1582
5676.7539 1.1583
5678.0601 1.1574
5679.3696 1.1564
5680.6758 1.1562
5681.9829 1.1566
5683.2930 1.1577
5684.6006 1.1584
5685.9111 1.1580
5687.2192 1.1568
5688.5308 1.1555
5689.8394 1.1551
5691.1484 1.1563
5692.4609 1.1572
5693.7705 1.1570
5695.0835 1.1558
5696.3936 1.1550
5697.7070 1.1547
5699.0176 1.1537
5700.3286 1.1519
5701.6431 1.1504
5702.9551 1.1483
5704.2700 1.1463
5705.5825 1.1464
5706.8979 1.1493
5708.2109 1.1519
5709.5239 1.1521
5710.8408 1.1517
5712.1543 1.1519
5713.4717 1.1526
5714.7861 1.1528
5716.1040 1.1524
5717.4189 1.1511
5718.7339 1.1500
5720.0527 1.1497
5721.3687 1.1502
5722.6880 1.1510
5724.0044 1.1503
5725.3242 1.1485
5726.6416 1.1483
5727.9590 1.1489
5729.2798 1.1489
5730.5977 1.1483
5731.9194 1.1484
5733.2378 1.1473
5734.5601 1.1470
5735.8794 1.1474
5737.1987 1.1476
5738.5215 1.1474
5739.8418 1.1464
5741.1655 1.1462
5742.4863 1.1460
5743.8105 1.1452
5745.1318 1.1438
5746.4536 1.1430
5747.7783 1.1438
5749.1006 1.1450
5750.4268 1.1454
5751.7495 1.1457
5753.0757 1.1461
5754.3994 1.1456
5755.7231 1.1457
5757.0503 1.1465
5758.3745 1.1469
5759.7026 1.1464
5761.0273 1.1453
5762.3560 1.1442
5763.6816 1.1433
5765.0078 1.1427
5766.3369 1.1427
5767.6636 1.1427
5768.9937 1.1419
5770.3208 1.1406
5771.6514 1.1392
5772.9790 1.1390
5774.3071 1.1383
5775.6387 1.1363
5776.9673 1.1305
5778.2993 1.1172
5779.6289 1.1023
5780.9614 1.1062
5782.2915 1.1181
5783.6250 1.1275
5784.9556 1.1323
5786.2861 1.1352
5787.6206 1.1362
5788.9521 1.1377
5790.2871 1.1384
5791.6191 1.1378
5792.9546 1.1357
5794.2871 1.1317
5795.6201 1.1261
5796.9565 1.1275
5798.2900 1.1335
5799.6274 1.1377
5800.9614 1.1379
5802.2993 1.1376
5803.6338 1.1373
5804.9692 1.1359
5806.3076 1.1351
5807.6436 1.1355
5808.9824 1.1362
5810.3188 1.1359
5811.6587 1.1336
5812.9956 1.1339
5814.3330 1.1365
5815.6738 1.1383
5817.0117 1.1383
5818.3530 1.1382
5819.6914 1.1386
5821.0337 1.1386
5822.3726 1.1387
5823.7119 1.1390
5825.0552 1.1385
5826.3950 1.1368
5827.7388 1.1367
5829.0791 1.1373
5830.4233 1.1375
5831.7646 1.1379
5833.1064 1.1380
5834.4517 1.1369
5835.7935 1.1375
5837.1396 1.1386
5838.4824 1.1379
5839.8286 1.1357
5841.1719 1.1334
5842.5156 1.1317
5843.8633 1.1308
5845.2075 1.1311
5846.5552 1.1320
5847.9004 1.1314
5849.2490 1.1301
5850.5942 1.1310
5851.9404 1.1318
5853.2896 1.1318
5854.6362 1.1318
5855.9863 1.1322
5857.3335 1.1328
5858.6841 1.1326
5860.0322 1.1319
5861.3799 1.1318
5862.7319 1.1317
5864.0806 1.1314
5865.4326 1.1306
5866.7822 1.1287
5868.1348 1.1281
5869.4849 1.1282
5870.8350 1.1281
5872.1890 1.1257
5873.5400 1.1158
5874.8940 1.1007
5876.2456 1.1092
5877.6006 1.1230
5878.9531 1.1288
5880.3052 1.1281
5881.6611 1.1267
5883.0146 1.1259
5884.3711 1.1243
5885.7246 1.1215
5887.0820 1.0983
5888.4365 1.0526
5889.7939 1.0302
5891.1489 1.0806
5892.5044 1.1062
5893.8633 1.0768
5895.2192 1.0485
5896.5786 1.0661
5897.9351 1.1094
5899.2949 1.1176
5900.6523 1.1168
5902.0098 1.1166
5903.3706 1.1198
5904.7285 1.1228
5906.0903 1.1228
5907.4487 1.1218
5908.8110 1.1213
5910.1704 1.1206
5911.5303 1.1195
5912.8931 1.1184
5914.2534 1.1179
5915.6172 1.1181
5916.9780 1.1174
5918.3428 1.1161
5919.7041 1.1168
5921.0659 1.1172
5922.4312 1.1155
5923.7939 1.1145
5925.1597 1.1165
5926.5229 1.1172
5927.8896 1.1168
5929.2534 1.1165
5930.6172 1.1164
5931.9849 1.1164
5933.3496 1.1176
5934.7178 1.1178
5936.0830 1.1166
5937.4517 1.1157
5938.8179 1.1139
5940.1841 1.1082
5941.5537 1.1055
5942.9204 1.1081
5944.2910 1.1092
5945.6587 1.1084
5947.0298 1.1084
5948.3975 1.1093
5949.7661 1.1090
5951.1382 1.1074
5952.5073 1.1069
5953.8799 1.1058
5955.2495 1.0994
5956.6226 1.0894
5957.9932 1.0919
5959.3638 1.0980
5960.7378 1.1003
5962.1094 1.1017
5963.4839 1.1042
5964.8560 1.1029
5966.2314 1.1012
5967.6040 1.1020
5968.9766 1.1031
5970.3530 1.1037
5971.7266 1.1039
5973.1035 1.1032
5974.4780 1.1009
5975.8555 1.0961
5977.2305 1.0860
5978.6055 1.0822
5979.9839 1.0909
5981.3599 1.0999
5982.7388 1.1015
5984.1152 1.1011
5985.4951 1.1004
5986.8721 1.1005
5988.2495 1.1010
5989.6304 1.0989
5991.0083 1.0972
5992.3896 1.0976
5993.7681 1.0957
5995.1504 1.0943
5996.5298 1.0965
5997.9126 1.0991
5999.2920 1.0987
6000.6724 1.0984
6002.0562 1.0983
6003.4370 1.0981
6004.8213 1.0979
6006.2026 1.0974
6007.5874 1.0927
6008.9697 1.0851
6010.3521 1.0839
6011.7378 1.0891
6013.1211 1.0942
6014.5078 1.0960
6015.8911 1.0966
6017.2783 1.0965
6018.6626 1.0961
6020.0474 1.0963
6021.4355 1.0963
6022.8208 1.0951
6024.2095 1.0949
6025.5957 1.0949
6026.9849 1.0949
6028.3716 1.0953
6029.7583 1.0955
6031.1489 1.0951
6032.5361 1.0939
6033.9272 1.0923
6035.3154 1.0908
6036.7070 1.0898
6038.0957 1.0897
6039.4849 1.0905
6040.8774 1.0910
6042.2671 1.0908
6043.6606 1.0895
6045.0508 1.0886
6046.4448 1.0896
6047.8359 1.0918
6049.2271 1.0914
6050.6221 1.0913
6052.0142 1.0912
6053.4097 1.0914
6054.8022 1.0922
6056.1982 1.0926
6057.5918 1.0925
6058.9854 1.0911
6060.3823 1.0897
6061.7764 1.0900
6063.1743 1.0911
6064.5693 1.0900
6065.9678 1.0894
6067.3633 1.0895
6068.7588 1.0892
6070.1582 1.0890
6071.5547 1.0895
6072.9551 1.0901
6074.3521 1.0900
6075.7529 1.0905
6077.1504 1.0912
6078.5483 1.0911
6079.9502 1.0903
6081.3491 1.0893
6082.7515 1.0877
6084.1504 1.0875
6085.5537 1.0879
6086.9536 1.0881
6088.3540 1.0882
6089.7578 1.0884
6091.1587 1.0887
6092.5635 1.0885
6093.9648 1.0882
6095.3701 1.0880
6096.7725 1.0880
6098.1782 1.0883
6099.5811 1.0882
6100.9844 1.0871
6102.3911 1.0859
6103.7949 1.0865
6105.2026 1.0881
6106.6069 1.0874
6108.0151 1.0856
6109.4204 1.0846
6110.8257 1.0846
6112.2349 1.0848
6113.6411 1.0852
6115.0508 1.0857
6116.4575 1.0849
6117.8682 1.0854
6119.2754 1.0866
6120.6831 1.0870
6122.0947 1.0862
6123.5029 1.0852
6124.9150 1.0854
6126.3242 1.0855
6127.7368 1.0852
6129.1465 1.0848
6130.5566 1.0849
6131.9702 1.0854
6133.3809 1.0853
6134.7954 1.0853
6136.2065 1.0851
6137.6216 1.0845
6139.0337 1.0837
6140.4458 1.0823
6141.8618 1.0809
6143.2749 1.0814
6144.6914 1.0801
6146.1050 1.0735
6147.5220 1.0653
6148.9365 1.0667
6150.3511 1.0755
6151.7690 1.0804
6153.1846 1.0801
6154.6035 1.0739
6156.0190 1.0654
6157.4390 1.0639
6158.8555 1.0711
6160.2720 1.0759
6161.6929 1.0759
6163.1104 1.0736
6164.5312 1.0722
6165.9497 1.0724
6167.3711 1.0728
6168.7900 1.0725
6170.2095 1.0716
6171.6323 1.0702
6173.0518 1.0680
6174.4756 1.0654
6175.8960 1.0660
6177.3198 1.0663
6178.7412 1.0660
6180.1626 1.0666
6181.5874 1.0684
6183.0098 1.0692
6184.4355 1.0698
6185.8579 1.0696
6187.2847 1.0704
6188.7080 1.0720
6190.1318 1.0729
6191.5591 1.0724
6192.9834 1.0717
6194.4116 1.0702
6195.8364 1.0698
6197.2651 1.0701
6198.6909 1.0697
6200.1172 1.0673
6201.5469 1.0618
6202.9731 1.0600
6204.4038 1.0628
6205.8311 1.0671
6207.2622 1.0698
6208.6899 1.0702
6210.1216 1.0700
6211.5503 1.0699
6212.9795 1.0704
6214.4121 1.0713
6215.8418 1.0724
6217.2749 1.0730
6218.7056 1.0729
6220.1392 1.0718
6221.5703 1.0701
6223.0015 1.0692
6224.4365 1.0695
6225.8687 1.0697
6227.3042 1.0695
6228.7368 1.0694
6230.1729 1.0692
6231.6064 1.0685
6233.0400 1.0678
6234.4771 1.0673
6235.9116 1.0632
6237.3496 1.0552
6238.7842 1.0544
6240.2231 1.0605
6241.6587 1.0650
6243.0942 1.0632
6244.5342 1.0610
6245.9707 1.0507
6247.4111 1.0479
6248.8481 1.0562
6250.2891 1.0654
6251.7271 1.0666
6253.1650 1.0678
6254.6069 1.0675
6256.0459 1.0667
6257.4888 1.0663
6258.9282 1.0662
6260.3716 1.0657
6261.8115 1.0646
6263.2520 1.0637
6264.6963 1.0622
6266.1377 1.0600
6267.5825 1.0564
6269.0244 1.0520
6270.4702 1.0534
6271.9126 1.0565
6273.3555 1.0573
6274.8022 1.0504
6276.2456 1.0355
6277.6929 1.0233
6279.1372 1.0237
6280.5850 1.0206
6282.0298 1.0107
6283.4751 1.0057
6284.9238 1.0155
6286.3696 1.0333
6287.8193 1.0423
6289.2661 1.0452
6290.7163 1.0462
6292.1636 1.0486
6293.6108 1.0520
6295.0620 1.0526
6296.5103 1.0523
6297.9624 1.0514
6299.4111 1.0520
6300.8638 1.0521
6302.3135 1.0498
6303.7632 1.0475
6305.2168 1.0446
6306.6675 1.0470
6308.1216 1.0491
6309.5728 1.0494
6311.0278 1.0501
6312.4795 1.0504
6313.9316 1.0492
6315.3877 1.0466
6316.8403 1.0433
6318.2974 1.0439
6319.7510 1.0491
6321.2080 1.0518
6322.6621 1.0519
6324.1201 1.0520
6325.5752 1.0532
6327.0303 1.0540
6328.4893 1.0524
6329.9453 1.0496
6331.4048 1.0479
6332.8613 1.0486
6334.3218 1.0496
6335.7788 1.0504
6337.2363 1.0508
6338.6978 1.0502
6340.1558 1.0496
6341.6182 1.0481
6343.0767 1.0451
6344.5396 1.0189
6345.9990 0.9793
6347.4590 0.9862
6348.9229 1.0290
6350.3833 1.0444
6351.8477 1.0453
6353.3091 1.0457
6354.7739 1.0459
6356.2358 1.0462
6357.6982 1.0464
6359.1641 1.0457
6360.6270 1.0441
6362.0938 1.0436
6363.5576 1.0446
6365.0249 1.0442
6366.4893 1.0425
6367.9536 1.0335
6369.4224 1.0024
6370.8877 0.9842
6372.3564 1.0071
6373.8228 1.0372
6375.2925 1.0392
6376.7588 1.0394
6378.2261 1.0397
6379.6968 1.0404
6381.1646 1.0419
6382.6357 1.0406
6384.1040 1.0403
6385.5762 1.0402
6387.0454 1.0406
6388.5146 1.0414
6389.9878 1.0418
6391.4580 1.0415
6392.9316 1.0406
6394.4023 1.0403
6395.8770 1.0401
6397.3481 1.0401
6398.8198 1.0396
6400.2954 1.0370
6401.7681 1.0358
6403.2441 1.0374
6404.7173 1.0383
6406.1943 1.0379
6407.6680 1.0377
6409.1421 1.0378
6410.6196 1.0369
6412.0947 1.0365
6413.5732 1.0345
6415.0488 1.0300
6416.5278 1.0269
6418.0039 1.0310
6419.4805 1.0341
6420.9609 1.0348
6422.4380 1.0351
6423.9189 1.0349
6425.3970 1.0339
6426.8784 1.0341
6428.3569 1.0345
6429.8359 1.0331
6431.3184 1.0301
6432.7979 1.0288
6434.2812 1.0306
6435.7617 1.0322
6437.2456 1.0311
6438.7266 1.0292
6440.2114 1.0281
6441.6929 1.0281
6443.1748 1.0274
6444.6606 1.0246
6446.1431 1.0239
6447.6294 1.0251
6449.1128 1.0255
6450.6001 1.0250
6452.0840 1.0223
6453.5684 1.0130
6455.0566 0.9980
6456.5415 1.0015
6458.0303 1.0138
6459.5161 1.0215
6461.0054 1.0220
6462.4917 1.0213
6463.9785 1.0214
6465.4692 1.0216
6466.9565 1.0209
6468.4478 1.0203
6469.9360 1.0208
6471.4277 1.0210
6472.9165 1.0184
6474.4058 1.0164
6475.8984 1.0184
6477.3882 1.0202
6478.8818 1.0174
6480.3726 1.0120
6481.8667 1.0059
6483.3579 1.0073
6484.8496 1.0121
6486.3447 1.0151
6487.8369 1.0150
6489.3330 1.0139
6490.8262 1.0110
6492.3228 1.0098
6493.8164 1.0098
6495.3101 1.0104
6496.8081 1.0122
6498.3027 1.0147
6499.8013 1.0157
6501.2964 1.0162
6502.7954 1.0156
6504.2915 1.0140
6505.7876 1.0125
6507.2881 1.0125
6508.7852 1.0122
6510.2861 1.0117
6511.7837 1.0110
6513.2852 1.0075
6514.7837 1.0015
6516.2822 0.9998
6517.7852 1.0054
6519.2842 1.0088
6520.7876 1.0096
6522.2876 1.0086
6523.7920 1.0071
6525.2925 1.0078
6526.7939 1.0076
6528.2988 1.0068
6529.8008 1.0054
6531.3062 1.0041
6532.8091 1.0035
6534.3154 1.0033
6535.8184 1.0039
6537.3223 1.0052
6538.8296 1.0057
6540.3340 1.0044
6541.8423 1.0016
6543.3472 0.9992
6544.8560 0.9978
6546.3613 1.0000
6547.8677 1.0035
6549.3774 1.0052
6550.8843 1.0035
6552.3945 0.9998
6553.9019 0.9985
6555.4136 0.9968
6556.9214 0.9933
6558.4336 0.9855
6559.9424 0.9664
6561.4512 0.9385
6562.9644 0.9540
6564.4741 0.9782
6565.9878 0.9899
6567.4985 0.9926
6569.0127 0.9950
6570.5239 0.9963
6572.0356 0.9983
6573.5513 0.9992
6575.0635 0.9998
6576.5796 0.9994
6578.0923 0.9984
6579.6094 0.9995
6581.1230 0.9985
6582.6372 0.9984
6584.1548 0.9986
6585.6694 0.9984
6587.1885 0.9980
6588.7036 0.9976
6590.2231 0.9971
6591.7393 0.9971
6593.2554 0.9975
6594.7759 0.9975
6596.2930 0.9966
6597.8140 0.9964
6599.3320 0.9973
6600.8535 0.9978
6602.3721 0.9974
6603.8911 0.9962
6605.4141 0.9950
6606.9336 0.9948
6608.4570 0.9940
6609.9771 0.9929
6611.5015 0.9882
6613.0225 0.9849
6614.5439 0.9881
6616.0693 0.9932
6617.5913 0.9936
6619.1172 0.9927
6620.6396 0.9918
6622.1665 0.9913
6623.6899 0.9911
6625.2139 0.9901
6626.7417 0.9887
6628.2661 0.9899
6629.7944 0.9916
6631.3198 0.9917
6632.8486 0.9909
6634.3745 0.9912
6635.9009 0.9908
6637.4312 0.9904
6638.9580 0.9907
6640.4888 0.9903
6642.0166 0.9878
6643.5483 0.9855
6645.0767 0.9853
6646.6055 0.9862
6648.1382 0.9872
6649.6675 0.9876
6651.2007 0.9874
6652.7310 0.9870
6654.2651 0.9868
6655.7959 0.9865
6657.3271 0.9851
6658.8623 0.9832
6660.3940 0.9827
6661.9297 0.9848
6663.4624 0.9847
6664.9990 0.9853
6666.5322 0.9859
6668.0659 0.9857
6669.6035 0.9843
6671.1377 0.9826
6672.6763 0.9837
6674.2114 0.9837
6675.7505 0.9778
6677.2861 0.9715
6678.8257 0.9733
6680.3623 0.9815
6681.8989 0.9832
6683.4399 0.9826
6684.9775 0.9832
6686.5190 0.9847
6688.0571 0.9849
6689.5996 0.9835
6691.1382 0.9833
6692.6777 0.9826
6694.2212 0.9819
6695.7607 0.9805
6697.3052 0.9780
6698.8457 0.9777
6700.3906 0.9803
6701.9316 0.9812
6703.4736 0.9809
6705.0195 0.9805
6706.5620 0.9801
6708.1084 0.9800
6709.6519 0.9799
6711.1987 0.9793
6712.7427 0.9777
6714.2871 0.9760
6715.8354 0.9755
6717.3804 0.9759
6718.9292 0.9766
6720.4751 0.9741
6722.0249 0.9699
6723.5713 0.9704
6725.1177 0.9759
6726.6685 0.9764
6728.2163 0.9760
6729.7676 0.9757
6731.3159 0.9751
6732.8682 0.9739
6734.4170 0.9725
6735.9663 0.9718
6737.5195 0.9723
6739.0693 0.9722
6740.6235 0.9717
6742.1743 0.9712
6743.7290 0.9709
6745.2803 0.9707
6746.8320 0.9705
6748.3877 0.9703
6749.9404 0.9702
6751.4966 0.9702
6753.0498 0.9697
6754.6069 0.9692
6756.1611 0.9686
6757.7153 0.9682
6759.2734 0.9681
6760.8286 0.9679
6762.3877 0.9675
6763.9434 0.9671
6765.5029 0.9666
6767.0596 0.9661
6768.6162 0.9658
6770.1772 0.9656
6771.7344 0.9653
6773.2959 0.9646
6774.8540 0.9642
6776.4165 0.9641
6777.9756 0.9639
6779.5347 0.9634
6781.0981 0.9630
6782.6582 0.9627
6784.2222 0.9623
6785.7827 0.9619
6787.3477 0.9615
6788.9092 0.9612
6790.4707 0.9609
6792.0366 0.9606
6793.5991 0.9603
6795.1655 0.9600
6796.7290 0.9597
6798.2964 0.9594
6799.8604 0.9591
6801.4282 0.9588
6802.9927 0.9585
6804.5581 0.9581
6806.1270 0.9577
6807.6929 0.9574
6809.2627 0.9571
6810.8291 0.9567
6812.3994 0.9562
6813.9668 0.9558
6815.5342 0.9555
6817.1060 0.9551
6818.6743 0.9548
6820.2466 0.9545
6821.8154 0.9542
6823.3887 0.9539
6824.9585 0.9536
6826.5283 0.9532
6828.1025 0.9527
6829.6733 0.9526
6831.2485 0.9525
6832.8198 0.9522
6834.3955 0.9519
6835.9678 0.9516
6837.5405 0.9513
6839.1172 0.9512
6840.6904 0.9510
6842.2681 0.9507
6843.8418 0.9503
6845.4199 0.9500
6846.9946 0.9499
6848.5698 0.9497
6850.1494 0.9495
6851.7251 0.9492
6853.3052 0.9489
6854.8818 0.9485
6856.4624 0.9480
6858.0396 0.9478
6859.6177 0.9476
6861.1992 0.9472
6862.7778 0.9470
6864.3604 0.9469
6865.9395 0.9467
6867.5225 0.9463
6869.1025 0.9456
6870.6826 0.9452
6872.2671 0.9452
6873.8481 0.9452
6875.4331 0.9449
6877.0146 0.9447
6878.6006 0.9444
6880.1831 0.9440
6881.7656 0.9436
6883.3525 0.9434
6884.9360 0.9431
6886.5239 0.9429
6888.1079 0.9426
6889.6963 0.9423
6891.2812 0.9420
6892.8667 0.9417
6894.4561 0.9414
6896.0425 0.9411
6897.6323 0.9408
6899.2192 0.9404
6900.8105 0.9401
6902.3979 0.9396
6903.9858 0.9389
6905.5776 0.9384
6907.1665 0.9383
6908.7593 0.9382
6910.3486 0.9379
6911.9419 0.9377
6913.5322 0.9373
6915.1226 0.9371
6916.7173 0.9367
6918.3081 0.9363
6919.9038 0.9355
6921.4956 0.9350
6923.0918 0.9350
6924.6846 0.9350
6926.2812 0.9344
6927.8745 0.9341
6929.4683 0.9339
6931.0664 0.9337
6932.6606 0.9334
6934.2593 0.9333
6935.8545 0.9330
6937.4541 0.9327
6939.0498 0.9323
6940.6460 0.9320
6942.2466 0.9317
6943.8438 0.9313
6945.4448 0.9310
6947.0430 0.9307
6948.6445 0.9304
6950.2432 0.9300
6951.8423 0.9297
6953.4453 0.9296
6955.0449 0.9294
6956.6489 0.9291
6958.2490 0.9289
6959.8535 0.9286
6961.4546 0.9283
6963.0562 0.9276
6964.6621 0.9266
6966.2642 0.9267
6967.8706 0.9269
6969.4736 0.9262
6971.0806 0.9250
6972.6841 0.9251
6974.2886 0.9255
6975.8965 0.9246
6977.5015 0.9236
6979.1104 0.9232
6980.7158 0.9231
6982.3257 0.9235
6983.9321 0.9245
6985.5386 0.9244
6987.1494 0.9240
6988.7568 0.9237
6990.3687 0.9224
6991.9766 0.9202
6993.5889 0.9212
6995.1978 0.9232
6996.8071 0.9238
6998.4204 0.9231
7000.0303 0.9217
7001.6445 0.9204
7003.2554 0.9218
7004.8701 0.9227
7006.4819 0.9230
7008.0938 0.9230
7009.7095 0.9227
7011.3223 0.9223
7012.9390 0.9213
7014.5522 0.9204
7016.1699 0.9200
7017.7837 0.9198
7019.3984 0.9199
7021.0171 0.9206
7022.6323 0.9203
7024.2515 0.9188
7025.8677 0.9175
7027.4878 0.9175
7029.1045 0.9179
7030.7212 0.9170
7032.3428 0.9173
7033.9604 0.9174
7035.5825 0.9175
7037.2007 0.9179
7038.8237 0.9160
7040.4429 0.9092
7042.0664 0.9103
7043.6865 0.9146
7045.3066 0.9162
7046.9316 0.9156
7048.5527 0.9154
7050.1782 0.9148
7051.7998 0.9148
7053.4263 0.9133
7055.0488 0.9096
7056.6719 0.9080
7058.2988 0.9095
7059.9229 0.9070
7061.5508 0.9045
7063.1753 0.9016
7064.8037 0.9004
7066.4292 0.9029
7068.0547 0.9078
7069.6846 0.9102
7071.3110 0.9102
7072.9419 0.9095
7074.5688 0.9092
7076.2002 0.9079
7077.8281 0.9054
7079.4561 0.9054
7081.0889 0.9094
7082.7178 0.9109
7084.3511 0.9103
7085.9810 0.9087
7087.6147 0.9069
7089.2451 0.9075
7090.8760 0.9096
7092.5112 0.9095
7094.1431 0.9083
7095.7788 0.9077
7097.4111 0.9072
7099.0479 0.9060
7100.6812 0.9058
7102.3145 0.9059
7103.9521 0.9059
7105.5864 0.9056
7107.2251 0.9050
7108.8599 0.9047
7110.4995 0.9042
7112.1353 0.9048
7113.7715 0.9051
7115.4116 0.9047
7117.0483 0.9039
7118.6899 0.9030
7120.3271 0.9032
7121.9692 0.9032
7123.6079 0.9030
7125.2466 0.9026
7126.8896 0.9021
7128.5293 0.9015
7130.1729 0.9014
7131.8130 0.9012
7133.4580 0.9007
7135.0986 0.9004
7136.7402 0.9003
7138.3857 0.9000
7140.0283 0.8997
7141.6748 0.8993
7143.3174 0.8989
7144.9648 0.8987
7146.6084 0.8984
7148.2524 0.8981
7149.9009 0.8979
7151.5459 0.8976
7153.1948 0.8971
7154.8403 0.8964
7156.4902 0.8959
7158.1367 0.8963
7159.7832 0.8962
7161.4346 0.8959
7163.0820 0.8957
7164.7339 0.8954
7166.3818 0.8952
7168.0347 0.8952
7169.6836 0.8950
7171.3369 0.8949
7172.9863 0.8948
7174.6367 0.8946
7176.2910 0.8944
7177.9419 0.8943
7179.5972 0.8941
7181.2490 0.8940
7182.9048 0.8940
7184.5571 0.8939
7186.2100 0.8936
7187.8672 0.8934
7189.5210 0.8920
7191.1787 0.8900
7192.8330 0.8885
7194.4917 0.8877
7196.1465 0.8869
7197.8022 0.8863
7199.4619 0.8857
7201.1182 0.8853
7202.7788 0.8850
7204.4355 0.8846
7206.0972 0.8841
7207.7549 0.8835
7209.4131 0.8832
7211.0757 0.8829
7212.7344 0.8825
7214.3975 0.8822
7216.0571 0.8819
7217.7212 0.8816
7219.3818 0.8813
7221.0425 0.8808
7222.7075 0.8804
7224.3691 0.8802
7226.0352 0.8802
7227.6973 0.8801
7229.3643 0.8797
7231.0273 0.8794
7232.6909 0.8792
7234.3584 0.8788
7236.0229 0.8784
7237.6914 0.8782
7239.3564 0.8779
7241.0259 0.8776
7242.6919 0.8773
7244.3579 0.8770
7246.0283 0.8766
7247.6953 0.8763
7249.3667 0.8759
7251.0342 0.8754
7252.7065 0.8748
7254.3750 0.8744
7256.0439 0.8743
7257.7168 0.8740
7259.3867 0.8737
7261.0605 0.8733
7262.7310 0.8728
7264.4058 0.8724
7266.0771 0.8720
7267.7485 0.8718
7269.4243 0.8714
7271.0967 0.8711
7272.7734 0.8707
7274.4463 0.8703
7276.1240 0.8700
7277.7979 0.8696
7279.4722 0.8693
7281.1509 0.8688
7282.8257 0.8684
7284.5054 0.8680
7286.1812 0.8676
7287.8613 0.8671
7289.5376 0.8669
7291.2148 0.8667
7292.8960 0.8664
7294.5737 0.8660
7296.2559 0.8657
7297.9341 0.8653
7299.6172 0.8649
7301.2964 0.8645
7302.9800 0.8642
7304.6602 0.8638
7306.3408 0.8634
7308.0254 0.8640
7309.7065 0.8649
7311.3921 0.8649
7313.0742 0.8644
7314.7607 0.8638
7316.4434 0.8632
7318.1265 0.8625
7319.8140 0.8619
7321.4980 0.8615
7323.1860 0.8610
7324.8711 0.8605
7326.5601 0.8600
7328.2456 0.8594
7329.9312 0.8589
7331.6216 0.8585
7333.3081 0.8580
7334.9995 0.8576
7336.6865 0.8571
7338.3784 0.8567
7340.0669 0.8562
7341.7554 0.8558
7343.4482 0.8554
7345.1377 0.8550
7346.8315 0.8546
7348.5215 0.8542
7350.2163 0.8538
7351.9067 0.8534
7353.5981 0.8531
7355.2939 0.8527
7356.9858 0.8524
7358.6826 0.8521
7360.3755 0.8519
7362.0728 0.8517
7363.7661 0.8512
7365.4604 0.8506
7367.1587 0.8502
7368.8535 0.8498
7370.5527 0.8497
7372.2485 0.8497
7373.9487 0.8495
7375.6450 0.8491
7377.3418 0.8490
7379.0430 0.8489
7380.7402 0.8484
7382.4424 0.8479
7384.1406 0.8477
7385.8433 0.8475
7387.5425 0.8471
7389.2422 0.8470
7390.9458 0.8466
7392.6465 0.8463
7394.3511 0.8462
7396.0522 0.8458
7397.7573 0.8451
7399.4595 0.8444
7401.1616 0.8436
7402.8682 0.8431
7404.5713 0.8423
7406.2788 0.8417
7407.9824 0.8413
7409.6909 0.8398
7411.3955 0.8396
7413.1006 0.8401
7414.8101 0.8398
7416.5156 0.8394
7418.2261 0.8393
7419.9326 0.8378
7421.6436 0.8328
7423.3506 0.8317
7425.0586 0.8347
7426.7705 0.8374
7428.4795 0.8371
7430.1924 0.8369
7431.9014 0.8365
7433.6152 0.8365
7435.3257 0.8359
7437.0400 0.8363
7438.7510 0.8354
7440.4624 0.8260
7442.1777 0.8255
7443.8901 0.8329
7445.6064 0.8369
7447.3193 0.8358
7449.0366 0.8348
7450.7505 0.8348
7452.4644 0.8347
7454.1831 0.8345
7455.8979 0.8343
7457.6172 0.8344
7459.3325 0.8333
7461.0527 0.8283
7462.7690 0.8292
7464.4858 0.8301
7466.2070 0.8216
7467.9248 0.8153
7469.6470 0.8233
7471.3652 0.8295
7473.0884 0.8303
7474.8076 0.8304
7476.5269 0.8300
7478.2510 0.8291
7479.9712 0.8282
7481.6963 0.8283
7483.4175 0.8289
7485.1431 0.8290
7486.8652 0.8287
7488.5874 0.8278
7490.3145 0.8265
7492.0371 0.8262
7493.7651 0.8265
7495.4888 0.8268
7497.2173 0.8266
7498.9419 0.8262
7500.6670 0.8258
7502.3970 0.8248
7504.1226 0.8240
7505.8530 0.8238
7507.5801 0.8235
7509.3110 0.8229
7511.0386 0.8223
7512.7666 0.8214
7514.4990 0.8207
7516.2275 0.8210
7517.9609 0.8216
7519.6904 0.8217
7521.4243 0.8209
7523.1548 0.8200
7524.8853 0.8194
7526.6206 0.8194
7528.3521 0.8191
7530.0884 0.8184
7531.8203 0.8176
7533.5571 0.8169
7535.2905 0.8169
7537.0239 0.8168
7538.7617 0.8165
7540.4961 0.8162
7542.2349 0.8160
7543.9702 0.8157
7545.7095 0.8153
7547.4453 0.8149
7549.1816 0.8147
7550.9229 0.8145
7552.6597 0.8143
7554.4014 0.8142
7556.1392 0.8140
7557.8818 0.8137
7559.6201 0.8133
7561.3594 0.8127
7563.1030 0.8121
7564.8428 0.8117
7566.5874 0.8113
7568.3281 0.8110
7570.0732 0.8107
7571.8149 0.8103
7573.5610 0.8099
7575.3032 0.8095
7577.0459 0.8092
7578.7930 0.8088
7580.5366 0.8085
7582.2847 0.8082
7584.0288 0.8079
7585.7778 0.8076
7587.5229 0.8072
7589.2686 0.8069
7591.0186 0.8066
7592.7646 0.8063
7594.5156 0.8061
7596.2627 0.8058
7598.0142 0.8055
7599.7622 0.8052
7601.5107 0.8049
7603.2637 0.8047
7605.0127 0.8044
7606.7661 0.8040
7608.5161 0.8037
7610.2710 0.8029
7612.0215 0.8018
7613.7725 0.8006
7615.5283 0.7997
7617.2803 0.7992
7619.0366 0.7988
7620.7896 0.7985
7622.5469 0.7984
7624.3003 0.7983
7626.0542 0.7980
7627.8130 0.7979
7629.5679 0.7978
7631.3271 0.7976
7633.0825 0.7973
7634.8428 0.7970
7636.5991 0.7968
7638.3560 0.7965
7640.1172 0.7962
7641.8750 0.7960
7643.6372 0.7957
7645.3955 0.7954
7647.1587 0.7951
7648.9180 0.7948
7650.6772 0.7946
7652.4419 0.7943
7654.2021 0.7939
7655.9673 0.7936
7657.7285 0.7932
7659.4941 0.7928
7661.2563 0.7926
7663.0186 0.7924
7664.7856 0.7922
7666.5493 0.7919
7668.3169 0.7916
7670.0811 0.7913
7671.8496 0.7910
7673.6147 0.7906
7675.3799 0.7903
7677.1499 0.7900
7678.9160 0.7896
7680.6870 0.7892
7682.4536 0.7889
7684.2251 0.7885
7685.9932 0.7882
7687.7612 0.7877
7689.5342 0.7872
7691.3027 0.7870
7693.0767 0.7868
7694.8462 0.7865
7696.6206 0.7862
7698.3911 0.7858
7700.1621 0.7855
7701.9380 0.7850
7703.7100 0.7845
7705.4863 0.7841
7707.2588 0.7838
7709.0361 0.7830
7710.8096 0.7819
7712.5879 0.7819
7714.3618 0.7817
7716.1367 0.7810
7717.9160 0.7800
7719.6914 0.7791
7721.4717 0.7787
7723.2480 0.7786
7725.0288 0.7784
7726.8062 0.7784
7728.5835 0.7783
7730.3657 0.7781
7732.1440 0.7778
7733.9272 0.7777
7735.7065 0.7778
7737.4902 0.7779
7739.2700 0.7777
7741.0508 0.7775
7742.8354 0.7773
7744.6167 0.7768
7746.4028 0.7765
7748.1851 0.7764
7749.9717 0.7763
7751.7544 0.7763
7753.5376 0.7770
7755.3257 0.7772
7757.1099 0.7764
7758.8984 0.7755
7760.6836 0.7750
7762.4731 0.7749
7764.2588 0.7749
7766.0449 0.7743
7767.8359 0.7718
7769.6226 0.7538
7771.4146 0.7307
7773.2021 0.7202
7774.9946 0.7338
7776.7832 0.7641
7778.5723 0.7725
7780.3662 0.7738
7782.1558 0.7739
7783.9507 0.7735
7785.7412 0.7733
7787.5366 0.7735
7789.3281 0.7730
7791.1201 0.7724
7792.9165 0.7724
7794.7095 0.7726
7796.5068 0.7721
7798.3003 0.7710
7800.0986 0.7708
7801.8931 0.7709
7803.6880 0.7709
7805.4873 0.7710
7807.2832 0.7706
7809.0835 0.7697
7810.8799 0.7702
7812.6812 0.7708
7814.4785 0.7709
7816.2759 0.7708
7818.0786 0.7710
7819.8770 0.7712
7821.6802 0.7695
7823.4795 0.7685
7825.2837 0.7673
7827.0840 0.7660
7828.8843 0.7657
7830.6899 0.7656
7832.4912 0.7651
7834.2974 0.7641
7836.0996 0.7637
7837.9067 0.7642
7839.7100 0.7645
7841.5132 0.7639
7843.3213 0.7645
7845.1260 0.7645
7846.9351 0.7646
7848.7402 0.7647
7850.5498 0.7636
7852.3560 0.7628
7854.1665 0.7618
7855.9736 0.7618
7857.7808 0.7614
7859.5928 0.7601
7861.4009 0.7593
7863.2139 0.7593
7865.0225 0.7573
7866.8364 0.7585
7868.6460 0.7597
7870.4561 0.7594
7872.2710 0.7584
7874.0820 0.7545
7875.8979 0.7465
7877.7100 0.7519
7879.5264 0.7568
7881.3389 0.7564
7883.1519 0.7572
7884.9697 0.7544
7886.7837 0.7516
7888.6025 0.7520
7890.4175 0.7513
7892.2368 0.7464
7894.0522 0.7376
7895.8687 0.7315
7897.6890 0.7450
7899.5059 0.7497
7901.3276 0.7455
7903.1455 0.7453
7904.9678 0.7521
7906.7861 0.7508
7908.6055 0.7451
7910.4292 0.7456
7912.2485 0.7496
7914.0732 0.7497
7915.8940 0.7453
7917.7192 0.7453
7919.5405 0.7434
7921.3628 0.7434
7923.1895 0.7439
7925.0122 0.7440
7926.8394 0.7429
7928.6631 0.7380
7930.4912 0.7418
7932.3159 0.7456
7934.1406 0.7481
7935.9702 0.7494
7937.7959 0.7489
7939.6265 0.7475
7941.4526 0.7455
7943.2842 0.7461
7945.1113 0.7446
7946.9390 0.7414
7948.7720 0.7404
7950.6006 0.7402
7952.4336 0.7411
7954.2632 0.7425
7956.0977 0.7420
7957.9277 0.7386
7959.7583 0.7341
7961.5938 0.7314
7963.4253 0.7337
7965.2617 0.7398
7967.0942 0.7408
7968.9316 0.7374
7970.7646 0.7366
7972.5981 0.7366
7974.4370 0.7370
7976.2715 0.7377
7978.1108 0.7376
7979.9458 0.7374
7981.7861 0.7374
7983.6226 0.7355
7985.4590 0.7359
7987.3003 0.7379
7989.1377 0.7388
7990.9800 0.7381
7992.8184 0.7372
7994.6616 0.7362
7996.5005 0.7339
7998.3447 0.7301
8000.1846 0.7281
8002.0249 0.7299
8003.8706 0.7323
8005.7114 0.7282
8007.5576 0.7246
8009.3999 0.7296
8011.2471 0.7302
8013.0898 0.7268
8014.9331 0.7293
8016.7812 0.7321
8018.6255 0.7318
8020.4746 0.7290
8022.3198 0.7251
8024.1699 0.7233
8026.0156 0.7243
8027.8623 0.7228
8029.7134 0.7249
8031.5605 0.7271
8033.4126 0.7265
8035.2607 0.7253
8037.1138 0.7264
8038.9624 0.7272
8040.8120 0.7265
8042.6660 0.7232
8044.5161 0.7216
8046.3711 0.7232
8048.2222 0.7256
8050.0781 0.7262
8051.9302 0.7256
8053.7827 0.7253
8055.6396 0.7258
8057.4927 0.7257
8059.3511 0.7242
8061.2051 0.7239
8063.0640 0.7235
8064.9189 0.7229
8066.7739 0.7225
8068.6343 0.7217
8070.4902 0.7203
8072.3516 0.7213
8074.2085 0.7217
8076.0703 0.7216
8077.9282 0.7206
8079.7866 0.7198
8081.6499 0.7199
8083.5088 0.7188
8085.3730 0.7179
8087.2329 0.7182
8089.0981 0.7181
8090.9590 0.7175
8092.8203 0.7173
8094.6865 0.7169
8096.5483 0.7167
8098.4155 0.7165
8100.2788 0.7163
8102.1465 0.7160
8104.0103 0.7156
8105.8745 0.7154
8107.7441 0.7151
8109.6089 0.7148
8111.4790 0.7145
8113.3452 0.7142
8115.2163 0.7138
8117.0830 0.7136
8118.9502 0.7133
8120.8228 0.7130
8122.6909 0.7128
8124.5640 0.7125
8126.4326 0.7122
8128.3066 0.7119
8130.1768 0.7116
8132.0513 0.7112
8133.9224 0.7110
8135.7935 0.7107
8137.6694 0.7104
8139.5415 0.7100
8141.4185 0.7097
8143.2915 0.7094
8145.1694 0.7091
8147.0430 0.7088
8148.9175 0.7085
8150.7964 0.7082
8152.6714 0.7078
8154.5513 0.7074
8156.4272 0.7070
8158.3081 0.7067
8160.1851 0.7065
8162.0625 0.7062
8163.9443 0.7058
8165.8228 0.7055
8167.7056 0.7052
8169.5845 0.7050
8171.4683 0.7047
8173.3481 0.7043
8175.2285 0.7040
8177.1138 0.7037
8178.9951 0.7034
8180.8809 0.7030
8182.7632 0.7025
8184.6499 0.7021
8186.5327 0.7017
8188.4160 0.7017
8190.3042 0.7016
8192.1885 0.7014
8194.0771 0.7010
8195.9629 0.7008
8197.8525 0.7004
8199.7383 0.6996
8201.6250 0.6993
8203.5156 0.6994
8205.4033 0.6994
8207.2959 0.6991
8209.1836 0.6988
8211.0762 0.6979
8212.9658 0.6968
8214.8545 0.6962
8216.7490 0.6967
8218.6396 0.6967
8220.5342 0.6959
8222.4258 0.6957
8224.3223 0.6959
8226.2139 0.6957
8228.1064 0.6949
8230.0039 0.6948
8231.8965 0.6936
8233.7949 0.6925
8235.6895 0.6930
8237.5889 0.6938
8239.4834 0.6933
8241.3789 0.6927
8243.2793 0.6927
8245.1758 0.6926
8247.0771 0.6921
8248.9746 0.6918
8250.8770 0.6920
8252.7744 0.6917
8254.6729 0.6914
8256.5771 0.6912
8258.4766 0.6911
8260.3809 0.6909
8262.2812 0.6904
8264.1865 0.6901
8266.0869 0.6902
8267.9893 0.6900
8269.8955 0.6895
8271.7979 0.6889
8273.7051 0.6885
8275.6084 0.6882
8277.5166 0.6880
8279.4209 0.6875
8281.3301 0.6874
8283.2354 0.6873
8285.1416 0.6863
8287.0518 0.6849
8288.9580 0.6859
8290.8691 0.6859
8292.7773 0.6858
8294.6895 0.6865
8296.5977 0.6864
8298.5059 0.6845
8300.4199 0.6853
8302.3291 0.6854
8304.2432 0.6835
8306.1543 0.6828
8308.0693 0.6850
8309.9805 0.6845
8311.8926 0.6804
8313.8086 0.6791
8315.7217 0.6815
8317.6396 0.6836
8319.5527 0.6818
8321.4707 0.6773
8323.3857 0.6769
8325.2998 0.6805
8327.2197 0.6830
8329.1357 0.6815
8331.0566 0.6765
8332.9727 0.6717
8334.8945 0.6764
8336.8115 0.6813
8338.7295 0.6826
8340.6523 0.6798
8342.5713 0.6735
8344.4951 0.6676
8346.4150 0.6724
8348.3398 0.6795
8350.2598 0.6834
8352.1807 0.6832
8354.1074 0.6787
8356.0293 0.6695
8357.9561 0.6624
8359.8789 0.6671
8361.8066 0.6761
8363.7295 0.6815
8365.6543 0.6823
8367.5830 0.6808
8369.5078 0.6753
8371.4375 0.6645
8373.3643 0.6570
8375.2949 0.6605
8377.2217 0.6724
8379.1484 0.6786
8381.0811 0.6813
8383.0088 0.6811
8384.9424 0.6789
8386.8711 0.6735
8388.8047 0.6630
8390.7344 0.6503
8392.6650 0.6509
8394.6006 0.6612
8396.5312 0.6713
8398.4678 0.6771
8400.3994 0.6802
8402.3369 0.6802
8404.2695 0.6752
8406.2031 0.6691
8408.1416 0.6607
8410.0762 0.6497
8412.0156 0.6416
8413.9502 0.6463
8415.8906 0.6590
8417.8271 0.6692
8419.7637 0.6766
8421.7051 0.6809
8423.6426 0.6805
8425.5850 0.6799
8427.5234 0.6777
8429.4668 0.6728
8431.4053 0.6677
8433.3496 0.6593
8435.2900 0.6433
8437.2305 0.6308
8439.1758 0.6431
8441.1172 0.6586
8443.0645 0.6528
8445.0059 0.6371
8446.9541 0.6446
8448.8965 0.6738
8450.8408 0.6757
8452.7891 0.6753
8454.7344 0.6758
8456.6836 0.6732
8458.6289 0.6687
8460.5791 0.6609
8462.5254 0.6516
8464.4727 0.6355
8466.4248 0.6277
8468.3721 0.6376
8470.3252 0.6559
8472.2734 0.6640
8474.2275 0.6694
8476.1768 0.6724
8478.1270 0.6731
8480.0820 0.6731
8482.0322 0.6736
8483.9883 0.6728
8485.9404 0.6712
8487.8975 0.6703
8489.8496 0.6687
8491.8027 0.6667
8493.7607 0.6625
8495.7148 0.6496
8497.6738 0.6392
8499.6289 0.6262
8501.5889 0.6185
8503.5449 0.6261
8505.5010 0.6455
8507.4619 0.6546
8509.4199 0.6603
8511.3818 0.6608
8513.3398 0.6625
8515.3027 0.6667
8517.2617 0.6682
8519.2217 0.6668
8521.1855 0.6672
8523.1465 0.6674
8525.1113 0.6681
8527.0723 0.6683
8529.0391 0.6667
8531.0010 0.6659
8532.9639 0.6641
8534.9316 0.6598
8536.8945 0.6545
8538.8633 0.6401
8540.8281 0.6146
8542.7969 0.6050
8544.7627 0.6068
8546.7285 0.6229
8548.6992 0.6403
8550.6660 0.6503
8552.6377 0.6539
8554.6045 0.6552
8556.5771 0.6574
8558.5459 0.6595
8560.5146 0.6599
8562.4893 0.6595
8564.4590 0.6587
8566.4336 0.6554
8568.4043 0.6572
8570.3799 0.6582
8572.3516 0.6581
8574.3242 0.6582
8576.3008 0.6580
8578.2744 0.6579
8580.2520 0.6573
8582.2256 0.6557
8584.2051 0.6544
8586.1797 0.6536
8588.1602 0.6514
8590.1357 0.6455
8592.1113 0.6352
8594.0928 0.6237
8596.0703 0.6075
8598.0527 0.6003
8600.0303 0.6171
8602.0137 0.6349
8603.9922 0.6433
8605.9717 0.6477
8607.9561 0.6503
8609.9365 0.6511
8611.9219 0.6513
8613.9033 0.6523
8615.8896 0.6521
8617.8711 0.6507
8619.8535 0.6501
8621.8418 0.6509
8623.8252 0.6519
8625.8135 0.6498
8627.7979 0.6429
8629.7881 0.6463
8631.7725 0.6513
8633.7588 0.6515
8635.7500 0.6512
8637.7363 0.6503
8639.7285 0.6488
8641.7158 0.6482
8643.7080 0.6482
8645.6973 0.6480
8647.6855 0.6474
8649.6797 0.6458
8651.6699 0.6443
8653.6650 0.6399
8655.6553 0.6376
8657.6514 0.6332
8659.6436 0.6165
8661.6357 0.5935
8663.6328 0.5865
8665.6260 0.5992
8667.6240 0.6186
8669.6182 0.6323
8671.6172 0.6377
8673.6123 0.6417
8675.6074 0.6436
8677.6084 0.6300
8679.6045 0.6181
8681.6055 0.6180
8683.6025 0.6233
8685.6055 0.6324
8687.6035 0.6424
8689.6025 0.6457
8691.6055 0.6457
8693.6055 0.6456
8695.6104 0.6453
8697.6104 0.6453
8699.6162 0.6416
8701.6172 0.6336
8703.6191 0.6348
8705.6260 0.6435
8707.6289 0.6433
8709.6367 0.6332
8711.6406 0.6340
8713.6494 0.6419
8715.6543 0.6400
8717.6592 0.6323
8719.6699 0.6355
8721.6758 0.6418
8723.6865 0.6420
8725.6934 0.6392
8727.7061 0.6370
8729.7129 0.6377
8731.7217 0.6402
8733.7354 0.6381
8735.7441 0.6371
8737.7588 0.6356
8739.7686 0.6334
8741.7842 0.6302
8743.7949 0.6241
8745.8115 0.6126
8747.8232 0.5901
8749.8359 0.5819
8751.8535 0.5964
8753.8672 0.6173
8755.8857 0.6256
8757.9004 0.6314
8759.9199 0.6344
8761.9346 0.6349
8763.9502 0.6353
8765.9717 0.6364
8767.9883 0.6366
8770.0098 0.6355
8772.0273 0.6354
8774.0498 0.6356
8776.0684 0.6352
8778.0879 0.6343
8780.1113 0.6337
8782.1318 0.6342
8784.1562 0.6346
8786.1777 0.6346
8788.2031 0.6345
8790.2256 0.6343
8792.2471 0.6339
8794.2754 0.6338
8796.2979 0.6336
8798.3262 0.6327
8800.3506 0.6320
8802.3799 0.6316
8804.4053 0.6308
8806.4307 0.6302
8808.4609 0.6293
8810.4873 0.6286
8812.5195 0.6285
8814.5459 0.6295
8816.5791 0.6301
8818.6074 0.6262
8820.6357 0.6261
8822.6699 0.6274
8824.6992 0.6288
8826.7344 0.6294
8828.7646 0.6282
8830.8008 0.6271
8832.8330 0.6268
8834.8643 0.6261
8836.9014 0.6256
8838.9346 0.6252
8840.9727 0.6238
8843.0068 0.6233
8845.0459 0.6218
8847.0811 0.6200
8849.1162 0.6174
8851.1562 0.6136
8853.1924 0.6087
8855.2344 0.6033
8857.2715 0.5941
8859.3145 0.5800
8861.3516 0.5688
8863.3906 0.5710
8865.4346 0.5866
8867.4736 0.5954
8869.5186 0.6015
8871.5596 0.6057
8873.6045 0.6092
8875.6465 0.6121
8877.6885 0.6136
8879.7354 0.6148
8881.7783 0.6165
8883.8262 0.6178
8885.8701 0.6186
8887.9189 0.6191
8889.9639 0.6195
8892.0088 0.6197
8894.0596 0.6199
8896.1055 0.6201
8898.1562 0.6204
8900.2041 0.6206
8902.2559 0.6206
8904.3037 0.6205
8906.3574 0.6205
8908.4062 0.6199
8910.4561 0.6188
8912.5107 0.6186
8914.5605 0.6199
8916.6162 0.6195
8918.6680 0.6194
8920.7246 0.6192
8922.7764 0.6187
8924.8291 0.6172
8926.8867 0.6158
8928.9404 0.6177
8931.0000 0.6179
8933.0547 0.6176
8935.1143 0.6173
8937.1699 0.6170
8939.2256 0.6168
8941.2871 0.6165
8943.3438 0.6161
8945.4062 0.6158
8947.4639 0.6155
8949.5273 0.6152
8951.5859 0.6149
8953.6455 0.6145
8955.7100 0.6142
8957.7705 0.6138
8959.8359 0.6135
8961.8975 0.6131
8963.9639 0.6126
8966.0264 0.6122
8968.0889 0.6118
8970.1572 0.6114
8972.2207 0.6109
8974.2891 0.6103
8976.3535 0.6097
8978.4238 0.6091
8980.4893 0.6084
8982.5557 0.6077
8984.6270 0.6068
8986.6934 0.6058
8988.7656 0.6046
8990.8340 0.6032
8992.9072 0.6016
8994.9756 0.5995
8997.0449 0.5970
8999.1201 0.5938
9001.1904 0.5899
9003.2656 0.5851
9005.3369 0.5794
9007.4131 0.5724
9009.4854 0.5645
9011.5586 0.5551
9013.6357 0.5474
9015.7100 0.5515
9017.7891 0.5603
9019.8633 0.5683
9021.9434 0.5749
9024.0186 0.5804
9026.0947 0.5849
9028.1758 0.5884
9030.2529 0.5913
9032.3350 0.5934
9034.4131 0.5951
9036.4971 0.5963
9038.5752 0.5972
9040.6543 0.5979
9042.7393 0.5983
9044.8193 0.5985
9046.9053 0.5987
9048.9863 0.5989
9051.0732 0.5991
9053.1553 0.5992
9055.2383 0.5992
9057.3262 0.5988
9059.4102 0.5971
9061.4990 0.5960
9063.5840 0.5980
9065.6738 0.5985
9067.7588 0.5983
9069.8506 0.5980
9071.9365 0.5978
9074.0234 0.5972
9076.1162 0.5961
9078.2041 0.5962
9080.2979 0.5968
9082.3867 0.5969
9084.4805 0.5963
9086.5703 0.5953
9088.6611 0.5947
9090.7568 0.5956
9092.8486 0.5922
9094.9453 0.5924
9097.0371 0.5944
9099.1348 0.5948
9101.2285 0.5942
9103.3223 0.5942
9105.4209 0.5939
9107.5156 0.5935
9109.6162 0.5922
9111.7119 0.5914
9113.8125 0.5926
9115.9092 0.5925
9118.0068 0.5923
9120.1094 0.5916
9122.2070 0.5911
9124.3105 0.5911
9126.4102 0.5911
9128.5146 0.5908
9130.6143 0.5899
9132.7148 0.5898
9134.8213 0.5899
9136.9219 0.5897
9139.0293 0.5894
9141.1318 0.5891
9143.2393 0.5888
9145.3428 0.5885
9147.4473 0.5882
9149.5566 0.5879
9151.6611 0.5876
9153.7715 0.5871
9155.8770 0.5868
9157.9883 0.5866
9160.0957 0.5863
9162.2031 0.5860
9164.3154 0.5857
9166.4238 0.5854
9168.5371 0.5850
9170.6465 0.5846
9172.7617 0.5840
9174.8711 0.5831
9176.9824 0.5823
9179.0986 0.5825
9181.2100 0.5826
9183.3271 0.5821
9185.4395 0.5813
9187.5576 0.5807
9189.6719 0.5808
9191.7852 0.5801
9193.9053 0.5794
9196.0205 0.5785
9198.1406 0.5778
9200.2568 0.5767
9202.3789 0.5745
9204.4951 0.5736
9206.6133 0.5727
9208.7363 0.5708
9210.8545 0.5682
9212.9785 0.5652
9215.0977 0.5612
9217.2227 0.5547
9219.3428 0.5512
9221.4639 0.5458
9223.5908 0.5384
9225.7129 0.5297
9227.8398 0.5226
9229.9629 0.5273
9232.0908 0.5355
9234.2148 0.5428
9236.3447 0.5487
9238.4688 0.5538
9240.5947 0.5576
9242.7256 0.5581
9244.8516 0.5620
9246.9834 0.5653
9249.1104 0.5669
9251.2432 0.5678
9253.3721 0.5688
9255.5010 0.5696
9257.6348 0.5689
9259.7646 0.5653
9261.8994 0.5640
9264.0303 0.5657
9266.1670 0.5671
9268.2988 0.5705
9270.4307 0.5707
9272.5684 0.5706
9274.7012 0.5707
9276.8398 0.5705
9278.9746 0.5704
9281.1143 0.5702
9283.2490 0.5701
9285.3848 0.5699
9287.5264 0.5697
9289.6621 0.5694
9291.8047 0.5693
9293.9424 0.5690
9296.0850 0.5686
9298.2236 0.5686
9300.3633 0.5684
9302.5078 0.5680
9304.6475 0.5678
9306.7930 0.5677
9308.9346 0.5675
9311.0811 0.5672
9313.2227 0.5670
9315.3652 0.5667
9317.5137 0.5665
9319.6572 0.5662
9321.8057 0.5660
9323.9502 0.5655
9326.1006 0.5652
9328.2461 0.5650
9330.3916 0.5650
9332.5439 0.5647
9334.6904 0.5645
9336.8428 0.5642
9338.9912 0.5638
9341.1445 0.5636
9343.2939 0.5635
9345.4434 0.5632
9347.5977 0.5630
9349.7480 0.5627
9351.9043 0.5625
9354.0557 0.5622
9356.2129 0.5619
9358.3652 0.5617
9360.5186 0.5614
9362.6768 0.5612
9364.8301 0.5609
9366.9902 0.5607
9369.1445 0.5604
9371.3057 0.5601
9373.4609 0.5598
9375.6172 0.5596
9377.7793 0.5593
9379.9365 0.5591
9382.0996 0.5589
9384.2578 0.5581
9386.4219 0.5578
9388.5820 0.5578
9390.7461 0.5572
9392.9072 0.5566
9395.0674 0.5573
9397.2344 0.5570
9399.3965 0.5568
9401.5635 0.5563
9403.7266 0.5542
9405.8945 0.5534
9408.0586 0.5557
9410.2227 0.5542
9412.3926 0.5537
9414.5586 0.5543
9416.7295 0.5546
9418.8955 0.5543
9421.0674 0.5541
9423.2344 0.5540
9425.4023 0.5534
9427.5762 0.5530
9429.7451 0.5529
9431.9189 0.5529
9434.0889 0.5525
9436.2646 0.5523
9438.4355 0.5521
9440.6064 0.5519
9442.7832 0.5516
9444.9561 0.5513
9447.1338 0.5510
9449.3076 0.5508
9451.4863 0.5505
9453.6602 0.5503
9455.8350 0.5500
9458.0156 0.5497
9460.1914 0.5494
9462.3730 0.5491
9464.5498 0.5489
9466.7324 0.5486
9468.9102 0.5484
9471.0889 0.5481
9473.2725 0.5478
9475.4521 0.5475
9477.6367 0.5473
9479.8174 0.5468
9482.0029 0.5464
9484.1846 0.5462
9486.3662 0.5460
9488.5537 0.5457
9490.7363 0.5453
9492.9258 0.5449
9495.1094 0.5446
9497.2988 0.5442
9499.4834 0.5438
9501.6689 0.5434
9503.8604 0.5430
9506.0459 0.5424
9508.2383 0.5419
9510.4258 0.5413
9512.6191 0.5407
9514.8076 0.5399
9516.9961 0.5391
9519.1904 0.5380
9521.3809 0.5368
9523.5762 0.5354
9525.7666 0.5336
9527.9639 0.5314
9530.1553 0.5288
9532.3477 0.5254
9534.5459 0.5214
9536.7393 0.5165
9538.9385 0.5105
9541.1328 0.5037
9543.3330 0.4946
9545.5283 0.4924
9547.7246 0.4982
9549.9268 0.5064
9552.1230 0.5119
9554.3262 0.5170
9556.5234 0.5210
9558.7275 0.5241
9560.9268 0.5266
9563.1309 0.5285
9565.3311 0.5299
9567.5322 0.5311
9569.7383 0.5319
9571.9395 0.5325
9574.1465 0.5330
9576.3496 0.5333
9578.5576 0.5336
9580.7607 0.5337
9582.9648 0.5338
9585.1748 0.5338
9587.3799 0.5338
9589.5908 0.5337
9591.7969 0.5337
9594.0088 0.5336
9596.2158 0.5335
9598.4238 0.5333
9600.6367 0.5329
9602.8457 0.5326
9605.0596 0.5329
9607.2695 0.5327
9609.4854 0.5325
9611.6953 0.5323
9613.9062 0.5322
9616.1240 0.5319
9618.3359 0.5310
9620.5537 0.5307
9622.7666 0.5312
9624.9863 0.5312
9627.2002 0.5308
9629.4150 0.5292
9631.6357 0.5274
9633.8516 0.5297
9636.0723 0.5301
9638.2891 0.5299
9640.5117 0.5297
9642.7295 0.5294
9644.9482 0.5292
9647.1719 0.5290
9649.3916 0.5287
9651.6172 0.5286
9653.8369 0.5282
9656.0635 0.5273
9658.2842 0.5266
9660.5068 0.5275
9662.7344 0.5274
9664.9570 0.5272
9667.1855 0.5270
9669.4102 0.5267
9671.6396 0.5265
9673.8643 0.5263
9676.0898 0.5261
9678.3213 0.5258
9680.5479 0.5256
9682.7803 0.5254
9685.0078 0.5252
9687.2412 0.5250
9689.4697 0.5247
9691.6982 0.5245
9693.9336 0.5242
9696.1631 0.5240
9698.3994 0.5238
9700.6299 0.5236
9702.8672 0.5234
9705.0996 0.5232
9707.3320 0.5230
9709.5703 0.5227
9711.8047 0.5225
9714.0439 0.5223
9716.2783 0.5221
9718.5186 0.5218
9720.7549 0.5216
9722.9912 0.5214
9725.2334 0.5211
9727.4707 0.5209
9729.7139 0.5207
9731.9521 0.5205
9734.1963 0.5203
9736.4355 0.5200
9738.6807 0.5198
9740.9209 0.5195
9743.1621 0.5193
9745.4082 0.5191
9747.6504 0.5189
9749.8984 0.5187
9752.1416 0.5185
9754.3896 0.5183
9756.6338 0.5181
9758.8789 0.5178
9761.1289 0.5176
9763.3740 0.5174
9765.6260 0.5172
9767.8721 0.5170
9770.1250 0.5167
9772.3721 0.5165
9774.6201 0.5163
9776.8750 0.5161
9779.1240 0.5158
9781.3789 0.5156
9783.6289 0.5154
9785.8848 0.5152
9788.1367 0.5149
9790.3877 0.5146
9792.6455 0.5145
9794.8984 0.5143
9797.1572 0.5141
9799.4111 0.5139
9801.6709 0.5137
9803.9258 0.5135
9806.1807 0.5132
9808.4424 0.5129
9810.6982 0.5127
9812.9609 0.5125
9815.2188 0.5124
9817.4814 0.5122
9819.7402 0.5119
9821.9990 0.5116
9824.2646 0.5112
9826.5244 0.5111
9828.7900 0.5110
9831.0518 0.5107
9833.3184 0.5106
9835.5801 0.5104
9837.8428 0.5102
9840.1113 0.5098
9842.3750 0.5096
9844.6455 0.5095
9846.9102 0.5093
9849.1807 0.5091
9851.4463 0.5088
9853.7129 0.5085
9855.9844 0.5083
9858.2520 0.5082
9860.5254 0.5080
9862.7939 0.5078
9865.0684 0.5076
9867.3379 0.5073
9869.6074 0.5071
9871.8838 0.5069
9874.1543 0.5068
9876.4316 0.5066
9878.7031 0.5064
9880.9814 0.5061
9883.2549 0.5059
9885.5283 0.5057
9887.8076 0.5048
9890.0830 0.5042
9892.3633 0.5048
9894.6387 0.5049
9896.9209 0.5046
9899.1973 0.5044
9901.4746 0.5043
9903.7578 0.5041
9906.0361 0.5038
9908.3203 0.5035
9910.5996 0.5034
9912.8857 0.5033
9915.1660 0.5030
9917.4521 0.5029
9919.7334 0.5027
9922.0156 0.5024
9924.3037 0.5022
9926.5869 0.5019
9928.8760 0.5016
9931.1602 0.5013
9933.4502 0.5014
9935.7354 0.5012
9938.0205 0.5010
9940.3125 0.5007
9942.5996 0.5005
9944.8926 0.5002
9947.1797 0.5000
9949.4736 0.4999
9951.7627 0.4997
9954.0518 0.4995
9956.3477 0.4993
9958.6377 0.4991
9960.9346 0.4989
9963.2256 0.4986
9965.5234 0.4984
9967.8154 0.4982
9970.1094 0.4980
9972.4082 0.4978
9974.7021 0.4975
9977.0020 0.4973
9979.2979 0.4971
9981.5986 0.4968
9983.8945 0.4966
9986.1914 0.4964
9988.4941 0.4961
9990.7920 0.4959
9993.0967 0.4955
9995.3955 0.4950
9997.7002 0.4946
10000.0000 0.4947
10002.3057 0.4943
10004.6016 0.4940
10006.9082 0.4936
10009.2158 0.4932
10011.5244 0.4928
10013.8223 0.4922
10016.1309 0.4916
10018.4404 0.4909
10020.7402 0.4902
10023.0508 0.4892
10025.3623 0.4881
10027.6738 0.4868
10029.9756 0.4852
10032.2881 0.4831
10034.6016 0.4807
10036.9043 0.4776
10039.2188 0.4739
10041.5342 0.4694
10043.8496 0.4642
10046.1543 0.4567
10048.4707 0.4530
10050.7881 0.4569
10053.0947 0.4644
10055.4131 0.4687
10057.7324 0.4728
10060.0508 0.4761
10062.3604 0.4786
10064.6807 0.4807
10067.0010 0.4822
10069.3115 0.4834
10071.6338 0.4844
10073.9561 0.4850
10076.2793 0.4855
10078.5918 0.4860
10080.9160 0.4863
10083.2402 0.4865
10085.5547 0.4867
10087.8799 0.4867
10090.2061 0.4868
10092.5332 0.4868
10094.8496 0.4868
10097.1777 0.4867
10099.5059 0.4866
10101.8232 0.4865
10104.1533 0.4862
10106.4834 0.4860
10108.8135 0.4859
10111.1338 0.4855
10113.4648 0.4853
10115.7969 0.4856
10118.1191 0.4858
10120.4521 0.4853
10122.7861 0.4848
10125.1201 0.4850
10127.4434 0.4850
10129.7793 0.4849
10132.1152 0.4848
10134.4404 0.4846
10136.7773 0.4845
10139.1152 0.4843
10141.4531 0.4842
10143.7803 0.4840
10146.1191 0.4838
10148.4590 0.4836
10150.7881 0.4835
10153.1289 0.4833
10155.4707 0.4831
10157.8125 0.4830
10160.1436 0.4828
10162.4863 0.4826
10164.8301 0.4824
10167.1621 0.4823
10169.5068 0.4821
10171.8525 0.4819
10174.1973 0.4818
10176.5322 0.4816
10178.8789 0.4814
10181.2266 0.4813
10183.5742 0.4811
10185.9111 0.4809
10188.2607 0.4807
10190.6094 0.4806
10192.9482 0.4804
10195.2988 0.4803
10197.6504 0.4801
10200.0020 0.4799
10202.3428 0.4798
10204.6953 0.4796
10207.0479 0.4794
10209.3906 0.4792
10211.7451 0.4791
10214.0996 0.4789
10216.4551 0.4787
10218.7998 0.4786
10221.1562 0.4784
10223.5137 0.4782
10225.8594 0.4781
10228.2178 0.4779
10230.5762 0.4777
10232.9355 0.4776
10235.2842 0.4774
10237.6436 0.4772
10240.0049 0.4771
10242.3545 0.4769
10244.7168 0.4767
10247.0791 0.4765
10249.4424 0.4764
10251.7939 0.4762
10254.1582 0.4760
10256.5234 0.4759
10258.8770 0.4757
10261.2422 0.4756
10263.6084 0.4754
10265.9756 0.4752
10268.3311 0.4751
10270.6992 0.4749
10273.0674 0.4747
10275.4258 0.4746
10277.7949 0.4744
10280.1650 0.4743
10282.5352 0.4741
10284.8955 0.4739
10287.2666 0.4738
10289.6396 0.4736
10292.0010 0.4734
10294.3740 0.4733
10296.7480 0.4731
10299.1221 0.4730
10301.4863 0.4728
10303.8613 0.4726
10306.2373 0.4725
10308.6025 0.4723
10310.9795 0.4722
10313.3574 0.4720
10315.7363 0.4718
10318.1035 0.4717
10320.4824 0.4715
10322.8623 0.4714
10325.2314 0.4712
10327.6123 0.4710
10329.9941 0.4707
10332.3760 0.4705
10334.7471 0.4706
10337.1309 0.4704
10339.5146 0.4703
10341.8877 0.4701
10344.2725 0.4699
10346.6572 0.4698
10349.0430 0.4696
10351.4189 0.4695
10353.8057 0.4693
10356.1934 0.4692
10358.5693 0.4690
10360.9580 0.4688
10363.3477 0.4686
10365.7373 0.4685
10368.1162 0.4684
10370.5068 0.4682
10372.8984 0.4681
10375.2793 0.4679
10377.6719 0.4678
10380.0645 0.4676
10382.4580 0.4675
10384.8408 0.4673
10387.2363 0.4672
10389.6309 0.4670
10392.0156 0.4668
10394.4121 0.4667
10396.8086 0.4666
10399.2061 0.4664
10401.5928 0.4663
