3564.5117 1.8514
3565.3318 1.8553
3566.1538 1.8642
3566.9744 1.8706
3567.7969 1.8710
3568.6177 1.8696
3569.4385 1.8679
3570.2617 1.8648
3571.0830 1.8633
3571.9065 1.8665
3572.7283 1.8718
3573.5520 1.8699
3574.3740 1.8631
3575.1963 1.8608
3576.0208 1.8670
3576.8435 1.8769
3577.6682 1.8808
3578.4915 1.8749
3579.3167 1.8676
3580.1399 1.8688
3580.9636 1.8778
3581.7893 1.8836
3582.6133 1.8748
3583.4395 1.8574
3584.2639 1.8499
3585.0903 1.8573
3585.9150 1.8706
3586.7400 1.8789
3587.5671 1.8773
3588.3923 1.8720
3589.2200 1.8707
3590.0457 1.8736
3590.8735 1.8777
3591.6995 1.8823
3592.5259 1.8879
3593.3542 1.8916
3594.1809 1.8921
3595.0098 1.8937
3595.8367 1.8985
3596.6660 1.9047
3597.4934 1.9085
3598.3208 1.9083
3599.1506 1.9040
3599.9788 1.8955
3600.8088 1.8833
3601.6372 1.8716
3602.4678 1.8673
3603.2964 1.8732
3604.1252 1.8822
3604.9565 1.8892
3605.7859 1.8919
3606.6172 1.8905
3607.4470 1.8878
3608.2788 1.8883
3609.1089 1.8895
3609.9392 1.8855
3610.7717 1.8738
3611.6023 1.8592
3612.4351 1.8528
3613.2661 1.8630
3614.0994 1.8813
3614.9307 1.8955
3615.7625 1.8984
3616.5962 1.8918
3617.4282 1.8842
3618.2625 1.8826
3619.0947 1.8848
3619.9292 1.8885
3620.7620 1.8925
3621.5969 1.8929
3622.4302 1.8875
3623.2634 1.8827
3624.0989 1.8855
3624.9326 1.8919
3625.7686 1.8948
3626.6028 1.8908
3627.4390 1.8790
3628.2734 1.8580
3629.1082 1.8352
3629.9451 1.8253
3630.7800 1.8339
3631.6174 1.8529
3632.4529 1.8680
3633.2903 1.8748
3634.1262 1.8775
3634.9622 1.8792
3635.8005 1.8801
3636.6370 1.8794
3637.4756 1.8750
3638.3123 1.8643
3639.1514 1.8483
3639.9885 1.8338
3640.8259 1.8279
3641.6653 1.8312
3642.5032 1.8378
3643.3430 1.8417
3644.1812 1.8444
3645.0215 1.8464
3645.8601 1.8464
3646.6990 1.8447
3647.5398 1.8427
3648.3789 1.8407
3649.2202 1.8391
3650.0596 1.8401
3650.9014 1.8441
3651.7412 1.8493
3652.5813 1.8526
3653.4236 1.8533
3654.2642 1.8513
3655.1067 1.8466
3655.9475 1.8397
3656.7908 1.8320
3657.6318 1.8248
3658.4734 1.8190
3659.3169 1.8152
3660.1587 1.8129
3661.0029 1.8133
3661.8450 1.8166
3662.6895 1.8207
3663.5320 1.8219
3664.3748 1.8212
3665.2197 1.8210
3666.0630 1.8211
3666.9084 1.8200
3667.7520 1.8167
3668.5977 1.8148
3669.4417 1.8165
3670.2859 1.8213
3671.1321 1.8246
3671.9768 1.8259
3672.8235 1.8271
3673.6685 1.8230
3674.5156 1.8083
3675.3608 1.7952
3676.2063 1.7904
3677.0542 1.7962
3677.8999 1.8173
3678.7480 1.8573
3679.5945 1.8793
3680.4429 1.8662
3681.2896 1.8475
3682.1365 1.8499
3682.9856 1.8626
3683.8328 1.8428
3684.6824 1.8180
3685.5300 1.8384
3686.3799 1.9165
3687.2278 2.0019
3688.0781 2.0162
3688.9265 1.9467
3689.7751 1.8837
3690.6260 1.9053
3691.4751 2.0068
3692.3264 2.1144
3693.1758 2.1365
3694.0273 2.0502
3694.8772 1.9262
3695.7273 1.8696
3696.5793 1.9379
3697.4299 2.0987
3698.2825 2.2501
3699.1333 2.2999
3699.9863 2.2287
3700.8374 2.0719
3701.6887 1.9109
3702.5425 1.8327
3703.3943 1.8891
3704.2483 2.0491
3705.1003 2.2465
3705.9548 2.3998
3706.8074 2.4415
3707.6599 2.3505
3708.5149 2.1618
3709.3682 1.9559
3710.2234 1.8270
3711.0771 1.8410
3711.9329 1.9897
3712.7866 2.2095
3713.6409 2.4260
3714.4973 2.6083
3715.3518 2.7174
3716.2085 2.7097
3717.0635 2.5757
3717.9204 2.3459
3718.7759 2.0858
3719.6313 1.8780
3720.4890 1.7994
3721.3450 1.8812
3722.2031 2.0876
3723.0593 2.3452
3723.9180 2.5727
3724.7747 2.7236
3725.6316 2.8123
3726.4905 2.8727
3727.3479 2.8996
3728.2073 2.8566
3729.0649 2.7111
3729.9250 2.4797
3730.7830 2.2021
3731.6414 1.9403
3732.5017 1.7706
3733.3604 1.7442
3734.2214 1.8601
3735.0803 2.0599
3735.9417 2.3130
3736.8013 2.5837
3737.6609 2.8179
3738.5227 2.9683
3739.3828 3.0242
3740.2451 3.0328
3741.1055 3.0269
3741.9683 2.9972
3742.8291 2.9157
3743.6899 2.7717
3744.5532 2.5814
3745.4148 2.3697
3746.2786 2.1305
3747.1404 1.8945
3748.0044 1.7293
3748.8667 1.6995
3749.7290 1.8265
3750.5938 2.0523
3751.4565 2.2992
3752.3215 2.5196
3753.1848 2.7005
3754.0503 2.8359
3754.9138 2.9089
3755.7798 2.9021
3756.6438 2.8559
3757.5081 2.8237
3758.3745 2.8199
3759.2390 2.8292
3760.1060 2.8377
3760.9709 2.8607
3761.8381 2.8700
3762.7036 2.8441
3763.5693 2.7754
3764.4370 2.6586
3765.3032 2.4907
3766.1714 2.2821
3767.0378 2.0461
3767.9065 1.8242
3768.7732 1.6880
3769.6401 1.6952
3770.5095 1.8477
3771.3770 2.0675
3772.2466 2.2906
3773.1145 2.4885
3773.9844 2.6566
3774.8528 2.7976
3775.7209 2.9102
3776.5918 2.9893
3777.4604 3.0465
3778.3315 3.0909
3779.2009 3.1187
3780.0723 3.1226
3780.9419 3.1066
3781.8118 3.0972
3782.6838 3.1027
3783.5540 3.1011
3784.4265 3.0792
3785.2971 3.0468
3786.1699 3.0252
3787.0410 3.0152
3787.9121 3.0014
3788.7856 2.9685
3789.6572 2.9067
3790.5310 2.8088
3791.4031 2.6693
3792.2773 2.4875
3793.1499 2.2727
3794.0225 2.0424
3794.8972 1.8219
3795.7703 1.6592
3796.6455 1.6158
3797.5190 1.7186
3798.3948 1.9164
3799.2686 2.1466
3800.1426 2.3648
3801.0188 2.5477
3801.8933 2.6864
3802.7700 2.7801
3803.6448 2.8383
3804.5220 2.8769
3805.3972 2.9118
3806.2727 2.9511
3807.1504 2.9900
3808.0261 3.0147
3808.9043 3.0185
3809.7805 2.9937
3810.6589 2.9341
3811.5356 2.8552
3812.4126 2.7971
3813.2917 2.7960
3814.1689 2.8418
3815.0483 2.9047
3815.9260 2.9497
3816.8059 2.9517
3817.6841 2.9104
3818.5623 2.8608
3819.4429 2.8413
3820.3215 2.8510
3821.2024 2.8544
3822.0815 2.8214
3822.9629 2.7564
3823.8423 2.7056
3824.7241 2.6780
3825.6040 2.6549
3826.4841 2.6187
3827.3665 2.5648
3828.2468 2.4933
3829.1296 2.3884
3830.0105 2.2320
3830.8938 2.0389
3831.7751 1.8382
3832.6565 1.6624
3833.5403 1.5548
3834.4224 1.5666
3835.3064 1.6834
3836.1887 1.8539
3837.0735 2.0372
3837.9561 2.2073
3838.8391 2.3521
3839.7244 2.4769
3840.6077 2.5805
3841.4932 2.6529
3842.3770 2.6948
3843.2629 2.7189
3844.1472 2.7403
3845.0315 2.7603
3845.9182 2.7677
3846.8030 2.7579
3847.6899 2.7426
3848.5752 2.7440
3849.4626 2.7717
3850.3481 2.7927
3851.2339 2.7867
3852.1221 2.7657
3853.0083 2.7348
3853.8967 2.7024
3854.7832 2.6912
3855.6721 2.7242
3856.5591 2.7544
3857.4463 2.7563
3858.3359 2.7472
3859.2234 2.7400
3860.1135 2.7274
3861.0015 2.7063
3861.8918 2.7021
3862.7803 2.7089
3863.6687 2.7148
3864.5598 2.7234
3865.4487 2.7468
3866.3401 2.7748
3867.2297 2.7921
3868.1213 2.7930
3869.0112 2.7742
3869.9014 2.7388
3870.7937 2.7044
3871.6841 2.7020
3872.5769 2.7238
3873.4678 2.7406
3874.3611 2.7331
3875.2524 2.6944
3876.1438 2.6366
3877.0376 2.5989
3877.9297 2.5965
3878.8237 2.5968
3879.7161 2.5680
3880.6108 2.5069
3881.5037 2.4284
3882.3965 2.3295
3883.2917 2.1968
3884.1851 2.0317
3885.0808 1.8487
3885.9746 1.6716
3886.8706 1.5406
3887.7649 1.5144
3888.6592 1.6060
3889.5559 1.7703
3890.4507 1.9536
3891.3479 2.1193
3892.2429 2.2510
3893.1406 2.3458
3894.0361 2.4172
3894.9341 2.4761
3895.8301 2.5180
3896.7263 2.5311
3897.6250 2.5164
3898.5215 2.5094
3899.4207 2.5355
3900.3176 2.5730
3901.2170 2.5944
3902.1145 2.5940
3903.0122 2.5845
3903.9121 2.5770
3904.8103 2.5968
3905.7107 2.6407
3906.6094 2.6830
3907.5100 2.7059
3908.4089 2.7095
3909.3081 2.6987
3910.2097 2.6643
3911.1091 2.6067
3912.0110 2.5586
3912.9111 2.5541
3913.8132 2.5945
3914.7136 2.6313
3915.6143 2.6513
3916.5171 2.6581
3917.4182 2.6575
3918.3215 2.6555
3919.2229 2.6574
3920.1267 2.6624
3921.0286 2.6669
3921.9307 2.6746
3922.8350 2.6827
3923.7373 2.6835
3924.6421 2.6714
3925.5452 2.6521
3926.4502 2.6324
3927.3535 2.6087
3928.2571 2.5691
3929.1628 2.4931
3930.0667 2.3537
3930.9731 2.1522
3931.8774 2.0221
3932.7839 2.0757
3933.6887 2.2633
3934.5938 2.4535
3935.5010 2.5461
3936.4062 2.5776
3937.3142 2.6005
3938.2200 2.6326
3939.1279 2.6586
3940.0342 2.6635
3940.9407 2.6478
3941.8494 2.6230
3942.7561 2.6082
3943.6653 2.6143
3944.5725 2.6299
3945.4822 2.6402
3946.3899 2.6417
3947.2979 2.6453
3948.2080 2.6462
3949.1162 2.6395
3950.0269 2.6314
3950.9355 2.6316
3951.8467 2.6415
3952.7559 2.6439
3953.6650 2.6326
3954.5769 2.6144
3955.4866 2.6009
3956.3987 2.5955
3957.3088 2.5883
3958.2214 2.5621
3959.1321 2.5183
3960.0449 2.4744
3960.9561 2.4359
3961.8672 2.3888
3962.7808 2.3112
3963.6924 2.1953
3964.6064 2.0290
3965.5186 1.8150
3966.4329 1.5962
3967.3455 1.4406
3968.2581 1.4069
3969.1731 1.4903
3970.0862 1.6455
3971.0017 1.8188
3971.9153 1.9805
3972.8313 2.1258
3973.7451 2.2566
3974.6592 2.3589
3975.5759 2.4307
3976.4905 2.4804
3977.4075 2.5162
3978.3225 2.5409
3979.2397 2.5540
3980.1553 2.5608
3981.0708 2.5758
3981.9888 2.5985
3982.9050 2.6178
3983.8232 2.6258
3984.7397 2.6259
3985.6587 2.6289
3986.5757 2.6363
3987.4927 2.6428
3988.4121 2.6453
3989.3298 2.6484
3990.2498 2.6588
3991.1677 2.6710
3992.0879 2.6763
3993.0063 2.6727
3993.9250 2.6601
3994.8459 2.6427
3995.7649 2.6304
3996.6863 2.6338
3997.6057 2.6443
3998.5276 2.6478
3999.4475 2.6345
4000.3674 2.6121
4001.2900 2.5991
4002.2104 2.5974
4003.1333 2.5932
4004.0544 2.5966
4004.9775 2.6166
4005.8989 2.6430
4006.8206 2.6557
4007.7446 2.6557
4008.6665 2.6446
4009.5908 2.6196
4010.5132 2.5955
4011.4380 2.5913
4012.3608 2.6107
4013.2839 2.6302
4014.2095 2.6485
4015.1328 2.6651
4016.0588 2.6785
4016.9827 2.6881
4017.9089 2.6935
4018.8333 2.6896
4019.7578 2.6746
4020.6848 2.6494
4021.6096 2.6161
4022.5371 2.5862
4023.4624 2.5782
4024.3901 2.5957
4025.3162 2.6128
4026.2422 2.6162
4027.1704 2.6148
4028.0969 2.6181
4029.0259 2.6253
4029.9526 2.6309
4030.8821 2.6352
4031.8093 2.6390
4032.7390 2.6398
4033.6667 2.6380
4034.5947 2.6391
4035.5251 2.6476
4036.4534 2.6577
4037.3843 2.6675
4038.3130 2.6745
4039.2441 2.6776
4040.1736 2.6772
4041.1030 2.6722
4042.0347 2.6560
4042.9646 2.6295
4043.8970 2.6093
4044.8271 2.6107
4045.7600 2.6301
4046.6907 2.6405
4047.6216 2.6452
4048.5549 2.6471
4049.4863 2.6409
4050.4202 2.6236
4051.3521 2.6029
4052.2861 2.5986
4053.2185 2.6175
4054.1509 2.6398
4055.0857 2.6508
4056.0186 2.6545
4056.9539 2.6634
4057.8872 2.6730
4058.8230 2.6743
4059.7566 2.6629
4060.6907 2.6387
4061.6270 2.6154
4062.5613 2.6119
4063.4983 2.6236
4064.4331 2.6260
4065.3701 2.6220
4066.3054 2.6265
4067.2410 2.6359
4068.1787 2.6293
4069.1147 2.6056
4070.0530 2.5922
4070.9893 2.6009
4071.9280 2.6189
4072.8647 2.6255
4073.8018 2.6088
4074.7412 2.5806
4075.6787 2.5665
4076.6184 2.5821
4077.5562 2.6130
4078.4966 2.6354
4079.4348 2.6366
4080.3733 2.6293
4081.3142 2.6230
4082.2532 2.6179
4083.1943 2.6101
4084.1338 2.6001
4085.0757 2.5934
4086.0154 2.5908
4086.9553 2.5876
4087.8977 2.5797
4088.8381 2.5666
4089.7810 2.5483
4090.7219 2.5236
4091.6653 2.4894
4092.6064 2.4438
4093.5481 2.3828
4094.4919 2.3000
4095.4338 2.1911
4096.3784 2.0554
4097.3208 1.8947
4098.2656 1.7186
4099.2085 1.5669
4100.1514 1.5048
4101.0967 1.5671
4102.0400 1.7251
4102.9863 1.8998
4103.9302 2.0573
4104.8765 2.1870
4105.8208 2.2891
4106.7676 2.3627
4107.7124 2.4080
4108.6572 2.4392
4109.6045 2.4718
4110.5503 2.5065
4111.4980 2.5373
4112.4438 2.5618
4113.3921 2.5808
4114.3384 2.5909
4115.2852 2.5908
4116.2339 2.5838
4117.1807 2.5781
4118.1304 2.5791
4119.0776 2.5825
4120.0273 2.5749
4120.9751 2.5699
4121.9233 2.5780
4122.8740 2.5912
4123.8223 2.5938
4124.7734 2.5727
4125.7222 2.5294
4126.6733 2.4995
4127.6230 2.4992
4128.5723 2.5088
4129.5244 2.5174
4130.4746 2.5375
4131.4268 2.5705
4132.3774 2.5965
4133.3301 2.6099
4134.2812 2.6129
4135.2324 2.6105
4136.1855 2.6087
4137.1372 2.6129
4138.0913 2.6201
4139.0435 2.6218
4139.9976 2.6108
4140.9502 2.5882
4141.9028 2.5669
4142.8579 2.5655
4143.8110 2.5775
4144.7666 2.5921
4145.7202 2.6017
4146.6758 2.6040
4147.6299 2.6020
4148.5840 2.6024
4149.5405 2.6045
4150.4951 2.6058
4151.4526 2.6043
4152.4072 2.6013
4153.3647 2.5995
4154.3203 2.5976
4155.2764 2.5958
4156.2344 2.5965
4157.1904 2.5962
4158.1489 2.5879
4159.1055 2.5695
4160.0649 2.5529
4161.0220 2.5418
4161.9790 2.5432
4162.9390 2.5622
4163.8965 2.5867
4164.8564 2.5954
4165.8149 2.5930
4166.7754 2.5899
4167.7339 2.5802
4168.6929 2.5519
4169.6538 2.5034
4170.6133 2.4544
4171.5752 2.4401
4172.5347 2.4701
4173.4971 2.5121
4174.4570 2.5246
4175.4175 2.4931
4176.3799 2.4473
4177.3408 2.4416
4178.3042 2.4787
4179.2651 2.5191
4180.2290 2.5376
4181.1909 2.5373
4182.1548 2.5375
4183.1172 2.5425
4184.0796 2.5434
4185.0444 2.5353
4186.0068 2.5297
4186.9722 2.5351
4187.9355 2.5446
4188.9014 2.5455
4189.8647 2.5469
4190.8286 2.5544
4191.7949 2.5619
4192.7593 2.5623
4193.7261 2.5558
4194.6909 2.5486
4195.6582 2.5355
4196.6235 2.5205
4197.5889 2.5141
4198.5571 2.5145
4199.5229 2.5094
4200.4912 2.5052
4201.4575 2.5126
4202.4263 2.5210
4203.3931 2.5242
4204.3599 2.5258
4205.3296 2.5311
4206.2969 2.5343
4207.2671 2.5351
4208.2349 2.5363
4209.2051 2.5402
4210.1738 2.5454
4211.1421 2.5455
4212.1133 2.5320
4213.0820 2.5101
4214.0537 2.4990
4215.0229 2.5053
4215.9951 2.5193
4216.9648 2.5260
4217.9351 2.5280
4218.9077 2.5289
4219.8784 2.5277
4220.8516 2.5223
4221.8223 2.5106
4222.7959 2.4918
4223.7676 2.4702
4224.7393 2.4551
4225.7134 2.4621
4226.6855 2.4879
4227.6602 2.5129
4228.6328 2.5139
4229.6079 2.4823
4230.5806 2.4257
4231.5542 2.3942
4232.5298 2.4145
4233.5034 2.4621
4234.4800 2.4884
4235.4541 2.4999
4236.4307 2.5033
4237.4053 2.5044
4238.3799 2.5010
4239.3574 2.4867
4240.3325 2.4656
4241.3105 2.4669
4242.2861 2.4804
4243.2642 2.4780
4244.2407 2.4555
4245.2168 2.4384
4246.1958 2.4531
4247.1729 2.4689
4248.1519 2.4653
4249.1294 2.4567
4250.1094 2.4533
4251.0869 2.4554
4252.0649 2.4602
4253.0454 2.4709
4254.0239 2.4782
4255.0049 2.4702
4255.9834 2.4518
4256.9648 2.4368
4257.9443 2.4334
4258.9263 2.4293
4259.9058 2.4333
4260.8857 2.4506
4261.8687 2.4716
4262.8491 2.4853
4263.8320 2.4890
4264.8130 2.4863
4265.7964 2.4769
4266.7778 2.4641
4267.7593 2.4489
4268.7432 2.4278
4269.7256 2.4023
4270.7100 2.3933
4271.6924 2.3990
4272.6772 2.4062
4273.6606 2.4140
4274.6436 2.4247
4275.6294 2.4348
4276.6128 2.4412
4277.5991 2.4525
4278.5830 2.4610
4279.5698 2.4577
4280.5542 2.4433
4281.5391 2.4294
4282.5264 2.4254
4283.5117 2.4296
4284.4990 2.4292
4285.4849 2.4192
4286.4731 2.4006
4287.4590 2.3794
4288.4453 2.3719
4289.4346 2.3920
4290.4214 2.4087
4291.4106 2.3982
4292.3979 2.3752
4293.3877 2.3739
4294.3755 2.3817
4295.3633 2.3911
4296.3535 2.3872
4297.3423 2.3593
4298.3330 2.3244
4299.3218 2.3127
4300.3135 2.3099
4301.3027 2.3260
4302.2920 2.3656
4303.2842 2.4012
4304.2744 2.4045
4305.2666 2.3780
4306.2573 2.3659
4307.2500 2.3858
4308.2412 2.4117
4309.2319 2.4128
4310.2261 2.3757
4311.2173 2.3154
4312.2114 2.2739
4313.2036 2.2839
4314.1982 2.3306
4315.1904 2.3762
4316.1836 2.3965
4317.1787 2.3908
4318.1719 2.3641
4319.1675 2.3507
4320.1611 2.3664
4321.1572 2.3830
4322.1514 2.3681
4323.1460 2.3256
4324.1426 2.3095
4325.1377 2.3267
4326.1348 2.3460
4327.1299 2.3415
4328.1279 2.3137
4329.1235 2.2851
4330.1196 2.2662
4331.1182 2.2381
4332.1143 2.1885
4333.1133 2.1133
4334.1104 2.0093
4335.1099 1.8755
4336.1069 1.7233
4337.1069 1.5730
4338.1045 1.4638
4339.1025 1.4525
4340.1030 1.5500
4341.1016 1.6989
4342.1025 1.8387
4343.1016 1.9668
4344.1030 2.0765
4345.1025 2.1601
4346.1021 2.2177
4347.1040 2.2530
4348.1040 2.2568
4349.1069 2.2367
4350.1074 2.2352
4351.1104 2.2712
4352.1113 2.3236
4353.1128 2.3552
4354.1167 2.3705
4355.1182 2.3741
4356.1226 2.3746
4357.1245 2.3765
4358.1294 2.3781
4359.1318 2.3757
4360.1348 2.3753
4361.1401 2.3820
4362.1436 2.3907
4363.1494 2.3935
4364.1528 2.3823
4365.1592 2.3566
4366.1636 2.3359
4367.1680 2.3374
4368.1753 2.3557
4369.1802 2.3759
4370.1875 2.3826
4371.1929 2.3667
4372.2007 2.3384
4373.2065 2.3318
4374.2129 2.3537
4375.2212 2.3805
4376.2280 2.3923
4377.2368 2.3916
4378.2441 2.3910
4379.2534 2.3854
4380.2612 2.3575
4381.2686 2.3027
4382.2793 2.2473
4383.2871 2.2354
4384.2979 2.2691
4385.3066 2.3135
4386.3179 2.3452
4387.3267 2.3524
4388.3359 2.3433
4389.3481 2.3406
4390.3579 2.3448
4391.3701 2.3229
4392.3804 2.2804
4393.3936 2.2624
4394.4043 2.2915
4395.4150 2.3336
4396.4287 2.3333
4397.4399 2.3073
4398.4541 2.2973
4399.4658 2.3171
4400.4805 2.3444
4401.4927 2.3465
4402.5054 2.3367
4403.5205 2.3376
4404.5337 2.3479
4405.5493 2.3528
4406.5625 2.3471
4407.5786 2.3394
4408.5928 2.3336
4409.6069 2.3318
4410.6240 2.3313
4411.6387 2.3209
4412.6558 2.2924
4413.6709 2.2507
4414.6885 2.2142
4415.7041 2.2086
4416.7227 2.2415
4417.7388 2.2856
4418.7549 2.3097
4419.7739 2.3066
4420.7905 2.3027
4421.8101 2.3032
4422.8271 2.3026
4423.8472 2.2988
4424.8647 2.2929
4425.8828 2.2884
4426.9033 2.2909
4427.9219 2.2963
4428.9429 2.2988
4429.9619 2.2981
4430.9834 2.2965
4432.0024 2.2970
4433.0220 2.3041
4434.0444 2.3141
4435.0645 2.3229
4436.0874 2.3292
4437.1079 2.3318
4438.1309 2.3280
4439.1519 2.3134
4440.1733 2.2863
4441.1968 2.2542
4442.2188 2.2465
4443.2432 2.2766
4444.2651 2.3192
4445.2900 2.3381
4446.3125 2.3378
4447.3354 2.3200
4448.3613 2.2994
4449.3843 2.2961
4450.4106 2.3160
4451.4341 2.3298
4452.4609 2.3305
4453.4849 2.3291
4454.5098 2.3338
4455.5366 2.3416
4456.5615 2.3433
4457.5894 2.3401
4458.6147 2.3329
4459.6431 2.3264
4460.6689 2.3225
4461.6953 2.3186
4462.7241 2.3142
4463.7505 2.3182
4464.7798 2.3111
4465.8071 2.2842
4466.8369 2.2637
4467.8643 2.2685
4468.8921 2.2842
4469.9229 2.2903
4470.9512 2.3017
4471.9819 2.3201
4473.0107 2.3359
4474.0425 2.3435
4475.0718 2.3454
4476.1011 2.3391
4477.1333 2.3044
4478.1631 2.2295
4479.1958 2.1716
4480.2266 2.1909
4481.2593 2.2752
4482.2905 2.3245
4483.3213 2.3396
4484.3555 2.3335
4485.3872 2.3077
4486.4214 2.2739
4487.4536 2.2583
4488.4883 2.2640
4489.5210 2.2751
4490.5537 2.2932
4491.5889 2.3113
4492.6226 2.3232
4493.6582 2.3314
4494.6919 2.3367
4495.7285 2.3358
4496.7627 2.3257
4497.7998 2.2974
4498.8345 2.2626
4499.8696 2.2567
4500.9072 2.2874
4501.9424 2.3172
4502.9805 2.3306
4504.0166 2.3237
4505.0552 2.2980
4506.0913 2.2697
4507.1279 2.2770
4508.1675 2.3051
4509.2046 2.3248
4510.2446 2.3303
4511.2822 2.3205
4512.3223 2.2924
4513.3604 2.2689
4514.3984 2.2775
4515.4395 2.2956
4516.4785 2.2928
4517.5200 2.2679
4518.5591 2.2477
4519.6011 2.2376
4520.6406 2.2358
4521.6807 2.2567
4522.7236 2.2877
4523.7642 2.3071
4524.8071 2.3066
4525.8481 2.2935
4526.8916 2.2802
4527.9331 2.2812
4528.9746 2.2901
4530.0190 2.2811
4531.0610 2.2386
4532.1060 2.2112
4533.1489 2.2367
4534.1938 2.2803
4535.2373 2.3056
4536.2803 2.3051
4537.3267 2.2941
4538.3701 2.2753
4539.4170 2.2635
4540.4609 2.2710
4541.5083 2.2846
4542.5527 2.2907
4543.5981 2.2915
4544.6455 2.2863
4545.6909 2.2460
4546.7393 2.1740
4547.7852 2.1399
4548.8340 2.1828
4549.8804 2.2510
4550.9272 2.2665
4551.9766 2.2408
4553.0239 2.2039
4554.0737 2.1933
4555.1216 2.2092
4556.1719 2.2166
4557.2197 2.2292
4558.2686 2.2582
4559.3193 2.2746
4560.3682 2.2584
4561.4199 2.2254
4562.4692 2.2158
4563.5215 2.2369
4564.5713 2.2623
4565.6211 2.2767
4566.6743 2.2793
4567.7246 2.2685
4568.7778 2.2407
4569.8291 2.2148
4570.8828 2.2241
4571.9341 2.2467
4572.9888 2.2479
4574.0405 2.2296
4575.0928 2.2281
4576.1479 2.2384
4577.2007 2.2370
4578.2559 2.2289
4579.3091 2.2108
4580.3652 2.1735
4581.4189 2.1318
4582.4731 2.1508
4583.5298 2.2003
4584.5840 2.2210
4585.6411 2.2039
4586.6963 2.1807
4587.7539 2.1835
4588.8091 2.1952
4589.8647 2.2063
4590.9233 2.2196
4591.9795 2.2306
4593.0386 2.2333
4594.0952 2.2305
4595.1543 2.2362
4596.2114 2.2415
4597.2690 2.2417
4598.3291 2.2407
4599.3867 2.2421
4600.4473 2.2443
4601.5059 2.2446
4602.5669 2.2456
4603.6255 2.2479
4604.6846 2.2501
4605.7466 2.2503
4606.8062 2.2477
4607.8687 2.2443
4608.9287 2.2439
4609.9912 2.2455
4611.0518 2.2461
4612.1128 2.2416
4613.1763 2.2284
4614.2373 2.2087
4615.3013 2.1899
4616.3633 2.1723
4617.4277 2.1649
4618.4897 2.1759
4619.5522 2.2008
4620.6177 2.2212
4621.6807 2.2301
4622.7466 2.2290
4623.8096 2.2234
4624.8760 2.2120
4625.9399 2.1875
4627.0044 2.1614
4628.0713 2.1655
4629.1357 2.1890
4630.2031 2.2000
4631.2686 2.1868
4632.3364 2.1721
4633.4023 2.1794
4634.4678 2.1979
4635.5366 2.2118
4636.6030 2.2181
4637.6724 2.2205
4638.7393 2.2220
4639.8091 2.2220
4640.8765 2.2217
4641.9438 2.2209
4643.0142 2.2200
4644.0825 2.2191
4645.1533 2.2177
4646.2222 2.2161
4647.2935 2.2166
4648.3623 2.2174
4649.4316 2.2167
4650.5039 2.2146
4651.5737 2.2122
4652.6465 2.2054
4653.7168 2.1903
4654.7900 2.1776
4655.8608 2.1818
4656.9346 2.1997
4658.0059 2.2092
4659.0771 2.2060
4660.1519 2.1953
4661.2236 2.1857
4662.2983 2.1802
4663.3711 2.1732
4664.4463 2.1601
4665.5195 2.1585
4666.5928 2.1648
4667.6689 2.1701
4668.7427 2.1767
4669.8193 2.1867
4670.8936 2.1945
4671.9707 2.1997
4673.0454 2.2036
4674.1206 2.2063
4675.1982 2.2077
4676.2739 2.2070
4677.3521 2.2044
4678.4282 2.2045
4679.5073 2.2063
4680.5835 2.2075
4681.6602 2.2057
4682.7397 2.2010
4683.8174 2.1968
4684.8975 2.1953
4685.9751 2.1939
4687.0557 2.1933
4688.1338 2.1951
4689.2124 2.1974
4690.2935 2.1966
4691.3726 2.1958
4692.4546 2.1952
4693.5342 2.1941
4694.6162 2.1924
4695.6963 2.1901
4696.7764 2.1889
4697.8594 2.1895
4698.9404 2.1878
4700.0239 2.1811
4701.1050 2.1767
4702.1890 2.1808
4703.2710 2.1881
4704.3530 2.1877
4705.4375 2.1783
4706.5200 2.1657
4707.6055 2.1637
4708.6885 2.1747
4709.7744 2.1825
4710.8579 2.1812
4711.9414 2.1776
4713.0283 2.1750
4714.1123 2.1743
4715.1992 2.1748
4716.2842 2.1755
4717.3716 2.1744
4718.4570 2.1721
4719.5425 2.1707
4720.6309 2.1703
4721.7168 2.1689
4722.8057 2.1646
4723.8921 2.1582
4724.9814 2.1535
4726.0684 2.1536
4727.1553 2.1505
4728.2456 2.1381
4729.3335 2.1256
4730.4238 2.1350
4731.5122 2.1516
4732.6030 2.1599
4733.6919 2.1582
4734.7808 2.1531
4735.8726 2.1506
4736.9624 2.1486
4738.0547 2.1485
4739.1445 2.1505
4740.2373 2.1523
4741.3276 2.1524
4742.4214 2.1519
4743.5122 2.1516
4744.6035 2.1508
4745.6973 2.1492
4746.7891 2.1470
4747.8838 2.1441
4748.9761 2.1405
4750.0713 2.1369
4751.1641 2.1314
4752.2568 2.1244
4753.3525 2.1185
4754.4463 2.1169
4755.5425 2.1198
4756.6367 2.1214
4757.7334 2.1180
4758.8281 2.1079
4759.9229 2.0927
4761.0205 2.0792
4762.1157 2.0771
4763.2139 2.0876
4764.3096 2.1007
4765.4082 2.1086
4766.5044 2.1104
4767.6011 2.1083
4768.7002 2.1041
4769.7974 2.0990
4770.8975 2.0964
4771.9951 2.0968
4773.0952 2.0999
4774.1934 2.1051
4775.2915 2.1082
4776.3926 2.1005
4777.4917 2.0877
4778.5933 2.0850
4779.6924 2.0936
4780.7949 2.1035
4781.8945 2.1062
4782.9946 2.1068
4784.0977 2.1072
4785.1982 2.1090
4786.3018 2.1107
4787.4028 2.1093
4788.5068 2.1042
4789.6084 2.1007
4790.7100 2.1001
4791.8149 2.1008
4792.9170 2.1021
4794.0225 2.1026
4795.1255 2.0993
4796.2310 2.0920
4797.3345 2.0908
4798.4380 2.0953
4799.5444 2.0980
4800.6489 2.0922
4801.7559 2.0784
4802.8604 2.0652
4803.9678 2.0678
4805.0732 2.0816
4806.1782 2.0925
4807.2866 2.0932
4808.3926 2.0883
4809.5015 2.0804
4810.6079 2.0771
4811.7173 2.0814
4812.8242 2.0883
4813.9312 2.0921
4815.0415 2.0929
4816.1489 2.0937
4817.2598 2.0926
4818.3677 2.0880
4819.4790 2.0785
4820.5879 2.0600
4821.6968 2.0348
4822.8086 2.0332
4823.9180 2.0527
4825.0303 2.0682
4826.1401 2.0728
4827.2534 2.0731
4828.3638 2.0740
4829.4771 2.0718
4830.5884 2.0692
4831.6992 2.0673
4832.8135 2.0628
4833.9253 2.0569
4835.0400 2.0578
4836.1523 2.0636
4837.2676 2.0635
4838.3804 2.0609
4839.4937 2.0589
4840.6094 2.0559
4841.7231 2.0497
4842.8394 2.0445
4843.9536 2.0343
4845.0708 2.0093
4846.1851 1.9810
4847.3003 1.9685
4848.4180 1.9739
4849.5332 1.9669
4850.6514 1.9439
4851.7676 1.9042
4852.8862 1.8495
4854.0024 1.7852
4855.1191 1.7158
4856.2388 1.6282
4857.3560 1.5144
4858.4761 1.3970
4859.5938 1.3451
4860.7144 1.3988
4861.8325 1.5152
4862.9512 1.6234
4864.0723 1.7178
4865.1914 1.7953
4866.3135 1.8533
4867.4326 1.8915
4868.5552 1.9133
4869.6753 1.9280
4870.7954 1.9418
4871.9189 1.9521
4873.0396 1.9536
4874.1631 1.9497
4875.2847 1.9555
4876.4087 1.9752
4877.5308 1.9924
4878.6528 2.0007
4879.7778 2.0004
4880.9004 1.9940
4882.0259 1.9871
4883.1489 1.9889
4884.2749 1.9985
4885.3984 2.0076
4886.5225 2.0103
4887.6494 2.0047
4888.7734 1.9950
4889.9009 1.9963
4891.0259 2.0052
4892.1538 2.0127
4893.2793 2.0181
4894.4048 2.0226
4895.5337 2.0240
4896.6597 2.0234
4897.7891 2.0212
4898.9155 2.0192
4900.0454 2.0199
4901.1724 2.0229
4902.2998 2.0246
4903.4307 2.0263
4904.5586 2.0268
4905.6895 2.0259
4906.8179 2.0227
4907.9497 2.0157
4909.0786 2.0069
4910.2080 2.0086
4911.3403 2.0179
4912.4702 2.0254
4913.6030 2.0292
4914.7334 2.0291
4915.8667 2.0222
4916.9976 2.0115
4918.1313 2.0032
4919.2627 1.9978
4920.3945 1.9729
4921.5288 1.9340
4922.6611 1.9338
4923.7964 1.9816
4924.9292 2.0161
4926.0649 2.0291
4927.1978 2.0324
4928.3315 2.0334
4929.4678 2.0309
4930.6021 2.0245
4931.7388 2.0187
4932.8735 2.0186
4934.0107 2.0223
4935.1460 2.0238
4936.2812 2.0208
4937.4194 2.0215
4938.5557 2.0231
4939.6943 2.0221
4940.8306 2.0206
4941.9702 2.0209
4943.1069 2.0204
4944.2441 2.0172
4945.3843 2.0135
4946.5220 2.0108
4947.6626 2.0099
4948.8008 2.0095
4949.9419 2.0065
4951.0806 2.0031
4952.2197 2.0020
4953.3618 1.9987
4954.5010 1.9864
4955.6436 1.9742
4956.7837 1.9836
4957.9268 1.9992
4959.0674 2.0077
4960.2080 2.0080
4961.3521 2.0046
4962.4932 2.0016
4963.6377 1.9996
4964.7793 1.9943
4965.9243 1.9892
4967.0669 1.9888
4968.2095 1.9921
4969.3550 1.9958
4970.4980 1.9978
4971.6445 1.9979
4972.7881 1.9960
4973.9351 1.9938
4975.0791 1.9927
4976.2236 1.9931
4977.3711 1.9937
4978.5161 1.9906
4979.6641 1.9828
4980.8096 1.9751
4981.9585 1.9717
4983.1045 1.9740
4984.2510 1.9796
4985.4004 1.9831
4986.5469 1.9813
4987.6968 1.9760
4988.8442 1.9713
4989.9946 1.9673
4991.1426 1.9621
4992.2910 1.9642
4993.4419 1.9721
4994.5908 1.9779
4995.7427 1.9806
4996.8921 1.9786
4998.0439 1.9660
4999.1938 1.9512
5000.3438 1.9488
5001.4971 1.9532
5002.6475 1.9549
5003.8013 1.9536
5004.9521 1.9571
5006.1064 1.9621
5007.2583 1.9634
5008.4126 1.9638
5009.5649 1.9639
5010.7173 1.9609
5011.8730 1.9539
5013.0259 1.9500
5014.1816 1.9345
5015.3354 1.8881
5016.4917 1.8486
5017.6460 1.8616
5018.8003 1.9146
5019.9575 1.9391
5021.1123 1.9480
5022.2700 1.9518
5023.4258 1.9525
5024.5840 1.9502
5025.7397 1.9465
5026.8960 1.9436
5028.0552 1.9355
5029.2119 1.9287
5030.3716 1.9305
5031.5288 1.9376
5032.6890 1.9379
5033.8472 1.9345
5035.0049 1.9343
5036.1660 1.9343
5037.3247 1.9253
5038.4863 1.9097
5039.6455 1.9076
5040.8076 1.9239
5041.9668 1.9360
5043.1270 1.9384
5044.2900 1.9358
5045.4502 1.9334
5046.6138 1.9332
5047.7749 1.9338
5048.9390 1.9334
5050.1001 1.9330
5051.2622 1.9320
5052.4268 1.9216
5053.5894 1.8978
5054.7544 1.8984
5055.9175 1.9179
5057.0830 1.9304
5058.2466 1.9318
5059.4102 1.9303
5060.5771 1.9298
5061.7412 1.9295
5062.9082 1.9273
5064.0732 1.9247
5065.2407 1.9221
5066.4062 1.9197
5067.5718 1.9183
5068.7402 1.9151
5069.9062 1.9100
5071.0752 1.9091
5072.2417 1.9118
5073.4116 1.9144
5074.5786 1.9168
5075.7461 1.9197
5076.9165 1.9196
5078.0845 1.9178
5079.2554 1.9160
5080.4238 1.9145
5081.5957 1.9135
5082.7646 1.9145
5083.9336 1.9144
5085.1060 1.9147
5086.2759 1.9155
5087.4487 1.9143
5088.6191 1.9099
5089.7925 1.9090
5090.9634 1.9084
5092.1348 1.9082
5093.3091 1.9071
5094.4805 1.9032
5095.6553 1.8976
5096.8276 1.8933
5098.0029 1.8846
5099.1758 1.8824
5100.3516 1.8907
5101.5249 1.9007
5102.6987 1.9004
5103.8750 1.8981
5105.0493 1.8967
5106.2266 1.8967
5107.4014 1.8959
5108.5791 1.8942
5109.7544 1.8950
5110.9297 1.8965
5112.1084 1.8964
5113.2842 1.8950
5114.4634 1.8933
5115.6401 1.8922
5116.8198 1.8908
5117.9966 1.8867
5119.1743 1.8839
5120.3545 1.8842
5121.5327 1.8856
5122.7134 1.8861
5123.8921 1.8851
5125.0737 1.8760
5126.2524 1.8630
5127.4321 1.8609
5128.6143 1.8692
5129.7939 1.8757
5130.9771 1.8734
5132.1572 1.8746
5133.3408 1.8769
5134.5220 1.8765
5135.7031 1.8749
5136.8872 1.8747
5138.0688 1.8755
5139.2539 1.8740
5140.4360 1.8712
5141.6216 1.8689
5142.8042 1.8658
5143.9873 1.8630
5145.1738 1.8641
5146.3574 1.8629
5147.5439 1.8598
5148.7280 1.8597
5149.9155 1.8563
5151.1001 1.8450
5152.2852 1.8379
5153.4731 1.8490
5154.6587 1.8592
5155.8477 1.8635
5157.0337 1.8630
5158.2227 1.8598
5159.4097 1.8572
5160.5962 1.8597
5161.7861 1.8624
5162.9736 1.8548
5164.1646 1.8258
5165.3525 1.7760
5166.5435 1.7348
5167.7319 1.7549
5168.9209 1.7961
5170.1128 1.8103
5171.3022 1.8185
5172.4946 1.8439
5173.6846 1.8584
5174.8779 1.8603
5176.0684 1.8616
5177.2588 1.8610
5178.4526 1.8565
5179.6440 1.8423
5180.8384 1.8137
5182.0303 1.8001
5183.2251 1.8086
5184.4175 1.8210
5185.6104 1.8218
5186.8062 1.8166
5187.9995 1.8252
5189.1958 1.8331
5190.3896 1.8364
5191.5864 1.8394
5192.7808 1.8365
5193.9780 1.8196
5195.1729 1.7969
5196.3682 1.8038
5197.5664 1.8265
5198.7622 1.8386
5199.9609 1.8364
5201.1572 1.8302
5202.3564 1.8276
5203.5532 1.8288
5204.7505 1.8326
5205.9507 1.8351
5207.1484 1.8337
5208.3491 1.8294
5209.5474 1.8273
5210.7485 1.8306
5211.9473 1.8298
5213.1460 1.8230
5214.3481 1.8171
5215.5479 1.8189
5216.7505 1.8269
5217.9507 1.8311
5219.1538 1.8325
5220.3545 1.8313
5221.5557 1.8272
5222.7598 1.8123
5223.9609 1.7805
5225.1655 1.7689
5226.3677 1.7914
5227.5728 1.8160
5228.7754 1.8199
5229.9785 1.8018
5231.1846 1.7755
5232.3877 1.7600
5233.5942 1.7658
5234.7983 1.7755
5236.0054 1.7849
5237.2100 1.7969
5238.4150 1.8058
5239.6230 1.8055
5240.8281 1.8050
5242.0366 1.8079
5243.2427 1.8081
5244.4517 1.8033
5245.6582 1.8018
5246.8652 1.8038
5248.0747 1.8043
5249.2822 1.8046
5250.4927 1.8021
5251.7007 1.7944
5252.9116 1.7863
5254.1201 1.7899
5255.3286 1.7960
5256.5405 1.7965
5257.7500 1.7916
5258.9624 1.7871
5260.1724 1.7851
5261.3853 1.7725
5262.5957 1.7614
5263.8062 1.7667
5265.0200 1.7791
5266.2310 1.7818
5267.4458 1.7752
5268.6572 1.7783
5269.8721 1.7832
5271.0845 1.7795
5272.2974 1.7559
5273.5132 1.7284
5274.7261 1.7393
5275.9424 1.7659
5277.1562 1.7739
5278.3730 1.7767
5279.5874 1.7782
5280.8047 1.7711
5282.0195 1.7600
5283.2349 1.7713
5284.4531 1.7864
5285.6689 1.7944
5286.8877 1.7952
5288.1040 1.7917
5289.3232 1.7869
5290.5400 1.7888
5291.7573 1.7901
5292.9775 1.7884
5294.1953 1.7859
5295.4160 1.7842
5296.6343 1.7825
5297.8555 1.7825
5299.0742 1.7824
5300.2935 1.7818
5301.5156 1.7798
5302.7354 1.7741
5303.9580 1.7632
5305.1782 1.7599
5306.4014 1.7599
5307.6221 1.7628
5308.8433 1.7660
5310.0674 1.7648
5311.2891 1.7560
5312.5137 1.7392
5313.7358 1.7028
5314.9614 1.6936
5316.1841 1.7256
5317.4072 1.7663
5318.6333 1.7759
5319.8569 1.7760
5321.0835 1.7662
5322.3076 1.7503
5323.5347 1.7428
5324.7598 1.7463
5325.9844 1.7427
5327.2129 1.7408
5328.4380 1.7479
5329.6670 1.7584
5330.8931 1.7616
5332.1221 1.7528
5333.3491 1.7393
5334.5757 1.7286
5335.8062 1.7273
5337.0337 1.7355
5338.2642 1.7477
5339.4922 1.7582
5340.7236 1.7647
5341.9521 1.7640
5343.1812 1.7582
5344.4131 1.7538
5345.6426 1.7535
5346.8755 1.7558
5348.1055 1.7573
5349.3389 1.7574
5350.5693 1.7568
5351.8003 1.7567
5353.0342 1.7561
5354.2656 1.7543
5355.5005 1.7519
5356.7324 1.7493
5357.9678 1.7467
5359.2002 1.7307
5360.4331 1.7107
5361.6694 1.7095
5362.9028 1.7313
5364.1392 1.7391
5365.3735 1.7380
5366.6108 1.7330
5367.8452 1.7277
5369.0801 1.7266
5370.3184 1.7334
5371.5537 1.7411
5372.7925 1.7435
5374.0283 1.7422
5375.2676 1.7416
5376.5039 1.7412
5377.7441 1.7355
5378.9810 1.7309
5380.2183 1.7305
5381.4590 1.7325
5382.6973 1.7349
5383.9385 1.7352
5385.1768 1.7323
5386.4189 1.7349
5387.6577 1.7378
5388.8975 1.7381
5390.1401 1.7356
5391.3799 1.7314
5392.6230 1.7268
5393.8638 1.7203
5395.1074 1.7187
5396.3486 1.7233
5397.5903 1.7248
5398.8350 1.7185
5400.0767 1.7141
5401.3223 1.7136
5402.5645 1.7120
5403.8105 1.7126
5405.0537 1.7138
5406.2969 1.7134
5407.5439 1.7147
5408.7876 1.7170
5410.0352 1.7159
5411.2798 1.7078
5412.5273 1.7022
5413.7725 1.7065
5415.0181 1.7109
5416.2666 1.7059
5417.5127 1.7038
5418.7617 1.7062
5420.0083 1.7073
5421.2583 1.7000
5422.5054 1.6859
5423.7529 1.6859
5425.0034 1.6947
5426.2515 1.6978
5427.5029 1.6974
5428.7515 1.7003
5430.0034 1.7014
5431.2524 1.6974
5432.5020 1.6977
5433.7549 1.7011
5435.0049 1.7044
5436.2578 1.7055
5437.5088 1.7040
5438.7627 1.7035
5440.0137 1.7037
5441.2651 1.7035
5442.5200 1.7009
5443.7720 1.6967
5445.0273 1.6966
5446.2798 1.7005
5447.5356 1.7009
5448.7891 1.6992
5450.0425 1.6977
5451.2993 1.6959
5452.5532 1.6923
5453.8105 1.6918
5455.0654 1.6945
5456.3232 1.6960
5457.5786 1.6958
5458.8340 1.6953
5460.0928 1.6934
5461.3486 1.6910
5462.6084 1.6880
5463.8647 1.6844
5465.1250 1.6853
5466.3823 1.6917
5467.6396 1.6948
5468.9004 1.6934
5470.1587 1.6920
5471.4199 1.6910
5472.6787 1.6893
5473.9404 1.6838
5475.1997 1.6717
5476.4624 1.6611
5477.7222 1.6649
5478.9824 1.6753
5480.2461 1.6819
5481.5068 1.6824
5482.7705 1.6816
5484.0322 1.6763
5485.2964 1.6711
5486.5586 1.6710
5487.8208 1.6741
5489.0859 1.6756
5490.3491 1.6752
5491.6147 1.6771
5492.8784 1.6801
5494.1450 1.6809
5495.4087 1.6796
5496.6729 1.6784
5497.9404 1.6766
5499.2056 1.6683
5500.4736 1.6621
5501.7388 1.6638
5503.0073 1.6657
5504.2734 1.6614
5505.5396 1.6586
5506.8096 1.6591
5508.0762 1.6611
5509.3462 1.6655
5510.6138 1.6707
5511.8843 1.6738
5513.1523 1.6748
5514.4209 1.6754
5515.6924 1.6742
5516.9614 1.6717
5518.2334 1.6692
5519.5029 1.6670
5520.7759 1.6640
5522.0459 1.6591
5523.3159 1.6510
5524.5898 1.6413
5525.8608 1.6370
5527.1348 1.6430
5528.4062 1.6526
5529.6812 1.6541
5530.9536 1.6441
5532.2256 1.6299
5533.5015 1.6286
5534.7744 1.6436
5536.0508 1.6522
5537.3242 1.6539
5538.6011 1.6533
5539.8755 1.6524
5541.1499 1.6497
5542.4277 1.6461
5543.7026 1.6470
5544.9810 1.6488
5546.2568 1.6494
5547.5356 1.6495
5548.8115 1.6500
5550.0884 1.6505
5551.3682 1.6497
5552.6450 1.6474
5553.9258 1.6463
5555.2031 1.6458
5556.4844 1.6450
5557.7627 1.6436
5559.0410 1.6425
5560.3232 1.6413
5561.6021 1.6400
5562.8848 1.6394
5564.1646 1.6398
5565.4473 1.6401
5566.7280 1.6390
5568.0083 1.6375
5569.2925 1.6346
5570.5737 1.6326
5571.8579 1.6335
5573.1401 1.6352
5574.4253 1.6330
5575.7075 1.6313
5576.9932 1.6312
5578.2764 1.6322
5579.5596 1.6327
5580.8462 1.6321
5582.1299 1.6314
5583.4170 1.6261
5584.7017 1.6199
5585.9893 1.6193
5587.2744 1.6227
5588.5601 1.6247
5589.8486 1.6237
5591.1348 1.6224
5592.4238 1.6213
5593.7104 1.6219
5595.0005 1.6220
5596.2876 1.6201
5597.5747 1.6191
5598.8657 1.6191
5600.1538 1.6180
5601.4448 1.6169
5602.7334 1.6164
5604.0254 1.6157
5605.3149 1.6145
5606.6045 1.6114
5607.8970 1.6104
5609.1870 1.6125
5610.4805 1.6142
5611.7715 1.6118
5613.0654 1.6068
5614.3569 1.6067
5615.6484 1.6087
5616.9434 1.6093
5618.2354 1.6090
5619.5308 1.6089
5620.8237 1.6067
5622.1201 1.6040
5623.4131 1.6026
5624.7070 1.6021
5626.0039 1.6025
5627.2983 1.6039
5628.5957 1.6042
5629.8906 1.6029
5631.1890 1.6009
5632.4844 1.6003
5633.7803 1.6000
5635.0791 1.5988
5636.3755 1.5976
5637.6753 1.5960
5638.9722 1.5954
5640.2725 1.5943
5641.5703 1.5911
5642.8682 1.5880
5644.1694 1.5898
5645.4678 1.5912
5646.7695 1.5909
5648.0684 1.5904
5649.3711 1.5906
5650.6704 1.5905
5651.9707 1.5885
5653.2739 1.5860
5654.5742 1.5796
5655.8784 1.5749
5657.1797 1.5772
5658.4839 1.5833
5659.7856 1.5826
5661.0879 1.5815
5662.3931 1.5806
5663.6958 1.5801
5665.0020 1.5786
5666.3052 1.5754
5667.6118 1.5739
5668.9155 1.5749
5670.2197 1.5750
5671.5273 1.5740
5672.8320 1.5729
5674.1401 1.5726
5675.4453 1.5735
5676.7539 1.5730
5678.0601 1.5726
5679.3696 1.5716
5680.6758 1.5691
5681.9829 1.5669
5683.2930 1.5674
5684.6006 1.5665
5685.9111 1.5646
5687.2192 1.5645
5688.5308 1.5654
5689.8394 1.5656
5691.1484 1.5663
5692.4609 1.5653
5693.7705 1.5633
5695.0835 1.5632
5696.3936 1.5629
5697.7070 1.5604
5699.0176 1.5585
5700.3286 1.5554
5701.6431 1.5492
5702.9551 1.5444
5704.2700 1.5445
5705.5825 1.5481
5706.8979 1.5505
5708.2109 1.5516
5709.5239 1.5524
5710.8408 1.5530
5712.1543 1.5530
5713.4717 1.5523
5714.7861 1.5515
5716.1040 1.5493
5717.4189 1.5482
5718.7339 1.5490
5720.0527 1.5500
5721.3687 1.5499
5722.6880 1.5491
5724.0044 1.5476
5725.3242 1.5475
5726.6416 1.5472
5727.9590 1.5460
5729.2798 1.5441
5730.5977 1.5420
5731.9194 1.5424
5733.2378 1.5431
5734.5601 1.5422
5735.8794 1.5407
5737.1987 1.5396
5738.5215 1.5376
5739.8418 1.5377
5741.1655 1.5374
5742.4863 1.5344
5743.8105 1.5301
5745.1318 1.5287
5746.4536 1.5328
5747.7783 1.5359
5749.1006 1.5352
5750.4268 1.5344
5751.7495 1.5354
5753.0757 1.5365
5754.3994 1.5354
5755.7231 1.5354
5757.0503 1.5356
5758.3745 1.5351
5759.7026 1.5341
5761.0273 1.5325
5762.3560 1.5304
5763.6816 1.5280
5765.0078 1.5267
5766.3369 1.5265
5767.6636 1.5262
5768.9937 1.5242
5770.3208 1.5200
5771.6514 1.5168
5772.9790 1.5136
5774.3071 1.5104
5775.6387 1.4988
5776.9673 1.4751
5778.2993 1.4586
5779.6289 1.4735
5780.9614 1.4938
5782.2915 1.5063
5783.6250 1.5113
5784.9556 1.5131
5786.2861 1.5127
5787.6206 1.5123
5788.9521 1.5115
5790.2871 1.5098
5791.6191 1.5069
5792.9546 1.5013
5794.2871 1.4938
5795.6201 1.4975
5796.9565 1.5074
5798.2900 1.5137
5799.6274 1.5149
5800.9614 1.5140
5802.2993 1.5122
5803.6338 1.5102
5804.9692 1.5088
5806.3076 1.5074
5807.6436 1.5063
5808.9824 1.5055
5810.3188 1.5042
5811.6587 1.5044
5812.9956 1.5060
5814.3330 1.5071
5815.6738 1.5075
5817.0117 1.5079
5818.3530 1.5079
5819.6914 1.5067
5821.0337 1.5050
5822.3726 1.5046
5823.7119 1.5054
5825.0552 1.5063
5826.3950 1.5064
5827.7388 1.5057
5829.0791 1.5050
5830.4233 1.5044
5831.7646 1.5031
5833.1064 1.5016
5834.4517 1.5017
5835.7935 1.5018
5837.1396 1.5000
5838.4824 1.4963
5839.8286 1.4924
5841.1719 1.4903
5842.5156 1.4902
5843.8633 1.4907
5845.2075 1.4897
5846.5552 1.4864
5847.9004 1.4846
5849.2490 1.4866
5850.5942 1.4879
5851.9404 1.4871
5853.2896 1.4868
5854.6362 1.4870
5855.9863 1.4864
5857.3335 1.4851
5858.6841 1.4849
5860.0322 1.4853
5861.3799 1.4864
5862.7319 1.4869
5864.0806 1.4863
5865.4326 1.4844
5866.7822 1.4819
5868.1348 1.4806
5869.4849 1.4798
5870.8350 1.4791
5872.1890 1.4771
5873.5400 1.4750
5874.8940 1.4785
5876.2456 1.4804
5877.6006 1.4791
5878.9531 1.4768
5880.3052 1.4745
5881.6611 1.4712
5883.0146 1.4666
5884.3711 1.4619
5885.7246 1.4310
5887.0820 1.3788
5888.4365 1.3717
5889.7939 1.4306
5891.1489 1.4452
5892.5044 1.4014
5893.8633 1.3769
5895.2192 1.4085
5896.5786 1.4497
5897.9351 1.4542
5899.2949 1.4568
5900.6523 1.4575
5902.0098 1.4592
5903.3706 1.4597
5904.7285 1.4578
5906.0903 1.4551
5907.4487 1.4541
5908.8110 1.4543
5910.1704 1.4536
5911.5303 1.4523
5912.8931 1.4523
5914.2534 1.4528
5915.6172 1.4490
5916.9780 1.4475
5918.3428 1.4499
5919.7041 1.4477
5921.0659 1.4434
5922.4312 1.4443
5923.7939 1.4482
5925.1597 1.4472
5926.5229 1.4452
5927.8896 1.4449
5929.2534 1.4463
5930.6172 1.4473
5931.9849 1.4462
5933.3496 1.4444
5934.7178 1.4430
5936.0830 1.4414
5937.4517 1.4371
5938.8179 1.4315
5940.1841 1.4323
5941.5537 1.4335
5942.9204 1.4322
5944.2910 1.4314
5945.6587 1.4317
5947.0298 1.4316
5948.3975 1.4307
5949.7661 1.4288
5951.1382 1.4281
5952.5073 1.4268
5953.8799 1.4222
5955.2495 1.4170
5956.6226 1.4200
5957.9932 1.4237
5959.3638 1.4232
5960.7378 1.4231
5962.1094 1.4236
5963.4839 1.4216
5964.8560 1.4194
5966.2314 1.4175
5967.6040 1.4173
5968.9766 1.4191
5970.3530 1.4211
5971.7266 1.4205
5973.1035 1.4171
5974.4780 1.4121
5975.8555 1.4059
5977.2305 1.4054
5978.6055 1.4097
5979.9839 1.4130
5981.3599 1.4131
5982.7388 1.4124
5984.1152 1.4120
5985.4951 1.4116
5986.8721 1.4084
5988.2495 1.4029
5989.6304 1.4015
5991.0083 1.4056
5992.3896 1.4079
5993.7681 1.4079
5995.1504 1.4074
5996.5298 1.4068
5997.9126 1.4062
5999.2920 1.4049
6000.6724 1.4040
6002.0562 1.4031
6003.4370 1.4018
6004.8213 1.3996
6006.2026 1.3960
6007.5874 1.3930
6008.9697 1.3926
6010.3521 1.3952
6011.7378 1.3980
6013.1211 1.3989
6014.5078 1.4003
6015.8911 1.4008
6017.2783 1.4000
6018.6626 1.3997
6020.0474 1.3990
6021.4355 1.3967
6022.8208 1.3952
6024.2095 1.3948
6025.5957 1.3943
6026.9849 1.3941
6028.3716 1.3941
6029.7583 1.3936
6031.1489 1.3927
6032.5361 1.3906
6033.9272 1.3874
6035.3154 1.3861
6036.7070 1.3872
6038.0957 1.3891
6039.4849 1.3904
6040.8774 1.3894
6042.2671 1.3862
6043.6606 1.3831
6045.0508 1.3830
6046.4448 1.3859
6047.8359 1.3880
6049.2271 1.3874
6050.6221 1.3861
6052.0142 1.3868
6053.4097 1.3883
6054.8022 1.3879
6056.1982 1.3862
6057.5918 1.3830
6058.9854 1.3819
6060.3823 1.3828
6061.7764 1.3838
6063.1743 1.3839
6064.5693 1.3840
6065.9678 1.3839
6067.3633 1.3820
6068.7588 1.3812
6070.1582 1.3821
6071.5547 1.3831
6072.9551 1.3824
6074.3521 1.3815
6075.7529 1.3798
6077.1504 1.3799
6078.5483 1.3809
6079.9502 1.3788
6081.3491 1.3729
6082.7515 1.3735
6084.1504 1.3764
6085.5537 1.3773
6086.9536 1.3765
6088.3540 1.3769
6089.7578 1.3781
6091.1587 1.3779
6092.5635 1.3775
6093.9648 1.3779
6095.3701 1.3784
6096.7725 1.3773
6098.1782 1.3743
6099.5811 1.3722
6100.9844 1.3716
6102.3911 1.3736
6103.7949 1.3759
6105.2026 1.3755
6106.6069 1.3733
6108.0151 1.3724
6109.4204 1.3698
6110.8257 1.3669
6112.2349 1.3662
6113.6411 1.3672
6115.0508 1.3665
6116.4575 1.3687
6117.8682 1.3700
6119.2754 1.3693
6120.6831 1.3679
6122.0947 1.3670
6123.5029 1.3660
6124.9150 1.3658
6126.3242 1.3655
6127.7368 1.3644
6129.1465 1.3636
6130.5566 1.3639
6131.9702 1.3644
6133.3809 1.3639
6134.7954 1.3636
6136.2065 1.3635
6137.6216 1.3620
6139.0337 1.3597
6140.4458 1.3612
6141.8618 1.3634
6143.2749 1.3591
6144.6914 1.3451
6146.1050 1.3333
6147.5220 1.3372
6148.9365 1.3500
6150.3511 1.3548
6151.7690 1.3509
6153.1846 1.3368
6154.6035 1.3246
6156.0190 1.3284
6157.4390 1.3417
6158.8555 1.3462
6160.2720 1.3460
6161.6929 1.3448
6163.1104 1.3434
6164.5312 1.3417
6165.9497 1.3399
6167.3711 1.3377
6168.7900 1.3363
6170.2095 1.3355
6171.6323 1.3339
6173.0518 1.3321
6174.4756 1.3340
6175.8960 1.3338
6177.3198 1.3327
6178.7412 1.3340
6180.1626 1.3359
6181.5874 1.3353
6183.0098 1.3339
6184.4355 1.3331
6185.8579 1.3344
6187.2847 1.3364
6188.7080 1.3374
6190.1318 1.3371
6191.5591 1.3360
6192.9834 1.3334
6194.4116 1.3328
6195.8364 1.3330
6197.2651 1.3319
6198.6909 1.3275
6200.1172 1.3194
6201.5469 1.3172
6202.9731 1.3212
6204.4038 1.3266
6205.8311 1.3301
6207.2622 1.3309
6208.6899 1.3297
6210.1216 1.3295
6211.5503 1.3301
6212.9795 1.3310
6214.4121 1.3316
6215.8418 1.3314
6217.2749 1.3304
6218.7056 1.3295
6220.1392 1.3304
6221.5703 1.3308
6223.0015 1.3294
6224.4365 1.3272
6225.8687 1.3267
6227.3042 1.3262
6228.7368 1.3256
6230.1729 1.3233
6231.6064 1.3219
6233.0400 1.3219
6234.4771 1.3154
6235.9116 1.3036
6237.3496 1.3065
6238.7842 1.3162
6240.2231 1.3207
6241.6587 1.3170
6243.0942 1.3094
6244.5342 1.2945
6245.9707 1.2964
6247.4111 1.3091
6248.8481 1.3180
6250.2891 1.3179
6251.7271 1.3175
6253.1650 1.3171
6254.6069 1.3165
6256.0459 1.3164
6257.4888 1.3169
6258.9282 1.3168
6260.3716 1.3152
6261.8115 1.3142
6263.2520 1.3130
6264.6963 1.3093
6266.1377 1.3026
6267.5825 1.2971
6269.0244 1.2996
6270.4702 1.3025
6271.9126 1.3001
6273.3555 1.2830
6274.8022 1.2618
6276.2456 1.2530
6277.6929 1.2507
6279.1372 1.2383
6280.5850 1.2186
6282.0298 1.2158
6283.4751 1.2368
6284.9238 1.2641
6286.3696 1.2755
6287.8193 1.2808
6289.2661 1.2839
6290.7163 1.2867
6292.1636 1.2891
6293.6108 1.2902
6295.0620 1.2905
6296.5103 1.2896
6297.9624 1.2889
6299.4111 1.2876
6300.8638 1.2860
6302.3135 1.2844
6303.7632 1.2813
6305.2168 1.2833
6306.6675 1.2824
6308.1216 1.2836
6309.5728 1.2864
6311.0278 1.2858
6312.4795 1.2833
6313.9316 1.2777
6315.3877 1.2718
6316.8403 1.2742
6318.2974 1.2814
6319.7510 1.2840
6321.2080 1.2839
6322.6621 1.2853
6324.1201 1.2873
6325.5752 1.2868
6327.0303 1.2843
6328.4893 1.2822
6329.9453 1.2812
6331.4048 1.2833
6332.8613 1.2846
6334.3218 1.2836
6335.7788 1.2819
6337.2363 1.2811
6338.6978 1.2800
6340.1558 1.2790
6341.6182 1.2771
6343.0767 1.2531
6344.5396 1.2296
6345.9990 1.2434
6347.4590 1.2719
6348.9229 1.2761
6350.3833 1.2731
6351.8477 1.2720
6353.3091 1.2722
6354.7739 1.2719
6356.2358 1.2726
6357.6982 1.2725
6359.1641 1.2697
6360.6270 1.2680
6362.0938 1.2687
6363.5576 1.2691
6365.0249 1.2663
6366.4893 1.2575
6367.9536 1.2372
6369.4224 1.2353
6370.8877 1.2533
6372.3564 1.2659
6373.8228 1.2648
6375.2925 1.2644
6376.7588 1.2628
6378.2261 1.2634
6379.6968 1.2638
6381.1646 1.2605
6382.6357 1.2603
6384.1040 1.2628
6385.5762 1.2648
6387.0454 1.2657
6388.5146 1.2658
6389.9878 1.2653
6391.4580 1.2654
6392.9316 1.2649
6394.4023 1.2638
6395.8770 1.2628
6397.3481 1.2623
6398.8198 1.2620
6400.2954 1.2617
6401.7681 1.2617
6403.2441 1.2605
6404.7173 1.2583
6406.1943 1.2570
6407.6680 1.2568
6409.1421 1.2555
6410.6196 1.2547
6412.0947 1.2513
6413.5732 1.2450
6415.0488 1.2438
6416.5278 1.2508
6418.0039 1.2530
6419.4805 1.2535
6420.9609 1.2532
6422.4380 1.2530
6423.9189 1.2528
6425.3970 1.2525
6426.8784 1.2516
6428.3569 1.2467
6429.8359 1.2401
6431.3184 1.2408
6432.7979 1.2458
6434.2812 1.2459
6435.7617 1.2424
6437.2456 1.2410
6438.7266 1.2405
6440.2114 1.2400
6441.6929 1.2386
6443.1748 1.2365
6444.6606 1.2359
6446.1431 1.2374
6447.6294 1.2378
6449.1128 1.2359
6450.6001 1.2292
6452.0840 1.2139
6453.5684 1.1954
6455.0566 1.2076
6456.5415 1.2251
6458.0303 1.2324
6459.5161 1.2319
6461.0054 1.2320
6462.4917 1.2329
6463.9785 1.2320
6465.4692 1.2301
6466.9565 1.2301
6468.4478 1.2308
6469.9360 1.2288
6471.4277 1.2262
6472.9165 1.2261
6474.4058 1.2277
6475.8984 1.2273
6477.3882 1.2240
6478.8818 1.2189
6480.3726 1.2134
6481.8667 1.2169
6483.3579 1.2215
6484.8496 1.2232
6486.3447 1.2204
6487.8369 1.2142
6489.3330 1.2103
6490.8262 1.2119
6492.3228 1.2131
6493.8164 1.2140
6495.3101 1.2166
6496.8081 1.2204
6498.3027 1.2214
6499.8013 1.2212
6501.2964 1.2199
6502.7954 1.2184
6504.2915 1.2179
6505.7876 1.2186
6507.2881 1.2186
6508.7852 1.2157
6510.2861 1.2131
6511.7837 1.2045
6513.2852 1.1948
6514.7837 1.1957
6516.2822 1.2054
6517.7852 1.2091
6519.2842 1.2082
6520.7876 1.2061
6522.2876 1.2059
6523.7920 1.2072
6525.2925 1.2046
6526.7939 1.2015
6528.2988 1.1990
6529.8008 1.1970
6531.3062 1.1959
6532.8091 1.1957
6534.3154 1.1948
6535.8184 1.1947
6537.3223 1.1937
6538.8296 1.1901
6540.3340 1.1855
6541.8423 1.1826
6543.3472 1.1798
6544.8560 1.1769
6546.3613 1.1738
6547.8677 1.1680
6549.3774 1.1580
6550.8843 1.1447
6552.3945 1.1299
6553.9019 1.1090
6555.4136 1.0794
6556.9214 1.0410
6558.4336 0.9804
6559.9424 0.9196
6561.4512 0.9483
6562.9644 1.0160
6564.4741 1.0634
6565.9878 1.0934
6567.4985 1.1171
6569.0127 1.1346
6570.5239 1.1471
6572.0356 1.1566
6573.5513 1.1654
6575.0635 1.1711
6576.5796 1.1741
6578.0923 1.1769
6579.6094 1.1793
6581.1230 1.1820
6582.6372 1.1815
6584.1548 1.1796
6585.6694 1.1801
6587.1885 1.1829
6588.7036 1.1827
6590.2231 1.1828
6591.7393 1.1843
6593.2554 1.1849
6594.7759 1.1845
6596.2930 1.1851
6597.8140 1.1868
6599.3320 1.1864
6600.8535 1.1852
6602.3721 1.1833
6603.8911 1.1822
6605.4141 1.1831
6606.9336 1.1835
6608.4570 1.1801
6609.9771 1.1720
6611.5015 1.1696
6613.0225 1.1746
6614.5439 1.1793
6616.0693 1.1791
6617.5913 1.1792
6619.1172 1.1785
6620.6396 1.1786
6622.1665 1.1790
6623.6899 1.1780
6625.2139 1.1767
6626.7417 1.1774
6628.2661 1.1772
6629.7944 1.1762
6631.3198 1.1754
6632.8486 1.1752
6634.3745 1.1753
6635.9009 1.1753
6637.4312 1.1749
6638.9580 1.1735
6640.4888 1.1708
6642.0166 1.1679
6643.5483 1.1674
6645.0767 1.1681
6646.6055 1.1684
6648.1382 1.1687
6649.6675 1.1683
6651.2007 1.1669
6652.7310 1.1662
6654.2651 1.1651
6655.7959 1.1636
6657.3271 1.1629
6658.8623 1.1634
6660.3940 1.1640
6661.9297 1.1642
6663.4624 1.1658
6664.9990 1.1662
6666.5322 1.1647
6668.0659 1.1628
6669.6035 1.1624
6671.1377 1.1634
6672.6763 1.1637
6674.2114 1.1612
6675.7505 1.1581
6677.2861 1.1574
6678.8257 1.1590
6680.3623 1.1601
6681.8989 1.1600
6683.4399 1.1618
6684.9775 1.1628
6686.5190 1.1617
6688.0571 1.1601
6689.5996 1.1586
6691.1382 1.1573
6692.6777 1.1573
6694.2212 1.1555
6695.7607 1.1524
6697.3052 1.1518
6698.8457 1.1536
6700.3906 1.1543
6701.9316 1.1540
6703.4736 1.1534
6705.0195 1.1530
6706.5620 1.1529
6708.1084 1.1519
6709.6519 1.1503
6711.1987 1.1485
6712.7427 1.1478
6714.2871 1.1478
6715.8354 1.1477
6717.3804 1.1474
6718.9292 1.1428
6720.4751 1.1371
6722.0249 1.1398
6723.5713 1.1464
6725.1177 1.1464
6726.6685 1.1457
6728.2163 1.1445
6729.7676 1.1431
6731.3159 1.1419
6732.8682 1.1408
6734.4170 1.1398
6735.9663 1.1402
6737.5195 1.1407
6739.0693 1.1392
6740.6235 1.1371
6742.1743 1.1368
6743.7290 1.1382
6745.2803 1.1383
6746.8320 1.1381
6748.3877 1.1385
6749.9404 1.1392
6751.4966 1.1393
6753.0498 1.1378
6754.6069 1.1352
6756.1611 1.1353
6757.7153 1.1358
6759.2734 1.1363
6760.8286 1.1369
6762.3877 1.1368
6763.9434 1.1354
6765.5029 1.1338
6767.0596 1.1336
6768.6162 1.1336
6770.1772 1.1329
6771.7344 1.1318
6773.2959 1.1317
6774.8540 1.1317
6776.4165 1.1321
6777.9756 1.1322
6779.5347 1.1315
6781.0981 1.1304
6782.6582 1.1309
6784.2222 1.1292
6785.7827 1.1268
6787.3477 1.1251
6788.9092 1.1248
6790.4707 1.1252
6792.0366 1.1247
6793.5991 1.1234
6795.1655 1.1221
6796.7290 1.1206
6798.2964 1.1199
6799.8604 1.1207
6801.4282 1.1205
6802.9927 1.1203
6804.5581 1.1198
6806.1270 1.1194
6807.6929 1.1192
6809.2627 1.1187
6810.8291 1.1180
6812.3994 1.1177
6813.9668 1.1168
6815.5342 1.1157
6817.1060 1.1150
6818.6743 1.1148
6820.2466 1.1143
6821.8154 1.1137
6823.3887 1.1130
6824.9585 1.1122
6826.5283 1.1116
6828.1025 1.1114
6829.6733 1.1112
6831.2485 1.1101
6832.8198 1.1088
6834.3955 1.1085
6835.9678 1.1087
6837.5405 1.1081
6839.1172 1.1075
6840.6904 1.1072
6842.2681 1.1069
6843.8418 1.1064
6845.4199 1.1059
6846.9946 1.1057
6848.5698 1.1051
6850.1494 1.1045
6851.7251 1.1040
6853.3052 1.1037
6854.8818 1.1032
6856.4624 1.1026
6858.0396 1.1021
6859.6177 1.1013
6861.1992 1.1009
6862.7778 1.1007
6864.3604 1.1006
6865.9395 1.1002
6867.5225 1.0994
6869.1025 1.0990
6870.6826 1.0987
6872.2671 1.0981
6873.8481 1.0976
6875.4331 1.0973
6877.0146 1.0970
6878.6006 1.0961
6880.1831 1.0955
6881.7656 1.0955
6883.3525 1.0954
6884.9360 1.0947
6886.5239 1.0942
6888.1079 1.0940
6889.6963 1.0935
6891.2812 1.0929
6892.8667 1.0924
6894.4561 1.0922
6896.0425 1.0916
6897.6323 1.0909
6899.2192 1.0906
6900.8105 1.0902
6902.3979 1.0894
6903.9858 1.0887
6905.5776 1.0888
6907.1665 1.0884
6908.7593 1.0877
6910.3486 1.0873
6911.9419 1.0871
6913.5322 1.0867
6915.1226 1.0860
6916.7173 1.0855
6918.3081 1.0850
6919.9038 1.0844
6921.4956 1.0838
6923.0918 1.0837
6924.6846 1.0831
6926.2812 1.0824
6927.8745 1.0821
6929.4683 1.0819
6931.0664 1.0815
6932.6606 1.0808
6934.2593 1.0804
6935.8545 1.0800
6937.4541 1.0794
6939.0498 1.0788
6940.6460 1.0785
6942.2466 1.0783
6943.8438 1.0777
6945.4448 1.0771
6947.0430 1.0767
6948.6445 1.0764
6950.2432 1.0757
6951.8423 1.0748
6953.4453 1.0744
6955.0449 1.0741
6956.6489 1.0735
6958.2490 1.0731
6959.8535 1.0727
6961.4546 1.0720
6963.0562 1.0713
6964.6621 1.0709
6966.2642 1.0704
6967.8706 1.0696
6969.4736 1.0689
6971.0806 1.0688
6972.6841 1.0684
6974.2886 1.0676
6975.8965 1.0670
6977.5015 1.0665
6979.1104 1.0667
6980.7158 1.0674
6982.3257 1.0665
6983.9321 1.0656
6985.5386 1.0652
6987.1494 1.0646
6988.7568 1.0629
6990.3687 1.0608
6991.9766 1.0619
6993.5889 1.0628
6995.1978 1.0623
6996.8071 1.0614
6998.4204 1.0601
7000.0303 1.0586
7001.6445 1.0600
7003.2554 1.0609
7004.8701 1.0612
7006.4819 1.0606
7008.0938 1.0596
7009.7095 1.0591
7011.3223 1.0588
7012.9390 1.0578
7014.5522 1.0579
7016.1699 1.0584
7017.7837 1.0580
7019.3984 1.0570
7021.0171 1.0569
7022.6323 1.0567
7024.2515 1.0555
7025.8677 1.0549
7027.4878 1.0551
7029.1045 1.0552
7030.7212 1.0555
7032.3428 1.0560
7033.9604 1.0564
7035.5825 1.0558
7037.2007 1.0540
7038.8237 1.0522
7040.4429 1.0528
7042.0664 1.0529
7043.6865 1.0530
7045.3066 1.0519
7046.9316 1.0506
7048.5527 1.0505
7050.1782 1.0491
7051.7998 1.0480
7053.4263 1.0476
7055.0488 1.0468
7056.6719 1.0443
7058.2988 1.0414
7059.9229 1.0418
7061.5508 1.0438
7063.1753 1.0456
7064.8037 1.0455
7066.4292 1.0445
7068.0547 1.0447
7069.6846 1.0455
7071.3110 1.0460
7072.9419 1.0441
7074.5688 1.0420
7076.2002 1.0423
7077.8281 1.0441
7079.4561 1.0438
7081.0889 1.0440
7082.7178 1.0434
7084.3511 1.0424
7085.9810 1.0421
7087.6147 1.0427
7089.2451 1.0429
7090.8760 1.0427
7092.5112 1.0430
7094.1431 1.0430
7095.7788 1.0422
7097.4111 1.0410
7099.0479 1.0413
7100.6812 1.0412
7102.3145 1.0402
7103.9521 1.0398
7105.5864 1.0402
7107.2251 1.0398
7108.8599 1.0392
7110.4995 1.0380
7112.1353 1.0359
7113.7715 1.0351
7115.4116 1.0361
7117.0483 1.0369
7118.6899 1.0368
7120.3271 1.0369
7121.9692 1.0368
7123.6079 1.0361
7125.2466 1.0353
7126.8896 1.0351
7128.5293 1.0351
7130.1729 1.0347
7131.8130 1.0339
7133.4580 1.0335
7135.0986 1.0334
7136.7402 1.0331
7138.3857 1.0325
7140.0283 1.0321
7141.6748 1.0321
7143.3174 1.0320
7144.9648 1.0315
7146.6084 1.0310
7148.2524 1.0308
7149.9009 1.0308
7151.5459 1.0302
7153.1948 1.0293
7154.8403 1.0288
7156.4902 1.0293
7158.1367 1.0291
7159.7832 1.0284
7161.4346 1.0280
7163.0820 1.0279
7164.7339 1.0277
7166.3818 1.0271
7168.0347 1.0268
7169.6836 1.0268
7171.3369 1.0266
7172.9863 1.0262
7174.6367 1.0257
7176.2910 1.0256
7177.9419 1.0255
7179.5972 1.0252
7181.2490 1.0248
7182.9048 1.0246
7184.5571 1.0246
7186.2100 1.0240
7187.8672 1.0216
7189.5210 1.0188
7191.1787 1.0168
7192.8330 1.0152
7194.4917 1.0136
7196.1465 1.0123
7197.8022 1.0117
7199.4619 1.0113
7201.1182 1.0105
7202.7788 1.0097
7204.4355 1.0092
7206.0972 1.0090
7207.7549 1.0085
7209.4131 1.0077
7211.0757 1.0071
7212.7344 1.0069
7214.3975 1.0065
7216.0571 1.0059
7217.7212 1.0055
7219.3818 1.0054
7221.0425 1.0051
7222.7075 1.0045
7224.3691 1.0039
7226.0352 1.0037
7227.6973 1.0035
7229.3643 1.0029
7231.0273 1.0023
7232.6909 1.0021
7234.3584 1.0019
7236.0229 1.0015
7237.6914 1.0008
7239.3564 1.0005
7241.0259 1.0006
7242.6919 1.0003
7244.3579 0.9996
7246.0283 0.9990
7247.6953 0.9988
7249.3667 0.9986
7251.0342 0.9979
7252.7065 0.9973
7254.3750 0.9971
7256.0439 0.9971
7257.7168 0.9966
7259.3867 0.9958
7261.0605 0.9951
7262.7310 0.9948
7264.4058 0.9945
7266.0771 0.9938
7267.7485 0.9932
7269.4243 0.9930
7271.0967 0.9929
7272.7734 0.9925
7274.4463 0.9920
7276.1240 0.9917
7277.7979 0.9916
7279.4722 0.9910
7281.1509 0.9901
7282.8257 0.9894
7284.5054 0.9892
7286.1812 0.9889
7287.8613 0.9883
7289.5376 0.9876
7291.2148 0.9873
7292.8960 0.9871
7294.5737 0.9867
7296.2559 0.9859
7297.9341 0.9853
7299.6172 0.9850
7301.2964 0.9845
7302.9800 0.9834
7304.6602 0.9822
7306.3408 0.9814
7308.0254 0.9810
7309.7065 0.9808
7311.3921 0.9803
7313.0742 0.9798
7314.7607 0.9794
7316.4434 0.9788
7318.1265 0.9777
7319.8140 0.9768
7321.4980 0.9763
7323.1860 0.9759
7324.8711 0.9753
7326.5601 0.9743
7328.2456 0.9737
7329.9312 0.9736
7331.6216 0.9737
7333.3081 0.9734
7334.9995 0.9730
7336.6865 0.9729
7338.3784 0.9731
7340.0669 0.9731
7341.7554 0.9726
7343.4482 0.9721
7345.1377 0.9719
7346.8315 0.9717
7348.5215 0.9711
7350.2163 0.9702
7351.9067 0.9696
7353.5981 0.9692
7355.2939 0.9688
7356.9858 0.9683
7358.6826 0.9681
7360.3755 0.9677
7362.0728 0.9669
7363.7661 0.9664
7365.4604 0.9662
7367.1587 0.9656
7368.8535 0.9650
7370.5527 0.9645
7372.2485 0.9638
7373.9487 0.9645
7375.6450 0.9657
7377.3418 0.9650
7379.0430 0.9630
7380.7402 0.9617
7382.4424 0.9618
7384.1406 0.9634
7385.8433 0.9649
7387.5425 0.9642
7389.2422 0.9611
7390.9458 0.9587
7392.6465 0.9584
7394.3511 0.9598
7396.0522 0.9621
7397.7573 0.9639
7399.4595 0.9632
7401.1616 0.9606
7402.8682 0.9568
7404.5713 0.9545
7406.2788 0.9545
7407.9824 0.9558
7409.6909 0.9578
7411.3955 0.9593
7413.1006 0.9609
7414.8101 0.9603
7416.5156 0.9570
7418.2261 0.9518
7419.9326 0.9428
7421.6436 0.9414
7423.3506 0.9468
7425.0586 0.9519
7426.7705 0.9541
7428.4795 0.9564
7430.1924 0.9598
7431.9014 0.9613
7433.6152 0.9593
7435.3257 0.9562
7437.0400 0.9482
7438.7510 0.9342
7440.4624 0.9324
7442.1777 0.9410
7443.8901 0.9453
7445.6064 0.9454
7447.3193 0.9480
7449.0366 0.9550
7450.7505 0.9565
7452.4644 0.9570
7454.1831 0.9578
7455.8979 0.9575
7457.6172 0.9522
7459.3325 0.9425
7461.0527 0.9405
7462.7690 0.9374
7464.4858 0.9244
7466.2070 0.9201
7467.9248 0.9290
7469.6470 0.9352
7471.3652 0.9367
7473.0884 0.9405
7474.8076 0.9447
7476.5269 0.9470
7478.2510 0.9471
7479.9712 0.9462
7481.6963 0.9469
7483.4175 0.9473
7485.1431 0.9465
7486.8652 0.9432
7488.5874 0.9386
7490.3145 0.9349
7492.0371 0.9323
7493.7651 0.9299
7495.4888 0.9278
7497.2173 0.9258
7498.9419 0.9251
7500.6670 0.9270
7502.3970 0.9299
7504.1226 0.9314
7505.8530 0.9319
7507.5801 0.9329
7509.3110 0.9339
7511.0386 0.9327
7512.7666 0.9302
7514.4990 0.9300
7516.2275 0.9311
7517.9609 0.9310
7519.6904 0.9291
7521.4243 0.9281
7523.1548 0.9297
7524.8853 0.9287
7526.6206 0.9280
7528.3521 0.9266
7530.0884 0.9241
7531.8203 0.9225
7533.5571 0.9220
7535.2905 0.9207
7537.0239 0.9193
7538.7617 0.9186
7540.4961 0.9189
7542.2349 0.9196
7543.9702 0.9197
7545.7095 0.9195
7547.4453 0.9195
7549.1816 0.9195
7550.9229 0.9192
7552.6597 0.9188
7554.4014 0.9177
7556.1392 0.9172
7557.8818 0.9173
7559.6201 0.9176
7561.3594 0.9176
7563.1030 0.9170
7564.8428 0.9168
7566.5874 0.9167
7568.3281 0.9167
7570.0732 0.9163
7571.8149 0.9157
7573.5610 0.9154
7575.3032 0.9155
7577.0459 0.9156
7578.7930 0.9153
7580.5366 0.9148
7582.2847 0.9143
7584.0288 0.9143
7585.7778 0.9143
7587.5229 0.9141
7589.2686 0.9135
7591.0186 0.9130
7592.7646 0.9128
7594.5156 0.9126
7596.2627 0.9122
7598.0142 0.9115
7599.7622 0.9110
7601.5107 0.9108
7603.2637 0.9106
7605.0127 0.9103
7606.7661 0.9094
7608.5161 0.9082
7610.2710 0.9071
7612.0215 0.9058
7613.7725 0.9043
7615.5283 0.9030
7617.2803 0.9023
7619.0366 0.9019
7620.7896 0.9017
7622.5469 0.9013
7624.3003 0.9006
7626.0542 0.9004
7627.8130 0.9005
7629.5679 0.9005
7631.3271 0.9002
7633.0825 0.8996
7634.8428 0.8991
7636.5991 0.8990
7638.3560 0.8987
7640.1172 0.8986
7641.8750 0.8979
7643.6372 0.8973
7645.3955 0.8971
7647.1587 0.8970
7648.9180 0.8967
7650.6772 0.8961
7652.4419 0.8956
7654.2021 0.8956
7655.9673 0.8958
7657.7285 0.8958
7659.4941 0.8954
7661.2563 0.8950
7663.0186 0.8949
7664.7856 0.8948
7666.5493 0.8946
7668.3169 0.8942
7670.0811 0.8934
7671.8496 0.8930
7673.6147 0.8929
7675.3799 0.8928
7677.1499 0.8924
7678.9160 0.8916
7680.6870 0.8911
7682.4536 0.8908
7684.2251 0.8906
7685.9932 0.8900
7687.7612 0.8892
7689.5342 0.8885
7691.3027 0.8883
7693.0767 0.8882
7694.8462 0.8880
7696.6206 0.8876
7698.3911 0.8872
7700.1621 0.8873
7701.9380 0.8874
7703.7100 0.8875
7705.4863 0.8872
7707.2588 0.8864
7709.0361 0.8858
7710.8096 0.8855
7712.5879 0.8848
7714.3618 0.8836
7716.1367 0.8817
7717.9160 0.8803
7719.6914 0.8800
7721.4717 0.8801
7723.2480 0.8802
7725.0288 0.8801
7726.8062 0.8796
7728.5835 0.8794
7730.3657 0.8798
7732.1440 0.8804
7733.9272 0.8809
7735.7065 0.8807
7737.4902 0.8804
7739.2700 0.8802
7741.0508 0.8799
7742.8354 0.8794
7744.6167 0.8798
7746.4028 0.8801
7748.1851 0.8806
7749.9717 0.8808
7751.7544 0.8796
7753.5376 0.8772
7755.3257 0.8773
7757.1099 0.8782
7758.8984 0.8774
7760.6836 0.8754
7762.4731 0.8736
7764.2588 0.8726
7766.0449 0.8686
7767.8359 0.8497
7769.6226 0.8270
7771.4146 0.8173
7773.2021 0.8294
7774.9946 0.8523
7776.7832 0.8563
7778.5723 0.8601
7780.3662 0.8638
7782.1558 0.8664
7783.9507 0.8686
7785.7412 0.8708
7787.5366 0.8716
7789.3281 0.8729
7791.1201 0.8747
7792.9165 0.8752
7794.7095 0.8733
7796.5068 0.8705
7798.3003 0.8708
7800.0986 0.8766
7801.8931 0.8768
7803.6880 0.8767
7805.4873 0.8784
7807.2832 0.8764
7809.0835 0.8758
7810.8799 0.8804
7812.6812 0.8817
7814.4785 0.8802
7816.2759 0.8792
7818.0786 0.8788
7819.8770 0.8779
7821.6802 0.8751
7823.4795 0.8689
7825.2837 0.8675
7827.0840 0.8708
7828.8843 0.8712
7830.6899 0.8732
7832.4912 0.8748
7834.2974 0.8749
7836.0996 0.8740
7837.9067 0.8732
7839.7100 0.8726
7841.5132 0.8707
7843.3213 0.8708
7845.1260 0.8712
7846.9351 0.8706
7848.7402 0.8693
7850.5498 0.8682
7852.3560 0.8666
7854.1665 0.8669
7855.9736 0.8654
7857.7808 0.8632
7859.5928 0.8617
7861.4009 0.8576
7863.2139 0.8461
7865.0225 0.8456
7866.8364 0.8554
7868.6460 0.8626
7870.4561 0.8616
7872.2710 0.8567
7874.0820 0.8511
7875.8979 0.8561
7877.7100 0.8596
7879.5264 0.8605
7881.3389 0.8598
7883.1519 0.8562
7884.9697 0.8547
7886.7837 0.8540
7888.6025 0.8565
7890.4175 0.8535
7892.2368 0.8459
7894.0522 0.8473
7895.8687 0.8568
7897.6890 0.8558
7899.5059 0.8556
7901.3276 0.8564
7903.1455 0.8544
7904.9678 0.8516
7906.7861 0.8510
7908.6055 0.8498
7910.4292 0.8479
7912.2485 0.8470
7914.0732 0.8475
7915.8940 0.8475
7917.7192 0.8452
7919.5405 0.8415
7921.3628 0.8414
7923.1895 0.8406
7925.0122 0.8371
7926.8394 0.8344
7928.6631 0.8308
7930.4912 0.8271
7932.3159 0.8203
7934.1406 0.8145
7935.9702 0.8127
7937.7959 0.8136
7939.6265 0.8184
7941.4526 0.8225
7943.2842 0.8222
7945.1113 0.8231
7946.9390 0.8274
7948.7720 0.8311
7950.6006 0.8346
7952.4336 0.8374
7954.2632 0.8379
7956.0977 0.8379
7957.9277 0.8382
7959.7583 0.8377
7961.5938 0.8396
7963.4253 0.8398
7965.2617 0.8399
7967.0942 0.8398
7968.9316 0.8392
7970.7646 0.8387
7972.5981 0.8380
7974.4370 0.8394
7976.2715 0.8414
7978.1108 0.8418
7979.9458 0.8413
7981.7861 0.8422
7983.6226 0.8420
7985.4590 0.8403
7987.3003 0.8395
7989.1377 0.8369
7990.9800 0.8333
7992.8184 0.8323
7994.6616 0.8312
7996.5005 0.8332
7998.3447 0.8366
8000.1846 0.8362
8002.0249 0.8331
8003.8706 0.8340
8005.7114 0.8361
8007.5576 0.8318
8009.3999 0.8308
8011.2471 0.8324
8013.0898 0.8324
8014.9331 0.8311
8016.7812 0.8305
8018.6255 0.8315
8020.4746 0.8305
8022.3198 0.8289
8024.1699 0.8302
8026.0156 0.8342
8027.8623 0.8338
8029.7134 0.8311
8031.5605 0.8304
8033.4126 0.8301
8035.2607 0.8293
8037.1138 0.8298
8038.9624 0.8295
8040.8120 0.8300
8042.6660 0.8313
8044.5161 0.8312
8046.3711 0.8302
8048.2222 0.8308
8050.0781 0.8310
8051.9302 0.8287
8053.7827 0.8269
8055.6396 0.8261
8057.4927 0.8258
8059.3511 0.8259
8061.2051 0.8270
8063.0640 0.8279
8064.9189 0.8288
8066.7739 0.8289
8068.6343 0.8286
8070.4902 0.8285
8072.3516 0.8275
8074.2085 0.8270
8076.0703 0.8271
8077.9282 0.8272
8079.7866 0.8267
8081.6499 0.8258
8083.5088 0.8253
8085.3730 0.8241
8087.2329 0.8230
8089.0981 0.8225
8090.9590 0.8225
8092.8203 0.8224
8094.6865 0.8221
8096.5483 0.8218
8098.4155 0.8217
8100.2788 0.8215
8102.1465 0.8211
8104.0103 0.8205
8105.8745 0.8205
8107.7441 0.8205
8109.6089 0.8205
8111.4790 0.8205
8113.3452 0.8201
8115.2163 0.8195
8117.0830 0.8193
8118.9502 0.8193
8120.8228 0.8193
8122.6909 0.8192
8124.5640 0.8189
8126.4326 0.8182
8128.3066 0.8178
8130.1768 0.8178
8132.0513 0.8178
8133.9224 0.8178
8135.7935 0.8176
8137.6694 0.8168
8139.5415 0.8164
8141.4185 0.8163
8143.2915 0.8162
8145.1694 0.8161
8147.0430 0.8160
8148.9175 0.8154
8150.7964 0.8147
8152.6714 0.8145
8154.5513 0.8145
8156.4272 0.8145
8158.3081 0.8145
8160.1851 0.8141
8162.0625 0.8132
8163.9443 0.8129
8165.8228 0.8128
8167.7056 0.8128
8169.5845 0.8128
8171.4683 0.8126
8173.3481 0.8118
8175.2285 0.8113
8177.1138 0.8113
8178.9951 0.8113
8180.8809 0.8111
8182.7632 0.8109
8184.6499 0.8104
8186.5327 0.8098
8188.4160 0.8096
8190.3042 0.8096
8192.1885 0.8095
8194.0771 0.8096
8195.9629 0.8092
8197.8525 0.8083
8199.7383 0.8079
8201.6250 0.8079
8203.5156 0.8079
8205.4033 0.8079
8207.2959 0.8078
8209.1836 0.8065
8211.0762 0.8048
8212.9658 0.8046
8214.8545 0.8057
8216.7490 0.8059
8218.6396 0.8058
8220.5342 0.8058
8222.4258 0.8055
8224.3223 0.8050
8226.2139 0.8045
8228.1064 0.8044
8230.0039 0.8038
8231.8965 0.8034
8233.7949 0.8036
8235.6895 0.8034
8237.5889 0.8027
8239.4834 0.8024
8241.3789 0.8029
8243.2793 0.8026
8245.1758 0.8014
8247.0771 0.8012
8248.9746 0.8020
8250.8770 0.8017
8252.7744 0.8019
8254.6729 0.8021
8256.5771 0.8020
8258.4766 0.8017
8260.3809 0.8014
8262.2812 0.8011
8264.1865 0.8011
8266.0869 0.8010
8267.9893 0.8009
8269.8955 0.8006
8271.7979 0.8003
8273.7051 0.8002
8275.6084 0.8005
8277.5166 0.8005
8279.4209 0.8001
8281.3301 0.7994
8283.2354 0.7988
8285.1416 0.7986
8287.0518 0.7992
8288.9580 0.7982
8290.8691 0.7990
8292.7773 0.7992
8294.6895 0.7975
8296.5977 0.7970
8298.5059 0.7988
8300.4199 0.7979
8302.3291 0.7958
8304.2432 0.7962
8306.1543 0.7983
8308.0693 0.7969
8309.9805 0.7928
8311.8926 0.7927
8313.8086 0.7953
8315.7217 0.7969
8317.6396 0.7943
8319.5527 0.7891
8321.4707 0.7899
8323.3857 0.7942
8325.2998 0.7975
8327.2197 0.7960
8329.1357 0.7888
8331.0566 0.7822
8332.9727 0.7899
8334.8945 0.7976
8336.8115 0.7990
8338.7295 0.7939
8340.6523 0.7848
8342.5713 0.7790
8344.4951 0.7871
8346.4150 0.7957
8348.3398 0.7985
8350.2598 0.7964
8352.1807 0.7893
8354.1074 0.7771
8356.0293 0.7716
8357.9561 0.7821
8359.8789 0.7929
8361.8066 0.7986
8363.7295 0.8001
8365.6543 0.7972
8367.5830 0.7881
8369.5078 0.7712
8371.4375 0.7629
8373.3643 0.7720
8375.2949 0.7892
8377.2217 0.7976
8379.1484 0.8016
8381.0811 0.8009
8383.0088 0.7952
8384.9424 0.7841
8386.8711 0.7670
8388.8047 0.7511
8390.7344 0.7595
8392.6650 0.7780
8394.6006 0.7924
8396.5312 0.8003
8398.4678 0.8030
8400.3994 0.8012
8402.3369 0.7968
8404.2695 0.7868
8406.2031 0.7732
8408.1416 0.7529
8410.0762 0.7394
8412.0156 0.7536
8413.9502 0.7740
8415.8906 0.7886
8417.8271 0.7982
8419.7637 0.8032
8421.7051 0.8045
8423.6426 0.8042
8425.5850 0.8003
8427.5234 0.7922
8429.4668 0.7808
8431.4053 0.7607
8433.3496 0.7364
8435.2900 0.7286
8437.2305 0.7507
8439.1758 0.7749
8441.1172 0.7636
8443.0645 0.7494
8445.0059 0.7694
8446.9541 0.8071
8448.8965 0.8057
8450.8408 0.8065
8452.7891 0.8044
8454.7344 0.7969
8456.6836 0.7866
8458.6289 0.7725
8460.5791 0.7519
8462.5254 0.7237
8464.4727 0.7163
8466.4248 0.7358
8468.3721 0.7635
8470.3252 0.7788
8472.2734 0.7910
8474.2275 0.7981
8476.1768 0.8036
8478.1270 0.8077
8480.0820 0.8094
8482.0322 0.8086
8483.9883 0.8057
8485.9404 0.8029
8487.8975 0.7962
8489.8496 0.7899
8491.8027 0.7748
8493.7607 0.7398
8495.7148 0.7216
8497.6738 0.7073
8499.6289 0.7035
8501.5889 0.7221
8503.5449 0.7518
8505.5010 0.7673
8507.4619 0.7799
8509.4199 0.7885
8511.3818 0.7958
8513.3398 0.8007
8515.3027 0.8027
8517.2617 0.8039
8519.2217 0.8054
8521.1855 0.8052
8523.1465 0.8043
8525.1113 0.8021
8527.0723 0.7983
8529.0391 0.7937
8531.0010 0.7873
8532.9639 0.7780
8534.9316 0.7670
8536.8945 0.7320
8538.8633 0.6875
8540.8281 0.6813
8542.7969 0.6922
8544.7627 0.7191
8546.7285 0.7433
8548.6992 0.7595
8550.6660 0.7706
8552.6377 0.7787
8554.6045 0.7849
8556.5771 0.7905
8558.5459 0.7932
8560.5146 0.7935
8562.4893 0.7913
8564.4590 0.7878
8566.4336 0.7921
8568.4043 0.7947
8570.3799 0.7952
8572.3516 0.7948
8574.3242 0.7944
8576.3008 0.7937
8578.2744 0.7913
8580.2520 0.7869
8582.2256 0.7812
8584.2051 0.7754
8586.1797 0.7684
8588.1602 0.7550
8590.1357 0.7329
8592.1113 0.7117
8594.0928 0.6860
8596.0703 0.6847
8598.0527 0.7135
8600.0303 0.7381
8602.0137 0.7533
8603.9922 0.7648
8605.9717 0.7736
8607.9561 0.7800
8609.9365 0.7841
8611.9219 0.7858
8613.9033 0.7848
8615.8896 0.7822
8617.8711 0.7817
8619.8535 0.7852
8621.8418 0.7886
8623.8252 0.7843
8625.8135 0.7750
8627.7979 0.7832
8629.7881 0.7885
8631.7725 0.7882
8633.7588 0.7880
8635.7500 0.7873
8637.7363 0.7849
8639.7285 0.7828
8641.7158 0.7808
8643.7080 0.7790
8645.6973 0.7771
8647.6855 0.7744
8649.6797 0.7701
8651.6699 0.7578
8653.6650 0.7508
8655.6553 0.7347
8657.6514 0.6993
8659.6436 0.6651
8661.6357 0.6664
8663.6328 0.6900
8665.6260 0.7171
8667.6240 0.7381
8669.6182 0.7520
8671.6172 0.7621
8673.6123 0.7684
8675.6074 0.7567
8677.6084 0.7524
8679.6045 0.7560
8681.6055 0.7610
8683.6025 0.7705
8685.6055 0.7820
8687.6035 0.7880
8689.6025 0.7874
8691.6055 0.7853
8693.6055 0.7859
8695.6104 0.7872
8697.6104 0.7836
8699.6162 0.7739
8701.6172 0.7786
8703.6191 0.7878
8705.6260 0.7845
8707.6289 0.7722
8709.6367 0.7755
8711.6406 0.7844
8713.6494 0.7785
8715.6543 0.7723
8717.6592 0.7780
8719.6699 0.7845
8721.6758 0.7844
8723.6865 0.7818
8725.6934 0.7787
8727.7061 0.7786
8729.7129 0.7794
8731.7217 0.7751
8733.7354 0.7723
8735.7441 0.7675
8737.7588 0.7599
8739.7686 0.7487
8741.7842 0.7332
8743.7949 0.7108
8745.8115 0.6784
8747.8232 0.6734
8749.8359 0.6986
8751.8535 0.7261
8753.8672 0.7410
8755.8857 0.7533
8757.9004 0.7623
8759.9199 0.7686
8761.9346 0.7727
8763.9502 0.7759
8765.9717 0.7790
8767.9883 0.7810
8770.0098 0.7813
8772.0273 0.7805
8774.0498 0.7790
8776.0684 0.7783
8778.0879 0.7791
8780.1113 0.7800
8782.1318 0.7800
8784.1562 0.7795
8786.1777 0.7794
8788.2031 0.7798
8790.2256 0.7799
8792.2471 0.7796
8794.2754 0.7804
8796.2979 0.7799
8798.3262 0.7801
8800.3506 0.7782
8802.3799 0.7740
8804.4053 0.7734
8806.4307 0.7773
8808.4609 0.7779
8810.4873 0.7773
8812.5195 0.7773
8814.5459 0.7763
8816.5791 0.7730
8818.6074 0.7747
8820.6357 0.7754
8822.6699 0.7767
8824.6992 0.7776
8826.7344 0.7767
8828.7646 0.7750
8830.8008 0.7737
8832.8330 0.7736
8834.8643 0.7724
8836.9014 0.7703
8838.9346 0.7684
8840.9727 0.7661
8843.0068 0.7626
8845.0459 0.7590
8847.0811 0.7540
8849.1162 0.7479
8851.1562 0.7394
8853.1924 0.7263
8855.2344 0.7111
8857.2715 0.6896
8859.3145 0.6762
8861.3516 0.6851
8863.3906 0.7080
8865.4346 0.7218
8867.4736 0.7337
8869.5186 0.7420
8871.5596 0.7485
8873.6045 0.7538
8875.6465 0.7580
8877.6885 0.7611
8879.7354 0.7637
8881.7783 0.7662
8883.8262 0.7683
8885.8701 0.7698
8887.9189 0.7707
8889.9639 0.7716
8892.0088 0.7724
8894.0596 0.7734
8896.1055 0.7740
8898.1562 0.7743
8900.2041 0.7747
8902.2559 0.7755
8904.3037 0.7758
8906.3574 0.7756
8908.4062 0.7753
8910.4561 0.7754
8912.5107 0.7759
8914.5605 0.7759
8916.6162 0.7760
8918.6680 0.7759
8920.7246 0.7754
8922.7764 0.7748
8924.8291 0.7746
8926.8867 0.7747
8928.9404 0.7747
8931.0000 0.7747
8933.0547 0.7747
8935.1143 0.7748
8937.1699 0.7747
8939.2256 0.7740
8941.2871 0.7735
8943.3438 0.7735
8945.4062 0.7735
8947.4639 0.7736
8949.5273 0.7734
8951.5859 0.7726
8953.6455 0.7723
8955.7100 0.7723
8957.7705 0.7722
8959.8359 0.7717
8961.8975 0.7711
8963.9639 0.7710
8966.0264 0.7707
8968.0889 0.7700
8970.1572 0.7696
8972.2207 0.7691
8974.2891 0.7684
8976.3535 0.7677
8978.4238 0.7668
8980.4893 0.7659
8982.5557 0.7647
8984.6270 0.7633
8986.6934 0.7616
8988.7656 0.7596
8990.8340 0.7572
8992.9072 0.7540
8994.9756 0.7500
8997.0449 0.7451
8999.1201 0.7393
9001.1904 0.7318
9003.2656 0.7230
9005.3369 0.7123
9007.4131 0.7004
9009.4854 0.6862
9011.5586 0.6771
9013.6357 0.6850
9015.7100 0.6988
9017.7891 0.7109
9019.8633 0.7211
9021.9434 0.7298
9024.0186 0.7369
9026.0947 0.7426
9028.1758 0.7471
9030.2529 0.7506
9032.3350 0.7535
9034.4131 0.7559
9036.4971 0.7577
9038.5752 0.7591
9040.6543 0.7602
9042.7393 0.7609
9044.8193 0.7617
9046.9053 0.7623
9048.9863 0.7625
9051.0732 0.7627
9053.1553 0.7631
9055.2383 0.7638
9057.3262 0.7630
9059.4102 0.7625
9061.4990 0.7637
9063.5840 0.7644
9065.6738 0.7644
9067.7588 0.7644
9069.8506 0.7646
9071.9365 0.7636
9074.0234 0.7619
9076.1162 0.7620
9078.2041 0.7631
9080.2979 0.7634
9082.3867 0.7633
9084.4805 0.7629
9086.5703 0.7629
9088.6611 0.7633
9090.7568 0.7609
9092.8486 0.7618
9094.9453 0.7630
9097.0371 0.7628
9099.1348 0.7623
9101.2285 0.7625
9103.3223 0.7625
9105.4209 0.7625
9107.5156 0.7623
9109.6162 0.7623
9111.7119 0.7624
9113.8125 0.7617
9115.9092 0.7614
9118.0068 0.7608
9120.1094 0.7608
9122.2070 0.7613
9124.3105 0.7617
9126.4102 0.7614
9128.5146 0.7602
9130.6143 0.7601
9132.7148 0.7603
9134.8213 0.7605
9136.9219 0.7605
9139.0293 0.7606
9141.1318 0.7604
9143.2393 0.7597
9145.3428 0.7593
9147.4473 0.7593
9149.5566 0.7594
9151.6611 0.7592
9153.7715 0.7587
9155.8770 0.7583
9157.9883 0.7582
9160.0957 0.7583
9162.2031 0.7583
9164.3154 0.7580
9166.4238 0.7573
9168.5371 0.7571
9170.6465 0.7567
9172.7617 0.7561
9174.8711 0.7557
9176.9824 0.7556
9179.0986 0.7559
9181.2100 0.7552
9183.3271 0.7542
9185.4395 0.7539
9187.5576 0.7538
9189.6719 0.7531
9191.7852 0.7523
9193.9053 0.7514
9196.0205 0.7503
9198.1406 0.7491
9200.2568 0.7475
9202.3789 0.7455
9204.4951 0.7430
9206.6133 0.7399
9208.7363 0.7359
9210.8545 0.7314
9212.9785 0.7247
9215.0977 0.7146
9217.2227 0.7103
9219.3428 0.7018
9221.4639 0.6906
9223.5908 0.6773
9225.7129 0.6694
9227.8398 0.6785
9229.9629 0.6911
9232.0908 0.7021
9234.2148 0.7113
9236.3447 0.7195
9238.4688 0.7250
9240.5947 0.7268
9242.7256 0.7332
9244.8516 0.7382
9246.9834 0.7410
9249.1104 0.7429
9251.2432 0.7446
9253.3721 0.7459
9255.5010 0.7458
9257.6348 0.7430
9259.7646 0.7415
9261.8994 0.7422
9264.0303 0.7453
9266.1670 0.7501
9268.2988 0.7500
9270.4307 0.7502
9272.5684 0.7504
9274.7012 0.7505
9276.8398 0.7506
9278.9746 0.7506
9281.1143 0.7507
9283.2490 0.7508
9285.3848 0.7509
9287.5264 0.7509
9289.6621 0.7510
9291.8047 0.7511
9293.9424 0.7512
9296.0850 0.7513
9298.2236 0.7513
9300.3633 0.7513
9302.5078 0.7512
9304.6475 0.7507
9306.7930 0.7503
9308.9346 0.7503
9311.0811 0.7504
9313.2227 0.7505
9315.3652 0.7505
9317.5137 0.7506
9319.6572 0.7507
9321.8057 0.7507
9323.9502 0.7501
9326.1006 0.7496
9328.2461 0.7496
9330.3916 0.7497
9332.5439 0.7498
9334.6904 0.7498
9336.8428 0.7498
9338.9912 0.7499
9341.1445 0.7501
9343.2939 0.7496
9345.4434 0.7490
9347.5977 0.7489
9349.7480 0.7490
9351.9043 0.7491
9354.0557 0.7492
9356.2129 0.7493
9358.3652 0.7494
9360.5186 0.7491
9362.6768 0.7485
9364.8301 0.7481
9366.9902 0.7483
9369.1445 0.7483
9371.3057 0.7484
9373.4609 0.7485
9375.6172 0.7486
9377.7793 0.7486
9379.9365 0.7480
9382.0996 0.7475
9384.2578 0.7476
9386.4219 0.7475
9388.5820 0.7470
9390.7461 0.7471
9392.9072 0.7479
9395.0674 0.7479
9397.2344 0.7474
9399.3965 0.7468
9401.5635 0.7459
9403.7266 0.7461
9405.8945 0.7470
9408.0586 0.7459
9410.2227 0.7459
9412.3926 0.7469
9414.5586 0.7468
9416.7295 0.7462
9418.8955 0.7461
9421.0674 0.7463
9423.2344 0.7463
9425.4023 0.7464
9427.5762 0.7466
9429.7451 0.7465
9431.9189 0.7461
9434.0889 0.7455
9436.2646 0.7455
9438.4355 0.7456
9440.6064 0.7456
9442.7832 0.7456
9444.9561 0.7457
9447.1338 0.7458
9449.3076 0.7451
9451.4863 0.7448
9453.6602 0.7448
9455.8350 0.7449
9458.0156 0.7450
9460.1914 0.7450
9462.3730 0.7449
9464.5498 0.7443
9466.7324 0.7440
9468.9102 0.7441
9471.0889 0.7442
9473.2725 0.7443
9475.4521 0.7443
9477.6367 0.7436
9479.8174 0.7431
9482.0029 0.7432
9484.1846 0.7434
9486.3662 0.7434
9488.5537 0.7429
9490.7363 0.7424
9492.9258 0.7423
9495.1094 0.7421
9497.2988 0.7415
9499.4834 0.7413
9501.6689 0.7411
9503.8604 0.7404
9506.0459 0.7399
9508.2383 0.7392
9510.4258 0.7382
9512.6191 0.7374
9514.8076 0.7363
9516.9961 0.7348
9519.1904 0.7331
9521.3809 0.7311
9523.5762 0.7286
9525.7666 0.7255
9527.9639 0.7214
9530.1553 0.7162
9532.3477 0.7101
9534.5459 0.7025
9536.7393 0.6936
9538.9385 0.6833
9541.1328 0.6703
9543.3330 0.6696
9545.5283 0.6799
9547.7246 0.6917
9549.9268 0.7003
9552.1230 0.7085
9554.3262 0.7144
9556.5234 0.7195
9558.7275 0.7236
9560.9268 0.7269
9563.1309 0.7294
9565.3311 0.7314
9567.5322 0.7331
9569.7383 0.7345
9571.9395 0.7356
9574.1465 0.7364
9576.3496 0.7370
9578.5576 0.7379
9580.7607 0.7382
9582.9648 0.7383
9585.1748 0.7384
9587.3799 0.7388
9589.5908 0.7396
9591.7969 0.7402
9594.0088 0.7403
9596.2158 0.7404
9598.4238 0.7402
9600.6367 0.7403
9602.8457 0.7408
9605.0596 0.7406
9607.2695 0.7399
9609.4854 0.7397
9611.6953 0.7399
9613.9062 0.7400
9616.1240 0.7401
9618.3359 0.7402
9620.5537 0.7403
9622.7666 0.7405
9624.9863 0.7404
9627.2002 0.7396
9629.4150 0.7393
9631.6357 0.7409
9633.8516 0.7407
9636.0723 0.7401
9638.2891 0.7399
9640.5117 0.7400
9642.7295 0.7401
9644.9482 0.7403
9647.1719 0.7404
9649.3916 0.7406
9651.6172 0.7403
9653.8369 0.7397
9656.0635 0.7395
9658.2842 0.7399
9660.5068 0.7397
9662.7344 0.7398
9664.9570 0.7400
9667.1855 0.7401
9669.4102 0.7402
9671.6396 0.7404
9673.8643 0.7405
9676.0898 0.7404
9678.3213 0.7400
9680.5479 0.7396
9682.7803 0.7396
9685.0078 0.7397
9687.2412 0.7398
9689.4697 0.7400
9691.6982 0.7401
9693.9336 0.7402
9696.1631 0.7404
9698.3994 0.7402
9700.6299 0.7395
9702.8672 0.7394
9705.0996 0.7395
9707.3320 0.7396
9709.5703 0.7397
9711.8047 0.7399
9714.0439 0.7400
9716.2783 0.7402
9718.5186 0.7401
9720.7549 0.7396
9722.9912 0.7391
9725.2334 0.7393
9727.4707 0.7394
9729.7139 0.7395
9731.9521 0.7397
9734.1963 0.7398
9736.4355 0.7399
9738.6807 0.7399
9740.9209 0.7395
9743.1621 0.7391
9745.4082 0.7390
9747.6504 0.7392
9749.8984 0.7393
9752.1416 0.7395
9754.3896 0.7396
9756.6338 0.7397
9758.8789 0.7399
9761.1289 0.7398
9763.3740 0.7392
9765.6260 0.7389
9767.8721 0.7390
9770.1250 0.7392
9772.3721 0.7393
9774.6201 0.7395
9776.8750 0.7396
9779.1240 0.7398
9781.3789 0.7399
9783.6289 0.7393
9785.8848 0.7389
9788.1367 0.7389
9790.3877 0.7391
9792.6455 0.7392
9794.8984 0.7393
9797.1572 0.7395
9799.4111 0.7396
9801.6709 0.7398
9803.9258 0.7396
9806.1807 0.7389
9808.4424 0.7388
9810.6982 0.7389
9812.9609 0.7391
9815.2188 0.7392
9817.4814 0.7394
9819.7402 0.7395
9821.9990 0.7393
9824.2646 0.7395
9826.5244 0.7391
9828.7900 0.7387
9831.0518 0.7389
9833.3184 0.7390
9835.5801 0.7391
9837.8428 0.7393
9840.1113 0.7394
9842.3750 0.7396
9844.6455 0.7397
9846.9102 0.7394
9849.1807 0.7388
9851.4463 0.7388
9853.7129 0.7389
9855.9844 0.7391
9858.2520 0.7393
9860.5254 0.7394
9862.7939 0.7396
9865.0684 0.7397
9867.3379 0.7396
9869.6074 0.7391
9871.8838 0.7387
9874.1543 0.7389
9876.4316 0.7391
9878.7031 0.7392
9880.9814 0.7395
9883.2549 0.7395
9885.5283 0.7390
9887.8076 0.7388
9890.0830 0.7393
9892.3633 0.7390
9894.6387 0.7389
9896.9209 0.7391
9899.1973 0.7392
9901.4746 0.7394
9903.7578 0.7396
9906.0361 0.7397
9908.3203 0.7399
9910.5996 0.7397
9912.8857 0.7392
9915.1660 0.7389
9917.4521 0.7391
9919.7334 0.7392
9922.0156 0.7394
9924.3037 0.7396
9926.5869 0.7396
9928.8760 0.7398
9931.1602 0.7399
9933.4502 0.7394
9935.7354 0.7390
9938.0205 0.7391
9940.3125 0.7393
9942.5996 0.7395
9944.8926 0.7396
9947.1797 0.7398
9949.4736 0.7400
9951.7627 0.7397
9954.0518 0.7391
9956.3477 0.7390
9958.6377 0.7392
9960.9346 0.7394
9963.2256 0.7395
9965.5234 0.7397
9967.8154 0.7399
9970.1094 0.7399
9972.4082 0.7392
9974.7021 0.7390
9977.0020 0.7391
9979.2979 0.7393
9981.5986 0.7395
9983.8945 0.7397
9986.1914 0.7392
9988.4941 0.7388
9990.7920 0.7386
9993.0967 0.7387
9995.3955 0.7388
9997.7002 0.7387
10000.0000 0.7381
10002.3057 0.7382
10004.6016 0.7379
10006.9082 0.7374
10009.2158 0.7371
10011.5244 0.7365
10013.8223 0.7359
10016.1309 0.7351
10018.4404 0.7341
10020.7402 0.7329
10023.0508 0.7315
10025.3623 0.7296
10027.6738 0.7273
10029.9756 0.7243
10032.2881 0.7205
10034.6016 0.7159
10036.9043 0.7104
10039.2188 0.7037
10041.5342 0.6958
10043.8496 0.6847
10046.1543 0.6814
10048.4707 0.6889
10050.7881 0.7000
10053.0947 0.7067
10055.4131 0.7132
10057.7324 0.7183
10060.0508 0.7224
10062.3604 0.7260
10064.6807 0.7288
10067.0010 0.7309
10069.3115 0.7327
10071.6338 0.7342
10073.9561 0.7355
10076.2793 0.7364
10078.5918 0.7371
10080.9160 0.7380
10083.2402 0.7387
10085.5547 0.7387
10087.8799 0.7384
10090.2061 0.7387
10092.5332 0.7396
10094.8496 0.7397
10097.1777 0.7399
10099.5059 0.7401
10101.8232 0.7402
10104.1533 0.7403
10106.4834 0.7404
10108.8135 0.7405
10111.1338 0.7409
10113.4648 0.7412
10115.7969 0.7414
10118.1191 0.7414
10120.4521 0.7413
10122.7861 0.7419
10125.1201 0.7422
10127.4434 0.7424
10129.7793 0.7426
10132.1152 0.7428
10134.4404 0.7430
10136.7773 0.7432
10139.1152 0.7434
10141.4531 0.7434
10143.7803 0.7430
10146.1191 0.7425
10148.4590 0.7427
10150.7881 0.7429
10153.1289 0.7431
10155.4707 0.7433
10157.8125 0.7435
10160.1436 0.7437
10162.4863 0.7439
10164.8301 0.7441
10167.1621 0.7443
10169.5068 0.7442
10171.8525 0.7438
10174.1973 0.7435
10176.5322 0.7437
10178.8789 0.7439
10181.2266 0.7441
10183.5742 0.7443
10185.9111 0.7445
10188.2607 0.7447
10190.6094 0.7449
10192.9482 0.7451
10195.2988 0.7452
10197.6504 0.7447
10200.0020 0.7443
10202.3428 0.7444
10204.6953 0.7447
10207.0479 0.7448
10209.3906 0.7451
10211.7451 0.7453
10214.0996 0.7455
10216.4551 0.7457
10218.7998 0.7459
10221.1562 0.7461
10223.5137 0.7457
10225.8594 0.7452
10228.2178 0.7452
10230.5762 0.7455
10232.9355 0.7457
10235.2842 0.7459
10237.6436 0.7461
10240.0049 0.7463
10242.3545 0.7465
10244.7168 0.7468
10247.0791 0.7469
10249.4424 0.7466
10251.7939 0.7461
10254.1582 0.7461
10256.5234 0.7464
10258.8770 0.7466
10261.2422 0.7468
10263.6084 0.7470
10265.9756 0.7472
10268.3311 0.7474
10270.6992 0.7477
10273.0674 0.7478
10275.4258 0.7476
10277.7949 0.7470
10280.1650 0.7471
10282.5352 0.7473
10284.8955 0.7475
10287.2666 0.7477
10289.6396 0.7479
10292.0010 0.7481
10294.3740 0.7484
10296.7480 0.7486
10299.1221 0.7488
10301.4863 0.7488
10303.8613 0.7482
10306.2373 0.7480
10308.6025 0.7482
10310.9795 0.7485
10313.3574 0.7487
10315.7363 0.7489
10318.1035 0.7491
10320.4824 0.7493
10322.8623 0.7496
10325.2314 0.7498
10327.6123 0.7495
10329.9941 0.7491
