3585.0903 0.1413
3585.9150 0.1537
3586.7400 0.1625
3587.5671 0.1655
3588.3923 0.1656
3589.2200 0.1660
3590.0457 0.1667
3590.8735 0.1676
3591.6995 0.1702
3592.5259 0.1737
3593.3542 0.1760
3594.1809 0.1761
3595.0098 0.1766
3595.8367 0.1796
3596.6660 0.1836
3597.4934 0.1866
3598.3208 0.1875
3599.1506 0.1862
3599.9788 0.1818
3600.8088 0.1734
3601.6372 0.1644
3602.4678 0.1610
3603.2964 0.1667
3604.1252 0.1767
3604.9565 0.1838
3605.7859 0.1853
3606.6172 0.1827
3607.4470 0.1803
3608.2788 0.1812
3609.1089 0.1833
3609.9392 0.1822
3610.7717 0.1755
3611.6023 0.1666
3612.4351 0.1627
3613.2661 0.1680
3614.0994 0.1792
3614.9307 0.1893
3615.7625 0.1941
3616.5962 0.1943
3617.4282 0.1916
3618.2625 0.1875
3619.0947 0.1836
3619.9292 0.1830
3620.7620 0.1872
3621.5969 0.1911
3622.4302 0.1916
3623.2634 0.1906
3624.0989 0.1938
3624.9326 0.2007
3625.7686 0.2067
3626.6028 0.2090
3627.4390 0.2057
3628.2734 0.1960
3629.1082 0.1827
3629.9451 0.1747
3630.7800 0.1796
3631.6174 0.1924
3632.4529 0.2047
3633.2903 0.2120
3634.1262 0.2169
3634.9622 0.2203
3635.8005 0.2231
3636.6370 0.2250
3637.4756 0.2247
3638.3123 0.2208
3639.1514 0.2146
3639.9885 0.2098
3640.8259 0.2099
3641.6653 0.2144
3642.5032 0.2206
3643.3430 0.2256
3644.1812 0.2287
3645.0215 0.2300
3645.8601 0.2301
3646.6990 0.2304
3647.5398 0.2311
3648.3789 0.2317
3649.2202 0.2326
3650.0596 0.2348
3650.9014 0.2383
3651.7412 0.2417
3652.5813 0.2445
3653.4236 0.2465
3654.2642 0.2475
3655.1067 0.2472
3655.9475 0.2457
3656.7908 0.2434
3657.6318 0.2418
3658.4734 0.2418
3659.3169 0.2431
3660.1587 0.2445
3661.0029 0.2461
3661.8450 0.2483
3662.6895 0.2510
3663.5320 0.2551
3664.3748 0.2616
3665.2197 0.2698
3666.0630 0.2781
3666.9084 0.2847
3667.7520 0.2898
3668.5977 0.2945
3669.4417 0.3004
3670.2859 0.3079
3671.1321 0.3142
3671.9768 0.3194
3672.8235 0.3235
3673.6685 0.3222
3674.5156 0.3079
3675.3608 0.2897
3676.2063 0.2826
3677.0542 0.2925
3677.8999 0.3210
3678.7480 0.3596
3679.5945 0.3840
3680.4429 0.3773
3681.2896 0.3576
3682.1365 0.3480
3682.9856 0.3439
3683.8328 0.3337
3684.6824 0.3312
3685.5300 0.3595
3686.3799 0.4213
3687.2278 0.4779
3688.0781 0.4902
3688.9265 0.4537
3689.7751 0.4150
3690.6260 0.4226
3691.4751 0.4776
3692.3264 0.5326
3693.1758 0.5461
3694.0273 0.5075
3694.8772 0.4458
3695.7273 0.4140
3696.5793 0.4483
3697.4299 0.5222
3698.2825 0.5888
3699.1333 0.6132
3699.9863 0.5900
3700.8374 0.5252
3701.6887 0.4461
3702.5425 0.4022
3703.3943 0.4146
3704.2483 0.4708
3705.1003 0.5412
3705.9548 0.6025
3706.8074 0.6322
3707.6599 0.6190
3708.5149 0.5620
3709.3682 0.4770
3710.2234 0.4041
3711.0771 0.3919
3711.9329 0.4471
3712.7866 0.5202
3713.6409 0.5812
3714.4973 0.6301
3715.3518 0.6725
3716.2085 0.6926
3717.0635 0.6774
3717.9204 0.6234
3718.7759 0.5402
3719.6313 0.4575
3720.4890 0.4232
3721.3450 0.4646
3722.2031 0.5521
3723.0593 0.6295
3723.9180 0.6697
3724.7747 0.6790
3725.6316 0.6802
3726.4905 0.6930
3727.3479 0.7166
3728.2073 0.7327
3729.0649 0.7257
3729.9250 0.6861
3730.7830 0.6112
3731.6414 0.5143
3732.5017 0.4358
3733.3604 0.4216
3734.2214 0.4639
3735.0803 0.5227
3735.9417 0.5777
3736.8013 0.6351
3737.6609 0.6880
3738.5227 0.7130
3739.3828 0.7092
3740.2451 0.7001
3741.1055 0.7091
3741.9683 0.7272
3742.8291 0.7314
3743.6899 0.7145
3744.5532 0.6824
3745.4148 0.6363
3746.2786 0.5641
3747.1404 0.4726
3748.0044 0.4032
3748.8667 0.4093
3749.7290 0.4926
3750.5938 0.6044
3751.4565 0.6838
3752.3215 0.7137
3753.1848 0.7165
3754.0503 0.7157
3754.9138 0.7058
3755.7798 0.6710
3756.6438 0.6182
3757.5081 0.5753
3758.3745 0.5613
3759.2390 0.5698
3760.1060 0.5953
3760.9709 0.6333
3761.8381 0.6712
3762.7036 0.6993
3763.5693 0.7204
3764.4370 0.7326
3765.3032 0.7263
3766.1714 0.6861
3767.0378 0.6010
3767.9065 0.4924
3768.7732 0.4249
3769.6401 0.4532
3770.5095 0.5562
3771.3770 0.6664
3772.2466 0.7385
3773.1145 0.7722
3773.9844 0.7862
3774.8528 0.7962
3775.7209 0.8046
3776.5918 0.8081
3777.4604 0.8085
3778.3315 0.8112
3779.2009 0.8142
3780.0723 0.8072
3780.9419 0.7921
3781.8118 0.7839
3782.6838 0.7956
3783.5540 0.8161
3784.4265 0.8270
3785.2971 0.8297
3786.1699 0.8330
3787.0410 0.8413
3787.9121 0.8497
3788.7856 0.8538
3789.6572 0.8522
3790.5310 0.8464
3791.4031 0.8358
3792.2773 0.8160
3793.1499 0.7787
3794.0225 0.7141
3794.8972 0.6147
3795.7703 0.5185
3796.6455 0.4892
3797.5190 0.5572
3798.3948 0.6689
3799.2686 0.7617
3800.1426 0.8168
3801.0188 0.8462
3801.8933 0.8621
3802.7700 0.8697
3803.6448 0.8725
3804.5220 0.8740
3805.3972 0.8767
3806.2727 0.8811
3807.1504 0.8859
3808.0261 0.8890
3808.9043 0.8883
3809.7805 0.8795
3810.6589 0.8566
3811.5356 0.8222
3812.4126 0.7936
3813.2917 0.7897
3814.1689 0.8115
3815.0483 0.8426
3815.9260 0.8635
3816.8059 0.8632
3817.6841 0.8456
3818.5623 0.8266
3819.4429 0.8236
3820.3215 0.8372
3821.2024 0.8506
3822.0815 0.8441
3822.9629 0.8212
3823.8423 0.8027
3824.7241 0.8027
3825.6040 0.8144
3826.4841 0.8281
3827.3665 0.8398
3828.2468 0.8466
3829.1296 0.8419
3830.0105 0.8158
3830.8938 0.7653
3831.7751 0.6891
3832.6565 0.5878
3833.5403 0.5107
3834.4224 0.5182
3835.3064 0.6055
3836.1887 0.7039
3837.0735 0.7742
3837.9561 0.8201
3838.8391 0.8510
3839.7244 0.8722
3840.6077 0.8885
3841.4932 0.8962
3842.3770 0.8922
3843.2629 0.8871
3844.1472 0.8896
3845.0315 0.8970
3845.9182 0.8952
3846.8030 0.8818
3847.6899 0.8680
3848.5752 0.8690
3849.4626 0.8808
3850.3481 0.8840
3851.2339 0.8660
3852.1221 0.8371
3853.0083 0.8069
3853.8967 0.7820
3854.7832 0.7840
3855.6721 0.8248
3856.5591 0.8715
3857.4463 0.8911
3858.3359 0.8878
3859.2234 0.8669
3860.1135 0.8325
3861.0015 0.8020
3861.8918 0.8081
3862.7803 0.8414
3863.6687 0.8691
3864.5598 0.8878
3865.4487 0.9049
3866.3401 0.9224
3867.2297 0.9336
3868.1213 0.9362
3869.0112 0.9297
3869.9014 0.9157
3870.7937 0.9038
3871.6841 0.9047
3872.5769 0.9170
3873.4678 0.9284
3874.3611 0.9322
3875.2524 0.9265
3876.1438 0.9162
3877.0376 0.9113
3877.9297 0.9183
3878.8237 0.9278
3879.7161 0.9282
3880.6108 0.9228
3881.5037 0.9166
3882.3965 0.9085
3883.2917 0.8894
3884.1851 0.8491
3885.0808 0.7789
3885.9746 0.6723
3886.8706 0.5707
3887.7649 0.5438
3888.6592 0.6219
3889.5559 0.7428
3890.4507 0.8353
3891.3479 0.8866
3892.2429 0.9090
3893.1406 0.9166
3894.0361 0.9182
3894.9341 0.9210
3895.8301 0.9214
3896.7263 0.9074
3897.6250 0.8782
3898.5215 0.8515
3899.4207 0.8537
3900.3176 0.8811
3901.2170 0.9033
3902.1145 0.9078
3903.0122 0.8972
3903.9121 0.8842
3904.8103 0.8868
3905.7107 0.9098
3906.6094 0.9345
3907.5100 0.9482
3908.4089 0.9497
3909.3081 0.9400
3910.2097 0.9140
3911.1091 0.8733
3912.0110 0.8424
3912.9111 0.8494
3913.8132 0.8853
3914.7136 0.9189
3915.6143 0.9349
3916.5171 0.9376
3917.4182 0.9351
3918.3215 0.9327
3919.2229 0.9338
3920.1267 0.9387
3921.0286 0.9439
3921.9307 0.9476
3922.8350 0.9492
3923.7373 0.9472
3924.6421 0.9430
3925.5452 0.9390
3926.4502 0.9345
3927.3535 0.9227
3928.2571 0.8966
3929.1628 0.8496
3930.0667 0.7588
3930.9731 0.6231
3931.8774 0.5182
3932.7839 0.5449
3933.6887 0.6811
3934.5938 0.8082
3935.5010 0.8676
3936.4062 0.8799
3937.3142 0.8879
3938.2200 0.9116
3939.1279 0.9368
3940.0342 0.9491
3940.9407 0.9475
3941.8494 0.9387
3942.7561 0.9275
3943.6653 0.9229
3944.5725 0.9293
3945.4822 0.9396
3946.3899 0.9478
3947.2979 0.9528
3948.2080 0.9543
3949.1162 0.9512
3950.0269 0.9471
3950.9355 0.9482
3951.8467 0.9544
3952.7559 0.9600
3953.6650 0.9608
3954.5769 0.9582
3955.4866 0.9558
3956.3987 0.9551
3957.3088 0.9541
3958.2214 0.9491
3959.1321 0.9404
3960.0449 0.9343
3960.9561 0.9336
3961.8672 0.9295
3962.7808 0.9163
3963.6924 0.8860
3964.6064 0.8161
3965.5186 0.6811
3966.4329 0.5029
3967.3455 0.3812
3968.2581 0.3857
3969.1731 0.5090
3970.0862 0.6687
3971.0017 0.7876
3971.9153 0.8439
3972.8313 0.8717
3973.7451 0.8970
3974.6592 0.9209
3975.5759 0.9331
3976.4905 0.9333
3977.4075 0.9270
3978.3225 0.9216
3979.2397 0.9189
3980.1553 0.9174
3981.0708 0.9184
3981.9888 0.9231
3982.9050 0.9278
3983.8232 0.9295
3984.7397 0.9290
3985.6587 0.9283
3986.5757 0.9284
3987.4927 0.9296
3988.4121 0.9321
3989.3298 0.9350
3990.2498 0.9370
3991.1677 0.9370
3992.0879 0.9349
3993.0063 0.9312
3993.9250 0.9272
3994.8459 0.9221
3995.7649 0.9174
3996.6863 0.9154
3997.6057 0.9158
3998.5276 0.9136
3999.4475 0.9014
4000.3674 0.8864
4001.2900 0.8809
4002.2104 0.8887
4003.1333 0.8972
4004.0544 0.9024
4004.9775 0.9087
4005.8989 0.9137
4006.8206 0.9146
4007.7446 0.9113
4008.6665 0.9054
4009.5908 0.8949
4010.5132 0.8845
4011.4380 0.8841
4012.3608 0.8916
4013.2839 0.8968
4014.2095 0.8966
4015.1328 0.8963
4016.0588 0.9061
4016.9827 0.9223
4017.9089 0.9351
4018.8333 0.9382
4019.7578 0.9342
4020.6848 0.9225
4021.6096 0.9032
4022.5371 0.8838
4023.4624 0.8747
4024.3901 0.8807
4025.3162 0.8938
4026.2422 0.9043
4027.1704 0.9132
4028.0969 0.9227
4029.0259 0.9286
4029.9526 0.9262
4030.8821 0.9197
4031.8093 0.9167
4032.7390 0.9184
4033.6667 0.9203
4034.5947 0.9209
4035.5251 0.9226
4036.4534 0.9259
4037.3843 0.9310
4038.3130 0.9358
4039.2441 0.9384
4040.1736 0.9381
4041.1030 0.9353
4042.0347 0.9291
4042.9646 0.9194
4043.8970 0.9113
4044.8271 0.9107
4045.7600 0.9135
4046.6907 0.9132
4047.6216 0.9132
4048.5549 0.9158
4049.4863 0.9151
4050.4202 0.9098
4051.3521 0.9044
4052.2861 0.9053
4053.2185 0.9154
4054.1509 0.9283
4055.0857 0.9352
4056.0186 0.9375
4056.9539 0.9386
4057.8872 0.9394
4058.8230 0.9382
4059.7566 0.9347
4060.6907 0.9276
4061.6270 0.9200
4062.5613 0.9152
4063.4983 0.9117
4064.4331 0.9021
4065.3701 0.8917
4066.3054 0.8942
4067.2410 0.9022
4068.1787 0.9045
4069.1147 0.8996
4070.0530 0.8979
4070.9893 0.9029
4071.9280 0.9095
4072.8647 0.9106
4073.8018 0.9040
4074.7412 0.8939
4075.6787 0.8892
4076.6184 0.8973
4077.5562 0.9123
4078.4966 0.9223
4079.4348 0.9236
4080.3733 0.9207
4081.3142 0.9180
4082.2532 0.9173
4083.1943 0.9166
4084.1338 0.9143
4085.0757 0.9114
4086.0154 0.9100
4086.9553 0.9109
4087.8977 0.9143
4088.8381 0.9187
4089.7810 0.9219
4090.7219 0.9232
4091.6653 0.9233
4092.6064 0.9224
4093.5481 0.9185
4094.4919 0.9094
4095.4338 0.8945
4096.3784 0.8686
4097.3208 0.8186
4098.2656 0.7297
4099.2085 0.6211
4100.1514 0.5705
4101.0967 0.6220
4102.0400 0.7321
4102.9863 0.8223
4103.9302 0.8738
4104.8765 0.8995
4105.8208 0.9136
4106.7676 0.9188
4107.7124 0.9137
4108.6572 0.9018
4109.6045 0.8949
4110.5503 0.8991
4111.4980 0.9085
4112.4438 0.9158
4113.3921 0.9185
4114.3384 0.9183
4115.2852 0.9169
4116.2339 0.9146
4117.1807 0.9104
4118.1304 0.9053
4119.0776 0.8968
4120.0273 0.8841
4120.9751 0.8751
4121.9233 0.8800
4122.8740 0.8909
4123.8223 0.8941
4124.7734 0.8789
4125.7222 0.8475
4126.6733 0.8218
4127.6230 0.8198
4128.5723 0.8258
4129.5244 0.8378
4130.4746 0.8609
4131.4268 0.8918
4132.3774 0.9124
4133.3301 0.9206
4134.2812 0.9209
4135.2324 0.9187
4136.1855 0.9173
4137.1372 0.9184
4138.0913 0.9219
4139.0435 0.9253
4139.9976 0.9235
4140.9502 0.9150
4141.9028 0.9042
4142.8579 0.8983
4143.8110 0.8992
4144.7666 0.9065
4145.7202 0.9162
4146.6758 0.9221
4147.6299 0.9235
4148.5840 0.9239
4149.5405 0.9248
4150.4951 0.9257
4151.4526 0.9263
4152.4072 0.9271
4153.3647 0.9284
4154.3203 0.9303
4155.2764 0.9318
4156.2344 0.9320
4157.1904 0.9302
4158.1489 0.9257
4159.1055 0.9184
4160.0649 0.9093
4161.0220 0.8995
4161.9790 0.8936
4162.9390 0.8930
4163.8965 0.8748
4164.8564 0.8523
4165.8149 0.8616
4166.7754 0.8972
4167.7339 0.9151
4168.6929 0.9059
4169.6538 0.8747
4170.6133 0.8361
4171.5752 0.8136
4172.5347 0.8284
4173.4971 0.8627
4174.4570 0.8734
4175.4175 0.8428
4176.3799 0.7970
4177.3408 0.7835
4178.3042 0.8211
4179.2651 0.8743
4180.2290 0.9032
4181.1909 0.9094
4182.1548 0.9084
4183.1172 0.9098
4184.0796 0.9098
4185.0444 0.9062
4186.0068 0.9035
4186.9722 0.9061
4187.9355 0.9120
4188.9014 0.9159
4189.8647 0.9175
4190.8286 0.9187
4191.7949 0.9215
4192.7593 0.9227
4193.7261 0.9214
4194.6909 0.9200
4195.6582 0.9180
4196.6235 0.9142
4197.5889 0.9117
4198.5571 0.9108
4199.5229 0.9097
4200.4912 0.9077
4201.4575 0.9083
4202.4263 0.9095
4203.3931 0.9092
4204.3599 0.9102
4205.3296 0.9132
4206.2969 0.9160
4207.2671 0.9180
4208.2349 0.9205
4209.2051 0.9241
4210.1738 0.9273
4211.1421 0.9272
4212.1133 0.9215
4213.0820 0.9123
4214.0537 0.9072
4215.0229 0.9116
4215.9951 0.9199
4216.9648 0.9263
4217.9351 0.9292
4218.9077 0.9294
4219.8784 0.9271
4220.8516 0.9233
4221.8223 0.9175
4222.7959 0.9110
4223.7676 0.9070
4224.7393 0.9078
4225.7134 0.9134
4226.6855 0.9213
4227.6602 0.9240
4228.6328 0.9096
4229.6079 0.8688
4230.5806 0.8108
4231.5542 0.7824
4232.5298 0.8193
4233.5034 0.8772
4234.4800 0.9140
4235.4541 0.9240
4236.4307 0.9244
4237.4053 0.9214
4238.3799 0.9146
4239.3574 0.8990
4240.3325 0.8834
4241.3105 0.8836
4242.2861 0.8976
4243.2642 0.9057
4244.2407 0.8996
4245.2168 0.8950
4246.1958 0.9014
4247.1729 0.9123
4248.1519 0.9144
4249.1294 0.9089
4250.1094 0.9018
4251.0869 0.8984
4252.0649 0.9008
4253.0454 0.9066
4254.0239 0.9098
4255.0049 0.9044
4255.9834 0.8919
4256.9648 0.8859
4257.9443 0.8867
4258.9263 0.8840
4259.9058 0.8789
4260.8857 0.8858
4261.8687 0.9023
4262.8491 0.9150
4263.8320 0.9186
4264.8130 0.9170
4265.7964 0.9132
4266.7778 0.9082
4267.7593 0.9030
4268.7432 0.8969
4269.7256 0.8878
4270.7100 0.8763
4271.6924 0.8699
4272.6772 0.8710
4273.6606 0.8762
4274.6436 0.8836
4275.6294 0.8898
4276.6128 0.8936
4277.5991 0.9001
4278.5830 0.9070
4279.5698 0.9078
4280.5542 0.9016
4281.5391 0.8925
4282.5264 0.8877
4283.5117 0.8923
4284.4990 0.8984
4285.4849 0.8970
4286.4731 0.8882
4287.4590 0.8766
4288.4453 0.8707
4289.4346 0.8791
4290.4214 0.8883
4291.4106 0.8791
4292.3979 0.8636
4293.3877 0.8540
4294.3755 0.8517
4295.3633 0.8575
4296.3535 0.8673
4297.3423 0.8562
4298.3330 0.8361
4299.3218 0.8203
4300.3135 0.8092
4301.3027 0.8056
4302.2920 0.8330
4303.2842 0.8733
4304.2744 0.8916
4305.2666 0.8852
4306.2573 0.8798
4307.2500 0.8908
4308.2412 0.9059
4309.2319 0.9065
4310.2261 0.8874
4311.2173 0.8578
4312.2114 0.8365
4313.2036 0.8411
4314.1982 0.8682
4315.1904 0.8941
4316.1836 0.9071
4317.1787 0.9075
4318.1719 0.9021
4319.1675 0.8989
4320.1611 0.9048
4321.1572 0.9113
4322.1514 0.9064
4323.1460 0.8936
4324.1426 0.8888
4325.1377 0.8995
4326.1348 0.9148
4327.1299 0.9210
4328.1279 0.9198
4329.1235 0.9184
4330.1196 0.9207
4331.1182 0.9230
4332.1143 0.9225
4333.1133 0.9157
4334.1104 0.8951
4335.1099 0.8515
4336.1069 0.7799
4337.1069 0.6892
4338.1045 0.6136
4339.1025 0.6177
4340.1030 0.6957
4341.1016 0.7892
4342.1025 0.8461
4343.1016 0.8797
4344.1030 0.9015
4345.1025 0.9123
4346.1021 0.9139
4347.1040 0.9031
4348.1040 0.8736
4349.1069 0.8284
4350.1074 0.8055
4351.1104 0.8362
4352.1113 0.8828
4353.1128 0.9107
4354.1167 0.9168
4355.1182 0.9144
4356.1226 0.9123
4357.1245 0.9148
4358.1294 0.9155
4359.1318 0.9113
4360.1348 0.9069
4361.1401 0.9079
4362.1436 0.9122
4363.1494 0.9152
4364.1528 0.9122
4365.1592 0.9025
4366.1636 0.8910
4367.1680 0.8863
4368.1753 0.8919
4369.1802 0.9025
4370.1875 0.9082
4371.1929 0.9054
4372.2007 0.8991
4373.2065 0.8984
4374.2129 0.9060
4375.2212 0.9134
4376.2280 0.9162
4377.2368 0.9156
4378.2441 0.9140
4379.2534 0.9093
4380.2612 0.8939
4381.2686 0.8582
4382.2793 0.8152
4383.2871 0.7927
4384.2979 0.8098
4385.3066 0.8471
4386.3179 0.8766
4387.3267 0.8878
4388.3359 0.8887
4389.3481 0.8896
4390.3579 0.8910
4391.3701 0.8780
4392.3804 0.8500
4393.3936 0.8376
4394.4043 0.8557
4395.4150 0.8839
4396.4287 0.8914
4397.4399 0.8831
4398.4541 0.8792
4399.4658 0.8885
4400.4805 0.8987
4401.4927 0.9011
4402.5054 0.8985
4403.5205 0.8981
4404.5337 0.9017
4405.5493 0.9027
4406.5625 0.8989
4407.5786 0.8929
4408.5928 0.8882
4409.6069 0.8858
4410.6240 0.8843
4411.6387 0.8778
4412.6558 0.8603
4413.6709 0.8290
4414.6885 0.7939
4415.7041 0.7844
4416.7227 0.8118
4417.7388 0.8449
4418.7549 0.8600
4419.7739 0.8576
4420.7905 0.8517
4421.8101 0.8476
4422.8271 0.8451
4423.8472 0.8424
4424.8647 0.8383
4425.8828 0.8343
4426.9033 0.8331
4427.9219 0.8344
4428.9429 0.8358
4429.9619 0.8379
4430.9834 0.8403
4432.0024 0.8434
4433.0220 0.8487
4434.0444 0.8558
4435.0645 0.8621
4436.0874 0.8680
4437.1079 0.8737
4438.1309 0.8766
4439.1519 0.8730
4440.1733 0.8612
4441.1968 0.8431
4442.2188 0.8379
4443.2432 0.8544
4444.2651 0.8786
4445.2900 0.8901
4446.3125 0.8905
4447.3354 0.8830
4448.3613 0.8728
4449.3843 0.8718
4450.4106 0.8813
4451.4341 0.8914
4452.4609 0.8948
4453.4849 0.8954
4454.5098 0.8995
4455.5366 0.9052
4456.5615 0.9085
4457.5894 0.9072
4458.6147 0.9024
4459.6431 0.8980
4460.6689 0.8968
4461.6953 0.8961
4462.7241 0.8960
4463.7505 0.8973
4464.7798 0.8910
4465.8071 0.8708
4466.8369 0.8551
4467.8643 0.8542
4468.8921 0.8602
4469.9229 0.8624
4470.9512 0.8706
4471.9819 0.8864
4473.0107 0.9018
4474.0425 0.9103
4475.0718 0.9117
4476.1011 0.9051
4477.1333 0.8781
4478.1631 0.8183
4479.1958 0.7673
4480.2266 0.7834
4481.2593 0.8499
4482.2905 0.8986
4483.3213 0.9165
4484.3555 0.9143
4485.3872 0.8947
4486.4214 0.8678
4487.4536 0.8479
4488.4883 0.8442
4489.5210 0.8512
4490.5537 0.8727
4491.5889 0.8979
4492.6226 0.9138
4493.6582 0.9194
4494.6919 0.9216
4495.7285 0.9199
4496.7627 0.9126
4497.7998 0.8940
4498.8345 0.8731
4499.8696 0.8675
4500.9072 0.8846
4501.9424 0.9030
4502.9805 0.9089
4504.0166 0.9001
4505.0552 0.8717
4506.0913 0.8436
4507.1279 0.8490
4508.1675 0.8842
4509.2046 0.9113
4510.2446 0.9182
4511.2822 0.9040
4512.3223 0.8751
4513.3604 0.8512
4514.3984 0.8606
4515.4395 0.8856
4516.4785 0.8848
4517.5200 0.8572
4518.5591 0.8242
4519.6011 0.8052
4520.6406 0.8026
4521.6807 0.8324
4522.7236 0.8769
4523.7642 0.9067
4524.8071 0.9150
4525.8481 0.9150
4526.8916 0.9128
4527.9331 0.9143
4528.9746 0.9168
4530.0190 0.9047
4531.0610 0.8765
4532.1060 0.8543
4533.1489 0.8657
4534.1938 0.8957
4535.2373 0.9134
4536.2803 0.9142
4537.3267 0.9031
4538.3701 0.8853
4539.4170 0.8710
4540.4609 0.8773
4541.5083 0.8958
4542.5527 0.9081
4543.5981 0.9076
4544.6455 0.8943
4545.6909 0.8572
4546.7393 0.8025
4547.7852 0.7851
4548.8340 0.8213
4549.8804 0.8720
4550.9272 0.8842
4551.9766 0.8604
4553.0239 0.8176
4554.0737 0.7987
4555.1216 0.8044
4556.1719 0.8178
4557.2197 0.8344
4558.2686 0.8704
4559.3193 0.8967
4560.3682 0.8926
4561.4199 0.8749
4562.4692 0.8676
4563.5215 0.8788
4564.5713 0.8938
4565.6211 0.9026
4566.6743 0.9057
4567.7246 0.8990
4568.7778 0.8802
4569.8291 0.8599
4570.8828 0.8626
4571.9341 0.8800
4572.9888 0.8790
4574.0405 0.8669
4575.0928 0.8647
4576.1479 0.8775
4577.2007 0.8817
4578.2559 0.8737
4579.3091 0.8505
4580.3652 0.8028
4581.4189 0.7604
4582.4731 0.7726
4583.5298 0.8249
4584.5840 0.8524
4585.6411 0.8393
4586.6963 0.8285
4587.7539 0.8398
4588.8091 0.8539
4589.8647 0.8589
4590.9233 0.8670
4591.9795 0.8790
4593.0386 0.8851
4594.0952 0.8854
4595.1543 0.8883
4596.2114 0.8927
4597.2690 0.8962
4598.3291 0.8973
4599.3867 0.8969
4600.4473 0.8968
4601.5059 0.8982
4602.5669 0.8982
4603.6255 0.8971
4604.6846 0.8958
4605.7466 0.8957
4606.8062 0.8972
4607.8687 0.8992
4608.9287 0.8996
4609.9912 0.8988
4611.0518 0.8988
4612.1128 0.8962
4613.1763 0.8862
4614.2373 0.8690
4615.3013 0.8516
4616.3633 0.8377
4617.4277 0.8351
4618.4897 0.8480
4619.5522 0.8694
4620.6177 0.8864
4621.6807 0.8935
4622.7466 0.8926
4623.8096 0.8892
4624.8760 0.8774
4625.9399 0.8522
4627.0044 0.8249
4628.0713 0.8281
4629.1357 0.8561
4630.2031 0.8682
4631.2686 0.8545
4632.3364 0.8369
4633.4023 0.8420
4634.4678 0.8639
4635.5366 0.8831
4636.6030 0.8919
4637.6724 0.8943
4638.7393 0.8949
4639.8091 0.8952
4640.8765 0.8959
4641.9438 0.8966
4643.0142 0.8955
4644.0825 0.8907
4645.1533 0.8837
4646.2222 0.8788
4647.2935 0.8780
4648.3623 0.8814
4649.4316 0.8868
4650.5039 0.8912
4651.5737 0.8924
4652.6465 0.8898
4653.7168 0.8832
4654.7900 0.8769
4655.8608 0.8793
4656.9346 0.8853
4658.0059 0.8880
4659.0771 0.8857
4660.1519 0.8796
4661.2236 0.8719
4662.2983 0.8679
4663.3711 0.8619
4664.4463 0.8549
4665.5195 0.8556
4666.5928 0.8640
4667.6689 0.8698
4668.7427 0.8752
4669.8193 0.8800
4670.8936 0.8828
4671.9707 0.8836
4673.0454 0.8849
4674.1206 0.8869
4675.1982 0.8890
4676.2739 0.8901
4677.3521 0.8898
4678.4282 0.8892
4679.5073 0.8887
4680.5835 0.8882
4681.6602 0.8870
4682.7397 0.8858
4683.8174 0.8853
4684.8975 0.8854
4685.9751 0.8859
4687.0557 0.8865
4688.1338 0.8869
4689.2124 0.8873
4690.2935 0.8874
4691.3726 0.8866
4692.4546 0.8854
4693.5342 0.8854
4694.6162 0.8854
4695.6963 0.8852
4696.7764 0.8851
4697.8594 0.8853
4698.9404 0.8849
4700.0239 0.8839
4701.1050 0.8836
4702.1890 0.8841
4703.2710 0.8848
4704.3530 0.8849
4705.4375 0.8838
4706.5200 0.8813
4707.6055 0.8801
4708.6885 0.8784
4709.7744 0.8736
4710.8579 0.8675
4711.9414 0.8677
4713.0283 0.8727
4714.1123 0.8769
4715.1992 0.8786
4716.2842 0.8786
4717.3716 0.8782
4718.4570 0.8779
4719.5425 0.8778
4720.6309 0.8772
4721.7168 0.8748
4722.8057 0.8699
4723.8921 0.8633
4724.9814 0.8588
4726.0684 0.8585
4727.1553 0.8583
4728.2456 0.8528
4729.3335 0.8465
4730.4238 0.8500
4731.5122 0.8608
4732.6030 0.8694
4733.6919 0.8727
4734.7808 0.8724
4735.8726 0.8714
4736.9624 0.8712
4738.0547 0.8708
4739.1445 0.8715
4740.2373 0.8729
4741.3276 0.8745
4742.4214 0.8759
4743.5122 0.8758
4744.6035 0.8727
4745.6973 0.8688
4746.7891 0.8670
4747.8838 0.8670
4748.9761 0.8668
4750.0713 0.8648
4751.1641 0.8614
4752.2568 0.8576
4753.3525 0.8548
4754.4463 0.8542
4755.5425 0.8551
4756.6367 0.8548
4757.7334 0.8510
4758.8281 0.8449
4759.9229 0.8400
4761.0205 0.8373
4762.1157 0.8380
4763.2139 0.8433
4764.3096 0.8510
4765.4082 0.8561
4766.5044 0.8572
4767.6011 0.8563
4768.7002 0.8549
4769.7974 0.8531
4770.8975 0.8523
4771.9951 0.8528
4773.0952 0.8528
4774.1934 0.8522
4775.2915 0.8505
4776.3926 0.8461
4777.4917 0.8413
4778.5933 0.8422
4779.6924 0.8497
4780.7949 0.8568
4781.8945 0.8594
4782.9946 0.8588
4784.0977 0.8571
4785.1982 0.8559
4786.3018 0.8551
4787.4028 0.8562
4788.5068 0.8586
4789.6084 0.8601
4790.7100 0.8609
4791.8149 0.8627
4792.9170 0.8642
4794.0225 0.8634
4795.1255 0.8601
4796.2310 0.8569
4797.3345 0.8563
4798.4380 0.8569
4799.5444 0.8565
4800.6489 0.8546
4801.7559 0.8506
4802.8604 0.8459
4803.9678 0.8461
4805.0732 0.8521
4806.1782 0.8562
4807.2866 0.8560
4808.3926 0.8526
4809.5015 0.8485
4810.6079 0.8470
4811.7173 0.8509
4812.8242 0.8537
4813.9312 0.8544
4815.0415 0.8549
4816.1489 0.8555
4817.2598 0.8540
4818.3677 0.8528
4819.4790 0.8498
4820.5879 0.8347
4821.6968 0.8137
4822.8086 0.8088
4823.9180 0.8266
4825.0303 0.8446
4826.1401 0.8524
4827.2534 0.8542
4828.3638 0.8554
4829.4771 0.8563
4830.5884 0.8549
4831.6992 0.8535
4832.8135 0.8517
4833.9253 0.8494
4835.0400 0.8493
4836.1523 0.8542
4837.2676 0.8592
4838.3804 0.8626
4839.4937 0.8639
4840.6094 0.8636
4841.7231 0.8633
4842.8394 0.8629
4843.9536 0.8576
4845.0708 0.8421
4846.1851 0.8274
4847.3003 0.8311
4848.4180 0.8485
4849.5332 0.8582
4850.6514 0.8602
4851.7676 0.8586
4852.8862 0.8515
4854.0024 0.8417
4855.1191 0.8272
4856.2388 0.7957
4857.3560 0.7358
4858.4761 0.6791
4859.5938 0.6836
4860.7144 0.7288
4861.8325 0.7724
4862.9512 0.7992
4864.0723 0.8253
4865.1914 0.8442
4866.3135 0.8534
4867.4326 0.8546
4868.5552 0.8512
4869.6753 0.8468
4870.7954 0.8440
4871.9189 0.8392
4873.0396 0.8243
4874.1631 0.8098
4875.2847 0.8092
4876.4087 0.8222
4877.5308 0.8301
4878.6528 0.8316
4879.7778 0.8295
4880.9004 0.8245
4882.0259 0.8202
4883.1489 0.8215
4884.2749 0.8268
4885.3984 0.8309
4886.5225 0.8333
4887.6494 0.8347
4888.7734 0.8352
4889.9009 0.8346
4891.0259 0.8338
4892.1538 0.8346
4893.2793 0.8374
4894.4048 0.8395
4895.5337 0.8395
4896.6597 0.8385
4897.7891 0.8367
4898.9155 0.8357
4900.0454 0.8359
4901.1724 0.8372
4902.2998 0.8391
4903.4307 0.8413
4904.5586 0.8421
4905.6895 0.8429
4906.8179 0.8459
4907.9497 0.8454
4909.0786 0.8394
4910.2080 0.8343
4911.3403 0.8368
4912.4702 0.8421
4913.6030 0.8475
4914.7334 0.8501
4915.8667 0.8491
4916.9976 0.8445
4918.1313 0.8332
4919.2627 0.8115
4920.3945 0.7681
4921.5288 0.7300
4922.6611 0.7368
4923.7964 0.7941
4924.9292 0.8381
4926.0649 0.8532
4927.1978 0.8570
4928.3315 0.8571
4929.4678 0.8547
4930.6021 0.8520
4931.7388 0.8509
4932.8735 0.8507
4934.0107 0.8505
4935.1460 0.8491
4936.2812 0.8467
4937.4194 0.8447
4938.5557 0.8442
4939.6943 0.8447
4940.8306 0.8461
4941.9702 0.8473
4943.1069 0.8468
4944.2441 0.8446
4945.3843 0.8421
4946.5220 0.8415
4947.6626 0.8406
4948.8008 0.8371
4949.9419 0.8335
4951.0806 0.8352
4952.2197 0.8391
4953.3618 0.8418
4954.5010 0.8404
4955.6436 0.8385
4956.7837 0.8396
4957.9268 0.8426
4959.0674 0.8429
4960.2080 0.8413
4961.3521 0.8399
4962.4932 0.8397
4963.6377 0.8400
4964.7793 0.8394
4965.9243 0.8367
4967.0669 0.8344
4968.2095 0.8354
4969.3550 0.8375
4970.4980 0.8386
4971.6445 0.8396
4972.7881 0.8401
4973.9351 0.8385
4975.0791 0.8365
4976.2236 0.8357
4977.3711 0.8358
4978.5161 0.8358
4979.6641 0.8356
4980.8096 0.8351
4981.9585 0.8344
4983.1045 0.8346
4984.2510 0.8357
4985.4004 0.8364
4986.5469 0.8360
4987.6968 0.8321
4988.8442 0.8268
4989.9946 0.8225
4991.1426 0.8216
4992.2910 0.8256
4993.4419 0.8321
4994.5908 0.8362
4995.7427 0.8372
4996.8921 0.8347
4998.0439 0.8278
4999.1938 0.8187
5000.3438 0.8136
5001.4971 0.8150
5002.6475 0.8194
5003.8013 0.8245
5004.9521 0.8285
5006.1064 0.8304
5007.2583 0.8320
5008.4126 0.8330
5009.5649 0.8351
5010.7173 0.8344
5011.8730 0.8278
5013.0259 0.8138
5014.1816 0.7868
5015.3354 0.7397
5016.4917 0.7155
5017.6460 0.7455
5018.8003 0.8012
5019.9575 0.8254
5021.1123 0.8310
5022.2700 0.8345
5023.4258 0.8350
5024.5840 0.8328
5025.7397 0.8308
5026.8960 0.8298
5028.0552 0.8245
5029.2119 0.8186
5030.3716 0.8174
5031.5288 0.8181
5032.6890 0.8157
5033.8472 0.8102
5035.0049 0.8109
5036.1660 0.8157
5037.3247 0.8107
5038.4863 0.7996
5039.6455 0.7975
5040.8076 0.8117
5041.9668 0.8220
5043.1270 0.8239
5044.2900 0.8242
5045.4502 0.8245
5046.6138 0.8246
5047.7749 0.8247
5048.9390 0.8257
5050.1001 0.8257
5051.2622 0.8236
5052.4268 0.8080
5053.5894 0.7855
5054.7544 0.7820
5055.9175 0.8029
5057.0830 0.8187
5058.2466 0.8223
5059.4102 0.8212
5060.5771 0.8224
5061.7412 0.8263
5062.9082 0.8292
5064.0732 0.8281
5065.2407 0.8251
5066.4062 0.8231
5067.5718 0.8215
5068.7402 0.8184
5069.9062 0.8167
5071.0752 0.8181
5072.2417 0.8205
5073.4116 0.8227
5074.5786 0.8252
5075.7461 0.8284
5076.9165 0.8284
5078.0845 0.8250
5079.2554 0.8226
5080.4238 0.8228
5081.5957 0.8247
5082.7646 0.8263
5083.9336 0.8263
5085.1060 0.8235
5086.2759 0.8220
5087.4487 0.8227
5088.6191 0.8233
5089.7925 0.8212
5090.9634 0.8170
5092.1348 0.8162
5093.3091 0.8175
5094.4805 0.8171
5095.6553 0.8148
5096.8276 0.8127
5098.0029 0.8058
5099.1758 0.8044
5100.3516 0.8097
5101.5249 0.8143
5102.6987 0.8161
5103.8750 0.8183
5105.0493 0.8184
5106.2266 0.8197
5107.4014 0.8202
5108.5791 0.8195
5109.7544 0.8188
5110.9297 0.8191
5112.1084 0.8196
5113.2842 0.8191
5114.4634 0.8178
5115.6401 0.8174
5116.8198 0.8178
5117.9966 0.8175
5119.1743 0.8178
5120.3545 0.8200
5121.5327 0.8201
5122.7134 0.8187
5123.8921 0.8164
5125.0737 0.8120
5126.2524 0.8070
5127.4321 0.8066
5128.6143 0.8105
5129.7939 0.8134
5130.9771 0.8144
5132.1572 0.8166
5133.3408 0.8175
5134.5220 0.8165
5135.7031 0.8156
5136.8872 0.8145
5138.0688 0.8140
5139.2539 0.8148
5140.4360 0.8134
5141.6216 0.8091
5142.8042 0.8049
5143.9873 0.8046
5145.1738 0.8069
5146.3574 0.8066
5147.5439 0.8049
5148.7280 0.8069
5149.9155 0.8078
5151.1001 0.8046
5152.2852 0.8012
5153.4731 0.8040
5154.6587 0.8079
5155.8477 0.8106
5157.0337 0.8108
5158.2227 0.8092
5159.4097 0.8088
5160.5962 0.8114
5161.7861 0.8122
5162.9736 0.8052
5164.1646 0.7808
5165.3525 0.7332
5166.5435 0.6922
5167.7319 0.7069
5168.9209 0.7615
5170.1128 0.7900
5171.3022 0.8007
5172.4946 0.8089
5173.6846 0.8143
5174.8779 0.8113
5176.0684 0.8098
5177.2588 0.8114
5178.4526 0.8127
5179.6440 0.8083
5180.8384 0.7988
5182.0303 0.7931
5183.2251 0.7974
5184.4175 0.8023
5185.6104 0.8012
5186.8062 0.7993
5187.9995 0.8019
5189.1958 0.8068
5190.3896 0.8088
5191.5864 0.8054
5192.7808 0.7963
5193.9780 0.7768
5195.1729 0.7562
5196.3682 0.7567
5197.5664 0.7802
5198.7622 0.7959
5199.9609 0.7990
5201.1572 0.7978
5202.3564 0.7983
5203.5532 0.7994
5204.7505 0.7998
5205.9507 0.7982
5207.1484 0.7951
5208.3491 0.7920
5209.5474 0.7904
5210.7485 0.7896
5211.9473 0.7869
5213.1460 0.7811
5214.3481 0.7761
5215.5479 0.7773
5216.7505 0.7836
5217.9507 0.7881
5219.1538 0.7896
5220.3545 0.7903
5221.5557 0.7910
5222.7598 0.7861
5223.9609 0.7746
5225.1655 0.7664
5226.3677 0.7748
5227.5728 0.7873
5228.7754 0.7904
5229.9785 0.7796
5231.1846 0.7570
5232.3877 0.7339
5233.5942 0.7333
5234.7983 0.7453
5236.0054 0.7610
5237.2100 0.7764
5238.4150 0.7859
5239.6230 0.7860
5240.8281 0.7882
5242.0366 0.7909
5243.2427 0.7902
5244.4517 0.7873
5245.6582 0.7862
5246.8652 0.7889
5248.0747 0.7906
5249.2822 0.7920
5250.4927 0.7911
5251.7007 0.7857
5252.9116 0.7805
5254.1201 0.7831
5255.3286 0.7872
5256.5405 0.7866
5257.7500 0.7807
5258.9624 0.7792
5260.1724 0.7823
5261.3853 0.7786
5262.5957 0.7723
5263.8062 0.7794
5265.0200 0.7913
5266.2310 0.7954
5267.4458 0.7923
5268.6572 0.7913
5269.8721 0.7870
5271.0845 0.7773
5272.2974 0.7497
5273.5132 0.7251
5274.7261 0.7308
5275.9424 0.7648
5277.1562 0.7817
5278.3730 0.7845
5279.5874 0.7864
5280.8047 0.7835
5282.0195 0.7774
5283.2349 0.7813
5284.4531 0.7912
5285.6689 0.7948
5286.8877 0.7938
5288.1040 0.7905
5289.3232 0.7871
5290.5400 0.7869
5291.7573 0.7896
5292.9775 0.7908
5294.1953 0.7905
5295.4160 0.7897
5296.6343 0.7892
5297.8555 0.7896
5299.0742 0.7905
5300.2935 0.7902
5301.5156 0.7892
5302.7354 0.7856
5303.9580 0.7817
5305.1782 0.7825
5306.4014 0.7845
5307.6221 0.7850
5308.8433 0.7857
5310.0674 0.7821
5311.2891 0.7703
5312.5137 0.7503
5313.7358 0.7223
5314.9614 0.7132
5316.1841 0.7438
5317.4072 0.7773
5318.6333 0.7870
5319.8569 0.7872
5321.0835 0.7853
5322.3076 0.7784
5323.5347 0.7730
5324.7598 0.7746
5325.9844 0.7798
5327.2129 0.7803
5328.4380 0.7801
5329.6670 0.7819
5330.8931 0.7824
5332.1221 0.7788
5333.3491 0.7738
5334.5757 0.7726
5335.8062 0.7721
5337.0337 0.7720
5338.2642 0.7756
5339.4922 0.7813
5340.7236 0.7850
5341.9521 0.7845
5343.1812 0.7817
5344.4131 0.7797
5345.6426 0.7806
5346.8755 0.7828
5348.1055 0.7838
5349.3389 0.7838
5350.5693 0.7847
5351.8003 0.7849
5353.0342 0.7836
5354.2656 0.7820
5355.5005 0.7807
5356.7324 0.7787
5357.9678 0.7744
5359.2002 0.7621
5360.4331 0.7474
5361.6694 0.7481
5362.9028 0.7635
5364.1392 0.7725
5365.3735 0.7749
5366.6108 0.7753
5367.8452 0.7756
5369.0801 0.7763
5370.3184 0.7772
5371.5537 0.7783
5372.7925 0.7797
5374.0283 0.7811
5375.2676 0.7815
5376.5039 0.7810
5377.7441 0.7801
5378.9810 0.7790
5380.2183 0.7782
5381.4590 0.7784
5382.6973 0.7772
5383.9385 0.7734
5385.1768 0.7707
5386.4189 0.7719
5387.6577 0.7618
5388.8975 0.7322
5390.1401 0.7354
5391.3799 0.7605
5392.6230 0.7758
5393.8638 0.7751
5395.1074 0.7749
5396.3486 0.7739
5397.5903 0.7716
5398.8350 0.7687
5400.0767 0.7665
5401.3223 0.7660
5402.5645 0.7665
5403.8105 0.7688
5405.0537 0.7704
5406.2969 0.7708
5407.5439 0.7715
5408.7876 0.7729
5410.0352 0.7716
5411.2798 0.7663
5412.5273 0.7640
5413.7725 0.7669
5415.0181 0.7702
5416.2666 0.7688
5417.5127 0.7675
5418.7617 0.7682
5420.0083 0.7699
5421.2583 0.7672
5422.5054 0.7610
5423.7529 0.7601
5425.0034 0.7666
5426.2515 0.7689
5427.5029 0.7676
5428.7515 0.7661
5430.0034 0.7642
5431.2524 0.7618
5432.5020 0.7652
5433.7549 0.7686
5435.0049 0.7698
5436.2578 0.7707
5437.5088 0.7714
5438.7627 0.7698
5440.0137 0.7673
5441.2651 0.7654
5442.5200 0.7644
5443.7720 0.7638
5445.0273 0.7632
5446.2798 0.7625
5447.5356 0.7606
5448.7891 0.7600
5450.0425 0.7610
5451.2993 0.7623
5452.5532 0.7629
5453.8105 0.7629
5455.0654 0.7628
5456.3232 0.7644
5457.5786 0.7668
5458.8340 0.7686
5460.0928 0.7691
5461.3486 0.7681
5462.6084 0.7638
5463.8647 0.7587
5465.1250 0.7600
5466.3823 0.7655
5467.6396 0.7695
5468.9004 0.7699
5470.1587 0.7691
5471.4199 0.7687
5472.6787 0.7685
5473.9404 0.7660
5475.1997 0.7578
5476.4624 0.7453
5477.7222 0.7415
5478.9824 0.7511
5480.2461 0.7592
5481.5068 0.7620
5482.7705 0.7611
5484.0322 0.7567
5485.2964 0.7527
5486.5586 0.7539
5487.8208 0.7575
5489.0859 0.7597
5490.3491 0.7597
5491.6147 0.7599
5492.8784 0.7620
5494.1450 0.7644
5495.4087 0.7656
5496.6729 0.7662
5497.9404 0.7653
5499.2056 0.7602
5500.4736 0.7555
5501.7388 0.7555
5503.0073 0.7526
5504.2734 0.7481
5505.5396 0.7470
5506.8096 0.7497
5508.0762 0.7533
5509.3462 0.7574
5510.6138 0.7617
5511.8843 0.7648
5513.1523 0.7662
5514.4209 0.7662
5515.6924 0.7654
5516.9614 0.7640
5518.2334 0.7629
5519.5029 0.7624
5520.7759 0.7611
5522.0459 0.7580
5523.3159 0.7543
5524.5898 0.7525
5525.8608 0.7533
5527.1348 0.7549
5528.4062 0.7552
5529.6812 0.7522
5530.9536 0.7438
5532.2256 0.7318
5533.5015 0.7339
5534.7744 0.7446
5536.0508 0.7517
5537.3242 0.7530
5538.6011 0.7535
5539.8755 0.7530
5541.1499 0.7507
5542.4277 0.7490
5543.7026 0.7501
5544.9810 0.7531
5546.2568 0.7541
5547.5356 0.7550
5548.8115 0.7562
5550.0884 0.7568
5551.3682 0.7564
5552.6450 0.7562
5553.9258 0.7561
5555.2031 0.7559
5556.4844 0.7558
5557.7627 0.7557
5559.0410 0.7557
5560.3232 0.7552
5561.6021 0.7534
5562.8848 0.7534
5564.1646 0.7545
5565.4473 0.7549
5566.7280 0.7539
5568.0083 0.7525
5569.2925 0.7516
5570.5737 0.7517
5571.8579 0.7519
5573.1401 0.7511
5574.4253 0.7490
5575.7075 0.7464
5576.9932 0.7466
5578.2764 0.7485
5579.5596 0.7497
5580.8462 0.7497
5582.1299 0.7493
5583.4170 0.7487
5584.7017 0.7477
5585.9893 0.7468
5587.2744 0.7471
5588.5601 0.7471
5589.8486 0.7458
5591.1348 0.7449
5592.4238 0.7452
5593.7104 0.7459
5595.0005 0.7454
5596.2876 0.7443
5597.5747 0.7436
5598.8657 0.7439
5600.1538 0.7451
5601.4448 0.7455
5602.7334 0.7450
5604.0254 0.7443
5605.3149 0.7436
5606.6045 0.7425
5607.8970 0.7413
5609.1870 0.7421
5610.4805 0.7423
5611.7715 0.7412
5613.0654 0.7406
5614.3569 0.7417
5615.6484 0.7425
5616.9434 0.7434
5618.2354 0.7437
5619.5308 0.7436
5620.8237 0.7434
5622.1201 0.7426
5623.4131 0.7425
5624.7070 0.7424
5626.0039 0.7424
5627.2983 0.7421
5628.5957 0.7415
5629.8906 0.7412
5631.1890 0.7411
5632.4844 0.7407
5633.7803 0.7405
5635.0791 0.7397
5636.3755 0.7376
5637.6753 0.7350
5638.9722 0.7357
5640.2725 0.7364
5641.5703 0.7342
5642.8682 0.7322
5644.1694 0.7330
5645.4678 0.7348
5646.7695 0.7361
5648.0684 0.7374
5649.3711 0.7382
5650.6704 0.7374
5651.9707 0.7355
5653.2739 0.7337
5654.5742 0.7312
5655.8784 0.7296
5657.1797 0.7306
5658.4839 0.7329
5659.7856 0.7341
5661.0879 0.7336
5662.3931 0.7329
5663.6958 0.7325
5665.0020 0.7317
5666.3052 0.7305
5667.6118 0.7294
5668.9155 0.7289
5670.2197 0.7284
5671.5273 0.7281
5672.8320 0.7284
5674.1401 0.7295
5675.4453 0.7304
5676.7539 0.7299
5678.0601 0.7302
5679.3696 0.7308
5680.6758 0.7298
5681.9829 0.7283
5683.2930 0.7280
5684.6006 0.7284
5685.9111 0.7285
5687.2192 0.7287
5688.5308 0.7285
5689.8394 0.7285
5691.1484 0.7289
5692.4609 0.7290
5693.7705 0.7290
5695.0835 0.7282
5696.3936 0.7269
5697.7070 0.7258
5699.0176 0.7252
5700.3286 0.7231
5701.6431 0.7179
5702.9551 0.7128
5704.2700 0.7138
5705.5825 0.7188
5706.8979 0.7225
5708.2109 0.7227
5709.5239 0.7225
5710.8408 0.7240
5712.1543 0.7254
5713.4717 0.7255
5714.7861 0.7241
5716.1040 0.7225
5717.4189 0.7220
5718.7339 0.7231
5720.0527 0.7235
5721.3687 0.7233
5722.6880 0.7233
5724.0044 0.7230
5725.3242 0.7228
5726.6416 0.7227
5727.9590 0.7227
5729.2798 0.7229
5730.5977 0.7229
5731.9194 0.7230
5733.2378 0.7238
5734.5601 0.7240
5735.8794 0.7239
5737.1987 0.7236
5738.5215 0.7228
5739.8418 0.7214
5741.1655 0.7205
5742.4863 0.7196
5743.8105 0.7181
5745.1318 0.7171
5746.4536 0.7181
5747.7783 0.7202
5749.1006 0.7211
5750.4268 0.7219
5751.7495 0.7232
5753.0757 0.7239
5754.3994 0.7235
5755.7231 0.7226
5757.0503 0.7217
5758.3745 0.7206
5759.7026 0.7201
5761.0273 0.7198
5762.3560 0.7188
5763.6816 0.7168
5765.0078 0.7161
5766.3369 0.7162
5767.6636 0.7152
5768.9937 0.7129
5770.3208 0.7099
5771.6514 0.7073
5772.9790 0.7053
5774.3071 0.7028
5775.6387 0.6939
5776.9673 0.6716
5778.2993 0.6491
5779.6289 0.6552
5780.9614 0.6798
5782.2915 0.6973
5783.6250 0.7050
5784.9556 0.7078
5786.2861 0.7093
5787.6206 0.7101
5788.9521 0.7110
5790.2871 0.7106
5791.6191 0.7088
5792.9546 0.7038
5794.2871 0.6969
5795.6201 0.6957
5796.9565 0.7042
5798.2900 0.7109
5799.6274 0.7133
5800.9614 0.7143
5802.2993 0.7152
5803.6338 0.7146
5804.9692 0.7136
5806.3076 0.7127
5807.6436 0.7119
5808.9824 0.7112
5810.3188 0.7111
5811.6587 0.7122
5812.9956 0.7147
5814.3330 0.7161
5815.6738 0.7168
5817.0117 0.7171
5818.3530 0.7168
5819.6914 0.7160
5821.0337 0.7156
5822.3726 0.7160
5823.7119 0.7162
5825.0552 0.7159
5826.3950 0.7153
5827.7388 0.7145
5829.0791 0.7151
5830.4233 0.7155
5831.7646 0.7147
5833.1064 0.7144
5834.4517 0.7155
5835.7935 0.7161
5837.1396 0.7153
5838.4824 0.7137
5839.8286 0.7115
5841.1719 0.7096
5842.5156 0.7091
5843.8633 0.7099
5845.2075 0.7108
5846.5552 0.7085
5847.9004 0.7065
5849.2490 0.7070
5850.5942 0.7087
5851.9404 0.7091
5853.2896 0.7096
5854.6362 0.7096
5855.9863 0.7094
5857.3335 0.7094
5858.6841 0.7098
5860.0322 0.7097
5861.3799 0.7089
5862.7319 0.7079
5864.0806 0.7068
5865.4326 0.7061
5866.7822 0.7061
5868.1348 0.7055
5869.4849 0.7033
5870.8350 0.6999
5872.1890 0.6930
5873.5400 0.6902
5874.8940 0.6961
5876.2456 0.7037
5877.6006 0.7058
5878.9531 0.7053
5880.3052 0.7035
5881.6611 0.7018
5883.0146 0.6998
5884.3711 0.6893
5885.7246 0.6461
5887.0820 0.5485
5888.4365 0.5362
5889.7939 0.6095
5891.1489 0.6585
5892.5044 0.6043
5893.8633 0.5474
5895.2192 0.5983
5896.5786 0.6641
5897.9351 0.6894
5899.2949 0.6879
5900.6523 0.6913
5902.0098 0.6950
5903.3706 0.6971
5904.7285 0.6974
5906.0903 0.6963
5907.4487 0.6949
5908.8110 0.6943
5910.1704 0.6951
5911.5303 0.6946
5912.8931 0.6939
5914.2534 0.6939
5915.6172 0.6928
5916.9780 0.6891
5918.3428 0.6886
5919.7041 0.6906
5921.0659 0.6886
5922.4312 0.6863
5923.7939 0.6887
5925.1597 0.6925
5926.5229 0.6934
5927.8896 0.6936
5929.2534 0.6930
5930.6172 0.6928
5931.9849 0.6934
5933.3496 0.6933
5934.7178 0.6919
5936.0830 0.6915
5937.4517 0.6906
5938.8179 0.6873
5940.1841 0.6836
5941.5537 0.6843
5942.9204 0.6849
5944.2910 0.6821
5945.6587 0.6818
5947.0298 0.6834
5948.3975 0.6842
5949.7661 0.6843
5951.1382 0.6854
5952.5073 0.6846
5953.8799 0.6789
5955.2495 0.6739
5956.6226 0.6745
5957.9932 0.6780
5959.3638 0.6794
5960.7378 0.6813
5962.1094 0.6826
5963.4839 0.6820
5964.8560 0.6800
5966.2314 0.6785
5967.6040 0.6790
5968.9766 0.6803
5970.3530 0.6820
5971.7266 0.6828
5973.1035 0.6808
5974.4780 0.6743
5975.8555 0.6658
5977.2305 0.6680
5978.6055 0.6754
5979.9839 0.6796
5981.3599 0.6793
5982.7388 0.6797
5984.1152 0.6787
5985.4951 0.6786
5986.8721 0.6770
5988.2495 0.6744
5989.6304 0.6738
5991.0083 0.6763
5992.3896 0.6779
5993.7681 0.6780
5995.1504 0.6778
5996.5298 0.6776
5997.9126 0.6776
5999.2920 0.6781
6000.6724 0.6772
6002.0562 0.6750
6003.4370 0.6735
6004.8213 0.6720
6006.2026 0.6694
6007.5874 0.6672
6008.9697 0.6669
6010.3521 0.6695
6011.7378 0.6730
6013.1211 0.6755
6014.5078 0.6760
6015.8911 0.6754
6017.2783 0.6748
6018.6626 0.6753
6020.0474 0.6753
6021.4355 0.6750
6022.8208 0.6748
6024.2095 0.6737
6025.5957 0.6730
6026.9849 0.6739
6028.3716 0.6749
6029.7583 0.6749
6031.1489 0.6740
6032.5361 0.6722
6033.9272 0.6693
6035.3154 0.6667
6036.7070 0.6677
6038.0957 0.6696
6039.4849 0.6699
6040.8774 0.6697
6042.2671 0.6687
6043.6606 0.6680
6045.0508 0.6692
6046.4448 0.6708
6047.8359 0.6712
6049.2271 0.6710
6050.6221 0.6707
6052.0142 0.6723
6053.4097 0.6735
6054.8022 0.6734
6056.1982 0.6723
6057.5918 0.6709
6058.9854 0.6699
6060.3823 0.6714
6061.7764 0.6717
6063.1743 0.6710
6064.5693 0.6707
6065.9678 0.6706
6067.3633 0.6701
6068.7588 0.6706
6070.1582 0.6716
6071.5547 0.6723
6072.9551 0.6725
6074.3521 0.6724
6075.7529 0.6723
6077.1504 0.6721
6078.5483 0.6715
6079.9502 0.6702
6081.3491 0.6692
6082.7515 0.6698
6084.1504 0.6712
6085.5537 0.6715
6086.9536 0.6707
6088.3540 0.6708
6089.7578 0.6720
6091.1587 0.6723
6092.5635 0.6722
6093.9648 0.6723
6095.3701 0.6721
6096.7725 0.6720
6098.1782 0.6721
6099.5811 0.6714
6100.9844 0.6703
6102.3911 0.6714
6103.7949 0.6719
6105.2026 0.6714
6106.6069 0.6710
6108.0151 0.6707
6109.4204 0.6688
6110.8257 0.6672
6112.2349 0.6684
6113.6411 0.6700
6115.0508 0.6705
6116.4575 0.6715
6117.8682 0.6714
6119.2754 0.6710
6120.6831 0.6706
6122.0947 0.6700
6123.5029 0.6694
6124.9150 0.6689
6126.3242 0.6689
6127.7368 0.6701
6129.1465 0.6713
6130.5566 0.6714
6131.9702 0.6708
6133.3809 0.6706
6134.7954 0.6703
6136.2065 0.6697
6137.6216 0.6687
6139.0337 0.6681
6140.4458 0.6683
6141.8618 0.6679
6143.2749 0.6628
6144.6914 0.6513
6146.1050 0.6468
6147.5220 0.6536
6148.9365 0.6638
6150.3511 0.6663
6151.7690 0.6642
6153.1846 0.6558
6154.6035 0.6497
6156.0190 0.6519
6157.4390 0.6592
6158.8555 0.6617
6160.2720 0.6607
6161.6929 0.6592
6163.1104 0.6577
6164.5312 0.6567
6165.9497 0.6564
6167.3711 0.6562
6168.7900 0.6555
6170.2095 0.6540
6171.6323 0.6513
6173.0518 0.6498
6174.4756 0.6503
6175.8960 0.6497
6177.3198 0.6502
6178.7412 0.6527
6180.1626 0.6544
6181.5874 0.6550
6183.0098 0.6553
6184.4355 0.6551
6185.8579 0.6560
6187.2847 0.6575
6188.7080 0.6586
6190.1318 0.6591
6191.5591 0.6582
6192.9834 0.6551
6194.4116 0.6543
6195.8364 0.6565
6197.2651 0.6573
6198.6909 0.6529
6200.1172 0.6452
6201.5469 0.6417
6202.9731 0.6463
6204.4038 0.6525
6205.8311 0.6569
6207.2622 0.6585
6208.6899 0.6582
6210.1216 0.6581
6211.5503 0.6594
6212.9795 0.6600
6214.4121 0.6604
6215.8418 0.6609
6217.2749 0.6611
6218.7056 0.6611
6220.1392 0.6611
6221.5703 0.6610
6223.0015 0.6605
6224.4365 0.6603
6225.8687 0.6610
6227.3042 0.6615
6228.7368 0.6610
6230.1729 0.6594
6231.6064 0.6586
6233.0400 0.6564
6234.4771 0.6500
6235.9116 0.6428
6237.3496 0.6473
6238.7842 0.6550
6240.2231 0.6575
6241.6587 0.6543
6243.0942 0.6466
6244.5342 0.6365
6245.9707 0.6418
6247.4111 0.6545
6248.8481 0.6597
6250.2891 0.6590
6251.7271 0.6591
6253.1650 0.6588
6254.6069 0.6590
6256.0459 0.6588
6257.4888 0.6582
6258.9282 0.6573
6260.3716 0.6567
6261.8115 0.6563
6263.2520 0.6548
6264.6963 0.6529
6266.1377 0.6472
6267.5825 0.6416
6269.0244 0.6421
6270.4702 0.6474
6271.9126 0.6491
6273.3555 0.6426
6274.8022 0.6258
6276.2456 0.6120
6277.6929 0.6084
6279.1372 0.6019
6280.5850 0.5860
6282.0298 0.5789
6283.4751 0.5941
6284.9238 0.6169
6286.3696 0.6297
6287.8193 0.6348
6289.2661 0.6375
6290.7163 0.6407
6292.1636 0.6433
6293.6108 0.6450
6295.0620 0.6456
6296.5103 0.6449
6297.9624 0.6449
6299.4111 0.6441
6300.8638 0.6422
6302.3135 0.6399
6303.7632 0.6386
6305.2168 0.6389
6306.6675 0.6399
6308.1216 0.6408
6309.5728 0.6432
6311.0278 0.6447
6312.4795 0.6420
6313.9316 0.6366
6315.3877 0.6322
6316.8403 0.6356
6318.2974 0.6411
6319.7510 0.6446
6321.2080 0.6456
6322.6621 0.6459
6324.1201 0.6481
6325.5752 0.6488
6327.0303 0.6462
6328.4893 0.6431
6329.9453 0.6432
6331.4048 0.6460
6332.8613 0.6473
6334.3218 0.6471
6335.7788 0.6464
6337.2363 0.6459
6338.6978 0.6451
6340.1558 0.6422
6341.6182 0.6343
6343.0767 0.5990
6344.5396 0.5814
6345.9990 0.6024
6347.4590 0.6356
6348.9229 0.6401
6350.3833 0.6397
6351.8477 0.6395
6353.3091 0.6400
6354.7739 0.6407
6356.2358 0.6408
6357.6982 0.6406
6359.1641 0.6393
6360.6270 0.6387
6362.0938 0.6390
6363.5576 0.6388
6365.0249 0.6349
6366.4893 0.6213
6367.9536 0.5926
6369.4224 0.5956
6370.8877 0.6219
6372.3564 0.6384
6373.8228 0.6350
6375.2925 0.6354
6376.7588 0.6340
6378.2261 0.6352
6379.6968 0.6362
6381.1646 0.6363
6382.6357 0.6371
6384.1040 0.6387
6385.5762 0.6401
6387.0454 0.6407
6388.5146 0.6405
6389.9878 0.6400
6391.4580 0.6395
6392.9316 0.6391
6394.4023 0.6379
6395.8770 0.6386
6397.3481 0.6388
6398.8198 0.6382
6400.2954 0.6381
6401.7681 0.6388
6403.2441 0.6379
6404.7173 0.6368
6406.1943 0.6370
6407.6680 0.6375
6409.1421 0.6368
6410.6196 0.6352
6412.0947 0.6312
6413.5732 0.6259
6415.0488 0.6279
6416.5278 0.6332
6418.0039 0.6351
6419.4805 0.6354
6420.9609 0.6357
6422.4380 0.6352
6423.9189 0.6346
6425.3970 0.6344
6426.8784 0.6336
6428.3569 0.6312
6429.8359 0.6278
6431.3184 0.6283
6432.7979 0.6307
6434.2812 0.6318
6435.7617 0.6309
6437.2456 0.6294
6438.7266 0.6280
6440.2114 0.6276
6441.6929 0.6251
6443.1748 0.6225
6444.6606 0.6229
6446.1431 0.6250
6447.6294 0.6247
6449.1128 0.6232
6450.6001 0.6160
6452.0840 0.6022
6453.5684 0.5939
6455.0566 0.6067
6456.5415 0.6199
6458.0303 0.6235
6459.5161 0.6233
6461.0054 0.6227
6462.4917 0.6220
6463.9785 0.6217
6465.4692 0.6210
6466.9565 0.6214
6468.4478 0.6221
6469.9360 0.6220
6471.4277 0.6206
6472.9165 0.6180
6474.4058 0.6178
6475.8984 0.6196
6477.3882 0.6172
6478.8818 0.6125
6480.3726 0.6107
6481.8667 0.6124
6483.3579 0.6162
6484.8496 0.6183
6486.3447 0.6178
6487.8369 0.6150
6489.3330 0.6120
6490.8262 0.6118
6492.3228 0.6131
6493.8164 0.6133
6495.3101 0.6149
6496.8081 0.6177
6498.3027 0.6195
6499.8013 0.6197
6501.2964 0.6189
6502.7954 0.6180
6504.2915 0.6175
6505.7876 0.6175
6507.2881 0.6178
6508.7852 0.6181
6510.2861 0.6167
6511.7837 0.6106
6513.2852 0.6046
6514.7837 0.6054
6516.2822 0.6115
6517.7852 0.6130
6519.2842 0.6133
6520.7876 0.6129
6522.2876 0.6125
6523.7920 0.6120
6525.2925 0.6110
6526.7939 0.6098
6528.2988 0.6092
6529.8008 0.6087
6531.3062 0.6089
6532.8091 0.6098
6534.3154 0.6108
6535.8184 0.6124
6537.3223 0.6140
6538.8296 0.6145
6540.3340 0.6131
6541.8423 0.6117
6543.3472 0.6133
6544.8560 0.6176
6546.3613 0.6200
6547.8677 0.6228
6549.3774 0.6235
6550.8843 0.6237
6552.3945 0.6255
6553.9019 0.6240
6555.4136 0.6067
6556.9214 0.5321
6558.4336 0.5492
6559.9424 0.6813
6561.4512 0.7835
6562.9644 0.7129
6564.4741 0.6504
6565.9878 0.6315
6567.4985 0.6270
6569.0127 0.6235
6570.5239 0.6221
6572.0356 0.6204
6573.5513 0.6193
6575.0635 0.6184
6576.5796 0.6181
6578.0923 0.6169
6579.6094 0.6149
6581.1230 0.6139
6582.6372 0.6124
6584.1548 0.6099
6585.6694 0.6089
6587.1885 0.6089
6588.7036 0.6083
6590.2231 0.6080
6591.7393 0.6081
6593.2554 0.6080
6594.7759 0.6071
6596.2930 0.6068
6597.8140 0.6076
6599.3320 0.6078
6600.8535 0.6071
6602.3721 0.6060
6603.8911 0.6059
6605.4141 0.6067
6606.9336 0.6073
6608.4570 0.6053
6609.9771 0.5967
6611.5015 0.5893
6613.0225 0.5947
6614.5439 0.6037
6616.0693 0.6050
6617.5913 0.6047
6619.1172 0.6035
6620.6396 0.6031
6622.1665 0.6027
6623.6899 0.6020
6625.2139 0.6022
6626.7417 0.6035
6628.2661 0.6034
6629.7944 0.6028
6631.3198 0.6028
6632.8486 0.6031
6634.3745 0.6033
6635.9009 0.6030
6637.4312 0.6029
6638.9580 0.6022
6640.4888 0.6008
6642.0166 0.5995
6643.5483 0.5994
6645.0767 0.6004
6646.6055 0.6013
6648.1382 0.6016
6649.6675 0.6015
6651.2007 0.6009
6652.7310 0.6002
6654.2651 0.5994
6655.7959 0.5993
6657.3271 0.5979
6658.8623 0.5975
6660.3940 0.5984
6661.9297 0.5996
6663.4624 0.6005
6664.9990 0.6011
6666.5322 0.6004
6668.0659 0.5991
6669.6035 0.5986
6671.1377 0.5991
6672.6763 0.5979
6674.2114 0.5943
6675.7505 0.5934
6677.2861 0.5959
6678.8257 0.5985
6680.3623 0.5993
6681.8989 0.5998
6683.4399 0.6005
6684.9775 0.6021
6686.5190 0.6019
6688.0571 0.6006
6689.5996 0.6000
6691.1382 0.5992
6692.6777 0.5984
6694.2212 0.5980
6695.7607 0.5967
6697.3052 0.5958
6698.8457 0.5963
6700.3906 0.5974
6701.9316 0.5987
6703.4736 0.5990
6705.0195 0.5987
6706.5620 0.5984
6708.1084 0.5984
6709.6519 0.5983
6711.1987 0.5968
6712.7427 0.5955
6714.2871 0.5957
6715.8354 0.5964
6717.3804 0.5963
6718.9292 0.5947
6720.4751 0.5900
6722.0249 0.5912
6723.5713 0.5957
6725.1177 0.5977
6726.6685 0.5962
6728.2163 0.5958
6729.7676 0.5950
6731.3159 0.5938
6732.8682 0.5934
6734.4170 0.5938
6735.9663 0.5940
6737.5195 0.5928
6739.0693 0.5917
6740.6235 0.5915
6742.1743 0.5919
6743.7290 0.5925
6745.2803 0.5929
6746.8320 0.5928
6748.3877 0.5931
6749.9404 0.5935
6751.4966 0.5935
6753.0498 0.5928
6754.6069 0.5920
6756.1611 0.5920
6757.7153 0.5926
6759.2734 0.5922
6760.8286 0.5916
6762.3877 0.5911
6763.9434 0.5909
6765.5029 0.5902
6767.0596 0.5898
6768.6162 0.5899
6770.1772 0.5895
6771.7344 0.5888
6773.2959 0.5889
6774.8540 0.5891
6776.4165 0.5887
6777.9756 0.5882
6779.5347 0.5879
6781.0981 0.5875
6782.6582 0.5869
6784.2222 0.5859
6785.7827 0.5856
6787.3477 0.5843
6788.9092 0.5809
6790.4707 0.5797
6792.0366 0.5829
6793.5991 0.5845
6795.1655 0.5851
6796.7290 0.5846
6798.2964 0.5840
6799.8604 0.5837
6801.4282 0.5839
6802.9927 0.5843
6804.5581 0.5849
6806.1270 0.5850
6807.6929 0.5843
6809.2627 0.5836
6810.8291 0.5834
6812.3994 0.5830
6813.9668 0.5827
6815.5342 0.5825
6817.1060 0.5828
6818.6743 0.5831
6820.2466 0.5828
6821.8154 0.5827
6823.3887 0.5826
6824.9585 0.5816
6826.5283 0.5808
6828.1025 0.5808
6829.6733 0.5813
6831.2485 0.5812
6832.8198 0.5804
6834.3955 0.5800
6835.9678 0.5801
6837.5405 0.5802
6839.1172 0.5800
6840.6904 0.5798
6842.2681 0.5796
6843.8418 0.5794
6845.4199 0.5793
6846.9946 0.5791
6848.5698 0.5789
6850.1494 0.5788
6851.7251 0.5783
6853.3052 0.5780
6854.8818 0.5782
6856.4624 0.5779
6858.0396 0.5761
6859.6177 0.5748
6861.1992 0.5764
6862.7778 0.5772
6864.3604 0.5772
6865.9395 0.5772
6867.5225 0.5771
6869.1025 0.5767
6870.6826 0.5765
6872.2671 0.5765
6873.8481 0.5763
6875.4331 0.5762
6877.0146 0.5756
6878.6006 0.5736
6880.1831 0.5735
6881.7656 0.5750
6883.3525 0.5754
6884.9360 0.5751
6886.5239 0.5751
6888.1079 0.5747
6889.6963 0.5746
6891.2812 0.5746
6892.8667 0.5744
6894.4561 0.5741
6896.0425 0.5739
6897.6323 0.5736
6899.2192 0.5735
6900.8105 0.5724
6902.3979 0.5710
6903.9858 0.5710
6905.5776 0.5723
6907.1665 0.5724
6908.7593 0.5723
6910.3486 0.5721
6911.9419 0.5720
6913.5322 0.5719
6915.1226 0.5716
6916.7173 0.5713
6918.3081 0.5711
6919.9038 0.5709
6921.4956 0.5708
6923.0918 0.5704
6924.6846 0.5696
6926.2812 0.5694
6927.8745 0.5699
6929.4683 0.5701
6931.0664 0.5700
6932.6606 0.5698
6934.2593 0.5698
6935.8545 0.5695
6937.4541 0.5693
6939.0498 0.5693
6940.6460 0.5692
6942.2466 0.5689
6943.8438 0.5686
6945.4448 0.5686
6947.0430 0.5684
6948.6445 0.5683
6950.2432 0.5676
6951.8423 0.5669
6953.4453 0.5672
6955.0449 0.5676
6956.6489 0.5673
6958.2490 0.5668
6959.8535 0.5666
6961.4546 0.5665
6963.0562 0.5661
6964.6621 0.5659
6966.2642 0.5662
6967.8706 0.5657
6969.4736 0.5654
6971.0806 0.5654
6972.6841 0.5651
6974.2886 0.5644
6975.8965 0.5642
6977.5015 0.5641
6979.1104 0.5639
6980.7158 0.5641
6982.3257 0.5646
6983.9321 0.5645
6985.5386 0.5647
6987.1494 0.5640
6988.7568 0.5621
6990.3687 0.5605
6991.9766 0.5610
6993.5889 0.5631
6995.1978 0.5629
6996.8071 0.5613
6998.4204 0.5599
7000.0303 0.5601
7001.6445 0.5615
7003.2554 0.5617
7004.8701 0.5612
7006.4819 0.5613
7008.0938 0.5619
7009.7095 0.5625
7011.3223 0.5629
7012.9390 0.5627
7014.5522 0.5628
7016.1699 0.5626
7017.7837 0.5622
7019.3984 0.5624
7021.0171 0.5630
7022.6323 0.5626
7024.2515 0.5614
7025.8677 0.5618
7027.4878 0.5616
7029.1045 0.5609
7030.7212 0.5616
7032.3428 0.5629
7033.9604 0.5624
7035.5825 0.5616
7037.2007 0.5594
7038.8237 0.5577
7040.4429 0.5584
7042.0664 0.5596
7043.6865 0.5589
7045.3066 0.5595
7046.9316 0.5598
7048.5527 0.5599
7050.1782 0.5603
7051.7998 0.5595
7053.4263 0.5576
7055.0488 0.5571
7056.6719 0.5554
7058.2988 0.5525
7059.9229 0.5507
7061.5508 0.5510
7063.1753 0.5519
7064.8037 0.5536
7066.4292 0.5543
7068.0547 0.5548
7069.6846 0.5563
7071.3110 0.5571
7072.9419 0.5574
7074.5688 0.5571
7076.2002 0.5572
7077.8281 0.5576
7079.4561 0.5574
7081.0889 0.5567
7082.7178 0.5570
7084.3511 0.5572
7085.9810 0.5574
7087.6147 0.5575
7089.2451 0.5576
7090.8760 0.5579
7092.5112 0.5583
7094.1431 0.5585
7095.7788 0.5582
7097.4111 0.5577
7099.0479 0.5576
7100.6812 0.5580
7102.3145 0.5580
7103.9521 0.5578
7105.5864 0.5577
7107.2251 0.5574
7108.8599 0.5569
7110.4995 0.5565
7112.1353 0.5560
7113.7715 0.5554
7115.4116 0.5555
7117.0483 0.5559
7118.6899 0.5563
7120.3271 0.5570
7121.9692 0.5572
7123.6079 0.5568
7125.2466 0.5564
7126.8896 0.5564
7128.5293 0.5564
7130.1729 0.5562
7131.8130 0.5557
7133.4580 0.5558
7135.0986 0.5559
7136.7402 0.5558
7138.3857 0.5558
7140.0283 0.5558
7141.6748 0.5556
7143.3174 0.5555
7144.9648 0.5557
7146.6084 0.5557
7148.2524 0.5555
7149.9009 0.5554
7151.5459 0.5546
7153.1948 0.5527
7154.8403 0.5531
7156.4902 0.5547
7158.1367 0.5549
7159.7832 0.5546
7161.4346 0.5543
7163.0820 0.5542
7164.7339 0.5544
7166.3818 0.5545
7168.0347 0.5544
7169.6836 0.5544
7171.3369 0.5543
7172.9863 0.5543
7174.6367 0.5544
7176.2910 0.5543
7177.9419 0.5541
7179.5972 0.5542
7181.2490 0.5545
7182.9048 0.5548
7184.5571 0.5549
7186.2100 0.5542
7187.8672 0.5524
7189.5210 0.5499
7191.1787 0.5481
7192.8330 0.5470
7194.4917 0.5463
7196.1465 0.5457
7197.8022 0.5452
7199.4619 0.5448
7201.1182 0.5447
7202.7788 0.5443
7204.4355 0.5438
7206.0972 0.5435
7207.7549 0.5434
7209.4131 0.5431
7211.0757 0.5428
7212.7344 0.5428
7214.3975 0.5428
7216.0571 0.5428
7217.7212 0.5426
7219.3818 0.5426
7221.0425 0.5426
7222.7075 0.5424
7224.3691 0.5424
7226.0352 0.5424
7227.6973 0.5422
7229.3643 0.5422
7231.0273 0.5422
7232.6909 0.5420
7234.3584 0.5421
7236.0229 0.5421
7237.6914 0.5417
7239.3564 0.5416
7241.0259 0.5420
7242.6919 0.5419
7244.3579 0.5417
7246.0283 0.5416
7247.6953 0.5413
7249.3667 0.5407
7251.0342 0.5398
7252.7065 0.5404
7254.3750 0.5409
7256.0439 0.5408
7257.7168 0.5405
7259.3867 0.5402
7261.0605 0.5389
7262.7310 0.5386
7264.4058 0.5391
7266.0771 0.5393
7267.7485 0.5389
7269.4243 0.5387
7271.0967 0.5386
7272.7734 0.5387
7274.4463 0.5385
7276.1240 0.5383
7277.7979 0.5382
7279.4722 0.5380
7281.1509 0.5377
7282.8257 0.5370
7284.5054 0.5362
7286.1812 0.5361
7287.8613 0.5365
7289.5376 0.5365
7291.2148 0.5364
7292.8960 0.5362
7294.5737 0.5360
7296.2559 0.5359
7297.9341 0.5358
7299.6172 0.5356
7301.2964 0.5352
7302.9800 0.5347
7304.6602 0.5346
7306.3408 0.5351
7308.0254 0.5355
7309.7065 0.5353
7311.3921 0.5352
7313.0742 0.5350
7314.7607 0.5344
7316.4434 0.5339
7318.1265 0.5336
7319.8140 0.5335
7321.4980 0.5331
7323.1860 0.5328
7324.8711 0.5326
7326.5601 0.5321
7328.2456 0.5315
7329.9312 0.5313
7331.6216 0.5313
7333.3081 0.5312
7334.9995 0.5310
7336.6865 0.5310
7338.3784 0.5311
7340.0669 0.5310
7341.7554 0.5305
7343.4482 0.5302
7345.1377 0.5300
7346.8315 0.5298
7348.5215 0.5293
7350.2163 0.5290
7351.9067 0.5288
7353.5981 0.5285
7355.2939 0.5281
7356.9858 0.5279
7358.6826 0.5282
7360.3755 0.5281
7362.0728 0.5272
7363.7661 0.5267
7365.4604 0.5264
7367.1587 0.5262
7368.8535 0.5262
7370.5527 0.5258
7372.2485 0.5263
7373.9487 0.5271
7375.6450 0.5278
7377.3418 0.5273
7379.0430 0.5260
7380.7402 0.5260
7382.4424 0.5275
7384.1406 0.5279
7385.8433 0.5279
7387.5425 0.5274
7389.2422 0.5262
7390.9458 0.5250
7392.6465 0.5269
7394.3511 0.5286
7396.0522 0.5285
7397.7573 0.5277
7399.4595 0.5274
7401.1616 0.5264
7402.8682 0.5232
7404.5713 0.5210
7406.2788 0.5214
7407.9824 0.5222
7409.6909 0.5222
7411.3955 0.5239
7413.1006 0.5242
7414.8101 0.5243
7416.5156 0.5233
7418.2261 0.5181
7419.9326 0.5100
7421.6436 0.5077
7423.3506 0.5144
7425.0586 0.5186
7426.7705 0.5184
7428.4795 0.5186
7430.1924 0.5218
7431.9014 0.5227
7433.6152 0.5214
7435.3257 0.5208
7437.0400 0.5149
7438.7510 0.5058
7440.4624 0.5034
7442.1777 0.5120
7443.8901 0.5175
7445.6064 0.5185
7447.3193 0.5200
7449.0366 0.5220
7450.7505 0.5215
7452.4644 0.5208
7454.1831 0.5215
7455.8979 0.5216
7457.6172 0.5180
7459.3325 0.5148
7461.0527 0.5152
7462.7690 0.5108
7464.4858 0.4950
7466.2070 0.4948
7467.9248 0.5056
7469.6470 0.5122
7471.3652 0.5112
7473.0884 0.5139
7474.8076 0.5149
7476.5269 0.5165
7478.2510 0.5154
7479.9712 0.5130
7481.6963 0.5132
7483.4175 0.5146
7485.1431 0.5158
7486.8652 0.5144
7488.5874 0.5126
7490.3145 0.5117
7492.0371 0.5105
7493.7651 0.5075
7495.4888 0.5054
7497.2173 0.5044
7498.9419 0.5063
7500.6670 0.5096
7502.3970 0.5111
7504.1226 0.5111
7505.8530 0.5091
7507.5801 0.5088
7509.3110 0.5082
7511.0386 0.5063
7512.7666 0.5047
7514.4990 0.5050
7516.2275 0.5054
7517.9609 0.5053
7519.6904 0.5047
7521.4243 0.5047
7523.1548 0.5059
7524.8853 0.5059
7526.6206 0.5064
7528.3521 0.5057
7530.0884 0.5048
7531.8203 0.5045
7533.5571 0.5041
7535.2905 0.5026
7537.0239 0.5010
7538.7617 0.5009
7540.4961 0.5018
7542.2349 0.5025
7543.9702 0.5024
7545.7095 0.5022
7547.4453 0.5021
7549.1816 0.5019
7550.9229 0.5016
7552.6597 0.5013
7554.4014 0.5010
7556.1392 0.5011
7557.8818 0.5013
7559.6201 0.5013
7561.3594 0.5010
7563.1030 0.5008
7564.8428 0.5010
7566.5874 0.5010
7568.3281 0.5007
7570.0732 0.5007
7571.8149 0.5009
7573.5610 0.5009
7575.3032 0.5008
7577.0459 0.5006
7578.7930 0.5007
7580.5366 0.5008
7582.2847 0.5006
7584.0288 0.5004
7585.7778 0.5003
7587.5229 0.5004
7589.2686 0.5004
7591.0186 0.5001
7592.7646 0.4999
7594.5156 0.4999
7596.2627 0.4999
7598.0142 0.4997
7599.7622 0.4994
7601.5107 0.4994
7603.2637 0.4994
7605.0127 0.4993
7606.7661 0.4988
7608.5161 0.4979
7610.2710 0.4970
7612.0215 0.4961
7613.7725 0.4953
7615.5283 0.4946
7617.2803 0.4939
7619.0366 0.4940
7620.7896 0.4943
7622.5469 0.4941
7624.3003 0.4940
7626.0542 0.4942
7627.8130 0.4943
7629.5679 0.4943
7631.3271 0.4940
7633.0825 0.4940
7634.8428 0.4937
7636.5991 0.4931
7638.3560 0.4928
7640.1172 0.4931
7641.8750 0.4932
7643.6372 0.4931
7645.3955 0.4929
7647.1587 0.4926
7648.9180 0.4924
7650.6772 0.4919
7652.4419 0.4914
7654.2021 0.4917
7655.9673 0.4919
7657.7285 0.4919
7659.4941 0.4920
7661.2563 0.4918
7663.0186 0.4916
7664.7856 0.4914
7666.5493 0.4913
7668.3169 0.4912
7670.0811 0.4909
7671.8496 0.4907
7673.6147 0.4905
7675.3799 0.4905
7677.1499 0.4904
7678.9160 0.4902
7680.6870 0.4901
7682.4536 0.4901
7684.2251 0.4899
7685.9932 0.4890
7687.7612 0.4886
7689.5342 0.4889
7691.3027 0.4891
7693.0767 0.4889
7694.8462 0.4886
7696.6206 0.4884
7698.3911 0.4885
7700.1621 0.4887
7701.9380 0.4886
7703.7100 0.4883
7705.4863 0.4880
7707.2588 0.4874
7709.0361 0.4872
7710.8096 0.4872
7712.5879 0.4867
7714.3618 0.4858
7716.1367 0.4853
7717.9160 0.4852
7719.6914 0.4849
7721.4717 0.4846
7723.2480 0.4847
7725.0288 0.4850
7726.8062 0.4850
7728.5835 0.4848
7730.3657 0.4848
7732.1440 0.4852
7733.9272 0.4855
7735.7065 0.4855
7737.4902 0.4853
7739.2700 0.4851
7741.0508 0.4849
7742.8354 0.4848
7744.6167 0.4851
7746.4028 0.4854
7748.1851 0.4857
7749.9717 0.4860
7751.7544 0.4857
7753.5376 0.4849
7755.3257 0.4847
7757.1099 0.4853
7758.8984 0.4849
7760.6836 0.4842
7762.4731 0.4837
7764.2588 0.4832
7766.0449 0.4768
7767.8359 0.4554
7769.6226 0.4356
7771.4146 0.4327
7773.2021 0.4496
7774.9946 0.4691
7776.7832 0.4758
7778.5723 0.4811
7780.3662 0.4835
7782.1558 0.4846
7783.9507 0.4854
7785.7412 0.4858
7787.5366 0.4854
7789.3281 0.4851
7791.1201 0.4856
7792.9165 0.4853
7794.7095 0.4830
7796.5068 0.4801
7798.3003 0.4801
7800.0986 0.4842
7801.8931 0.4845
7803.6880 0.4853
7805.4873 0.4858
7807.2832 0.4846
7809.0835 0.4831
7810.8799 0.4854
7812.6812 0.4869
7814.4785 0.4864
7816.2759 0.4857
7818.0786 0.4853
7819.8770 0.4839
7821.6802 0.4809
7823.4795 0.4767
7825.2837 0.4780
7827.0840 0.4807
7828.8843 0.4817
7830.6899 0.4818
7832.4912 0.4830
7834.2974 0.4832
7836.0996 0.4824
7837.9067 0.4820
7839.7100 0.4820
7841.5132 0.4815
7843.3213 0.4810
7845.1260 0.4808
7846.9351 0.4802
7848.7402 0.4792
7850.5498 0.4784
7852.3560 0.4781
7854.1665 0.4777
7855.9736 0.4767
7857.7808 0.4765
7859.5928 0.4748
7861.4009 0.4678
7863.2139 0.4584
7865.0225 0.4605
7866.8364 0.4717
7868.6460 0.4761
7870.4561 0.4752
7872.2710 0.4707
7874.0820 0.4662
7875.8979 0.4724
7877.7100 0.4745
7879.5264 0.4748
7881.3389 0.4749
7883.1519 0.4739
7884.9697 0.4718
7886.7837 0.4722
7888.6025 0.4730
7890.4175 0.4707
7892.2368 0.4656
7894.0522 0.4655
7895.8687 0.4729
7897.6890 0.4737
7899.5059 0.4722
7901.3276 0.4727
7903.1455 0.4733
7904.9678 0.4725
7906.7861 0.4712
7908.6055 0.4709
7910.4292 0.4702
7912.2485 0.4692
7914.0732 0.4690
7915.8940 0.4686
7917.7192 0.4671
7919.5405 0.4664
7921.3628 0.4676
7923.1895 0.4684
7925.0122 0.4677
7926.8394 0.4671
7928.6631 0.4662
7930.4912 0.4610
7932.3159 0.4507
7934.1406 0.4443
7935.9702 0.4458
7937.7959 0.4525
7939.6265 0.4590
7941.4526 0.4623
7943.2842 0.4614
7945.1113 0.4609
7946.9390 0.4619
7948.7720 0.4636
7950.6006 0.4652
7952.4336 0.4662
7954.2632 0.4658
7956.0977 0.4655
7957.9277 0.4657
7959.7583 0.4655
7961.5938 0.4652
7963.4253 0.4665
7965.2617 0.4662
7967.0942 0.4655
7968.9316 0.4647
7970.7646 0.4637
7972.5981 0.4632
7974.4370 0.4644
7976.2715 0.4651
7978.1108 0.4651
7979.9458 0.4652
7981.7861 0.4656
7983.6226 0.4659
7985.4590 0.4660
7987.3003 0.4656
7989.1377 0.4638
7990.9800 0.4620
7992.8184 0.4616
7994.6616 0.4623
7996.5005 0.4629
7998.3447 0.4628
8000.1846 0.4622
8002.0249 0.4624
8003.8706 0.4630
8005.7114 0.4629
8007.5576 0.4622
8009.3999 0.4614
8011.2471 0.4607
8013.0898 0.4607
8014.9331 0.4609
8016.7812 0.4609
8018.6255 0.4609
8020.4746 0.4597
8022.3198 0.4604
8024.1699 0.4616
8026.0156 0.4621
8027.8623 0.4622
8029.7134 0.4622
8031.5605 0.4610
8033.4126 0.4602
8035.2607 0.4603
8037.1138 0.4608
8038.9624 0.4610
8040.8120 0.4607
8042.6660 0.4605
8044.5161 0.4605
8046.3711 0.4603
8048.2222 0.4605
8050.0781 0.4609
8051.9302 0.4595
8053.7827 0.4590
8055.6396 0.4595
8057.4927 0.4598
8059.3511 0.4596
8061.2051 0.4595
8063.0640 0.4596
8064.9189 0.4605
8066.7739 0.4605
8068.6343 0.4605
8070.4902 0.4607
8072.3516 0.4599
8074.2085 0.4592
8076.0703 0.4591
8077.9282 0.4590
8079.7866 0.4588
8081.6499 0.4587
8083.5088 0.4584
8085.3730 0.4580
8087.2329 0.4574
8089.0981 0.4574
8090.9590 0.4573
8092.8203 0.4569
8094.6865 0.4567
8096.5483 0.4569
8098.4155 0.4568
8100.2788 0.4569
8102.1465 0.4567
8104.0103 0.4564
8105.8745 0.4562
8107.7441 0.4563
8109.6089 0.4563
8111.4790 0.4561
8113.3452 0.4559
8115.2163 0.4557
8117.0830 0.4555
8118.9502 0.4555
8120.8228 0.4555
8122.6909 0.4552
8124.5640 0.4549
8126.4326 0.4547
8128.3066 0.4547
8130.1768 0.4547
8132.0513 0.4546
8133.9224 0.4544
8135.7935 0.4540
8137.6694 0.4538
8139.5415 0.4538
8141.4185 0.4539
8143.2915 0.4537
8145.1694 0.4533
8147.0430 0.4531
8148.9175 0.4530
8150.7964 0.4529
8152.6714 0.4526
8154.5513 0.4523
8156.4272 0.4522
8158.3081 0.4521
8160.1851 0.4520
8162.0625 0.4519
8163.9443 0.4519
8165.8228 0.4517
8167.7056 0.4514
8169.5845 0.4512
8171.4683 0.4511
8173.3481 0.4511
8175.2285 0.4511
8177.1138 0.4508
8178.9951 0.4502
8180.8809 0.4499
8182.7632 0.4496
8184.6499 0.4493
8186.5327 0.4498
8188.4160 0.4497
8190.3042 0.4492
8192.1885 0.4493
8194.0771 0.4496
8195.9629 0.4493
8197.8525 0.4489
8199.7383 0.4487
8201.6250 0.4488
8203.5156 0.4488
8205.4033 0.4488
8207.2959 0.4482
8209.1836 0.4457
8211.0762 0.4432
8212.9658 0.4447
8214.8545 0.4470
8216.7490 0.4472
8218.6396 0.4462
8220.5342 0.4465
8222.4258 0.4475
8224.3223 0.4469
8226.2139 0.4464
8228.1064 0.4461
8230.0039 0.4445
8231.8965 0.4435
8233.7949 0.4455
8235.6895 0.4462
8237.5889 0.4454
8239.4834 0.4453
8241.3789 0.4462
8243.2793 0.4453
8245.1758 0.4431
8247.0771 0.4445
8248.9746 0.4458
8250.8770 0.4455
8252.7744 0.4456
8254.6729 0.4454
8256.5771 0.4453
8258.4766 0.4453
8260.3809 0.4451
8262.2812 0.4449
8264.1865 0.4453
8266.0869 0.4451
8267.9893 0.4449
8269.8955 0.4449
8271.7979 0.4446
8273.7051 0.4445
8275.6084 0.4444
8277.5166 0.4429
8279.4209 0.4431
8281.3301 0.4418
8283.2354 0.4409
8285.1416 0.4421
8287.0518 0.4433
8288.9580 0.4417
8290.8691 0.4447
8292.7773 0.4440
8294.6895 0.4407
8296.5977 0.4410
8298.5059 0.4448
8300.4199 0.4420
8302.3291 0.4377
8304.2432 0.4416
8306.1543 0.4464
8308.0693 0.4434
8309.9805 0.4347
8311.8926 0.4353
8313.8086 0.4434
8315.7217 0.4457
8317.6396 0.4388
8319.5527 0.4321
8321.4707 0.4357
8323.3857 0.4449
8325.2998 0.4473
8327.2197 0.4407
8329.1357 0.4294
8331.0566 0.4266
8332.9727 0.4385
8334.8945 0.4461
8336.8115 0.4469
8338.7295 0.4408
8340.6523 0.4280
8342.5713 0.4228
8344.4951 0.4358
8346.4150 0.4464
8348.3398 0.4497
8350.2598 0.4487
8352.1807 0.4394
8354.1074 0.4254
8356.0293 0.4206
8357.9561 0.4340
8359.8789 0.4443
8361.8066 0.4483
8363.7295 0.4492
8365.6543 0.4466
8367.5830 0.4371
8369.5078 0.4209
8371.4375 0.4161
8373.3643 0.4305
8375.2949 0.4435
8377.2217 0.4471
8379.1484 0.4488
8381.0811 0.4482
8383.0088 0.4453
8384.9424 0.4384
8386.8711 0.4217
8388.8047 0.4100
8390.7344 0.4206
8392.6650 0.4344
8394.6006 0.4419
8396.5312 0.4458
8398.4678 0.4481
8400.3994 0.4477
8402.3369 0.4434
8404.2695 0.4370
8406.2031 0.4290
8408.1416 0.4119
8410.0762 0.4084
8412.0156 0.4224
8413.9502 0.4357
8415.8906 0.4414
8417.8271 0.4457
8419.7637 0.4481
8421.7051 0.4491
8423.6426 0.4489
8425.5850 0.4470
8427.5234 0.4434
8429.4668 0.4392
8431.4053 0.4271
8433.3496 0.4088
8435.2900 0.4039
8437.2305 0.4238
8439.1758 0.4346
8441.1172 0.4150
8443.0645 0.4041
8445.0059 0.4241
8446.9541 0.4479
8448.8965 0.4452
8450.8408 0.4465
8452.7891 0.4466
8454.7344 0.4456
8456.6836 0.4421
8458.6289 0.4358
8460.5791 0.4249
8462.5254 0.4062
8464.4727 0.4059
8466.4248 0.4245
8468.3721 0.4389
8470.3252 0.4432
8472.2734 0.4463
8474.2275 0.4467
8476.1768 0.4460
8478.1270 0.4458
8480.0820 0.4462
8482.0322 0.4459
8483.9883 0.4441
8485.9404 0.4425
8487.8975 0.4419
8489.8496 0.4434
8491.8027 0.4323
8493.7607 0.4158
8495.7148 0.4099
8497.6738 0.4016
8499.6289 0.3998
8501.5889 0.4180
8503.5449 0.4329
8505.5010 0.4372
8507.4619 0.4409
8509.4199 0.4393
8511.3818 0.4403
8513.3398 0.4437
8515.3027 0.4445
8517.2617 0.4428
8519.2217 0.4428
8521.1855 0.4440
8523.1465 0.4450
8525.1113 0.4450
8527.0723 0.4444
8529.0391 0.4438
8531.0010 0.4424
8532.9639 0.4385
8534.9316 0.4331
8536.8945 0.4064
8538.8633 0.3877
8540.8281 0.3888
8542.7969 0.3980
8544.7627 0.4186
8546.7285 0.4304
8548.6992 0.4356
8550.6660 0.4370
8552.6377 0.4371
8554.6045 0.4379
8556.5771 0.4390
8558.5459 0.4390
8560.5146 0.4396
8562.4893 0.4374
8564.4590 0.4353
8566.4336 0.4377
8568.4043 0.4379
8570.3799 0.4375
8572.3516 0.4377
8574.3242 0.4379
8576.3008 0.4383
8578.2744 0.4389
8580.2520 0.4387
8582.2256 0.4376
8584.2051 0.4370
8586.1797 0.4359
8588.1602 0.4309
8590.1357 0.4210
8592.1113 0.4101
8594.0928 0.3927
8596.0703 0.4007
8598.0527 0.4195
8600.0303 0.4314
8602.0137 0.4354
8603.9922 0.4368
8605.9717 0.4374
8607.9561 0.4370
8609.9365 0.4365
8611.9219 0.4363
8613.9033 0.4351
8615.8896 0.4320
8617.8711 0.4303
8619.8535 0.4323
8621.8418 0.4340
8623.8252 0.4304
8625.8135 0.4256
8627.7979 0.4328
8629.7881 0.4360
8631.7725 0.4365
8633.7588 0.4363
8635.7500 0.4359
8637.7363 0.4357
8639.7285 0.4349
8641.7158 0.4345
8643.7080 0.4349
8645.6973 0.4351
8647.6855 0.4344
8649.6797 0.4327
8651.6699 0.4297
8653.6650 0.4317
8655.6553 0.4209
8657.6514 0.3988
8659.6436 0.3830
8661.6357 0.3889
8663.6328 0.4090
8665.6260 0.4255
8667.6240 0.4324
8669.6182 0.4347
8671.6172 0.4367
8673.6123 0.4338
8675.6074 0.4159
8677.6084 0.4086
8679.6045 0.4107
8681.6055 0.4174
8683.6025 0.4272
8685.6055 0.4374
8687.6035 0.4388
8689.6025 0.4386
8691.6055 0.4379
8693.6055 0.4378
8695.6104 0.4367
8697.6104 0.4315
8699.6162 0.4239
8701.6172 0.4311
8703.6191 0.4385
8705.6260 0.4330
8707.6289 0.4249
8709.6367 0.4304
8711.6406 0.4379
8713.6494 0.4297
8715.6543 0.4266
8717.6592 0.4322
8719.6699 0.4374
8721.6758 0.4357
8723.6865 0.4337
8725.6934 0.4320
8727.7061 0.4342
8729.7129 0.4357
8731.7217 0.4351
8733.7354 0.4349
8735.7441 0.4341
8737.7588 0.4335
8739.7686 0.4311
8741.7842 0.4264
8743.7949 0.4123
8745.8115 0.3909
8747.8232 0.3932
8749.8359 0.4161
8751.8535 0.4283
8753.8672 0.4324
8755.8857 0.4355
8757.9004 0.4361
8759.9199 0.4358
8761.9346 0.4362
8763.9502 0.4359
8765.9717 0.4351
8767.9883 0.4344
8770.0098 0.4340
8772.0273 0.4341
8774.0498 0.4339
8776.0684 0.4327
8778.0879 0.4322
8780.1113 0.4328
8782.1318 0.4336
8784.1562 0.4341
8786.1777 0.4343
8788.2031 0.4344
8790.2256 0.4345
8792.2471 0.4345
8794.2754 0.4344
8796.2979 0.4339
8798.3262 0.4335
8800.3506 0.4322
8802.3799 0.4313
8804.4053 0.4315
8806.4307 0.4317
8808.4609 0.4306
8810.4873 0.4303
8812.5195 0.4315
8814.5459 0.4311
8816.5791 0.4293
8818.6074 0.4291
8820.6357 0.4307
8822.6699 0.4312
8824.6992 0.4321
8826.7344 0.4320
8828.7646 0.4310
8830.8008 0.4306
8832.8330 0.4303
8834.8643 0.4303
8836.9014 0.4303
8838.9346 0.4300
8840.9727 0.4293
8843.0068 0.4281
8845.0459 0.4264
8847.0811 0.4250
8849.1162 0.4217
8851.1562 0.4176
8853.1924 0.4125
8855.2344 0.4031
8857.2715 0.3877
8859.3145 0.3809
8861.3516 0.3922
8863.3906 0.4045
8865.4346 0.4099
8867.4736 0.4148
8869.5186 0.4179
8871.5596 0.4208
8873.6045 0.4233
8875.6465 0.4246
8877.6885 0.4255
8879.7354 0.4270
8881.7783 0.4282
8883.8262 0.4290
8885.8701 0.4294
8887.9189 0.4298
8889.9639 0.4301
8892.0088 0.4304
8894.0596 0.4309
8896.1055 0.4312
8898.1562 0.4313
8900.2041 0.4312
8902.2559 0.4313
8904.3037 0.4312
8906.3574 0.4303
8908.4062 0.4294
8910.4561 0.4306
8912.5107 0.4314
8914.5605 0.4311
8916.6162 0.4312
8918.6680 0.4312
8920.7246 0.4308
8922.7764 0.4301
8924.8291 0.4304
8926.8867 0.4312
8928.9404 0.4308
8931.0000 0.4301
8933.0547 0.4301
8935.1143 0.4303
8937.1699 0.4304
8939.2256 0.4303
8941.2871 0.4301
8943.3438 0.4297
8945.4062 0.4296
8947.4639 0.4295
8949.5273 0.4294
8951.5859 0.4292
8953.6455 0.4289
8955.7100 0.4287
8957.7705 0.4287
8959.8359 0.4285
8961.8975 0.4282
8963.9639 0.4279
8966.0264 0.4278
8968.0889 0.4275
8970.1572 0.4271
8972.2207 0.4268
8974.2891 0.4262
8976.3535 0.4254
8978.4238 0.4249
8980.4893 0.4247
8982.5557 0.4242
8984.6270 0.4230
8986.6934 0.4218
8988.7656 0.4209
8990.8340 0.4196
8992.9072 0.4176
8994.9756 0.4152
8997.0449 0.4123
8999.1201 0.4086
9001.1904 0.4037
9003.2656 0.3979
9005.3369 0.3911
9007.4131 0.3832
9009.4854 0.3733
9011.5586 0.3707
9013.6357 0.3777
9015.7100 0.3867
9017.7891 0.3938
9019.8633 0.3999
9021.9434 0.4048
9024.0186 0.4087
9026.0947 0.4119
9028.1758 0.4144
9030.2529 0.4162
9032.3350 0.4177
9034.4131 0.4188
9036.4971 0.4197
9038.5752 0.4202
9040.6543 0.4201
9042.7393 0.4201
9044.8193 0.4207
9046.9053 0.4213
9048.9863 0.4218
9051.0732 0.4221
9053.1553 0.4220
9055.2383 0.4216
9057.3262 0.4184
9059.4102 0.4187
9061.4990 0.4211
9063.5840 0.4223
9065.6738 0.4220
9067.7588 0.4219
9069.8506 0.4216
9071.9365 0.4176
9074.0234 0.4162
9076.1162 0.4193
9078.2041 0.4220
9080.2979 0.4217
9082.3867 0.4208
9084.4805 0.4193
9086.5703 0.4201
9088.6611 0.4201
9090.7568 0.4163
9092.8486 0.4189
9094.9453 0.4210
9097.0371 0.4206
9099.1348 0.4201
9101.2285 0.4204
9103.3223 0.4204
9105.4209 0.4200
9107.5156 0.4186
9109.6162 0.4194
9111.7119 0.4201
9113.8125 0.4197
9115.9092 0.4193
9118.0068 0.4170
9120.1094 0.4173
9122.2070 0.4189
9124.3105 0.4196
9126.4102 0.4180
9128.5146 0.4159
9130.6143 0.4178
9132.7148 0.4187
9134.8213 0.4187
9136.9219 0.4187
9139.0293 0.4186
9141.1318 0.4182
9143.2393 0.4180
9145.3428 0.4178
9147.4473 0.4179
9149.5566 0.4176
9151.6611 0.4170
9153.7715 0.4168
9155.8770 0.4167
9157.9883 0.4170
9160.0957 0.4172
9162.2031 0.4170
9164.3154 0.4167
9166.4238 0.4163
9168.5371 0.4162
9170.6465 0.4142
9172.7617 0.4129
9174.8711 0.4130
9176.9824 0.4141
9179.0986 0.4150
9181.2100 0.4138
9183.3271 0.4119
9185.4395 0.4133
9187.5576 0.4142
9189.6719 0.4134
9191.7852 0.4132
9193.9053 0.4126
9196.0205 0.4118
9198.1406 0.4109
9200.2568 0.4100
9202.3789 0.4089
9204.4951 0.4073
9206.6133 0.4050
9208.7363 0.4014
9210.8545 0.3994
9212.9785 0.3941
9215.0977 0.3880
9217.2227 0.3869
9219.3428 0.3810
9221.4639 0.3735
9223.5908 0.3643
9225.7129 0.3624
9227.8398 0.3695
9229.9629 0.3777
9232.0908 0.3842
9234.2148 0.3894
9236.3447 0.3948
9238.4688 0.3957
9240.5947 0.3956
9242.7256 0.4015
9244.8516 0.4047
9246.9834 0.4061
9249.1104 0.4070
9251.2432 0.4080
9253.3721 0.4083
9255.5010 0.4060
9257.6348 0.4008
9259.7646 0.4018
9261.8994 0.4036
9264.0303 0.4070
9266.1670 0.4098
9268.2988 0.4087
9270.4307 0.4101
9272.5684 0.4107
9274.7012 0.4108
9276.8398 0.4107
9278.9746 0.4106
9281.1143 0.4104
9283.2490 0.4100
9285.3848 0.4098
9287.5264 0.4098
9289.6621 0.4098
9291.8047 0.4097
9293.9424 0.4095
9296.0850 0.4099
9298.2236 0.4099
9300.3633 0.4097
9302.5078 0.4099
9304.6475 0.4099
9306.7930 0.4095
9308.9346 0.4092
9311.0811 0.4092
9313.2227 0.4092
9315.3652 0.4092
9317.5137 0.4091
9319.6572 0.4089
9321.8057 0.4083
9323.9502 0.4076
9326.1006 0.4079
9328.2461 0.4083
9330.3916 0.4083
9332.5439 0.4085
9334.6904 0.4082
9336.8428 0.4079
9338.9912 0.4082
9341.1445 0.4081
9343.2939 0.4077
9345.4434 0.4077
9347.5977 0.4077
9349.7480 0.4077
9351.9043 0.4077
9354.0557 0.4076
9356.2129 0.4075
9358.3652 0.4072
9360.5186 0.4069
9362.6768 0.4069
9364.8301 0.4069
9366.9902 0.4069
9369.1445 0.4069
9371.3057 0.4066
9373.4609 0.4062
9375.6172 0.4061
9377.7793 0.4062
9379.9365 0.4061
9382.0996 0.4058
9384.2578 0.4059
9386.4219 0.4054
9388.5820 0.4030
9390.7461 0.4041
9392.9072 0.4055
9395.0674 0.4053
9397.2344 0.4054
9399.3965 0.4047
9401.5635 0.4018
9403.7266 0.4037
9405.8945 0.4040
9408.0586 0.4013
9410.2227 0.4021
9412.3926 0.4043
9414.5586 0.4046
9416.7295 0.4045
9418.8955 0.4044
9421.0674 0.4042
9423.2344 0.4039
9425.4023 0.4039
9427.5762 0.4039
9429.7451 0.4038
9431.9189 0.4035
9434.0889 0.4034
9436.2646 0.4034
9438.4355 0.4032
9440.6064 0.4030
9442.7832 0.4029
9444.9561 0.4030
9447.1338 0.4032
9449.3076 0.4030
9451.4863 0.4027
9453.6602 0.4023
9455.8350 0.4023
9458.0156 0.4021
9460.1914 0.4019
9462.3730 0.4020
9464.5498 0.4023
9466.7324 0.4019
9468.9102 0.4016
9471.0889 0.4016
9473.2725 0.4016
9475.4521 0.4016
9477.6367 0.4006
9479.8174 0.4002
9482.0029 0.4007
9484.1846 0.4010
9486.3662 0.4008
9488.5537 0.4005
9490.7363 0.4001
9492.9258 0.4000
9495.1094 0.3998
9497.2988 0.3994
9499.4834 0.3993
9501.6689 0.3991
9503.8604 0.3987
9506.0459 0.3984
9508.2383 0.3980
9510.4258 0.3975
9512.6191 0.3970
9514.8076 0.3962
9516.9961 0.3954
9519.1904 0.3944
9521.3809 0.3932
9523.5762 0.3916
9525.7666 0.3894
9527.9639 0.3866
9530.1553 0.3834
9532.3477 0.3796
9534.5459 0.3746
9536.7393 0.3688
9538.9385 0.3613
9541.1328 0.3537
9543.3330 0.3556
9545.5283 0.3635
9547.7246 0.3702
9549.9268 0.3756
9552.1230 0.3803
9554.3262 0.3836
9556.5234 0.3864
9558.7275 0.3886
9560.9268 0.3904
9563.1309 0.3917
9565.3311 0.3928
9567.5322 0.3935
9569.7383 0.3941
9571.9395 0.3946
9574.1465 0.3950
9576.3496 0.3953
9578.5576 0.3957
9580.7607 0.3956
9582.9648 0.3957
9585.1748 0.3957
9587.3799 0.3957
9589.5908 0.3957
9591.7969 0.3958
9594.0088 0.3958
9596.2158 0.3956
9598.4238 0.3945
9600.6367 0.3951
9602.8457 0.3958
9605.0596 0.3957
9607.2695 0.3957
9609.4854 0.3958
9611.6953 0.3960
9613.9062 0.3956
9616.1240 0.3952
9618.3359 0.3954
9620.5537 0.3958
9622.7666 0.3955
9624.9863 0.3942
9627.2002 0.3915
9629.4150 0.3922
9631.6357 0.3954
9633.8516 0.3951
9636.0723 0.3953
9638.2891 0.3953
9640.5117 0.3953
9642.7295 0.3952
9644.9482 0.3948
9647.1719 0.3945
9649.3916 0.3946
9651.6172 0.3934
9653.8369 0.3919
9656.0635 0.3928
9658.2842 0.3948
9660.5068 0.3945
9662.7344 0.3945
9664.9570 0.3940
9667.1855 0.3938
9669.4102 0.3938
9671.6396 0.3938
9673.8643 0.3938
9676.0898 0.3937
9678.3213 0.3938
9680.5479 0.3938
9682.7803 0.3935
9685.0078 0.3931
9687.2412 0.3930
9689.4697 0.3932
9691.6982 0.3932
9693.9336 0.3933
9696.1631 0.3933
9698.3994 0.3933
9700.6299 0.3931
9702.8672 0.3927
9705.0996 0.3925
9707.3320 0.3925
9709.5703 0.3926
9711.8047 0.3926
9714.0439 0.3926
9716.2783 0.3926
9718.5186 0.3926
9720.7549 0.3923
9722.9912 0.3918
9725.2334 0.3916
9727.4707 0.3919
9729.7139 0.3919
9731.9521 0.3919
9734.1963 0.3919
9736.4355 0.3917
9738.6807 0.3914
9740.9209 0.3913
9743.1621 0.3912
9745.4082 0.3912
9747.6504 0.3913
9749.8984 0.3913
9752.1416 0.3913
9754.3896 0.3913
9756.6338 0.3913
9758.8789 0.3911
9761.1289 0.3907
9763.3740 0.3906
9765.6260 0.3906
9767.8721 0.3906
9770.1250 0.3907
9772.3721 0.3907
9774.6201 0.3907
9776.8750 0.3906
9779.1240 0.3903
9781.3789 0.3900
9783.6289 0.3900
9785.8848 0.3900
9788.1367 0.3900
9790.3877 0.3900
9792.6455 0.3900
9794.8984 0.3898
9797.1572 0.3894
9799.4111 0.3893
9801.6709 0.3893
9803.9258 0.3892
9806.1807 0.3890
9808.4424 0.3890
9810.6982 0.3891
9812.9609 0.3893
9815.2188 0.3891
9817.4814 0.3886
9819.7402 0.3882
9821.9990 0.3877
9824.2646 0.3885
9826.5244 0.3888
9828.7900 0.3886
9831.0518 0.3885
9833.3184 0.3885
9835.5801 0.3883
9837.8428 0.3880
9840.1113 0.3880
9842.3750 0.3881
9844.6455 0.3881
9846.9102 0.3880
9849.1807 0.3880
9851.4463 0.3882
9853.7129 0.3877
9855.9844 0.3874
9858.2520 0.3874
9860.5254 0.3874
9862.7939 0.3874
9865.0684 0.3875
9867.3379 0.3874
9869.6074 0.3875
9871.8838 0.3876
9874.1543 0.3874
9876.4316 0.3870
9878.7031 0.3867
9880.9814 0.3871
9883.2549 0.3864
9885.5283 0.3849
9887.8076 0.3849
9890.0830 0.3868
9892.3633 0.3870
9894.6387 0.3867
9896.9209 0.3863
9899.1973 0.3862
9901.4746 0.3863
9903.7578 0.3863
9906.0361 0.3863
9908.3203 0.3863
9910.5996 0.3862
9912.8857 0.3862
9915.1660 0.3861
9917.4521 0.3857
9919.7334 0.3856
9922.0156 0.3857
9924.3037 0.3856
9926.5869 0.3854
9928.8760 0.3855
9931.1602 0.3857
9933.4502 0.3855
9935.7354 0.3850
9938.0205 0.3848
9940.3125 0.3850
9942.5996 0.3851
9944.8926 0.3851
9947.1797 0.3851
9949.4736 0.3851
9951.7627 0.3847
9954.0518 0.3844
9956.3477 0.3845
9958.6377 0.3845
9960.9346 0.3845
9963.2256 0.3845
9965.5234 0.3845
9967.8154 0.3845
9970.1094 0.3843
9972.4082 0.3839
9974.7021 0.3839
9977.0020 0.3839
9979.2979 0.3838
9981.5986 0.3839
9983.8945 0.3839
9986.1914 0.3835
9988.4941 0.3833
9990.7920 0.3826
9993.0967 0.3819
9995.3955 0.3823
9997.7002 0.3830
10000.0000 0.3825
10002.3057 0.3826
10004.6016 0.3823
10006.9082 0.3820
10009.2158 0.3817
10011.5244 0.3813
10013.8223 0.3809
10016.1309 0.3804
10018.4404 0.3797
10020.7402 0.3789
10023.0508 0.3779
10025.3623 0.3767
10027.6738 0.3752
10029.9756 0.3733
10032.2881 0.3709
10034.6016 0.3680
10036.9043 0.3643
10039.2188 0.3598
10041.5342 0.3541
10043.8496 0.3468
10046.1543 0.3468
10048.4707 0.3532
10050.7881 0.3595
10053.0947 0.3633
10055.4131 0.3672
10057.7324 0.3700
10060.0508 0.3723
10062.3604 0.3742
10064.6807 0.3757
10067.0010 0.3768
10069.3115 0.3775
10071.6338 0.3779
10073.9561 0.3786
10076.2793 0.3793
10078.5918 0.3796
10080.9160 0.3798
10083.2402 0.3803
10085.5547 0.3792
10087.8799 0.3774
10090.2061 0.3793
10092.5332 0.3809
10094.8496 0.3803
10097.1777 0.3806
10099.5059 0.3806
10101.8232 0.3798
10104.1533 0.3793
10106.4834 0.3790
10108.8135 0.3791
10111.1338 0.3802
10113.4648 0.3808
10115.7969 0.3809
10118.1191 0.3797
10120.4521 0.3795
10122.7861 0.3806
10125.1201 0.3805
10127.4434 0.3802
10129.7793 0.3803
10132.1152 0.3803
10134.4404 0.3803
10136.7773 0.3804
10139.1152 0.3804
10141.4531 0.3804
10143.7803 0.3804
10146.1191 0.3805
10148.4590 0.3805
10150.7881 0.3804
10153.1289 0.3800
10155.4707 0.3799
10157.8125 0.3797
10160.1436 0.3796
10162.4863 0.3798
10164.8301 0.3800
10167.1621 0.3799
10169.5068 0.3798
10171.8525 0.3800
10174.1973 0.3800
10176.5322 0.3798
10178.8789 0.3795
10181.2266 0.3794
10183.5742 0.3794
10185.9111 0.3794
10188.2607 0.3795
10190.6094 0.3796
10192.9482 0.3796
10195.2988 0.3796
10197.6504 0.3797
10200.0020 0.3795
10202.3428 0.3791
10204.6953 0.3789
10207.0479 0.3790
10209.3906 0.3790
10211.7451 0.3791
10214.0996 0.3791
10216.4551 0.3792
10218.7998 0.3792
10221.1562 0.3792
10223.5137 0.3790
10225.8594 0.3786
10228.2178 0.3785
10230.5762 0.3786
10232.9355 0.3786
10235.2842 0.3787
10237.6436 0.3786
10240.0049 0.3785
10242.3545 0.3786
10244.7168 0.3788
10247.0791 0.3787
10249.4424 0.3783
10251.7939 0.3781
10254.1582 0.3782
10256.5234 0.3782
10258.8770 0.3782
10261.2422 0.3783
10263.6084 0.3783
10265.9756 0.3784
10268.3311 0.3784
10270.6992 0.3784
10273.0674 0.3780
10275.4258 0.3777
10277.7949 0.3778
10280.1650 0.3778
10282.5352 0.3778
10284.8955 0.3778
10287.2666 0.3779
10289.6396 0.3780
10292.0010 0.3780
10294.3740 0.3780
10296.7480 0.3777
10299.1221 0.3774
10301.4863 0.3773
10303.8613 0.3774
10306.2373 0.3774
10308.6025 0.3775
10310.9795 0.3775
10313.3574 0.3776
10315.7363 0.3776
10318.1035 0.3775
10320.4824 0.3774
10322.8623 0.3771
10325.2314 0.3768
10327.6123 0.3760
10329.9941 0.3765
10332.3760 0.3771
10334.7471 0.3771
10337.1309 0.3772
10339.5146 0.3772
10341.8877 0.3773
10344.2725 0.3772
10346.6572 0.3769
10349.0430 0.3766
10351.4189 0.3766
10353.8057 0.3767
10356.1934 0.3765
10358.5693 0.3765
10360.9580 0.3767
10363.3477 0.3769
10365.7373 0.3769
10368.1162 0.3768
10370.5068 0.3767
10372.8984 0.3764
10375.2793 0.3762
10377.6719 0.3763
10380.0645 0.3763
10382.4580 0.3764
10384.8408 0.3764
10387.2363 0.3765
10389.6309 0.3765
10392.0156 0.3766
