3577.6682 -0.1555
3578.4915 -0.1541
3579.3167 -0.1511
3580.1399 -0.1484
3580.9636 -0.1476
3581.7893 -0.1482
3582.6133 -0.1497
3583.4395 -0.1514
3584.2639 -0.1528
3585.0903 -0.1534
3585.9150 -0.1539
3586.7400 -0.1567
3587.5671 -0.1622
3588.3923 -0.1670
3589.2200 -0.1675
3590.0457 -0.1628
3590.8735 -0.1571
3591.6995 -0.1547
3592.5259 -0.1547
3593.3542 -0.1546
3594.1809 -0.1537
3595.0098 -0.1540
3595.8367 -0.1591
3596.6660 -0.1681
3597.4934 -0.1741
3598.3208 -0.1728
3599.1506 -0.1663
3599.9788 -0.1598
3600.8088 -0.1573
3601.6372 -0.1573
3602.4678 -0.1576
3603.2964 -0.1577
3604.1252 -0.1576
3604.9565 -0.1570
3605.7859 -0.1552
3606.6172 -0.1538
3607.4470 -0.1539
3608.2788 -0.1542
3609.1089 -0.1534
3609.9392 -0.1514
3610.7717 -0.1497
3611.6023 -0.1491
3612.4351 -0.1497
3613.2661 -0.1521
3614.0994 -0.1568
3614.9307 -0.1630
3615.7625 -0.1675
3616.5962 -0.1661
3617.4282 -0.1609
3618.2625 -0.1560
3619.0947 -0.1541
3619.9292 -0.1554
3620.7620 -0.1578
3621.5969 -0.1584
3622.4302 -0.1575
3623.2634 -0.1577
3624.0989 -0.1609
3624.9326 -0.1667
3625.7686 -0.1714
3626.6028 -0.1705
3627.4390 -0.1648
3628.2734 -0.1584
3629.1082 -0.1545
3629.9451 -0.1539
3630.7800 -0.1555
3631.6174 -0.1582
3632.4529 -0.1613
3633.2903 -0.1629
3634.1262 -0.1619
3634.9622 -0.1593
3635.8005 -0.1585
3636.6370 -0.1597
3637.4756 -0.1591
3638.3123 -0.1560
3639.1514 -0.1522
3639.9885 -0.1502
3640.8259 -0.1512
3641.6653 -0.1562
3642.5032 -0.1646
3643.3430 -0.1717
3644.1812 -0.1723
3645.0215 -0.1659
3645.8601 -0.1579
3646.6990 -0.1528
3647.5398 -0.1497
3648.3789 -0.1477
3649.2202 -0.1463
3650.0596 -0.1453
3650.9014 -0.1452
3651.7412 -0.1472
3652.5813 -0.1512
3653.4236 -0.1551
3654.2642 -0.1567
3655.1067 -0.1552
3655.9475 -0.1518
3656.7908 -0.1487
3657.6318 -0.1468
3658.4734 -0.1460
3659.3169 -0.1461
3660.1587 -0.1464
3661.0029 -0.1464
3661.8450 -0.1464
3662.6895 -0.1464
3663.5320 -0.1458
3664.3748 -0.1443
3665.2197 -0.1424
3666.0630 -0.1409
3666.9084 -0.1399
3667.7520 -0.1394
3668.5977 -0.1397
3669.4417 -0.1407
3670.2859 -0.1424
3671.1321 -0.1441
3671.9768 -0.1448
3672.8235 -0.1446
3673.6685 -0.1441
3674.5156 -0.1436
3675.3608 -0.1427
3676.2063 -0.1416
3677.0542 -0.1399
3677.8999 -0.1367
3678.7480 -0.1324
3679.5945 -0.1275
3680.4429 -0.1233
3681.2896 -0.1203
3682.1365 -0.1178
3682.9856 -0.1148
3683.8328 -0.1108
3684.6824 -0.1069
3685.5300 -0.1039
3686.3799 -0.1014
3687.2278 -0.1004
3688.0781 -0.1072
3688.9265 -0.1187
3689.7751 -0.1268
3690.6260 -0.1251
3691.4751 -0.1122
3692.3264 -0.0890
3693.1758 -0.0696
3694.0273 -0.0673
3694.8772 -0.0783
3695.7273 -0.0887
3696.5793 -0.0907
3697.4299 -0.0969
3698.2825 -0.1022
3699.1333 -0.0927
3699.9863 -0.0621
3700.8374 -0.0223
3701.6887 -0.0022
3702.5425 -0.0175
3703.3943 -0.0449
3704.2483 -0.0523
3705.1003 -0.0288
3705.9548 0.0097
3706.8074 0.0296
3707.6599 0.0155
3708.5149 -0.0213
3709.3682 -0.0506
3710.2234 -0.0464
3711.0771 -0.0065
3711.9329 0.0403
3712.7866 0.0653
3713.6409 0.0612
3714.4973 0.0292
3715.3518 -0.0188
3716.2085 -0.0586
3717.0635 -0.0639
3717.9204 -0.0370
3718.7759 0.0045
3719.6313 0.0455
3720.4890 0.0719
3721.3450 0.0738
3722.2031 0.0479
3723.0593 -0.0016
3723.9180 -0.0532
3724.7747 -0.0763
3725.6316 -0.0576
3726.4905 -0.0116
3727.3479 0.0290
3728.2073 0.0608
3729.0649 0.0891
3729.9250 0.1071
3730.7830 0.1061
3731.6414 0.0813
3732.5017 0.0346
3733.3604 -0.0210
3734.2214 -0.0559
3735.0803 -0.0475
3735.9417 -0.0018
3736.8013 0.0528
3737.6609 0.0861
3738.5227 0.0968
3739.3828 0.0975
3740.2451 0.1020
3741.1055 0.1142
3741.9683 0.1273
3742.8291 0.1289
3743.6899 0.1120
3744.5532 0.0728
3745.4148 0.0159
3746.2786 -0.0398
3747.1404 -0.0673
3748.0044 -0.0502
3748.8667 -0.0158
3749.7290 0.0184
3750.5938 0.0531
3751.4565 0.0872
3752.3215 0.1109
3753.1848 0.1131
3754.0503 0.1059
3754.9138 0.1073
3755.7798 0.1172
3756.6438 0.1240
3757.5081 0.1182
3758.3745 0.1005
3759.2390 0.0761
3760.1060 0.0370
3760.9709 -0.0170
3761.8381 -0.0681
3762.7036 -0.0862
3763.5693 -0.0494
3764.4370 0.0185
3765.3032 0.0763
3766.1714 0.1053
3767.0378 0.1113
3767.9065 0.1095
3768.7732 0.1074
3769.6401 0.0912
3770.5095 0.0605
3771.3770 0.0301
3772.2466 0.0136
3773.1145 0.0146
3773.9844 0.0261
3774.8528 0.0475
3775.7209 0.0714
3776.5918 0.0909
3777.4604 0.1050
3778.3315 0.1146
3779.2009 0.1158
3780.0723 0.0998
3780.9419 0.0561
3781.8118 -0.0086
3782.6838 -0.0642
3783.5540 -0.0728
3784.4265 -0.0199
3785.2971 0.0507
3786.1699 0.1040
3787.0410 0.1327
3787.9121 0.1443
3788.7856 0.1500
3789.6572 0.1557
3790.5310 0.1587
3791.4031 0.1589
3792.2773 0.1597
3793.1499 0.1615
3794.0225 0.1601
3794.8972 0.1512
3795.7703 0.1428
3796.6455 0.1458
3797.5190 0.1571
3798.3948 0.1668
3799.2686 0.1693
3800.1426 0.1702
3801.0188 0.1743
3801.8933 0.1795
3802.7700 0.1828
3803.6448 0.1829
3804.5220 0.1798
3805.3972 0.1743
3806.2727 0.1645
3807.1504 0.1458
3808.0261 0.1123
3808.9043 0.0586
3809.7805 -0.0060
3810.6589 -0.0461
3811.5356 -0.0226
3812.4126 0.0407
3813.2917 0.1043
3814.1689 0.1472
3815.0483 0.1694
3815.9260 0.1814
3816.8059 0.1875
3817.6841 0.1898
3818.5623 0.1906
3819.4429 0.1916
3820.3215 0.1937
3821.2024 0.1965
3822.0815 0.1986
3822.9629 0.1990
3823.8423 0.1955
3824.7241 0.1846
3825.6040 0.1652
3826.4841 0.1437
3827.3665 0.1350
3828.2468 0.1433
3829.1296 0.1612
3830.0105 0.1774
3830.8938 0.1824
3831.7751 0.1740
3832.6565 0.1607
3833.5403 0.1547
3834.4224 0.1596
3835.3064 0.1689
3836.1887 0.1707
3837.0735 0.1581
3837.9561 0.1440
3838.8391 0.1398
3839.7244 0.1446
3840.6077 0.1529
3841.4932 0.1605
3842.3770 0.1659
3843.2629 0.1663
3844.1472 0.1550
3845.0315 0.1292
3845.9182 0.0878
3846.8030 0.0305
3847.6899 -0.0304
3848.5752 -0.0462
3849.4626 -0.0063
3850.3481 0.0548
3851.2339 0.1062
3852.1221 0.1386
3853.0083 0.1605
3853.8967 0.1750
3854.7832 0.1862
3855.6721 0.1929
3856.5591 0.1929
3857.4463 0.1886
3858.3359 0.1878
3859.2234 0.1923
3860.1135 0.1933
3861.0015 0.1871
3861.8918 0.1776
3862.7803 0.1734
3863.6687 0.1797
3864.5598 0.1848
3865.4487 0.1777
3866.3401 0.1615
3867.2297 0.1424
3868.1213 0.1251
3869.0112 0.1169
3869.9014 0.1356
3870.7937 0.1653
3871.6841 0.1840
3872.5769 0.1864
3873.4678 0.1769
3874.3611 0.1581
3875.2524 0.1349
3876.1438 0.1303
3877.0376 0.1458
3877.9297 0.1659
3878.8237 0.1788
3879.7161 0.1888
3880.6108 0.1999
3881.5037 0.2083
3882.3965 0.2117
3883.2917 0.2095
3884.1851 0.2021
3885.0808 0.1927
3885.9746 0.1900
3886.8706 0.1956
3887.7649 0.2032
3888.6592 0.2074
3889.5559 0.2058
3890.4507 0.1995
3891.3479 0.1942
3892.2429 0.1961
3893.1406 0.2018
3894.0361 0.2045
3894.9341 0.2016
3895.8301 0.1975
3896.7263 0.1934
3897.6250 0.1846
3898.5215 0.1648
3899.4207 0.1285
3900.3176 0.0711
3901.2170 0.0001
3902.1145 -0.0378
3903.0122 -0.0101
3903.9121 0.0586
3904.8103 0.1261
3905.7107 0.1664
3906.6094 0.1852
3907.5100 0.1923
3908.4089 0.1939
3909.3081 0.1951
3910.2097 0.1961
3911.1091 0.1916
3912.0110 0.1760
3912.9111 0.1561
3913.8132 0.1506
3914.7136 0.1627
3915.6143 0.1793
3916.5171 0.1863
3917.4182 0.1823
3918.3215 0.1730
3919.2229 0.1703
3920.1267 0.1802
3921.0286 0.1962
3921.9307 0.2077
3922.8350 0.2108
3923.7373 0.2076
3924.6421 0.1951
3925.5452 0.1723
3926.4502 0.1491
3927.3535 0.1423
3928.2571 0.1610
3929.1628 0.1836
3930.0667 0.1972
3930.9731 0.2013
3931.8774 0.2003
3932.7839 0.1982
3933.6887 0.1977
3934.5938 0.1999
3935.5010 0.2031
3936.4062 0.2056
3937.3142 0.2069
3938.2200 0.2064
3939.1279 0.2038
3940.0342 0.2011
3940.9407 0.1986
3941.8494 0.1932
3942.7561 0.1806
3943.6653 0.1566
3944.5725 0.1134
3945.4822 0.0343
3946.3899 -0.0449
3947.2979 -0.0605
3948.2080 0.0016
3949.1162 0.0937
3950.0269 0.1451
3950.9355 0.1595
3951.8467 0.1636
3952.7559 0.1745
3953.6650 0.1907
3954.5769 0.2020
3955.4866 0.2034
3956.3987 0.1991
3957.3088 0.1920
3958.2214 0.1871
3959.1321 0.1882
3960.0449 0.1944
3960.9561 0.1999
3961.8672 0.2035
3962.7808 0.2052
3963.6924 0.2041
3964.6064 0.2013
3965.5186 0.2001
3966.4329 0.2031
3967.3455 0.2069
3968.2581 0.2083
3969.1731 0.2071
3970.0862 0.2052
3971.0017 0.2042
3971.9153 0.2039
3972.8313 0.2017
3973.7451 0.1965
3974.6592 0.1917
3975.5759 0.1899
3976.4905 0.1889
3977.4075 0.1828
3978.3225 0.1694
3979.2397 0.1370
3980.1553 0.0682
3981.0708 -0.0345
3981.9888 -0.1327
3982.9050 -0.1615
3983.8232 -0.1061
3984.7397 -0.0103
3985.6587 0.0750
3986.5757 0.1244
3987.4927 0.1439
3988.4121 0.1593
3989.3298 0.1751
3990.2498 0.1853
3991.1677 0.1878
3992.0879 0.1849
3993.0063 0.1806
3993.9250 0.1784
3994.8459 0.1769
3995.7649 0.1767
3996.6863 0.1787
3997.6057 0.1817
3998.5276 0.1835
3999.4475 0.1833
4000.3674 0.1827
4001.2900 0.1824
4002.2104 0.1827
4003.1333 0.1838
4004.0544 0.1855
4004.9775 0.1869
4005.8989 0.1872
4006.8206 0.1862
4007.7446 0.1841
4008.6665 0.1815
4009.5908 0.1786
4010.5132 0.1752
4011.4380 0.1731
4012.3608 0.1729
4013.2839 0.1724
4014.2095 0.1674
4015.1328 0.1577
4016.0588 0.1508
4016.9827 0.1536
4017.9089 0.1589
4018.8333 0.1627
4019.7578 0.1659
4020.6848 0.1695
4021.6096 0.1710
4022.5371 0.1696
4023.4624 0.1666
4024.3901 0.1609
4025.3162 0.1539
4026.2422 0.1504
4027.1704 0.1542
4028.0969 0.1582
4029.0259 0.1589
4029.9526 0.1582
4030.8821 0.1612
4031.8093 0.1703
4032.7390 0.1798
4033.6667 0.1836
4034.5947 0.1826
4035.5251 0.1770
4036.4534 0.1666
4037.3843 0.1538
4038.3130 0.1447
4039.2441 0.1454
4040.1736 0.1524
4041.1030 0.1596
4042.0347 0.1652
4042.9646 0.1707
4043.8970 0.1758
4044.8271 0.1758
4045.7600 0.1721
4046.6907 0.1691
4047.6216 0.1690
4048.5549 0.1705
4049.4863 0.1708
4050.4202 0.1714
4051.3521 0.1730
4052.2861 0.1756
4053.2185 0.1787
4054.1509 0.1809
4055.0857 0.1811
4056.0186 0.1800
4056.9539 0.1768
4057.8872 0.1714
4058.8230 0.1655
4059.7566 0.1628
4060.6907 0.1647
4061.6270 0.1649
4062.5613 0.1645
4063.4983 0.1655
4064.4331 0.1661
4065.3701 0.1637
4066.3054 0.1596
4067.2410 0.1583
4068.1787 0.1627
4069.1147 0.1703
4070.0530 0.1764
4070.9893 0.1784
4071.9280 0.1790
4072.8647 0.1796
4073.8018 0.1792
4074.7412 0.1775
4075.6787 0.1739
4076.6184 0.1688
4077.5562 0.1649
4078.4966 0.1632
4079.4348 0.1583
4080.3733 0.1514
4081.3142 0.1491
4082.2532 0.1539
4083.1943 0.1572
4084.1338 0.1548
4085.0757 0.1527
4086.0154 0.1542
4086.9553 0.1582
4087.8977 0.1606
4088.8381 0.1580
4089.7810 0.1518
4090.7219 0.1470
4091.6653 0.1490
4092.6064 0.1571
4093.5481 0.1654
4094.4919 0.1678
4095.4338 0.1664
4096.3784 0.1645
4097.3208 0.1635
4098.2656 0.1632
4099.2085 0.1621
4100.1514 0.1601
4101.0967 0.1587
4102.0400 0.1587
4102.9863 0.1602
4103.9302 0.1627
4104.8765 0.1650
4105.8208 0.1661
4106.7676 0.1663
4107.7124 0.1660
4108.6572 0.1643
4109.6045 0.1599
4110.5503 0.1520
4111.4980 0.1392
4112.4438 0.1153
4113.3921 0.0684
4114.3384 0.0028
4115.2852 -0.0469
4116.2339 -0.0408
4117.1807 0.0229
4118.1304 0.0852
4119.0776 0.1251
4120.0273 0.1460
4120.9751 0.1564
4121.9233 0.1617
4122.8740 0.1610
4123.8223 0.1541
4124.7734 0.1481
4125.7222 0.1481
4126.6733 0.1531
4127.6230 0.1587
4128.5723 0.1612
4129.5244 0.1615
4130.4746 0.1608
4131.4268 0.1595
4132.3774 0.1573
4133.3301 0.1542
4134.2812 0.1501
4135.2324 0.1426
4136.1855 0.1354
4137.1372 0.1351
4138.0913 0.1411
4139.0435 0.1460
4139.9976 0.1413
4140.9502 0.1239
4141.9028 0.1052
4142.8579 0.0985
4143.8110 0.1016
4144.7666 0.1072
4145.7202 0.1184
4146.6758 0.1373
4147.6299 0.1526
4148.5840 0.1604
4149.5405 0.1619
4150.4951 0.1606
4151.4526 0.1593
4152.4072 0.1594
4153.3647 0.1610
4154.3203 0.1633
4155.2764 0.1637
4156.2344 0.1599
4157.1904 0.1529
4158.1489 0.1479
4159.1055 0.1469
4160.0649 0.1500
4161.0220 0.1557
4161.9790 0.1607
4162.9390 0.1621
4163.8965 0.1624
4164.8564 0.1628
4165.8149 0.1633
4166.7754 0.1638
4167.7339 0.1641
4168.6929 0.1647
4169.6538 0.1658
4170.6133 0.1668
4171.5752 0.1672
4172.5347 0.1666
4173.4971 0.1644
4174.4570 0.1604
4175.4175 0.1551
4176.3799 0.1489
4177.3408 0.1441
4178.3042 0.1425
4179.2651 0.1378
4180.2290 0.1204
4181.1909 0.1186
4182.1548 0.1373
4183.1172 0.1539
4184.0796 0.1545
4185.0444 0.1395
4186.0068 0.1155
4186.9722 0.0956
4187.9355 0.0970
4188.9014 0.1155
4189.8647 0.1303
4190.8286 0.1213
4191.7949 0.0916
4192.7593 0.0735
4193.7261 0.0870
4194.6909 0.1185
4195.6582 0.1442
4196.6235 0.1518
4197.5889 0.1514
4198.5571 0.1520
4199.5229 0.1524
4200.4912 0.1509
4201.4575 0.1487
4202.4263 0.1487
4203.3931 0.1522
4204.3599 0.1551
4205.3296 0.1565
4206.2969 0.1572
4207.2671 0.1585
4208.2349 0.1599
4209.2051 0.1594
4210.1738 0.1585
4211.1421 0.1575
4212.1133 0.1555
4213.0820 0.1534
4214.0537 0.1525
4215.0229 0.1521
4215.9951 0.1507
4216.9648 0.1505
4217.9351 0.1512
4218.9077 0.1515
4219.8784 0.1514
4220.8516 0.1530
4221.8223 0.1548
4222.7959 0.1561
4223.7676 0.1575
4224.7393 0.1595
4225.7134 0.1617
4226.6855 0.1627
4227.6602 0.1603
4228.6328 0.1550
4229.6079 0.1505
4230.5806 0.1507
4231.5542 0.1557
4232.5298 0.1604
4233.5034 0.1628
4234.4800 0.1636
4235.4541 0.1627
4236.4307 0.1606
4237.4053 0.1575
4238.3799 0.1534
4239.3574 0.1501
4240.3325 0.1495
4241.3105 0.1519
4242.2861 0.1564
4243.2642 0.1600
4244.2407 0.1563
4245.2168 0.1370
4246.1958 0.1022
4247.1729 0.0755
4248.1519 0.0817
4249.1294 0.1187
4250.1094 0.1477
4251.0869 0.1585
4252.0649 0.1604
4253.0454 0.1592
4254.0239 0.1559
4255.0049 0.1488
4255.9834 0.1373
4256.9648 0.1336
4257.9443 0.1403
4258.9263 0.1474
4259.9058 0.1472
4260.8857 0.1421
4261.8687 0.1437
4262.8491 0.1507
4263.8320 0.1540
4264.8130 0.1521
4265.7964 0.1477
4266.7778 0.1444
4267.7593 0.1446
4268.7432 0.1478
4269.7256 0.1508
4270.7100 0.1496
4271.6924 0.1432
4272.6772 0.1366
4273.6606 0.1368
4274.6436 0.1361
4275.6294 0.1326
4276.6128 0.1338
4277.5991 0.1421
4278.5830 0.1522
4279.5698 0.1561
4280.5542 0.1561
4281.5391 0.1542
4282.5264 0.1513
4283.5117 0.1481
4284.4990 0.1447
4285.4849 0.1400
4286.4731 0.1328
4287.4590 0.1274
4288.4453 0.1264
4289.4346 0.1290
4290.4214 0.1332
4291.4106 0.1378
4292.3979 0.1401
4293.3877 0.1436
4294.3755 0.1481
4295.3633 0.1504
4296.3535 0.1481
4297.3423 0.1425
4298.3330 0.1380
4299.3218 0.1391
4300.3135 0.1431
4301.3027 0.1445
4302.2920 0.1404
4303.2842 0.1334
4304.2744 0.1275
4305.2666 0.1300
4306.2573 0.1365
4307.2500 0.1362
4308.2412 0.1261
4309.2319 0.1187
4310.2261 0.1155
4311.2173 0.1174
4312.2114 0.1234
4313.2036 0.1229
4314.1982 0.1104
4315.1904 0.0995
4316.1836 0.0918
4317.1787 0.0863
4318.1719 0.0960
4319.1675 0.1197
4320.1611 0.1391
4321.1572 0.1384
4322.1514 0.1333
4323.1460 0.1369
4324.1426 0.1462
4325.1377 0.1511
4326.1348 0.1438
4327.1299 0.1264
4328.1279 0.1098
4329.1235 0.1067
4330.1196 0.1191
4331.1182 0.1371
4332.1143 0.1486
4333.1133 0.1512
4334.1104 0.1486
4335.1099 0.1456
4336.1069 0.1473
4337.1069 0.1519
4338.1045 0.1526
4339.1025 0.1449
4340.1030 0.1393
4341.1016 0.1430
4342.1025 0.1521
4343.1016 0.1589
4344.1030 0.1592
4345.1025 0.1578
4346.1021 0.1587
4347.1040 0.1604
4348.1040 0.1609
4349.1069 0.1584
4350.1074 0.1496
4351.1104 0.1288
4352.1113 0.0906
4353.1128 0.0370
4354.1167 -0.0159
4355.1182 -0.0356
4356.1226 -0.0013
4357.1245 0.0601
4358.1294 0.1026
4359.1318 0.1279
4360.1348 0.1438
4361.1401 0.1531
4362.1436 0.1560
4363.1494 0.1529
4364.1528 0.1393
4365.1592 0.1127
4366.1636 0.0915
4367.1680 0.0967
4368.1753 0.1272
4369.1802 0.1496
4370.1875 0.1573
4371.1929 0.1572
4372.2007 0.1556
4373.2065 0.1559
4374.2129 0.1577
4375.2212 0.1559
4376.2280 0.1527
4377.2368 0.1523
4378.2441 0.1544
4379.2534 0.1569
4380.2612 0.1569
4381.2686 0.1522
4382.2793 0.1448
4383.2871 0.1401
4384.2979 0.1413
4385.3066 0.1473
4386.3179 0.1529
4387.3267 0.1529
4388.3359 0.1491
4389.3481 0.1471
4390.3579 0.1502
4391.3701 0.1555
4392.3804 0.1585
4393.3936 0.1586
4394.4043 0.1580
4395.4150 0.1563
4396.4287 0.1498
4397.4399 0.1329
4398.4541 0.1063
4399.4658 0.0847
4400.4805 0.0876
4401.4927 0.1079
4402.5054 0.1292
4403.5205 0.1408
4404.5337 0.1426
4405.5493 0.1425
4406.5625 0.1446
4407.5786 0.1402
4408.5928 0.1256
4409.6069 0.1122
4410.6240 0.1159
4411.6387 0.1350
4412.6558 0.1444
4413.6709 0.1417
4414.6885 0.1375
4415.7041 0.1399
4416.7227 0.1477
4417.7388 0.1510
4418.7549 0.1500
4419.7739 0.1491
4420.7905 0.1506
4421.8101 0.1524
4422.8271 0.1512
4423.8472 0.1477
4424.8647 0.1444
4425.8828 0.1426
4426.9033 0.1417
4427.9219 0.1393
4428.9429 0.1315
4429.9619 0.1154
4430.9834 0.0922
4432.0024 0.0795
4433.0220 0.0886
4434.0444 0.1103
4435.0645 0.1253
4436.0874 0.1264
4437.1079 0.1231
4438.1309 0.1202
4439.1519 0.1185
4440.1733 0.1170
4441.1968 0.1150
4442.2188 0.1122
4443.2432 0.1109
4444.2651 0.1114
4445.2900 0.1123
4446.3125 0.1135
4447.3354 0.1151
4448.3613 0.1168
4449.3843 0.1196
4450.4106 0.1238
4451.4341 0.1280
4452.4609 0.1318
4453.4849 0.1355
4454.5098 0.1384
4455.5366 0.1379
4456.5615 0.1326
4457.5894 0.1223
4458.6147 0.1149
4459.6431 0.1199
4460.6689 0.1358
4461.6953 0.1458
4462.7241 0.1485
4463.7505 0.1455
4464.7798 0.1395
4465.8071 0.1358
4466.8369 0.1402
4467.8643 0.1471
4468.8921 0.1507
4469.9229 0.1515
4470.9512 0.1529
4471.9819 0.1566
4473.0107 0.1595
4474.0425 0.1599
4475.0718 0.1576
4476.1011 0.1546
4477.1333 0.1531
4478.1631 0.1531
4479.1958 0.1525
4480.2266 0.1538
4481.2593 0.1523
4482.2905 0.1428
4483.3213 0.1307
4484.3555 0.1264
4485.3872 0.1304
4486.4214 0.1319
4487.4536 0.1355
4488.4883 0.1438
4489.5210 0.1541
4490.5537 0.1615
4491.5889 0.1637
4492.6226 0.1624
4493.6582 0.1515
4494.6919 0.1214
4495.7285 0.0846
4496.7627 0.0743
4497.7998 0.1118
4498.8345 0.1475
4499.8696 0.1651
4500.9072 0.1680
4501.9424 0.1599
4502.9805 0.1439
4504.0166 0.1287
4505.0552 0.1234
4506.0913 0.1251
4507.1279 0.1354
4508.1675 0.1511
4509.2046 0.1642
4510.2446 0.1693
4511.2822 0.1716
4512.3223 0.1716
4513.3604 0.1687
4514.3984 0.1602
4515.4395 0.1466
4516.4785 0.1380
4517.5200 0.1452
4518.5591 0.1575
4519.6011 0.1645
4520.6406 0.1626
4521.6807 0.1501
4522.7236 0.1289
4523.7642 0.1244
4524.8071 0.1417
4525.8481 0.1620
4526.8916 0.1714
4527.9331 0.1674
4528.9746 0.1520
4530.0190 0.1334
4531.0610 0.1324
4532.1060 0.1460
4533.1489 0.1543
4534.1938 0.1421
4535.2373 0.1207
4536.2803 0.1059
4537.3267 0.0997
4538.3701 0.1107
4539.4170 0.1366
4540.4609 0.1612
4541.5083 0.1699
4542.5527 0.1714
4543.5981 0.1702
4544.6455 0.1703
4545.6909 0.1721
4546.7393 0.1697
4547.7852 0.1547
4548.8340 0.1371
4549.8804 0.1371
4550.9272 0.1528
4551.9766 0.1688
4553.0239 0.1727
4554.0737 0.1683
4555.1216 0.1584
4556.1719 0.1477
4557.2197 0.1467
4558.2686 0.1564
4559.3193 0.1672
4560.3682 0.1694
4561.4199 0.1652
4562.4692 0.1478
4563.5215 0.1166
4564.5713 0.0934
4565.6211 0.1039
4566.6743 0.1386
4567.7246 0.1551
4568.7778 0.1479
4569.8291 0.1242
4570.8828 0.1042
4571.9341 0.1038
4572.9888 0.1120
4574.0405 0.1198
4575.0928 0.1392
4576.1479 0.1593
4577.2007 0.1649
4578.2559 0.1546
4579.3091 0.1463
4580.3652 0.1503
4581.4189 0.1596
4582.4731 0.1668
4583.5298 0.1701
4584.5840 0.1688
4585.6411 0.1600
4586.6963 0.1456
4587.7539 0.1423
4588.8091 0.1509
4589.8647 0.1569
4590.9233 0.1501
4591.9795 0.1450
4593.0386 0.1516
4594.0952 0.1568
4595.1543 0.1549
4596.2114 0.1444
4597.2690 0.1216
4598.3291 0.0882
4599.3867 0.0837
4600.4473 0.1109
4601.5059 0.1362
4602.5669 0.1377
4603.6255 0.1255
4604.6846 0.1293
4605.7466 0.1388
4606.8062 0.1435
4607.8687 0.1475
4608.9287 0.1543
4609.9912 0.1606
4611.0518 0.1612
4612.1128 0.1626
4613.1763 0.1653
4614.2373 0.1679
4615.3013 0.1694
4616.3633 0.1695
4617.4277 0.1693
4618.4897 0.1702
4619.5522 0.1707
4620.6177 0.1704
4621.6807 0.1697
4622.7466 0.1694
4623.8096 0.1701
4624.8760 0.1716
4625.9399 0.1724
4627.0044 0.1722
4628.0713 0.1721
4629.1357 0.1717
4630.2031 0.1676
4631.2686 0.1582
4632.3364 0.1474
4633.4023 0.1379
4634.4678 0.1333
4635.5366 0.1377
4636.6030 0.1505
4637.6724 0.1627
4638.7393 0.1695
4639.8091 0.1707
4640.8765 0.1689
4641.9438 0.1646
4643.0142 0.1522
4644.0825 0.1331
4645.1533 0.1281
4646.2222 0.1411
4647.2935 0.1554
4648.3623 0.1525
4649.4316 0.1394
4650.5039 0.1377
4651.5737 0.1487
4652.6465 0.1621
4653.7168 0.1705
4654.7900 0.1729
4655.8608 0.1737
4656.9346 0.1741
4658.0059 0.1745
4659.0771 0.1752
4660.1519 0.1753
4661.2236 0.1734
4662.2983 0.1693
4663.3711 0.1658
4664.4463 0.1645
4665.5195 0.1659
4666.5928 0.1691
4667.6689 0.1725
4668.7427 0.1742
4669.8193 0.1737
4670.8936 0.1705
4671.9707 0.1663
4673.0454 0.1654
4674.1206 0.1694
4675.1982 0.1723
4676.2739 0.1721
4677.3521 0.1692
4678.4282 0.1648
4679.5073 0.1613
4680.5835 0.1591
4681.6602 0.1542
4682.7397 0.1528
4683.8174 0.1571
4684.8975 0.1617
4685.9751 0.1650
4687.0557 0.1684
4688.1338 0.1709
4689.2124 0.1718
4690.2935 0.1726
4691.3726 0.1739
4692.4546 0.1754
4693.5342 0.1766
4694.6162 0.1768
4695.6963 0.1766
4696.7764 0.1765
4697.8594 0.1764
4698.9404 0.1760
4700.0239 0.1753
4701.1050 0.1750
4702.1890 0.1752
4703.2710 0.1756
4704.3530 0.1761
4705.4375 0.1766
4706.5200 0.1770
4707.6055 0.1774
4708.6885 0.1772
4709.7744 0.1767
4710.8579 0.1765
4711.9414 0.1768
4713.0283 0.1769
4714.1123 0.1769
4715.1992 0.1773
4716.2842 0.1774
4717.3716 0.1770
4718.4570 0.1768
4719.5425 0.1771
4720.6309 0.1777
4721.7168 0.1782
4722.8057 0.1780
4723.8921 0.1769
4724.9814 0.1759
4726.0684 0.1754
4727.1553 0.1734
4728.2456 0.1695
4729.3335 0.1683
4730.4238 0.1707
4731.5122 0.1741
4732.6030 0.1759
4733.6919 0.1763
4734.7808 0.1763
4735.8726 0.1763
4736.9624 0.1764
4738.0547 0.1763
4739.1445 0.1755
4740.2373 0.1733
4741.3276 0.1695
4742.4214 0.1663
4743.5122 0.1653
4744.6035 0.1658
4745.6973 0.1642
4746.7891 0.1594
4747.8838 0.1596
4748.9761 0.1654
4750.0713 0.1718
4751.1641 0.1753
4752.2568 0.1759
4753.3525 0.1754
4754.4463 0.1754
4755.5425 0.1753
4756.6367 0.1756
4757.7334 0.1766
4758.8281 0.1778
4759.9229 0.1789
4761.0205 0.1795
4762.1157 0.1784
4763.2139 0.1763
4764.3096 0.1746
4765.4082 0.1746
4766.5044 0.1749
4767.6011 0.1743
4768.7002 0.1726
4769.7974 0.1705
4770.8975 0.1686
4771.9951 0.1679
4773.0952 0.1685
4774.1934 0.1690
4775.2915 0.1676
4776.3926 0.1645
4777.4917 0.1611
4778.5933 0.1591
4779.6924 0.1588
4780.7949 0.1613
4781.8945 0.1660
4782.9946 0.1702
4784.0977 0.1720
4785.1982 0.1719
4786.3018 0.1714
4787.4028 0.1704
4788.5068 0.1699
4789.6084 0.1701
4790.7100 0.1706
4791.8149 0.1705
4792.9170 0.1701
4794.0225 0.1681
4795.1255 0.1650
4796.2310 0.1643
4797.3345 0.1676
4798.4380 0.1731
4799.5444 0.1759
4800.6489 0.1763
4801.7559 0.1756
4802.8604 0.1749
4803.9678 0.1746
4805.0732 0.1748
4806.1782 0.1765
4807.2866 0.1778
4808.3926 0.1786
4809.5015 0.1797
4810.6079 0.1810
4811.7173 0.1814
4812.8242 0.1800
4813.9312 0.1780
4815.0415 0.1772
4816.1489 0.1777
4817.2598 0.1780
4818.3677 0.1774
4819.4790 0.1757
4820.5879 0.1726
4821.6968 0.1717
4822.8086 0.1745
4823.9180 0.1783
4825.0303 0.1793
4826.1401 0.1780
4827.2534 0.1756
4828.3638 0.1741
4829.4771 0.1755
4830.5884 0.1782
4831.6992 0.1792
4832.8135 0.1796
4833.9253 0.1804
4835.0400 0.1801
4836.1523 0.1794
4837.2676 0.1784
4838.3804 0.1732
4839.4937 0.1595
4840.6094 0.1521
4841.7231 0.1593
4842.8394 0.1717
4843.9536 0.1795
4845.0708 0.1814
4846.1851 0.1824
4847.3003 0.1834
4848.4180 0.1832
4849.5332 0.1825
4850.6514 0.1817
4851.7676 0.1807
4852.8862 0.1798
4854.0024 0.1823
4855.1191 0.1858
4856.2388 0.1885
4857.3560 0.1901
4858.4761 0.1903
4859.5938 0.1902
4860.7144 0.1906
4861.8325 0.1890
4862.9512 0.1820
4864.0723 0.1719
4865.1914 0.1686
4866.3135 0.1790
4867.4326 0.1871
4868.5552 0.1901
4869.6753 0.1900
4870.7954 0.1873
4871.9189 0.1816
4873.0396 0.1748
4874.1631 0.1608
4875.2847 0.1290
4876.4087 0.0911
4877.5308 0.0761
4878.6528 0.0998
4879.7778 0.1298
4880.9004 0.1490
4882.0259 0.1657
4883.1489 0.1796
4884.2749 0.1878
4885.3984 0.1903
4886.5225 0.1892
4887.6494 0.1866
4888.7734 0.1849
4889.9009 0.1829
4891.0259 0.1768
4892.1538 0.1664
4893.2793 0.1624
4894.4048 0.1691
4895.5337 0.1757
4896.6597 0.1783
4897.7891 0.1778
4898.9155 0.1757
4900.0454 0.1724
4901.1724 0.1723
4902.2998 0.1752
4903.4307 0.1784
4904.5586 0.1805
4905.6895 0.1817
4906.8179 0.1825
4907.9497 0.1826
4909.0786 0.1823
4910.2080 0.1826
4911.3403 0.1841
4912.4702 0.1861
4913.6030 0.1867
4914.7334 0.1866
4915.8667 0.1858
4916.9976 0.1852
4918.1313 0.1853
4919.2627 0.1861
4920.3945 0.1873
4921.5288 0.1891
4922.6611 0.1901
4923.7964 0.1907
4924.9292 0.1922
4926.0649 0.1936
4927.1978 0.1910
4928.3315 0.1872
4929.4678 0.1875
4930.6021 0.1906
4931.7388 0.1943
4932.8735 0.1970
4934.0107 0.1974
4935.1460 0.1958
4936.2812 0.1908
4937.4194 0.1804
4938.5557 0.1595
4939.6943 0.1312
4940.8306 0.1223
4941.9702 0.1518
4943.1069 0.1839
4944.2441 0.2001
4945.3843 0.2037
4946.5220 0.2048
4947.6626 0.2039
4948.8008 0.2024
4949.9419 0.2016
4951.0806 0.2016
4952.2197 0.2018
4953.3618 0.2015
4954.5010 0.2004
4955.6436 0.1993
4956.7837 0.1989
4957.9268 0.1992
4959.0674 0.2001
4960.2080 0.2013
4961.3521 0.2017
4962.4932 0.2009
4963.6377 0.1995
4964.7793 0.1989
4965.9243 0.1989
4967.0669 0.1978
4968.2095 0.1951
4969.3550 0.1954
4970.4980 0.1978
4971.6445 0.2002
4972.7881 0.2007
4973.9351 0.1993
4975.0791 0.1995
4976.2236 0.2016
4977.3711 0.2027
4978.5161 0.2023
4979.6641 0.2015
4980.8096 0.2013
4981.9585 0.2017
4983.1045 0.2020
4984.2510 0.2009
4985.4004 0.1995
4986.5469 0.1995
4987.6968 0.2011
4988.8442 0.2022
4989.9946 0.2032
4991.1426 0.2039
4992.2910 0.2037
4993.4419 0.2026
4994.5908 0.2020
4995.7427 0.2023
4996.8921 0.2026
4998.0439 0.2028
4999.1938 0.2028
5000.3438 0.2026
5001.4971 0.2027
5002.6475 0.2035
5003.8013 0.2044
5004.9521 0.2048
5006.1064 0.2034
5007.2583 0.2005
5008.4126 0.1977
5009.5649 0.1964
5010.7173 0.1982
5011.8730 0.2022
5013.0259 0.2057
5014.1816 0.2073
5015.3354 0.2069
5016.4917 0.2039
5017.6460 0.1986
5018.8003 0.1946
5019.9575 0.1942
5021.1123 0.1968
5022.2700 0.2002
5023.4258 0.2034
5024.5840 0.2051
5025.7397 0.2064
5026.8960 0.2075
5028.0552 0.2086
5029.2119 0.2096
5030.3716 0.2072
5031.5288 0.2008
5032.6890 0.1879
5033.8472 0.1630
5035.0049 0.1395
5036.1660 0.1442
5037.3247 0.1802
5038.4863 0.2018
5039.6455 0.2086
5040.8076 0.2110
5041.9668 0.2125
5043.1270 0.2119
5044.2900 0.2105
5045.4502 0.2104
5046.6138 0.2083
5047.7749 0.2049
5048.9390 0.2029
5050.1001 0.2038
5051.2622 0.2036
5052.4268 0.2004
5053.5894 0.1996
5054.7544 0.2023
5055.9175 0.2028
5057.0830 0.1965
5058.2466 0.1918
5059.4102 0.1988
5060.5771 0.2069
5061.7412 0.2102
5062.9082 0.2104
5064.0732 0.2110
5065.2407 0.2114
5066.4062 0.2116
5067.5718 0.2124
5068.7402 0.2130
5069.9062 0.2125
5071.0752 0.2076
5072.2417 0.1929
5073.4116 0.1858
5074.5786 0.1949
5075.7461 0.2074
5076.9165 0.2128
5078.0845 0.2125
5079.2554 0.2128
5080.4238 0.2151
5081.5957 0.2177
5082.7646 0.2182
5083.9336 0.2168
5085.1060 0.2155
5086.2759 0.2149
5087.4487 0.2134
5088.6191 0.2122
5089.7925 0.2127
5090.9634 0.2144
5092.1348 0.2161
5093.3091 0.2177
5094.4805 0.2201
5095.6553 0.2212
5096.8276 0.2200
5098.0029 0.2183
5099.1758 0.2181
5100.3516 0.2193
5101.5249 0.2208
5102.6987 0.2215
5103.8750 0.2207
5105.0493 0.2194
5106.2266 0.2197
5107.4014 0.2207
5108.5791 0.2203
5109.7544 0.2181
5110.9297 0.2170
5112.1084 0.2178
5113.2842 0.2186
5114.4634 0.2174
5115.6401 0.2169
5116.8198 0.2135
5117.9966 0.2113
5119.1743 0.2134
5120.3545 0.2176
5121.5327 0.2191
5122.7134 0.2209
5123.8921 0.2215
5125.0737 0.2223
5126.2524 0.2233
5127.4321 0.2233
5128.6143 0.2230
5129.7939 0.2234
5130.9771 0.2240
5132.1572 0.2242
5133.3408 0.2239
5134.5220 0.2235
5135.7031 0.2240
5136.8872 0.2242
5138.0688 0.2245
5139.2539 0.2257
5140.4360 0.2269
5141.6216 0.2264
5142.8042 0.2257
5143.9873 0.2237
5145.1738 0.2207
5146.3574 0.2195
5147.5439 0.2213
5148.7280 0.2242
5149.9155 0.2251
5151.1001 0.2267
5152.2852 0.2279
5153.4731 0.2280
5154.6587 0.2275
5155.8477 0.2273
5157.0337 0.2269
5158.2227 0.2277
5159.4097 0.2277
5160.5962 0.2260
5161.7861 0.2234
5162.9736 0.2223
5164.1646 0.2240
5165.3525 0.2247
5166.5435 0.2240
5167.7319 0.2245
5168.9209 0.2261
5170.1128 0.2255
5171.3022 0.2228
5172.4946 0.2238
5173.6846 0.2265
5174.8779 0.2288
5176.0684 0.2299
5177.2588 0.2295
5178.4526 0.2289
5179.6440 0.2304
5180.8384 0.2320
5182.0303 0.2301
5183.2251 0.2200
5184.4175 0.1965
5185.6104 0.1641
5186.8062 0.1611
5187.9995 0.1899
5189.1958 0.2161
5190.3896 0.2253
5191.5864 0.2304
5192.7808 0.2357
5193.9780 0.2352
5195.1729 0.2340
5196.3682 0.2346
5197.5664 0.2361
5198.7622 0.2355
5199.9609 0.2304
5201.1572 0.2256
5202.3564 0.2267
5203.5532 0.2304
5204.7505 0.2318
5205.9507 0.2302
5207.1484 0.2312
5208.3491 0.2344
5209.5474 0.2368
5210.7485 0.2363
5211.9473 0.2323
5213.1460 0.2235
5214.3481 0.2089
5215.5479 0.2042
5216.7505 0.2153
5217.9507 0.2284
5219.1538 0.2334
5220.3545 0.2330
5221.5557 0.2332
5222.7598 0.2342
5223.9609 0.2350
5225.1655 0.2348
5226.3677 0.2335
5227.5728 0.2317
5228.7754 0.2306
5229.9785 0.2305
5231.1846 0.2297
5232.3877 0.2271
5233.5942 0.2238
5234.7983 0.2229
5236.0054 0.2267
5237.2100 0.2303
5238.4150 0.2321
5239.6230 0.2330
5240.8281 0.2337
5242.0366 0.2330
5243.2427 0.2270
5244.4517 0.2202
5245.6582 0.2224
5246.8652 0.2303
5248.0747 0.2356
5249.2822 0.2324
5250.4927 0.2210
5251.7007 0.2051
5252.9116 0.2001
5254.1201 0.2057
5255.3286 0.2154
5256.5405 0.2255
5257.7500 0.2338
5258.9624 0.2354
5260.1724 0.2365
5261.3853 0.2385
5262.5957 0.2394
5263.8062 0.2382
5265.0200 0.2370
5266.2310 0.2385
5267.4458 0.2401
5268.6572 0.2413
5269.8721 0.2418
5271.0845 0.2400
5272.2974 0.2359
5273.5132 0.2365
5274.7261 0.2395
5275.9424 0.2407
5277.1562 0.2385
5278.3730 0.2357
5279.5874 0.2382
5280.8047 0.2377
5282.0195 0.2338
5283.2349 0.2350
5284.4531 0.2425
5285.6689 0.2482
5286.8877 0.2470
5288.1040 0.2466
5289.3232 0.2452
5290.5400 0.2410
5291.7573 0.2293
5292.9775 0.2105
5294.1953 0.2061
5295.4160 0.2247
5296.6343 0.2399
5297.8555 0.2446
5299.0742 0.2453
5300.2935 0.2461
5301.5156 0.2418
5302.7354 0.2424
5303.9580 0.2482
5305.1782 0.2526
5306.4014 0.2530
5307.6221 0.2517
5308.8433 0.2496
5310.0674 0.2490
5311.2891 0.2506
5312.5137 0.2522
5313.7358 0.2526
5314.9614 0.2524
5316.1841 0.2523
5317.4072 0.2527
5318.6333 0.2535
5319.8569 0.2540
5321.0835 0.2538
5322.3076 0.2527
5323.5347 0.2500
5324.7598 0.2500
5325.9844 0.2515
5327.2129 0.2525
5328.4380 0.2531
5329.6670 0.2528
5330.8931 0.2476
5332.1221 0.2378
5333.3491 0.2213
5334.5757 0.2102
5335.8062 0.2191
5337.0337 0.2450
5338.2642 0.2554
5339.4922 0.2573
5340.7236 0.2570
5341.9521 0.2542
5343.1812 0.2503
5344.4131 0.2496
5345.6426 0.2534
5346.8755 0.2548
5348.1055 0.2550
5349.3389 0.2559
5350.5693 0.2572
5351.8003 0.2564
5353.0342 0.2533
5354.2656 0.2522
5355.5005 0.2521
5356.7324 0.2522
5357.9678 0.2537
5359.2002 0.2575
5360.4331 0.2608
5361.6694 0.2617
5362.9028 0.2606
5364.1392 0.2594
5365.3735 0.2595
5366.6108 0.2611
5367.8452 0.2625
5369.0801 0.2628
5370.3184 0.2636
5371.5537 0.2643
5372.7925 0.2642
5374.0283 0.2634
5375.2676 0.2629
5376.5039 0.2622
5377.7441 0.2608
5378.9810 0.2555
5380.2183 0.2467
5381.4590 0.2420
5382.6973 0.2509
5383.9385 0.2583
5385.1768 0.2614
5386.4189 0.2622
5387.6577 0.2627
5388.8975 0.2633
5390.1401 0.2642
5391.3799 0.2651
5392.6230 0.2663
5393.8638 0.2675
5395.1074 0.2684
5396.3486 0.2686
5397.5903 0.2684
5398.8350 0.2681
5400.0767 0.2678
5401.3223 0.2681
5402.5645 0.2682
5403.8105 0.2668
5405.0537 0.2644
5406.2969 0.2657
5407.5439 0.2631
5408.7876 0.2490
5410.0352 0.2393
5411.2798 0.2543
5412.5273 0.2676
5413.7725 0.2698
5415.0181 0.2697
5416.2666 0.2697
5417.5127 0.2689
5418.7617 0.2675
5420.0083 0.2661
5421.2583 0.2659
5422.5054 0.2662
5423.7529 0.2676
5425.0034 0.2693
5426.2515 0.2701
5427.5029 0.2706
5428.7515 0.2719
5430.0034 0.2722
5431.2524 0.2701
5432.5020 0.2677
5433.7549 0.2688
5435.0049 0.2718
5436.2578 0.2720
5437.5088 0.2713
5438.7627 0.2716
5440.0137 0.2729
5441.2651 0.2732
5442.5200 0.2696
5443.7720 0.2678
5445.0273 0.2711
5446.2798 0.2743
5447.5356 0.2744
5448.7891 0.2736
5450.0425 0.2731
5451.2993 0.2715
5452.5532 0.2728
5453.8105 0.2756
5455.0654 0.2772
5456.3232 0.2779
5457.5786 0.2790
5458.8340 0.2788
5460.0928 0.2777
5461.3486 0.2767
5462.6084 0.2761
5463.8647 0.2761
5465.1250 0.2760
5466.3823 0.2761
5467.6396 0.2754
5468.9004 0.2750
5470.1587 0.2756
5471.4199 0.2769
5472.6787 0.2777
5473.9404 0.2782
5475.1997 0.2784
5476.4624 0.2792
5477.7222 0.2810
5478.9824 0.2828
5480.2461 0.2837
5481.5068 0.2839
5482.7705 0.2822
5484.0322 0.2794
5485.2964 0.2785
5486.5586 0.2819
5487.8208 0.2854
5489.0859 0.2866
5490.3491 0.2866
5491.6147 0.2866
5492.8784 0.2868
5494.1450 0.2865
5495.4087 0.2833
5496.6729 0.2759
5497.9404 0.2714
5499.2056 0.2747
5500.4736 0.2818
5501.7388 0.2847
5503.0073 0.2855
5504.2734 0.2836
5505.5396 0.2811
5506.8096 0.2809
5508.0762 0.2832
5509.3462 0.2855
5510.6138 0.2862
5511.8843 0.2865
5513.1523 0.2877
5514.4209 0.2896
5515.6924 0.2911
5516.9614 0.2917
5518.2334 0.2923
5519.5029 0.2901
5520.7759 0.2871
5522.0459 0.2864
5523.3159 0.2864
5524.5898 0.2836
5525.8608 0.2824
5527.1348 0.2838
5528.4062 0.2862
5529.6812 0.2890
5530.9536 0.2920
5532.2256 0.2947
5533.5015 0.2962
5534.7744 0.2968
5536.0508 0.2969
5537.3242 0.2965
5538.6011 0.2960
5539.8755 0.2959
5541.1499 0.2958
5542.4277 0.2946
5543.7026 0.2926
5544.9810 0.2914
5546.2568 0.2916
5547.5356 0.2930
5548.8115 0.2939
5550.0884 0.2934
5551.3682 0.2898
5552.6450 0.2832
5553.9258 0.2801
5555.2031 0.2867
5556.4844 0.2927
5557.7627 0.2947
5559.0410 0.2955
5560.3232 0.2959
5561.6021 0.2953
5562.8848 0.2940
5564.1646 0.2944
5565.4473 0.2965
5566.7280 0.2979
5568.0083 0.2988
5569.2925 0.2998
5570.5737 0.3008
5571.8579 0.3010
5573.1401 0.3012
5574.4253 0.3014
5575.7075 0.3017
5576.9932 0.3020
5578.2764 0.3022
5579.5596 0.3026
5580.8462 0.3028
5582.1299 0.3023
5583.4170 0.3021
5584.7017 0.3029
5585.9893 0.3039
5587.2744 0.3039
5588.5601 0.3034
5589.8486 0.3030
5591.1348 0.3032
5592.4238 0.3038
5593.7104 0.3039
5595.0005 0.3033
5596.2876 0.3019
5597.5747 0.3017
5598.8657 0.3029
5600.1538 0.3044
5601.4448 0.3050
5602.7334 0.3051
5604.0254 0.3051
5605.3149 0.3050
5606.6045 0.3047
5607.8970 0.3049
5609.1870 0.3056
5610.4805 0.3052
5611.7715 0.3049
5613.0654 0.3052
5614.3569 0.3060
5615.6484 0.3064
5616.9434 0.3061
5618.2354 0.3059
5619.5308 0.3062
5620.8237 0.3071
5622.1201 0.3080
5623.4131 0.3083
5624.7070 0.3081
5626.0039 0.3081
5627.2983 0.3079
5628.5957 0.3074
5629.8906 0.3077
5631.1890 0.3086
5632.4844 0.3085
5633.7803 0.3082
5635.0791 0.3090
5636.3755 0.3099
5637.6753 0.3108
5638.9722 0.3116
5640.2725 0.3119
5641.5703 0.3122
5642.8682 0.3121
5644.1694 0.3122
5645.4678 0.3126
5646.7695 0.3129
5648.0684 0.3132
5649.3711 0.3132
5650.6704 0.3133
5651.9707 0.3136
5653.2739 0.3138
5654.5742 0.3139
5655.8784 0.3140
5657.1797 0.3134
5658.4839 0.3120
5659.7856 0.3121
5661.0879 0.3131
5662.3931 0.3129
5663.6958 0.3115
5665.0020 0.3118
5666.3052 0.3132
5667.6118 0.3145
5668.9155 0.3156
5670.2197 0.3167
5671.5273 0.3170
5672.8320 0.3162
5674.1401 0.3156
5675.4453 0.3145
5676.7539 0.3136
5678.0601 0.3138
5679.3696 0.3156
5680.6758 0.3170
5681.9829 0.3173
5683.2930 0.3173
5684.6006 0.3173
5685.9111 0.3173
5687.2192 0.3170
5688.5308 0.3166
5689.8394 0.3166
5691.1484 0.3166
5692.4609 0.3167
5693.7705 0.3171
5695.0835 0.3180
5696.3936 0.3192
5697.7070 0.3193
5699.0176 0.3197
5700.3286 0.3204
5701.6431 0.3207
5702.9551 0.3200
5704.2700 0.3199
5705.5825 0.3205
5706.8979 0.3210
5708.2109 0.3214
5709.5239 0.3218
5710.8408 0.3220
5712.1543 0.3226
5713.4717 0.3231
5714.7861 0.3235
5716.1040 0.3236
5717.4189 0.3232
5718.7339 0.3227
5720.0527 0.3228
5721.3687 0.3223
5722.6880 0.3201
5724.0044 0.3170
5725.3242 0.3161
5726.6416 0.3193
5727.9590 0.3226
5729.2798 0.3236
5730.5977 0.3238
5731.9194 0.3247
5733.2378 0.3261
5734.5601 0.3269
5735.8794 0.3266
5737.1987 0.3259
5738.5215 0.3257
5739.8418 0.3264
5741.1655 0.3274
5742.4863 0.3276
5743.8105 0.3280
5745.1318 0.3282
5746.4536 0.3284
5747.7783 0.3287
5749.1006 0.3291
5750.4268 0.3295
5751.7495 0.3300
5753.0757 0.3303
5754.3994 0.3310
5755.7231 0.3317
5757.0503 0.3320
5758.3745 0.3323
5759.7026 0.3323
5761.0273 0.3319
5762.3560 0.3316
5763.6816 0.3314
5765.0078 0.3310
5766.3369 0.3305
5767.6636 0.3310
5768.9937 0.3326
5770.3208 0.3338
5771.6514 0.3346
5772.9790 0.3356
5774.3071 0.3367
5775.6387 0.3370
5776.9673 0.3369
5778.2993 0.3367
5779.6289 0.3365
5780.9614 0.3363
5782.2915 0.3365
5783.6250 0.3366
5784.9556 0.3357
5786.2861 0.3354
5787.6206 0.3357
5788.9521 0.3358
5790.2871 0.3350
5791.6191 0.3336
5792.9546 0.3322
5794.2871 0.3313
5795.6201 0.3303
5796.9565 0.3272
5798.2900 0.3175
5799.6274 0.3006
5800.9614 0.2986
5802.2993 0.3114
5803.6338 0.3253
5804.9692 0.3324
5806.3076 0.3352
5807.6436 0.3367
5808.9824 0.3376
5810.3188 0.3386
5811.6587 0.3391
5812.9956 0.3387
5814.3330 0.3369
5815.6738 0.3328
5817.0117 0.3307
5818.3530 0.3346
5819.6914 0.3401
5821.0337 0.3429
5822.3726 0.3438
5823.7119 0.3450
5825.0552 0.3453
5826.3950 0.3451
5827.7388 0.3448
5829.0791 0.3447
5830.4233 0.3446
5831.7646 0.3447
5833.1064 0.3455
5834.4517 0.3472
5835.7935 0.3488
5837.1396 0.3497
5838.4824 0.3503
5839.8286 0.3507
5841.1719 0.3506
5842.5156 0.3506
5843.8633 0.3510
5845.2075 0.3516
5846.5552 0.3519
5847.9004 0.3520
5849.2490 0.3518
5850.5942 0.3523
5851.9404 0.3531
5853.2896 0.3532
5854.6362 0.3530
5855.9863 0.3540
5857.3335 0.3549
5858.6841 0.3551
5860.0322 0.3546
5861.3799 0.3538
5862.7319 0.3528
5864.0806 0.3525
5865.4326 0.3531
5866.7822 0.3542
5868.1348 0.3540
5869.4849 0.3527
5870.8350 0.3527
5872.1890 0.3542
5873.5400 0.3550
5874.8940 0.3556
5876.2456 0.3562
5877.6006 0.3564
5878.9531 0.3567
5880.3052 0.3573
5881.6611 0.3578
5883.0146 0.3578
5884.3711 0.3575
5885.7246 0.3573
5887.0820 0.3570
5888.4365 0.3573
5889.7939 0.3576
5891.1489 0.3570
5892.5044 0.3555
5893.8633 0.3526
5895.2192 0.3492
5896.5786 0.3518
5897.9351 0.3571
5899.2949 0.3600
5900.6523 0.3605
5902.0098 0.3600
5903.3706 0.3591
5904.7285 0.3586
5906.0903 0.3561
5907.4487 0.3388
5908.8110 0.2902
5910.1704 0.2505
5911.5303 0.2850
5912.8931 0.3323
5914.2534 0.3163
5915.6172 0.2751
5916.9780 0.2791
5918.3428 0.3272
5919.7041 0.3531
5921.0659 0.3550
5922.4312 0.3567
5923.7939 0.3594
5925.1597 0.3615
5926.5229 0.3625
5927.8896 0.3625
5929.2534 0.3620
5930.6172 0.3617
5931.9849 0.3623
5933.3496 0.3628
5934.7178 0.3627
5936.0830 0.3628
5937.4517 0.3631
5938.8179 0.3614
5940.1841 0.3606
5941.5537 0.3618
5942.9204 0.3624
5944.2910 0.3605
5945.6587 0.3615
5947.0298 0.3644
5948.3975 0.3659
5949.7661 0.3664
5951.1382 0.3667
5952.5073 0.3666
5953.8799 0.3673
5955.2495 0.3679
5956.6226 0.3676
5957.9932 0.3674
5959.3638 0.3675
5960.7378 0.3666
5962.1094 0.3641
5963.4839 0.3642
5964.8560 0.3653
5966.2314 0.3647
5967.6040 0.3637
5968.9766 0.3651
5970.3530 0.3662
5971.7266 0.3666
5973.1035 0.3676
5974.4780 0.3681
5975.8555 0.3663
5977.2305 0.3625
5978.6055 0.3621
5979.9839 0.3644
5981.3599 0.3661
5982.7388 0.3674
5984.1152 0.3688
5985.4951 0.3694
5986.8721 0.3687
5988.2495 0.3679
5989.6304 0.3681
5991.0083 0.3692
5992.3896 0.3705
5993.7681 0.3718
5995.1504 0.3718
5996.5298 0.3691
5997.9126 0.3640
5999.2920 0.3628
6000.6724 0.3673
6002.0562 0.3717
6003.4370 0.3723
6004.8213 0.3729
6006.2026 0.3729
6007.5874 0.3730
6008.9697 0.3729
6010.3521 0.3717
6011.7378 0.3710
6013.1211 0.3725
6014.5078 0.3742
6015.8911 0.3750
6017.2783 0.3752
6018.6626 0.3755
6020.0474 0.3757
6021.4355 0.3764
6022.8208 0.3766
6024.2095 0.3759
6025.5957 0.3750
6026.9849 0.3747
6028.3716 0.3736
6029.7583 0.3724
6031.1489 0.3721
6032.5361 0.3734
6033.9272 0.3759
6035.3154 0.3782
6036.7070 0.3793
6038.0957 0.3795
6039.4849 0.3794
6040.8774 0.3798
6042.2671 0.3805
6043.6606 0.3806
6045.0508 0.3809
6046.4448 0.3808
6047.8359 0.3806
6049.2271 0.3811
6050.6221 0.3822
6052.0142 0.3829
6053.4097 0.3829
6054.8022 0.3824
6056.1982 0.3812
6057.5918 0.3798
6058.9854 0.3796
6060.3823 0.3815
6061.7764 0.3823
6063.1743 0.3827
6064.5693 0.3826
6065.9678 0.3824
6067.3633 0.3830
6068.7588 0.3845
6070.1582 0.3853
6071.5547 0.3857
6072.9551 0.3858
6074.3521 0.3867
6075.7529 0.3882
6077.1504 0.3887
6078.5483 0.3886
6079.9502 0.3882
6081.3491 0.3877
6082.7515 0.3884
6084.1504 0.3896
6085.5537 0.3895
6086.9536 0.3897
6088.3540 0.3900
6089.7578 0.3901
6091.1587 0.3905
6092.5635 0.3914
6093.9648 0.3924
6095.3701 0.3930
6096.7725 0.3934
6098.1782 0.3936
6099.5811 0.3939
6100.9844 0.3941
6102.3911 0.3938
6103.7949 0.3933
6105.2026 0.3938
6106.6069 0.3949
6108.0151 0.3958
6109.4204 0.3959
6110.8257 0.3959
6112.2349 0.3970
6113.6411 0.3978
6115.0508 0.3981
6116.4575 0.3985
6117.8682 0.3989
6119.2754 0.3991
6120.6831 0.3996
6122.0947 0.3997
6123.5029 0.3994
6124.9150 0.3999
6126.3242 0.4010
6127.7368 0.4011
6129.1465 0.4012
6130.5566 0.4015
6131.9702 0.4010
6133.3809 0.4002
6134.7954 0.4005
6136.2065 0.4022
6137.6216 0.4029
6139.0337 0.4039
6140.4458 0.4045
6141.8618 0.4046
6143.2749 0.4047
6144.6914 0.4048
6146.1050 0.4048
6147.5220 0.4048
6148.9365 0.4051
6150.3511 0.4059
6151.7690 0.4072
6153.1846 0.4078
6154.6035 0.4079
6156.0190 0.4081
6157.4390 0.4083
6158.8555 0.4084
6160.2720 0.4083
6161.6929 0.4081
6163.1104 0.4085
6164.5312 0.4090
6165.9497 0.4075
6167.3711 0.4021
6168.7900 0.3968
6170.2095 0.3991
6171.6323 0.4063
6173.0518 0.4098
6174.4756 0.4099
6175.8960 0.4065
6177.3198 0.4017
6178.7412 0.4013
6180.1626 0.4061
6181.5874 0.4091
6183.0098 0.4095
6184.4355 0.4089
6185.8579 0.4084
6187.2847 0.4079
6188.7080 0.4080
6190.1318 0.4083
6191.5591 0.4084
6192.9834 0.4080
6194.4116 0.4071
6195.8364 0.4058
6197.2651 0.4065
6198.6909 0.4065
6200.1172 0.4069
6201.5469 0.4084
6202.9731 0.4103
6204.4038 0.4111
6205.8311 0.4118
6207.2622 0.4121
6208.6899 0.4127
6210.1216 0.4140
6211.5503 0.4152
6212.9795 0.4160
6214.4121 0.4163
6215.8418 0.4149
6217.2749 0.4142
6218.7056 0.4153
6220.1392 0.4169
6221.5703 0.4159
6223.0015 0.4117
6224.4365 0.4086
6225.8687 0.4101
6227.3042 0.4143
6228.7368 0.4180
6230.1729 0.4200
6231.6064 0.4205
6233.0400 0.4206
6234.4771 0.4215
6235.9116 0.4226
6237.3496 0.4231
6238.7842 0.4238
6240.2231 0.4244
6241.6587 0.4248
6243.0942 0.4252
6244.5342 0.4256
6245.9707 0.4257
6247.4111 0.4258
6248.8481 0.4265
6250.2891 0.4273
6251.7271 0.4276
6253.1650 0.4272
6254.6069 0.4267
6256.0459 0.4265
6257.4888 0.4238
6258.9282 0.4189
6260.3716 0.4195
6261.8115 0.4245
6263.2520 0.4282
6264.6963 0.4276
6266.1377 0.4245
6267.5825 0.4178
6269.0244 0.4179
6270.4702 0.4252
6271.9126 0.4316
6273.3555 0.4319
6274.8022 0.4322
6276.2456 0.4325
6277.6929 0.4328
6279.1372 0.4333
6280.5850 0.4334
6282.0298 0.4332
6283.4751 0.4331
6284.9238 0.4333
6286.3696 0.4330
6287.8193 0.4323
6289.2661 0.4303
6290.7163 0.4264
6292.1636 0.4256
6293.6108 0.4288
6295.0620 0.4314
6296.5103 0.4298
6297.9624 0.4222
6299.4111 0.4115
6300.8638 0.4085
6302.3135 0.4062
6303.7632 0.3982
6305.2168 0.3911
6306.6675 0.3950
6308.1216 0.4103
6309.5728 0.4208
6311.0278 0.4257
6312.4795 0.4281
6313.9316 0.4302
6315.3877 0.4325
6316.8403 0.4341
6318.2974 0.4351
6319.7510 0.4352
6321.2080 0.4355
6322.6621 0.4356
6324.1201 0.4351
6325.5752 0.4340
6327.0303 0.4332
6328.4893 0.4335
6329.9453 0.4344
6331.4048 0.4353
6332.8613 0.4367
6334.3218 0.4387
6335.7788 0.4383
6337.2363 0.4357
6338.6978 0.4328
6340.1558 0.4332
6341.6182 0.4372
6343.0767 0.4403
6344.5396 0.4417
6345.9990 0.4422
6347.4590 0.4436
6348.9229 0.4450
6350.3833 0.4446
6351.8477 0.4427
6353.3091 0.4423
6354.7739 0.4441
6356.2358 0.4457
6357.6982 0.4463
6359.1641 0.4463
6360.6270 0.4463
6362.0938 0.4463
6363.5576 0.4455
6365.0249 0.4431
6366.4893 0.4285
6367.9536 0.4092
6369.4224 0.4141
6370.8877 0.4372
6372.3564 0.4453
6373.8228 0.4458
6375.2925 0.4459
6376.7588 0.4464
6378.2261 0.4473
6379.6968 0.4478
6381.1646 0.4482
6382.6357 0.4480
6384.1040 0.4477
6385.5762 0.4481
6387.0454 0.4486
6388.5146 0.4478
6389.9878 0.4428
6391.4580 0.4270
6392.9316 0.4197
6394.4023 0.4328
6395.8770 0.4491
6397.3481 0.4492
6398.8198 0.4493
6400.2954 0.4492
6401.7681 0.4495
6403.2441 0.4509
6404.7173 0.4513
6406.1943 0.4520
6407.6680 0.4532
6409.1421 0.4546
6410.6196 0.4555
6412.0947 0.4560
6413.5732 0.4560
6415.0488 0.4561
6416.5278 0.4562
6418.0039 0.4560
6419.4805 0.4562
6420.9609 0.4571
6422.4380 0.4571
6423.9189 0.4572
6425.3970 0.4581
6426.8784 0.4583
6428.3569 0.4579
6429.8359 0.4580
6431.3184 0.4588
6432.7979 0.4589
6434.2812 0.4586
6435.7617 0.4571
6437.2456 0.4543
6438.7266 0.4535
6440.2114 0.4575
6441.6929 0.4596
6443.1748 0.4604
6444.6606 0.4610
6446.1431 0.4613
6447.6294 0.4612
6449.1128 0.4614
6450.6001 0.4615
6452.0840 0.4607
6453.5684 0.4590
6455.0566 0.4586
6456.5415 0.4603
6458.0303 0.4619
6459.5161 0.4620
6461.0054 0.4615
6462.4917 0.4610
6463.9785 0.4609
6465.4692 0.4605
6466.9565 0.4587
6468.4478 0.4587
6469.9360 0.4603
6471.4277 0.4611
6472.9165 0.4607
6474.4058 0.4584
6475.8984 0.4516
6477.3882 0.4434
6478.8818 0.4483
6480.3726 0.4575
6481.8667 0.4626
6483.3579 0.4630
6484.8496 0.4631
6486.3447 0.4630
6487.8369 0.4631
6489.3330 0.4631
6490.8262 0.4634
6492.3228 0.4642
6493.8164 0.4648
6495.3101 0.4646
6496.8081 0.4634
6498.3027 0.4631
6499.8013 0.4642
6501.2964 0.4646
6502.7954 0.4620
6504.2915 0.4604
6505.7876 0.4611
6507.2881 0.4635
6508.7852 0.4658
6510.2861 0.4665
6511.7837 0.4655
6513.2852 0.4637
6514.7837 0.4634
6516.2822 0.4644
6517.7852 0.4652
6519.2842 0.4660
6520.7876 0.4681
6522.2876 0.4698
6523.7920 0.4706
6525.2925 0.4707
6526.7939 0.4704
6528.2988 0.4704
6529.8008 0.4707
6531.3062 0.4712
6532.8091 0.4718
6534.3154 0.4718
6535.8184 0.4696
6537.3223 0.4657
6538.8296 0.4644
6540.3340 0.4685
6541.8423 0.4706
6543.3472 0.4714
6544.8560 0.4716
6546.3613 0.4717
6547.8677 0.4718
6549.3774 0.4717
6550.8843 0.4713
6552.3945 0.4711
6553.9019 0.4712
6555.4136 0.4714
6556.9214 0.4723
6558.4336 0.4732
6559.9424 0.4744
6561.4512 0.4758
6562.9644 0.4768
6564.4741 0.4768
6565.9878 0.4760
6567.4985 0.4765
6569.0127 0.4793
6570.5239 0.4816
6572.0356 0.4835
6573.5513 0.4851
6575.0635 0.4852
6576.5796 0.4866
6578.0923 0.4874
6579.6094 0.4827
6581.1230 0.4506
6582.6372 0.4252
6584.1548 0.4886
6585.6694 0.5783
6587.1885 0.5622
6588.7036 0.5168
6590.2231 0.4951
6591.7393 0.4926
6593.2554 0.4902
6594.7759 0.4895
6596.2930 0.4888
6597.8140 0.4883
6599.3320 0.4881
6600.8535 0.4881
6602.3721 0.4882
6603.8911 0.4872
6605.4141 0.4868
6606.9336 0.4864
6608.4570 0.4855
6609.9771 0.4846
6611.5015 0.4850
6613.0225 0.4851
6614.5439 0.4851
6616.0693 0.4855
6617.5913 0.4859
6619.1172 0.4859
6620.6396 0.4857
6622.1665 0.4865
6623.6899 0.4872
6625.2139 0.4873
6626.7417 0.4870
6628.2661 0.4870
6629.7944 0.4877
6631.3198 0.4886
6632.8486 0.4887
6634.3745 0.4850
6635.9009 0.4799
6637.4312 0.4798
6638.9580 0.4869
6640.4888 0.4892
6642.0166 0.4897
6643.5483 0.4894
6645.0767 0.4893
6646.6055 0.4895
6648.1382 0.4894
6649.6675 0.4896
6651.2007 0.4907
6652.7310 0.4913
6654.2651 0.4913
6655.7959 0.4915
6657.3271 0.4921
6658.8623 0.4926
6660.3940 0.4928
6661.9297 0.4931
6663.4624 0.4932
6664.9990 0.4928
6666.5322 0.4922
6668.0659 0.4922
6669.6035 0.4930
6671.1377 0.4940
6672.6763 0.4947
6674.2114 0.4951
6675.7505 0.4951
6677.2861 0.4951
6678.8257 0.4949
6680.3623 0.4951
6681.8989 0.4950
6683.4399 0.4946
6684.9775 0.4954
6686.5190 0.4964
6688.0571 0.4974
6689.5996 0.4982
6691.1382 0.4985
6692.6777 0.4981
6694.2212 0.4978
6695.7607 0.4985
6697.3052 0.4986
6698.8457 0.4971
6700.3906 0.4959
6701.9316 0.4972
6703.4736 0.4995
6705.0195 0.5006
6706.5620 0.5013
6708.1084 0.5020
6709.6519 0.5031
6711.1987 0.5040
6712.7427 0.5035
6714.2871 0.5034
6715.8354 0.5033
6717.3804 0.5032
6718.9292 0.5032
6720.4751 0.5030
6722.0249 0.5025
6723.5713 0.5029
6725.1177 0.5039
6726.6685 0.5050
6728.2163 0.5058
6729.7676 0.5061
6731.3159 0.5062
6732.8682 0.5065
6734.4170 0.5069
6735.9663 0.5066
6737.5195 0.5060
6739.0693 0.5060
6740.6235 0.5069
6742.1743 0.5074
6743.7290 0.5073
6745.2803 0.5051
6746.8320 0.5044
6748.3877 0.5073
6749.9404 0.5099
6751.4966 0.5096
6753.0498 0.5095
6754.6069 0.5095
6756.1611 0.5092
6757.7153 0.5090
6759.2734 0.5095
6760.8286 0.5101
6762.3877 0.5100
6763.9434 0.5096
6765.5029 0.5095
6767.0596 0.5100
6768.6162 0.5108
6770.1772 0.5114
6771.7344 0.5118
6773.2959 0.5122
6774.8540 0.5128
6776.4165 0.5133
6777.9756 0.5134
6779.5347 0.5131
6781.0981 0.5133
6782.6582 0.5139
6784.2222 0.5143
6785.7827 0.5142
6787.3477 0.5143
6788.9092 0.5145
6790.4707 0.5144
6792.0366 0.5144
6793.5991 0.5147
6795.1655 0.5151
6796.7290 0.5149
6798.2964 0.5152
6799.8604 0.5157
6801.4282 0.5159
6802.9927 0.5159
6804.5581 0.5160
6806.1270 0.5162
6807.6929 0.5162
6809.2627 0.5159
6810.8291 0.5160
6812.3994 0.5159
6813.9668 0.5147
6815.5342 0.5131
6817.1060 0.5150
6818.6743 0.5167
6820.2466 0.5176
6821.8154 0.5179
6823.3887 0.5178
6824.9585 0.5179
6826.5283 0.5182
6828.1025 0.5188
6829.6733 0.5195
6831.2485 0.5200
6832.8198 0.5201
6834.3955 0.5199
6835.9678 0.5201
6837.5405 0.5202
6839.1172 0.5204
6840.6904 0.5206
6842.2681 0.5209
6843.8418 0.5216
6845.4199 0.5218
6846.9946 0.5220
6848.5698 0.5223
6850.1494 0.5223
6851.7251 0.5219
6853.3052 0.5221
6854.8818 0.5228
6856.4624 0.5232
6858.0396 0.5232
6859.6177 0.5231
6861.1992 0.5234
6862.7778 0.5239
6864.3604 0.5241
6865.9395 0.5243
6867.5225 0.5245
6869.1025 0.5247
6870.6826 0.5250
6872.2671 0.5252
6873.8481 0.5254
6875.4331 0.5257
6877.0146 0.5258
6878.6006 0.5259
6880.1831 0.5262
6881.7656 0.5267
6883.3525 0.5261
6884.9360 0.5253
6886.5239 0.5261
6888.1079 0.5273
6889.6963 0.5277
6891.2812 0.5281
6892.8667 0.5284
6894.4561 0.5285
6896.0425 0.5287
6897.6323 0.5289
6899.2192 0.5292
6900.8105 0.5295
6902.3979 0.5297
6903.9858 0.5289
6905.5776 0.5287
6907.1665 0.5296
6908.7593 0.5307
6910.3486 0.5308
6911.9419 0.5311
6913.5322 0.5313
6915.1226 0.5315
6916.7173 0.5318
6918.3081 0.5320
6919.9038 0.5322
6921.4956 0.5324
6923.0918 0.5326
6924.6846 0.5328
6926.2812 0.5328
6927.8745 0.5322
6929.4683 0.5321
6931.0664 0.5331
6932.6606 0.5338
6934.2593 0.5341
6935.8545 0.5343
6937.4541 0.5345
6939.0498 0.5348
6940.6460 0.5350
6942.2466 0.5351
6943.8438 0.5353
6945.4448 0.5355
6947.0430 0.5357
6948.6445 0.5360
6950.2432 0.5358
6951.8423 0.5358
6953.4453 0.5364
6955.0449 0.5370
6956.6489 0.5372
6958.2490 0.5375
6959.8535 0.5378
6961.4546 0.5379
6963.0562 0.5381
6964.6621 0.5384
6966.2642 0.5387
6967.8706 0.5389
6969.4736 0.5390
6971.0806 0.5393
6972.6841 0.5396
6974.2886 0.5398
6975.8965 0.5399
6977.5015 0.5396
6979.1104 0.5400
6980.7158 0.5406
6982.3257 0.5409
6983.9321 0.5409
6985.5386 0.5410
6987.1494 0.5414
6988.7568 0.5414
6990.3687 0.5416
6991.9766 0.5420
6993.5889 0.5422
6995.1978 0.5422
6996.8071 0.5425
6998.4204 0.5428
7000.0303 0.5427
7001.6445 0.5428
7003.2554 0.5430
7004.8701 0.5433
7006.4819 0.5436
7008.0938 0.5442
7009.7095 0.5446
7011.3223 0.5450
7012.9390 0.5451
7014.5522 0.5445
7016.1699 0.5436
7017.7837 0.5437
7019.3984 0.5452
7021.0171 0.5460
7022.6323 0.5456
7024.2515 0.5449
7025.8677 0.5448
7027.4878 0.5460
7029.1045 0.5467
7030.7212 0.5468
7032.3428 0.5470
7033.9604 0.5476
7035.5825 0.5483
7037.2007 0.5490
7038.8237 0.5493
7040.4429 0.5496
7042.0664 0.5498
7043.6865 0.5500
7045.3066 0.5502
7046.9316 0.5509
7048.5527 0.5512
7050.1782 0.5509
7051.7998 0.5510
7053.4263 0.5516
7055.0488 0.5514
7056.6719 0.5518
7058.2988 0.5529
7059.9229 0.5534
7061.5508 0.5532
7063.1753 0.5526
7064.8037 0.5514
7066.4292 0.5517
7068.0547 0.5529
7069.6846 0.5531
7071.3110 0.5533
7072.9419 0.5541
7074.5688 0.5544
7076.2002 0.5550
7077.8281 0.5551
7079.4561 0.5544
7081.0889 0.5540
7082.7178 0.5538
7084.3511 0.5524
7085.9810 0.5512
7087.6147 0.5513
7089.2451 0.5521
7090.8760 0.5533
7092.5112 0.5544
7094.1431 0.5548
7095.7788 0.5560
7097.4111 0.5570
7099.0479 0.5576
7100.6812 0.5578
7102.3145 0.5580
7103.9521 0.5586
7105.5864 0.5590
7107.2251 0.5589
7108.8599 0.5591
7110.4995 0.5596
7112.1353 0.5600
7113.7715 0.5605
7115.4116 0.5609
7117.0483 0.5613
7118.6899 0.5618
7120.3271 0.5623
7121.9692 0.5626
7123.6079 0.5626
7125.2466 0.5627
7126.8896 0.5632
7128.5293 0.5636
7130.1729 0.5638
7131.8130 0.5640
7133.4580 0.5642
7135.0986 0.5642
7136.7402 0.5643
7138.3857 0.5643
7140.0283 0.5643
7141.6748 0.5644
7143.3174 0.5650
7144.9648 0.5655
7146.6084 0.5662
7148.2524 0.5668
7149.9009 0.5670
7151.5459 0.5669
7153.1948 0.5672
7154.8403 0.5675
7156.4902 0.5677
7158.1367 0.5677
7159.7832 0.5680
7161.4346 0.5684
7163.0820 0.5686
7164.7339 0.5689
7166.3818 0.5692
7168.0347 0.5695
7169.6836 0.5697
7171.3369 0.5700
7172.9863 0.5704
7174.6367 0.5706
7176.2910 0.5709
7177.9419 0.5709
7179.5972 0.5703
7181.2490 0.5699
7182.9048 0.5714
7184.5571 0.5720
7186.2100 0.5722
7187.8672 0.5723
7189.5210 0.5725
7191.1787 0.5729
7192.8330 0.5733
7194.4917 0.5735
7196.1465 0.5738
7197.8022 0.5741
7199.4619 0.5743
7201.1182 0.5747
7202.7788 0.5750
7204.4355 0.5752
7206.0972 0.5754
7207.7549 0.5759
7209.4131 0.5764
7211.0757 0.5768
7212.7344 0.5769
7214.3975 0.5763
7216.0571 0.5751
7217.7212 0.5742
7219.3818 0.5736
7221.0425 0.5734
7222.7075 0.5734
7224.3691 0.5733
7226.0352 0.5733
7227.6973 0.5735
7229.3643 0.5737
7231.0273 0.5736
7232.6909 0.5737
7234.3584 0.5739
7236.0229 0.5740
7237.6914 0.5741
7239.3564 0.5743
7241.0259 0.5746
7242.6919 0.5749
7244.3579 0.5751
7246.0283 0.5754
7247.6953 0.5757
7249.3667 0.5759
7251.0342 0.5761
7252.7065 0.5765
7254.3750 0.5767
7256.0439 0.5769
7257.7168 0.5772
7259.3867 0.5774
7261.0605 0.5777
7262.7310 0.5780
7264.4058 0.5781
7266.0771 0.5783
7267.7485 0.5787
7269.4243 0.5791
7271.0967 0.5793
7272.7734 0.5795
7274.4463 0.5796
7276.1240 0.5796
7277.7979 0.5793
7279.4722 0.5796
7281.1509 0.5804
7282.8257 0.5807
7284.5054 0.5808
7286.1812 0.5810
7287.8613 0.5807
7289.5376 0.5804
7291.2148 0.5809
7292.8960 0.5815
7294.5737 0.5816
7296.2559 0.5817
7297.9341 0.5819
7299.6172 0.5822
7301.2964 0.5825
7302.9800 0.5826
7304.6602 0.5828
7306.3408 0.5830
7308.0254 0.5831
7309.7065 0.5831
7311.3921 0.5829
7313.0742 0.5828
7314.7607 0.5834
7316.4434 0.5837
7318.1265 0.5840
7319.8140 0.5841
7321.4980 0.5843
7323.1860 0.5845
7324.8711 0.5847
7326.5601 0.5849
7328.2456 0.5850
7329.9312 0.5850
7331.6216 0.5850
7333.3081 0.5856
7334.9995 0.5861
7336.6865 0.5864
7338.3784 0.5866
7340.0669 0.5868
7341.7554 0.5868
7343.4482 0.5867
7345.1377 0.5867
7346.8315 0.5869
7348.5215 0.5870
7350.2163 0.5871
7351.9067 0.5872
7353.5981 0.5873
7355.2939 0.5872
7356.9858 0.5872
7358.6826 0.5875
7360.3755 0.5878
7362.0728 0.5879
7363.7661 0.5881
7365.4604 0.5885
7367.1587 0.5887
7368.8535 0.5888
7370.5527 0.5888
7372.2485 0.5889
7373.9487 0.5891
7375.6450 0.5891
7377.3418 0.5892
7379.0430 0.5893
7380.7402 0.5894
7382.4424 0.5895
7384.1406 0.5895
7385.8433 0.5899
7387.5425 0.5903
7389.2422 0.5901
7390.9458 0.5899
7392.6465 0.5900
7394.3511 0.5901
7396.0522 0.5904
7397.7573 0.5904
7399.4595 0.5908
7401.1616 0.5916
7402.8682 0.5923
7404.5713 0.5927
7406.2788 0.5921
7407.9824 0.5920
7409.6909 0.5930
7411.3955 0.5939
7413.1006 0.5941
7414.8101 0.5943
7416.5156 0.5939
7418.2261 0.5932
7419.9326 0.5940
7421.6436 0.5956
7423.3506 0.5963
7425.0586 0.5960
7426.7705 0.5961
7428.4795 0.5960
7430.1924 0.5947
7431.9014 0.5932
7433.6152 0.5930
7435.3257 0.5940
7437.0400 0.5941
7438.7510 0.5953
7440.4624 0.5961
7442.1777 0.5964
7443.8901 0.5964
7445.6064 0.5948
7447.3193 0.5899
7449.0366 0.5871
7450.7505 0.5898
7452.4644 0.5939
7454.1831 0.5949
7455.8979 0.5946
7457.6172 0.5966
7459.3325 0.5981
7461.0527 0.5979
7462.7690 0.5975
7464.4858 0.5960
7466.2070 0.5905
7467.9248 0.5870
7469.6470 0.5910
7471.3652 0.5958
7473.0884 0.5976
7474.8076 0.5981
7476.5269 0.6000
7478.2510 0.6003
7479.9712 0.6001
7481.6963 0.6005
7483.4175 0.6011
7485.1431 0.6002
7486.8652 0.5976
7488.5874 0.5979
7490.3145 0.5972
7492.0371 0.5895
7493.7651 0.5845
7495.4888 0.5902
7497.2173 0.5967
7498.9419 0.5968
7500.6670 0.5982
7502.3970 0.5996
7504.1226 0.6005
7505.8530 0.6011
7507.5801 0.5996
7509.3110 0.5995
7511.0386 0.6004
7512.7666 0.6016
7514.4990 0.6017
7516.2275 0.6006
7517.9609 0.6001
7519.6904 0.5999
7521.4243 0.5986
7523.1548 0.5973
7524.8853 0.5966
7526.6206 0.5972
7528.3521 0.5996
7530.0884 0.6011
7531.8203 0.6018
7533.5571 0.6012
7535.2905 0.6006
7537.0239 0.6009
7538.7617 0.6001
7540.4961 0.5991
7542.2349 0.5992
7543.9702 0.5998
7545.7095 0.6001
7547.4453 0.6001
7549.1816 0.6000
7550.9229 0.6010
7552.6597 0.6014
7554.4014 0.6018
7556.1392 0.6021
7557.8818 0.6016
7559.6201 0.6015
7561.3594 0.6017
7563.1030 0.6012
7564.8428 0.6004
7566.5874 0.6002
7568.3281 0.6008
7570.0732 0.6017
7571.8149 0.6020
7573.5610 0.6021
7575.3032 0.6022
7577.0459 0.6024
7578.7930 0.6025
7580.5366 0.6025
7582.2847 0.6026
7584.0288 0.6028
7585.7778 0.6031
7587.5229 0.6034
7589.2686 0.6036
7591.0186 0.6035
7592.7646 0.6039
7594.5156 0.6042
7596.2627 0.6043
7598.0142 0.6045
7599.7622 0.6048
7601.5107 0.6051
7603.2637 0.6053
7605.0127 0.6054
7606.7661 0.6056
7608.5161 0.6060
7610.2710 0.6062
7612.0215 0.6062
7613.7725 0.6064
7615.5283 0.6067
7617.2803 0.6069
7619.0366 0.6070
7620.7896 0.6071
7622.5469 0.6073
7624.3003 0.6075
7626.0542 0.6077
7627.8130 0.6078
7629.5679 0.6079
7631.3271 0.6082
7633.0825 0.6084
7634.8428 0.6084
7636.5991 0.6082
7638.3560 0.6078
7640.1172 0.6075
7641.8750 0.6072
7643.6372 0.6070
7645.3955 0.6067
7647.1587 0.6068
7648.9180 0.6073
7650.6772 0.6075
7652.4419 0.6076
7654.2021 0.6079
7655.9673 0.6083
7657.7285 0.6085
7659.4941 0.6086
7661.2563 0.6087
7663.0186 0.6089
7664.7856 0.6088
7666.5493 0.6087
7668.3169 0.6091
7670.0811 0.6094
7671.8496 0.6096
7673.6147 0.6097
7675.3799 0.6097
7677.1499 0.6099
7678.9160 0.6099
7680.6870 0.6097
7682.4536 0.6099
7684.2251 0.6104
7685.9932 0.6106
7687.7612 0.6109
7689.5342 0.6111
7691.3027 0.6111
7693.0767 0.6112
7694.8462 0.6114
7696.6206 0.6116
7698.3911 0.6116
7700.1621 0.6117
7701.9380 0.6118
7703.7100 0.6120
7705.4863 0.6122
7707.2588 0.6123
7709.0361 0.6124
7710.8096 0.6126
7712.5879 0.6128
7714.3618 0.6126
7716.1367 0.6124
7717.9160 0.6127
7719.6914 0.6131
7721.4717 0.6132
7723.2480 0.6133
7725.0288 0.6133
7726.8062 0.6135
7728.5835 0.6139
7730.3657 0.6141
7732.1440 0.6142
7733.9272 0.6142
7735.7065 0.6141
7737.4902 0.6141
7739.2700 0.6143
7741.0508 0.6143
7742.8354 0.6140
7744.6167 0.6139
7746.4028 0.6139
7748.1851 0.6140
7749.9717 0.6140
7751.7544 0.6142
7753.5376 0.6146
7755.3257 0.6149
7757.1099 0.6150
7758.8984 0.6151
7760.6836 0.6155
7762.4731 0.6159
7764.2588 0.6162
7766.0449 0.6163
7767.8359 0.6164
7769.6226 0.6165
7771.4146 0.6166
7773.2021 0.6169
7774.9946 0.6173
7776.7832 0.6177
7778.5723 0.6181
7780.3662 0.6183
7782.1558 0.6181
7783.9507 0.6180
7785.7412 0.6185
7787.5366 0.6187
7789.3281 0.6184
7791.1201 0.6183
7792.9165 0.6183
7794.7095 0.6171
7796.5068 0.6065
7798.3003 0.5932
7800.0986 0.5869
7801.8931 0.5931
7803.6880 0.6074
7805.4873 0.6136
7807.2832 0.6174
7809.0835 0.6198
7810.8799 0.6208
7812.6812 0.6215
7814.4785 0.6221
7816.2759 0.6222
7818.0786 0.6221
7819.8770 0.6225
7821.6802 0.6228
7823.4795 0.6221
7825.2837 0.6204
7827.0840 0.6196
7828.8843 0.6219
7830.6899 0.6233
7832.4912 0.6235
7834.2974 0.6243
7836.0996 0.6242
7837.9067 0.6231
7839.7100 0.6241
7841.5132 0.6256
7843.3213 0.6260
7845.1260 0.6255
7846.9351 0.6255
7848.7402 0.6252
7850.5498 0.6239
7852.3560 0.6215
7854.1665 0.6209
7855.9736 0.6231
7857.7808 0.6242
7859.5928 0.6244
7861.4009 0.6253
7863.2139 0.6259
7865.0225 0.6258
7866.8364 0.6255
7868.6460 0.6257
7870.4561 0.6257
7872.2710 0.6255
7874.0820 0.6255
7875.8979 0.6255
7877.7100 0.6251
7879.5264 0.6247
7881.3389 0.6246
7883.1519 0.6246
7884.9697 0.6243
7886.7837 0.6241
7888.6025 0.6239
7890.4175 0.6213
7892.2368 0.6149
7894.0522 0.6137
7895.8687 0.6193
7897.6890 0.6248
7899.5059 0.6250
7901.3276 0.6235
7903.1455 0.6196
7904.9678 0.6221
7906.7861 0.6248
7908.6055 0.6253
7910.4292 0.6255
7912.2485 0.6255
7914.0732 0.6243
7915.8940 0.6242
7917.7192 0.6250
7919.5405 0.6247
7921.3628 0.6222
7923.1895 0.6201
7925.0122 0.6245
7926.8394 0.6265
7928.6631 0.6261
7930.4912 0.6259
7932.3159 0.6267
7934.1406 0.6267
7935.9702 0.6260
7937.7959 0.6259
7939.6265 0.6258
7941.4526 0.6254
7943.2842 0.6251
7945.1113 0.6253
7946.9390 0.6246
7948.7720 0.6241
7950.6006 0.6246
7952.4336 0.6256
7954.2632 0.6257
7956.0977 0.6252
7957.9277 0.6253
7959.7583 0.6234
7961.5938 0.6181
7963.4253 0.6128
7965.2617 0.6120
7967.0942 0.6156
7968.9316 0.6201
7970.7646 0.6232
7972.5981 0.6236
7974.4370 0.6231
7976.2715 0.6236
7978.1108 0.6247
7979.9458 0.6259
7981.7861 0.6269
7983.6226 0.6271
7985.4590 0.6270
7987.3003 0.6271
7989.1377 0.6274
7990.9800 0.6272
7992.8184 0.6280
7994.6616 0.6284
7996.5005 0.6281
7998.3447 0.6278
8000.1846 0.6274
8002.0249 0.6270
8003.8706 0.6277
8005.7114 0.6284
8007.5576 0.6287
8009.3999 0.6289
8011.2471 0.6293
8013.0898 0.6296
8014.9331 0.6299
8016.7812 0.6300
8018.6255 0.6294
8020.4746 0.6282
8022.3198 0.6278
8024.1699 0.6283
8026.0156 0.6289
8027.8623 0.6291
8029.7134 0.6290
8031.5605 0.6290
8033.4126 0.6296
8035.2607 0.6298
8037.1138 0.6297
8038.9624 0.6293
8040.8120 0.6290
8042.6660 0.6289
8044.5161 0.6293
8046.3711 0.6294
8048.2222 0.6297
8050.0781 0.6293
8051.9302 0.6293
8053.7827 0.6303
8055.6396 0.6309
8057.4927 0.6312
8059.3511 0.6314
8061.2051 0.6311
8063.0640 0.6305
8064.9189 0.6305
8066.7739 0.6310
8068.6343 0.6314
8070.4902 0.6314
8072.3516 0.6314
8074.2085 0.6315
8076.0703 0.6316
8077.9282 0.6317
8079.7866 0.6323
8081.6499 0.6318
8083.5088 0.6314
8085.3730 0.6316
8087.2329 0.6321
8089.0981 0.6322
8090.9590 0.6323
8092.8203 0.6324
8094.6865 0.6329
8096.5483 0.6334
8098.4155 0.6334
8100.2788 0.6337
8102.1465 0.6336
8104.0103 0.6332
8105.8745 0.6332
8107.7441 0.6333
8109.6089 0.6333
8111.4790 0.6334
8113.3452 0.6333
8115.2163 0.6333
8117.0830 0.6331
8118.9502 0.6331
8120.8228 0.6333
8122.6909 0.6332
8124.5640 0.6331
8126.4326 0.6333
8128.3066 0.6335
8130.1768 0.6336
8132.0513 0.6337
8133.9224 0.6337
8135.7935 0.6337
8137.6694 0.6338
8139.5415 0.6339
8141.4185 0.6340
8143.2915 0.6340
8145.1694 0.6340
8147.0430 0.6340
8148.9175 0.6341
8150.7964 0.6343
8152.6714 0.6343
8154.5513 0.6342
8156.4272 0.6342
8158.3081 0.6343
8160.1851 0.6345
8162.0625 0.6346
8163.9443 0.6346
8165.8228 0.6345
8167.7056 0.6345
8169.5845 0.6346
8171.4683 0.6347
8173.3481 0.6348
8175.2285 0.6348
8177.1138 0.6347
8178.9951 0.6347
8180.8809 0.6348
8182.7632 0.6348
8184.6499 0.6347
8186.5327 0.6347
8188.4160 0.6348
8190.3042 0.6349
8192.1885 0.6350
8194.0771 0.6351
8195.9629 0.6351
8197.8525 0.6351
8199.7383 0.6350
8201.6250 0.6351
8203.5156 0.6352
8205.4033 0.6353
8207.2959 0.6353
8209.1836 0.6352
8211.0762 0.6350
8212.9658 0.6350
8214.8545 0.6348
8216.7490 0.6351
8218.6396 0.6354
8220.5342 0.6353
8222.4258 0.6352
8224.3223 0.6356
8226.2139 0.6356
8228.1064 0.6355
8230.0039 0.6354
8231.8965 0.6355
8233.7949 0.6357
8235.6895 0.6358
8237.5889 0.6358
8239.4834 0.6347
8241.3789 0.6331
8243.2793 0.6330
8245.1758 0.6349
8247.0771 0.6356
8248.9746 0.6352
8250.8770 0.6352
8252.7744 0.6358
8254.6729 0.6361
8256.5771 0.6356
8258.4766 0.6357
8260.3809 0.6350
8262.2812 0.6342
8264.1865 0.6349
8266.0869 0.6360
8267.9893 0.6359
8269.8955 0.6356
8271.7979 0.6363
8273.7051 0.6362
8275.6084 0.6351
8277.5166 0.6350
8279.4209 0.6365
8281.3301 0.6365
8283.2354 0.6366
8285.1416 0.6367
8287.0518 0.6367
8288.9580 0.6368
8290.8691 0.6368
8292.7773 0.6367
8294.6895 0.6371
8296.5977 0.6371
8298.5059 0.6371
8300.4199 0.6371
8302.3291 0.6372
8304.2432 0.6371
8306.1543 0.6373
8308.0693 0.6366
8309.9805 0.6365
8311.8926 0.6363
8313.8086 0.6355
8315.7217 0.6358
8317.6396 0.6371
8319.5527 0.6364
8321.4707 0.6373
8323.3857 0.6384
8325.2998 0.6366
8327.2197 0.6355
8329.1357 0.6382
8331.0566 0.6378
8332.9727 0.6352
8334.8945 0.6353
8336.8115 0.6392
8338.7295 0.6397
8340.6523 0.6343
8342.5713 0.6326
8344.4951 0.6365
8346.4150 0.6402
8348.3398 0.6380
8350.2598 0.6325
8352.1807 0.6327
8354.1074 0.6380
8356.0293 0.6415
8357.9561 0.6396
8359.8789 0.6333
8361.8066 0.6280
8363.7295 0.6338
8365.6543 0.6399
8367.5830 0.6421
8369.5078 0.6399
8371.4375 0.6336
8373.3643 0.6265
8375.2949 0.6322
8377.2217 0.6399
8379.1484 0.6437
8381.0811 0.6440
8383.0088 0.6407
8384.9424 0.6321
8386.8711 0.6259
8388.8047 0.6314
8390.7344 0.6393
8392.6650 0.6433
8394.6006 0.6443
8396.5312 0.6438
8398.4678 0.6399
8400.3994 0.6304
8402.3369 0.6242
8404.2695 0.6285
8406.2031 0.6394
8408.1416 0.6429
8410.0762 0.6445
8412.0156 0.6448
8413.9502 0.6436
8415.8906 0.6405
8417.8271 0.6331
8419.7637 0.6218
8421.7051 0.6249
8423.6426 0.6335
8425.5850 0.6399
8427.5234 0.6429
8429.4668 0.6447
8431.4053 0.6454
8433.3496 0.6435
8435.2900 0.6400
8437.2305 0.6357
8439.1758 0.6277
8441.1172 0.6197
8443.0645 0.6264
8445.0059 0.6356
8446.9541 0.6405
8448.8965 0.6434
8450.8408 0.6455
8452.7891 0.6464
8454.7344 0.6467
8456.6836 0.6460
8458.6289 0.6441
8460.5791 0.6419
8462.5254 0.6368
8464.4727 0.6265
8466.4248 0.6177
8468.3721 0.6271
8470.3252 0.6377
8472.2734 0.6320
8474.2275 0.6204
8476.1768 0.6248
8478.1270 0.6441
8480.0820 0.6456
8482.0322 0.6456
8483.9883 0.6462
8485.9404 0.6458
8487.8975 0.6445
8489.8496 0.6412
8491.8027 0.6363
8493.7607 0.6250
8495.7148 0.6199
8497.6738 0.6275
8499.6289 0.6398
8501.5889 0.6436
8503.5449 0.6460
8505.5010 0.6469
8507.4619 0.6467
8509.4199 0.6464
8511.3818 0.6466
8513.3398 0.6468
8515.3027 0.6459
8517.2617 0.6449
8519.2217 0.6443
8521.1855 0.6448
8523.1465 0.6425
8525.1113 0.6309
8527.0723 0.6262
8529.0391 0.6213
8531.0010 0.6181
8532.9639 0.6241
8534.9316 0.6372
8536.8945 0.6407
8538.8633 0.6437
8540.8281 0.6436
8542.7969 0.6434
8544.7627 0.6452
8546.7285 0.6468
8548.6992 0.6458
8550.6660 0.6455
8552.6377 0.6461
8554.6045 0.6469
8556.5771 0.6472
8558.5459 0.6470
8560.5146 0.6466
8562.4893 0.6462
8564.4590 0.6442
8566.4336 0.6418
8568.4043 0.6314
8570.3799 0.6141
8572.3516 0.6121
8574.3242 0.6153
8576.3008 0.6268
8578.2744 0.6367
8580.2520 0.6410
8582.2256 0.6426
8584.2051 0.6428
8586.1797 0.6432
8588.1602 0.6439
8590.1357 0.6442
8592.1113 0.6443
8594.0928 0.6441
8596.0703 0.6419
8598.0527 0.6431
8600.0303 0.6437
8602.0137 0.6435
8603.9922 0.6435
8605.9717 0.6437
8607.9561 0.6439
8609.9365 0.6444
8611.9219 0.6445
8613.9033 0.6440
8615.8896 0.6435
8617.8711 0.6431
8619.8535 0.6413
8621.8418 0.6358
8623.8252 0.6298
8625.8135 0.6199
8627.7979 0.6168
8629.7881 0.6288
8631.7725 0.6381
8633.7588 0.6420
8635.7500 0.6433
8637.7363 0.6439
8639.7285 0.6439
8641.7158 0.6435
8643.7080 0.6434
8645.6973 0.6430
8647.6855 0.6414
8649.6797 0.6399
8651.6699 0.6402
8653.6650 0.6419
8655.6553 0.6412
8657.6514 0.6370
8659.6436 0.6396
8661.6357 0.6430
8663.6328 0.6437
8665.6260 0.6437
8667.6240 0.6434
8669.6182 0.6433
8671.6172 0.6430
8673.6123 0.6426
8675.6074 0.6427
8677.6084 0.6430
8679.6045 0.6428
8681.6055 0.6421
8683.6025 0.6401
8685.6055 0.6405
8687.6035 0.6381
8689.6025 0.6261
8691.6055 0.6128
8693.6055 0.6119
8695.6104 0.6222
8697.6104 0.6340
8699.6162 0.6407
8701.6172 0.6424
8703.6191 0.6437
8705.6260 0.6443
8707.6289 0.6352
8709.6367 0.6276
8711.6406 0.6271
8713.6494 0.6306
8715.6543 0.6358
8717.6592 0.6430
8719.6699 0.6455
8721.6758 0.6455
8723.6865 0.6452
8725.6934 0.6449
8727.7061 0.6448
8729.7129 0.6426
8731.7217 0.6374
8733.7354 0.6383
8735.7441 0.6441
8737.7588 0.6445
8739.7686 0.6376
8741.7842 0.6387
8743.7949 0.6441
8745.8115 0.6426
8747.8232 0.6379
8749.8359 0.6398
8751.8535 0.6442
8753.8672 0.6441
8755.8857 0.6429
8757.9004 0.6417
8759.9199 0.6419
8761.9346 0.6436
8763.9502 0.6434
8765.9717 0.6433
8767.9883 0.6428
8770.0098 0.6424
8772.0273 0.6415
8774.0498 0.6391
8776.0684 0.6338
8778.0879 0.6193
8780.1113 0.6151
8782.1318 0.6255
8784.1562 0.6377
8786.1777 0.6406
8788.2031 0.6430
8790.2256 0.6438
8792.2471 0.6437
8794.2754 0.6437
8796.2979 0.6438
8798.3262 0.6434
8800.3506 0.6429
8802.3799 0.6425
8804.4053 0.6425
8806.4307 0.6425
8808.4609 0.6420
8810.4873 0.6413
8812.5195 0.6415
8814.5459 0.6419
8816.5791 0.6424
8818.6074 0.6425
8820.6357 0.6425
8822.6699 0.6426
8824.6992 0.6426
8826.7344 0.6426
8828.7646 0.6423
8830.8008 0.6420
8832.8330 0.6415
8834.8643 0.6406
8836.9014 0.6406
8838.9346 0.6408
8840.9727 0.6403
8843.0068 0.6398
8845.0459 0.6402
8847.0811 0.6407
8849.1162 0.6395
8851.1562 0.6389
8853.1924 0.6396
8855.2344 0.6402
8857.2715 0.6405
8859.3145 0.6409
8861.3516 0.6403
8863.3906 0.6399
8865.4346 0.6396
8867.4736 0.6395
8869.5186 0.6395
8871.5596 0.6394
8873.6045 0.6390
8875.6465 0.6384
8877.6885 0.6374
8879.7354 0.6364
8881.7783 0.6349
8883.8262 0.6324
8885.8701 0.6296
8887.9189 0.6252
8889.9639 0.6161
8892.0088 0.6092
8894.0596 0.6116
8896.1055 0.6212
8898.1562 0.6252
8900.2041 0.6285
8902.2559 0.6307
8904.3037 0.6325
8906.3574 0.6341
8908.4062 0.6351
8910.4561 0.6356
8912.5107 0.6364
8914.5605 0.6372
8916.6162 0.6378
8918.6680 0.6381
8920.7246 0.6382
8922.7764 0.6384
8924.8291 0.6385
8926.8867 0.6388
8928.9404 0.6390
8931.0000 0.6390
8933.0547 0.6390
8935.1143 0.6389
8937.1699 0.6389
8939.2256 0.6385
8941.2871 0.6378
8943.3438 0.6379
8945.4062 0.6388
8947.4639 0.6386
8949.5273 0.6385
8951.5859 0.6386
8953.6455 0.6384
8955.7100 0.6379
8957.7705 0.6377
8959.8359 0.6383
8961.8975 0.6381
8963.9639 0.6377
8966.0264 0.6375
8968.0889 0.6375
8970.1572 0.6376
8972.2207 0.6375
8974.2891 0.6373
8976.3535 0.6371
8978.4238 0.6369
8980.4893 0.6367
8982.5557 0.6367
8984.6270 0.6365
8986.6934 0.6363
8988.7656 0.6361
8990.8340 0.6360
8992.9072 0.6358
8994.9756 0.6356
8997.0449 0.6353
8999.1201 0.6352
9001.1904 0.6350
9003.2656 0.6347
9005.3369 0.6344
9007.4131 0.6341
9009.4854 0.6335
9011.5586 0.6331
9013.6357 0.6329
9015.7100 0.6326
9017.7891 0.6319
9019.8633 0.6311
9021.9434 0.6304
9024.0186 0.6297
9026.0947 0.6285
9028.1758 0.6270
9030.2529 0.6253
9032.3350 0.6232
9034.4131 0.6203
9036.4971 0.6169
9038.5752 0.6128
9040.6543 0.6082
9042.7393 0.6025
9044.8193 0.5980
9046.9053 0.6008
9048.9863 0.6062
9051.0732 0.6109
9053.1553 0.6148
9055.2383 0.6181
9057.3262 0.6206
9059.4102 0.6227
9061.4990 0.6243
9063.5840 0.6255
9065.6738 0.6264
9067.7588 0.6271
9069.8506 0.6276
9071.9365 0.6280
9074.0234 0.6279
9076.1162 0.6278
9078.2041 0.6279
9080.2979 0.6283
9082.3867 0.6285
9084.4805 0.6287
9086.5703 0.6286
9088.6611 0.6285
9090.7568 0.6270
9092.8486 0.6258
9094.9453 0.6272
9097.0371 0.6282
9099.1348 0.6281
9101.2285 0.6279
9103.3223 0.6278
9105.4209 0.6263
9107.5156 0.6239
9109.6162 0.6252
9111.7119 0.6271
9113.8125 0.6274
9115.9092 0.6268
9118.0068 0.6260
9120.1094 0.6255
9122.2070 0.6265
9124.3105 0.6239
9126.4102 0.6242
9128.5146 0.6259
9130.6143 0.6261
9132.7148 0.6254
9134.8213 0.6255
9136.9219 0.6254
9139.0293 0.6253
9141.1318 0.6245
9143.2393 0.6241
9145.3428 0.6249
9147.4473 0.6246
9149.5566 0.6244
9151.6611 0.6231
9153.7715 0.6225
9155.8770 0.6232
9157.9883 0.6239
9160.0957 0.6234
9162.2031 0.6217
9164.3154 0.6221
9166.4238 0.6229
9168.5371 0.6230
9170.6465 0.6228
9172.7617 0.6227
9174.8711 0.6223
9176.9824 0.6221
9179.0986 0.6219
9181.2100 0.6217
9183.3271 0.6216
9185.4395 0.6211
9187.5576 0.6208
9189.6719 0.6206
9191.7852 0.6206
9193.9053 0.6207
9196.0205 0.6205
9198.1406 0.6203
9200.2568 0.6199
9202.3789 0.6197
9204.4951 0.6188
9206.6133 0.6175
9208.7363 0.6172
9210.8545 0.6176
9212.9785 0.6182
9215.0977 0.6178
9217.2227 0.6166
9219.3428 0.6163
9221.4639 0.6174
9223.5908 0.6169
9225.7129 0.6165
9227.8398 0.6161
9229.9629 0.6156
9232.0908 0.6149
9234.2148 0.6143
9236.3447 0.6135
9238.4688 0.6125
9240.5947 0.6112
9242.7256 0.6091
9244.8516 0.6072
9246.9834 0.6052
9249.1104 0.6004
9251.2432 0.5993
9253.3721 0.5965
9255.5010 0.5920
9257.6348 0.5866
9259.7646 0.5825
9261.8994 0.5856
9264.0303 0.5905
9266.1670 0.5948
9268.2988 0.5981
9270.4307 0.6012
9272.5684 0.6033
9274.7012 0.6021
9276.8398 0.6050
9278.9746 0.6075
9281.1143 0.6086
9283.2490 0.6090
9285.3848 0.6095
9287.5264 0.6098
9289.6621 0.6090
9291.8047 0.6058
9293.9424 0.6047
9296.0850 0.6060
9298.2236 0.6072
9300.3633 0.6097
9302.5078 0.6092
9304.6475 0.6094
9306.7930 0.6100
9308.9346 0.6099
9311.0811 0.6098
9313.2227 0.6095
9315.3652 0.6093
9317.5137 0.6090
9319.6572 0.6086
9321.8057 0.6084
9323.9502 0.6084
9326.1006 0.6081
9328.2461 0.6078
9330.3916 0.6079
9332.5439 0.6078
9334.6904 0.6076
9336.8428 0.6074
9338.9912 0.6074
9341.1445 0.6071
9343.2939 0.6067
9345.4434 0.6065
9347.5977 0.6063
9349.7480 0.6062
9351.9043 0.6060
9354.0557 0.6058
9356.2129 0.6053
9358.3652 0.6047
9360.5186 0.6044
9362.6768 0.6047
9364.8301 0.6045
9366.9902 0.6045
9369.1445 0.6043
9371.3057 0.6039
9373.4609 0.6037
9375.6172 0.6037
9377.7793 0.6033
9379.9365 0.6031
9382.0996 0.6029
9384.2578 0.6027
9386.4219 0.6026
9388.5820 0.6024
9390.7461 0.6022
9392.9072 0.6018
9395.0674 0.6015
9397.2344 0.6013
9399.3965 0.6011
9401.5635 0.6010
9403.7266 0.6008
9405.8945 0.6005
9408.0586 0.6001
9410.2227 0.5998
9412.3926 0.5996
9414.5586 0.5995
9416.7295 0.5991
9418.8955 0.5990
9421.0674 0.5987
9423.2344 0.5974
9425.4023 0.5968
9427.5762 0.5980
9429.7451 0.5978
9431.9189 0.5977
9434.0889 0.5973
9436.2646 0.5958
9438.4355 0.5951
9440.6064 0.5965
9442.7832 0.5946
9444.9561 0.5942
9447.1338 0.5953
9449.3076 0.5958
9451.4863 0.5955
9453.6602 0.5953
9455.8350 0.5950
9458.0156 0.5946
9460.1914 0.5944
9462.3730 0.5942
9464.5498 0.5940
9466.7324 0.5937
9468.9102 0.5934
9471.0889 0.5932
9473.2725 0.5929
9475.4521 0.5926
9477.6367 0.5923
9479.8174 0.5921
9482.0029 0.5921
9484.1846 0.5919
9486.3662 0.5915
9488.5537 0.5911
9490.7363 0.5908
9492.9258 0.5906
9495.1094 0.5902
9497.2988 0.5900
9499.4834 0.5900
9501.6689 0.5897
9503.8604 0.5893
9506.0459 0.5891
9508.2383 0.5889
9510.4258 0.5887
9512.6191 0.5881
9514.8076 0.5874
9516.9961 0.5873
9519.1904 0.5875
9521.3809 0.5872
9523.5762 0.5869
9525.7666 0.5864
9527.9639 0.5861
9530.1553 0.5858
9532.3477 0.5854
9534.5459 0.5851
9536.7393 0.5848
9538.9385 0.5844
9541.1328 0.5840
9543.3330 0.5836
9545.5283 0.5831
9547.7246 0.5825
9549.9268 0.5819
9552.1230 0.5812
9554.3262 0.5804
9556.5234 0.5795
9558.7275 0.5784
9560.9268 0.5770
9563.1309 0.5752
9565.3311 0.5731
9567.5322 0.5707
9569.7383 0.5677
9571.9395 0.5641
9574.1465 0.5598
9576.3496 0.5541
9578.5576 0.5529
9580.7607 0.5565
9582.9648 0.5612
9585.1748 0.5644
9587.3799 0.5674
9589.5908 0.5694
9591.7969 0.5711
9594.0088 0.5724
9596.2158 0.5733
9598.4238 0.5740
9600.6367 0.5745
9602.8457 0.5748
9605.0596 0.5750
9607.2695 0.5751
9609.4854 0.5751
9611.6953 0.5751
9613.9062 0.5751
9616.1240 0.5749
9618.3359 0.5747
9620.5537 0.5745
9622.7666 0.5743
9624.9863 0.5741
9627.2002 0.5739
9629.4150 0.5737
9631.6357 0.5734
9633.8516 0.5727
9636.0723 0.5722
9638.2891 0.5727
9640.5117 0.5725
9642.7295 0.5723
9644.9482 0.5721
9647.1719 0.5719
9649.3916 0.5716
9651.6172 0.5711
9653.8369 0.5709
9656.0635 0.5709
9658.2842 0.5706
9660.5068 0.5698
9662.7344 0.5683
9664.9570 0.5671
9667.1855 0.5691
9669.4102 0.5691
9671.6396 0.5689
9673.8643 0.5687
9676.0898 0.5685
9678.3213 0.5682
9680.5479 0.5677
9682.7803 0.5673
9685.0078 0.5671
9687.2412 0.5664
9689.4697 0.5652
9691.6982 0.5647
9693.9336 0.5660
9696.1631 0.5659
9698.3994 0.5656
9700.6299 0.5651
9702.8672 0.5646
9705.0996 0.5644
9707.3320 0.5641
9709.5703 0.5639
9711.8047 0.5635
9714.0439 0.5633
9716.2783 0.5631
9718.5186 0.5628
9720.7549 0.5623
9722.9912 0.5619
9725.2334 0.5617
9727.4707 0.5615
9729.7139 0.5613
9731.9521 0.5610
9734.1963 0.5608
9736.4355 0.5605
9738.6807 0.5600
9740.9209 0.5595
9743.1621 0.5593
9745.4082 0.5590
9747.6504 0.5588
9749.8984 0.5585
9752.1416 0.5583
9754.3896 0.5580
9756.6338 0.5576
9758.8789 0.5571
9761.1289 0.5566
9763.3740 0.5565
9765.6260 0.5563
9767.8721 0.5560
9770.1250 0.5557
9772.3721 0.5554
9774.6201 0.5549
9776.8750 0.5546
9779.1240 0.5542
9781.3789 0.5540
9783.6289 0.5537
9785.8848 0.5534
9788.1367 0.5532
9790.3877 0.5529
9792.6455 0.5527
9794.8984 0.5523
9797.1572 0.5518
9799.4111 0.5514
9801.6709 0.5511
9803.9258 0.5509
9806.1807 0.5506
9808.4424 0.5503
9810.6982 0.5501
9812.9609 0.5498
9815.2188 0.5494
9817.4814 0.5488
9819.7402 0.5485
9821.9990 0.5482
9824.2646 0.5480
9826.5244 0.5477
9828.7900 0.5474
9831.0518 0.5471
9833.3184 0.5466
9835.5801 0.5461
9837.8428 0.5458
9840.1113 0.5456
9842.3750 0.5451
9844.6455 0.5448
9846.9102 0.5445
9849.1807 0.5443
9851.4463 0.5441
9853.7129 0.5435
9855.9844 0.5430
9858.2520 0.5422
9860.5254 0.5422
9862.7939 0.5423
9865.0684 0.5420
9867.3379 0.5416
9869.6074 0.5413
9871.8838 0.5409
9874.1543 0.5404
9876.4316 0.5400
9878.7031 0.5398
9880.9814 0.5395
9883.2549 0.5392
9885.5283 0.5389
9887.8076 0.5387
9890.0830 0.5382
9892.3633 0.5376
9894.6387 0.5373
9896.9209 0.5370
9899.1973 0.5367
9901.4746 0.5364
9903.7578 0.5361
9906.0361 0.5358
9908.3203 0.5356
9910.5996 0.5353
9912.8857 0.5347
9915.1660 0.5342
9917.4521 0.5340
9919.7334 0.5336
9922.0156 0.5324
9924.3037 0.5315
9926.5869 0.5323
9928.8760 0.5325
9931.1602 0.5320
9933.4502 0.5315
9935.7354 0.5310
9938.0205 0.5308
9940.3125 0.5304
9942.5996 0.5301
9944.8926 0.5298
9947.1797 0.5295
9949.4736 0.5291
9951.7627 0.5288
9954.0518 0.5282
9956.3477 0.5278
9958.6377 0.5275
9960.9346 0.5272
9963.2256 0.5268
9965.5234 0.5264
9967.8154 0.5262
9970.1094 0.5259
9972.4082 0.5253
9974.7021 0.5247
9977.0020 0.5245
9979.2979 0.5243
9981.5986 0.5239
9983.8945 0.5236
9986.1914 0.5233
9988.4941 0.5228
9990.7920 0.5222
9993.0967 0.5219
9995.3955 0.5216
9997.7002 0.5213
10000.0000 0.5209
10002.3057 0.5206
10004.6016 0.5203
10006.9082 0.5199
10009.2158 0.5193
10011.5244 0.5189
10013.8223 0.5185
10016.1309 0.5182
10018.4404 0.5178
10020.7402 0.5176
10023.0508 0.5170
10025.3623 0.5165
10027.6738 0.5159
10029.9756 0.5151
10032.2881 0.5146
10034.6016 0.5149
10036.9043 0.5144
10039.2188 0.5140
10041.5342 0.5136
10043.8496 0.5130
10046.1543 0.5125
10048.4707 0.5119
10050.7881 0.5113
10053.0947 0.5107
10055.4131 0.5100
10057.7324 0.5092
10060.0508 0.5083
10062.3604 0.5072
10064.6807 0.5060
10067.0010 0.5046
10069.3115 0.5028
10071.6338 0.5008
10073.9561 0.4984
10076.2793 0.4954
10078.5918 0.4919
10080.9160 0.4870
10083.2402 0.4847
10085.5547 0.4870
10087.8799 0.4912
10090.2061 0.4935
10092.5332 0.4956
10094.8496 0.4972
10097.1777 0.4984
10099.5059 0.4992
10101.8232 0.4999
10104.1533 0.5003
10106.4834 0.5005
10108.8135 0.5004
10111.1338 0.5004
10113.4648 0.5005
10115.7969 0.5004
10118.1191 0.5001
10120.4521 0.5002
10122.7861 0.4995
10125.1201 0.4980
10127.4434 0.4976
10129.7793 0.4990
10132.1152 0.4984
10134.4404 0.4981
10136.7773 0.4978
10139.1152 0.4971
10141.4531 0.4963
10143.7803 0.4957
10146.1191 0.4952
10148.4590 0.4954
10150.7881 0.4955
10153.1289 0.4953
10155.4707 0.4946
10157.8125 0.4935
10160.1436 0.4939
10162.4863 0.4936
10164.8301 0.4931
10167.1621 0.4926
10169.5068 0.4923
10171.8525 0.4919
10174.1973 0.4916
10176.5322 0.4912
10178.8789 0.4908
10181.2266 0.4904
10183.5742 0.4901
10185.9111 0.4898
10188.2607 0.4893
10190.6094 0.4887
10192.9482 0.4882
10195.2988 0.4877
10197.6504 0.4873
10200.0020 0.4869
10202.3428 0.4867
10204.6953 0.4863
10207.0479 0.4858
10209.3906 0.4855
10211.7451 0.4852
10214.0996 0.4847
10216.4551 0.4841
10218.7998 0.4836
10221.1562 0.4832
10223.5137 0.4828
10225.8594 0.4824
10228.2178 0.4821
10230.5762 0.4817
10232.9355 0.4813
10235.2842 0.4810
10237.6436 0.4805
10240.0049 0.4799
10242.3545 0.4793
10244.7168 0.4789
10247.0791 0.4786
10249.4424 0.4782
10251.7939 0.4778
10254.1582 0.4774
10256.5234 0.4770
10258.8770 0.4767
10261.2422 0.4761
10263.6084 0.4755
10265.9756 0.4750
10268.3311 0.4746
10270.6992 0.4742
10273.0674 0.4738
10275.4258 0.4734
10277.7949 0.4729
10280.1650 0.4725
10282.5352 0.4722
10284.8955 0.4719
10287.2666 0.4712
10289.6396 0.4706
10292.0010 0.4702
10294.3740 0.4698
10296.7480 0.4694
10299.1221 0.4690
10301.4863 0.4686
10303.8613 0.4682
10306.2373 0.4678
10308.6025 0.4674
10310.9795 0.4669
10313.3574 0.4662
10315.7363 0.4657
10318.1035 0.4653
10320.4824 0.4649
10322.8623 0.4645
10325.2314 0.4641
10327.6123 0.4637
10329.9941 0.4633
10332.3760 0.4629
10334.7471 0.4624
10337.1309 0.4617
10339.5146 0.4612
10341.8877 0.4608
10344.2725 0.4604
10346.6572 0.4600
10349.0430 0.4596
10351.4189 0.4592
10353.8057 0.4588
