3574.3740 1.3882
3575.1963 1.3875
3576.0208 1.3893
3576.8435 1.3915
3577.6682 1.3924
3578.4915 1.3916
3579.3167 1.3897
3580.1399 1.3874
3580.9636 1.3852
3581.7893 1.3835
3582.6133 1.3826
3583.4395 1.3803
3584.2639 1.3754
3585.0903 1.3693
3585.9150 1.3658
3586.7400 1.3678
3587.5671 1.3727
3588.3923 1.3757
3589.2200 1.3758
3590.0457 1.3748
3590.8735 1.3747
3591.6995 1.3748
3592.5259 1.3712
3593.3542 1.3631
3594.1809 1.3547
3595.0098 1.3518
3595.8367 1.3558
3596.6660 1.3620
3597.4934 1.3652
3598.3208 1.3653
3599.1506 1.3642
3599.9788 1.3634
3600.8088 1.3627
3601.6372 1.3622
3602.4678 1.3628
3603.2964 1.3637
3604.1252 1.3636
3604.9565 1.3624
3605.7859 1.3618
3606.6172 1.3627
3607.4470 1.3638
3608.2788 1.3642
3609.1089 1.3634
3609.9392 1.3612
3610.7717 1.3570
3611.6023 1.3507
3612.4351 1.3444
3613.2661 1.3425
3614.0994 1.3455
3614.9307 1.3502
3615.7625 1.3527
3616.5962 1.3518
3617.4282 1.3489
3618.2625 1.3468
3619.0947 1.3464
3619.9292 1.3464
3620.7620 1.3440
3621.5969 1.3385
3622.4302 1.3322
3623.2634 1.3299
3624.0989 1.3328
3624.9326 1.3384
3625.7686 1.3428
3626.6028 1.3439
3627.4390 1.3424
3628.2734 1.3395
3629.1082 1.3359
3629.9451 1.3328
3630.7800 1.3318
3631.6174 1.3335
3632.4529 1.3344
3633.2903 1.3331
3634.1262 1.3318
3634.9622 1.3330
3635.8005 1.3361
3636.6370 1.3382
3637.4756 1.3379
3638.3123 1.3341
3639.1514 1.3266
3639.9885 1.3180
3640.8259 1.3133
3641.6653 1.3164
3642.5032 1.3233
3643.3430 1.3287
3644.1812 1.3316
3645.0215 1.3331
3645.8601 1.3339
3646.6990 1.3344
3647.5398 1.3343
3648.3789 1.3326
3649.2202 1.3288
3650.0596 1.3240
3650.9014 1.3206
3651.7412 1.3201
3652.5813 1.3221
3653.4236 1.3245
3654.2642 1.3262
3655.1067 1.3267
3655.9475 1.3262
3656.7908 1.3251
3657.6318 1.3243
3658.4734 1.3236
3659.3169 1.3228
3660.1587 1.3224
3661.0029 1.3228
3661.8450 1.3238
3662.6895 1.3246
3663.5320 1.3251
3664.3748 1.3251
3665.2197 1.3245
3666.0630 1.3231
3666.9084 1.3210
3667.7520 1.3185
3668.5977 1.3167
3669.4417 1.3158
3670.2859 1.3155
3671.1321 1.3153
3671.9768 1.3152
3672.8235 1.3154
3673.6685 1.3161
3674.5156 1.3177
3675.3608 1.3206
3676.2063 1.3245
3677.0542 1.3281
3677.8999 1.3307
3678.7480 1.3325
3679.5945 1.3344
3680.4429 1.3369
3681.2896 1.3403
3682.1365 1.3427
3682.9856 1.3446
3683.8328 1.3458
3684.6824 1.3424
3685.5300 1.3321
3686.3799 1.3208
3687.2278 1.3174
3688.0781 1.3243
3688.9265 1.3421
3689.7751 1.3629
3690.6260 1.3731
3691.4751 1.3655
3692.3264 1.3528
3693.1758 1.3481
3694.0273 1.3435
3694.8772 1.3366
3695.7273 1.3367
3696.5793 1.3562
3697.4299 1.3936
3698.2825 1.4225
3699.1333 1.4212
3699.9863 1.3966
3700.8374 1.3764
3701.6887 1.3856
3702.5425 1.4201
3703.3943 1.4482
3704.2483 1.4482
3705.1003 1.4202
3705.9548 1.3842
3706.8074 1.3706
3707.6599 1.3966
3708.5149 1.4409
3709.3682 1.4745
3710.2234 1.4823
3711.0771 1.4625
3711.9329 1.4202
3712.7866 1.3738
3713.6409 1.3536
3714.4973 1.3661
3715.3518 1.4007
3716.2085 1.4409
3717.0635 1.4733
3717.9204 1.4852
3718.7759 1.4712
3719.6313 1.4319
3720.4890 1.3806
3721.3450 1.3420
3722.2031 1.3415
3723.0593 1.3785
3723.9180 1.4193
3724.7747 1.4523
3725.6316 1.4794
3726.4905 1.5014
3727.3479 1.5087
3728.2073 1.4944
3729.0649 1.4573
3729.9250 1.4053
3730.7830 1.3598
3731.6414 1.3466
3732.5017 1.3770
3733.3604 1.4295
3734.2214 1.4698
3735.0803 1.4880
3735.9417 1.4906
3736.8013 1.4909
3737.6609 1.4989
3738.5227 1.5121
3739.3828 1.5185
3740.2451 1.5098
3741.1055 1.4814
3741.9683 1.4330
3742.8291 1.3751
3743.6899 1.3329
3744.5532 1.3327
3745.4148 1.3595
3746.2786 1.3928
3747.1404 1.4241
3748.0044 1.4568
3748.8667 1.4851
3749.7290 1.4944
3750.5938 1.4893
3751.4565 1.4848
3752.3215 1.4906
3753.1848 1.4998
3754.0503 1.4989
3754.9138 1.4856
3755.7798 1.4648
3756.6438 1.4339
3757.5081 1.3876
3758.3745 1.3332
3759.2390 1.2972
3760.1060 1.3107
3760.9709 1.3648
3761.8381 1.4272
3762.7036 1.4675
3763.5693 1.4796
3764.4370 1.4787
3765.3032 1.4776
3766.1714 1.4679
3767.0378 1.4437
3767.9065 1.4116
3768.7732 1.3879
3769.6401 1.3820
3770.5095 1.3880
3771.3770 1.4039
3772.2466 1.4257
3773.1145 1.4461
3773.9844 1.4606
3774.8528 1.4712
3775.7209 1.4761
3776.5918 1.4682
3777.4604 1.4383
3778.3315 1.3834
3779.2009 1.3200
3780.0723 1.2877
3780.9419 1.3160
3781.8118 1.3787
3782.6838 1.4389
3783.5540 1.4756
3784.4265 1.4912
3785.2971 1.4972
3786.1699 1.5022
3787.0410 1.5056
3787.9121 1.5062
3788.7856 1.5055
3789.6572 1.5063
3790.5310 1.5066
3791.4031 1.4998
3792.2773 1.4900
3793.1499 1.4865
3794.0225 1.4939
3794.8972 1.5048
3795.7703 1.5088
3796.6455 1.5090
3797.5190 1.5108
3798.3948 1.5149
3799.2686 1.5185
3800.1426 1.5193
3801.0188 1.5168
3801.8933 1.5120
3802.7700 1.5040
3803.6448 1.4898
3804.5220 1.4642
3805.3972 1.4215
3806.2727 1.3597
3807.1504 1.3058
3808.0261 1.3008
3808.9043 1.3470
3809.7805 1.4119
3810.6589 1.4617
3811.5356 1.4890
3812.4126 1.5034
3813.2917 1.5107
3814.1689 1.5136
3815.0483 1.5140
3815.9260 1.5139
3816.8059 1.5147
3817.6841 1.5165
3818.5623 1.5182
3819.4429 1.5188
3820.3215 1.5167
3821.2024 1.5092
3822.0815 1.4932
3822.9629 1.4712
3823.8423 1.4561
3824.7241 1.4561
3825.6040 1.4698
3826.4841 1.4868
3827.3665 1.4962
3828.2468 1.4923
3829.1296 1.4800
3830.0105 1.4694
3830.8938 1.4687
3831.7751 1.4766
3832.6565 1.4823
3833.5403 1.4745
3834.4224 1.4598
3835.3064 1.4500
3836.1887 1.4507
3837.0735 1.4574
3837.9561 1.4643
3838.8391 1.4699
3839.7244 1.4721
3840.6077 1.4662
3841.4932 1.4472
3842.3770 1.4137
3843.2629 1.3651
3844.1472 1.3026
3845.0315 1.2656
3845.9182 1.2796
3846.8030 1.3341
3847.6899 1.3893
3848.5752 1.4260
3849.4626 1.4501
3850.3481 1.4659
3851.2339 1.4768
3852.1221 1.4846
3853.0083 1.4870
3853.8967 1.4828
3854.7832 1.4795
3855.6721 1.4813
3856.5591 1.4839
3857.4463 1.4806
3858.3359 1.4711
3859.2234 1.4629
3860.1135 1.4650
3861.0015 1.4707
3861.8918 1.4693
3862.7803 1.4560
3863.6687 1.4375
3864.5598 1.4192
3865.4487 1.4047
3866.3401 1.4107
3867.2297 1.4358
3868.1213 1.4603
3869.0112 1.4678
3869.9014 1.4627
3870.7937 1.4477
3871.6841 1.4254
3872.5769 1.4103
3873.4678 1.4167
3874.3611 1.4364
3875.2524 1.4503
3876.1438 1.4598
3877.0376 1.4692
3877.9297 1.4781
3878.8237 1.4828
3879.7161 1.4824
3880.6108 1.4767
3881.5037 1.4669
3882.3965 1.4604
3883.2917 1.4616
3884.1851 1.4683
3885.0808 1.4735
3885.9746 1.4738
3886.8706 1.4685
3887.7649 1.4617
3888.6592 1.4594
3889.5559 1.4633
3890.4507 1.4675
3891.3479 1.4657
3892.2429 1.4614
3893.1406 1.4569
3894.0361 1.4504
3894.9341 1.4363
3895.8301 1.4086
3896.7263 1.3626
3897.6250 1.2953
3898.5215 1.2412
3899.4207 1.2372
3900.3176 1.2899
3901.2170 1.3602
3902.1145 1.4085
3903.0122 1.4335
3903.9121 1.4437
3904.8103 1.4462
3905.7107 1.4462
3906.6094 1.4470
3907.5100 1.4454
3908.4089 1.4340
3909.3081 1.4150
3910.2097 1.4012
3911.1091 1.4049
3912.0110 1.4211
3912.9111 1.4315
3913.8132 1.4310
3914.7136 1.4228
3915.6143 1.4156
3916.5171 1.4186
3917.4182 1.4325
3918.3215 1.4454
3919.2229 1.4509
3920.1267 1.4498
3921.0286 1.4414
3921.9307 1.4234
3922.8350 1.3984
3923.7373 1.3822
3924.6421 1.3908
3925.5452 1.4116
3926.4502 1.4286
3927.3535 1.4353
3928.2571 1.4350
3929.1628 1.4325
3930.0667 1.4305
3930.9731 1.4308
3931.8774 1.4329
3932.7839 1.4350
3933.6887 1.4361
3934.5938 1.4359
3935.5010 1.4334
3936.4062 1.4300
3937.3142 1.4269
3938.2200 1.4228
3939.1279 1.4137
3940.0342 1.3955
3940.9407 1.3640
3941.8494 1.3020
3942.7561 1.2214
3943.6653 1.1706
3944.5725 1.2000
3945.4822 1.2859
3946.3899 1.3515
3947.2979 1.3783
3948.2080 1.3829
3949.1162 1.3880
3950.0269 1.4021
3950.9355 1.4152
3951.8467 1.4196
3952.7559 1.4168
3953.6650 1.4102
3954.5769 1.4032
3955.4866 1.4007
3956.3987 1.4047
3957.3088 1.4097
3958.2214 1.4133
3959.1321 1.4150
3960.0449 1.4145
3960.9561 1.4115
3961.8672 1.4085
3962.7808 1.4092
3963.6924 1.4121
3964.6064 1.4141
3965.5186 1.4132
3966.4329 1.4107
3967.3455 1.4086
3968.2581 1.4076
3969.1731 1.4057
3970.0862 1.4014
3971.0017 1.3954
3971.9153 1.3915
3972.8313 1.3905
3973.7451 1.3863
3974.6592 1.3765
3975.5759 1.3543
3976.4905 1.3057
3977.4075 1.2191
3978.3225 1.1135
3979.2397 1.0539
3980.1553 1.0726
3981.0708 1.1514
3981.9888 1.2426
3982.9050 1.3051
3983.8232 1.3313
3984.7397 1.3461
3985.6587 1.3604
3986.5757 1.3725
3987.4927 1.3774
3988.4121 1.3756
3989.3298 1.3708
3990.2498 1.3673
3991.1677 1.3649
3992.0879 1.3634
3993.0063 1.3636
3993.9250 1.3658
3994.8459 1.3674
3995.7649 1.3672
3996.6863 1.3660
3997.6057 1.3649
3998.5276 1.3642
3999.4475 1.3642
4000.3674 1.3650
4001.2900 1.3658
4002.2104 1.3659
4003.1333 1.3649
4004.0544 1.3626
4004.9775 1.3595
4005.8989 1.3563
4006.8206 1.3524
4007.7446 1.3490
4008.6665 1.3474
4009.5908 1.3467
4010.5132 1.3438
4011.4380 1.3349
4012.3608 1.3256
4013.2839 1.3236
4014.2095 1.3278
4015.1328 1.3317
4016.0588 1.3338
4016.9827 1.3368
4017.9089 1.3385
4018.8333 1.3377
4019.7578 1.3347
4020.6848 1.3299
4021.6096 1.3226
4022.5371 1.3162
4023.4624 1.3168
4024.3901 1.3204
4025.3162 1.3219
4026.2422 1.3207
4027.1704 1.3204
4028.0969 1.3266
4029.0259 1.3355
4029.9526 1.3410
4030.8821 1.3411
4031.8093 1.3371
4032.7390 1.3285
4033.6667 1.3159
4034.5947 1.3042
4035.5251 1.3001
4036.4534 1.3040
4037.3843 1.3109
4038.3130 1.3160
4039.2441 1.3204
4040.1736 1.3252
4041.1030 1.3268
4042.0347 1.3239
4042.9646 1.3194
4043.8970 1.3174
4044.8271 1.3179
4045.7600 1.3179
4046.6907 1.3176
4047.6216 1.3179
4048.5549 1.3193
4049.4863 1.3216
4050.4202 1.3235
4051.3521 1.3238
4052.2861 1.3226
4053.2185 1.3198
4054.1509 1.3150
4055.0857 1.3084
4056.0186 1.3034
4056.9539 1.3032
4057.8872 1.3036
4058.8230 1.3026
4059.7566 1.3020
4060.6907 1.3027
4061.6270 1.3009
4062.5613 1.2966
4063.4983 1.2932
4064.4331 1.2941
4065.3701 1.2999
4066.3054 1.3064
4067.2410 1.3089
4068.1787 1.3092
4069.1147 1.3091
4070.0530 1.3086
4070.9893 1.3068
4071.9280 1.3036
4072.8647 1.2984
4073.8018 1.2933
4074.7412 1.2903
4075.6787 1.2868
4076.6184 1.2800
4077.5562 1.2739
4078.4966 1.2760
4079.4348 1.2797
4080.3733 1.2790
4081.3142 1.2755
4082.2532 1.2744
4083.1943 1.2771
4084.1338 1.2799
4085.0757 1.2788
4086.0154 1.2734
4086.9553 1.2670
4087.8977 1.2647
4088.8381 1.2699
4089.7810 1.2781
4090.7219 1.2819
4091.6653 1.2813
4092.6064 1.2787
4093.5481 1.2765
4094.4919 1.2755
4095.4338 1.2742
4096.3784 1.2718
4097.3208 1.2695
4098.2656 1.2682
4099.2085 1.2682
4100.1514 1.2696
4101.0967 1.2715
4102.0400 1.2723
4102.9863 1.2722
4103.9302 1.2714
4104.8765 1.2698
4105.8208 1.2663
4106.7676 1.2595
4107.7124 1.2493
4108.6572 1.2313
4109.6045 1.1968
4110.5503 1.1403
4111.4980 1.0782
4112.4438 1.0580
4113.3921 1.0999
4114.3384 1.1626
4115.2852 1.2106
4116.2339 1.2365
4117.1807 1.2488
4118.1304 1.2554
4119.0776 1.2566
4120.0273 1.2516
4120.9751 1.2441
4121.9233 1.2403
4122.8740 1.2430
4123.8223 1.2480
4124.7734 1.2509
4125.7222 1.2514
4126.6733 1.2503
4127.6230 1.2486
4128.5723 1.2463
4129.5244 1.2430
4130.4746 1.2391
4131.4268 1.2326
4132.3774 1.2245
4133.3301 1.2198
4134.2812 1.2231
4135.2324 1.2287
4136.1855 1.2281
4137.1372 1.2157
4138.0913 1.1964
4139.0435 1.1827
4139.9976 1.1828
4140.9502 1.1860
4141.9028 1.1933
4142.8579 1.2078
4143.8110 1.2244
4144.7666 1.2344
4145.7202 1.2373
4146.6758 1.2362
4147.6299 1.2341
4148.5840 1.2328
4149.5405 1.2331
4150.4951 1.2345
4151.4526 1.2354
4152.4072 1.2329
4153.3647 1.2264
4154.3203 1.2198
4155.2764 1.2164
4156.2344 1.2170
4157.1904 1.2210
4158.1489 1.2259
4159.1055 1.2279
4160.0649 1.2278
4161.0220 1.2273
4161.9790 1.2272
4162.9390 1.2269
4163.8965 1.2266
4164.8564 1.2264
4165.8149 1.2265
4166.7754 1.2269
4167.7339 1.2269
4168.6929 1.2261
4169.6538 1.2241
4170.6133 1.2203
4171.5752 1.2151
4172.5347 1.2089
4173.4971 1.2027
4174.4570 1.1991
4175.4175 1.1977
4176.3799 1.1829
4177.3408 1.1725
4178.3042 1.1811
4179.2651 1.2011
4180.2290 1.2079
4181.1909 1.1988
4182.1548 1.1779
4183.1172 1.1552
4184.0796 1.1454
4185.0444 1.1566
4186.0068 1.1756
4186.9722 1.1768
4187.9355 1.1533
4188.9014 1.1282
4189.8647 1.1257
4190.8286 1.1505
4191.7949 1.1802
4192.7593 1.1929
4193.7261 1.1942
4194.6909 1.1933
4195.6582 1.1934
4196.6235 1.1923
4197.5889 1.1893
4198.5571 1.1874
4199.5229 1.1890
4200.4912 1.1916
4201.4575 1.1929
4202.4263 1.1930
4203.3931 1.1932
4204.3599 1.1942
4205.3296 1.1937
4206.2969 1.1923
4207.2671 1.1907
4208.2349 1.1887
4209.2051 1.1857
4210.1738 1.1837
4211.1421 1.1827
4212.1133 1.1810
4213.0820 1.1794
4214.0537 1.1793
4215.0229 1.1792
4215.9951 1.1782
4216.9648 1.1785
4217.9351 1.1796
4218.9077 1.1805
4219.8784 1.1809
4220.8516 1.1818
4221.8223 1.1833
4222.7959 1.1844
4223.7676 1.1829
4224.7393 1.1783
4225.7134 1.1724
4226.6855 1.1695
4227.6602 1.1724
4228.6328 1.1765
4229.6079 1.1792
4230.5806 1.1799
4231.5542 1.1790
4232.5298 1.1767
4233.5034 1.1737
4234.4800 1.1693
4235.4541 1.1650
4236.4307 1.1624
4237.4053 1.1628
4238.3799 1.1658
4239.3574 1.1697
4240.3325 1.1694
4241.3105 1.1573
4242.2861 1.1297
4243.2642 1.0962
4244.2407 1.0848
4245.2168 1.1122
4246.1958 1.1441
4247.1729 1.1612
4248.1519 1.1649
4249.1294 1.1638
4250.1094 1.1610
4251.0869 1.1557
4252.0649 1.1447
4253.0454 1.1365
4254.0239 1.1379
4255.0049 1.1456
4255.9834 1.1484
4256.9648 1.1430
4257.9443 1.1410
4258.9263 1.1452
4259.9058 1.1503
4260.8857 1.1498
4261.8687 1.1454
4262.8491 1.1407
4263.8320 1.1388
4264.8130 1.1401
4265.7964 1.1428
4266.7778 1.1433
4267.7593 1.1385
4268.7432 1.1303
4269.7256 1.1276
4270.7100 1.1271
4271.6924 1.1243
4272.6772 1.1215
4273.6606 1.1263
4274.6436 1.1357
4275.6294 1.1413
4276.6128 1.1420
4277.5991 1.1401
4278.5830 1.1370
4279.5698 1.1333
4280.5542 1.1296
4281.5391 1.1252
4282.5264 1.1186
4283.5117 1.1116
4284.4990 1.1080
4285.4849 1.1086
4286.4731 1.1114
4287.4590 1.1152
4288.4453 1.1177
4289.4346 1.1195
4290.4214 1.1228
4291.4106 1.1259
4292.3979 1.1249
4293.3877 1.1198
4294.3755 1.1140
4295.3633 1.1117
4296.3535 1.1143
4297.3423 1.1168
4298.3330 1.1143
4299.3218 1.1078
4300.3135 1.1005
4301.3027 1.0981
4302.2920 1.1031
4303.2842 1.1067
4304.2744 1.0986
4305.2666 1.0895
4306.2573 1.0840
4307.2500 1.0829
4308.2412 1.0865
4309.2319 1.0906
4310.2261 1.0809
4311.2173 1.0689
4312.2114 1.0596
4313.2036 1.0527
4314.1982 1.0527
4315.1904 1.0709
4316.1836 1.0935
4317.1787 1.0993
4318.1719 1.0942
4319.1675 1.0921
4320.1611 1.0991
4321.1572 1.1065
4322.1514 1.1040
4323.1460 1.0900
4324.1426 1.0721
4325.1377 1.0616
4326.1348 1.0666
4327.1299 1.0830
4328.1279 1.0965
4329.1235 1.1017
4330.1196 1.1003
4331.1182 1.0965
4332.1143 1.0948
4333.1133 1.0982
4334.1104 1.1008
4335.1099 1.0954
4336.1069 1.0878
4337.1069 1.0861
4338.1045 1.0928
4339.1025 1.1008
4340.1030 1.1026
4341.1016 1.1008
4342.1025 1.0999
4343.1016 1.1008
4344.1030 1.1013
4345.1025 1.0999
4346.1021 1.0942
4347.1040 1.0793
4348.1040 1.0497
4349.1069 1.0042
4350.1074 0.9502
4351.1104 0.9110
4352.1113 0.9232
4353.1128 0.9747
4354.1167 1.0244
4355.1182 1.0540
4356.1226 1.0714
4357.1245 1.0823
4358.1294 1.0869
4359.1318 1.0862
4360.1348 1.0773
4361.1401 1.0568
4362.1436 1.0305
4363.1494 1.0212
4364.1528 1.0439
4365.1592 1.0691
4366.1636 1.0819
4367.1680 1.0834
4368.1753 1.0811
4369.1802 1.0796
4370.1875 1.0809
4371.1929 1.0799
4372.2007 1.0765
4373.2065 1.0739
4374.2129 1.0744
4375.2212 1.0764
4376.2280 1.0771
4377.2368 1.0738
4378.2441 1.0670
4379.2534 1.0601
4380.2612 1.0578
4381.2686 1.0615
4382.2793 1.0671
4383.2871 1.0688
4384.2979 1.0657
4385.3066 1.0618
4386.3179 1.0617
4387.3267 1.0661
4388.3359 1.0694
4389.3481 1.0698
4390.3579 1.0688
4391.3701 1.0671
4392.3804 1.0629
4393.3936 1.0513
4394.4043 1.0278
4395.4150 1.0024
4396.4287 0.9937
4397.4399 1.0063
4398.4541 1.0279
4399.4658 1.0429
4400.4805 1.0470
4401.4927 1.0464
4402.5054 1.0471
4403.5205 1.0460
4404.5337 1.0359
4405.5493 1.0189
4406.5625 1.0142
4407.5786 1.0278
4408.5928 1.0415
4409.6069 1.0430
4410.6240 1.0372
4411.6387 1.0356
4412.6558 1.0416
4413.6709 1.0461
4414.6885 1.0460
4415.7041 1.0440
4416.7227 1.0436
4417.7388 1.0452
4418.7549 1.0446
4419.7739 1.0414
4420.7905 1.0373
4421.8101 1.0342
4422.8271 1.0325
4423.8472 1.0307
4424.8647 1.0254
4425.8828 1.0130
4426.9033 0.9924
4427.9219 0.9733
4428.9429 0.9712
4429.9619 0.9892
4430.9834 1.0070
4432.0024 1.0123
4433.0220 1.0096
4434.0444 1.0057
4435.0645 1.0029
4436.0874 1.0010
4437.1079 0.9987
4438.1309 0.9956
4439.1519 0.9929
4440.1733 0.9920
4441.1968 0.9923
4442.2188 0.9925
4443.2432 0.9933
4444.2651 0.9941
4445.2900 0.9957
4446.3125 0.9985
4447.3354 1.0020
4448.3613 1.0051
4449.3843 1.0080
4450.4106 1.0107
4451.4341 1.0111
4452.4609 1.0076
4453.4849 0.9992
4454.5098 0.9884
4455.5366 0.9871
4456.5615 0.9987
4457.5894 1.0109
4458.6147 1.0157
4459.6431 1.0144
4460.6689 1.0088
4461.6953 1.0026
4462.7241 1.0031
4463.7505 1.0086
4464.7798 1.0133
4465.8071 1.0142
4466.8369 1.0141
4467.8643 1.0164
4468.8921 1.0191
4469.9229 1.0199
4470.9512 1.0181
4471.9819 1.0147
4473.0107 1.0117
4474.0425 1.0108
4475.0718 1.0096
4476.1011 1.0095
4477.1333 1.0092
4478.1631 1.0035
4479.1958 0.9904
4480.2266 0.9821
4481.2593 0.9829
4482.2905 0.9851
4483.3213 0.9863
4484.3555 0.9914
4485.3872 1.0006
4486.4214 1.0085
4487.4536 1.0119
4488.4883 1.0117
4489.5210 1.0055
4490.5537 0.9855
4491.5889 0.9484
4492.6226 0.9223
4493.6582 0.9418
4494.6919 0.9791
4495.7285 1.0037
4496.7627 1.0109
4497.7998 1.0070
4498.8345 0.9934
4499.8696 0.9770
4500.9072 0.9669
4501.9424 0.9654
4502.9805 0.9705
4504.0166 0.9837
4505.0552 0.9976
4506.0913 1.0047
4507.1279 1.0070
4508.1675 1.0074
4509.2046 1.0053
4510.2446 0.9995
4511.2822 0.9869
4512.3223 0.9748
4513.3604 0.9743
4514.3984 0.9847
4515.4395 0.9941
4516.4785 0.9953
4517.5200 0.9877
4518.5591 0.9681
4519.6011 0.9547
4520.6406 0.9614
4521.6807 0.9823
4522.7236 0.9957
4523.7642 0.9967
4524.8071 0.9855
4525.8481 0.9673
4526.8916 0.9561
4527.9331 0.9639
4528.9746 0.9773
4530.0190 0.9723
4531.0610 0.9535
4532.1060 0.9351
4533.1489 0.9250
4534.1938 0.9261
4535.2373 0.9459
4536.2803 0.9716
4537.3267 0.9853
4538.3701 0.9884
4539.4170 0.9874
4540.4609 0.9858
4541.5083 0.9864
4542.5527 0.9868
4543.5981 0.9765
4544.6455 0.9588
4545.6909 0.9487
4546.7393 0.9579
4547.7852 0.9751
4548.8340 0.9827
4549.8804 0.9811
4550.9272 0.9730
4551.9766 0.9619
4553.0239 0.9547
4554.0737 0.9600
4555.1216 0.9707
4556.1719 0.9756
4557.2197 0.9738
4558.2686 0.9630
4559.3193 0.9381
4560.3682 0.9066
4561.4199 0.9022
4562.4692 0.9287
4563.5215 0.9537
4564.5713 0.9559
4565.6211 0.9383
4566.6743 0.9131
4567.7246 0.9053
4568.7778 0.9099
4569.8291 0.9168
4570.8828 0.9284
4571.9341 0.9492
4572.9888 0.9616
4574.0405 0.9554
4575.0928 0.9447
4576.1479 0.9426
4577.2007 0.9496
4578.2559 0.9575
4579.3091 0.9614
4580.3652 0.9620
4581.4189 0.9561
4582.4731 0.9433
4583.5298 0.9330
4584.5840 0.9363
4585.6411 0.9457
4586.6963 0.9421
4587.7539 0.9346
4588.8091 0.9354
4589.8647 0.9421
4590.9233 0.9427
4591.9795 0.9359
4593.0386 0.9197
4594.0952 0.8879
4595.1543 0.8688
4596.2114 0.8814
4597.2690 0.9115
4598.3291 0.9228
4599.3867 0.9115
4600.4473 0.9082
4601.5059 0.9153
4602.5669 0.9222
4603.6255 0.9244
4604.6846 0.9292
4605.7466 0.9358
4606.8062 0.9376
4607.8687 0.9375
4608.9287 0.9390
4609.9912 0.9411
4611.0518 0.9424
4612.1128 0.9423
4613.1763 0.9415
4614.2373 0.9412
4615.3013 0.9415
4616.3633 0.9409
4617.4277 0.9396
4618.4897 0.9384
4619.5522 0.9381
4620.6177 0.9386
4621.6807 0.9392
4622.7466 0.9387
4623.8096 0.9378
4624.8760 0.9374
4625.9399 0.9346
4627.0044 0.9272
4628.0713 0.9164
4629.1357 0.9059
4630.2031 0.8981
4631.2686 0.8978
4632.3364 0.9067
4633.4023 0.9186
4634.4678 0.9270
4635.5366 0.9297
4636.6030 0.9281
4637.6724 0.9252
4638.7393 0.9163
4639.8091 0.8994
4640.8765 0.8857
4641.9438 0.8904
4643.0142 0.9069
4644.0825 0.9103
4645.1533 0.8992
4646.2222 0.8910
4647.2935 0.8959
4648.3623 0.9088
4649.4316 0.9187
4650.5039 0.9223
4651.5737 0.9229
4652.6465 0.9227
4653.7168 0.9224
4654.7900 0.9224
4655.8608 0.9223
4656.9346 0.9208
4658.0059 0.9170
4659.0771 0.9125
4660.1519 0.9096
4661.2236 0.9092
4662.2983 0.9111
4663.3711 0.9139
4664.4463 0.9156
4665.5195 0.9155
4666.5928 0.9130
4667.6689 0.9084
4668.7427 0.9048
4669.8193 0.9068
4670.8936 0.9096
4671.9707 0.9102
4673.0454 0.9078
4674.1206 0.9035
4675.1982 0.8986
4676.2739 0.8962
4677.3521 0.8915
4678.4282 0.8877
4679.5073 0.8887
4680.5835 0.8933
4681.6602 0.8959
4682.7397 0.8987
4683.8174 0.9009
4684.8975 0.9017
4685.9751 0.9018
4687.0557 0.9022
4688.1338 0.9029
4689.2124 0.9037
4690.2935 0.9036
4691.3726 0.9029
4692.4546 0.9021
4693.5342 0.9014
4694.6162 0.9006
4695.6963 0.8994
4696.7764 0.8983
4697.8594 0.8976
4698.9404 0.8973
4700.0239 0.8971
4701.1050 0.8971
4702.1890 0.8968
4703.2710 0.8966
4704.3530 0.8961
4705.4375 0.8951
4706.5200 0.8940
4707.6055 0.8936
4708.6885 0.8932
4709.7744 0.8926
4710.8579 0.8921
4711.9414 0.8918
4713.0283 0.8910
4714.1123 0.8900
4715.1992 0.8895
4716.2842 0.8894
4717.3716 0.8893
4718.4570 0.8888
4719.5425 0.8875
4720.6309 0.8857
4721.7168 0.8846
4722.8057 0.8829
4723.8921 0.8792
4724.9814 0.8757
4726.0684 0.8761
4727.1553 0.8788
4728.2456 0.8805
4729.3335 0.8808
4730.4238 0.8803
4731.5122 0.8796
4732.6030 0.8790
4733.6919 0.8785
4734.7808 0.8775
4735.8726 0.8754
4736.9624 0.8718
4738.0547 0.8676
4739.1445 0.8649
4740.2373 0.8646
4741.3276 0.8638
4742.4214 0.8592
4743.5122 0.8562
4744.6035 0.8588
4745.6973 0.8649
4746.7891 0.8690
4747.8838 0.8700
4748.9761 0.8691
4750.0713 0.8682
4751.1641 0.8676
4752.2568 0.8670
4753.3525 0.8671
4754.4463 0.8676
4755.5425 0.8681
4756.6367 0.8684
4757.7334 0.8676
4758.8281 0.8652
4759.9229 0.8625
4761.0205 0.8613
4762.1157 0.8610
4763.2139 0.8602
4764.3096 0.8585
4765.4082 0.8559
4766.5044 0.8533
4767.6011 0.8514
4768.7002 0.8510
4769.7974 0.8511
4770.8975 0.8501
4771.9951 0.8471
4773.0952 0.8431
4774.1934 0.8400
4775.2915 0.8383
4776.3926 0.8388
4777.4917 0.8419
4778.5933 0.8459
4779.6924 0.8481
4780.7949 0.8479
4781.8945 0.8469
4782.9946 0.8456
4784.0977 0.8442
4785.1982 0.8435
4786.3018 0.8434
4787.4028 0.8429
4788.5068 0.8421
4789.6084 0.8403
4790.7100 0.8371
4791.8149 0.8343
4792.9170 0.8352
4794.0225 0.8396
4795.1255 0.8428
4796.2310 0.8435
4797.3345 0.8425
4798.4380 0.8411
4799.5444 0.8401
4800.6489 0.8393
4801.7559 0.8398
4802.8604 0.8407
4803.9678 0.8411
4805.0732 0.8412
4806.1782 0.8419
4807.2866 0.8422
4808.3926 0.8410
4809.5015 0.8385
4810.6079 0.8365
4811.7173 0.8359
4812.8242 0.8359
4813.9312 0.8351
4815.0415 0.8333
4816.1489 0.8303
4817.2598 0.8275
4818.3677 0.8279
4819.4790 0.8313
4820.5879 0.8328
4821.6968 0.8318
4822.8086 0.8292
4823.9180 0.8265
4825.0303 0.8258
4826.1401 0.8279
4827.2534 0.8288
4828.3638 0.8287
4829.4771 0.8287
4830.5884 0.8285
4831.6992 0.8271
4832.8135 0.8260
4833.9253 0.8231
4835.0400 0.8118
4836.1523 0.8004
4837.2676 0.7999
4838.3804 0.8111
4839.4937 0.8205
4840.6094 0.8234
4841.7231 0.8240
4842.8394 0.8243
4843.9536 0.8242
4845.0708 0.8229
4846.1851 0.8216
4847.3003 0.8201
4848.4180 0.8183
4849.5332 0.8186
4850.6514 0.8212
4851.7676 0.8237
4852.8862 0.8251
4854.0024 0.8252
4855.1191 0.8245
4856.2388 0.8241
4857.3560 0.8231
4858.4761 0.8186
4859.5938 0.8085
4860.7144 0.8005
4861.8325 0.8054
4862.9512 0.8145
4864.0723 0.8189
4865.1914 0.8191
4866.3135 0.8172
4867.4326 0.8121
4868.5552 0.8059
4869.6753 0.7957
4870.7954 0.7734
4871.9189 0.7366
4873.0396 0.7069
4874.1631 0.7169
4875.2847 0.7444
4876.4087 0.7672
4877.5308 0.7821
4878.6528 0.7966
4879.7778 0.8062
4880.9004 0.8102
4882.0259 0.8098
4883.1489 0.8072
4884.2749 0.8044
4885.3984 0.8023
4886.5225 0.7984
4887.6494 0.7883
4888.7734 0.7805
4889.9009 0.7820
4891.0259 0.7892
4892.1538 0.7927
4893.2793 0.7926
4894.4048 0.7907
4895.5337 0.7871
4896.6597 0.7848
4897.7891 0.7858
4898.9155 0.7886
4900.0454 0.7905
4901.1724 0.7913
4902.2998 0.7917
4903.4307 0.7915
4904.5586 0.7907
4905.6895 0.7899
4906.8179 0.7902
4907.9497 0.7916
4909.0786 0.7922
4910.2080 0.7917
4911.3403 0.7906
4912.4702 0.7892
4913.6030 0.7884
4914.7334 0.7883
4915.8667 0.7887
4916.9976 0.7896
4918.1313 0.7904
4919.2627 0.7904
4920.3945 0.7907
4921.5288 0.7922
4922.6611 0.7906
4923.7964 0.7865
4924.9292 0.7839
4926.0649 0.7856
4927.1978 0.7884
4928.3315 0.7911
4929.4678 0.7918
4930.6021 0.7905
4931.7388 0.7868
4932.8735 0.7788
4934.0107 0.7638
4935.1460 0.7361
4936.2812 0.7166
4937.4194 0.7283
4938.5557 0.7620
4939.6943 0.7846
4940.8306 0.7906
4941.9702 0.7920
4943.1069 0.7913
4944.2441 0.7894
4945.3843 0.7876
4946.5220 0.7867
4947.6626 0.7863
4948.8008 0.7858
4949.9419 0.7844
4951.0806 0.7826
4952.2197 0.7813
4953.3618 0.7808
4954.5010 0.7808
4955.6436 0.7813
4956.7837 0.7815
4957.9268 0.7806
4959.0674 0.7789
4960.2080 0.7772
4961.3521 0.7766
4962.4932 0.7756
4963.6377 0.7727
4964.7793 0.7709
4965.9243 0.7719
4967.0669 0.7739
4968.2095 0.7748
4969.3550 0.7732
4970.4980 0.7720
4971.6445 0.7727
4972.7881 0.7739
4973.9351 0.7735
4975.0791 0.7721
4976.2236 0.7711
4977.3711 0.7707
4978.5161 0.7705
4979.6641 0.7696
4980.8096 0.7676
4981.9585 0.7661
4983.1045 0.7667
4984.2510 0.7674
4985.4004 0.7678
4986.5469 0.7680
4987.6968 0.7677
4988.8442 0.7663
4989.9946 0.7648
4991.1426 0.7642
4992.2910 0.7639
4993.4419 0.7636
4994.5908 0.7631
4995.7427 0.7624
4996.8921 0.7617
4998.0439 0.7616
4999.1938 0.7619
5000.3438 0.7619
5001.4971 0.7610
5002.6475 0.7581
5003.8013 0.7546
5004.9521 0.7520
5006.1064 0.7517
5007.2583 0.7542
5008.4126 0.7576
5009.5649 0.7593
5010.7173 0.7592
5011.8730 0.7569
5013.0259 0.7520
5014.1816 0.7466
5015.3354 0.7440
5016.4917 0.7450
5017.6460 0.7474
5018.8003 0.7501
5019.9575 0.7518
5021.1123 0.7525
5022.2700 0.7530
5023.4258 0.7533
5024.5840 0.7542
5025.7397 0.7528
5026.8960 0.7479
5028.0552 0.7382
5029.2119 0.7198
5030.3716 0.6917
5031.5288 0.6822
5032.6890 0.7068
5033.8472 0.7355
5035.0049 0.7467
5036.1660 0.7487
5037.3247 0.7503
5038.4863 0.7498
5039.6455 0.7480
5040.8076 0.7468
5041.9668 0.7455
5043.1270 0.7419
5044.2900 0.7383
5045.4502 0.7379
5046.6138 0.7378
5047.7749 0.7353
5048.9390 0.7323
5050.1001 0.7330
5051.2622 0.7352
5052.4268 0.7305
5053.5894 0.7237
5054.7544 0.7247
5055.9175 0.7329
5057.0830 0.7378
5058.2466 0.7380
5059.4102 0.7379
5060.5771 0.7377
5061.7412 0.7374
5062.9082 0.7373
5064.0732 0.7375
5065.2407 0.7370
5066.4062 0.7347
5067.5718 0.7229
5068.7402 0.7110
5069.9062 0.7117
5071.0752 0.7244
5072.2417 0.7320
5073.4116 0.7327
5074.5786 0.7319
5075.7461 0.7327
5076.9165 0.7347
5078.0845 0.7357
5079.2554 0.7344
5080.4238 0.7323
5081.5957 0.7310
5082.7646 0.7295
5083.9336 0.7275
5085.1060 0.7265
5086.2759 0.7272
5087.4487 0.7283
5088.6191 0.7292
5089.7925 0.7306
5090.9634 0.7319
5092.1348 0.7312
5093.3091 0.7287
5094.4805 0.7273
5095.6553 0.7274
5096.8276 0.7282
5098.0029 0.7288
5099.1758 0.7281
5100.3516 0.7261
5101.5249 0.7252
5102.6987 0.7255
5103.8750 0.7252
5105.0493 0.7234
5106.2266 0.7207
5107.4014 0.7203
5108.5791 0.7209
5109.7544 0.7198
5110.9297 0.7184
5112.1084 0.7163
5113.2842 0.7121
5114.4634 0.7118
5115.6401 0.7151
5116.8198 0.7169
5117.9966 0.7177
5119.1743 0.7185
5120.3545 0.7183
5121.5327 0.7188
5122.7134 0.7186
5123.8921 0.7178
5125.0737 0.7172
5126.2524 0.7172
5127.4321 0.7171
5128.6143 0.7164
5129.7939 0.7153
5130.9771 0.7150
5132.1572 0.7148
5133.3408 0.7143
5134.5220 0.7144
5135.7031 0.7154
5136.8872 0.7148
5138.0688 0.7137
5139.2539 0.7118
5140.4360 0.7087
5141.6216 0.7058
5142.8042 0.7059
5143.9873 0.7081
5145.1738 0.7090
5146.3574 0.7095
5147.5439 0.7105
5148.7280 0.7105
5149.9155 0.7095
5151.1001 0.7087
5152.2852 0.7077
5153.4731 0.7073
5154.6587 0.7074
5155.8477 0.7059
5157.0337 0.7030
5158.2227 0.7005
5159.4097 0.7006
5160.5962 0.7014
5161.7861 0.7007
5162.9736 0.6996
5164.1646 0.7007
5165.3525 0.7006
5166.5435 0.6978
5167.7319 0.6964
5168.9209 0.6980
5170.1128 0.7000
5171.3022 0.7010
5172.4946 0.7006
5173.6846 0.6993
5174.8779 0.6992
5176.0684 0.7005
5177.2588 0.7000
5178.4526 0.6942
5179.6440 0.6771
5180.8384 0.6461
5182.0303 0.6280
5183.2251 0.6422
5184.4175 0.6739
5185.6104 0.6871
5186.8062 0.6922
5187.9995 0.6970
5189.1958 0.6987
5190.3896 0.6965
5191.5864 0.6956
5192.7808 0.6965
5193.9780 0.6967
5195.1729 0.6927
5196.3682 0.6870
5197.5664 0.6845
5198.7622 0.6873
5199.9609 0.6895
5201.1572 0.6878
5202.3564 0.6870
5203.5532 0.6887
5204.7505 0.6912
5205.9507 0.6915
5207.1484 0.6886
5208.3491 0.6821
5209.5474 0.6689
5210.7485 0.6586
5211.9473 0.6616
5213.1460 0.6756
5214.3481 0.6830
5215.5479 0.6835
5216.7505 0.6827
5217.9507 0.6828
5219.1538 0.6832
5220.3545 0.6830
5221.5557 0.6815
5222.7598 0.6793
5223.9609 0.6774
5225.1655 0.6763
5226.3677 0.6755
5227.5728 0.6733
5228.7754 0.6695
5229.9785 0.6667
5231.1846 0.6681
5232.3877 0.6714
5233.5942 0.6735
5234.7983 0.6739
5236.0054 0.6740
5237.2100 0.6740
5238.4150 0.6697
5239.6230 0.6625
5240.8281 0.6591
5242.0366 0.6649
5243.2427 0.6715
5244.4517 0.6715
5245.6582 0.6633
5246.8652 0.6488
5248.0747 0.6370
5249.2822 0.6385
5250.4927 0.6461
5251.7007 0.6551
5252.9116 0.6637
5254.1201 0.6676
5255.3286 0.6673
5256.5405 0.6685
5257.7500 0.6696
5258.9624 0.6685
5260.1724 0.6665
5261.3853 0.6662
5262.5957 0.6675
5263.8062 0.6682
5265.0200 0.6686
5266.2310 0.6674
5267.4458 0.6633
5268.6572 0.6610
5269.8721 0.6628
5271.0845 0.6646
5272.2974 0.6634
5273.5132 0.6594
5274.7261 0.6596
5275.9424 0.6603
5277.1562 0.6573
5278.3730 0.6542
5279.5874 0.6594
5280.8047 0.6659
5282.0195 0.6664
5283.2349 0.6647
5284.4531 0.6637
5285.6689 0.6604
5286.8877 0.6531
5288.1040 0.6349
5289.3232 0.6228
5290.5400 0.6308
5291.7573 0.6497
5292.9775 0.6574
5294.1953 0.6580
5295.4160 0.6590
5296.6343 0.6558
5297.8555 0.6531
5299.0742 0.6561
5300.2935 0.6614
5301.5156 0.6625
5302.7354 0.6614
5303.9580 0.6589
5305.1782 0.6570
5306.4014 0.6571
5307.6221 0.6584
5308.8433 0.6587
5310.0674 0.6581
5311.2891 0.6574
5312.5137 0.6569
5313.7358 0.6570
5314.9614 0.6572
5316.1841 0.6567
5317.4072 0.6557
5318.6333 0.6529
5319.8569 0.6510
5321.0835 0.6515
5322.3076 0.6523
5323.5347 0.6523
5324.7598 0.6524
5325.9844 0.6490
5327.2129 0.6410
5328.4380 0.6278
5329.6670 0.6120
5330.8931 0.6100
5332.1221 0.6316
5333.3491 0.6475
5334.5757 0.6515
5335.8062 0.6510
5337.0337 0.6492
5338.2642 0.6446
5339.4922 0.6418
5340.7236 0.6435
5341.9521 0.6457
5343.1812 0.6455
5344.4131 0.6453
5345.6426 0.6462
5346.8755 0.6459
5348.1055 0.6430
5349.3389 0.6403
5350.5693 0.6395
5351.8003 0.6390
5353.0342 0.6389
5354.2656 0.6413
5355.5005 0.6444
5356.7324 0.6458
5357.9678 0.6449
5359.2002 0.6430
5360.4331 0.6418
5361.6694 0.6424
5362.9028 0.6434
5364.1392 0.6436
5365.3735 0.6434
5366.6108 0.6437
5367.8452 0.6434
5369.0801 0.6422
5370.3184 0.6412
5371.5537 0.6401
5372.7925 0.6386
5374.0283 0.6352
5375.2676 0.6270
5376.5039 0.6186
5377.7441 0.6219
5378.9810 0.6302
5380.2183 0.6344
5381.4590 0.6351
5382.6973 0.6351
5383.9385 0.6351
5385.1768 0.6353
5386.4189 0.6356
5387.6577 0.6360
5388.8975 0.6366
5390.1401 0.6371
5391.3799 0.6370
5392.6230 0.6365
5393.8638 0.6357
5395.1074 0.6348
5396.3486 0.6342
5397.5903 0.6340
5398.8350 0.6329
5400.0767 0.6301
5401.3223 0.6291
5402.5645 0.6289
5403.8105 0.6206
5405.0537 0.6035
5406.2969 0.6103
5407.5439 0.6244
5408.7876 0.6308
5410.0352 0.6298
5411.2798 0.6295
5412.5273 0.6285
5413.7725 0.6268
5415.0181 0.6249
5416.2666 0.6236
5417.5127 0.6232
5418.7617 0.6234
5420.0083 0.6246
5421.2583 0.6252
5422.5054 0.6251
5423.7529 0.6255
5425.0034 0.6259
5426.2515 0.6245
5427.5029 0.6211
5428.7515 0.6202
5430.0034 0.6221
5431.2524 0.6232
5432.5020 0.6220
5433.7549 0.6212
5435.0049 0.6215
5436.2578 0.6222
5437.5088 0.6195
5438.7627 0.6160
5440.0137 0.6162
5441.2651 0.6199
5442.5200 0.6204
5443.7720 0.6193
5445.0273 0.6183
5446.2798 0.6166
5447.5356 0.6156
5448.7891 0.6177
5450.0425 0.6192
5451.2993 0.6195
5452.5532 0.6200
5453.8105 0.6199
5455.0654 0.6186
5456.3232 0.6169
5457.5786 0.6156
5458.8340 0.6150
5460.0928 0.6144
5461.3486 0.6138
5462.6084 0.6131
5463.8647 0.6118
5465.1250 0.6114
5466.3823 0.6119
5467.6396 0.6124
5468.9004 0.6124
5470.1587 0.6122
5471.4199 0.6120
5472.6787 0.6129
5473.9404 0.6142
5475.1997 0.6148
5476.4624 0.6148
5477.7222 0.6136
5478.9824 0.6107
5480.2461 0.6078
5481.5068 0.6092
5482.7705 0.6123
5484.0322 0.6140
5485.2964 0.6137
5486.5586 0.6131
5487.8208 0.6127
5489.0859 0.6123
5490.3491 0.6101
5491.6147 0.6042
5492.8784 0.5972
5494.1450 0.5961
5495.4087 0.6024
5496.6729 0.6061
5497.9404 0.6072
5499.2056 0.6059
5500.4736 0.6030
5501.7388 0.6009
5503.0073 0.6019
5504.2734 0.6038
5505.5396 0.6045
5506.8096 0.6043
5508.0762 0.6044
5509.3462 0.6055
5510.6138 0.6067
5511.8843 0.6070
5513.1523 0.6072
5514.4209 0.6059
5515.6924 0.6025
5516.9614 0.6000
5518.2334 0.6000
5519.5029 0.5975
5520.7759 0.5949
5522.0459 0.5946
5523.3159 0.5962
5524.5898 0.5982
5525.8608 0.6004
5527.1348 0.6027
5528.4062 0.6041
5529.6812 0.6045
5530.9536 0.6042
5532.2256 0.6035
5533.5015 0.6024
5534.7744 0.6017
5536.0508 0.6012
5537.3242 0.6000
5538.6011 0.5978
5539.8755 0.5956
5541.1499 0.5946
5542.4277 0.5952
5543.7026 0.5958
5544.9810 0.5955
5546.2568 0.5930
5547.5356 0.5873
5548.8115 0.5806
5550.0884 0.5837
5551.3682 0.5896
5552.6450 0.5927
5553.9258 0.5931
5555.2031 0.5931
5556.4844 0.5925
5557.7627 0.5908
5559.0410 0.5899
5560.3232 0.5907
5561.6021 0.5921
5562.8848 0.5924
5564.1646 0.5928
5565.4473 0.5933
5566.7280 0.5932
5568.0083 0.5928
5569.2925 0.5926
5570.5737 0.5923
5571.8579 0.5920
5573.1401 0.5917
5574.4253 0.5915
5575.7075 0.5913
5576.9932 0.5907
5578.2764 0.5895
5579.5596 0.5895
5580.8462 0.5900
5582.1299 0.5898
5583.4170 0.5890
5584.7017 0.5880
5585.9893 0.5874
5587.2744 0.5873
5588.5601 0.5872
5589.8486 0.5864
5591.1348 0.5848
5592.4238 0.5833
5593.7104 0.5835
5595.0005 0.5845
5596.2876 0.5848
5597.5747 0.5846
5598.8657 0.5841
5600.1538 0.5835
5601.4448 0.5828
5602.7334 0.5821
5604.0254 0.5823
5605.3149 0.5818
5606.6045 0.5809
5607.8970 0.5803
5609.1870 0.5804
5610.4805 0.5805
5611.7715 0.5799
5613.0654 0.5791
5614.3569 0.5786
5615.6484 0.5788
5616.9434 0.5793
5618.2354 0.5792
5619.5308 0.5787
5620.8237 0.5781
5622.1201 0.5775
5623.4131 0.5766
5624.7070 0.5758
5626.0039 0.5762
5627.2983 0.5760
5628.5957 0.5751
5629.8906 0.5748
5631.1890 0.5753
5632.4844 0.5756
5633.7803 0.5759
5635.0791 0.5758
5636.3755 0.5756
5637.6753 0.5752
5638.9722 0.5746
5640.2725 0.5744
5641.5703 0.5742
5642.8682 0.5740
5644.1694 0.5736
5645.4678 0.5731
5646.7695 0.5728
5648.0684 0.5725
5649.3711 0.5721
5650.6704 0.5718
5651.9707 0.5710
5653.2739 0.5694
5654.5742 0.5680
5655.8784 0.5684
5657.1797 0.5685
5658.4839 0.5667
5659.7856 0.5657
5661.0879 0.5662
5662.3931 0.5671
5663.6958 0.5676
5665.0020 0.5682
5666.3052 0.5684
5667.6118 0.5675
5668.9155 0.5663
5670.2197 0.5650
5671.5273 0.5634
5672.8320 0.5624
5674.1401 0.5632
5675.4453 0.5643
5676.7539 0.5646
5678.0601 0.5641
5679.3696 0.5635
5680.6758 0.5631
5681.9829 0.5624
5683.2930 0.5615
5684.6006 0.5607
5685.9111 0.5603
5687.2192 0.5599
5688.5308 0.5595
5689.8394 0.5597
5691.1484 0.5602
5692.4609 0.5604
5693.7705 0.5599
5695.0835 0.5600
5696.3936 0.5601
5697.7070 0.5591
5699.0176 0.5583
5700.3286 0.5580
5701.6431 0.5581
5702.9551 0.5580
5704.2700 0.5579
5705.5825 0.5576
5706.8979 0.5575
5708.2109 0.5576
5709.5239 0.5574
5710.8408 0.5572
5712.1543 0.5565
5713.4717 0.5555
5714.7861 0.5549
5716.1040 0.5542
5717.4189 0.5525
5718.7339 0.5492
5720.0527 0.5463
5721.3687 0.5476
5722.6880 0.5504
5724.0044 0.5520
5725.3242 0.5517
5726.6416 0.5516
5727.9590 0.5524
5729.2798 0.5530
5730.5977 0.5526
5731.9194 0.5516
5733.2378 0.5506
5734.5601 0.5503
5735.8794 0.5509
5737.1987 0.5508
5738.5215 0.5505
5739.8418 0.5503
5741.1655 0.5500
5742.4863 0.5497
5743.8105 0.5495
5745.1318 0.5494
5746.4536 0.5493
5747.7783 0.5492
5749.1006 0.5491
5750.4268 0.5495
5751.7495 0.5494
5753.0757 0.5491
5754.3994 0.5487
5755.7231 0.5480
5757.0503 0.5471
5758.3745 0.5464
5759.7026 0.5457
5761.0273 0.5446
5762.3560 0.5441
5763.6816 0.5447
5765.0078 0.5457
5766.3369 0.5460
5767.6636 0.5464
5768.9937 0.5470
5770.3208 0.5471
5771.6514 0.5466
5772.9790 0.5459
5774.3071 0.5452
5775.6387 0.5445
5776.9673 0.5441
5778.2993 0.5437
5779.6289 0.5428
5780.9614 0.5416
5782.2915 0.5412
5783.6250 0.5410
5784.9556 0.5401
5786.2861 0.5385
5787.6206 0.5366
5788.9521 0.5350
5790.2871 0.5337
5791.6191 0.5317
5792.9546 0.5252
5794.2871 0.5099
5795.6201 0.4998
5796.9565 0.5059
5798.2900 0.5206
5799.6274 0.5294
5800.9614 0.5329
5802.2993 0.5343
5803.6338 0.5349
5804.9692 0.5352
5806.3076 0.5355
5807.6436 0.5349
5808.9824 0.5335
5810.3188 0.5298
5811.6587 0.5261
5812.9956 0.5264
5814.3330 0.5316
5815.6738 0.5348
5817.0117 0.5357
5818.3530 0.5362
5819.6914 0.5364
5821.0337 0.5358
5822.3726 0.5351
5823.7119 0.5345
5825.0552 0.5339
5826.3950 0.5333
5827.7388 0.5332
5829.0791 0.5339
5830.4233 0.5352
5831.7646 0.5358
5833.1064 0.5360
5834.4517 0.5360
5835.7935 0.5356
5837.1396 0.5350
5838.4824 0.5347
5839.8286 0.5348
5841.1719 0.5347
5842.5156 0.5344
5843.8633 0.5338
5845.2075 0.5333
5846.5552 0.5336
5847.9004 0.5336
5849.2490 0.5329
5850.5942 0.5328
5851.9404 0.5333
5853.2896 0.5334
5854.6362 0.5327
5855.9863 0.5315
5857.3335 0.5300
5858.6841 0.5289
5860.0322 0.5286
5861.3799 0.5290
5862.7319 0.5292
5864.0806 0.5275
5865.4326 0.5264
5866.7822 0.5269
5868.1348 0.5276
5869.4849 0.5277
5870.8350 0.5278
5872.1890 0.5276
5873.5400 0.5273
5874.8940 0.5273
5876.2456 0.5274
5877.6006 0.5271
5878.9531 0.5264
5880.3052 0.5257
5881.6611 0.5249
5883.0146 0.5245
5884.3711 0.5243
5885.7246 0.5237
5887.0820 0.5221
5888.4365 0.5197
5889.7939 0.5152
5891.1489 0.5148
5892.5044 0.5186
5893.8633 0.5225
5895.2192 0.5231
5896.5786 0.5225
5897.9351 0.5212
5899.2949 0.5202
5900.6523 0.5186
5902.0098 0.5096
5903.3706 0.4783
5904.7285 0.4215
5906.0903 0.4293
5907.4487 0.4759
5908.8110 0.4909
5910.1704 0.4543
5911.5303 0.4285
5912.8931 0.4674
5914.2534 0.5017
5915.6172 0.5113
5916.9780 0.5106
5918.3428 0.5128
5919.7041 0.5147
5921.0659 0.5156
5922.4312 0.5154
5923.7939 0.5146
5925.1597 0.5136
5926.5229 0.5133
5927.8896 0.5136
5929.2534 0.5131
5930.6172 0.5126
5931.9849 0.5125
5933.3496 0.5113
5934.7178 0.5092
5936.0830 0.5091
5937.4517 0.5102
5938.8179 0.5082
5940.1841 0.5074
5941.5537 0.5090
5942.9204 0.5109
5944.2910 0.5111
5945.6587 0.5110
5947.0298 0.5105
5948.3975 0.5104
5949.7661 0.5106
5951.1382 0.5102
5952.5073 0.5093
5953.8799 0.5090
5955.2495 0.5082
5956.6226 0.5057
5957.9932 0.5040
5959.3638 0.5045
5960.7378 0.5044
5962.1094 0.5025
5963.4839 0.5027
5964.8560 0.5035
5966.2314 0.5036
5967.6040 0.5037
5968.9766 0.5041
5970.3530 0.5031
5971.7266 0.4992
5973.1035 0.4968
5974.4780 0.4976
5975.8555 0.4994
5977.2305 0.5000
5978.6055 0.5010
5979.9839 0.5015
5981.3599 0.5008
5982.7388 0.4995
5984.1152 0.4987
5985.4951 0.4990
5986.8721 0.4997
5988.2495 0.5006
5989.6304 0.5007
5991.0083 0.4989
5992.3896 0.4945
5993.7681 0.4900
5995.1504 0.4923
5996.5298 0.4966
5997.9126 0.4981
5999.2920 0.4979
6000.6724 0.4979
6002.0562 0.4972
6003.4370 0.4970
6004.8213 0.4957
6006.2026 0.4941
6007.5874 0.4941
6008.9697 0.4955
6010.3521 0.4962
6011.7378 0.4960
6013.1211 0.4958
6014.5078 0.4955
6015.8911 0.4955
6017.2783 0.4955
6018.6626 0.4947
6020.0474 0.4933
6021.4355 0.4924
6022.8208 0.4913
6024.2095 0.4896
6025.5957 0.4883
6026.9849 0.4883
6028.3716 0.4900
6029.7583 0.4919
6031.1489 0.4930
6032.5361 0.4930
6033.9272 0.4925
6035.3154 0.4921
6036.7070 0.4924
6038.0957 0.4921
6039.4849 0.4919
6040.8774 0.4915
6042.2671 0.4908
6043.6606 0.4904
6045.0508 0.4909
6046.4448 0.4913
6047.8359 0.4911
6049.2271 0.4904
6050.6221 0.4891
6052.0142 0.4872
6053.4097 0.4858
6054.8022 0.4866
6056.1982 0.4874
6057.5918 0.4874
6058.9854 0.4871
6060.3823 0.4863
6061.7764 0.4860
6063.1743 0.4868
6064.5693 0.4874
6065.9678 0.4875
6067.3633 0.4872
6068.7588 0.4870
6070.1582 0.4881
6071.5547 0.4885
6072.9551 0.4881
6074.3521 0.4873
6075.7529 0.4864
6077.1504 0.4859
6078.5483 0.4868
6079.9502 0.4866
6081.3491 0.4861
6082.7515 0.4859
6084.1504 0.4857
6085.5537 0.4853
6086.9536 0.4856
6088.3540 0.4861
6089.7578 0.4863
6091.1587 0.4863
6092.5635 0.4861
6093.9648 0.4859
6095.3701 0.4857
6096.7725 0.4851
6098.1782 0.4842
6099.5811 0.4837
6100.9844 0.4841
6102.3911 0.4847
6103.7949 0.4846
6105.2026 0.4840
6106.6069 0.4842
6108.0151 0.4848
6109.4204 0.4848
6110.8257 0.4846
6112.2349 0.4845
6113.6411 0.4843
6115.0508 0.4842
6116.4575 0.4840
6117.8682 0.4834
6119.2754 0.4828
6120.6831 0.4835
6122.0947 0.4835
6123.5029 0.4831
6124.9150 0.4828
6126.3242 0.4824
6127.7368 0.4811
6129.1465 0.4803
6130.5566 0.4811
6131.9702 0.4817
6133.3809 0.4820
6134.7954 0.4824
6136.2065 0.4822
6137.6216 0.4818
6139.0337 0.4815
6140.4458 0.4810
6141.8618 0.4805
6143.2749 0.4802
6144.6914 0.4802
6146.1050 0.4809
6147.5220 0.4814
6148.9365 0.4812
6150.3511 0.4808
6151.7690 0.4806
6153.1846 0.4803
6154.6035 0.4798
6156.0190 0.4791
6157.4390 0.4787
6158.8555 0.4788
6160.2720 0.4781
6161.6929 0.4742
6163.1104 0.4673
6164.5312 0.4660
6165.9497 0.4711
6167.3711 0.4761
6168.7900 0.4769
6170.2095 0.4749
6171.6323 0.4695
6173.0518 0.4666
6174.4756 0.4689
6175.8960 0.4727
6177.3198 0.4736
6178.7412 0.4727
6180.1626 0.4717
6181.5874 0.4708
6183.0098 0.4701
6184.4355 0.4699
6185.8579 0.4697
6187.2847 0.4691
6188.7080 0.4680
6190.1318 0.4662
6191.5591 0.4657
6192.9834 0.4657
6194.4116 0.4653
6195.8364 0.4657
6197.2651 0.4672
6198.6909 0.4678
6200.1172 0.4681
6201.5469 0.4681
6202.9731 0.4680
6204.4038 0.4685
6205.8311 0.4693
6207.2622 0.4697
6208.6899 0.4699
6210.1216 0.4689
6211.5503 0.4671
6212.9795 0.4669
6214.4121 0.4682
6215.8418 0.4681
6217.2749 0.4647
6218.7056 0.4604
6220.1392 0.4591
6221.5703 0.4622
6223.0015 0.4656
6224.4365 0.4678
6225.8687 0.4683
6227.3042 0.4680
6228.7368 0.4680
6230.1729 0.4687
6231.6064 0.4689
6233.0400 0.4691
6234.4771 0.4692
6235.9116 0.4692
6237.3496 0.4691
6238.7842 0.4691
6240.2231 0.4688
6241.6587 0.4684
6243.0942 0.4684
6244.5342 0.4687
6245.9707 0.4688
6247.4111 0.4683
6248.8481 0.4672
6250.2891 0.4668
6251.7271 0.4649
6253.1650 0.4605
6254.6069 0.4572
6256.0459 0.4606
6257.4888 0.4649
6258.9282 0.4654
6260.3716 0.4631
6261.8115 0.4576
6263.2520 0.4529
6264.6963 0.4573
6266.1377 0.4646
6267.5825 0.4662
6269.0244 0.4659
6270.4702 0.4658
6271.9126 0.4655
6273.3555 0.4656
6274.8022 0.4653
6276.2456 0.4648
6277.6929 0.4642
6279.1372 0.4638
6280.5850 0.4634
6282.0298 0.4624
6283.4751 0.4610
6284.9238 0.4570
6286.3696 0.4543
6287.8193 0.4553
6289.2661 0.4582
6290.7163 0.4584
6292.1636 0.4533
6293.6108 0.4425
6295.0620 0.4361
6296.5103 0.4340
6297.9624 0.4290
6299.4111 0.4197
6300.8638 0.4174
6302.3135 0.4288
6303.7632 0.4409
6305.2168 0.4473
6306.6675 0.4497
6308.1216 0.4512
6309.5728 0.4530
6311.0278 0.4543
6312.4795 0.4551
6313.9316 0.4552
6315.3877 0.4547
6316.8403 0.4546
6318.2974 0.4539
6319.7510 0.4526
6321.2080 0.4512
6322.6621 0.4506
6324.1201 0.4508
6325.5752 0.4513
6327.0303 0.4518
6328.4893 0.4533
6329.9453 0.4536
6331.4048 0.4515
6332.8613 0.4482
6334.3218 0.4461
6335.7788 0.4488
6337.2363 0.4517
6338.6978 0.4533
6340.1558 0.4537
6341.6182 0.4539
6343.0767 0.4551
6344.5396 0.4552
6345.9990 0.4532
6347.4590 0.4516
6348.9229 0.4520
6350.3833 0.4535
6351.8477 0.4540
6353.3091 0.4537
6354.7739 0.4532
6356.2358 0.4529
6357.6982 0.4521
6359.1641 0.4501
6360.6270 0.4432
6362.0938 0.4211
6363.5576 0.4153
6365.0249 0.4318
6366.4893 0.4478
6367.9536 0.4489
6369.4224 0.4485
6370.8877 0.4483
6372.3564 0.4487
6373.8228 0.4489
6375.2925 0.4489
6376.7588 0.4486
6378.2261 0.4477
6379.6968 0.4473
6381.1646 0.4475
6382.6357 0.4471
6384.1040 0.4440
6385.5762 0.4339
6387.0454 0.4183
6388.5146 0.4239
6389.9878 0.4403
6391.4580 0.4462
6392.9316 0.4444
6394.4023 0.4445
6395.8770 0.4437
6397.3481 0.4446
6398.8198 0.4448
6400.2954 0.4449
6401.7681 0.4454
6403.2441 0.4462
6404.7173 0.4469
6406.1943 0.4471
6407.6680 0.4468
6409.1421 0.4464
6410.6196 0.4461
6412.0947 0.4457
6413.5732 0.4450
6415.0488 0.4455
6416.5278 0.4453
6418.0039 0.4449
6419.4805 0.4449
6420.9609 0.4452
6422.4380 0.4444
6423.9189 0.4438
6425.3970 0.4440
6426.8784 0.4440
6428.3569 0.4435
6429.8359 0.4422
6431.3184 0.4396
6432.7979 0.4367
6434.2812 0.4389
6435.7617 0.4414
6437.2456 0.4422
6438.7266 0.4423
6440.2114 0.4423
6441.6929 0.4418
6443.1748 0.4415
6444.6606 0.4413
6446.1431 0.4406
6447.6294 0.4389
6449.1128 0.4371
6450.6001 0.4377
6452.0840 0.4390
6453.5684 0.4393
6455.0566 0.4386
6456.5415 0.4376
6458.0303 0.4368
6459.5161 0.4364
6461.0054 0.4346
6462.4917 0.4333
6463.9785 0.4338
6465.4692 0.4348
6466.9565 0.4343
6468.4478 0.4330
6469.9360 0.4278
6471.4277 0.4191
6472.9165 0.4169
6474.4058 0.4252
6475.8984 0.4322
6477.3882 0.4332
6478.8818 0.4330
6480.3726 0.4325
6481.8667 0.4321
6483.3579 0.4318
6484.8496 0.4314
6486.3447 0.4317
6487.8369 0.4319
6489.3330 0.4317
6490.8262 0.4305
6492.3228 0.4291
6493.8164 0.4292
6495.3101 0.4301
6496.8081 0.4279
6498.3027 0.4254
6499.8013 0.4246
6501.2964 0.4259
6502.7954 0.4280
6504.2915 0.4289
6505.7876 0.4282
6507.2881 0.4263
6508.7852 0.4248
6510.2861 0.4249
6511.7837 0.4255
6513.2852 0.4255
6514.7837 0.4267
6516.2822 0.4282
6517.7852 0.4290
6519.2842 0.4289
6520.7876 0.4283
6522.2876 0.4277
6523.7920 0.4274
6525.2925 0.4274
6526.7939 0.4275
6528.2988 0.4275
6529.8008 0.4262
6531.3062 0.4222
6532.8091 0.4190
6534.3154 0.4206
6535.8184 0.4237
6537.3223 0.4242
6538.8296 0.4242
6540.3340 0.4239
6541.8423 0.4236
6543.3472 0.4232
6544.8560 0.4225
6546.3613 0.4217
6547.8677 0.4213
6549.3774 0.4210
6550.8843 0.4212
6552.3945 0.4216
6553.9019 0.4222
6555.4136 0.4231
6556.9214 0.4239
6558.4336 0.4240
6559.9424 0.4229
6561.4512 0.4222
6562.9644 0.4235
6564.4741 0.4259
6565.9878 0.4272
6567.4985 0.4287
6569.0127 0.4287
6570.5239 0.4291
6572.0356 0.4299
6573.5513 0.4280
6575.0635 0.4129
6576.5796 0.3690
6578.0923 0.3970
6579.6094 0.4817
6581.1230 0.5193
6582.6372 0.4721
6584.1548 0.4396
6585.6694 0.4323
6587.1885 0.4294
6588.7036 0.4277
6590.2231 0.4268
6591.7393 0.4258
6593.2554 0.4251
6594.7759 0.4246
6596.2930 0.4243
6597.8140 0.4233
6599.3320 0.4222
6600.8535 0.4216
6602.3721 0.4205
6603.8911 0.4190
6605.4141 0.4186
6606.9336 0.4184
6608.4570 0.4180
6609.9771 0.4178
6611.5015 0.4178
6613.0225 0.4177
6614.5439 0.4170
6616.0693 0.4169
6617.5913 0.4173
6619.1172 0.4173
6620.6396 0.4167
6622.1665 0.4161
6623.6899 0.4161
6625.2139 0.4165
6626.7417 0.4167
6628.2661 0.4147
6629.7944 0.4093
6631.3198 0.4057
6632.8486 0.4105
6634.3745 0.4145
6635.9009 0.4149
6637.4312 0.4146
6638.9580 0.4138
6640.4888 0.4136
6642.0166 0.4132
6643.5483 0.4128
6645.0767 0.4130
6646.6055 0.4136
6648.1382 0.4134
6649.6675 0.4130
6651.2007 0.4130
6652.7310 0.4131
6654.2651 0.4131
6655.7959 0.4129
6657.3271 0.4127
6658.8623 0.4122
6660.3940 0.4112
6661.9297 0.4105
6663.4624 0.4105
6664.9990 0.4110
6666.5322 0.4115
6668.0659 0.4116
6669.6035 0.4113
6671.1377 0.4109
6672.6763 0.4104
6674.2114 0.4099
6675.7505 0.4097
6677.2861 0.4088
6678.8257 0.4087
6680.3623 0.4093
6681.8989 0.4099
6683.4399 0.4103
6684.9775 0.4105
6686.5190 0.4099
6688.0571 0.4091
6689.5996 0.4089
6691.1382 0.4090
6692.6777 0.4080
6694.2212 0.4058
6695.7607 0.4057
6697.3052 0.4073
6698.8457 0.4085
6700.3906 0.4089
6701.9316 0.4091
6703.4736 0.4095
6705.0195 0.4104
6706.5620 0.4099
6708.1084 0.4092
6709.6519 0.4088
6711.1987 0.4082
6712.7427 0.4077
6714.2871 0.4074
6715.8354 0.4065
6717.3804 0.4061
6718.9292 0.4064
6720.4751 0.4070
6722.0249 0.4076
6723.5713 0.4077
6725.1177 0.4074
6726.6685 0.4072
6728.2163 0.4071
6729.7676 0.4069
6731.3159 0.4059
6732.8682 0.4052
6734.4170 0.4054
6735.9663 0.4057
6737.5195 0.4054
6739.0693 0.4040
6740.6235 0.4014
6742.1743 0.4028
6743.7290 0.4054
6745.2803 0.4058
6746.8320 0.4050
6748.3877 0.4047
6749.9404 0.4041
6751.4966 0.4034
6753.0498 0.4032
6754.6069 0.4034
6756.1611 0.4033
6757.7153 0.4025
6759.2734 0.4019
6760.8286 0.4017
6762.3877 0.4020
6763.9434 0.4023
6765.5029 0.4024
6767.0596 0.4023
6768.6162 0.4024
6770.1772 0.4026
6771.7344 0.4024
6773.2959 0.4019
6774.8540 0.4015
6776.4165 0.4015
6777.9756 0.4017
6779.5347 0.4013
6781.0981 0.4009
6782.6582 0.4006
6784.2222 0.4004
6785.7827 0.3999
6787.3477 0.3997
6788.9092 0.3997
6790.4707 0.3993
6792.0366 0.3989
6793.5991 0.3989
6795.1655 0.3990
6796.7290 0.3986
6798.2964 0.3983
6799.8604 0.3980
6801.4282 0.3977
6802.9927 0.3972
6804.5581 0.3966
6806.1270 0.3964
6807.6929 0.3954
6809.2627 0.3931
6810.8291 0.3932
6812.3994 0.3949
6813.9668 0.3956
6815.5342 0.3958
6817.1060 0.3954
6818.6743 0.3950
6820.2466 0.3948
6821.8154 0.3949
6823.3887 0.3951
6824.9585 0.3954
6826.5283 0.3953
6828.1025 0.3947
6829.6733 0.3944
6831.2485 0.3942
6832.8198 0.3939
6834.3955 0.3937
6835.9678 0.3935
6837.5405 0.3937
6839.1172 0.3937
6840.6904 0.3935
6842.2681 0.3934
6843.8418 0.3932
6845.4199 0.3925
6846.9946 0.3920
6848.5698 0.3921
6850.1494 0.3923
6851.7251 0.3921
6853.3052 0.3915
6854.8818 0.3913
6856.4624 0.3914
6858.0396 0.3913
6859.6177 0.3911
6861.1992 0.3909
6862.7778 0.3907
6864.3604 0.3906
6865.9395 0.3904
6867.5225 0.3903
6869.1025 0.3901
6870.6826 0.3899
6872.2671 0.3896
6873.8481 0.3894
6875.4331 0.3895
6877.0146 0.3890
6878.6006 0.3879
6880.1831 0.3874
6881.7656 0.3883
6883.3525 0.3886
6884.9360 0.3885
6886.5239 0.3885
6888.1079 0.3883
6889.6963 0.3880
6891.2812 0.3879
6892.8667 0.3878
6894.4561 0.3876
6896.0425 0.3875
6897.6323 0.3869
6899.2192 0.3858
6900.8105 0.3859
6902.3979 0.3867
6903.9858 0.3867
6905.5776 0.3865
6907.1665 0.3864
6908.7593 0.3862
6910.3486 0.3860
6911.9419 0.3860
6913.5322 0.3857
6915.1226 0.3855
6916.7173 0.3853
6918.3081 0.3852
6919.9038 0.3850
6921.4956 0.3841
6923.0918 0.3833
6924.6846 0.3836
6926.2812 0.3842
6927.8745 0.3841
6929.4683 0.3840
6931.0664 0.3837
6932.6606 0.3837
6934.2593 0.3835
6935.8545 0.3833
6937.4541 0.3830
6939.0498 0.3829
6940.6460 0.3827
6942.2466 0.3826
6943.8438 0.3822
6945.4448 0.3817
6947.0430 0.3817
6948.6445 0.3819
6950.2432 0.3819
6951.8423 0.3817
6953.4453 0.3816
6955.0449 0.3815
6956.6489 0.3813
6958.2490 0.3811
6959.8535 0.3811
6961.4546 0.3809
6963.0562 0.3807
6964.6621 0.3805
6966.2642 0.3804
6967.8706 0.3803
6969.4736 0.3801
6971.0806 0.3795
6972.6841 0.3792
6974.2886 0.3794
6975.8965 0.3795
6977.5015 0.3792
6979.1104 0.3788
6980.7158 0.3788
6982.3257 0.3786
6983.9321 0.3783
6985.5386 0.3782
6987.1494 0.3782
6988.7568 0.3778
6990.3687 0.3777
6991.9766 0.3776
6993.5889 0.3773
6995.1978 0.3769
6996.8071 0.3767
6998.4204 0.3766
7000.0303 0.3764
7001.6445 0.3766
7003.2554 0.3768
7004.8701 0.3767
7006.4819 0.3766
7008.0938 0.3760
7009.7095 0.3748
7011.3223 0.3740
7012.9390 0.3745
7014.5522 0.3755
7016.1699 0.3751
7017.7837 0.3741
7019.3984 0.3733
7021.0171 0.3736
7022.6323 0.3743
7024.2515 0.3742
7025.8677 0.3739
7027.4878 0.3740
7029.1045 0.3743
7030.7212 0.3746
7032.3428 0.3747
7033.9604 0.3745
7035.5825 0.3745
7037.2007 0.3743
7038.8237 0.3740
7040.4429 0.3742
7042.0664 0.3744
7043.6865 0.3740
7045.3066 0.3733
7046.9316 0.3736
7048.5527 0.3732
7050.1782 0.3729
7051.7998 0.3734
7053.4263 0.3739
7055.0488 0.3735
7056.6719 0.3729
7058.2988 0.3714
7059.9229 0.3706
7061.5508 0.3712
7063.1753 0.3716
7064.8037 0.3711
7066.4292 0.3716
7068.0547 0.3716
7069.6846 0.3717
7071.3110 0.3717
7072.9419 0.3710
7074.5688 0.3699
7076.2002 0.3696
7077.8281 0.3683
7079.4561 0.3666
7081.0889 0.3657
7082.7178 0.3660
7084.3511 0.3665
7085.9810 0.3674
7087.6147 0.3676
7089.2451 0.3680
7090.8760 0.3688
7092.5112 0.3691
7094.1431 0.3692
7095.7788 0.3689
7097.4111 0.3690
7099.0479 0.3692
7100.6812 0.3689
7102.3145 0.3685
7103.9521 0.3687
7105.5864 0.3687
7107.2251 0.3688
7108.8599 0.3688
7110.4995 0.3688
7112.1353 0.3689
7113.7715 0.3691
7115.4116 0.3691
7117.0483 0.3688
7118.6899 0.3685
7120.3271 0.3685
7121.9692 0.3686
7123.6079 0.3685
7125.2466 0.3683
7126.8896 0.3682
7128.5293 0.3679
7130.1729 0.3676
7131.8130 0.3673
7133.4580 0.3669
7135.0986 0.3666
7136.7402 0.3666
7138.3857 0.3668
7140.0283 0.3670
7141.6748 0.3673
7143.3174 0.3673
7144.9648 0.3670
7146.6084 0.3667
7148.2524 0.3667
7149.9009 0.3666
7151.5459 0.3664
7153.1948 0.3661
7154.8403 0.3662
7156.4902 0.3661
7158.1367 0.3660
7159.7832 0.3659
7161.4346 0.3658
7163.0820 0.3657
7164.7339 0.3656
7166.3818 0.3656
7168.0347 0.3655
7169.6836 0.3654
7171.3369 0.3652
7172.9863 0.3646
7174.6367 0.3635
7176.2910 0.3640
7177.9419 0.3647
7179.5972 0.3647
7181.2490 0.3644
7182.9048 0.3642
7184.5571 0.3641
7186.2100 0.3642
7187.8672 0.3641
7189.5210 0.3640
7191.1787 0.3640
7192.8330 0.3638
7194.4917 0.3638
7196.1465 0.3638
7197.8022 0.3637
7199.4619 0.3635
7201.1182 0.3635
7202.7788 0.3637
7204.4355 0.3637
7206.0972 0.3637
7207.7549 0.3631
7209.4131 0.3618
7211.0757 0.3604
7212.7344 0.3594
7214.3975 0.3587
7216.0571 0.3583
7217.7212 0.3579
7219.3818 0.3575
7221.0425 0.3573
7222.7075 0.3571
7224.3691 0.3568
7226.0352 0.3565
7227.6973 0.3563
7229.3643 0.3561
7231.0273 0.3559
7232.6909 0.3557
7234.3584 0.3556
7236.0229 0.3556
7237.6914 0.3554
7239.3564 0.3553
7241.0259 0.3552
7242.6919 0.3551
7244.3579 0.3550
7246.0283 0.3550
7247.6953 0.3549
7249.3667 0.3547
7251.0342 0.3546
7252.7065 0.3546
7254.3750 0.3544
7256.0439 0.3544
7257.7168 0.3543
7259.3867 0.3540
7261.0605 0.3540
7262.7310 0.3541
7264.4058 0.3540
7266.0771 0.3538
7267.7485 0.3537
7269.4243 0.3534
7271.0967 0.3529
7272.7734 0.3524
7274.4463 0.3529
7276.1240 0.3530
7277.7979 0.3528
7279.4722 0.3526
7281.1509 0.3523
7282.8257 0.3514
7284.5054 0.3514
7286.1812 0.3516
7287.8613 0.3516
7289.5376 0.3513
7291.2148 0.3511
7292.8960 0.3510
7294.5737 0.3510
7296.2559 0.3508
7297.9341 0.3506
7299.6172 0.3505
7301.2964 0.3503
7302.9800 0.3500
7304.6602 0.3495
7306.3408 0.3490
7308.0254 0.3490
7309.7065 0.3492
7311.3921 0.3491
7313.0742 0.3489
7314.7607 0.3487
7316.4434 0.3486
7318.1265 0.3485
7319.8140 0.3484
7321.4980 0.3482
7323.1860 0.3478
7324.8711 0.3475
7326.5601 0.3475
7328.2456 0.3477
7329.9312 0.3478
7331.6216 0.3476
7333.3081 0.3475
7334.9995 0.3473
7336.6865 0.3469
7338.3784 0.3465
7340.0669 0.3463
7341.7554 0.3461
7343.4482 0.3459
7345.1377 0.3456
7346.8315 0.3454
7348.5215 0.3451
7350.2163 0.3447
7351.9067 0.3445
7353.5981 0.3445
7355.2939 0.3444
7356.9858 0.3442
7358.6826 0.3441
7360.3755 0.3441
7362.0728 0.3439
7363.7661 0.3436
7365.4604 0.3433
7367.1587 0.3432
7368.8535 0.3430
7370.5527 0.3426
7372.2485 0.3424
7373.9487 0.3422
7375.6450 0.3420
7377.3418 0.3416
7379.0430 0.3416
7380.7402 0.3416
7382.4424 0.3414
7384.1406 0.3408
7385.8433 0.3405
7387.5425 0.3403
7389.2422 0.3402
7390.9458 0.3400
7392.6465 0.3398
7394.3511 0.3401
7396.0522 0.3405
7397.7573 0.3408
7399.4595 0.3402
7401.1616 0.3395
7402.8682 0.3396
7404.5713 0.3404
7406.2788 0.3405
7407.9824 0.3404
7409.6909 0.3400
7411.3955 0.3391
7413.1006 0.3386
7414.8101 0.3398
7416.5156 0.3406
7418.2261 0.3402
7419.9326 0.3398
7421.6436 0.3396
7423.3506 0.3387
7425.0586 0.3367
7426.7705 0.3356
7428.4795 0.3360
7430.1924 0.3362
7431.9014 0.3363
7433.6152 0.3372
7435.3257 0.3372
7437.0400 0.3372
7438.7510 0.3362
7440.4624 0.3324
7442.1777 0.3280
7443.8901 0.3276
7445.6064 0.3318
7447.3193 0.3336
7449.0366 0.3331
7450.7505 0.3337
7452.4644 0.3354
7454.1831 0.3356
7455.8979 0.3346
7457.6172 0.3341
7459.3325 0.3296
7461.0527 0.3246
7462.7690 0.3246
7464.4858 0.3298
7466.2070 0.3324
7467.9248 0.3326
7469.6470 0.3338
7471.3652 0.3345
7473.0884 0.3341
7474.8076 0.3337
7476.5269 0.3341
7478.2510 0.3339
7479.9712 0.3312
7481.6963 0.3299
7483.4175 0.3299
7485.1431 0.3260
7486.8652 0.3170
7488.5874 0.3189
7490.3145 0.3255
7492.0371 0.3278
7493.7651 0.3275
7495.4888 0.3291
7497.2173 0.3295
7498.9419 0.3303
7500.6670 0.3291
7502.3970 0.3280
7504.1226 0.3282
7505.8530 0.3290
7507.5801 0.3294
7509.3110 0.3283
7511.0386 0.3273
7512.7666 0.3268
7514.4990 0.3258
7516.2275 0.3240
7517.9609 0.3228
7519.6904 0.3223
7521.4243 0.3238
7523.1548 0.3254
7524.8853 0.3261
7526.6206 0.3258
7528.3521 0.3246
7530.0884 0.3245
7531.8203 0.3239
7533.5571 0.3226
7535.2905 0.3218
7537.0239 0.3220
7538.7617 0.3221
7540.4961 0.3220
7542.2349 0.3214
7543.9702 0.3217
7545.7095 0.3221
7547.4453 0.3221
7549.1816 0.3223
7550.9229 0.3217
7552.6597 0.3211
7554.4014 0.3209
7556.1392 0.3205
7557.8818 0.3195
7559.6201 0.3186
7561.3594 0.3186
7563.1030 0.3192
7564.8428 0.3194
7566.5874 0.3192
7568.3281 0.3190
7570.0732 0.3189
7571.8149 0.3187
7573.5610 0.3184
7575.3032 0.3182
7577.0459 0.3180
7578.7930 0.3180
7580.5366 0.3180
7582.2847 0.3179
7584.0288 0.3176
7585.7778 0.3175
7587.5229 0.3176
7589.2686 0.3174
7591.0186 0.3172
7592.7646 0.3172
7594.5156 0.3172
7596.2627 0.3171
7598.0142 0.3170
7599.7622 0.3168
7601.5107 0.3168
7603.2637 0.3168
7605.0127 0.3166
7606.7661 0.3164
7608.5161 0.3163
7610.2710 0.3163
7612.0215 0.3161
7613.7725 0.3159
7615.5283 0.3157
7617.2803 0.3157
7619.0366 0.3156
7620.7896 0.3154
7622.5469 0.3151
7624.3003 0.3151
7626.0542 0.3150
7627.8130 0.3148
7629.5679 0.3144
7631.3271 0.3138
7633.0825 0.3132
7634.8428 0.3126
7636.5991 0.3121
7638.3560 0.3115
7640.1172 0.3112
7641.8750 0.3112
7643.6372 0.3113
7645.3955 0.3110
7647.1587 0.3110
7648.9180 0.3110
7650.6772 0.3110
7652.4419 0.3109
7654.2021 0.3106
7655.9673 0.3105
7657.7285 0.3102
7659.4941 0.3098
7661.2563 0.3097
7663.0186 0.3098
7664.7856 0.3097
7666.5493 0.3096
7668.3169 0.3093
7670.0811 0.3091
7671.8496 0.3089
7673.6147 0.3085
7675.3799 0.3082
7677.1499 0.3083
7678.9160 0.3083
7680.6870 0.3083
7682.4536 0.3082
7684.2251 0.3080
7685.9932 0.3078
7687.7612 0.3076
7689.5342 0.3075
7691.3027 0.3074
7693.0767 0.3071
7694.8462 0.3069
7696.6206 0.3067
7698.3911 0.3067
7700.1621 0.3065
7701.9380 0.3063
7703.7100 0.3062
7705.4863 0.3061
7707.2588 0.3059
7709.0361 0.3052
7710.8096 0.3050
7712.5879 0.3051
7714.3618 0.3051
7716.1367 0.3049
7717.9160 0.3046
7719.6914 0.3045
7721.4717 0.3045
7723.2480 0.3045
7725.0288 0.3044
7726.8062 0.3041
7728.5835 0.3038
7730.3657 0.3034
7732.1440 0.3033
7733.9272 0.3031
7735.7065 0.3027
7737.4902 0.3021
7739.2700 0.3018
7741.0508 0.3016
7742.8354 0.3014
7744.6167 0.3011
7746.4028 0.3011
7748.1851 0.3013
7749.9717 0.3011
7751.7544 0.3009
7753.5376 0.3009
7755.3257 0.3010
7757.1099 0.3011
7758.8984 0.3010
7760.6836 0.3008
7762.4731 0.3006
7764.2588 0.3004
7766.0449 0.3003
7767.8359 0.3004
7769.6226 0.3005
7771.4146 0.3006
7773.2021 0.3007
7774.9946 0.3003
7776.7832 0.2998
7778.5723 0.2997
7780.3662 0.2999
7782.1558 0.2995
7783.9507 0.2990
7785.7412 0.2987
7787.5366 0.2983
7789.3281 0.2926
7791.1201 0.2793
7792.9165 0.2689
7794.7095 0.2694
7796.5068 0.2813
7798.3003 0.2906
7800.0986 0.2941
7801.8931 0.2969
7803.6880 0.2980
7805.4873 0.2985
7807.2832 0.2988
7809.0835 0.2988
7810.8799 0.2985
7812.6812 0.2983
7814.4785 0.2985
7816.2759 0.2981
7818.0786 0.2964
7819.8770 0.2948
7821.6802 0.2953
7823.4795 0.2975
7825.2837 0.2974
7827.0840 0.2978
7828.8843 0.2979
7830.6899 0.2968
7832.4912 0.2963
7834.2974 0.2977
7836.0996 0.2983
7837.9067 0.2977
7839.7100 0.2974
7841.5132 0.2970
7843.3213 0.2959
7845.1260 0.2938
7846.9351 0.2916
7848.7402 0.2928
7850.5498 0.2941
7852.3560 0.2944
7854.1665 0.2945
7855.9736 0.2951
7857.7808 0.2950
7859.5928 0.2944
7861.4009 0.2942
7863.2139 0.2940
7865.0225 0.2936
7866.8364 0.2933
7868.6460 0.2930
7870.4561 0.2925
7872.2710 0.2919
7874.0820 0.2914
7875.8979 0.2911
7877.7100 0.2907
7879.5264 0.2901
7881.3389 0.2899
7883.1519 0.2884
7884.9697 0.2833
7886.7837 0.2787
7888.6025 0.2812
7890.4175 0.2877
7892.2368 0.2892
7894.0522 0.2883
7895.8687 0.2849
7897.6890 0.2835
7899.5059 0.2872
7901.3276 0.2879
7903.1455 0.2879
7904.9678 0.2878
7906.7861 0.2869
7908.6055 0.2858
7910.4292 0.2861
7912.2485 0.2863
7914.0732 0.2844
7915.8940 0.2812
7917.7192 0.2826
7919.5405 0.2863
7921.3628 0.2862
7923.1895 0.2853
7925.0122 0.2857
7926.8394 0.2858
7928.6631 0.2851
7930.4912 0.2843
7932.3159 0.2841
7934.1406 0.2835
7935.9702 0.2829
7937.7959 0.2827
7939.6265 0.2822
7941.4526 0.2813
7943.2842 0.2810
7945.1113 0.2817
7946.9390 0.2819
7948.7720 0.2813
7950.6006 0.2810
7952.4336 0.2800
7954.2632 0.2762
7956.0977 0.2700
7957.9277 0.2670
7959.7583 0.2687
7961.5938 0.2726
7963.4253 0.2761
7965.2617 0.2774
7967.0942 0.2766
7968.9316 0.2764
7970.7646 0.2771
7972.5981 0.2780
7974.4370 0.2788
7976.2715 0.2791
7978.1108 0.2787
7979.9458 0.2785
7981.7861 0.2785
7983.6226 0.2782
7985.4590 0.2781
7987.3003 0.2787
7989.1377 0.2784
7990.9800 0.2778
7992.8184 0.2772
7994.6616 0.2766
7996.5005 0.2764
7998.3447 0.2770
8000.1846 0.2772
8002.0249 0.2771
8003.8706 0.2771
8005.7114 0.2772
8007.5576 0.2773
8009.3999 0.2772
8011.2471 0.2768
8013.0898 0.2755
8014.9331 0.2744
8016.7812 0.2743
8018.6255 0.2747
8020.4746 0.2748
8022.3198 0.2746
8024.1699 0.2742
8026.0156 0.2743
8027.8623 0.2745
8029.7134 0.2742
8031.5605 0.2737
8033.4126 0.2731
8035.2607 0.2727
8037.1138 0.2727
8038.9624 0.2726
8040.8120 0.2725
8042.6660 0.2723
8044.5161 0.2716
8046.3711 0.2721
8048.2222 0.2726
8050.0781 0.2727
8051.9302 0.2727
8053.7827 0.2725
8055.6396 0.2717
8057.4927 0.2712
8059.3511 0.2712
8061.2051 0.2714
8063.0640 0.2714
8064.9189 0.2710
8066.7739 0.2709
8068.6343 0.2708
8070.4902 0.2705
8072.3516 0.2707
8074.2085 0.2706
8076.0703 0.2697
8077.9282 0.2694
8079.7866 0.2697
8081.6499 0.2696
8083.5088 0.2694
8085.3730 0.2692
8087.2329 0.2693
8089.0981 0.2697
8090.9590 0.2695
8092.8203 0.2695
8094.6865 0.2693
8096.5483 0.2688
8098.4155 0.2683
8100.2788 0.2682
8102.1465 0.2680
8104.0103 0.2678
8105.8745 0.2676
8107.7441 0.2673
8109.6089 0.2669
8111.4790 0.2665
8113.3452 0.2665
8115.2163 0.2662
8117.0830 0.2659
8118.9502 0.2657
8120.8228 0.2657
8122.6909 0.2655
8124.5640 0.2655
8126.4326 0.2652
8128.3066 0.2650
8130.1768 0.2648
8132.0513 0.2647
8133.9224 0.2646
8135.7935 0.2644
8137.6694 0.2641
8139.5415 0.2639
8141.4185 0.2637
8143.2915 0.2636
8145.1694 0.2635
8147.0430 0.2631
8148.9175 0.2629
8150.7964 0.2627
8152.6714 0.2626
8154.5513 0.2624
8156.4272 0.2623
8158.3081 0.2620
8160.1851 0.2617
8162.0625 0.2615
8163.9443 0.2614
8165.8228 0.2613
8167.7056 0.2611
8169.5845 0.2607
8171.4683 0.2605
8173.3481 0.2603
8175.2285 0.2601
8177.1138 0.2598
8178.9951 0.2596
8180.8809 0.2594
8182.7632 0.2592
8184.6499 0.2591
8186.5327 0.2589
8188.4160 0.2588
8190.3042 0.2585
8192.1885 0.2582
8194.0771 0.2580
8195.9629 0.2579
8197.8525 0.2578
8199.7383 0.2576
8201.6250 0.2573
8203.5156 0.2569
8205.4033 0.2566
8207.2959 0.2562
8209.1836 0.2560
8211.0762 0.2562
8212.9658 0.2560
8214.8545 0.2556
8216.7490 0.2556
8218.6396 0.2556
8220.5342 0.2553
8222.4258 0.2549
8224.3223 0.2548
8226.2139 0.2547
8228.1064 0.2546
8230.0039 0.2544
8231.8965 0.2538
8233.7949 0.2521
8235.6895 0.2507
8237.5889 0.2519
8239.4834 0.2529
8241.3789 0.2527
8243.2793 0.2521
8245.1758 0.2523
8247.0771 0.2527
8248.9746 0.2520
8250.8770 0.2518
8252.7744 0.2513
8254.6729 0.2502
8256.5771 0.2498
8258.4766 0.2509
8260.3809 0.2510
8262.2812 0.2503
8264.1865 0.2504
8266.0869 0.2507
8267.9893 0.2498
8269.8955 0.2486
8271.7979 0.2496
8273.7051 0.2499
8275.6084 0.2497
8277.5166 0.2496
8279.4209 0.2493
8281.3301 0.2492
8283.2354 0.2491
8285.1416 0.2487
8287.0518 0.2487
8288.9580 0.2487
8290.8691 0.2484
8292.7773 0.2482
8294.6895 0.2480
8296.5977 0.2478
8298.5059 0.2477
8300.4199 0.2473
8302.3291 0.2464
8304.2432 0.2464
8306.1543 0.2453
8308.0693 0.2449
8309.9805 0.2457
8311.8926 0.2459
8313.8086 0.2451
8315.7217 0.2468
8317.6396 0.2457
8319.5527 0.2437
8321.4707 0.2446
8323.3857 0.2461
8325.2998 0.2438
8327.2197 0.2417
8329.1357 0.2447
8331.0566 0.2468
8332.9727 0.2435
8334.8945 0.2391
8336.8115 0.2403
8338.7295 0.2451
8340.6523 0.2452
8342.5713 0.2401
8344.4951 0.2373
8346.4150 0.2403
8348.3398 0.2452
8350.2598 0.2455
8352.1807 0.2406
8354.1074 0.2337
8356.0293 0.2345
8357.9561 0.2413
8359.8789 0.2449
8361.8066 0.2445
8363.7295 0.2399
8365.6543 0.2317
8367.5830 0.2315
8369.5078 0.2392
8371.4375 0.2446
8373.3643 0.2458
8375.2949 0.2445
8377.2217 0.2376
8379.1484 0.2297
8381.0811 0.2290
8383.0088 0.2373
8384.9424 0.2425
8386.8711 0.2441
8388.8047 0.2443
8390.7344 0.2420
8392.6650 0.2352
8394.6006 0.2261
8396.5312 0.2251
8398.4678 0.2349
8400.3994 0.2407
8402.3369 0.2425
8404.2695 0.2431
8406.2031 0.2423
8408.1416 0.2402
8410.0762 0.2353
8412.0156 0.2239
8413.9502 0.2202
8415.8906 0.2273
8417.8271 0.2348
8419.7637 0.2385
8421.7051 0.2404
8423.6426 0.2415
8425.5850 0.2406
8427.5234 0.2376
8429.4668 0.2336
8431.4053 0.2281
8433.3496 0.2176
8435.2900 0.2186
8437.2305 0.2270
8439.1758 0.2338
8441.1172 0.2366
8443.0645 0.2389
8445.0059 0.2400
8446.9541 0.2403
8448.8965 0.2399
8450.8408 0.2384
8452.7891 0.2360
8454.7344 0.2330
8456.6836 0.2247
8458.6289 0.2135
8460.5791 0.2147
8462.5254 0.2263
8464.4727 0.2296
8466.4248 0.2165
8468.3721 0.2129
8470.3252 0.2283
8472.2734 0.2378
8474.2275 0.2360
8476.1768 0.2367
8478.1270 0.2364
8480.0820 0.2356
8482.0322 0.2329
8483.9883 0.2289
8485.9404 0.2211
8487.8975 0.2110
8489.8496 0.2131
8491.8027 0.2250
8493.7607 0.2314
8495.7148 0.2337
8497.6738 0.2351
8499.6289 0.2350
8501.5889 0.2344
8503.5449 0.2342
8505.5010 0.2344
8507.4619 0.2338
8509.4199 0.2325
8511.3818 0.2316
8513.3398 0.2313
8515.3027 0.2317
8517.2617 0.2226
8519.2217 0.2146
8521.1855 0.2109
8523.1465 0.2062
8525.1113 0.2066
8527.0723 0.2188
8529.0391 0.2252
8531.0010 0.2277
8532.9639 0.2291
8534.9316 0.2280
8536.8945 0.2288
8538.8633 0.2307
8540.8281 0.2304
8542.7969 0.2295
8544.7627 0.2295
8546.7285 0.2301
8548.6992 0.2304
8550.6660 0.2301
8552.6377 0.2297
8554.6045 0.2291
8556.5771 0.2279
8558.5459 0.2253
8560.5146 0.2207
8562.4893 0.2031
8564.4590 0.1954
8566.4336 0.1965
8568.4043 0.2034
8570.3799 0.2151
8572.3516 0.2208
8574.3242 0.2232
8576.3008 0.2236
8578.2744 0.2236
8580.2520 0.2239
8582.2256 0.2243
8584.2051 0.2241
8586.1797 0.2243
8588.1602 0.2223
8590.1357 0.2218
8592.1113 0.2229
8594.0928 0.2227
8596.0703 0.2223
8598.0527 0.2223
8600.0303 0.2223
8602.0137 0.2224
8603.9922 0.2226
8605.9717 0.2221
8607.9561 0.2214
8609.9365 0.2209
8611.9219 0.2199
8613.9033 0.2160
8615.8896 0.2100
8617.8711 0.2027
8619.8535 0.1934
8621.8418 0.2011
8623.8252 0.2114
8625.8135 0.2171
8627.7979 0.2189
8629.7881 0.2194
8631.7725 0.2195
8633.7588 0.2189
8635.7500 0.2186
8637.7363 0.2183
8639.7285 0.2172
8641.7158 0.2152
8643.7080 0.2144
8645.6973 0.2157
8647.6855 0.2161
8649.6797 0.2130
8651.6699 0.2114
8653.6650 0.2157
8655.6553 0.2168
8657.6514 0.2169
8659.6436 0.2165
8661.6357 0.2162
8663.6328 0.2158
8665.6260 0.2152
8667.6240 0.2149
8669.6182 0.2150
8671.6172 0.2148
8673.6123 0.2142
8675.6074 0.2128
8677.6084 0.2113
8679.6045 0.2119
8681.6055 0.2035
8683.6025 0.1897
8685.6055 0.1829
8687.6035 0.1883
8689.6025 0.2003
8691.6055 0.2089
8693.6055 0.2118
8695.6104 0.2129
8697.6104 0.2140
8699.6162 0.2102
8701.6172 0.1997
8703.6191 0.1966
8705.6260 0.1984
8707.6289 0.2025
8709.6367 0.2086
8711.6406 0.2134
8713.6494 0.2136
8715.6543 0.2132
8717.6592 0.2127
8719.6699 0.2125
8721.6758 0.2113
8723.6865 0.2075
8725.6934 0.2039
8727.7061 0.2090
8729.7129 0.2122
8731.7217 0.2070
8733.7354 0.2039
8735.7441 0.2078
8737.7588 0.2108
8739.7686 0.2051
8741.7842 0.2044
8743.7949 0.2082
8745.8115 0.2100
8747.8232 0.2087
8749.8359 0.2073
8751.8535 0.2064
8753.8672 0.2079
8755.8857 0.2081
8757.9004 0.2077
8759.9199 0.2073
8761.9346 0.2067
8763.9502 0.2061
8765.9717 0.2042
8767.9883 0.2010
8770.0098 0.1903
8772.0273 0.1796
8774.0498 0.1835
8776.0684 0.1973
8778.0879 0.2024
8780.1113 0.2047
8782.1318 0.2060
8784.1562 0.2060
8786.1777 0.2056
8788.2031 0.2057
8790.2256 0.2053
8792.2471 0.2046
8794.2754 0.2041
8796.2979 0.2037
8798.3262 0.2036
8800.3506 0.2032
8802.3799 0.2023
8804.4053 0.2020
8806.4307 0.2022
8808.4609 0.2025
8810.4873 0.2026
8812.5195 0.2024
8814.5459 0.2023
8816.5791 0.2022
8818.6074 0.2020
8820.6357 0.2017
8822.6699 0.2012
8824.6992 0.2008
8826.7344 0.1998
8828.7646 0.1993
8830.8008 0.1993
8832.8330 0.1990
8834.8643 0.1982
8836.9014 0.1980
8838.9346 0.1986
8840.9727 0.1978
8843.0068 0.1967
8845.0459 0.1966
8847.0811 0.1974
8849.1162 0.1974
8851.1562 0.1978
8853.1924 0.1973
8855.2344 0.1966
8857.2715 0.1962
8859.3145 0.1959
8861.3516 0.1957
8863.3906 0.1955
8865.4346 0.1951
8867.4736 0.1945
8869.5186 0.1935
8871.5596 0.1923
8873.6045 0.1912
8875.6465 0.1889
8877.6885 0.1863
8879.7354 0.1828
8881.7783 0.1762
8883.8262 0.1673
8885.8701 0.1648
8887.9189 0.1729
8889.9639 0.1786
8892.0088 0.1816
8894.0596 0.1840
8896.1055 0.1856
8898.1562 0.1871
8900.2041 0.1882
8902.2559 0.1886
8904.3037 0.1891
8906.3574 0.1898
8908.4062 0.1903
8910.4561 0.1905
8912.5107 0.1905
8914.5605 0.1905
8916.6162 0.1905
8918.6680 0.1905
8920.7246 0.1906
8922.7764 0.1906
8924.8291 0.1904
8926.8867 0.1902
8928.9404 0.1900
8931.0000 0.1897
8933.0547 0.1890
8935.1143 0.1883
8937.1699 0.1890
8939.2256 0.1891
8941.2871 0.1887
8943.3438 0.1886
8945.4062 0.1884
8947.4639 0.1879
8949.5273 0.1873
8951.5859 0.1875
8953.6455 0.1876
8955.7100 0.1871
8957.7705 0.1866
8959.8359 0.1864
8961.8975 0.1864
8963.9639 0.1862
8966.0264 0.1859
8968.0889 0.1856
8970.1572 0.1851
8972.2207 0.1849
8974.2891 0.1846
8976.3535 0.1844
8978.4238 0.1840
8980.4893 0.1837
8982.5557 0.1834
8984.6270 0.1832
8986.6934 0.1828
8988.7656 0.1824
8990.8340 0.1821
8992.9072 0.1818
8994.9756 0.1814
8997.0449 0.1810
8999.1201 0.1806
9001.1904 0.1800
9003.2656 0.1793
9005.3369 0.1789
9007.4131 0.1786
9009.4854 0.1780
9011.5586 0.1770
9013.6357 0.1762
9015.7100 0.1754
9017.7891 0.1744
9019.8633 0.1730
9021.9434 0.1713
9024.0186 0.1693
9026.0947 0.1668
9028.1758 0.1636
9030.2529 0.1599
9032.3350 0.1555
9034.4131 0.1505
9036.4971 0.1446
9038.5752 0.1444
9040.6543 0.1487
9042.7393 0.1536
9044.8193 0.1574
9046.9053 0.1607
9048.9863 0.1632
9051.0732 0.1652
9053.1553 0.1668
9055.2383 0.1680
9057.3262 0.1688
9059.4102 0.1694
9061.4990 0.1698
9063.5840 0.1701
9065.6738 0.1701
9067.7588 0.1699
9069.8506 0.1697
9071.9365 0.1699
9074.0234 0.1700
9076.1162 0.1701
9078.2041 0.1700
9080.2979 0.1697
9082.3867 0.1690
9084.4805 0.1669
9086.5703 0.1674
9088.6611 0.1685
9090.7568 0.1688
9092.8486 0.1684
9094.9453 0.1681
9097.0371 0.1675
9099.1348 0.1647
9101.2285 0.1645
9103.3223 0.1662
9105.4209 0.1672
9107.5156 0.1666
9109.6162 0.1658
9111.7119 0.1648
9113.8125 0.1655
9115.9092 0.1644
9118.0068 0.1625
9120.1094 0.1641
9122.2070 0.1649
9124.3105 0.1642
9126.4102 0.1638
9128.5146 0.1638
9130.6143 0.1635
9132.7148 0.1630
9134.8213 0.1620
9136.9219 0.1625
9139.0293 0.1624
9141.1318 0.1621
9143.2393 0.1613
9145.3428 0.1599
9147.4473 0.1601
9149.5566 0.1608
9151.6611 0.1608
9153.7715 0.1594
9155.8770 0.1583
9157.9883 0.1593
9160.0957 0.1595
9162.2031 0.1592
9164.3154 0.1590
9166.4238 0.1586
9168.5371 0.1582
9170.6465 0.1579
9172.7617 0.1576
9174.8711 0.1574
9176.9824 0.1569
9179.0986 0.1563
9181.2100 0.1560
9183.3271 0.1558
9185.4395 0.1558
9187.5576 0.1556
9189.6719 0.1553
9191.7852 0.1548
9193.9053 0.1544
9196.0205 0.1540
9198.1406 0.1525
9200.2568 0.1517
9202.3789 0.1516
9204.4951 0.1521
9206.6133 0.1522
9208.7363 0.1511
9210.8545 0.1499
9212.9785 0.1508
9215.0977 0.1507
9217.2227 0.1501
9219.3428 0.1497
9221.4639 0.1491
9223.5908 0.1484
9225.7129 0.1477
9227.8398 0.1469
9229.9629 0.1459
9232.0908 0.1447
9234.2148 0.1430
9236.3447 0.1406
9238.4688 0.1393
9240.5947 0.1352
9242.7256 0.1323
9244.8516 0.1310
9246.9834 0.1270
9249.1104 0.1222
9251.2432 0.1167
9253.3721 0.1169
9255.5010 0.1211
9257.6348 0.1255
9259.7646 0.1289
9261.8994 0.1316
9264.0303 0.1345
9266.1670 0.1339
9268.2988 0.1346
9270.4307 0.1377
9272.5684 0.1391
9274.7012 0.1396
9276.8398 0.1398
9278.9746 0.1402
9281.1143 0.1399
9283.2490 0.1379
9285.3848 0.1349
9287.5264 0.1357
9289.6621 0.1365
9291.8047 0.1386
9293.9424 0.1394
9296.0850 0.1386
9298.2236 0.1393
9300.3633 0.1393
9302.5078 0.1390
9304.6475 0.1387
9306.7930 0.1384
9308.9346 0.1380
9311.0811 0.1376
9313.2227 0.1372
9315.3652 0.1370
9317.5137 0.1368
9319.6572 0.1364
9321.8057 0.1361
9323.9502 0.1361
9326.1006 0.1358
9328.2461 0.1355
9330.3916 0.1353
9332.5439 0.1350
9334.6904 0.1345
9336.8428 0.1342
9338.9912 0.1339
9341.1445 0.1337
9343.2939 0.1334
9345.4434 0.1331
9347.5977 0.1327
9349.7480 0.1321
9351.9043 0.1314
9354.0557 0.1315
9356.2129 0.1314
9358.3652 0.1312
9360.5186 0.1310
9362.6768 0.1305
9364.8301 0.1301
9366.9902 0.1301
9369.1445 0.1297
9371.3057 0.1292
9373.4609 0.1290
9375.6172 0.1287
9377.7793 0.1285
9379.9365 0.1282
9382.0996 0.1279
9384.2578 0.1275
9386.4219 0.1271
9388.5820 0.1267
9390.7461 0.1265
9392.9072 0.1262
9395.0674 0.1260
9397.2344 0.1257
9399.3965 0.1252
9401.5635 0.1247
9403.7266 0.1244
9405.8945 0.1242
9408.0586 0.1239
9410.2227 0.1235
9412.3926 0.1233
9414.5586 0.1225
9416.7295 0.1210
9418.8955 0.1218
9421.0674 0.1220
9423.2344 0.1216
9425.4023 0.1214
9427.5762 0.1205
9429.7451 0.1187
9431.9189 0.1200
9434.0889 0.1191
9436.2646 0.1177
9438.4355 0.1181
9440.6064 0.1191
9442.7832 0.1188
9444.9561 0.1185
9447.1338 0.1182
9449.3076 0.1177
9451.4863 0.1173
9453.6602 0.1171
9455.8350 0.1168
9458.0156 0.1165
9460.1914 0.1160
9462.3730 0.1157
9464.5498 0.1155
9466.7324 0.1150
9468.9102 0.1147
9471.0889 0.1143
9473.2725 0.1142
9475.4521 0.1140
9477.6367 0.1136
9479.8174 0.1131
9482.0029 0.1126
9484.1846 0.1124
9486.3662 0.1119
9488.5537 0.1116
9490.7363 0.1114
9492.9258 0.1113
9495.1094 0.1107
9497.2988 0.1104
9499.4834 0.1101
9501.6689 0.1098
9503.8604 0.1094
9506.0459 0.1086
9508.2383 0.1081
9510.4258 0.1082
9512.6191 0.1080
9514.8076 0.1076
9516.9961 0.1072
9519.1904 0.1067
9521.3809 0.1064
9523.5762 0.1059
9525.7666 0.1055
9527.9639 0.1051
9530.1553 0.1047
9532.3477 0.1042
9534.5459 0.1037
9536.7393 0.1032
9538.9385 0.1026
9541.1328 0.1020
9543.3330 0.1013
9545.5283 0.1005
9547.7246 0.0996
9549.9268 0.0985
9552.1230 0.0973
9554.3262 0.0956
9556.5234 0.0937
9558.7275 0.0914
9560.9268 0.0888
9563.1309 0.0855
9565.3311 0.0817
9567.5322 0.0766
9569.7383 0.0728
9571.9395 0.0745
9574.1465 0.0791
9576.3496 0.0825
9578.5576 0.0853
9580.7607 0.0876
9582.9648 0.0892
9585.1748 0.0905
9587.3799 0.0914
9589.5908 0.0921
9591.7969 0.0926
9594.0088 0.0929
9596.2158 0.0930
9598.4238 0.0930
9600.6367 0.0930
9602.8457 0.0929
9605.0596 0.0929
9607.2695 0.0927
9609.4854 0.0924
9611.6953 0.0922
9613.9062 0.0919
9616.1240 0.0916
9618.3359 0.0913
9620.5537 0.0911
9622.7666 0.0908
9624.9863 0.0903
9627.2002 0.0894
9629.4150 0.0896
9631.6357 0.0896
9633.8516 0.0892
9636.0723 0.0890
9638.2891 0.0888
9640.5117 0.0885
9642.7295 0.0879
9644.9482 0.0875
9647.1719 0.0874
9649.3916 0.0872
9651.6172 0.0867
9653.8369 0.0855
9656.0635 0.0836
9658.2842 0.0845
9660.5068 0.0855
9662.7344 0.0851
9664.9570 0.0849
9667.1855 0.0845
9669.4102 0.0843
9671.6396 0.0838
9673.8643 0.0833
9676.0898 0.0829
9678.3213 0.0826
9680.5479 0.0815
9682.7803 0.0804
9685.0078 0.0810
9687.2412 0.0816
9689.4697 0.0811
9691.6982 0.0807
9693.9336 0.0801
9696.1631 0.0797
9698.3994 0.0795
9700.6299 0.0792
9702.8672 0.0788
9705.0996 0.0784
9707.3320 0.0782
9709.5703 0.0779
9711.8047 0.0774
9714.0439 0.0769
9716.2783 0.0765
9718.5186 0.0763
9720.7549 0.0761
9722.9912 0.0758
9725.2334 0.0755
9727.4707 0.0751
9729.7139 0.0747
9731.9521 0.0741
9734.1963 0.0738
9736.4355 0.0735
9738.6807 0.0732
9740.9209 0.0729
9743.1621 0.0726
9745.4082 0.0723
9747.6504 0.0719
9749.8984 0.0714
9752.1416 0.0708
9754.3896 0.0705
9756.6338 0.0703
9758.8789 0.0700
9761.1289 0.0697
9763.3740 0.0693
9765.6260 0.0689
9767.8721 0.0684
9770.1250 0.0680
9772.3721 0.0677
9774.6201 0.0674
9776.8750 0.0671
9779.1240 0.0668
9781.3789 0.0665
9783.6289 0.0662
9785.8848 0.0658
9788.1367 0.0653
9790.3877 0.0648
9792.6455 0.0644
9794.8984 0.0641
9797.1572 0.0638
9799.4111 0.0635
9801.6709 0.0632
9803.9258 0.0629
9806.1807 0.0625
9808.4424 0.0620
9810.6982 0.0615
9812.9609 0.0612
9815.2188 0.0609
9817.4814 0.0606
9819.7402 0.0602
9821.9990 0.0599
9824.2646 0.0594
9826.5244 0.0589
9828.7900 0.0585
9831.0518 0.0582
9833.3184 0.0578
9835.5801 0.0574
9837.8428 0.0570
9840.1113 0.0568
9842.3750 0.0566
9844.6455 0.0560
9846.9102 0.0555
9849.1807 0.0548
9851.4463 0.0543
9853.7129 0.0545
9855.9844 0.0543
9858.2520 0.0538
9860.5254 0.0535
9862.7939 0.0531
9865.0684 0.0526
9867.3379 0.0521
9869.6074 0.0518
9871.8838 0.0516
9874.1543 0.0512
9876.4316 0.0508
9878.7031 0.0505
9880.9814 0.0502
9883.2549 0.0496
9885.5283 0.0491
9887.8076 0.0488
9890.0830 0.0485
9892.3633 0.0481
9894.6387 0.0478
9896.9209 0.0475
9899.1973 0.0472
9901.4746 0.0469
9903.7578 0.0464
9906.0361 0.0458
9908.3203 0.0454
9910.5996 0.0452
9912.8857 0.0443
9915.1660 0.0431
9917.4521 0.0431
9919.7334 0.0438
9922.0156 0.0434
9924.3037 0.0429
9926.5869 0.0424
9928.8760 0.0420
9931.1602 0.0417
9933.4502 0.0414
9935.7354 0.0410
9938.0205 0.0407
9940.3125 0.0403
9942.5996 0.0399
9944.8926 0.0395
9947.1797 0.0389
9949.4736 0.0386
9951.7627 0.0383
9954.0518 0.0378
9956.3477 0.0374
9958.6377 0.0371
9960.9346 0.0369
9963.2256 0.0363
9965.5234 0.0357
9967.8154 0.0353
9970.1094 0.0351
9972.4082 0.0348
9974.7021 0.0344
9977.0020 0.0341
9979.2979 0.0337
9981.5986 0.0331
9983.8945 0.0326
9986.1914 0.0323
9988.4941 0.0320
9990.7920 0.0316
9993.0967 0.0313
9995.3955 0.0309
9997.7002 0.0306
10000.0000 0.0301
10002.3057 0.0295
10004.6016 0.0291
10006.9082 0.0288
10009.2158 0.0284
10011.5244 0.0281
10013.8223 0.0277
10016.1309 0.0271
10018.4404 0.0266
10020.7402 0.0258
10023.0508 0.0250
10025.3623 0.0251
10027.6738 0.0250
10029.9756 0.0244
10032.2881 0.0241
10034.6016 0.0235
10036.9043 0.0230
10039.2188 0.0224
10041.5342 0.0219
10043.8496 0.0212
10046.1543 0.0205
10048.4707 0.0198
10050.7881 0.0189
10053.0947 0.0180
10055.4131 0.0168
10057.7324 0.0156
10060.0508 0.0140
10062.3604 0.0122
10064.6807 0.0101
10067.0010 0.0074
10069.3115 0.0043
10071.6338 0.0003
10073.9561 -0.0039
10076.2793 -0.0034
10078.5918 0.0005
10080.9160 0.0033
10083.2402 0.0052
10085.5547 0.0070
10087.8799 0.0082
10090.2061 0.0091
10092.5332 0.0099
10094.8496 0.0103
10097.1777 0.0105
10099.5059 0.0106
10101.8232 0.0104
10104.1533 0.0105
10106.4834 0.0105
10108.8135 0.0102
10111.1338 0.0101
10113.4648 0.0099
10115.7969 0.0087
10118.1191 0.0074
10120.4521 0.0086
10122.7861 0.0087
10125.1201 0.0081
10127.4434 0.0079
10129.7793 0.0074
10132.1152 0.0065
10134.4404 0.0059
10136.7773 0.0053
10139.1152 0.0052
10141.4531 0.0054
10143.7803 0.0053
10146.1191 0.0049
10148.4590 0.0037
10150.7881 0.0036
10153.1289 0.0037
10155.4707 0.0032
10157.8125 0.0027
10160.1436 0.0023
10162.4863 0.0020
10164.8301 0.0016
10167.1621 0.0013
10169.5068 0.0009
10171.8525 0.0005
10174.1973 0.0001
10176.5322 -0.0002
10178.8789 -0.0006
10181.2266 -0.0011
10183.5742 -0.0017
10185.9111 -0.0021
10188.2607 -0.0026
10190.6094 -0.0030
10192.9482 -0.0033
10195.2988 -0.0036
10197.6504 -0.0040
10200.0020 -0.0045
10202.3428 -0.0047
10204.6953 -0.0051
10207.0479 -0.0057
10209.3906 -0.0063
10211.7451 -0.0067
10214.0996 -0.0071
10216.4551 -0.0074
10218.7998 -0.0078
10221.1562 -0.0081
10223.5137 -0.0085
10225.8594 -0.0089
10228.2178 -0.0093
10230.5762 -0.0098
10232.9355 -0.0104
10235.2842 -0.0109
10237.6436 -0.0112
10240.0049 -0.0116
10242.3545 -0.0120
10244.7168 -0.0123
10247.0791 -0.0127
10249.4424 -0.0131
10251.7939 -0.0135
10254.1582 -0.0141
10256.5234 -0.0147
10258.8770 -0.0151
10261.2422 -0.0154
10263.6084 -0.0158
10265.9756 -0.0162
10268.3311 -0.0166
10270.6992 -0.0171
10273.0674 -0.0174
10275.4258 -0.0177
10277.7949 -0.0182
10280.1650 -0.0189
10282.5352 -0.0193
10284.8955 -0.0197
10287.2666 -0.0201
10289.6396 -0.0205
10292.0010 -0.0208
10294.3740 -0.0212
10296.7480 -0.0216
10299.1221 -0.0220
10301.4863 -0.0224
10303.8613 -0.0231
10306.2373 -0.0236
10308.6025 -0.0240
10310.9795 -0.0244
10313.3574 -0.0248
10315.7363 -0.0252
10318.1035 -0.0255
10320.4824 -0.0259
10322.8623 -0.0263
10325.2314 -0.0267
10327.6123 -0.0274
10329.9941 -0.0279
10332.3760 -0.0283
10334.7471 -0.0287
10337.1309 -0.0291
10339.5146 -0.0295
10341.8877 -0.0299
10344.2725 -0.0303
10346.6572 -0.0307
10349.0430 -0.0311
10351.4189 -0.0316
10353.8057 -0.0322
10356.1934 -0.0329
