3567.7969 -0.1634
3568.6177 -0.1591
3569.4385 -0.1554
3570.2617 -0.1535
3571.0830 -0.1532
3571.9065 -0.1537
3572.7283 -0.1544
3573.5520 -0.1546
3574.3740 -0.1540
3575.1963 -0.1536
3576.0208 -0.1556
3576.8435 -0.1604
3577.6682 -0.1641
3578.4915 -0.1628
3579.3167 -0.1566
3580.1399 -0.1497
3580.9636 -0.1465
3581.7893 -0.1456
3582.6133 -0.1442
3583.4395 -0.1421
3584.2639 -0.1417
3585.0903 -0.1465
3585.9150 -0.1547
3586.7400 -0.1592
3587.5671 -0.1561
3588.3923 -0.1480
3589.2200 -0.1405
3590.0457 -0.1372
3590.8735 -0.1363
3591.6995 -0.1354
3592.5259 -0.1344
3593.3542 -0.1332
3594.1809 -0.1314
3595.0098 -0.1285
3595.8367 -0.1261
3596.6660 -0.1251
3597.4934 -0.1244
3598.3208 -0.1223
3599.1506 -0.1192
3599.9788 -0.1164
3600.8088 -0.1148
3601.6372 -0.1145
3602.4678 -0.1162
3603.2964 -0.1202
3604.1252 -0.1255
3604.9565 -0.1287
3605.7859 -0.1257
3606.6172 -0.1190
3607.4470 -0.1131
3608.2788 -0.1104
3609.1089 -0.1110
3609.9392 -0.1123
3610.7717 -0.1117
3611.6023 -0.1096
3612.4351 -0.1090
3613.2661 -0.1117
3614.0994 -0.1167
3614.9307 -0.1201
3615.7625 -0.1175
3616.5962 -0.1103
3617.4282 -0.1028
3618.2625 -0.0980
3619.0947 -0.0966
3619.9292 -0.0974
3620.7620 -0.0992
3621.5969 -0.1013
3622.4302 -0.1018
3623.2634 -0.0993
3624.0989 -0.0957
3624.9326 -0.0941
3625.7686 -0.0944
3626.6028 -0.0924
3627.4390 -0.0879
3628.2734 -0.0831
3629.1082 -0.0802
3629.9451 -0.0806
3630.7800 -0.0852
3631.6174 -0.0930
3632.4529 -0.0989
3633.2903 -0.0976
3634.1262 -0.0896
3634.9622 -0.0804
3635.8005 -0.0744
3636.6370 -0.0703
3637.4756 -0.0673
3638.3123 -0.0649
3639.1514 -0.0629
3639.9885 -0.0619
3640.8259 -0.0632
3641.6653 -0.0664
3642.5032 -0.0693
3643.3430 -0.0696
3644.1812 -0.0668
3645.0215 -0.0622
3645.8601 -0.0581
3646.6990 -0.0552
3647.5398 -0.0535
3648.3789 -0.0527
3649.2202 -0.0520
3650.0596 -0.0510
3650.9014 -0.0500
3651.7412 -0.0490
3652.5813 -0.0472
3653.4236 -0.0446
3654.2642 -0.0417
3655.1067 -0.0391
3655.9475 -0.0371
3656.7908 -0.0357
3657.6318 -0.0351
3658.4734 -0.0353
3659.3169 -0.0360
3660.1587 -0.0367
3661.0029 -0.0364
3661.8450 -0.0351
3662.6895 -0.0337
3663.5320 -0.0321
3664.3748 -0.0302
3665.2197 -0.0280
3666.0630 -0.0251
3666.9084 -0.0208
3667.7520 -0.0151
3668.5977 -0.0092
3669.4417 -0.0039
3670.2859 0.0001
3671.1321 0.0036
3671.9768 0.0078
3672.8235 0.0130
3673.6685 0.0179
3674.5156 0.0219
3675.3608 0.0254
3676.2063 0.0269
3677.0542 0.0201
3677.8999 0.0090
3678.7480 0.0024
3679.5945 0.0062
3680.4429 0.0218
3681.2896 0.0471
3682.1365 0.0670
3682.9856 0.0683
3683.8328 0.0574
3684.6824 0.0485
3685.5300 0.0474
3686.3799 0.0417
3687.2278 0.0379
3688.0781 0.0507
3688.9265 0.0855
3689.7751 0.1266
3690.6260 0.1452
3691.4751 0.1277
3692.3264 0.1006
3693.1758 0.0972
3694.0273 0.1254
3694.8772 0.1653
3695.7273 0.1839
3696.5793 0.1673
3697.4299 0.1291
3698.2825 0.1018
3699.1333 0.1118
3699.9863 0.1559
3700.8374 0.2041
3701.6887 0.2282
3702.5425 0.2221
3703.3943 0.1872
3704.2483 0.1380
3705.1003 0.1006
3705.9548 0.0996
3706.8074 0.1307
3707.6599 0.1753
3708.5149 0.2179
3709.3682 0.2440
3710.2234 0.2441
3711.0771 0.2155
3711.9329 0.1639
3712.7866 0.1125
3713.6409 0.0936
3714.4973 0.1182
3715.3518 0.1669
3716.2085 0.2091
3717.0635 0.2423
3717.9204 0.2720
3718.7759 0.2901
3719.6313 0.2876
3720.4890 0.2604
3721.3450 0.2114
3722.2031 0.1553
3723.0593 0.1234
3723.9180 0.1380
3724.7747 0.1885
3725.6316 0.2446
3726.4905 0.2776
3727.3479 0.2879
3728.2073 0.2892
3729.0649 0.2956
3729.9250 0.3098
3730.7830 0.3235
3731.6414 0.3244
3732.5017 0.3057
3733.3604 0.2639
3734.2214 0.2045
3735.0803 0.1495
3735.9417 0.1266
3736.8013 0.1481
3737.6609 0.1853
3738.5227 0.2214
3739.3828 0.2584
3740.2451 0.2942
3741.1055 0.3175
3741.9683 0.3191
3742.8291 0.3126
3743.6899 0.3161
3744.5532 0.3277
3745.4148 0.3344
3746.2786 0.3279
3747.1404 0.3097
3748.0044 0.2843
3748.8667 0.2430
3749.7290 0.1867
3750.5938 0.1367
3751.4565 0.1243
3752.3215 0.1676
3753.1848 0.2397
3754.0503 0.2982
3754.9138 0.3259
3755.7798 0.3316
3756.6438 0.3308
3757.5081 0.3285
3758.3745 0.3110
3759.2390 0.2792
3760.1060 0.2494
3760.9709 0.2353
3761.8381 0.2383
3762.7036 0.2522
3763.5693 0.2759
3764.4370 0.3013
3765.3032 0.3216
3766.1714 0.3367
3767.0378 0.3469
3767.9065 0.3477
3768.7732 0.3297
3769.6401 0.2826
3770.5095 0.2150
3771.3770 0.1618
3772.2466 0.1605
3773.1145 0.2197
3773.9844 0.2934
3774.8528 0.3471
3775.7209 0.3751
3776.5918 0.3871
3777.4604 0.3937
3778.3315 0.4003
3779.2009 0.4040
3780.0723 0.4049
3780.9419 0.4068
3781.8118 0.4094
3782.6838 0.4080
3783.5540 0.3994
3784.4265 0.3921
3785.2971 0.3972
3786.1699 0.4103
3787.0410 0.4202
3787.9121 0.4233
3788.7856 0.4252
3789.6572 0.4305
3790.5310 0.4367
3791.4031 0.4407
3792.2773 0.4412
3793.1499 0.4386
3794.0225 0.4334
3794.8972 0.4234
3795.7703 0.4037
3796.6455 0.3681
3797.5190 0.3109
3798.3948 0.2458
3799.2686 0.2103
3800.1426 0.2409
3801.0188 0.3094
3801.8933 0.3744
3802.7700 0.4172
3803.6448 0.4396
3804.5220 0.4522
3805.3972 0.4588
3806.2727 0.4617
3807.1504 0.4633
3808.0261 0.4652
3808.9043 0.4683
3809.7805 0.4720
3810.6589 0.4749
3811.5356 0.4759
3812.4126 0.4725
3813.2917 0.4610
3814.1689 0.4411
3815.0483 0.4203
3815.9260 0.4137
3816.8059 0.4247
3817.6841 0.4445
3818.5623 0.4610
3819.4429 0.4656
3820.3215 0.4568
3821.2024 0.4440
3822.0815 0.4396
3822.9629 0.4465
3823.8423 0.4566
3824.7241 0.4578
3825.6040 0.4448
3826.4841 0.4315
3827.3665 0.4290
3828.2468 0.4355
3829.1296 0.4449
3830.0105 0.4534
3830.8938 0.4594
3831.7751 0.4597
3832.6565 0.4474
3833.5403 0.4200
3834.4224 0.3762
3835.3064 0.3162
3836.1887 0.2565
3837.0735 0.2463
3837.9561 0.2929
3838.8391 0.3571
3839.7244 0.4089
3840.6077 0.4419
3841.4932 0.4645
3842.3770 0.4798
3843.2629 0.4918
3844.1472 0.4989
3845.0315 0.4989
3845.9182 0.4953
3846.8030 0.4958
3847.6899 0.5013
3848.5752 0.5026
3849.4626 0.4962
3850.3481 0.4872
3851.2339 0.4847
3852.1221 0.4924
3853.0083 0.4977
3853.8967 0.4899
3854.7832 0.4732
3855.6721 0.4542
3856.5591 0.4374
3857.4463 0.4319
3858.3359 0.4540
3859.2234 0.4856
3860.1135 0.5038
3861.0015 0.5057
3861.8918 0.4956
3862.7803 0.4761
3863.6687 0.4535
3864.5598 0.4518
3865.4487 0.4703
3866.3401 0.4910
3867.2297 0.5045
3868.1213 0.5156
3869.0112 0.5279
3869.9014 0.5368
3870.7937 0.5405
3871.6841 0.5384
3872.5769 0.5311
3873.4678 0.5224
3874.3611 0.5212
3875.2524 0.5283
3876.1438 0.5367
3877.0376 0.5412
3877.9297 0.5398
3878.8237 0.5338
3879.7161 0.5294
3880.6108 0.5328
3881.5037 0.5396
3882.3965 0.5424
3883.2917 0.5399
3884.1851 0.5363
3885.0808 0.5325
3885.9746 0.5234
3886.8706 0.5022
3887.7649 0.4634
3888.6592 0.4023
3889.5559 0.3309
3890.4507 0.2976
3891.3479 0.3331
3892.2429 0.4073
3893.1406 0.4751
3894.0361 0.5150
3894.9341 0.5336
3895.8301 0.5409
3896.7263 0.5429
3897.6250 0.5450
3898.5215 0.5465
3899.4207 0.5415
3900.3176 0.5252
3901.2170 0.5059
3902.1145 0.5027
3903.0122 0.5175
3903.9121 0.5346
3904.8103 0.5414
3905.7107 0.5371
3906.6094 0.5283
3907.5100 0.5272
3908.4089 0.5395
3909.3081 0.5565
3910.2097 0.5683
3911.1091 0.5715
3912.0110 0.5682
3912.9111 0.5549
3913.8132 0.5310
3914.7136 0.5086
3915.6143 0.5050
3916.5171 0.5264
3917.4182 0.5501
3918.3215 0.5637
3919.2229 0.5679
3920.1267 0.5673
3921.0286 0.5659
3921.9307 0.5663
3922.8350 0.5695
3923.7373 0.5734
3924.6421 0.5766
3925.5452 0.5785
3926.4502 0.5784
3927.3535 0.5763
3928.2571 0.5742
3929.1628 0.5722
3930.0667 0.5668
3930.9731 0.5534
3931.8774 0.5279
3932.7839 0.4806
3933.6887 0.3973
3934.5938 0.3187
3935.5010 0.3123
3936.4062 0.3835
3937.3142 0.4769
3938.2200 0.5267
3939.1279 0.5399
3940.0342 0.5448
3940.9407 0.5578
3941.8494 0.5751
3942.7561 0.5865
3943.6653 0.5878
3944.5725 0.5836
3945.4822 0.5768
3946.3899 0.5729
3947.2979 0.5754
3948.2080 0.5826
3949.1162 0.5888
3950.0269 0.5930
3950.9355 0.5951
3951.8467 0.5943
3952.7559 0.5921
3953.6650 0.5919
3954.5769 0.5959
3955.4866 0.6004
3956.3987 0.6022
3957.3088 0.6014
3958.2214 0.6001
3959.1321 0.5998
3960.0449 0.6001
3960.9561 0.5981
3961.8672 0.5933
3962.7808 0.5892
3963.6924 0.5882
3964.6064 0.5875
3965.5186 0.5811
3966.4329 0.5666
3967.3455 0.5310
3968.2581 0.4561
3969.1731 0.3480
3970.0862 0.2522
3971.0017 0.2313
3971.9153 0.2958
3972.8313 0.3971
3973.7451 0.4830
3974.6592 0.5307
3975.5759 0.5504
3976.4905 0.5669
3977.4075 0.5837
3978.3225 0.5941
3979.2397 0.5966
3980.1553 0.5938
3981.0708 0.5901
3981.9888 0.5886
3982.9050 0.5878
3983.8232 0.5884
3984.7397 0.5913
3985.6587 0.5950
3986.5757 0.5972
3987.4927 0.5975
3988.4121 0.5975
3989.3298 0.5979
3990.2498 0.5988
3991.1677 0.6006
3992.0879 0.6030
3993.0063 0.6050
3993.9250 0.6058
3994.8459 0.6052
3995.7649 0.6036
3996.6863 0.6015
3997.6057 0.5989
3998.5276 0.5961
3999.4475 0.5947
4000.3674 0.5952
4001.2900 0.5951
4002.2104 0.5898
4003.1333 0.5803
4004.0544 0.5746
4004.9775 0.5786
4005.8989 0.5848
4006.8206 0.5890
4007.7446 0.5931
4008.6665 0.5973
4009.5908 0.5991
4010.5132 0.5981
4011.4380 0.5953
4012.3608 0.5897
4013.2839 0.5831
4014.2095 0.5808
4015.1328 0.5857
4016.0588 0.5902
4016.9827 0.5912
4017.9089 0.5910
4018.8333 0.5955
4019.7578 0.6058
4020.6848 0.6159
4021.6096 0.6198
4022.5371 0.6189
4023.4624 0.6132
4024.3901 0.6026
4025.3162 0.5899
4026.2422 0.5819
4027.1704 0.5841
4028.0969 0.5923
4029.0259 0.6000
4029.9526 0.6063
4030.8821 0.6126
4031.8093 0.6181
4032.7390 0.6182
4033.6667 0.6148
4034.5947 0.6125
4035.5251 0.6132
4036.4534 0.6152
4037.3843 0.6161
4038.3130 0.6174
4039.2441 0.6196
4040.1736 0.6231
4041.1030 0.6268
4042.0347 0.6294
4042.9646 0.6301
4043.8970 0.6292
4044.8271 0.6263
4045.7600 0.6210
4046.6907 0.6156
4047.6216 0.6139
4048.5549 0.6165
4049.4863 0.6170
4050.4202 0.6172
4051.3521 0.6190
4052.2861 0.6199
4053.2185 0.6177
4054.1509 0.6141
4055.0857 0.6137
4056.0186 0.6193
4056.9539 0.6279
4057.8872 0.6342
4058.8230 0.6366
4059.7566 0.6377
4060.6907 0.6388
4061.6270 0.6389
4062.5613 0.6375
4063.4983 0.6340
4064.4331 0.6294
4065.3701 0.6261
4066.3054 0.6247
4067.2410 0.6199
4068.1787 0.6132
4069.1147 0.6124
4070.0530 0.6180
4070.9893 0.6215
4071.9280 0.6193
4072.8647 0.6178
4073.8018 0.6203
4074.7412 0.6250
4075.6787 0.6276
4076.6184 0.6250
4077.5562 0.6189
4078.4966 0.6149
4079.4348 0.6183
4080.3733 0.6276
4081.3142 0.6362
4082.2532 0.6387
4083.1943 0.6376
4084.1338 0.6361
4085.0757 0.6358
4086.0154 0.6359
4086.9553 0.6352
4087.8977 0.6336
4088.8381 0.6328
4089.7810 0.6334
4090.7219 0.6356
4091.6653 0.6387
4092.6064 0.6416
4093.5481 0.6431
4094.4919 0.6438
4095.4338 0.6439
4096.3784 0.6424
4097.3208 0.6380
4098.2656 0.6299
4099.2085 0.6164
4100.1514 0.5904
4101.0967 0.5400
4102.0400 0.4713
4102.9863 0.4251
4103.9302 0.4388
4104.8765 0.5075
4105.8208 0.5709
4106.7676 0.6104
4107.7124 0.6309
4108.6572 0.6418
4109.6045 0.6471
4110.5503 0.6462
4111.4980 0.6393
4112.4438 0.6339
4113.3921 0.6352
4114.3384 0.6411
4115.2852 0.6471
4116.2339 0.6499
4117.1807 0.6506
4118.1304 0.6502
4119.0776 0.6493
4120.0273 0.6474
4120.9751 0.6446
4121.9233 0.6406
4122.8740 0.6331
4123.8223 0.6264
4124.7734 0.6276
4125.7222 0.6345
4126.6733 0.6393
4127.6230 0.6337
4128.5723 0.6154
4129.5244 0.5970
4130.4746 0.5922
4131.4268 0.5960
4132.3774 0.6027
4133.3301 0.6156
4134.2812 0.6359
4135.2324 0.6515
4136.1855 0.6592
4137.1372 0.6609
4138.0913 0.6599
4139.0435 0.6591
4139.9976 0.6598
4140.9502 0.6621
4141.9028 0.6649
4142.8579 0.6653
4143.8110 0.6615
4144.7666 0.6547
4145.7202 0.6503
4146.6758 0.6501
4147.6299 0.6542
4148.5840 0.6606
4149.5405 0.6659
4150.4951 0.6676
4151.4526 0.6683
4152.4072 0.6692
4153.3647 0.6702
4154.3203 0.6711
4155.2764 0.6719
4156.2344 0.6730
4157.1904 0.6746
4158.1489 0.6760
4159.1055 0.6768
4160.0649 0.6765
4161.0220 0.6745
4161.9790 0.6706
4162.9390 0.6655
4163.8965 0.6595
4164.8564 0.6552
4165.8149 0.6544
4166.7754 0.6484
4167.7339 0.6312
4168.6929 0.6318
4169.6538 0.6530
4170.6133 0.6691
4171.5752 0.6684
4172.5347 0.6521
4173.4971 0.6275
4174.4570 0.6087
4175.4175 0.6128
4176.3799 0.6336
4177.3408 0.6471
4178.3042 0.6356
4179.2651 0.6050
4180.2290 0.5891
4181.1909 0.6065
4182.1548 0.6403
4183.1172 0.6652
4184.0796 0.6723
4185.0444 0.6721
4186.0068 0.6732
4186.9722 0.6740
4187.9355 0.6726
4188.9014 0.6708
4189.8647 0.6717
4190.8286 0.6758
4191.7949 0.6791
4192.7593 0.6808
4193.7261 0.6819
4194.6909 0.6838
4195.6582 0.6855
4196.6235 0.6853
4197.5889 0.6848
4198.5571 0.6841
4199.5229 0.6823
4200.4912 0.6806
4201.4575 0.6802
4202.4263 0.6801
4203.3931 0.6791
4204.3599 0.6795
4205.3296 0.6807
4206.2969 0.6812
4207.2671 0.6816
4208.2349 0.6838
4209.2051 0.6861
4210.1738 0.6878
4211.1421 0.6896
4212.1133 0.6921
4213.0820 0.6948
4214.0537 0.6959
4215.0229 0.6935
4215.9951 0.6882
4216.9648 0.6843
4217.9351 0.6856
4218.9077 0.6913
4219.8784 0.6963
4220.8516 0.6991
4221.8223 0.7000
4222.7959 0.6993
4223.7676 0.6975
4224.7393 0.6946
4225.7134 0.6906
4226.6855 0.6878
4227.6602 0.6879
4228.6328 0.6910
4229.6079 0.6962
4230.5806 0.6999
4231.5542 0.6951
4232.5298 0.6739
4233.5034 0.6375
4234.4800 0.6124
4235.4541 0.6238
4236.4307 0.6627
4237.4053 0.6916
4238.3799 0.7018
4239.3574 0.7036
4240.3325 0.7025
4241.3105 0.6993
4242.2861 0.6916
4243.2642 0.6803
4244.2407 0.6779
4245.2168 0.6860
4246.1958 0.6932
4247.1729 0.6923
4248.1519 0.6878
4249.1294 0.6905
4250.1094 0.6982
4251.0869 0.7015
4252.0649 0.6994
4253.0454 0.6951
4254.0239 0.6924
4255.0049 0.6933
4255.9834 0.6971
4256.9648 0.7004
4257.9443 0.6989
4258.9263 0.6923
4259.9058 0.6864
4260.8857 0.6872
4261.8687 0.6866
4262.8491 0.6833
4263.8320 0.6857
4264.8130 0.6953
4265.7964 0.7056
4266.7778 0.7095
4267.7593 0.7095
4268.7432 0.7077
4269.7256 0.7050
4270.7100 0.7021
4271.6924 0.6988
4272.6772 0.6941
4273.6606 0.6869
4274.6436 0.6821
4275.6294 0.6819
4276.6128 0.6850
4277.5991 0.6898
4278.5830 0.6948
4279.5698 0.6975
4280.5542 0.7016
4281.5391 0.7066
4282.5264 0.7088
4283.5117 0.7064
4284.4990 0.7008
4285.4849 0.6968
4286.4731 0.6989
4287.4590 0.7034
4288.4453 0.7045
4289.4346 0.7003
4290.4214 0.6932
4291.4106 0.6879
4292.3979 0.6918
4293.3877 0.6988
4294.3755 0.6973
4295.3633 0.6871
4296.3535 0.6801
4297.3423 0.6777
4298.3330 0.6804
4299.3218 0.6873
4300.3135 0.6853
4301.3027 0.6724
4302.2920 0.6618
4303.2842 0.6544
4304.2744 0.6497
4305.2666 0.6623
4306.2573 0.6875
4307.2500 0.7061
4308.2412 0.7045
4309.2319 0.6998
4310.2261 0.7049
4311.2173 0.7150
4312.2114 0.7192
4313.2036 0.7107
4314.1982 0.6926
4315.1904 0.6764
4316.1836 0.6752
4317.1787 0.6898
4318.1719 0.7082
4319.1675 0.7195
4320.1611 0.7218
4321.1572 0.7192
4322.1514 0.7166
4323.1460 0.7193
4324.1426 0.7243
4325.1377 0.7243
4326.1348 0.7165
4327.1299 0.7116
4328.1279 0.7166
4329.1235 0.7266
4330.1196 0.7332
4331.1182 0.7335
4332.1143 0.7323
4333.1133 0.7338
4334.1104 0.7358
4335.1099 0.7364
4336.1069 0.7337
4337.1069 0.7239
4338.1045 0.7010
4339.1025 0.6601
4340.1030 0.6039
4341.1016 0.5505
4342.1025 0.5364
4343.1016 0.5763
4344.1030 0.6401
4345.1025 0.6822
4346.1021 0.7074
4347.1040 0.7235
4348.1040 0.7327
4349.1069 0.7354
4350.1074 0.7316
4351.1104 0.7166
4352.1113 0.6886
4353.1128 0.6686
4354.1167 0.6781
4355.1182 0.7100
4356.1226 0.7323
4357.1245 0.7393
4358.1294 0.7391
4359.1318 0.7377
4360.1348 0.7387
4361.1401 0.7405
4362.1436 0.7387
4363.1494 0.7357
4364.1528 0.7359
4365.1592 0.7386
4366.1636 0.7413
4367.1680 0.7410
4368.1753 0.7361
4369.1802 0.7287
4370.1875 0.7246
4371.1929 0.7268
4372.2007 0.7334
4373.2065 0.7390
4374.2129 0.7389
4375.2212 0.7350
4376.2280 0.7337
4377.2368 0.7377
4378.2441 0.7432
4379.2534 0.7463
4380.2612 0.7465
4381.2686 0.7460
4382.2793 0.7443
4383.2871 0.7371
4384.2979 0.7185
4385.3066 0.6910
4386.3179 0.6707
4387.3267 0.6762
4388.3359 0.6986
4389.3481 0.7201
4390.3579 0.7311
4391.3701 0.7328
4392.3804 0.7331
4393.3936 0.7353
4394.4043 0.7301
4395.4150 0.7141
4396.4287 0.7021
4397.4399 0.7082
4398.4541 0.7282
4399.4658 0.7369
4400.4805 0.7335
4401.4927 0.7298
4402.5054 0.7335
4403.5205 0.7416
4404.5337 0.7448
4405.5493 0.7437
4406.5625 0.7432
4407.5786 0.7453
4408.5928 0.7471
4409.6069 0.7458
4410.6240 0.7423
4411.6387 0.7393
4412.6558 0.7377
4413.6709 0.7371
4414.6885 0.7345
4415.7041 0.7259
4416.7227 0.7086
4417.7388 0.6849
4418.7549 0.6738
4419.7739 0.6859
4420.7905 0.7083
4421.8101 0.7228
4422.8271 0.7232
4423.8472 0.7199
4424.8647 0.7173
4425.8828 0.7158
4426.9033 0.7145
4427.9219 0.7125
4428.9429 0.7099
4429.9619 0.7089
4430.9834 0.7098
4432.0024 0.7110
4433.0220 0.7125
4434.0444 0.7143
4435.0645 0.7164
4436.0874 0.7197
4437.1079 0.7244
4438.1309 0.7289
4439.1519 0.7330
4440.1733 0.7370
4441.1968 0.7399
4442.2188 0.7393
4443.2432 0.7334
4444.2651 0.7226
4445.2900 0.7162
4446.3125 0.7231
4447.3354 0.7398
4448.3613 0.7496
4449.3843 0.7519
4450.4106 0.7486
4451.4341 0.7425
4452.4609 0.7396
4453.4849 0.7448
4454.5098 0.7522
4455.5366 0.7557
4456.5615 0.7566
4457.5894 0.7586
4458.6147 0.7626
4459.6431 0.7657
4460.6689 0.7659
4461.6953 0.7635
4462.7241 0.7607
4463.7505 0.7596
4464.7798 0.7597
4465.8071 0.7595
4466.8369 0.7610
4467.8643 0.7591
4468.8921 0.7484
4469.9229 0.7367
4470.9512 0.7335
4471.9819 0.7380
4473.0107 0.7396
4474.0425 0.7439
4475.0718 0.7532
4476.1011 0.7639
4477.1333 0.7712
4478.1631 0.7733
4479.1958 0.7716
4480.2266 0.7591
4481.2593 0.7258
4482.2905 0.6892
4483.3213 0.6838
4484.3555 0.7246
4485.3872 0.7605
4486.4214 0.7771
4487.4536 0.7791
4488.4883 0.7698
4489.5210 0.7531
4490.5537 0.7382
4491.5889 0.7338
4492.6226 0.7365
4493.6582 0.7483
4494.6919 0.7648
4495.7285 0.7777
4496.7627 0.7826
4497.7998 0.7850
4498.8345 0.7849
4499.8696 0.7817
4500.9072 0.7723
4501.9424 0.7585
4502.9805 0.7510
4504.0166 0.7598
4505.0552 0.7726
4506.0913 0.7792
4507.1279 0.7764
4508.1675 0.7624
4509.2046 0.7412
4510.2446 0.7388
4511.2822 0.7586
4512.3223 0.7789
4513.3604 0.7874
4514.3984 0.7822
4515.4395 0.7656
4516.4785 0.7472
4517.5200 0.7484
4518.5591 0.7636
4519.6011 0.7701
4520.6406 0.7562
4521.6807 0.7341
4522.7236 0.7198
4523.7642 0.7146
4524.8071 0.7285
4525.8481 0.7560
4526.8916 0.7802
4527.9331 0.7883
4528.9746 0.7896
4530.0190 0.7884
4531.0610 0.7890
4532.1060 0.7910
4533.1489 0.7875
4534.1938 0.7713
4535.2373 0.7539
4536.2803 0.7562
4537.3267 0.7737
4538.3701 0.7891
4539.4170 0.7923
4540.4609 0.7873
4541.5083 0.7768
4542.5527 0.7662
4543.5981 0.7668
4544.6455 0.7775
4545.6909 0.7882
4546.7393 0.7899
4547.7852 0.7848
4548.8340 0.7654
4549.8804 0.7320
4550.9272 0.7115
4551.9766 0.7258
4553.0239 0.7617
4554.0737 0.7765
4555.1216 0.7670
4556.1719 0.7415
4557.2197 0.7232
4558.2686 0.7242
4559.3193 0.7330
4560.3682 0.7417
4561.4199 0.7630
4562.4692 0.7831
4563.5215 0.7869
4564.5713 0.7760
4565.6211 0.7684
4566.6743 0.7736
4567.7246 0.7835
4568.7778 0.7907
4569.8291 0.7938
4570.8828 0.7920
4571.9341 0.7822
4572.9888 0.7676
4574.0405 0.7658
4575.0928 0.7758
4576.1479 0.7805
4577.2007 0.7731
4578.2559 0.7688
4579.3091 0.7765
4580.3652 0.7813
4581.4189 0.7787
4582.4731 0.7669
4583.5298 0.7418
4584.5840 0.7086
4585.6411 0.7074
4586.6963 0.7378
4587.7539 0.7620
4588.8091 0.7610
4589.8647 0.7495
4590.9233 0.7546
4591.9795 0.7646
4593.0386 0.7690
4594.0952 0.7736
4595.1543 0.7810
4596.2114 0.7871
4597.2690 0.7876
4598.3291 0.7893
4599.3867 0.7923
4600.4473 0.7950
4601.5059 0.7965
4602.5669 0.7966
4603.6255 0.7966
4604.6846 0.7977
4605.7466 0.7982
4606.8062 0.7979
4607.8687 0.7973
4608.9287 0.7972
4609.9912 0.7981
4611.0518 0.7998
4612.1128 0.8005
4613.1763 0.8004
4614.2373 0.8005
4615.3013 0.7999
4616.3633 0.7953
4617.4277 0.7853
4618.4897 0.7742
4619.5522 0.7647
4620.6177 0.7608
4621.6807 0.7665
4622.7466 0.7802
4623.8096 0.7925
4624.8760 0.7990
4625.9399 0.7999
4627.0044 0.7981
4628.0713 0.7930
4629.1357 0.7795
4630.2031 0.7600
4631.2686 0.7569
4632.3364 0.7721
4633.4023 0.7852
4634.4678 0.7808
4635.5366 0.7675
4636.6030 0.7673
4637.6724 0.7797
4638.7393 0.7934
4639.8091 0.8013
4640.8765 0.8037
4641.9438 0.8045
4643.0142 0.8049
4644.0825 0.8055
4645.1533 0.8063
4646.2222 0.8063
4647.2935 0.8042
4648.3623 0.8000
4649.4316 0.7966
4650.5039 0.7956
4651.5737 0.7973
4652.6465 0.8008
4653.7168 0.8043
4654.7900 0.8059
4655.8608 0.8053
4656.9346 0.8017
4658.0059 0.7975
4659.0771 0.7974
4660.1519 0.8016
4661.2236 0.8044
4662.2983 0.8040
4663.3711 0.8008
4664.4463 0.7962
4665.5195 0.7930
4666.5928 0.7905
4667.6689 0.7856
4668.7427 0.7848
4669.8193 0.7897
4670.8936 0.7942
4671.9707 0.7978
4673.0454 0.8013
4674.1206 0.8038
4675.1982 0.8047
4676.2739 0.8057
4677.3521 0.8071
4678.4282 0.8087
4679.5073 0.8099
4680.5835 0.8101
4681.6602 0.8099
4682.7397 0.8099
4683.8174 0.8098
4684.8975 0.8094
4685.9751 0.8088
4687.0557 0.8086
4688.1338 0.8088
4689.2124 0.8093
4690.2935 0.8099
4691.3726 0.8105
4692.4546 0.8109
4693.5342 0.8114
4694.6162 0.8112
4695.6963 0.8107
4696.7764 0.8107
4697.8594 0.8110
4698.9404 0.8111
4700.0239 0.8112
4701.1050 0.8116
4702.1890 0.8117
4703.2710 0.8114
4704.3530 0.8112
4705.4375 0.8116
4706.5200 0.8123
4707.6055 0.8127
4708.6885 0.8125
4709.7744 0.8113
4710.8579 0.8104
4711.9414 0.8099
4713.0283 0.8077
4714.1123 0.8037
4715.1992 0.8029
4716.2842 0.8057
4717.3716 0.8091
4718.4570 0.8108
4719.5425 0.8112
4720.6309 0.8112
4721.7168 0.8113
4722.8057 0.8114
4723.8921 0.8114
4724.9814 0.8105
4726.0684 0.8080
4727.1553 0.8041
4728.2456 0.8009
4729.3335 0.8002
4730.4238 0.8006
4731.5122 0.7987
4732.6030 0.7939
4733.6919 0.7946
4734.7808 0.8011
4735.8726 0.8075
4736.9624 0.8108
4738.0547 0.8113
4739.1445 0.8107
4740.2373 0.8108
4741.3276 0.8107
4742.4214 0.8112
4743.5122 0.8122
4744.6035 0.8135
4745.6973 0.8147
4746.7891 0.8152
4747.8838 0.8139
4748.9761 0.8116
4750.0713 0.8102
4751.1641 0.8102
4752.2568 0.8105
4753.3525 0.8097
4754.4463 0.8080
4755.5425 0.8058
4756.6367 0.8039
4757.7334 0.8033
4758.8281 0.8040
4759.9229 0.8044
4761.0205 0.8028
4762.1157 0.7994
4763.2139 0.7961
4764.3096 0.7942
4765.4082 0.7941
4766.5044 0.7970
4767.6011 0.8020
4768.7002 0.8061
4769.7974 0.8077
4770.8975 0.8075
4771.9951 0.8069
4773.0952 0.8060
4774.1934 0.8055
4775.2915 0.8058
4776.3926 0.8063
4777.4917 0.8061
4778.5933 0.8056
4779.6924 0.8034
4780.7949 0.8002
4781.8945 0.7999
4782.9946 0.8037
4784.0977 0.8093
4785.1982 0.8119
4786.3018 0.8121
4787.4028 0.8113
4788.5068 0.8106
4789.6084 0.8103
4790.7100 0.8107
4791.8149 0.8124
4792.9170 0.8138
4794.0225 0.8146
4795.1255 0.8157
4796.2310 0.8171
4797.3345 0.8173
4798.4380 0.8157
4799.5444 0.8136
4800.6489 0.8130
4801.7559 0.8135
4802.8604 0.8138
4803.9678 0.8130
4805.0732 0.8111
4806.1782 0.8080
4807.2866 0.8073
4808.3926 0.8106
4809.5015 0.8142
4810.6079 0.8150
4811.7173 0.8135
4812.8242 0.8109
4813.9312 0.8095
4815.0415 0.8114
4816.1489 0.8140
4817.2598 0.8149
4818.3677 0.8153
4819.4790 0.8161
4820.5879 0.8156
4821.6968 0.8149
4822.8086 0.8137
4823.9180 0.8073
4825.0303 0.7931
4826.1401 0.7866
4827.2534 0.7954
4828.3638 0.8080
4829.4771 0.8153
4830.5884 0.8170
4831.6992 0.8180
4832.8135 0.8189
4833.9253 0.8186
4835.0400 0.8178
4836.1523 0.8169
4837.2676 0.8158
4838.3804 0.8151
4839.4937 0.8179
4840.6094 0.8214
4841.7231 0.8241
4842.8394 0.8255
4843.9536 0.8257
4845.0708 0.8256
4846.1851 0.8258
4847.3003 0.8239
4848.4180 0.8158
4849.5332 0.8056
4850.6514 0.8036
4851.7676 0.8147
4852.8862 0.8226
4854.0024 0.8252
4855.1191 0.8249
4856.2388 0.8216
4857.3560 0.8156
4858.4761 0.8081
4859.5938 0.7923
4860.7144 0.7577
4861.8325 0.7187
4862.9512 0.7080
4864.0723 0.7342
4865.1914 0.7648
4866.3135 0.7837
4867.4326 0.8010
4868.5552 0.8148
4869.6753 0.8226
4870.7954 0.8247
4871.9189 0.8233
4873.0396 0.8206
4874.1631 0.8188
4875.2847 0.8166
4876.4087 0.8094
4877.5308 0.7989
4878.6528 0.7956
4879.7778 0.8032
4880.9004 0.8096
4882.0259 0.8118
4883.1489 0.8111
4884.2749 0.8086
4885.3984 0.8053
4886.5225 0.8055
4887.6494 0.8086
4888.7734 0.8118
4889.9009 0.8138
4891.0259 0.8150
4892.1538 0.8157
4893.2793 0.8157
4894.4048 0.8152
4895.5337 0.8156
4896.6597 0.8172
4897.7891 0.8192
4898.9155 0.8196
4900.0454 0.8193
4901.1724 0.8184
4902.2998 0.8178
4903.4307 0.8179
4904.5586 0.8187
4905.6895 0.8200
4906.8179 0.8217
4907.9497 0.8226
4909.0786 0.8232
4910.2080 0.8248
4911.3403 0.8260
4912.4702 0.8228
4913.6030 0.8190
4914.7334 0.8197
4915.8667 0.8230
4916.9976 0.8267
4918.1313 0.8293
4919.2627 0.8294
4920.3945 0.8274
4921.5288 0.8217
4922.6611 0.8102
4923.7964 0.7870
4924.9292 0.7585
4926.0649 0.7525
4927.1978 0.7854
4928.3315 0.8174
4929.4678 0.8321
4930.6021 0.8354
4931.7388 0.8363
4932.8735 0.8352
4934.0107 0.8335
4935.1460 0.8328
4936.2812 0.8327
4937.4194 0.8328
4938.5557 0.8324
4939.6943 0.8311
4940.8306 0.8298
4941.9702 0.8295
4943.1069 0.8298
4944.2441 0.8307
4945.3843 0.8318
4946.5220 0.8320
4947.6626 0.8310
4948.8008 0.8295
4949.9419 0.8289
4951.0806 0.8287
4952.2197 0.8273
4953.3618 0.8246
4954.5010 0.8251
4955.6436 0.8276
4956.7837 0.8299
4957.9268 0.8300
4959.0674 0.8285
4960.2080 0.8288
4961.3521 0.8310
4962.4932 0.8318
4963.6377 0.8312
4964.7793 0.8303
4965.9243 0.8301
4967.0669 0.8305
4968.2095 0.8306
4969.3550 0.8293
4970.4980 0.8277
4971.6445 0.8279
4972.7881 0.8295
4973.9351 0.8305
4975.0791 0.8313
4976.2236 0.8320
4977.3711 0.8315
4978.5161 0.8303
4979.6641 0.8297
4980.8096 0.8299
4981.9585 0.8301
4983.1045 0.8302
4984.2510 0.8300
4985.4004 0.8298
4986.5469 0.8298
4987.6968 0.8306
4988.8442 0.8314
4989.9946 0.8316
4991.1426 0.8299
4992.2910 0.8267
4993.4419 0.8238
4994.5908 0.8226
4995.7427 0.8246
4996.8921 0.8288
4998.0439 0.8321
4999.1938 0.8334
5000.3438 0.8327
5001.4971 0.8292
5002.6475 0.8235
5003.8013 0.8195
5004.9521 0.8194
5006.1064 0.8221
5007.2583 0.8256
5008.4126 0.8286
5009.5649 0.8302
5010.7173 0.8315
5011.8730 0.8324
5013.0259 0.8336
5014.1816 0.8342
5015.3354 0.8312
5016.4917 0.8240
5017.6460 0.8097
5018.8003 0.7823
5019.9575 0.7601
5021.1123 0.7684
5022.2700 0.8061
5023.4258 0.8265
5024.5840 0.8324
5025.7397 0.8348
5026.8960 0.8360
5028.0552 0.8351
5029.2119 0.8336
5030.3716 0.8334
5031.5288 0.8308
5032.6890 0.8271
5033.8472 0.8254
5035.0049 0.8261
5036.1660 0.8255
5037.3247 0.8220
5038.4863 0.8215
5039.6455 0.8245
5040.8076 0.8240
5041.9668 0.8171
5043.1270 0.8129
5044.2900 0.8209
5045.4502 0.8287
5046.6138 0.8315
5047.7749 0.8316
5048.9390 0.8321
5050.1001 0.8323
5051.2622 0.8325
5052.4268 0.8332
5053.5894 0.8336
5054.7544 0.8328
5055.9175 0.8265
5057.0830 0.8111
5058.2466 0.8050
5059.4102 0.8157
5060.5771 0.8278
5061.7412 0.8325
5062.9082 0.8319
5064.0732 0.8323
5065.2407 0.8347
5066.4062 0.8371
5067.5718 0.8372
5068.7402 0.8356
5069.9062 0.8341
5071.0752 0.8334
5072.2417 0.8317
5073.4116 0.8304
5074.5786 0.8309
5075.7461 0.8326
5076.9165 0.8342
5078.0845 0.8357
5079.2554 0.8381
5080.4238 0.8388
5081.5957 0.8373
5082.7646 0.8355
5083.9336 0.8353
5085.1060 0.8365
5086.2759 0.8378
5087.4487 0.8383
5088.6191 0.8371
5089.7925 0.8358
5090.9634 0.8361
5092.1348 0.8369
5093.3091 0.8362
5094.4805 0.8337
5095.6553 0.8326
5096.8276 0.8334
5098.0029 0.8339
5099.1758 0.8325
5100.3516 0.8317
5101.5249 0.8278
5102.6987 0.8258
5103.8750 0.8282
5105.0493 0.8322
5106.2266 0.8335
5107.4014 0.8352
5108.5791 0.8356
5109.7544 0.8364
5110.9297 0.8371
5112.1084 0.8370
5113.2842 0.8366
5114.4634 0.8368
5115.6401 0.8372
5116.8198 0.8373
5117.9966 0.8367
5119.1743 0.8362
5120.3545 0.8367
5121.5327 0.8367
5122.7134 0.8368
5123.8921 0.8381
5125.0737 0.8390
5126.2524 0.8382
5127.4321 0.8372
5128.6143 0.8348
5129.7939 0.8316
5130.9771 0.8305
5132.1572 0.8325
5133.3408 0.8352
5134.5220 0.8359
5135.7031 0.8374
5136.8872 0.8384
5138.0688 0.8382
5139.2539 0.8376
5140.4360 0.8372
5141.6216 0.8367
5142.8042 0.8373
5143.9873 0.8370
5145.1738 0.8349
5146.3574 0.8321
5147.5439 0.8311
5148.7280 0.8327
5149.9155 0.8331
5151.1001 0.8321
5152.2852 0.8329
5153.4731 0.8342
5154.6587 0.8330
5155.8477 0.8302
5157.0337 0.8314
5158.2227 0.8341
5159.4097 0.8362
5160.5962 0.8369
5161.7861 0.8363
5162.9736 0.8356
5164.1646 0.8372
5165.3525 0.8384
5166.5435 0.8358
5167.7319 0.8239
5168.9209 0.7979
5170.1128 0.7655
5171.3022 0.7657
5172.4946 0.7974
5173.6846 0.8220
5174.8779 0.8307
5176.0684 0.8357
5177.2588 0.8407
5178.4526 0.8396
5179.6440 0.8383
5180.8384 0.8389
5182.0303 0.8402
5183.2251 0.8390
5184.4175 0.8333
5185.6104 0.8285
5186.8062 0.8300
5187.9995 0.8337
5189.1958 0.8344
5190.3896 0.8327
5191.5864 0.8337
5192.7808 0.8370
5193.9780 0.8391
5195.1729 0.8380
5196.3682 0.8333
5197.5664 0.8233
5198.7622 0.8083
5199.9609 0.8046
5201.1572 0.8173
5202.3564 0.8298
5203.5532 0.8340
5204.7505 0.8333
5205.9507 0.8334
5207.1484 0.8343
5208.3491 0.8348
5209.5474 0.8343
5210.7485 0.8327
5211.9473 0.8306
5213.1460 0.8294
5214.3481 0.8291
5215.5479 0.8279
5216.7505 0.8248
5217.9507 0.8214
5219.1538 0.8207
5220.3545 0.8246
5221.5557 0.8281
5222.7598 0.8295
5223.9609 0.8302
5225.1655 0.8308
5226.3677 0.8293
5227.5728 0.8227
5228.7754 0.8158
5229.9785 0.8190
5231.1846 0.8271
5232.3877 0.8315
5233.5942 0.8272
5234.7983 0.8145
5236.0054 0.7980
5237.2100 0.7942
5238.4150 0.8003
5239.6230 0.8103
5240.8281 0.8205
5242.0366 0.8285
5243.2427 0.8294
5244.4517 0.8305
5245.6582 0.8324
5246.8652 0.8329
5248.0747 0.8313
5249.2822 0.8300
5250.4927 0.8315
5251.7007 0.8329
5252.9116 0.8340
5254.1201 0.8341
5255.3286 0.8317
5256.5405 0.8274
5257.7500 0.8283
5258.9624 0.8312
5260.1724 0.8319
5261.3853 0.8291
5262.5957 0.8264
5263.8062 0.8289
5265.0200 0.8277
5266.2310 0.8234
5267.4458 0.8254
5268.6572 0.8331
5269.8721 0.8381
5271.0845 0.8364
5272.2974 0.8359
5273.5132 0.8339
5274.7261 0.8291
5275.9424 0.8154
5277.1562 0.7964
5278.3730 0.7937
5279.5874 0.8141
5280.8047 0.8282
5282.0195 0.8321
5283.2349 0.8328
5284.4531 0.8329
5285.6689 0.8282
5286.8877 0.8293
5288.1040 0.8353
5289.3232 0.8391
5290.5400 0.8391
5291.7573 0.8374
5292.9775 0.8351
5294.1953 0.8345
5295.4160 0.8360
5296.6343 0.8373
5297.8555 0.8374
5299.0742 0.8370
5300.2935 0.8367
5301.5156 0.8369
5302.7354 0.8376
5303.9580 0.8378
5305.1782 0.8373
5306.4014 0.8358
5307.6221 0.8328
5308.8433 0.8329
5310.0674 0.8342
5311.2891 0.8349
5312.5137 0.8353
5313.7358 0.8344
5314.9614 0.8283
5316.1841 0.8173
5317.4072 0.7996
5318.6333 0.7893
5319.8569 0.8011
5321.0835 0.8269
5322.3076 0.8362
5323.5347 0.8375
5324.7598 0.8368
5325.9844 0.8333
5327.2129 0.8292
5328.4380 0.8288
5329.6670 0.8326
5330.8931 0.8335
5332.1221 0.8334
5333.3491 0.8343
5334.5757 0.8352
5335.8062 0.8339
5337.0337 0.8305
5338.2642 0.8293
5339.4922 0.8290
5340.7236 0.8289
5341.9521 0.8305
5343.1812 0.8342
5344.4131 0.8373
5345.6426 0.8377
5346.8755 0.8362
5348.1055 0.8347
5349.3389 0.8348
5350.5693 0.8364
5351.8003 0.8374
5353.0342 0.8375
5354.2656 0.8381
5355.5005 0.8385
5356.7324 0.8380
5357.9678 0.8370
5359.2002 0.8363
5360.4331 0.8353
5361.6694 0.8333
5362.9028 0.8270
5364.1392 0.8176
5365.3735 0.8138
5366.6108 0.8233
5367.8452 0.8303
5369.0801 0.8329
5370.3184 0.8334
5371.5537 0.8336
5372.7925 0.8341
5374.0283 0.8348
5375.2676 0.8355
5376.5039 0.8364
5377.7441 0.8375
5378.9810 0.8380
5380.2183 0.8379
5381.4590 0.8375
5382.6973 0.8369
5383.9385 0.8364
5385.1768 0.8364
5386.4189 0.8362
5387.6577 0.8343
5388.8975 0.8318
5390.1401 0.8330
5391.3799 0.8292
5392.6230 0.8129
5393.8638 0.8057
5395.1074 0.8216
5396.3486 0.8343
5397.5903 0.8355
5398.8350 0.8353
5400.0767 0.8350
5401.3223 0.8338
5402.5645 0.8320
5403.8105 0.8305
5405.0537 0.8300
5406.2969 0.8302
5407.5439 0.8315
5408.7876 0.8329
5410.0352 0.8334
5411.2798 0.8337
5412.5273 0.8348
5413.7725 0.8347
5415.0181 0.8319
5416.2666 0.8295
5417.5127 0.8306
5418.7617 0.8334
5420.0083 0.8331
5421.2583 0.8322
5422.5054 0.8324
5423.7529 0.8334
5425.0034 0.8331
5426.2515 0.8291
5427.5029 0.8274
5428.7515 0.8309
5430.0034 0.8335
5431.2524 0.8332
5432.5020 0.8321
5433.7549 0.8313
5435.0049 0.8294
5436.2578 0.8309
5437.5088 0.8334
5438.7627 0.8347
5440.0137 0.8351
5441.2651 0.8360
5442.5200 0.8353
5443.7720 0.8339
5445.0273 0.8326
5446.2798 0.8318
5447.5356 0.8315
5448.7891 0.8312
5450.0425 0.8310
5451.2993 0.8299
5452.5532 0.8293
5453.8105 0.8298
5455.0654 0.8308
5456.3232 0.8313
5457.5786 0.8315
5458.8340 0.8314
5460.0928 0.8322
5461.3486 0.8338
5462.6084 0.8353
5463.8647 0.8358
5465.1250 0.8357
5466.3823 0.8335
5467.6396 0.8302
5468.9004 0.8296
5470.1587 0.8330
5471.4199 0.8362
5472.6787 0.8369
5473.9404 0.8366
5475.1997 0.8364
5476.4624 0.8363
5477.7222 0.8355
5478.9824 0.8315
5480.2461 0.8234
5481.5068 0.8191
5482.7705 0.8232
5484.0322 0.8298
5485.2964 0.8323
5486.5586 0.8326
5487.8208 0.8302
5489.0859 0.8273
5490.3491 0.8272
5491.6147 0.8294
5492.8784 0.8314
5494.1450 0.8317
5495.4087 0.8317
5496.6729 0.8328
5497.9404 0.8345
5499.2056 0.8356
5500.4736 0.8361
5501.7388 0.8362
5503.0073 0.8334
5504.2734 0.8301
5505.5396 0.8294
5506.8096 0.8287
5508.0762 0.8256
5509.3462 0.8243
5510.6138 0.8256
5511.8843 0.8279
5513.1523 0.8305
5514.4209 0.8333
5515.6924 0.8357
5516.9614 0.8369
5518.2334 0.8372
5519.5029 0.8369
5520.7759 0.8362
5522.0459 0.8354
5523.3159 0.8351
5524.5898 0.8346
5525.8608 0.8329
5527.1348 0.8306
5528.4062 0.8291
5529.6812 0.8292
5530.9536 0.8304
5532.2256 0.8310
5533.5015 0.8299
5534.7744 0.8255
5536.0508 0.8181
5537.3242 0.8158
5538.6011 0.8227
5539.8755 0.8283
5541.1499 0.8298
5542.4277 0.8303
5543.7026 0.8303
5544.9810 0.8292
5546.2568 0.8277
5547.5356 0.8280
5548.8115 0.8300
5550.0884 0.8310
5551.3682 0.8316
5552.6450 0.8324
5553.9258 0.8330
5555.2031 0.8329
5556.4844 0.8328
5557.7627 0.8328
5559.0410 0.8327
5560.3232 0.8327
5561.6021 0.8327
5562.8848 0.8328
5564.1646 0.8327
5565.4473 0.8317
5566.7280 0.8313
5568.0083 0.8320
5569.2925 0.8326
5570.5737 0.8322
5571.8579 0.8314
5573.1401 0.8307
5574.4253 0.8307
5575.7075 0.8309
5576.9932 0.8307
5578.2764 0.8297
5579.5596 0.8279
5580.8462 0.8276
5582.1299 0.8287
5583.4170 0.8298
5584.7017 0.8300
5585.9893 0.8298
5587.2744 0.8295
5588.5601 0.8290
5589.8486 0.8285
5591.1348 0.8284
5592.4238 0.8288
5593.7104 0.8281
5595.0005 0.8274
5596.2876 0.8275
5597.5747 0.8280
5598.8657 0.8280
5600.1538 0.8273
5601.4448 0.8269
5602.7334 0.8269
5604.0254 0.8277
5605.3149 0.8282
5606.6045 0.8281
5607.8970 0.8276
5609.1870 0.8273
5610.4805 0.8267
5611.7715 0.8259
5613.0654 0.8261
5614.3569 0.8266
5615.6484 0.8261
5616.9434 0.8255
5618.2354 0.8261
5619.5308 0.8268
5620.8237 0.8274
5622.1201 0.8278
5623.4131 0.8278
5624.7070 0.8278
5626.0039 0.8273
5627.2983 0.8272
5628.5957 0.8272
5629.8906 0.8272
5631.1890 0.8272
5632.4844 0.8269
5633.7803 0.8267
5635.0791 0.8266
5636.3755 0.8265
5637.6753 0.8264
5638.9722 0.8261
5640.2725 0.8250
5641.5703 0.8232
5642.8682 0.8233
5644.1694 0.8239
5645.4678 0.8232
5646.7695 0.8215
5648.0684 0.8217
5649.3711 0.8229
5650.6704 0.8238
5651.9707 0.8247
5653.2739 0.8254
5654.5742 0.8253
5655.8784 0.8241
5657.1797 0.8231
5658.4839 0.8216
5659.7856 0.8204
5661.0879 0.8205
5662.3931 0.8221
5663.6958 0.8232
5665.0020 0.8231
5666.3052 0.8227
5667.6118 0.8224
5668.9155 0.8221
5670.2197 0.8214
5671.5273 0.8206
5672.8320 0.8203
5674.1401 0.8201
5675.4453 0.8198
5676.7539 0.8199
5678.0601 0.8206
5679.3696 0.8214
5680.6758 0.8212
5681.9829 0.8213
5683.2930 0.8217
5684.6006 0.8215
5685.9111 0.8205
5687.2192 0.8202
5688.5308 0.8204
5689.8394 0.8206
5691.1484 0.8207
5692.4609 0.8207
5693.7705 0.8207
5695.0835 0.8210
5696.3936 0.8211
5697.7070 0.8212
5699.0176 0.8209
5700.3286 0.8202
5701.6431 0.8194
5702.9551 0.8191
5704.2700 0.8182
5705.5825 0.8153
5706.8979 0.8118
5708.2109 0.8110
5709.5239 0.8141
5710.8408 0.8171
5712.1543 0.8176
5713.4717 0.8175
5714.7861 0.8182
5716.1040 0.8193
5717.4189 0.8196
5718.7339 0.8190
5720.0527 0.8179
5721.3687 0.8174
5722.6880 0.8179
5724.0044 0.8185
5725.3242 0.8184
5726.6416 0.8184
5727.9590 0.8183
5729.2798 0.8182
5730.5977 0.8182
5731.9194 0.8182
5733.2378 0.8183
5734.5601 0.8184
5735.8794 0.8184
5737.1987 0.8189
5738.5215 0.8193
5739.8418 0.8192
5741.1655 0.8191
5742.4863 0.8187
5743.8105 0.8180
5745.1318 0.8173
5746.4536 0.8168
5747.7783 0.8160
5749.1006 0.8152
5750.4268 0.8155
5751.7495 0.8169
5753.0757 0.8177
5754.3994 0.8182
5755.7231 0.8189
5757.0503 0.8196
5758.3745 0.8195
5759.7026 0.8191
5761.0273 0.8185
5762.3560 0.8179
5763.6816 0.8174
5765.0078 0.8173
5766.3369 0.8169
5767.6636 0.8157
5768.9937 0.8151
5770.3208 0.8150
5771.6514 0.8148
5772.9790 0.8135
5774.3071 0.8117
5775.6387 0.8099
5776.9673 0.8086
5778.2993 0.8073
5779.6289 0.8031
5780.9614 0.7918
5782.2915 0.7744
5783.6250 0.7738
5784.9556 0.7877
5786.2861 0.8011
5787.6206 0.8075
5788.9521 0.8098
5790.2871 0.8110
5791.6191 0.8115
5792.9546 0.8122
5794.2871 0.8122
5795.6201 0.8113
5796.9565 0.8090
5798.2900 0.8043
5799.6274 0.8022
5800.9614 0.8065
5802.2993 0.8116
5803.6338 0.8139
5804.9692 0.8144
5806.3076 0.8152
5807.6436 0.8151
5808.9824 0.8145
5810.3188 0.8139
5811.6587 0.8134
5812.9956 0.8130
5814.3330 0.8127
5815.6738 0.8133
5817.0117 0.8148
5818.3530 0.8160
5819.6914 0.8165
5821.0337 0.8167
5822.3726 0.8168
5823.7119 0.8163
5825.0552 0.8159
5826.3950 0.8161
5827.7388 0.8163
5829.0791 0.8163
5830.4233 0.8160
5831.7646 0.8154
5833.1064 0.8157
5834.4517 0.8160
5835.7935 0.8158
5837.1396 0.8153
5838.4824 0.8159
5839.8286 0.8165
5841.1719 0.8163
5842.5156 0.8154
5843.8633 0.8141
5845.2075 0.8127
5846.5552 0.8122
5847.9004 0.8125
5849.2490 0.8133
5850.5942 0.8124
5851.9404 0.8108
5853.2896 0.8107
5854.6362 0.8119
5855.9863 0.8123
5857.3335 0.8126
5858.6841 0.8127
5860.0322 0.8126
5861.3799 0.8126
5862.7319 0.8129
5864.0806 0.8129
5865.4326 0.8125
5866.7822 0.8119
5868.1348 0.8112
5869.4849 0.8107
5870.8350 0.8107
5872.1890 0.8105
5873.5400 0.8094
5874.8940 0.8075
5876.2456 0.8038
5877.6006 0.8003
5878.9531 0.8031
5880.3052 0.8082
5881.6611 0.8105
5883.0146 0.8105
5884.3711 0.8096
5885.7246 0.8084
5887.0820 0.8074
5888.4365 0.8037
5889.7939 0.7832
5891.1489 0.7284
5892.5044 0.6950
5893.8633 0.7344
5895.2192 0.7798
5896.5786 0.7572
5897.9351 0.7147
5899.2949 0.7268
5900.6523 0.7750
5902.0098 0.7989
5903.3706 0.7994
5904.7285 0.8010
5906.0903 0.8035
5907.4487 0.8051
5908.8110 0.8056
5910.1704 0.8052
5911.5303 0.8043
5912.8931 0.8036
5914.2534 0.8040
5915.6172 0.8041
5916.9780 0.8036
5918.3428 0.8034
5919.7041 0.8032
5921.0659 0.8009
5922.4312 0.8000
5923.7939 0.8010
5925.1597 0.8009
5926.5229 0.7987
5927.8896 0.7996
5929.2534 0.8022
5930.6172 0.8032
5931.9849 0.8034
5933.3496 0.8032
5934.7178 0.8029
5936.0830 0.8032
5937.4517 0.8033
5938.8179 0.8026
5940.1841 0.8021
5941.5537 0.8018
5942.9204 0.8003
5944.2910 0.7974
5945.6587 0.7974
5947.0298 0.7981
5948.3975 0.7969
5949.7661 0.7957
5951.1382 0.7968
5952.5073 0.7975
5953.8799 0.7976
5955.2495 0.7982
5956.6226 0.7982
5957.9932 0.7956
5959.3638 0.7915
5960.7378 0.7911
5962.1094 0.7932
5963.4839 0.7944
5964.8560 0.7954
5966.2314 0.7965
5967.6040 0.7965
5968.9766 0.7954
5970.3530 0.7942
5971.7266 0.7942
5973.1035 0.7950
5974.4780 0.7960
5975.8555 0.7968
5977.2305 0.7962
5978.6055 0.7928
5979.9839 0.7871
5981.3599 0.7863
5982.7388 0.7907
5984.1152 0.7946
5985.4951 0.7947
5986.8721 0.7949
5988.2495 0.7945
5989.6304 0.7942
5991.0083 0.7936
5992.3896 0.7920
5993.7681 0.7910
5995.1504 0.7924
5996.5298 0.7937
5997.9126 0.7940
5999.2920 0.7938
6000.6724 0.7937
6002.0562 0.7936
6003.4370 0.7939
6004.8213 0.7936
6006.2026 0.7924
6007.5874 0.7912
6008.9697 0.7905
6010.3521 0.7889
6011.7378 0.7873
6013.1211 0.7867
6014.5078 0.7879
6015.8911 0.7902
6017.2783 0.7920
6018.6626 0.7927
6020.0474 0.7924
6021.4355 0.7920
6022.8208 0.7921
6024.2095 0.7923
6025.5957 0.7921
6026.9849 0.7920
6028.3716 0.7914
6029.7583 0.7908
6031.1489 0.7911
6032.5361 0.7919
6033.9272 0.7921
6035.3154 0.7917
6036.7070 0.7907
6038.0957 0.7890
6039.4849 0.7871
6040.8774 0.7869
6042.2671 0.7884
6043.6606 0.7888
6045.0508 0.7888
6046.4448 0.7882
6047.8359 0.7877
6049.2271 0.7880
6050.6221 0.7892
6052.0142 0.7896
6053.4097 0.7896
6054.8022 0.7893
6056.1982 0.7900
6057.5918 0.7910
6058.9854 0.7911
6060.3823 0.7906
6061.7764 0.7897
6063.1743 0.7889
6064.5693 0.7894
6065.9678 0.7901
6067.3633 0.7896
6068.7588 0.7894
6070.1582 0.7893
6071.5547 0.7890
6072.9551 0.7891
6074.3521 0.7897
6075.7529 0.7902
6077.1504 0.7904
6078.5483 0.7904
6079.9502 0.7903
6081.3491 0.7902
6082.7515 0.7899
6084.1504 0.7893
6085.5537 0.7884
6086.9536 0.7885
6088.3540 0.7894
6089.7578 0.7898
6091.1587 0.7894
6092.5635 0.7891
6093.9648 0.7899
6095.3701 0.7903
6096.7725 0.7902
6098.1782 0.7902
6099.5811 0.7902
6100.9844 0.7901
6102.3911 0.7902
6103.7949 0.7898
6105.2026 0.7891
6106.6069 0.7894
6108.0151 0.7900
6109.4204 0.7897
6110.8257 0.7894
6112.2349 0.7894
6113.6411 0.7883
6115.0508 0.7871
6116.4575 0.7872
6117.8682 0.7885
6119.2754 0.7889
6120.6831 0.7895
6122.0947 0.7896
6123.5029 0.7894
6124.9150 0.7891
6126.3242 0.7888
6127.7368 0.7883
6129.1465 0.7880
6130.5566 0.7879
6131.9702 0.7884
6133.3809 0.7893
6134.7954 0.7895
6136.2065 0.7892
6137.6216 0.7890
6139.0337 0.7888
6140.4458 0.7885
6141.8618 0.7879
6143.2749 0.7873
6144.6914 0.7874
6146.1050 0.7875
6147.5220 0.7852
6148.9365 0.7787
6150.3511 0.7736
6151.7690 0.7762
6153.1846 0.7833
6154.6035 0.7860
6156.0190 0.7855
6157.4390 0.7811
6158.8555 0.7761
6160.2720 0.7758
6161.6929 0.7805
6163.1104 0.7829
6164.5312 0.7827
6165.9497 0.7817
6167.3711 0.7808
6168.7900 0.7800
6170.2095 0.7796
6171.6323 0.7796
6173.0518 0.7792
6174.4756 0.7784
6175.8960 0.7769
6177.3198 0.7754
6178.7412 0.7757
6180.1626 0.7753
6181.5874 0.7753
6183.0098 0.7766
6184.4355 0.7781
6185.8579 0.7785
6187.2847 0.7788
6188.7080 0.7786
6190.1318 0.7790
6191.5591 0.7799
6192.9834 0.7807
6194.4116 0.7811
6195.8364 0.7809
6197.2651 0.7790
6198.6909 0.7779
6200.1172 0.7789
6201.5469 0.7800
6202.9731 0.7782
6204.4038 0.7733
6205.8311 0.7700
6207.2622 0.7717
6208.6899 0.7757
6210.1216 0.7789
6211.5503 0.7804
6212.9795 0.7804
6214.4121 0.7802
6215.8418 0.7808
6217.2749 0.7814
6218.7056 0.7816
6220.1392 0.7819
6221.5703 0.7821
6223.0015 0.7821
6224.4365 0.7821
6225.8687 0.7820
6227.3042 0.7817
6228.7368 0.7815
6230.1729 0.7818
6231.6064 0.7822
6233.0400 0.7820
6234.4771 0.7812
6235.9116 0.7803
6237.3496 0.7795
6238.7842 0.7761
6240.2231 0.7707
6241.6587 0.7717
6243.0942 0.7766
6244.5342 0.7796
6245.9707 0.7782
6247.4111 0.7743
6248.8481 0.7669
6250.2891 0.7677
6251.7271 0.7751
6253.1650 0.7807
6254.6069 0.7804
6256.0459 0.7804
6257.4888 0.7802
6258.9282 0.7802
6260.3716 0.7802
6261.8115 0.7798
6263.2520 0.7793
6264.6963 0.7788
6266.1377 0.7785
6267.5825 0.7777
6269.0244 0.7766
6270.4702 0.7738
6271.9126 0.7695
6273.3555 0.7687
6274.8022 0.7718
6276.2456 0.7738
6277.6929 0.7712
6279.1372 0.7623
6280.5850 0.7512
6282.0298 0.7482
6283.4751 0.7451
6284.9238 0.7358
6286.3696 0.7288
6287.8193 0.7340
6289.2661 0.7495
6290.7163 0.7594
6292.1636 0.7636
6293.6108 0.7655
6295.0620 0.7674
6296.5103 0.7693
6297.9624 0.7704
6299.4111 0.7710
6300.8638 0.7707
6302.3135 0.7706
6303.7632 0.7702
6305.2168 0.7692
6306.6675 0.7677
6308.1216 0.7665
6309.5728 0.7665
6311.0278 0.7670
6312.4795 0.7675
6313.9316 0.7687
6315.3877 0.7702
6316.8403 0.7691
6318.2974 0.7659
6319.7510 0.7625
6321.2080 0.7632
6322.6621 0.7669
6324.1201 0.7695
6325.5752 0.7705
6327.0303 0.7706
6328.4893 0.7717
6329.9453 0.7726
6331.4048 0.7715
6332.8613 0.7692
6334.3218 0.7686
6335.7788 0.7702
6337.2363 0.7713
6338.6978 0.7714
6340.1558 0.7709
6341.6182 0.7705
6343.0767 0.7702
6344.5396 0.7687
6345.9990 0.7655
6347.4590 0.7478
6348.9229 0.7295
6350.3833 0.7365
6351.8477 0.7600
6353.3091 0.7663
6354.7739 0.7663
6356.2358 0.7660
6357.6982 0.7662
6359.1641 0.7667
6360.6270 0.7668
6362.0938 0.7668
6363.5576 0.7660
6365.0249 0.7654
6366.4893 0.7654
6367.9536 0.7655
6369.4224 0.7640
6370.8877 0.7576
6372.3564 0.7399
6373.8228 0.7346
6375.2925 0.7489
6376.7588 0.7641
6378.2261 0.7630
6379.6968 0.7630
6381.1646 0.7622
6382.6357 0.7624
6384.1040 0.7633
6385.5762 0.7633
6387.0454 0.7637
6388.5146 0.7646
6389.9878 0.7655
6391.4580 0.7660
6392.9316 0.7660
6394.4023 0.7656
6395.8770 0.7653
6397.3481 0.7650
6398.8198 0.7643
6400.2954 0.7643
6401.7681 0.7647
6403.2441 0.7643
6404.7173 0.7640
6406.1943 0.7645
6407.6680 0.7642
6409.1421 0.7634
6410.6196 0.7631
6412.0947 0.7635
6413.5732 0.7632
6415.0488 0.7624
6416.5278 0.7602
6418.0039 0.7569
6419.4805 0.7562
6420.9609 0.7600
6422.4380 0.7616
6423.9189 0.7619
6425.3970 0.7621
6426.8784 0.7619
6428.3569 0.7614
6429.8359 0.7612
6431.3184 0.7608
6432.7979 0.7595
6434.2812 0.7573
6435.7617 0.7567
6437.2456 0.7581
6438.7266 0.7593
6440.2114 0.7588
6441.6929 0.7579
6443.1748 0.7569
6444.6606 0.7565
6446.1431 0.7555
6447.6294 0.7533
6449.1128 0.7530
6450.6001 0.7544
6452.0840 0.7545
6453.5684 0.7537
6455.0566 0.7505
6456.5415 0.7426
6458.0303 0.7344
6459.5161 0.7401
6461.0054 0.7492
6462.4917 0.7534
6463.9785 0.7532
6465.4692 0.7528
6466.9565 0.7524
6468.4478 0.7521
6469.9360 0.7516
6471.4277 0.7516
6472.9165 0.7521
6474.4058 0.7522
6475.8984 0.7515
6477.3882 0.7498
6478.8818 0.7491
6480.3726 0.7500
6481.8667 0.7496
6483.3579 0.7464
6484.8496 0.7446
6486.3447 0.7451
6487.8369 0.7473
6489.3330 0.7491
6490.8262 0.7492
6492.3228 0.7477
6493.8164 0.7454
6495.3101 0.7449
6496.8081 0.7456
6498.3027 0.7459
6499.8013 0.7464
6501.2964 0.7481
6502.7954 0.7495
6504.2915 0.7498
6505.7876 0.7494
6507.2881 0.7487
6508.7852 0.7483
6510.2861 0.7481
6511.7837 0.7483
6513.2852 0.7485
6514.7837 0.7480
6516.2822 0.7449
6517.7852 0.7406
6519.2842 0.7393
6520.7876 0.7433
6522.2876 0.7448
6523.7920 0.7451
6525.2925 0.7449
6526.7939 0.7446
6528.2988 0.7442
6529.8008 0.7437
6531.3062 0.7428
6532.8091 0.7423
6534.3154 0.7419
6535.8184 0.7418
6537.3223 0.7423
6538.8296 0.7428
6540.3340 0.7437
6541.8423 0.7448
6543.3472 0.7453
6544.8560 0.7448
6546.3613 0.7435
6547.8677 0.7439
6549.3774 0.7464
6550.8843 0.7482
6552.3945 0.7498
6553.9019 0.7509
6555.4136 0.7506
6556.9214 0.7517
6558.4336 0.7518
6559.9424 0.7456
6561.4512 0.7073
6562.9644 0.6893
6564.4741 0.7605
6565.9878 0.8483
6567.4985 0.8216
6569.0127 0.7760
6570.5239 0.7560
6572.0356 0.7533
6573.5513 0.7505
6575.0635 0.7494
6576.5796 0.7483
6578.0923 0.7475
6579.6094 0.7468
6581.1230 0.7465
6582.6372 0.7460
6584.1548 0.7445
6585.6694 0.7438
6587.1885 0.7429
6588.7036 0.7414
6590.2231 0.7403
6591.7393 0.7403
6593.2554 0.7399
6594.7759 0.7395
6596.2930 0.7395
6597.8140 0.7395
6599.3320 0.7391
6600.8535 0.7385
6602.3721 0.7389
6603.8911 0.7392
6605.4141 0.7388
6606.9336 0.7381
6608.4570 0.7377
6609.9771 0.7381
6611.5015 0.7385
6613.0225 0.7380
6614.5439 0.7333
6616.0693 0.7278
6617.5913 0.7282
6619.1172 0.7351
6620.6396 0.7367
6622.1665 0.7367
6623.6899 0.7359
6625.2139 0.7354
6626.7417 0.7352
6628.2661 0.7347
6629.7944 0.7345
6631.3198 0.7353
6632.8486 0.7354
6634.3745 0.7350
6635.9009 0.7348
6637.4312 0.7350
6638.9580 0.7351
6640.4888 0.7349
6642.0166 0.7347
6643.5483 0.7344
6645.0767 0.7336
6646.6055 0.7325
6648.1382 0.7322
6649.6675 0.7326
6651.2007 0.7332
6652.7310 0.7335
6654.2651 0.7334
6655.7959 0.7331
6657.3271 0.7326
6658.8623 0.7320
6660.3940 0.7318
6661.9297 0.7311
6663.4624 0.7304
6664.9990 0.7309
6666.5322 0.7315
6668.0659 0.7321
6669.6035 0.7325
6671.1377 0.7323
6672.6763 0.7315
6674.2114 0.7308
6675.7505 0.7311
6677.2861 0.7307
6678.8257 0.7285
6680.3623 0.7272
6681.8989 0.7282
6683.4399 0.7301
6684.9775 0.7308
6686.5190 0.7311
6688.0571 0.7314
6689.5996 0.7322
6691.1382 0.7326
6692.6777 0.7316
6694.2212 0.7311
6695.7607 0.7306
6697.3052 0.7300
6698.8457 0.7296
6700.3906 0.7290
6701.9316 0.7281
6703.4736 0.7282
6705.0195 0.7288
6706.5620 0.7295
6708.1084 0.7299
6709.6519 0.7297
6711.1987 0.7294
6712.7427 0.7293
6714.2871 0.7293
6715.8354 0.7285
6717.3804 0.7274
6718.9292 0.7272
6720.4751 0.7277
6722.0249 0.7277
6723.5713 0.7270
6725.1177 0.7241
6726.6685 0.7235
6728.2163 0.7262
6729.7676 0.7282
6731.3159 0.7274
6732.8682 0.7270
6734.4170 0.7265
6735.9663 0.7257
6737.5195 0.7252
6739.0693 0.7253
6740.6235 0.7255
6742.1743 0.7249
6743.7290 0.7240
6745.2803 0.7236
6746.8320 0.7237
6748.3877 0.7241
6749.9404 0.7243
6751.4966 0.7243
6753.0498 0.7243
6754.6069 0.7245
6756.1611 0.7246
6757.7153 0.7242
6759.2734 0.7236
6760.8286 0.7234
6762.3877 0.7236
6763.9434 0.7235
6765.5029 0.7230
6767.0596 0.7226
6768.6162 0.7224
6770.1772 0.7220
6771.7344 0.7216
6773.2959 0.7215
6774.8540 0.7214
6776.4165 0.7208
6777.9756 0.7207
6779.5347 0.7208
6781.0981 0.7206
6782.6582 0.7202
6784.2222 0.7199
6785.7827 0.7196
6787.3477 0.7192
6788.9092 0.7185
6790.4707 0.7182
6792.0366 0.7176
6793.5991 0.7157
6795.1655 0.7139
6796.7290 0.7157
6798.2964 0.7169
6799.8604 0.7174
6801.4282 0.7172
6802.9927 0.7167
6804.5581 0.7164
6806.1270 0.7164
6807.6929 0.7165
6809.2627 0.7168
6810.8291 0.7169
6812.3994 0.7166
6813.9668 0.7160
6815.5342 0.7158
6817.1060 0.7154
6818.6743 0.7152
6820.2466 0.7150
6821.8154 0.7150
6823.3887 0.7152
6824.9585 0.7150
6826.5283 0.7149
6828.1025 0.7147
6829.6733 0.7142
6831.2485 0.7135
6832.8198 0.7133
6834.3955 0.7136
6835.9678 0.7136
6837.5405 0.7131
6839.1172 0.7126
6840.6904 0.7126
6842.2681 0.7126
6843.8418 0.7124
6845.4199 0.7122
6846.9946 0.7120
6848.5698 0.7118
6850.1494 0.7117
6851.7251 0.7115
6853.3052 0.7113
6854.8818 0.7112
6856.4624 0.7108
6858.0396 0.7105
6859.6177 0.7105
6861.1992 0.7105
6862.7778 0.7094
6864.3604 0.7082
6865.9395 0.7088
6867.5225 0.7095
6869.1025 0.7095
6870.6826 0.7095
6872.2671 0.7094
6873.8481 0.7091
6875.4331 0.7088
6877.0146 0.7087
6878.6006 0.7086
6880.1831 0.7084
6881.7656 0.7082
6883.3525 0.7069
6884.9360 0.7064
6886.5239 0.7071
6888.1079 0.7076
6889.6963 0.7073
6891.2812 0.7072
6892.8667 0.7070
6894.4561 0.7068
6896.0425 0.7067
6897.6323 0.7066
6899.2192 0.7063
6900.8105 0.7061
6902.3979 0.7059
6903.9858 0.7057
6905.5776 0.7051
6907.1665 0.7041
6908.7593 0.7037
6910.3486 0.7045
6911.9419 0.7047
6913.5322 0.7045
6915.1226 0.7043
6916.7173 0.7041
6918.3081 0.7041
6919.9038 0.7038
6921.4956 0.7035
6923.0918 0.7033
6924.6846 0.7031
6926.2812 0.7030
6927.8745 0.7028
6929.4683 0.7022
6931.0664 0.7018
6932.6606 0.7020
6934.2593 0.7022
6935.8545 0.7020
6937.4541 0.7019
6939.0498 0.7018
6940.6460 0.7015
6942.2466 0.7013
6943.8438 0.7012
6945.4448 0.7011
6947.0430 0.7009
6948.6445 0.7006
6950.2432 0.7005
6951.8423 0.7004
6953.4453 0.7002
6955.0449 0.6998
6956.6489 0.6992
6958.2490 0.6992
6959.8535 0.6994
6961.4546 0.6993
6963.0562 0.6988
6964.6621 0.6986
6966.2642 0.6985
6967.8706 0.6981
6969.4736 0.6979
6971.0806 0.6980
6972.6841 0.6978
6974.2886 0.6974
6975.8965 0.6973
6977.5015 0.6971
6979.1104 0.6966
6980.7158 0.6963
6982.3257 0.6962
6983.9321 0.6960
6985.5386 0.6959
6987.1494 0.6962
6988.7568 0.6962
6990.3687 0.6962
6991.9766 0.6958
6993.5889 0.6948
6995.1978 0.6934
6996.8071 0.6933
6998.4204 0.6945
7000.0303 0.6947
7001.6445 0.6938
7003.2554 0.6927
7004.8701 0.6924
7006.4819 0.6932
7008.0938 0.6935
7009.7095 0.6931
7011.3223 0.6930
7012.9390 0.6932
7014.5522 0.6936
7016.1699 0.6938
7017.7837 0.6937
7019.3984 0.6936
7021.0171 0.6935
7022.6323 0.6932
7024.2515 0.6931
7025.8677 0.6934
7027.4878 0.6933
7029.1045 0.6925
7030.7212 0.6923
7032.3428 0.6924
7033.9604 0.6918
7035.5825 0.6919
7037.2007 0.6927
7038.8237 0.6927
7040.4429 0.6920
7042.0664 0.6909
7043.6865 0.6894
7045.3066 0.6894
7046.9316 0.6902
7048.5527 0.6899
7050.1782 0.6899
7051.7998 0.6903
7053.4263 0.6901
7055.0488 0.6904
7056.6719 0.6900
7058.2988 0.6888
7059.9229 0.6881
7061.5508 0.6874
7063.1753 0.6855
7064.8037 0.6840
7066.4292 0.6838
7068.0547 0.6842
7069.6846 0.6851
7071.3110 0.6857
7072.9419 0.6858
7074.5688 0.6867
7076.2002 0.6872
7077.8281 0.6874
7079.4561 0.6872
7081.0889 0.6871
7082.7178 0.6873
7084.3511 0.6872
7085.9810 0.6867
7087.6147 0.6866
7089.2451 0.6867
7090.8760 0.6867
7092.5112 0.6868
7094.1431 0.6868
7095.7788 0.6868
7097.4111 0.6870
7099.0479 0.6871
7100.6812 0.6869
7102.3145 0.6865
7103.9521 0.6863
7105.5864 0.6865
7107.2251 0.6864
7108.8599 0.6862
7110.4995 0.6861
7112.1353 0.6859
7113.7715 0.6855
7115.4116 0.6851
7117.0483 0.6847
7118.6899 0.6843
7120.3271 0.6841
7121.9692 0.6843
7123.6079 0.6844
7125.2466 0.6848
7126.8896 0.6850
7128.5293 0.6847
7130.1729 0.6843
7131.8130 0.6842
7133.4580 0.6841
7135.0986 0.6839
7136.7402 0.6836
7138.3857 0.6834
7140.0283 0.6835
7141.6748 0.6833
7143.3174 0.6832
7144.9648 0.6832
7146.6084 0.6830
7148.2524 0.6828
7149.9009 0.6828
7151.5459 0.6828
7153.1948 0.6826
7154.8403 0.6825
7156.4902 0.6820
7158.1367 0.6809
7159.7832 0.6804
7161.4346 0.6815
7163.0820 0.6817
7164.7339 0.6815
7166.3818 0.6812
7168.0347 0.6810
7169.6836 0.6810
7171.3369 0.6811
7172.9863 0.6809
7174.6367 0.6808
7176.2910 0.6807
7177.9419 0.6805
7179.5972 0.6805
7181.2490 0.6805
7182.9048 0.6802
7184.5571 0.6801
7186.2100 0.6803
7187.8672 0.6804
7189.5210 0.6804
7191.1787 0.6801
7192.8330 0.6790
7194.4917 0.6773
7196.1465 0.6760
7197.8022 0.6751
7199.4619 0.6745
7201.1182 0.6741
7202.7788 0.6736
7204.4355 0.6732
7206.0972 0.6731
7207.7549 0.6728
7209.4131 0.6724
7211.0757 0.6721
7212.7344 0.6719
7214.3975 0.6717
7216.0571 0.6714
7217.7212 0.6712
7219.3818 0.6711
7221.0425 0.6711
7222.7075 0.6709
7224.3691 0.6708
7226.0352 0.6707
7227.6973 0.6705
7229.3643 0.6703
7231.0273 0.6703
7232.6909 0.6701
7234.3584 0.6700
7236.0229 0.6699
7237.6914 0.6698
7239.3564 0.6696
7241.0259 0.6696
7242.6919 0.6693
7244.3579 0.6691
7246.0283 0.6692
7247.6953 0.6692
7249.3667 0.6690
7251.0342 0.6688
7252.7065 0.6686
7254.3750 0.6681
7256.0439 0.6675
7257.7168 0.6674
7259.3867 0.6679
7261.0605 0.6678
7262.7310 0.6675
7264.4058 0.6673
7266.0771 0.6665
7267.7485 0.6660
7269.4243 0.6661
7271.0967 0.6663
7272.7734 0.6660
7274.4463 0.6657
7276.1240 0.6656
7277.7979 0.6655
7279.4722 0.6654
7281.1509 0.6651
7282.8257 0.6649
7284.5054 0.6648
7286.1812 0.6645
7287.8613 0.6640
7289.5376 0.6635
7291.2148 0.6631
7292.8960 0.6633
7294.5737 0.6633
7296.2559 0.6631
7297.9341 0.6629
7299.6172 0.6627
7301.2964 0.6625
7302.9800 0.6624
7304.6602 0.6622
7306.3408 0.6619
7308.0254 0.6615
7309.7065 0.6612
7311.3921 0.6614
7313.0742 0.6616
7314.7607 0.6615
7316.4434 0.6613
7318.1265 0.6611
7319.8140 0.6608
7321.4980 0.6603
7323.1860 0.6600
7324.8711 0.6598
7326.5601 0.6595
7328.2456 0.6592
7329.9312 0.6589
7331.6216 0.6587
7333.3081 0.6582
7334.9995 0.6578
7336.6865 0.6577
7338.3784 0.6576
7340.0669 0.6574
7341.7554 0.6573
7343.4482 0.6573
7345.1377 0.6571
7346.8315 0.6568
7348.5215 0.6565
7350.2163 0.6562
7351.9067 0.6560
7353.5981 0.6557
7355.2939 0.6553
7356.9858 0.6551
7358.6826 0.6549
7360.3755 0.6545
7362.0728 0.6542
7363.7661 0.6543
7365.4604 0.6542
7367.1587 0.6537
7368.8535 0.6532
7370.5527 0.6529
7372.2485 0.6526
7373.9487 0.6525
7375.6450 0.6522
7377.3418 0.6523
7379.0430 0.6527
7380.7402 0.6531
7382.4424 0.6530
7384.1406 0.6520
7385.8433 0.6517
7387.5425 0.6524
7389.2422 0.6528
7390.9458 0.6527
7392.6465 0.6525
7394.3511 0.6517
7396.0522 0.6506
7397.7573 0.6513
7399.4595 0.6525
7401.1616 0.6527
7402.8682 0.6520
7404.5713 0.6518
7406.2788 0.6512
7407.9824 0.6494
7409.6909 0.6476
7411.3955 0.6472
7413.1006 0.6479
7414.8101 0.6476
7416.5156 0.6485
7418.2261 0.6489
7419.9326 0.6488
7421.6436 0.6484
7423.3506 0.6460
7425.0586 0.6406
7426.7705 0.6377
7428.4795 0.6407
7430.1924 0.6443
7431.9014 0.6447
7433.6152 0.6442
7435.3257 0.6460
7437.0400 0.6470
7438.7510 0.6463
7440.4624 0.6456
7442.1777 0.6433
7443.8901 0.6371
7445.6064 0.6337
7447.3193 0.6380
7449.0366 0.6423
7450.7505 0.6436
7452.4644 0.6439
7454.1831 0.6454
7455.8979 0.6453
7457.6172 0.6446
7459.3325 0.6448
7461.0527 0.6450
7462.7690 0.6435
7464.4858 0.6405
7466.2070 0.6406
7467.9248 0.6392
7469.6470 0.6300
7471.3652 0.6259
7473.0884 0.6319
7474.8076 0.6379
7476.5269 0.6373
7478.2510 0.6387
7479.9712 0.6395
7481.6963 0.6402
7483.4175 0.6403
7485.1431 0.6384
7486.8652 0.6380
7488.5874 0.6387
7490.3145 0.6395
7492.0371 0.6391
7493.7651 0.6377
7495.4888 0.6368
7497.2173 0.6362
7498.9419 0.6344
7500.6670 0.6327
7502.3970 0.6318
7504.1226 0.6322
7505.8530 0.6344
7507.5801 0.6355
7509.3110 0.6358
7511.0386 0.6346
7512.7666 0.6339
7514.4990 0.6337
7516.2275 0.6325
7517.9609 0.6312
7519.6904 0.6311
7521.4243 0.6313
7523.1548 0.6312
7524.8853 0.6308
7526.6206 0.6304
7528.3521 0.6311
7530.0884 0.6311
7531.8203 0.6313
7533.5571 0.6311
7535.2905 0.6303
7537.0239 0.6299
7538.7617 0.6297
7540.4961 0.6287
7542.2349 0.6276
7543.9702 0.6271
7545.7095 0.6275
7547.4453 0.6280
7549.1816 0.6279
7550.9229 0.6277
7552.6597 0.6275
7554.4014 0.6273
7556.1392 0.6271
7557.8818 0.6267
7559.6201 0.6265
7561.3594 0.6264
7563.1030 0.6264
7564.8428 0.6263
7566.5874 0.6261
7568.3281 0.6258
7570.0732 0.6258
7571.8149 0.6258
7573.5610 0.6255
7575.3032 0.6254
7577.0459 0.6253
7578.7930 0.6253
7580.5366 0.6252
7582.2847 0.6249
7584.0288 0.6249
7585.7778 0.6248
7587.5229 0.6247
7589.2686 0.6244
7591.0186 0.6243
7592.7646 0.6242
7594.5156 0.6241
7596.2627 0.6239
7598.0142 0.6236
7599.7622 0.6235
7601.5107 0.6234
7603.2637 0.6232
7605.0127 0.6230
7606.7661 0.6228
7608.5161 0.6227
7610.2710 0.6226
7612.0215 0.6222
7613.7725 0.6216
7615.5283 0.6209
7617.2803 0.6202
7619.0366 0.6196
7620.7896 0.6191
7622.5469 0.6185
7624.3003 0.6183
7626.0542 0.6184
7627.8130 0.6183
7629.5679 0.6181
7631.3271 0.6181
7633.0825 0.6181
7634.8428 0.6180
7636.5991 0.6177
7638.3560 0.6176
7640.1172 0.6174
7641.8750 0.6169
7643.6372 0.6166
7645.3955 0.6166
7647.1587 0.6166
7648.9180 0.6165
7650.6772 0.6163
7652.4419 0.6160
7654.2021 0.6158
7655.9673 0.6154
7657.7285 0.6150
7659.4941 0.6149
7661.2563 0.6150
7663.0186 0.6149
7664.7856 0.6148
7666.5493 0.6147
7668.3169 0.6144
7670.0811 0.6142
7671.8496 0.6141
7673.6147 0.6139
7675.3799 0.6136
7677.1499 0.6134
7678.9160 0.6132
7680.6870 0.6130
7682.4536 0.6129
7684.2251 0.6126
7685.9932 0.6125
7687.7612 0.6124
7689.5342 0.6122
7691.3027 0.6117
7693.0767 0.6111
7694.8462 0.6112
7696.6206 0.6112
7698.3911 0.6111
7700.1621 0.6108
7701.9380 0.6105
7703.7100 0.6104
7705.4863 0.6105
7707.2588 0.6104
7709.0361 0.6101
7710.8096 0.6098
7712.5879 0.6094
7714.3618 0.6090
7716.1367 0.6090
7717.9160 0.6086
7719.6914 0.6080
7721.4717 0.6075
7723.2480 0.6073
7725.0288 0.6071
7726.8062 0.6067
7728.5835 0.6066
7730.3657 0.6067
7732.1440 0.6067
7733.9272 0.6064
7735.7065 0.6063
7737.4902 0.6064
7739.2700 0.6065
7741.0508 0.6065
7742.8354 0.6063
7744.6167 0.6061
7746.4028 0.6058
7748.1851 0.6056
7749.9717 0.6057
7751.7544 0.6058
7753.5376 0.6059
7755.3257 0.6060
7757.1099 0.6058
7758.8984 0.6052
7760.6836 0.6049
7762.4731 0.6051
7764.2588 0.6049
7766.0449 0.6043
7767.8359 0.6039
7769.6226 0.6036
7771.4146 0.6014
7773.2021 0.5893
7774.9946 0.5754
7776.7832 0.5699
7778.5723 0.5772
7780.3662 0.5915
7782.1558 0.5969
7783.9507 0.6005
7785.7412 0.6024
7787.5366 0.6032
7789.3281 0.6036
7791.1201 0.6038
7792.9165 0.6036
7794.7095 0.6032
7796.5068 0.6033
7798.3003 0.6033
7800.0986 0.6022
7801.8931 0.6000
7803.6880 0.5992
7805.4873 0.6015
7807.2832 0.6022
7809.0835 0.6023
7810.8799 0.6028
7812.6812 0.6022
7814.4785 0.6008
7816.2759 0.6018
7818.0786 0.6029
7819.8770 0.6029
7821.6802 0.6022
7823.4795 0.6019
7825.2837 0.6011
7827.0840 0.5994
7828.8843 0.5965
7830.6899 0.5960
7832.4912 0.5980
7834.2974 0.5988
7836.0996 0.5987
7837.9067 0.5993
7839.7100 0.5995
7841.5132 0.5991
7843.3213 0.5986
7845.1260 0.5984
7846.9351 0.5981
7848.7402 0.5977
7850.5498 0.5974
7852.3560 0.5970
7854.1665 0.5963
7855.9736 0.5956
7857.7808 0.5953
7859.5928 0.5950
7861.4009 0.5943
7863.2139 0.5939
7865.0225 0.5932
7866.8364 0.5898
7868.6460 0.5829
7870.4561 0.5822
7872.2710 0.5883
7874.0820 0.5929
7875.8979 0.5926
7877.7100 0.5905
7879.5264 0.5864
7881.3389 0.5893
7883.1519 0.5914
7884.9697 0.5916
7886.7837 0.5915
7888.6025 0.5911
7890.4175 0.5896
7892.2368 0.5894
7894.0522 0.5899
7895.8687 0.5890
7897.6890 0.5860
7899.5059 0.5840
7901.3276 0.5886
7903.1455 0.5899
7904.9678 0.5890
7906.7861 0.5888
7908.6055 0.5893
7910.4292 0.5889
7912.2485 0.5879
7914.0732 0.5875
7915.8940 0.5871
7917.7192 0.5864
7919.5405 0.5859
7921.3628 0.5858
7923.1895 0.5847
7925.0122 0.5839
7926.8394 0.5844
7928.6631 0.5850
7930.4912 0.5847
7932.3159 0.5840
7934.1406 0.5837
7935.9702 0.5812
7937.7959 0.5750
7939.6265 0.5697
7941.4526 0.5691
7943.2842 0.5728
7945.1113 0.5772
7946.9390 0.5798
7948.7720 0.5797
7950.6006 0.5790
7952.4336 0.5793
7954.2632 0.5803
7956.0977 0.5812
7957.9277 0.5819
7959.7583 0.5818
7961.5938 0.5814
7963.4253 0.5813
7965.2617 0.5813
7967.0942 0.5807
7968.9316 0.5814
7970.7646 0.5814
7972.5981 0.5809
7974.4370 0.5803
7976.2715 0.5796
7978.1108 0.5789
7979.9458 0.5794
7981.7861 0.5799
7983.6226 0.5799
7985.4590 0.5798
7987.3003 0.5799
7989.1377 0.5800
7990.9800 0.5800
7992.8184 0.5798
7994.6616 0.5788
7996.5005 0.5774
7998.3447 0.5767
8000.1846 0.5770
8002.0249 0.5774
8003.8706 0.5773
8005.7114 0.5769
8007.5576 0.5767
8009.3999 0.5770
8011.2471 0.5770
8013.0898 0.5765
8014.9331 0.5759
8016.7812 0.5753
8018.6255 0.5750
8020.4746 0.5751
8022.3198 0.5750
8024.1699 0.5750
8026.0156 0.5742
8027.8623 0.5741
8029.7134 0.5749
8031.5605 0.5752
8033.4126 0.5752
8035.2607 0.5752
8037.1138 0.5745
8038.9624 0.5737
8040.8120 0.5735
8042.6660 0.5737
8044.5161 0.5738
8046.3711 0.5736
8048.2222 0.5733
8050.0781 0.5732
8051.9302 0.5731
8053.7827 0.5729
8055.6396 0.5732
8057.4927 0.5724
8059.3511 0.5718
8061.2051 0.5718
8063.0640 0.5721
8064.9189 0.5719
8066.7739 0.5717
8068.6343 0.5715
8070.4902 0.5719
8072.3516 0.5720
8074.2085 0.5718
8076.0703 0.5719
8077.9282 0.5714
8079.7866 0.5708
8081.6499 0.5706
8083.5088 0.5704
8085.3730 0.5702
8087.2329 0.5700
8089.0981 0.5697
8090.9590 0.5694
8092.8203 0.5690
8094.6865 0.5687
8096.5483 0.5686
8098.4155 0.5683
8100.2788 0.5680
8102.1465 0.5680
8104.0103 0.5678
8105.8745 0.5677
8107.7441 0.5676
8109.6089 0.5673
8111.4790 0.5671
8113.3452 0.5670
8115.2163 0.5669
8117.0830 0.5667
8118.9502 0.5664
8120.8228 0.5662
8122.6909 0.5660
8124.5640 0.5658
8126.4326 0.5658
8128.3066 0.5655
8130.1768 0.5652
8132.0513 0.5650
8133.9224 0.5648
8135.7935 0.5647
8137.6694 0.5646
8139.5415 0.5644
8141.4185 0.5641
8143.2915 0.5637
8145.1694 0.5636
8147.0430 0.5636
8148.9175 0.5634
8150.7964 0.5631
8152.6714 0.5628
8154.5513 0.5626
8156.4272 0.5625
8158.3081 0.5622
8160.1851 0.5619
8162.0625 0.5617
8163.9443 0.5615
8165.8228 0.5613
8167.7056 0.5612
8169.5845 0.5611
8171.4683 0.5608
8173.3481 0.5606
8175.2285 0.5603
8177.1138 0.5601
8178.9951 0.5600
8180.8809 0.5599
8182.7632 0.5597
8184.6499 0.5593
8186.5327 0.5589
8188.4160 0.5586
8190.3042 0.5582
8192.1885 0.5584
8194.0771 0.5583
8195.9629 0.5580
8197.8525 0.5578
8199.7383 0.5579
8201.6250 0.5577
8203.5156 0.5573
8205.4033 0.5571
8207.2959 0.5570
8209.1836 0.5569
8211.0762 0.5568
8212.9658 0.5565
8214.8545 0.5551
8216.7490 0.5532
8218.6396 0.5532
8220.5342 0.5548
8222.4258 0.5552
8224.3223 0.5545
8226.2139 0.5544
8228.1064 0.5549
8230.0039 0.5547
8231.8965 0.5541
8233.7949 0.5540
8235.6895 0.5529
8237.5889 0.5520
8239.4834 0.5527
8241.3789 0.5535
8243.2793 0.5530
8245.1758 0.5525
8247.0771 0.5531
8248.9746 0.5527
8250.8770 0.5513
8252.7744 0.5512
8254.6729 0.5524
8256.5771 0.5522
8258.4766 0.5521
8260.3809 0.5519
8262.2812 0.5517
8264.1865 0.5516
8266.0869 0.5514
8267.9893 0.5511
8269.8955 0.5513
8271.7979 0.5511
8273.7051 0.5509
8275.6084 0.5507
8277.5166 0.5505
8279.4209 0.5503
8281.3301 0.5503
8283.2354 0.5493
8285.1416 0.5490
8287.0518 0.5485
8288.9580 0.5475
8290.8691 0.5478
8292.7773 0.5489
8294.6895 0.5477
8296.5977 0.5488
8298.5059 0.5494
8300.4199 0.5473
8302.3291 0.5462
8304.2432 0.5489
8306.1543 0.5479
8308.0693 0.5449
8309.9805 0.5455
8311.8926 0.5492
8313.8086 0.5489
8315.7217 0.5430
8317.6396 0.5416
8319.5527 0.5459
8321.4707 0.5490
8323.3857 0.5460
8325.2998 0.5403
8327.2197 0.5409
8329.1357 0.5464
8331.0566 0.5494
8332.9727 0.5466
8334.8945 0.5396
8336.8115 0.5348
8338.7295 0.5413
8340.6523 0.5471
8342.5713 0.5487
8344.4951 0.5458
8346.4150 0.5387
8348.3398 0.5319
8350.2598 0.5386
8352.1807 0.5461
8354.1074 0.5494
8356.0293 0.5492
8357.9561 0.5451
8359.8789 0.5358
8361.8066 0.5300
8363.7295 0.5365
8365.6543 0.5441
8367.5830 0.5476
8369.5078 0.5483
8371.4375 0.5474
8373.3643 0.5427
8375.2949 0.5324
8377.2217 0.5266
8379.1484 0.5322
8381.0811 0.5428
8383.0088 0.5458
8384.9424 0.5471
8386.8711 0.5470
8388.8047 0.5455
8390.7344 0.5419
8392.6650 0.5332
8394.6006 0.5221
8396.5312 0.5263
8398.4678 0.5352
8400.3994 0.5411
8402.3369 0.5439
8404.2695 0.5455
8406.2031 0.5458
8408.1416 0.5435
8410.0762 0.5396
8412.0156 0.5349
8413.9502 0.5257
8415.8906 0.5185
8417.8271 0.5260
8419.7637 0.5352
8421.7051 0.5397
8423.6426 0.5425
8425.5850 0.5444
8427.5234 0.5451
8429.4668 0.5451
8431.4053 0.5441
8433.3496 0.5419
8435.2900 0.5394
8437.2305 0.5333
8439.1758 0.5222
8441.1172 0.5141
8443.0645 0.5248
8445.0059 0.5349
8446.9541 0.5266
8448.8965 0.5157
8450.8408 0.5222
8452.7891 0.5414
8454.7344 0.5416
8456.6836 0.5417
8458.6289 0.5420
8460.5791 0.5414
8462.5254 0.5397
8464.4727 0.5359
8466.4248 0.5303
8468.3721 0.5180
8470.3252 0.5140
8472.2734 0.5228
8474.2275 0.5348
8476.1768 0.5381
8478.1270 0.5403
8480.0820 0.5409
8482.0322 0.5404
8483.9883 0.5400
8485.9404 0.5401
8487.8975 0.5401
8489.8496 0.5389
8491.8027 0.5377
8493.7607 0.5370
8495.7148 0.5375
8497.6738 0.5340
8499.6289 0.5219
8501.5889 0.5174
8503.5449 0.5120
8505.5010 0.5090
8507.4619 0.5165
8509.4199 0.5291
8511.3818 0.5322
8513.3398 0.5351
8515.3027 0.5345
8517.2617 0.5344
8519.2217 0.5362
8521.1855 0.5375
8523.1465 0.5362
8525.1113 0.5359
8527.0723 0.5364
8529.0391 0.5370
8531.0010 0.5371
8532.9639 0.5367
8534.9316 0.5362
8536.8945 0.5355
8538.8633 0.5332
8540.8281 0.5305
8542.7969 0.5179
8544.7627 0.5010
8546.7285 0.4997
8548.6992 0.5035
8550.6660 0.5158
8552.6377 0.5251
8554.6045 0.5292
8556.5771 0.5305
8558.5459 0.5305
8560.5146 0.5308
8562.4893 0.5314
8564.4590 0.5315
8566.4336 0.5316
8568.4043 0.5309
8570.3799 0.5287
8572.3516 0.5299
8574.3242 0.5303
8576.3008 0.5299
8578.2744 0.5298
8580.2520 0.5299
8582.2256 0.5300
8584.2051 0.5303
8586.1797 0.5302
8588.1602 0.5295
8590.1357 0.5289
8592.1113 0.5283
8594.0928 0.5260
8596.0703 0.5200
8598.0527 0.5135
8600.0303 0.5025
8602.0137 0.5014
8603.9922 0.5140
8605.9717 0.5229
8607.9561 0.5264
8609.9365 0.5275
8611.9219 0.5279
8613.9033 0.5277
8615.8896 0.5272
8617.8711 0.5270
8619.8535 0.5264
8621.8418 0.5245
8623.8252 0.5229
8625.8135 0.5234
8627.7979 0.5249
8629.7881 0.5236
8631.7725 0.5193
8633.7588 0.5226
8635.7500 0.5256
8637.7363 0.5260
8639.7285 0.5259
8641.7158 0.5255
8643.7080 0.5253
8645.6973 0.5247
8647.6855 0.5243
8649.6797 0.5243
8651.6699 0.5244
8653.6650 0.5240
8655.6553 0.5231
8657.6514 0.5209
8659.6436 0.5216
8661.6357 0.5179
8663.6328 0.5048
8665.6260 0.4916
8667.6240 0.4919
8669.6182 0.5032
8671.6172 0.5149
8673.6123 0.5210
8675.6074 0.5226
8677.6084 0.5237
8679.6045 0.5238
8681.6055 0.5135
8683.6025 0.5063
8685.6055 0.5062
8687.6035 0.5099
8689.6025 0.5155
8691.6055 0.5226
8693.6055 0.5246
8695.6104 0.5245
8697.6104 0.5240
8699.6162 0.5237
8701.6172 0.5233
8703.6191 0.5207
8705.6260 0.5151
8707.6289 0.5171
8709.6367 0.5227
8711.6406 0.5221
8713.6494 0.5150
8715.6543 0.5168
8717.6592 0.5223
8719.6699 0.5194
8721.6758 0.5152
8723.6865 0.5175
8725.6934 0.5218
8727.7061 0.5213
8729.7129 0.5199
8731.7217 0.5185
8733.7354 0.5190
8735.7441 0.5205
8737.7588 0.5201
8739.7686 0.5199
8741.7842 0.5193
8743.7949 0.5188
8745.8115 0.5176
8747.8232 0.5149
8749.8359 0.5085
8751.8535 0.4934
8753.8672 0.4905
8755.8857 0.5026
8757.9004 0.5138
8759.9199 0.5165
8761.9346 0.5187
8763.9502 0.5193
8765.9717 0.5190
8767.9883 0.5191
8770.0098 0.5190
8772.0273 0.5184
8774.0498 0.5179
8776.0684 0.5174
8778.0879 0.5173
8780.1113 0.5172
8782.1318 0.5166
8784.1562 0.5158
8786.1777 0.5160
8788.2031 0.5164
8790.2256 0.5167
8792.2471 0.5167
8794.2754 0.5167
8796.2979 0.5167
8798.3262 0.5166
8800.3506 0.5165
8802.3799 0.5161
8804.4053 0.5157
8806.4307 0.5150
8808.4609 0.5141
8810.4873 0.5140
8812.5195 0.5142
8814.5459 0.5135
8816.5791 0.5130
8818.6074 0.5134
8820.6357 0.5136
8822.6699 0.5123
8824.6992 0.5117
8826.7344 0.5125
8828.7646 0.5129
8830.8008 0.5132
8832.8330 0.5134
8834.8643 0.5127
8836.9014 0.5122
8838.9346 0.5119
8840.9727 0.5118
8843.0068 0.5117
8845.0459 0.5115
8847.0811 0.5110
8849.1162 0.5103
8851.1562 0.5091
8853.1924 0.5081
8855.2344 0.5063
8857.2715 0.5036
8859.3145 0.5006
8861.3516 0.4956
8863.3906 0.4858
8865.4346 0.4792
8867.4736 0.4829
8869.5186 0.4925
8871.5596 0.4963
8873.6045 0.4995
8875.6465 0.5017
8877.6885 0.5034
8879.7354 0.5050
8881.7783 0.5060
8883.8262 0.5064
8885.8701 0.5072
8887.9189 0.5080
8889.9639 0.5085
8892.0088 0.5087
8894.0596 0.5088
8896.1055 0.5089
8898.1562 0.5090
8900.2041 0.5092
8902.2559 0.5093
8904.3037 0.5093
8906.3574 0.5092
8908.4062 0.5091
8910.4561 0.5090
8912.5107 0.5085
8914.5605 0.5077
8916.6162 0.5079
8918.6680 0.5087
8920.7246 0.5084
8922.7764 0.5083
8924.8291 0.5083
8926.8867 0.5080
8928.9404 0.5075
8931.0000 0.5073
8933.0547 0.5078
8935.1143 0.5076
8937.1699 0.5071
8939.2256 0.5069
8941.2871 0.5069
8943.3438 0.5069
8945.4062 0.5067
8947.4639 0.5065
8949.5273 0.5062
8951.5859 0.5060
8953.6455 0.5058
8955.7100 0.5057
8957.7705 0.5055
8959.8359 0.5052
8961.8975 0.5049
8963.9639 0.5048
8966.0264 0.5046
8968.0889 0.5043
8970.1572 0.5040
8972.2207 0.5039
8974.2891 0.5036
8976.3535 0.5032
8978.4238 0.5029
8980.4893 0.5026
8982.5557 0.5019
8984.6270 0.5014
8986.6934 0.5012
8988.7656 0.5009
8990.8340 0.5001
8992.9072 0.4992
8994.9756 0.4985
8997.0449 0.4977
8999.1201 0.4964
9001.1904 0.4948
9003.2656 0.4930
9005.3369 0.4907
9007.4131 0.4876
9009.4854 0.4840
9011.5586 0.4797
9013.6357 0.4748
9015.7100 0.4687
9017.7891 0.4647
9019.8633 0.4681
9021.9434 0.4737
9024.0186 0.4784
9026.0947 0.4824
9028.1758 0.4857
9030.2529 0.4882
9032.3350 0.4903
9034.4131 0.4919
9036.4971 0.4931
9038.5752 0.4940
9040.6543 0.4947
9042.7393 0.4951
9044.8193 0.4955
9046.9053 0.4954
9048.9863 0.4953
9051.0732 0.4954
9053.1553 0.4958
9055.2383 0.4960
9057.3262 0.4962
9059.4102 0.4960
9061.4990 0.4959
9063.5840 0.4941
9065.6738 0.4932
9067.7588 0.4947
9069.8506 0.4956
9071.9365 0.4955
9074.0234 0.4953
9076.1162 0.4951
9078.2041 0.4933
9080.2979 0.4911
9082.3867 0.4927
9084.4805 0.4946
9086.5703 0.4947
9088.6611 0.4941
9090.7568 0.4931
9092.8486 0.4929
9094.9453 0.4937
9097.0371 0.4909
9099.1348 0.4917
9101.2285 0.4932
9103.3223 0.4933
9105.4209 0.4926
9107.5156 0.4928
9109.6162 0.4927
9111.7119 0.4925
9113.8125 0.4916
9115.9092 0.4914
9118.0068 0.4921
9120.1094 0.4918
9122.2070 0.4916
9124.3105 0.4901
9126.4102 0.4897
9128.5146 0.4906
9130.6143 0.4912
9132.7148 0.4906
9134.8213 0.4888
9136.9219 0.4895
9139.0293 0.4902
9141.1318 0.4902
9143.2393 0.4900
9145.3428 0.4900
9147.4473 0.4896
9149.5566 0.4894
9151.6611 0.4892
9153.7715 0.4891
9155.8770 0.4889
9157.9883 0.4884
9160.0957 0.4881
9162.2031 0.4879
9164.3154 0.4880
9166.4238 0.4881
9168.5371 0.4879
9170.6465 0.4877
9172.7617 0.4873
9174.8711 0.4872
9176.9824 0.4861
9179.0986 0.4849
9181.2100 0.4846
9183.3271 0.4851
9185.4395 0.4858
9187.5576 0.4853
9189.6719 0.4839
9191.7852 0.4839
9193.9053 0.4850
9196.0205 0.4844
9198.1406 0.4842
9200.2568 0.4838
9202.3789 0.4832
9204.4951 0.4825
9206.6133 0.4819
9208.7363 0.4811
9210.8545 0.4801
9212.9785 0.4787
9215.0977 0.4765
9217.2227 0.4747
9219.3428 0.4724
9221.4639 0.4675
9223.5908 0.4666
9225.7129 0.4635
9227.8398 0.4588
9229.9629 0.4531
9232.0908 0.4495
9234.2148 0.4532
9236.3447 0.4584
9238.4688 0.4627
9240.5947 0.4661
9242.7256 0.4694
9244.8516 0.4712
9246.9834 0.4702
9249.1104 0.4735
9251.2432 0.4759
9253.3721 0.4770
9255.5010 0.4775
9257.6348 0.4780
9259.7646 0.4783
9261.8994 0.4774
9264.0303 0.4740
9266.1670 0.4733
9268.2988 0.4746
9270.4307 0.4761
9272.5684 0.4786
9274.7012 0.4779
9276.8398 0.4785
9278.9746 0.4790
9281.1143 0.4789
9283.2490 0.4788
9285.3848 0.4786
9287.5264 0.4785
9289.6621 0.4781
9291.8047 0.4779
9293.9424 0.4777
9296.0850 0.4777
9298.2236 0.4775
9300.3633 0.4773
9302.5078 0.4774
9304.6475 0.4774
9306.7930 0.4772
9308.9346 0.4771
9311.0811 0.4772
9313.2227 0.4768
9315.3652 0.4765
9317.5137 0.4764
9319.6572 0.4763
9321.8057 0.4762
9323.9502 0.4761
9326.1006 0.4759
9328.2461 0.4755
9330.3916 0.4749
9332.5439 0.4748
9334.6904 0.4751
9336.8428 0.4750
9338.9912 0.4750
9341.1445 0.4748
9343.2939 0.4745
9345.4434 0.4745
9347.5977 0.4745
9349.7480 0.4741
9351.9043 0.4740
9354.0557 0.4739
9356.2129 0.4738
9358.3652 0.4737
9360.5186 0.4736
9362.6768 0.4734
9364.8301 0.4731
9366.9902 0.4729
9369.1445 0.4727
9371.3057 0.4727
9373.4609 0.4726
9375.6172 0.4725
9377.7793 0.4723
9379.9365 0.4719
9382.0996 0.4717
9384.2578 0.4716
9386.4219 0.4715
9388.5820 0.4713
9390.7461 0.4712
9392.9072 0.4710
9395.0674 0.4696
9397.2344 0.4693
9399.3965 0.4706
9401.5635 0.4704
9403.7266 0.4704
9405.8945 0.4701
9408.0586 0.4684
9410.2227 0.4682
9412.3926 0.4695
9414.5586 0.4675
9416.7295 0.4674
9418.8955 0.4687
9421.0674 0.4692
9423.2344 0.4690
9425.4023 0.4689
9427.5762 0.4686
9429.7451 0.4684
9431.9189 0.4682
9434.0889 0.4682
9436.2646 0.4681
9438.4355 0.4678
9440.6064 0.4676
9442.7832 0.4675
9444.9561 0.4673
9447.1338 0.4671
9449.3076 0.4669
9451.4863 0.4668
9453.6602 0.4669
9455.8350 0.4668
9458.0156 0.4665
9460.1914 0.4662
9462.3730 0.4660
9464.5498 0.4658
9466.7324 0.4656
9468.9102 0.4655
9471.0889 0.4656
9473.2725 0.4654
9475.4521 0.4651
9477.6367 0.4650
9479.8174 0.4649
9482.0029 0.4648
9484.1846 0.4642
9486.3662 0.4637
9488.5537 0.4638
9490.7363 0.4640
9492.9258 0.4639
9495.1094 0.4636
9497.2988 0.4633
9499.4834 0.4631
9501.6689 0.4629
9503.8604 0.4626
9506.0459 0.4624
9508.2383 0.4622
9510.4258 0.4619
9512.6191 0.4616
9514.8076 0.4613
9516.9961 0.4609
9519.1904 0.4605
9521.3809 0.4599
9523.5762 0.4593
9525.7666 0.4586
9527.9639 0.4578
9530.1553 0.4568
9532.3477 0.4554
9534.5459 0.4536
9536.7393 0.4516
9538.9385 0.4492
9541.1328 0.4461
9543.3330 0.4424
9545.5283 0.4380
9547.7246 0.4323
9549.9268 0.4319
9552.1230 0.4361
9554.3262 0.4409
9556.5234 0.4443
9558.7275 0.4474
9560.9268 0.4496
9563.1309 0.4515
9565.3311 0.4529
9567.5322 0.4540
9569.7383 0.4549
9571.9395 0.4555
9574.1465 0.4559
9576.3496 0.4562
9578.5576 0.4565
9580.7607 0.4567
9582.9648 0.4568
9585.1748 0.4570
9587.3799 0.4569
9589.5908 0.4568
9591.7969 0.4568
9594.0088 0.4567
9596.2158 0.4566
9598.4238 0.4566
9600.6367 0.4565
9602.8457 0.4563
9605.0596 0.4557
9607.2695 0.4555
9609.4854 0.4562
9611.6953 0.4560
9613.9062 0.4560
9616.1240 0.4559
9618.3359 0.4559
9620.5537 0.4557
9622.7666 0.4553
9624.9863 0.4553
9627.2002 0.4555
9629.4150 0.4553
9631.6357 0.4546
9633.8516 0.4531
9636.0723 0.4523
9638.2891 0.4546
9640.5117 0.4546
9642.7295 0.4546
9644.9482 0.4545
9647.1719 0.4544
9649.3916 0.4543
9651.6172 0.4540
9653.8369 0.4537
9656.0635 0.4537
9658.2842 0.4531
9660.5068 0.4520
9662.7344 0.4519
9664.9570 0.4533
9667.1855 0.4533
9669.4102 0.4532
9671.6396 0.4529
9673.8643 0.4525
9676.0898 0.4524
9678.3213 0.4524
9680.5479 0.4523
9682.7803 0.4521
9685.0078 0.4521
9687.2412 0.4521
9689.4697 0.4519
9691.6982 0.4515
9693.9336 0.4513
9696.1631 0.4513
9698.3994 0.4513
9700.6299 0.4512
9702.8672 0.4511
9705.0996 0.4511
9707.3320 0.4510
9709.5703 0.4506
9711.8047 0.4504
9714.0439 0.4503
9716.2783 0.4502
9718.5186 0.4502
9720.7549 0.4501
9722.9912 0.4500
9725.2334 0.4499
9727.4707 0.4497
9729.7139 0.4493
9731.9521 0.4491
9734.1963 0.4491
9736.4355 0.4491
9738.6807 0.4490
9740.9209 0.4489
9743.1621 0.4488
9745.4082 0.4485
9747.6504 0.4483
9749.8984 0.4482
9752.1416 0.4481
9754.3896 0.4480
9756.6338 0.4480
9758.8789 0.4479
9761.1289 0.4479
9763.3740 0.4478
9765.6260 0.4476
9767.8721 0.4473
9770.1250 0.4471
9772.3721 0.4470
9774.6201 0.4469
9776.8750 0.4469
9779.1240 0.4468
9781.3789 0.4468
9783.6289 0.4467
9785.8848 0.4464
9788.1367 0.4461
9790.3877 0.4460
9792.6455 0.4459
9794.8984 0.4459
9797.1572 0.4458
9799.4111 0.4457
9801.6709 0.4456
9803.9258 0.4453
9806.1807 0.4450
9808.4424 0.4450
9810.6982 0.4449
9812.9609 0.4446
9815.2188 0.4445
9817.4814 0.4445
9819.7402 0.4446
9821.9990 0.4444
9824.2646 0.4441
9826.5244 0.4437
9828.7900 0.4432
9831.0518 0.4435
9833.3184 0.4438
9835.5801 0.4437
9837.8428 0.4435
9840.1113 0.4434
9842.3750 0.4432
9844.6455 0.4430
9846.9102 0.4428
9849.1807 0.4428
9851.4463 0.4428
9853.7129 0.4426
9855.9844 0.4425
9858.2520 0.4426
9860.5254 0.4423
9862.7939 0.4420
9865.0684 0.4418
9867.3379 0.4418
9869.6074 0.4417
9871.8838 0.4417
9874.1543 0.4416
9876.4316 0.4415
9878.7031 0.4415
9880.9814 0.4414
9883.2549 0.4411
9885.5283 0.4408
9887.8076 0.4409
9890.0830 0.4406
9892.3633 0.4397
9894.6387 0.4391
9896.9209 0.4402
9899.1973 0.4405
9901.4746 0.4403
9903.7578 0.4400
9906.0361 0.4398
9908.3203 0.4398
9910.5996 0.4397
9912.8857 0.4396
9915.1660 0.4396
9917.4521 0.4395
9919.7334 0.4394
9922.0156 0.4392
9924.3037 0.4389
9926.5869 0.4388
9928.8760 0.4387
9931.1602 0.4387
9933.4502 0.4384
9935.7354 0.4384
9938.0205 0.4385
9940.3125 0.4383
9942.5996 0.4379
9944.8926 0.4377
9947.1797 0.4377
9949.4736 0.4377
9951.7627 0.4377
9954.0518 0.4376
9956.3477 0.4375
9958.6377 0.4373
9960.9346 0.4370
9963.2256 0.4369
9965.5234 0.4368
9967.8154 0.4368
9970.1094 0.4367
9972.4082 0.4366
9974.7021 0.4366
9977.0020 0.4364
9979.2979 0.4361
9981.5986 0.4359
9983.8945 0.4359
9986.1914 0.4358
9988.4941 0.4357
9990.7920 0.4357
9993.0967 0.4354
9995.3955 0.4352
9997.7002 0.4348
10000.0000 0.4342
10002.3057 0.4341
10004.6016 0.4347
10006.9082 0.4344
10009.2158 0.4343
10011.5244 0.4341
10013.8223 0.4338
10016.1309 0.4336
10018.4404 0.4333
10020.7402 0.4330
10023.0508 0.4326
10025.3623 0.4321
10027.6738 0.4316
10029.9756 0.4309
10032.2881 0.4301
10034.6016 0.4291
10036.9043 0.4279
10039.2188 0.4264
10041.5342 0.4245
10043.8496 0.4223
10046.1543 0.4194
10048.4707 0.4161
10050.7881 0.4112
10053.0947 0.4096
10055.4131 0.4127
10057.7324 0.4173
10060.0508 0.4198
10062.3604 0.4223
10064.6807 0.4242
10067.0010 0.4257
10069.3115 0.4269
10071.6338 0.4278
10073.9561 0.4285
10076.2793 0.4290
10078.5918 0.4292
10080.9160 0.4295
10083.2402 0.4299
10085.5547 0.4301
10087.8799 0.4301
10090.2061 0.4305
10092.5332 0.4300
10094.8496 0.4287
10097.1777 0.4290
10099.5059 0.4306
10101.8232 0.4302
10104.1533 0.4303
10106.4834 0.4303
10108.8135 0.4298
10111.1338 0.4293
10113.4648 0.4291
10115.7969 0.4289
10118.1191 0.4295
10120.4521 0.4299
10122.7861 0.4300
10125.1201 0.4295
10127.4434 0.4288
10129.7793 0.4295
10132.1152 0.4295
10134.4404 0.4293
10136.7773 0.4292
10139.1152 0.4291
10141.4531 0.4291
10143.7803 0.4291
10146.1191 0.4290
10148.4590 0.4289
10150.7881 0.4289
10153.1289 0.4289
10155.4707 0.4289
10157.8125 0.4287
10160.1436 0.4284
10162.4863 0.4283
10164.8301 0.4281
10167.1621 0.4280
10169.5068 0.4279
10171.8525 0.4281
10174.1973 0.4280
10176.5322 0.4279
10178.8789 0.4279
10181.2266 0.4279
10183.5742 0.4277
10185.9111 0.4274
10188.2607 0.4273
10190.6094 0.4272
10192.9482 0.4271
10195.2988 0.4271
10197.6504 0.4271
10200.0020 0.4271
10202.3428 0.4270
10204.6953 0.4270
10207.0479 0.4269
10209.3906 0.4266
10211.7451 0.4264
10214.0996 0.4263
10216.4551 0.4263
10218.7998 0.4263
10221.1562 0.4262
10223.5137 0.4262
10225.8594 0.4262
10228.2178 0.4261
10230.5762 0.4260
10232.9355 0.4256
10235.2842 0.4255
10237.6436 0.4255
10240.0049 0.4254
10242.3545 0.4254
10244.7168 0.4253
10247.0791 0.4252
10249.4424 0.4251
10251.7939 0.4252
10254.1582 0.4252
10256.5234 0.4249
10258.8770 0.4247
10261.2422 0.4246
10263.6084 0.4246
10265.9756 0.4245
10268.3311 0.4245
10270.6992 0.4245
10273.0674 0.4244
10275.4258 0.4244
10277.7949 0.4244
10280.1650 0.4242
10282.5352 0.4238
10284.8955 0.4238
10287.2666 0.4237
10289.6396 0.4237
10292.0010 0.4236
10294.3740 0.4236
10296.7480 0.4236
10299.1221 0.4236
10301.4863 0.4236
10303.8613 0.4233
10306.2373 0.4231
10308.6025 0.4229
10310.9795 0.4229
10313.3574 0.4229
10315.7363 0.4229
10318.1035 0.4228
10320.4824 0.4228
10322.8623 0.4228
10325.2314 0.4227
10327.6123 0.4226
10329.9941 0.4223
10332.3760 0.4221
10334.7471 0.4216
10337.1309 0.4215
