3573.5520 0.5867
3574.3740 0.5895
3575.1963 0.5915
3576.0208 0.5926
3576.8435 0.5919
3577.6682 0.5887
3578.4915 0.5831
3579.3167 0.5767
3580.1399 0.5748
3580.9636 0.5790
3581.7893 0.5823
3582.6133 0.5776
3583.4395 0.5667
3584.2639 0.5592
3585.0903 0.5592
3585.9150 0.5646
3586.7400 0.5714
3587.5671 0.5770
3588.3923 0.5819
3589.2200 0.5875
3590.0457 0.5920
3590.8735 0.5932
3591.6995 0.5914
3592.5259 0.5888
3593.3542 0.5884
3594.1809 0.5899
3595.0098 0.5923
3595.8367 0.5949
3596.6660 0.5975
3597.4934 0.5994
3598.3208 0.5994
3599.1506 0.5971
3599.9788 0.5934
3600.8088 0.5897
3601.6372 0.5866
3602.4678 0.5837
3603.2964 0.5810
3604.1252 0.5810
3604.9565 0.5846
3605.7859 0.5873
3606.6172 0.5849
3607.4470 0.5788
3608.2788 0.5759
3609.1089 0.5780
3609.9392 0.5820
3610.7717 0.5841
3611.6023 0.5845
3612.4351 0.5860
3613.2661 0.5913
3614.0994 0.5967
3614.9307 0.5970
3615.7625 0.5901
3616.5962 0.5793
3617.4282 0.5722
3618.2625 0.5745
3619.0947 0.5814
3619.9292 0.5863
3620.7620 0.5879
3621.5969 0.5877
3622.4302 0.5882
3623.2634 0.5911
3624.0989 0.5974
3624.9326 0.6043
3625.7686 0.6080
3626.6028 0.6079
3627.4390 0.6036
3628.2734 0.5940
3629.1082 0.5817
3629.9451 0.5756
3630.7800 0.5797
3631.6174 0.5894
3632.4529 0.5979
3633.2903 0.6026
3634.1262 0.6053
3634.9622 0.6065
3635.8005 0.6066
3636.6370 0.6066
3637.4756 0.6071
3638.3123 0.6070
3639.1514 0.6043
3639.9885 0.5993
3640.8259 0.5934
3641.6653 0.5893
3642.5032 0.5890
3643.3430 0.5917
3644.1812 0.5941
3645.0215 0.5939
3645.8601 0.5919
3646.6990 0.5910
3647.5398 0.5931
3648.3789 0.5966
3649.2202 0.6003
3650.0596 0.6042
3650.9014 0.6080
3651.7412 0.6119
3652.5813 0.6155
3653.4236 0.6180
3654.2642 0.6186
3655.1067 0.6189
3655.9475 0.6200
3656.7908 0.6203
3657.6318 0.6190
3658.4734 0.6177
3659.3169 0.6173
3660.1587 0.6163
3661.0029 0.6149
3661.8450 0.6148
3662.6895 0.6168
3663.5320 0.6198
3664.3748 0.6222
3665.2197 0.6232
3666.0630 0.6233
3666.9084 0.6228
3667.7520 0.6223
3668.5977 0.6222
3669.4417 0.6228
3670.2859 0.6243
3671.1321 0.6251
3671.9768 0.6247
3672.8235 0.6236
3673.6685 0.6227
3674.5156 0.6210
3675.3608 0.6185
3676.2063 0.6163
3677.0542 0.6145
3677.8999 0.6132
3678.7480 0.6135
3679.5945 0.6150
3680.4429 0.6156
3681.2896 0.6155
3682.1365 0.6151
3682.9856 0.6129
3683.8328 0.6074
3684.6824 0.6026
3685.5300 0.6037
3686.3799 0.6129
3687.2278 0.6252
3688.0781 0.6325
3688.9265 0.6313
3689.7751 0.6290
3690.6260 0.6333
3691.4751 0.6430
3692.3264 0.6506
3693.1758 0.6496
3694.0273 0.6407
3694.8772 0.6297
3695.7273 0.6263
3696.5793 0.6366
3697.4299 0.6548
3698.2825 0.6694
3699.1333 0.6716
3699.9863 0.6619
3700.8374 0.6432
3701.6887 0.6209
3702.5425 0.6048
3703.3943 0.6024
3704.2483 0.6134
3705.1003 0.6320
3705.9548 0.6498
3706.8074 0.6590
3707.6599 0.6564
3708.5149 0.6419
3709.3682 0.6201
3710.2234 0.6057
3711.0771 0.6128
3711.9329 0.6403
3712.7866 0.6735
3713.6409 0.6989
3714.4973 0.7136
3715.3518 0.7198
3716.2085 0.7162
3717.0635 0.6994
3717.9204 0.6686
3718.7759 0.6284
3719.6313 0.5908
3720.4890 0.5749
3721.3450 0.5931
3722.2031 0.6358
3723.0593 0.6812
3723.9180 0.7119
3724.7747 0.7245
3725.6316 0.7271
3726.4905 0.7312
3727.3479 0.7374
3728.2073 0.7383
3729.0649 0.7265
3729.9250 0.6999
3730.7830 0.6572
3731.6414 0.6060
3732.5017 0.5668
3733.3604 0.5591
3734.2214 0.5837
3735.0803 0.6213
3735.9417 0.6629
3736.8013 0.7064
3737.6609 0.7434
3738.5227 0.7662
3739.3828 0.7733
3740.2451 0.7709
3741.1055 0.7641
3741.9683 0.7556
3742.8291 0.7442
3743.6899 0.7289
3744.5532 0.7114
3745.4148 0.6918
3746.2786 0.6589
3747.1404 0.6124
3748.0044 0.5721
3748.8667 0.5648
3749.7290 0.5986
3750.5938 0.6520
3751.4565 0.7028
3752.3215 0.7452
3753.1848 0.7788
3754.0503 0.8001
3754.9138 0.8053
3755.7798 0.7959
3756.6438 0.7834
3757.5081 0.7789
3758.3745 0.7843
3759.2390 0.7944
3760.1060 0.8043
3760.9709 0.8124
3761.8381 0.8138
3762.7036 0.8079
3763.5693 0.7959
3764.4370 0.7765
3765.3032 0.7493
3766.1714 0.7162
3767.0378 0.6750
3767.9065 0.6262
3768.7732 0.5879
3769.6401 0.5867
3770.5095 0.6292
3771.3770 0.6871
3772.2466 0.7313
3773.1145 0.7536
3773.9844 0.7668
3774.8528 0.7896
3775.7209 0.8250
3776.5918 0.8552
3777.4604 0.8743
3778.3315 0.8867
3779.2009 0.8957
3780.0723 0.9008
3780.9419 0.9015
3781.8118 0.9000
3782.6838 0.8996
3783.5540 0.8978
3784.4265 0.8912
3785.2971 0.8824
3786.1699 0.8755
3787.0410 0.8721
3787.9121 0.8694
3788.7856 0.8661
3789.6572 0.8609
3790.5310 0.8504
3791.4031 0.8305
3792.2773 0.8000
3793.1499 0.7608
3794.0225 0.7122
3794.8972 0.6536
3795.7703 0.6005
3796.6455 0.5802
3797.5190 0.6126
3798.3948 0.6774
3799.2686 0.7448
3800.1426 0.7976
3801.0188 0.8339
3801.8933 0.8582
3802.7700 0.8729
3803.6448 0.8795
3804.5220 0.8823
3805.3972 0.8888
3806.2727 0.9034
3807.1504 0.9236
3808.0261 0.9411
3808.9043 0.9511
3809.7805 0.9513
3810.6589 0.9413
3811.5356 0.9281
3812.4126 0.9196
3813.2917 0.9183
3814.1689 0.9229
3815.0483 0.9364
3815.9260 0.9528
3816.8059 0.9589
3817.6841 0.9482
3818.5623 0.9311
3819.4429 0.9254
3820.3215 0.9325
3821.2024 0.9364
3822.0815 0.9278
3822.9629 0.9112
3823.8423 0.8993
3824.7241 0.8928
3825.6040 0.8865
3826.4841 0.8756
3827.3665 0.8637
3828.2468 0.8536
3829.1296 0.8377
3830.0105 0.8038
3830.8938 0.7556
3831.7751 0.6997
3832.6565 0.6428
3833.5403 0.6038
3834.4224 0.6111
3835.3064 0.6567
3836.1887 0.7101
3837.0735 0.7574
3837.9561 0.7983
3838.8391 0.8360
3839.7244 0.8719
3840.6077 0.9070
3841.4932 0.9342
3842.3770 0.9508
3843.2629 0.9591
3844.1472 0.9653
3845.0315 0.9758
3845.9182 0.9902
3846.8030 0.9989
3847.6899 0.9951
3848.5752 0.9877
3849.4626 0.9903
3850.3481 1.0059
3851.2339 1.0216
3852.1221 1.0303
3853.0083 1.0282
3853.8967 1.0181
3854.7832 1.0077
3855.6721 1.0035
3856.5591 0.9983
3857.4463 0.9913
3858.3359 0.9940
3859.2234 1.0119
3860.1135 1.0369
3861.0015 1.0526
3861.8918 1.0563
3862.7803 1.0517
3863.6687 1.0468
3864.5598 1.0481
3865.4487 1.0548
3866.3401 1.0587
3867.2297 1.0588
3868.1213 1.0565
3869.0112 1.0490
3869.9014 1.0329
3870.7937 1.0135
3871.6841 1.0063
3872.5769 1.0146
3873.4678 1.0252
3874.3611 1.0261
3875.2524 1.0106
3876.1438 0.9846
3877.0376 0.9688
3877.9297 0.9758
3878.8237 0.9891
3879.7161 0.9907
3880.6108 0.9800
3881.5037 0.9628
3882.3965 0.9373
3883.2917 0.8955
3884.1851 0.8377
3885.0808 0.7737
3885.9746 0.7073
3886.8706 0.6509
3887.7649 0.6362
3888.6592 0.6829
3889.5559 0.7616
3890.4507 0.8337
3891.3479 0.8839
3892.2429 0.9150
3893.1406 0.9354
3894.0361 0.9519
3894.9341 0.9674
3895.8301 0.9787
3896.7263 0.9839
3897.6250 0.9862
3898.5215 0.9934
3899.4207 1.0084
3900.3176 1.0238
3901.2170 1.0338
3902.1145 1.0365
3903.0122 1.0322
3903.9121 1.0249
3904.8103 1.0314
3905.7107 1.0536
3906.6094 1.0759
3907.5100 1.0896
3908.4089 1.0962
3909.3081 1.1003
3910.2097 1.0974
3911.1091 1.0887
3912.0110 1.0842
3912.9111 1.0891
3913.8132 1.0983
3914.7136 1.1000
3915.6143 1.0961
3916.5171 1.0920
3917.4182 1.0881
3918.3215 1.0855
3919.2229 1.0851
3920.1267 1.0858
3921.0286 1.0868
3921.9307 1.0941
3922.8350 1.1060
3923.7373 1.1123
3924.6421 1.1048
3925.5452 1.0855
3926.4502 1.0634
3927.3535 1.0394
3928.2571 1.0005
3929.1628 0.9272
3930.0667 0.8062
3930.9731 0.6548
3931.8774 0.5497
3932.7839 0.5632
3933.6887 0.6859
3934.5938 0.8441
3935.5010 0.9681
3936.4062 1.0432
3937.3142 1.0848
3938.2200 1.1067
3939.1279 1.1166
3940.0342 1.1181
3940.9407 1.1134
3941.8494 1.1061
3942.7561 1.1062
3943.6653 1.1151
3944.5725 1.1228
3945.4822 1.1229
3946.3899 1.1173
3947.2979 1.1138
3948.2080 1.1141
3949.1162 1.1153
3950.0269 1.1137
3950.9355 1.1103
3951.8467 1.1081
3952.7559 1.1061
3953.6650 1.0972
3954.5769 1.0830
3955.4866 1.0739
3956.3987 1.0742
3957.3088 1.0773
3958.2214 1.0705
3959.1321 1.0516
3960.0449 1.0285
3960.9561 1.0108
3961.8672 0.9957
3962.7808 0.9693
3963.6924 0.9137
3964.6064 0.8190
3965.5186 0.6900
3966.4329 0.5617
3967.3455 0.4904
3968.2581 0.5119
3969.1731 0.6066
3970.0862 0.7255
3971.0017 0.8284
3971.9153 0.9019
3972.8313 0.9516
3973.7451 0.9865
3974.6592 1.0105
3975.5759 1.0303
3976.4905 1.0501
3977.4075 1.0685
3978.3225 1.0826
3979.2397 1.0910
3980.1553 1.0959
3981.0708 1.1017
3981.9888 1.1107
3982.9050 1.1206
3983.8232 1.1265
3984.7397 1.1283
3985.6587 1.1333
3986.5757 1.1414
3987.4927 1.1472
3988.4121 1.1503
3989.3298 1.1534
3990.2498 1.1583
3991.1677 1.1629
3992.0879 1.1644
3993.0063 1.1621
3993.9250 1.1594
3994.8459 1.1564
3995.7649 1.1521
3996.6863 1.1492
3997.6057 1.1531
3998.5276 1.1616
3999.4475 1.1713
4000.3674 1.1784
4001.2900 1.1785
4002.2104 1.1687
4003.1333 1.1553
4004.0544 1.1502
4004.9775 1.1575
4005.8989 1.1705
4006.8206 1.1805
4007.7446 1.1844
4008.6665 1.1832
4009.5908 1.1779
4010.5132 1.1725
4011.4380 1.1718
4012.3608 1.1768
4013.2839 1.1818
4014.2095 1.1846
4015.1328 1.1854
4016.0588 1.1878
4016.9827 1.1933
4017.9089 1.1993
4018.8333 1.2010
4019.7578 1.1997
4020.6848 1.1974
4021.6096 1.1944
4022.5371 1.1894
4023.4624 1.1842
4024.3901 1.1844
4025.3162 1.1886
4026.2422 1.1905
4027.1704 1.1846
4028.0969 1.1725
4029.0259 1.1623
4029.9526 1.1615
4030.8821 1.1628
4031.8093 1.1620
4032.7390 1.1640
4033.6667 1.1719
4034.5947 1.1834
4035.5251 1.1924
4036.4534 1.1975
4037.3843 1.2001
4038.3130 1.2010
4039.2441 1.2007
4040.1736 1.1992
4041.1030 1.1952
4042.0347 1.1842
4042.9646 1.1654
4043.8970 1.1492
4044.8271 1.1501
4045.7600 1.1687
4046.6907 1.1843
4047.6216 1.1888
4048.5549 1.1870
4049.4863 1.1843
4050.4202 1.1831
4051.3521 1.1827
4052.2861 1.1806
4053.2185 1.1782
4054.1509 1.1768
4055.0857 1.1739
4056.0186 1.1706
4056.9539 1.1712
4057.8872 1.1776
4058.8230 1.1810
4059.7566 1.1742
4060.6907 1.1572
4061.6270 1.1422
4062.5613 1.1425
4063.4983 1.1558
4064.4331 1.1630
4065.3701 1.1616
4066.3054 1.1612
4067.2410 1.1645
4068.1787 1.1646
4069.1147 1.1544
4070.0530 1.1457
4070.9893 1.1495
4071.9280 1.1587
4072.8647 1.1617
4073.8018 1.1526
4074.7412 1.1359
4075.6787 1.1207
4076.6184 1.1196
4077.5562 1.1326
4078.4966 1.1469
4079.4348 1.1516
4080.3733 1.1491
4081.3142 1.1430
4082.2532 1.1366
4083.1943 1.1328
4084.1338 1.1303
4085.0757 1.1267
4086.0154 1.1211
4086.9553 1.1152
4087.8977 1.1088
4088.8381 1.1013
4089.7810 1.0925
4090.7219 1.0823
4091.6653 1.0696
4092.6064 1.0540
4093.5481 1.0353
4094.4919 1.0124
4095.4338 0.9832
4096.3784 0.9443
4097.3208 0.8909
4098.2656 0.8156
4099.2085 0.7302
4100.1514 0.6842
4101.0967 0.7116
4102.0400 0.7977
4102.9863 0.8828
4103.9302 0.9447
4104.8765 0.9852
4105.8208 1.0145
4106.7676 1.0368
4107.7124 1.0520
4108.6572 1.0622
4109.6045 1.0725
4110.5503 1.0842
4111.4980 1.0962
4112.4438 1.1054
4113.3921 1.1100
4114.3384 1.1117
4115.2852 1.1115
4116.2339 1.1089
4117.1807 1.1078
4118.1304 1.1107
4119.0776 1.1162
4120.0273 1.1207
4120.9751 1.1269
4121.9233 1.1332
4122.8740 1.1369
4123.8223 1.1381
4124.7734 1.1372
4125.7222 1.1343
4126.6733 1.1324
4127.6230 1.1311
4128.5723 1.1239
4129.5244 1.1118
4130.4746 1.1039
4131.4268 1.1099
4132.3774 1.1222
4133.3301 1.1331
4134.2812 1.1394
4135.2324 1.1431
4136.1855 1.1476
4137.1372 1.1523
4138.0913 1.1534
4139.0435 1.1513
4139.9976 1.1452
4140.9502 1.1316
4141.9028 1.1163
4142.8579 1.1174
4143.8110 1.1311
4144.7666 1.1428
4145.7202 1.1463
4146.6758 1.1447
4147.6299 1.1439
4148.5840 1.1463
4149.5405 1.1476
4150.4951 1.1452
4151.4526 1.1393
4152.4072 1.1336
4153.3647 1.1320
4154.3203 1.1351
4155.2764 1.1385
4156.2344 1.1415
4157.1904 1.1446
4158.1489 1.1474
4159.1055 1.1485
4160.0649 1.1469
4161.0220 1.1450
4161.9790 1.1455
4162.9390 1.1491
4163.8965 1.1528
4164.8564 1.1531
4165.8149 1.1504
4166.7754 1.1494
4167.7339 1.1489
4168.6929 1.1430
4169.6538 1.1326
4170.6133 1.1245
4171.5752 1.1256
4172.5347 1.1305
4173.4971 1.1317
4174.4570 1.1287
4175.4175 1.1273
4176.3799 1.1316
4177.3408 1.1371
4178.3042 1.1387
4179.2651 1.1329
4180.2290 1.1267
4181.1909 1.1267
4182.1548 1.1315
4183.1172 1.1313
4184.0796 1.1240
4185.0444 1.1123
4186.0068 1.1063
4186.9722 1.1104
4187.9355 1.1183
4188.9014 1.1194
4189.8647 1.1197
4190.8286 1.1256
4191.7949 1.1308
4192.7593 1.1302
4193.7261 1.1255
4194.6909 1.1207
4195.6582 1.1105
4196.6235 1.0994
4197.5889 1.0981
4198.5571 1.1030
4199.5229 1.1041
4200.4912 1.1010
4201.4575 1.1035
4202.4263 1.1094
4203.3931 1.1160
4204.3599 1.1219
4205.3296 1.1263
4206.2969 1.1279
4207.2671 1.1269
4208.2349 1.1244
4209.2051 1.1228
4210.1738 1.1238
4211.1421 1.1242
4212.1133 1.1164
4213.0820 1.1001
4214.0537 1.0884
4215.0229 1.0909
4215.9951 1.1007
4216.9648 1.1060
4217.9351 1.1052
4218.9077 1.1033
4219.8784 1.1031
4220.8516 1.1031
4221.8223 1.1007
4222.7959 1.0909
4223.7676 1.0689
4224.7393 1.0467
4225.7134 1.0494
4226.6855 1.0760
4227.6602 1.1048
4228.6328 1.1164
4229.6079 1.1126
4230.5806 1.0990
4231.5542 1.0879
4232.5298 1.0874
4233.5034 1.0913
4234.4800 1.0918
4235.4541 1.0925
4236.4307 1.0925
4237.4053 1.0925
4238.3799 1.0947
4239.3574 1.0975
4240.3325 1.0978
4241.3105 1.0955
4242.2861 1.0929
4243.2642 1.0887
4244.2407 1.0797
4245.2168 1.0713
4246.1958 1.0693
4247.1729 1.0679
4248.1519 1.0606
4249.1294 1.0604
4250.1094 1.0731
4251.0869 1.0853
4252.0649 1.0853
4253.0454 1.0837
4254.0239 1.0896
4255.0049 1.0968
4255.9834 1.0984
4256.9648 1.0925
4257.9443 1.0827
4258.9263 1.0775
4259.9058 1.0820
4260.8857 1.0902
4261.8687 1.0971
4262.8491 1.1009
4263.8320 1.1013
4264.8130 1.0978
4265.7964 1.0932
4266.7778 1.0891
4267.7593 1.0811
4268.7432 1.0660
4269.7256 1.0513
4270.7100 1.0540
4271.6924 1.0651
4272.6772 1.0711
4273.6606 1.0755
4274.6436 1.0828
4275.6294 1.0913
4276.6128 1.0945
4277.5991 1.0899
4278.5830 1.0810
4279.5698 1.0698
4280.5542 1.0607
4281.5391 1.0592
4282.5264 1.0652
4283.5117 1.0698
4284.4990 1.0694
4285.4849 1.0622
4286.4731 1.0463
4287.4590 1.0272
4288.4453 1.0213
4289.4346 1.0342
4290.4214 1.0472
4291.4106 1.0478
4292.3979 1.0440
4293.3877 1.0478
4294.3755 1.0555
4295.3633 1.0542
4296.3535 1.0364
4297.3423 1.0125
4298.3330 1.0001
4299.3218 1.0043
4300.3135 1.0102
4301.3027 1.0212
4302.2920 1.0348
4303.2842 1.0410
4304.2744 1.0345
4305.2666 1.0191
4306.2573 1.0072
4307.2500 1.0130
4308.2412 1.0265
4309.2319 1.0336
4310.2261 1.0299
4311.2173 1.0204
4312.2114 1.0133
4313.2036 1.0169
4314.1982 1.0294
4315.1904 1.0363
4316.1836 1.0334
4317.1787 1.0274
4318.1719 1.0258
4319.1675 1.0261
4320.1611 1.0273
4321.1572 1.0239
4322.1514 1.0125
4323.1460 0.9975
4324.1426 0.9907
4325.1377 0.9951
4326.1348 0.9997
4327.1299 0.9976
4328.1279 0.9928
4329.1235 0.9896
4330.1196 0.9826
4331.1182 0.9698
4332.1143 0.9528
4333.1133 0.9305
4334.1104 0.9011
4335.1099 0.8609
4336.1069 0.8032
4337.1069 0.7237
4338.1045 0.6474
4339.1025 0.6322
4340.1030 0.6903
4341.1016 0.7805
4342.1025 0.8464
4343.1016 0.8888
4344.1030 0.9175
4345.1025 0.9402
4346.1021 0.9585
4347.1040 0.9706
4348.1040 0.9744
4349.1069 0.9704
4350.1074 0.9675
4351.1104 0.9756
4352.1113 0.9908
4353.1128 1.0029
4354.1167 1.0098
4355.1182 1.0149
4356.1226 1.0167
4357.1245 1.0187
4358.1294 1.0226
4359.1318 1.0272
4360.1348 1.0294
4361.1401 1.0310
4362.1436 1.0321
4363.1494 1.0333
4364.1528 1.0338
4365.1592 1.0327
4366.1636 1.0313
4367.1680 1.0318
4368.1753 1.0324
4369.1802 1.0331
4370.1875 1.0343
4371.1929 1.0338
4372.2007 1.0269
4373.2065 1.0176
4374.2129 1.0142
4375.2212 1.0198
4376.2280 1.0297
4377.2368 1.0371
4378.2441 1.0393
4379.2534 1.0358
4380.2612 1.0243
4381.2686 1.0088
4382.2793 1.0037
4383.2871 1.0170
4384.2979 1.0337
4385.3066 1.0423
4386.3179 1.0441
4387.3267 1.0431
4388.3359 1.0406
4389.3481 1.0380
4390.3579 1.0372
4391.3701 1.0322
4392.3804 1.0199
4393.3936 1.0122
4394.4043 1.0182
4395.4150 1.0326
4396.4287 1.0370
4397.4399 1.0312
4398.4541 1.0249
4399.4658 1.0258
4400.4805 1.0292
4401.4927 1.0258
4402.5054 1.0160
4403.5205 1.0155
4404.5337 1.0238
4405.5493 1.0299
4406.5625 1.0316
4407.5786 1.0331
4408.5928 1.0356
4409.6069 1.0369
4410.6240 1.0361
4411.6387 1.0290
4412.6558 1.0156
4413.6709 1.0038
4414.6885 1.0041
4415.7041 1.0111
4416.7227 1.0204
4417.7388 1.0271
4418.7549 1.0296
4419.7739 1.0288
4420.7905 1.0253
4421.8101 1.0208
4422.8271 1.0172
4423.8472 1.0140
4424.8647 1.0114
4425.8828 1.0111
4426.9033 1.0142
4427.9219 1.0183
4428.9429 1.0228
4429.9619 1.0256
4430.9834 1.0228
4432.0024 1.0134
4433.0220 1.0042
4434.0444 1.0053
4435.0645 1.0146
4436.0874 1.0230
4437.1079 1.0276
4438.1309 1.0290
4439.1519 1.0230
4440.1733 1.0086
4441.1968 0.9930
4442.2188 0.9893
4443.2432 0.9984
4444.2651 1.0097
4445.2900 1.0130
4446.3125 1.0131
4447.3354 1.0102
4448.3613 1.0087
4449.3843 1.0110
4450.4106 1.0133
4451.4341 1.0083
4452.4609 0.9993
4453.4849 0.9959
4454.5098 1.0008
4455.5366 1.0057
4456.5615 1.0035
4457.5894 1.0002
4458.6147 1.0002
4459.6431 1.0012
4460.6689 1.0033
4461.6953 1.0050
4462.7241 1.0036
4463.7505 0.9992
4464.7798 0.9935
4465.8071 0.9865
4466.8369 0.9840
4467.8643 0.9898
4468.8921 1.0002
4469.9229 1.0059
4470.9512 1.0086
4471.9819 1.0091
4473.0107 1.0043
4474.0425 0.9978
4475.0718 0.9969
4476.1011 1.0024
4477.1333 1.0043
4478.1631 0.9989
4479.1958 0.9885
4480.2266 0.9831
4481.2593 0.9889
4482.2905 0.9969
4483.3213 1.0021
4484.3555 1.0032
4485.3872 1.0008
4486.4214 0.9985
4487.4536 0.9983
4488.4883 0.9968
4489.5210 0.9958
4490.5537 0.9964
4491.5889 0.9962
4492.6226 0.9950
4493.6582 0.9945
4494.6919 0.9962
4495.7285 1.0004
4496.7627 1.0035
4497.7998 0.9997
4498.8345 0.9907
4499.8696 0.9857
4500.9072 0.9923
4501.9424 0.9984
4502.9805 0.9984
4504.0166 0.9974
4505.0552 0.9972
4506.0913 0.9963
4507.1279 0.9948
4508.1675 0.9937
4509.2046 0.9930
4510.2446 0.9932
4511.2822 0.9940
4512.3223 0.9943
4513.3604 0.9932
4514.3984 0.9917
4515.4395 0.9889
4516.4785 0.9891
4517.5200 0.9916
4518.5591 0.9915
4519.6011 0.9862
4520.6406 0.9815
4521.6807 0.9806
4522.7236 0.9822
4523.7642 0.9835
4524.8071 0.9819
4525.8481 0.9763
4526.8916 0.9714
4527.9331 0.9725
4528.9746 0.9758
4530.0190 0.9728
4531.0610 0.9614
4532.1060 0.9532
4533.1489 0.9567
4534.1938 0.9673
4535.2373 0.9768
4536.2803 0.9821
4537.3267 0.9836
4538.3701 0.9816
4539.4170 0.9805
4540.4609 0.9815
4541.5083 0.9816
4542.5527 0.9799
4543.5981 0.9783
4544.6455 0.9763
4545.6909 0.9688
4546.7393 0.9552
4547.7852 0.9495
4548.8340 0.9569
4549.8804 0.9675
4550.9272 0.9653
4551.9766 0.9582
4553.0239 0.9553
4554.0737 0.9552
4555.1216 0.9529
4556.1719 0.9497
4557.2197 0.9558
4558.2686 0.9648
4559.3193 0.9681
4560.3682 0.9636
4561.4199 0.9574
4562.4692 0.9570
4563.5215 0.9620
4564.5713 0.9664
4565.6211 0.9690
4566.6743 0.9688
4567.7246 0.9651
4568.7778 0.9592
4569.8291 0.9553
4570.8828 0.9588
4571.9341 0.9645
4572.9888 0.9665
4574.0405 0.9645
4575.0928 0.9618
4576.1479 0.9591
4577.2007 0.9573
4578.2559 0.9564
4579.3091 0.9555
4580.3652 0.9535
4581.4189 0.9505
4582.4731 0.9498
4583.5298 0.9527
4584.5840 0.9576
4585.6411 0.9602
4586.6963 0.9582
4587.7539 0.9536
4588.8091 0.9509
4589.8647 0.9506
4590.9233 0.9535
4591.9795 0.9571
4593.0386 0.9586
4594.0952 0.9578
4595.1543 0.9582
4596.2114 0.9584
4597.2690 0.9558
4598.3291 0.9519
4599.3867 0.9495
4600.4473 0.9494
4601.5059 0.9502
4602.5669 0.9515
4603.6255 0.9520
4604.6846 0.9525
4605.7466 0.9529
4606.8062 0.9519
4607.8687 0.9502
4608.9287 0.9506
4609.9912 0.9519
4611.0518 0.9504
4612.1128 0.9470
4613.1763 0.9450
4614.2373 0.9445
4615.3013 0.9442
4616.3633 0.9439
4617.4277 0.9446
4618.4897 0.9466
4619.5522 0.9491
4620.6177 0.9509
4621.6807 0.9531
4622.7466 0.9527
4623.8096 0.9492
4624.8760 0.9464
4625.9399 0.9461
4627.0044 0.9439
4628.0713 0.9408
4629.1357 0.9404
4630.2031 0.9418
4631.2686 0.9428
4632.3364 0.9420
4633.4023 0.9393
4634.4678 0.9356
4635.5366 0.9348
4636.6030 0.9380
4637.6724 0.9429
4638.7393 0.9456
4639.8091 0.9441
4640.8765 0.9424
4641.9438 0.9428
4643.0142 0.9417
4644.0825 0.9386
4645.1533 0.9370
4646.2222 0.9397
4647.2935 0.9403
4648.3623 0.9394
4649.4316 0.9393
4650.5039 0.9383
4651.5737 0.9342
4652.6465 0.9309
4653.7168 0.9296
4654.7900 0.9308
4655.8608 0.9326
4656.9346 0.9336
4658.0059 0.9343
4659.0771 0.9362
4660.1519 0.9381
4661.2236 0.9394
4662.2983 0.9380
4663.3711 0.9334
4664.4463 0.9281
4665.5195 0.9259
4666.5928 0.9277
4667.6689 0.9306
4668.7427 0.9306
4669.8193 0.9285
4670.8936 0.9272
4671.9707 0.9269
4673.0454 0.9275
4674.1206 0.9290
4675.1982 0.9298
4676.2739 0.9285
4677.3521 0.9260
4678.4282 0.9260
4679.5073 0.9284
4680.5835 0.9312
4681.6602 0.9303
4682.7397 0.9270
4683.8174 0.9262
4684.8975 0.9289
4685.9751 0.9302
4687.0557 0.9283
4688.1338 0.9256
4689.2124 0.9240
4690.2935 0.9237
4691.3726 0.9247
4692.4546 0.9261
4693.5342 0.9252
4694.6162 0.9220
4695.6963 0.9189
4696.7764 0.9191
4697.8594 0.9229
4698.9404 0.9243
4700.0239 0.9187
4701.1050 0.9114
4702.1890 0.9098
4703.2710 0.9136
4704.3530 0.9119
4705.4375 0.9087
4706.5200 0.9095
4707.6055 0.9125
4708.6885 0.9158
4709.7744 0.9187
4710.8579 0.9186
4711.9414 0.9144
4713.0283 0.9102
4714.1123 0.9093
4715.1992 0.9108
4716.2842 0.9115
4717.3716 0.9097
4718.4570 0.9065
4719.5425 0.9037
4720.6309 0.9040
4721.7168 0.9063
4722.8057 0.9065
4723.8921 0.9025
4724.9814 0.8982
4726.0684 0.8979
4727.1553 0.8977
4728.2456 0.8970
4729.3335 0.8988
4730.4238 0.9016
4731.5122 0.9010
4732.6030 0.8994
4733.6919 0.8977
4734.7808 0.8966
4735.8726 0.8958
4736.9624 0.8929
4738.0547 0.8917
4739.1445 0.8939
4740.2373 0.8970
4741.3276 0.8986
4742.4214 0.8989
4743.5122 0.8994
4744.6035 0.8993
4745.6973 0.8985
4746.7891 0.8980
4747.8838 0.8974
4748.9761 0.8962
4750.0713 0.8947
4751.1641 0.8933
4752.2568 0.8919
4753.3525 0.8912
4754.4463 0.8913
4755.5425 0.8915
4756.6367 0.8910
4757.7334 0.8894
4758.8281 0.8873
4759.9229 0.8851
4761.0205 0.8831
4762.1157 0.8815
4763.2139 0.8803
4764.3096 0.8801
4765.4082 0.8804
4766.5044 0.8809
4767.6011 0.8817
4768.7002 0.8827
4769.7974 0.8827
4770.8975 0.8816
4771.9951 0.8809
4773.0952 0.8799
4774.1934 0.8784
4775.2915 0.8768
4776.3926 0.8747
4777.4917 0.8742
4778.5933 0.8758
4779.6924 0.8761
4780.7949 0.8743
4781.8945 0.8720
4782.9946 0.8699
4784.0977 0.8693
4785.1982 0.8687
4786.3018 0.8678
4787.4028 0.8674
4788.5068 0.8677
4789.6084 0.8664
4790.7100 0.8631
4791.8149 0.8615
4792.9170 0.8616
4794.0225 0.8609
4795.1255 0.8579
4796.2310 0.8556
4797.3345 0.8544
4798.4380 0.8554
4799.5444 0.8574
4800.6489 0.8562
4801.7559 0.8498
4802.8604 0.8450
4803.9678 0.8453
4805.0732 0.8471
4806.1782 0.8483
4807.2866 0.8486
4808.3926 0.8484
4809.5015 0.8485
4810.6079 0.8496
4811.7173 0.8492
4812.8242 0.8482
4813.9312 0.8470
4815.0415 0.8450
4816.1489 0.8425
4817.2598 0.8414
4818.3677 0.8412
4819.4790 0.8399
4820.5879 0.8368
4821.6968 0.8339
4822.8086 0.8345
4823.9180 0.8354
4825.0303 0.8344
4826.1401 0.8326
4827.2534 0.8319
4828.3638 0.8323
4829.4771 0.8310
4830.5884 0.8280
4831.6992 0.8264
4832.8135 0.8259
4833.9253 0.8251
4835.0400 0.8238
4836.1523 0.8235
4837.2676 0.8218
4838.3804 0.8179
4839.4937 0.8140
4840.6094 0.8124
4841.7231 0.8118
4842.8394 0.8080
4843.9536 0.8032
4845.0708 0.7984
4846.1851 0.7939
4847.3003 0.7908
4848.4180 0.7882
4849.5332 0.7817
4850.6514 0.7731
4851.7676 0.7618
4852.8862 0.7481
4854.0024 0.7328
4855.1191 0.7125
4856.2388 0.6762
4857.3560 0.6150
4858.4761 0.5422
4859.5938 0.5186
4860.7144 0.5647
4861.8325 0.6410
4862.9512 0.6914
4864.0723 0.7219
4865.1914 0.7406
4866.3135 0.7534
4867.4326 0.7603
4868.5552 0.7606
4869.6753 0.7621
4870.7954 0.7715
4871.9189 0.7828
4873.0396 0.7889
4874.1631 0.7894
4875.2847 0.7883
4876.4087 0.7880
4877.5308 0.7913
4878.6528 0.7966
4879.7778 0.8025
4880.9004 0.8065
4882.0259 0.8066
4883.1489 0.8040
4884.2749 0.8029
4885.3984 0.8030
4886.5225 0.8023
4887.6494 0.7980
4888.7734 0.7912
4889.9009 0.7917
4891.0259 0.8009
4892.1538 0.8089
4893.2793 0.8114
4894.4048 0.8102
4895.5337 0.8082
4896.6597 0.8059
4897.7891 0.8052
4898.9155 0.8066
4900.0454 0.8075
4901.1724 0.8066
4902.2998 0.8058
4903.4307 0.8077
4904.5586 0.8099
4905.6895 0.8109
4906.8179 0.8103
4907.9497 0.8094
4909.0786 0.8098
4910.2080 0.8112
4911.3403 0.8108
4912.4702 0.8108
4913.6030 0.8089
4914.7334 0.8039
4915.8667 0.7975
4916.9976 0.7924
4918.1313 0.7896
4919.2627 0.7941
4920.3945 0.7983
4921.5288 0.7978
4922.6611 0.7972
4923.7964 0.8033
4924.9292 0.8086
4926.0649 0.8110
4927.1978 0.8109
4928.3315 0.8094
4929.4678 0.8068
4930.6021 0.8013
4931.7388 0.7963
4932.8735 0.7970
4934.0107 0.8011
4935.1460 0.8031
4936.2812 0.8006
4937.4194 0.7981
4938.5557 0.7965
4939.6943 0.7967
4940.8306 0.8001
4941.9702 0.8048
4943.1069 0.8069
4944.2441 0.8060
4945.3843 0.8050
4946.5220 0.8038
4947.6626 0.8037
4948.8008 0.8042
4949.9419 0.8036
4951.0806 0.8025
4952.2197 0.8021
4953.3618 0.7972
4954.5010 0.7853
4955.6436 0.7778
4956.7837 0.7861
4957.9268 0.7980
4959.0674 0.8033
4960.2080 0.8032
4961.3521 0.8020
4962.4932 0.8005
4963.6377 0.7974
4964.7793 0.7938
4965.9243 0.7932
4967.0669 0.7957
4968.2095 0.7978
4969.3550 0.7976
4970.4980 0.7960
4971.6445 0.7948
4972.7881 0.7938
4973.9351 0.7924
4975.0791 0.7918
4976.2236 0.7920
4977.3711 0.7914
4978.5161 0.7888
4979.6641 0.7862
4980.8096 0.7857
4981.9585 0.7874
4983.1045 0.7904
4984.2510 0.7928
4985.4004 0.7928
4986.5469 0.7903
4987.6968 0.7883
4988.8442 0.7874
4989.9946 0.7881
4991.1426 0.7903
4992.2910 0.7914
4993.4419 0.7930
4994.5908 0.7947
4995.7427 0.7936
4996.8921 0.7908
4998.0439 0.7896
4999.1938 0.7888
5000.3438 0.7857
5001.4971 0.7841
5002.6475 0.7832
5003.8013 0.7808
5004.9521 0.7779
5006.1064 0.7799
5007.2583 0.7816
5008.4126 0.7802
5009.5649 0.7781
5010.7173 0.7779
5011.8730 0.7797
5013.0259 0.7800
5014.1816 0.7782
5015.3354 0.7727
5016.4917 0.7689
5017.6460 0.7709
5018.8003 0.7767
5019.9575 0.7793
5021.1123 0.7799
5022.2700 0.7808
5023.4258 0.7807
5024.5840 0.7780
5025.7397 0.7744
5026.8960 0.7750
5028.0552 0.7774
5029.2119 0.7782
5030.3716 0.7795
5031.5288 0.7809
5032.6890 0.7799
5033.8472 0.7780
5035.0049 0.7755
5036.1660 0.7725
5037.3247 0.7690
5038.4863 0.7657
5039.6455 0.7654
5040.8076 0.7695
5041.9668 0.7713
5043.1270 0.7704
5044.2900 0.7706
5045.4502 0.7722
5046.6138 0.7718
5047.7749 0.7687
5048.9390 0.7673
5050.1001 0.7681
5051.2622 0.7693
5052.4268 0.7704
5053.5894 0.7722
5054.7544 0.7743
5055.9175 0.7740
5057.0830 0.7725
5058.2466 0.7712
5059.4102 0.7699
5060.5771 0.7682
5061.7412 0.7668
5062.9082 0.7665
5064.0732 0.7677
5065.2407 0.7684
5066.4062 0.7678
5067.5718 0.7673
5068.7402 0.7684
5069.9062 0.7710
5071.0752 0.7725
5072.2417 0.7703
5073.4116 0.7668
5074.5786 0.7663
5075.7461 0.7653
5076.9165 0.7618
5078.0845 0.7602
5079.2554 0.7598
5080.4238 0.7595
5081.5957 0.7596
5082.7646 0.7611
5083.9336 0.7626
5085.1060 0.7635
5086.2759 0.7639
5087.4487 0.7643
5088.6191 0.7651
5089.7925 0.7655
5090.9634 0.7652
5092.1348 0.7648
5093.3091 0.7636
5094.4805 0.7611
5095.6553 0.7588
5096.8276 0.7582
5098.0029 0.7587
5099.1758 0.7600
5100.3516 0.7620
5101.5249 0.7628
5102.6987 0.7606
5103.8750 0.7575
5105.0493 0.7543
5106.2266 0.7534
5107.4014 0.7546
5108.5791 0.7569
5109.7544 0.7592
5110.9297 0.7602
5112.1084 0.7591
5113.2842 0.7557
5114.4634 0.7525
5115.6401 0.7515
5116.8198 0.7522
5117.9966 0.7518
5119.1743 0.7538
5120.3545 0.7554
5121.5327 0.7545
5122.7134 0.7522
5123.8921 0.7509
5125.0737 0.7497
5126.2524 0.7484
5127.4321 0.7477
5128.6143 0.7485
5129.7939 0.7491
5130.9771 0.7479
5132.1572 0.7482
5133.3408 0.7488
5134.5220 0.7473
5135.7031 0.7446
5136.8872 0.7431
5138.0688 0.7446
5139.2539 0.7468
5140.4360 0.7447
5141.6216 0.7419
5142.8042 0.7419
5143.9873 0.7443
5145.1738 0.7471
5146.3574 0.7484
5147.5439 0.7482
5148.7280 0.7490
5149.9155 0.7484
5151.1001 0.7449
5152.2852 0.7409
5153.4731 0.7412
5154.6587 0.7446
5155.8477 0.7456
5157.0337 0.7442
5158.2227 0.7419
5159.4097 0.7397
5160.5962 0.7383
5161.7861 0.7370
5162.9736 0.7317
5164.1646 0.7165
5165.3525 0.7013
5166.5435 0.7030
5167.7319 0.7156
5168.9209 0.7153
5170.1128 0.7036
5171.3022 0.7076
5172.4946 0.7265
5173.6846 0.7368
5174.8779 0.7380
5176.0684 0.7372
5177.2588 0.7348
5178.4526 0.7321
5179.6440 0.7234
5180.8384 0.7069
5182.0303 0.7043
5183.2251 0.7189
5184.4175 0.7275
5185.6104 0.7259
5186.8062 0.7233
5187.9995 0.7258
5189.1958 0.7242
5190.3896 0.7227
5191.5864 0.7240
5192.7808 0.7261
5193.9780 0.7279
5195.1729 0.7302
5196.3682 0.7318
5197.5664 0.7317
5198.7622 0.7285
5199.9609 0.7250
5201.1572 0.7216
5202.3564 0.7169
5203.5532 0.7143
5204.7505 0.7147
5205.9507 0.7142
5207.1484 0.7155
5208.3491 0.7195
5209.5474 0.7229
5210.7485 0.7244
5211.9473 0.7230
5213.1460 0.7207
5214.3481 0.7207
5215.5479 0.7236
5216.7505 0.7276
5217.9507 0.7302
5219.1538 0.7295
5220.3545 0.7259
5221.5557 0.7236
5222.7598 0.7190
5223.9609 0.7083
5225.1655 0.7036
5226.3677 0.7104
5227.5728 0.7174
5228.7754 0.7190
5229.9785 0.7147
5231.1846 0.7089
5232.3877 0.7108
5233.5942 0.7155
5234.7983 0.7177
5236.0054 0.7180
5237.2100 0.7182
5238.4150 0.7186
5239.6230 0.7183
5240.8281 0.7192
5242.0366 0.7189
5243.2427 0.7167
5244.4517 0.7144
5245.6582 0.7139
5246.8652 0.7141
5248.0747 0.7132
5249.2822 0.7125
5250.4927 0.7126
5251.7007 0.7127
5252.9116 0.7132
5254.1201 0.7159
5255.3286 0.7179
5256.5405 0.7182
5257.7500 0.7156
5258.9624 0.7120
5260.1724 0.7101
5261.3853 0.7077
5262.5957 0.7027
5263.8062 0.6991
5265.0200 0.6985
5266.2310 0.6930
5267.4458 0.6810
5268.6572 0.6860
5269.8721 0.7003
5271.0845 0.7064
5272.2974 0.7048
5273.5132 0.7034
5274.7261 0.7055
5275.9424 0.7061
5277.1562 0.7047
5278.3730 0.7045
5279.5874 0.7038
5280.8047 0.7032
5282.0195 0.7052
5283.2349 0.7087
5284.4531 0.7091
5285.6689 0.7077
5286.8877 0.7058
5288.1040 0.7056
5289.3232 0.7073
5290.5400 0.7054
5291.7573 0.7033
5292.9775 0.7031
5294.1953 0.7034
5295.4160 0.7034
5296.6343 0.7034
5297.8555 0.7030
5299.0742 0.7021
5300.2935 0.7015
5301.5156 0.7005
5302.7354 0.6999
5303.9580 0.7007
5305.1782 0.7009
5306.4014 0.6980
5307.6221 0.6956
5308.8433 0.6973
5310.0674 0.7001
5311.2891 0.6986
5312.5137 0.6949
5313.7358 0.6913
5314.9614 0.6927
5316.1841 0.6962
5317.4072 0.6975
5318.6333 0.6963
5319.8569 0.6949
5321.0835 0.6910
5322.3076 0.6898
5323.5347 0.6899
5324.7598 0.6864
5325.9844 0.6804
5327.2129 0.6852
5328.4380 0.6914
5329.6670 0.6935
5330.8931 0.6946
5332.1221 0.6962
5333.3491 0.6963
5334.5757 0.6957
5335.8062 0.6950
5337.0337 0.6938
5338.2642 0.6934
5339.4922 0.6950
5340.7236 0.6971
5341.9521 0.6941
5343.1812 0.6902
5344.4131 0.6882
5345.6426 0.6870
5346.8755 0.6865
5348.1055 0.6881
5349.3389 0.6901
5350.5693 0.6919
5351.8003 0.6932
5353.0342 0.6934
5354.2656 0.6923
5355.5005 0.6908
5356.7324 0.6917
5357.9678 0.6944
5359.2002 0.6937
5360.4331 0.6909
5361.6694 0.6889
5362.9028 0.6883
5364.1392 0.6877
5365.3735 0.6871
5366.6108 0.6868
5367.8452 0.6819
5369.0801 0.6765
5370.3184 0.6793
5371.5537 0.6866
5372.7925 0.6905
5374.0283 0.6905
5375.2676 0.6890
5376.5039 0.6883
5377.7441 0.6892
5378.9810 0.6896
5380.2183 0.6881
5381.4590 0.6857
5382.6973 0.6869
5383.9385 0.6897
5385.1768 0.6890
5386.4189 0.6884
5387.6577 0.6884
5388.8975 0.6877
5390.1401 0.6876
5391.3799 0.6889
5392.6230 0.6892
5393.8638 0.6835
5395.1074 0.6802
5396.3486 0.6831
5397.5903 0.6858
5398.8350 0.6853
5400.0767 0.6836
5401.3223 0.6795
5402.5645 0.6751
5403.8105 0.6756
5405.0537 0.6806
5406.2969 0.6837
5407.5439 0.6805
5408.7876 0.6778
5410.0352 0.6800
5411.2798 0.6811
5412.5273 0.6806
5413.7725 0.6807
5415.0181 0.6823
5416.2666 0.6836
5417.5127 0.6847
5418.7617 0.6859
5420.0083 0.6850
5421.2583 0.6812
5422.5054 0.6777
5423.7529 0.6800
5425.0034 0.6811
5426.2515 0.6763
5427.5029 0.6729
5428.7515 0.6756
5430.0034 0.6788
5431.2524 0.6735
5432.5020 0.6702
5433.7549 0.6733
5435.0049 0.6760
5436.2578 0.6767
5437.5088 0.6790
5438.7627 0.6803
5440.0137 0.6790
5441.2651 0.6781
5442.5200 0.6756
5443.7720 0.6718
5445.0273 0.6717
5446.2798 0.6781
5447.5356 0.6819
5448.7891 0.6802
5450.0425 0.6774
5451.2993 0.6746
5452.5532 0.6702
5453.8105 0.6682
5455.0654 0.6736
5456.3232 0.6778
5457.5786 0.6788
5458.8340 0.6758
5460.0928 0.6668
5461.3486 0.6564
5462.6084 0.6602
5463.8647 0.6681
5465.1250 0.6722
5466.3823 0.6725
5467.6396 0.6729
5468.9004 0.6733
5470.1587 0.6735
5471.4199 0.6734
5472.6787 0.6722
5473.9404 0.6705
5475.1997 0.6704
5476.4624 0.6719
5477.7222 0.6728
5478.9824 0.6732
5480.2461 0.6728
5481.5068 0.6726
5482.7705 0.6736
5484.0322 0.6732
5485.2964 0.6712
5486.5586 0.6704
5487.8208 0.6710
5489.0859 0.6717
5490.3491 0.6715
5491.6147 0.6710
5492.8784 0.6711
5494.1450 0.6707
5495.4087 0.6705
5496.6729 0.6710
5497.9404 0.6709
5499.2056 0.6705
5500.4736 0.6701
5501.7388 0.6697
5503.0073 0.6688
5504.2734 0.6686
5505.5396 0.6706
5506.8096 0.6724
5508.0762 0.6714
5509.3462 0.6702
5510.6138 0.6702
5511.8843 0.6710
5513.1523 0.6715
5514.4209 0.6708
5515.6924 0.6698
5516.9614 0.6690
5518.2334 0.6692
5519.5029 0.6700
5520.7759 0.6701
5522.0459 0.6695
5523.3159 0.6672
5524.5898 0.6617
5525.8608 0.6589
5527.1348 0.6623
5528.4062 0.6686
5529.6812 0.6700
5530.9536 0.6684
5532.2256 0.6658
5533.5015 0.6644
5534.7744 0.6649
5536.0508 0.6656
5537.3242 0.6661
5538.6011 0.6659
5539.8755 0.6653
5541.1499 0.6640
5542.4277 0.6627
5543.7026 0.6623
5544.9810 0.6623
5546.2568 0.6624
5547.5356 0.6630
5548.8115 0.6632
5550.0884 0.6620
5551.3682 0.6600
5552.6450 0.6600
5553.9258 0.6613
5555.2031 0.6613
5556.4844 0.6606
5557.7627 0.6604
5559.0410 0.6609
5560.3232 0.6607
5561.6021 0.6591
5562.8848 0.6581
5564.1646 0.6583
5565.4473 0.6578
5566.7280 0.6561
5568.0083 0.6557
5569.2925 0.6551
5570.5737 0.6545
5571.8579 0.6548
5573.1401 0.6553
5574.4253 0.6550
5575.7075 0.6555
5576.9932 0.6544
5578.2764 0.6524
5579.5596 0.6517
5580.8462 0.6532
5582.1299 0.6547
5583.4170 0.6522
5584.7017 0.6481
5585.9893 0.6460
5587.2744 0.6477
5588.5601 0.6506
5589.8486 0.6505
5591.1348 0.6478
5592.4238 0.6467
5593.7104 0.6487
5595.0005 0.6497
5596.2876 0.6485
5597.5747 0.6474
5598.8657 0.6460
5600.1538 0.6456
5601.4448 0.6474
5602.7334 0.6497
5604.0254 0.6511
5605.3149 0.6513
5606.6045 0.6511
5607.8970 0.6507
5609.1870 0.6501
5610.4805 0.6490
5611.7715 0.6465
5613.0654 0.6433
5614.3569 0.6443
5615.6484 0.6466
5616.9434 0.6470
5618.2354 0.6468
5619.5308 0.6469
5620.8237 0.6464
5622.1201 0.6449
5623.4131 0.6453
5624.7070 0.6460
5626.0039 0.6452
5627.2983 0.6438
5628.5957 0.6439
5629.8906 0.6444
5631.1890 0.6444
5632.4844 0.6448
5633.7803 0.6449
5635.0791 0.6439
5636.3755 0.6420
5637.6753 0.6410
5638.9722 0.6413
5640.2725 0.6420
5641.5703 0.6425
5642.8682 0.6420
5644.1694 0.6406
5645.4678 0.6404
5646.7695 0.6410
5648.0684 0.6411
5649.3711 0.6408
5650.6704 0.6401
5651.9707 0.6389
5653.2739 0.6388
5654.5742 0.6396
5655.8784 0.6402
5657.1797 0.6408
5658.4839 0.6412
5659.7856 0.6409
5661.0879 0.6408
5662.3931 0.6403
5663.6958 0.6402
5665.0020 0.6396
5666.3052 0.6388
5667.6118 0.6386
5668.9155 0.6381
5670.2197 0.6373
5671.5273 0.6374
5672.8320 0.6375
5674.1401 0.6375
5675.4453 0.6380
5676.7539 0.6381
5678.0601 0.6380
5679.3696 0.6373
5680.6758 0.6360
5681.9829 0.6352
5683.2930 0.6362
5684.6006 0.6365
5685.9111 0.6360
5687.2192 0.6358
5688.5308 0.6358
5689.8394 0.6356
5691.1484 0.6352
5692.4609 0.6346
5693.7705 0.6343
5695.0835 0.6346
5696.3936 0.6339
5697.7070 0.6322
5699.0176 0.6316
5700.3286 0.6318
5701.6431 0.6317
5702.9551 0.6311
5704.2700 0.6309
5705.5825 0.6310
5706.8979 0.6301
5708.2109 0.6290
5709.5239 0.6291
5710.8408 0.6291
5712.1543 0.6284
5713.4717 0.6282
5714.7861 0.6294
5716.1040 0.6296
5717.4189 0.6287
5718.7339 0.6276
5720.0527 0.6271
5721.3687 0.6274
5722.6880 0.6276
5724.0044 0.6276
5725.3242 0.6274
5726.6416 0.6283
5727.9590 0.6289
5729.2798 0.6283
5730.5977 0.6271
5731.9194 0.6263
5733.2378 0.6252
5734.5601 0.6251
5735.8794 0.6254
5737.1987 0.6255
5738.5215 0.6256
5739.8418 0.6259
5741.1655 0.6254
5742.4863 0.6247
5743.8105 0.6244
5745.1318 0.6240
5746.4536 0.6238
5747.7783 0.6252
5749.1006 0.6264
5750.4268 0.6252
5751.7495 0.6230
5753.0757 0.6219
5754.3994 0.6220
5755.7231 0.6213
5757.0503 0.6206
5758.3745 0.6216
5759.7026 0.6224
5761.0273 0.6222
5762.3560 0.6222
5763.6816 0.6224
5765.0078 0.6219
5766.3369 0.6226
5767.6636 0.6250
5768.9937 0.6262
5770.3208 0.6234
5771.6514 0.6207
5772.9790 0.6199
5774.3071 0.6207
5775.6387 0.6217
5776.9673 0.6223
5778.2993 0.6224
5779.6289 0.6220
5780.9614 0.6227
5782.2915 0.6228
5783.6250 0.6218
5784.9556 0.6209
5786.2861 0.6217
5787.6206 0.6224
5788.9521 0.6223
5790.2871 0.6208
5791.6191 0.6196
5792.9546 0.6200
5794.2871 0.6210
5795.6201 0.6210
5796.9565 0.6205
5798.2900 0.6204
5799.6274 0.6210
5800.9614 0.6221
5802.2993 0.6228
5803.6338 0.6231
5804.9692 0.6223
5806.3076 0.6209
5807.6436 0.6197
5808.9824 0.6192
5810.3188 0.6198
5811.6587 0.6207
5812.9956 0.6200
5814.3330 0.6206
5815.6738 0.6213
5817.0117 0.6206
5818.3530 0.6197
5819.6914 0.6197
5821.0337 0.6189
5822.3726 0.6190
5823.7119 0.6190
5825.0552 0.6183
5826.3950 0.6178
5827.7388 0.6183
5829.0791 0.6189
5830.4233 0.6192
5831.7646 0.6188
5833.1064 0.6176
5834.4517 0.6167
5835.7935 0.6167
5837.1396 0.6169
5838.4824 0.6171
5839.8286 0.6176
5841.1719 0.6183
5842.5156 0.6190
5843.8633 0.6190
5845.2075 0.6183
5846.5552 0.6173
5847.9004 0.6154
5849.2490 0.6138
5850.5942 0.6144
5851.9404 0.6161
5853.2896 0.6161
5854.6362 0.6144
5855.9863 0.6145
5857.3335 0.6158
5858.6841 0.6149
5860.0322 0.6145
5861.3799 0.6142
5862.7319 0.6133
5864.0806 0.6126
5865.4326 0.6126
5866.7822 0.6128
5868.1348 0.6139
5869.4849 0.6139
5870.8350 0.6122
5872.1890 0.6108
5873.5400 0.6105
5874.8940 0.6102
5876.2456 0.6104
5877.6006 0.6112
5878.9531 0.6104
5880.3052 0.6084
5881.6611 0.6065
5883.0146 0.6054
5884.3711 0.6048
5885.7246 0.5991
5887.0820 0.5898
5888.4365 0.5907
5889.7939 0.5996
5891.1489 0.5992
5892.5044 0.5922
5893.8633 0.5917
5895.2192 0.5987
5896.5786 0.6027
5897.9351 0.6007
5899.2949 0.5996
5900.6523 0.5987
5902.0098 0.6007
5903.3706 0.6040
5904.7285 0.6060
5906.0903 0.6056
5907.4487 0.6040
5908.8110 0.6021
5910.1704 0.6003
5911.5303 0.5994
5912.8931 0.5997
5914.2534 0.6006
5915.6172 0.6010
5916.9780 0.6008
5918.3428 0.5972
5919.7041 0.5952
5921.0659 0.5966
5922.4312 0.5982
5923.7939 0.5966
5925.1597 0.5971
5926.5229 0.5998
5927.8896 0.6004
5929.2534 0.5993
5930.6172 0.5981
5931.9849 0.5971
5933.3496 0.5971
5934.7178 0.5974
5936.0830 0.5968
5937.4517 0.5973
5938.8179 0.5980
5940.1841 0.5952
5941.5537 0.5909
5942.9204 0.5913
5944.2910 0.5920
5945.6587 0.5904
5947.0298 0.5888
5948.3975 0.5901
5949.7661 0.5905
5951.1382 0.5914
5952.5073 0.5930
5953.8799 0.5939
5955.2495 0.5935
5956.6226 0.5924
5957.9932 0.5904
5959.3638 0.5904
5960.7378 0.5921
5962.1094 0.5928
5963.4839 0.5924
5964.8560 0.5924
5966.2314 0.5911
5967.6040 0.5889
5968.9766 0.5886
5970.3530 0.5895
5971.7266 0.5904
5973.1035 0.5906
5974.4780 0.5898
5975.8555 0.5882
5977.2305 0.5859
5978.6055 0.5853
5979.9839 0.5866
5981.3599 0.5870
5982.7388 0.5866
5984.1152 0.5859
5985.4951 0.5857
5986.8721 0.5861
5988.2495 0.5860
5989.6304 0.5847
5991.0083 0.5837
5992.3896 0.5836
5993.7681 0.5842
5995.1504 0.5850
5996.5298 0.5851
5997.9126 0.5842
5999.2920 0.5837
6000.6724 0.5833
6002.0562 0.5829
6003.4370 0.5821
6004.8213 0.5813
6006.2026 0.5810
6007.5874 0.5810
6008.9697 0.5807
6010.3521 0.5807
6011.7378 0.5813
6013.1211 0.5817
6014.5078 0.5806
6015.8911 0.5791
6017.2783 0.5785
6018.6626 0.5784
6020.0474 0.5783
6021.4355 0.5780
6022.8208 0.5775
6024.2095 0.5777
6025.5957 0.5774
6026.9849 0.5772
6028.3716 0.5771
6029.7583 0.5766
6031.1489 0.5758
6032.5361 0.5750
6033.9272 0.5753
6035.3154 0.5765
6036.7070 0.5770
6038.0957 0.5764
6039.4849 0.5756
6040.8774 0.5753
6042.2671 0.5755
6043.6606 0.5749
6045.0508 0.5747
6046.4448 0.5755
6047.8359 0.5763
6049.2271 0.5762
6050.6221 0.5763
6052.0142 0.5764
6053.4097 0.5759
6054.8022 0.5755
6056.1982 0.5764
6057.5918 0.5756
6058.9854 0.5747
6060.3823 0.5747
6061.7764 0.5745
6063.1743 0.5738
6064.5693 0.5740
6065.9678 0.5747
6067.3633 0.5751
6068.7588 0.5747
6070.1582 0.5737
6071.5547 0.5728
6072.9551 0.5730
6074.3521 0.5726
6075.7529 0.5712
6077.1504 0.5710
6078.5483 0.5716
6079.9502 0.5715
6081.3491 0.5707
6082.7515 0.5711
6084.1504 0.5719
6085.5537 0.5705
6086.9536 0.5692
6088.3540 0.5691
6089.7578 0.5689
6091.1587 0.5684
6092.5635 0.5687
6093.9648 0.5691
6095.3701 0.5691
6096.7725 0.5686
6098.1782 0.5673
6099.5811 0.5662
6100.9844 0.5669
6102.3911 0.5677
6103.7949 0.5678
6105.2026 0.5676
6106.6069 0.5675
6108.0151 0.5671
6109.4204 0.5670
6110.8257 0.5669
6112.2349 0.5670
6113.6411 0.5671
6115.0508 0.5664
6116.4575 0.5653
6117.8682 0.5627
6119.2754 0.5603
6120.6831 0.5616
6122.0947 0.5649
6123.5029 0.5654
6124.9150 0.5663
6126.3242 0.5662
6127.7368 0.5658
6129.1465 0.5659
6130.5566 0.5665
6131.9702 0.5664
6133.3809 0.5644
6134.7954 0.5627
6136.2065 0.5632
6137.6216 0.5627
6139.0337 0.5615
6140.4458 0.5629
6141.8618 0.5644
6143.2749 0.5643
6144.6914 0.5639
6146.1050 0.5642
6147.5220 0.5646
6148.9365 0.5641
6150.3511 0.5642
6151.7690 0.5644
6153.1846 0.5645
6154.6035 0.5643
6156.0190 0.5632
6157.4390 0.5606
6158.8555 0.5569
6160.2720 0.5580
6161.6929 0.5613
6163.1104 0.5623
6164.5312 0.5610
6165.9497 0.5603
6167.3711 0.5599
6168.7900 0.5610
6170.2095 0.5613
6171.6323 0.5611
6173.0518 0.5613
6174.4756 0.5612
6175.8960 0.5609
6177.3198 0.5611
6178.7412 0.5612
6180.1626 0.5613
6181.5874 0.5614
6183.0098 0.5609
6184.4355 0.5593
6185.8579 0.5590
6187.2847 0.5589
6188.7080 0.5582
6190.1318 0.5578
6191.5591 0.5587
6192.9834 0.5592
6194.4116 0.5588
6195.8364 0.5582
6197.2651 0.5580
6198.6909 0.5579
6200.1172 0.5574
6201.5469 0.5566
6202.9731 0.5562
6204.4038 0.5558
6205.8311 0.5558
6207.2622 0.5560
6208.6899 0.5561
6210.1216 0.5558
6211.5503 0.5554
6212.9795 0.5553
6214.4121 0.5550
6215.8418 0.5545
6217.2749 0.5543
6218.7056 0.5537
6220.1392 0.5536
6221.5703 0.5538
6223.0015 0.5539
6224.4365 0.5536
6225.8687 0.5530
6227.3042 0.5514
6228.7368 0.5508
6230.1729 0.5514
6231.6064 0.5519
6233.0400 0.5514
6234.4771 0.5506
6235.9116 0.5507
6237.3496 0.5518
6238.7842 0.5516
6240.2231 0.5507
6241.6587 0.5501
6243.0942 0.5495
6244.5342 0.5493
6245.9707 0.5496
6247.4111 0.5488
6248.8481 0.5475
6250.2891 0.5471
6251.7271 0.5474
6253.1650 0.5479
6254.6069 0.5483
6256.0459 0.5482
6257.4888 0.5481
6258.9282 0.5484
6260.3716 0.5481
6261.8115 0.5473
6263.2520 0.5465
6264.6963 0.5465
6266.1377 0.5468
6267.5825 0.5461
6269.0244 0.5443
6270.4702 0.5440
6271.9126 0.5441
6273.3555 0.5444
6274.8022 0.5428
6276.2456 0.5362
6277.6929 0.5256
6279.1372 0.5238
6280.5850 0.5281
6282.0298 0.5325
6283.4751 0.5361
6284.9238 0.5389
6286.3696 0.5398
6287.8193 0.5400
6289.2661 0.5393
6290.7163 0.5372
6292.1636 0.5350
6293.6108 0.5341
6295.0620 0.5347
6296.5103 0.5360
6297.9624 0.5358
6299.4111 0.5349
6300.8638 0.5350
6302.3135 0.5354
6303.7632 0.5346
6305.2168 0.5353
6306.6675 0.5349
6308.1216 0.5355
6309.5728 0.5356
6311.0278 0.5349
6312.4795 0.5356
6313.9316 0.5351
6315.3877 0.5345
6316.8403 0.5357
6318.2974 0.5358
6319.7510 0.5345
6321.2080 0.5348
6322.6621 0.5358
6324.1201 0.5357
6325.5752 0.5360
6327.0303 0.5368
6328.4893 0.5371
6329.9453 0.5361
6331.4048 0.5343
6332.8613 0.5335
6334.3218 0.5336
6335.7788 0.5337
6337.2363 0.5331
6338.6978 0.5321
6340.1558 0.5324
6341.6182 0.5321
6343.0767 0.5313
6344.5396 0.5312
6345.9990 0.5319
6347.4590 0.5320
6348.9229 0.5323
6350.3833 0.5326
6351.8477 0.5332
6353.3091 0.5341
6354.7739 0.5344
6356.2358 0.5336
6357.6982 0.5329
6359.1641 0.5323
6360.6270 0.5333
6362.0938 0.5342
6363.5576 0.5339
6365.0249 0.5332
6366.4893 0.5324
6367.9536 0.5315
6369.4224 0.5318
6370.8877 0.5324
6372.3564 0.5327
6373.8228 0.5327
6375.2925 0.5330
6376.7588 0.5333
6378.2261 0.5337
6379.6968 0.5338
6381.1646 0.5333
6382.6357 0.5323
6384.1040 0.5318
6385.5762 0.5318
6387.0454 0.5314
6388.5146 0.5304
6389.9878 0.5294
6391.4580 0.5294
6392.9316 0.5303
6394.4023 0.5306
6395.8770 0.5297
6397.3481 0.5290
6398.8198 0.5292
6400.2954 0.5298
6401.7681 0.5300
6403.2441 0.5295
6404.7173 0.5296
6406.1943 0.5294
6407.6680 0.5282
6409.1421 0.5270
6410.6196 0.5277
6412.0947 0.5281
6413.5732 0.5275
6415.0488 0.5269
6416.5278 0.5266
6418.0039 0.5263
6419.4805 0.5266
6420.9609 0.5270
6422.4380 0.5267
6423.9189 0.5268
6425.3970 0.5271
6426.8784 0.5261
6428.3569 0.5240
6429.8359 0.5223
6431.3184 0.5221
6432.7979 0.5241
6434.2812 0.5254
6435.7617 0.5226
6437.2456 0.5233
6438.7266 0.5257
6440.2114 0.5262
6441.6929 0.5257
6443.1748 0.5253
6444.6606 0.5241
6446.1431 0.5236
6447.6294 0.5238
6449.1128 0.5240
6450.6001 0.5240
6452.0840 0.5233
6453.5684 0.5221
6455.0566 0.5222
6456.5415 0.5232
6458.0303 0.5208
6459.5161 0.5178
6461.0054 0.5184
6462.4917 0.5215
6463.9785 0.5222
6465.4692 0.5223
6466.9565 0.5216
6468.4478 0.5199
6469.9360 0.5184
6471.4277 0.5184
6472.9165 0.5187
6474.4058 0.5175
6475.8984 0.5169
6477.3882 0.5176
6478.8818 0.5181
6480.3726 0.5172
6481.8667 0.5179
6483.3579 0.5172
6484.8496 0.5164
6486.3447 0.5167
6487.8369 0.5173
6489.3330 0.5159
6490.8262 0.5130
6492.3228 0.5119
6493.8164 0.5129
6495.3101 0.5138
6496.8081 0.5142
6498.3027 0.5157
6499.8013 0.5173
6501.2964 0.5175
6502.7954 0.5168
6504.2915 0.5161
6505.7876 0.5156
6507.2881 0.5152
6508.7852 0.5151
6510.2861 0.5153
6511.7837 0.5145
6513.2852 0.5129
6514.7837 0.5111
6516.2822 0.5093
6517.7852 0.5093
6519.2842 0.5097
6520.7876 0.5103
6522.2876 0.5110
6523.7920 0.5112
6525.2925 0.5108
6526.7939 0.5113
6528.2988 0.5111
6529.8008 0.5098
6531.3062 0.5082
6532.8091 0.5071
6534.3154 0.5061
6535.8184 0.5055
6537.3223 0.5054
6538.8296 0.5054
6540.3340 0.5047
6541.8423 0.5031
6543.3472 0.5009
6544.8560 0.4995
6546.3613 0.4981
6547.8677 0.4959
6549.3774 0.4935
6550.8843 0.4908
6552.3945 0.4858
6553.9019 0.4784
6555.4136 0.4682
6556.9214 0.4484
6558.4336 0.4072
6559.9424 0.3755
6561.4512 0.4044
6562.9644 0.4454
6564.4741 0.4676
6565.9878 0.4787
6567.4985 0.4853
6569.0127 0.4894
6570.5239 0.4923
6572.0356 0.4948
6573.5513 0.4972
6575.0635 0.4992
6576.5796 0.5010
6578.0923 0.5025
6579.6094 0.5032
6581.1230 0.5039
6582.6372 0.5047
6584.1548 0.5054
6585.6694 0.5055
6587.1885 0.5052
6588.7036 0.5048
6590.2231 0.5051
6591.7393 0.5059
6593.2554 0.5065
6594.7759 0.5067
6596.2930 0.5068
6597.8140 0.5071
6599.3320 0.5071
6600.8535 0.5071
6602.3721 0.5072
6603.8911 0.5074
6605.4141 0.5074
6606.9336 0.5069
6608.4570 0.5069
6609.9771 0.5073
6611.5015 0.5073
6613.0225 0.5077
6614.5439 0.5090
6616.0693 0.5097
6617.5913 0.5086
6619.1172 0.5079
6620.6396 0.5070
6622.1665 0.5064
6623.6899 0.5069
6625.2139 0.5078
6626.7417 0.5074
6628.2661 0.5072
6629.7944 0.5073
6631.3198 0.5075
6632.8486 0.5076
6634.3745 0.5076
6635.9009 0.5075
6637.4312 0.5076
6638.9580 0.5075
6640.4888 0.5072
6642.0166 0.5070
6643.5483 0.5070
6645.0767 0.5075
6646.6055 0.5077
6648.1382 0.5077
6649.6675 0.5077
6651.2007 0.5079
6652.7310 0.5078
6654.2651 0.5078
6655.7959 0.5077
6657.3271 0.5072
6658.8623 0.5068
6660.3940 0.5071
6661.9297 0.5078
6663.4624 0.5089
6664.9990 0.5101
6666.5322 0.5095
6668.0659 0.5087
6669.6035 0.5086
6671.1377 0.5080
6672.6763 0.5075
6674.2114 0.5072
6675.7505 0.5075
6677.2861 0.5078
6678.8257 0.5075
6680.3623 0.5073
6681.8989 0.5076
6683.4399 0.5074
6684.9775 0.5073
6686.5190 0.5070
6688.0571 0.5060
6689.5996 0.5047
6691.1382 0.5053
6692.6777 0.5063
6694.2212 0.5066
6695.7607 0.5065
6697.3052 0.5061
6698.8457 0.5058
6700.3906 0.5064
6701.9316 0.5060
6703.4736 0.5038
6705.0195 0.5026
6706.5620 0.5036
6708.1084 0.5043
6709.6519 0.5048
6711.1987 0.5048
6712.7427 0.5040
6714.2871 0.5035
6715.8354 0.5037
6717.3804 0.5042
6718.9292 0.5043
6720.4751 0.5045
6722.0249 0.5044
6723.5713 0.5041
6725.1177 0.5038
6726.6685 0.5033
6728.2163 0.5006
6729.7676 0.4998
6731.3159 0.5013
6732.8682 0.5021
6734.4170 0.5014
6735.9663 0.5018
6737.5195 0.5027
6739.0693 0.5026
6740.6235 0.5020
6742.1743 0.5011
6743.7290 0.5005
6745.2803 0.5006
6746.8320 0.5007
6748.3877 0.5004
6749.9404 0.5003
6751.4966 0.5004
6753.0498 0.5006
6754.6069 0.5007
6756.1611 0.5002
6757.7153 0.4998
6759.2734 0.4996
6760.8286 0.4996
6762.3877 0.4998
6763.9434 0.4998
6765.5029 0.4994
6767.0596 0.4988
6768.6162 0.4990
6770.1772 0.4993
6771.7344 0.4987
6773.2959 0.4978
6774.8540 0.4975
6776.4165 0.4971
6777.9756 0.4971
6779.5347 0.4970
6781.0981 0.4967
6782.6582 0.4959
6784.2222 0.4923
6785.7827 0.4913
6787.3477 0.4933
6788.9092 0.4946
6790.4707 0.4944
6792.0366 0.4949
6793.5991 0.4947
6795.1655 0.4939
6796.7290 0.4909
6798.2964 0.4901
6799.8604 0.4931
6801.4282 0.4947
6802.9927 0.4944
6804.5581 0.4946
6806.1270 0.4944
6807.6929 0.4940
6809.2627 0.4939
6810.8291 0.4937
6812.3994 0.4932
6813.9668 0.4928
6815.5342 0.4928
6817.1060 0.4928
6818.6743 0.4924
6820.2466 0.4923
6821.8154 0.4926
6823.3887 0.4911
6824.9585 0.4884
6826.5283 0.4884
6828.1025 0.4912
6829.6733 0.4916
6831.2485 0.4920
6832.8198 0.4920
6834.3955 0.4916
6835.9678 0.4911
6837.5405 0.4903
6839.1172 0.4895
6840.6904 0.4896
6842.2681 0.4901
6843.8418 0.4905
6845.4199 0.4906
6846.9946 0.4904
6848.5698 0.4903
6850.1494 0.4899
6851.7251 0.4883
6853.3052 0.4874
6854.8818 0.4877
6856.4624 0.4883
6858.0396 0.4880
6859.6177 0.4883
6861.1992 0.4889
6862.7778 0.4890
6864.3604 0.4888
6865.9395 0.4885
6867.5225 0.4881
6869.1025 0.4881
6870.6826 0.4882
6872.2671 0.4882
6873.8481 0.4880
6875.4331 0.4879
6877.0146 0.4876
6878.6006 0.4870
6880.1831 0.4867
6881.7656 0.4867
6883.3525 0.4864
6884.9360 0.4860
6886.5239 0.4865
6888.1079 0.4867
6889.6963 0.4866
6891.2812 0.4865
6892.8667 0.4863
6894.4561 0.4861
6896.0425 0.4860
6897.6323 0.4858
6899.2192 0.4857
6900.8105 0.4852
6902.3979 0.4844
6903.9858 0.4840
6905.5776 0.4844
6907.1665 0.4842
6908.7593 0.4838
6910.3486 0.4834
6911.9419 0.4831
6913.5322 0.4830
6915.1226 0.4830
6916.7173 0.4826
6918.3081 0.4819
6919.9038 0.4819
6921.4956 0.4822
6923.0918 0.4820
6924.6846 0.4817
6926.2812 0.4816
6927.8745 0.4817
6929.4683 0.4818
6931.0664 0.4818
6932.6606 0.4818
6934.2593 0.4815
6935.8545 0.4811
6937.4541 0.4808
6939.0498 0.4810
6940.6460 0.4808
6942.2466 0.4800
6943.8438 0.4800
6945.4448 0.4803
6947.0430 0.4803
6948.6445 0.4799
6950.2432 0.4797
6951.8423 0.4797
6953.4453 0.4793
6955.0449 0.4793
6956.6489 0.4794
6958.2490 0.4785
6959.8535 0.4778
6961.4546 0.4783
6963.0562 0.4787
6964.6621 0.4783
6966.2642 0.4782
6967.8706 0.4784
6969.4736 0.4781
6971.0806 0.4773
6972.6841 0.4768
6974.2886 0.4761
6975.8965 0.4753
6977.5015 0.4752
6979.1104 0.4759
6980.7158 0.4764
6982.3257 0.4752
6983.9321 0.4755
6985.5386 0.4763
6987.1494 0.4766
6988.7568 0.4766
6990.3687 0.4766
6991.9766 0.4764
6993.5889 0.4760
6995.1978 0.4753
6996.8071 0.4742
6998.4204 0.4737
7000.0303 0.4745
7001.6445 0.4763
7003.2554 0.4764
7004.8701 0.4754
7006.4819 0.4749
7008.0938 0.4749
7009.7095 0.4748
7011.3223 0.4744
7012.9390 0.4732
7014.5522 0.4733
7016.1699 0.4750
7017.7837 0.4755
7019.3984 0.4738
7021.0171 0.4729
7022.6323 0.4727
7024.2515 0.4726
7025.8677 0.4740
7027.4878 0.4746
7029.1045 0.4734
7030.7212 0.4731
7032.3428 0.4726
7033.9604 0.4726
7035.5825 0.4734
7037.2007 0.4732
7038.8237 0.4718
7040.4429 0.4720
7042.0664 0.4721
7043.6865 0.4717
7045.3066 0.4724
7046.9316 0.4738
7048.5527 0.4743
7050.1782 0.4728
7051.7998 0.4713
7053.4263 0.4713
7055.0488 0.4713
7056.6719 0.4712
7058.2988 0.4701
7059.9229 0.4674
7061.5508 0.4655
7063.1753 0.4649
7064.8037 0.4652
7066.4292 0.4667
7068.0547 0.4688
7069.6846 0.4694
7071.3110 0.4699
7072.9419 0.4683
7074.5688 0.4674
7076.2002 0.4666
7077.8281 0.4654
7079.4561 0.4662
7081.0889 0.4681
7082.7178 0.4687
7084.3511 0.4681
7085.9810 0.4669
7087.6147 0.4657
7089.2451 0.4649
7090.8760 0.4669
7092.5112 0.4680
7094.1431 0.4674
7095.7788 0.4660
7097.4111 0.4652
7099.0479 0.4659
7100.6812 0.4663
7102.3145 0.4662
7103.9521 0.4653
7105.5864 0.4642
7107.2251 0.4633
7108.8599 0.4622
7110.4995 0.4604
7112.1353 0.4594
7113.7715 0.4602
7115.4116 0.4619
7117.0483 0.4629
7118.6899 0.4624
7120.3271 0.4633
7121.9692 0.4647
7123.6079 0.4648
7125.2466 0.4643
7126.8896 0.4637
7128.5293 0.4627
7130.1729 0.4632
7131.8130 0.4637
7133.4580 0.4637
7135.0986 0.4635
7136.7402 0.4634
7138.3857 0.4630
7140.0283 0.4622
7141.6748 0.4629
7143.3174 0.4612
7144.9648 0.4587
7146.6084 0.4592
7148.2524 0.4623
7149.9009 0.4625
7151.5459 0.4619
7153.1948 0.4609
7154.8403 0.4609
7156.4902 0.4617
7158.1367 0.4611
7159.7832 0.4595
7161.4346 0.4565
7163.0820 0.4569
7164.7339 0.4595
7166.3818 0.4610
7168.0347 0.4612
7169.6836 0.4612
7171.3369 0.4608
7172.9863 0.4601
7174.6367 0.4599
7176.2910 0.4598
7177.9419 0.4583
7179.5972 0.4585
7181.2490 0.4594
7182.9048 0.4571
7184.5571 0.4553
7186.2100 0.4569
7187.8672 0.4581
7189.5210 0.4561
7191.1787 0.4556
7192.8330 0.4565
7194.4917 0.4571
7196.1465 0.4565
7197.8022 0.4548
7199.4619 0.4527
7201.1182 0.4543
7202.7788 0.4534
7204.4355 0.4514
7206.0972 0.4523
7207.7549 0.4542
7209.4131 0.4537
7211.0757 0.4523
7212.7344 0.4523
7214.3975 0.4530
7216.0571 0.4529
7217.7212 0.4518
7219.3818 0.4496
7221.0425 0.4486
7222.7075 0.4498
7224.3691 0.4515
7226.0352 0.4520
7227.6973 0.4523
7229.3643 0.4524
7231.0273 0.4517
7232.6909 0.4512
7234.3584 0.4509
7236.0229 0.4496
7237.6914 0.4476
7239.3564 0.4483
7241.0259 0.4484
7242.6919 0.4490
7244.3579 0.4501
7246.0283 0.4499
7247.6953 0.4484
7249.3667 0.4487
7251.0342 0.4485
7252.7065 0.4488
7254.3750 0.4495
7256.0439 0.4495
7257.7168 0.4483
7259.3867 0.4480
7261.0605 0.4484
7262.7310 0.4485
7264.4058 0.4486
7266.0771 0.4487
7267.7485 0.4483
7269.4243 0.4478
7271.0967 0.4467
7272.7734 0.4462
7274.4463 0.4463
7276.1240 0.4466
7277.7979 0.4461
7279.4722 0.4453
7281.1509 0.4447
7282.8257 0.4447
7284.5054 0.4422
7286.1812 0.4385
7287.8613 0.4409
7289.5376 0.4427
7291.2148 0.4436
7292.8960 0.4440
7294.5737 0.4439
7296.2559 0.4431
7297.9341 0.4426
7299.6172 0.4428
7301.2964 0.4435
7302.9800 0.4425
7304.6602 0.4402
7306.3408 0.4387
7308.0254 0.4390
7309.7065 0.4405
7311.3921 0.4412
7313.0742 0.4413
7314.7607 0.4408
7316.4434 0.4395
7318.1265 0.4383
7319.8140 0.4397
7321.4980 0.4385
7323.1860 0.4368
7324.8711 0.4375
7326.5601 0.4391
7328.2456 0.4384
7329.9312 0.4390
7331.6216 0.4391
7333.3081 0.4392
7334.9995 0.4391
7336.6865 0.4387
7338.3784 0.4388
7340.0669 0.4388
7341.7554 0.4386
7343.4482 0.4383
7345.1377 0.4381
7346.8315 0.4378
7348.5215 0.4371
7350.2163 0.4363
7351.9067 0.4354
7353.5981 0.4357
7355.2939 0.4366
7356.9858 0.4366
7358.6826 0.4357
7360.3755 0.4353
7362.0728 0.4356
7363.7661 0.4358
7365.4604 0.4357
7367.1587 0.4354
7368.8535 0.4352
7370.5527 0.4351
7372.2485 0.4347
7373.9487 0.4342
7375.6450 0.4342
7377.3418 0.4346
7379.0430 0.4347
7380.7402 0.4344
7382.4424 0.4331
7384.1406 0.4317
7385.8433 0.4315
7387.5425 0.4324
7389.2422 0.4325
7390.9458 0.4324
7392.6465 0.4324
7394.3511 0.4326
7396.0522 0.4325
7397.7573 0.4320
7399.4595 0.4323
7401.1616 0.4316
7402.8682 0.4308
7404.5713 0.4303
7406.2788 0.4299
7407.9824 0.4295
7409.6909 0.4288
7411.3955 0.4274
7413.1006 0.4269
7414.8101 0.4270
7416.5156 0.4274
7418.2261 0.4278
7419.9326 0.4276
7421.6436 0.4272
7423.3506 0.4268
7425.0586 0.4276
7426.7705 0.4286
7428.4795 0.4289
7430.1924 0.4290
7431.9014 0.4286
7433.6152 0.4287
7435.3257 0.4280
7437.0400 0.4265
7438.7510 0.4259
7440.4624 0.4265
7442.1777 0.4255
7443.8901 0.4259
7445.6064 0.4261
7447.3193 0.4260
7449.0366 0.4261
7450.7505 0.4259
7452.4644 0.4244
7454.1831 0.4243
7455.8979 0.4248
7457.6172 0.4247
7459.3325 0.4240
7461.0527 0.4240
7462.7690 0.4242
7464.4858 0.4248
7466.2070 0.4251
7467.9248 0.4247
7469.6470 0.4242
7471.3652 0.4245
7473.0884 0.4232
7474.8076 0.4221
7476.5269 0.4225
7478.2510 0.4236
7479.9712 0.4243
7481.6963 0.4244
7483.4175 0.4235
7485.1431 0.4214
7486.8652 0.4218
7488.5874 0.4218
7490.3145 0.4195
7492.0371 0.4191
7493.7651 0.4194
7495.4888 0.4197
7497.2173 0.4202
7498.9419 0.4207
7500.6670 0.4210
7502.3970 0.4211
7504.1226 0.4200
7505.8530 0.4190
7507.5801 0.4175
7509.3110 0.4176
7511.0386 0.4190
7512.7666 0.4181
7514.4990 0.4185
7516.2275 0.4185
7517.9609 0.4182
7519.6904 0.4169
7521.4243 0.4153
7523.1548 0.4160
7524.8853 0.4167
7526.6206 0.4170
7528.3521 0.4161
7530.0884 0.4156
7531.8203 0.4163
7533.5571 0.4166
7535.2905 0.4160
7537.0239 0.4157
7538.7617 0.4157
7540.4961 0.4156
7542.2349 0.4154
7543.9702 0.4151
7545.7095 0.4151
7547.4453 0.4147
7549.1816 0.4146
7550.9229 0.4138
7552.6597 0.4127
7554.4014 0.4132
7556.1392 0.4130
7557.8818 0.4128
7559.6201 0.4128
7561.3594 0.4129
7563.1030 0.4129
7564.8428 0.4127
7566.5874 0.4125
7568.3281 0.4129
7570.0732 0.4123
7571.8149 0.4116
7573.5610 0.4118
7575.3032 0.4121
7577.0459 0.4119
7578.7930 0.4115
7580.5366 0.4108
7582.2847 0.4102
7584.0288 0.4105
7585.7778 0.4110
7587.5229 0.4109
7589.2686 0.4108
7591.0186 0.4105
7592.7646 0.4102
7594.5156 0.4100
7596.2627 0.4098
7598.0142 0.4091
7599.7622 0.4088
7601.5107 0.4088
7603.2637 0.4088
7605.0127 0.4087
7606.7661 0.4084
7608.5161 0.4082
7610.2710 0.4084
7612.0215 0.4075
7613.7725 0.4061
7615.5283 0.4057
7617.2803 0.4063
7619.0366 0.4070
7620.7896 0.4074
7622.5469 0.4074
7624.3003 0.4071
7626.0542 0.4069
7627.8130 0.4067
7629.5679 0.4064
7631.3271 0.4061
7633.0825 0.4059
7634.8428 0.4057
7636.5991 0.4052
7638.3560 0.4051
7640.1172 0.4051
7641.8750 0.4048
7643.6372 0.4045
7645.3955 0.4044
7647.1587 0.4042
7648.9180 0.4037
7650.6772 0.4024
7652.4419 0.4009
7654.2021 0.3993
7655.9673 0.3986
7657.7285 0.3989
7659.4941 0.3982
7661.2563 0.3968
7663.0186 0.3991
7664.7856 0.4011
7666.5493 0.4014
7668.3169 0.4011
7670.0811 0.4010
7671.8496 0.4006
7673.6147 0.4008
7675.3799 0.3996
7677.1499 0.3986
7678.9160 0.3992
7680.6870 0.3990
7682.4536 0.3978
7684.2251 0.3983
7685.9932 0.3986
7687.7612 0.3983
7689.5342 0.3982
7691.3027 0.3983
7693.0767 0.3975
7694.8462 0.3959
7696.6206 0.3961
7698.3911 0.3974
7700.1621 0.3979
7701.9380 0.3975
7703.7100 0.3973
7705.4863 0.3967
7707.2588 0.3931
7709.0361 0.3915
7710.8096 0.3947
7712.5879 0.3963
7714.3618 0.3964
7716.1367 0.3964
7717.9160 0.3960
7719.6914 0.3953
7721.4717 0.3949
7723.2480 0.3946
7725.0288 0.3943
7726.8062 0.3947
7728.5835 0.3948
7730.3657 0.3947
7732.1440 0.3947
7733.9272 0.3945
7735.7065 0.3944
7737.4902 0.3937
7739.2700 0.3928
7741.0508 0.3923
7742.8354 0.3917
7744.6167 0.3907
7746.4028 0.3914
7748.1851 0.3924
7749.9717 0.3926
7751.7544 0.3920
7753.5376 0.3913
7755.3257 0.3907
7757.1099 0.3903
7758.8984 0.3900
7760.6836 0.3898
7762.4731 0.3901
7764.2588 0.3908
7766.0449 0.3901
7767.8359 0.3862
7769.6226 0.3835
7771.4146 0.3831
7773.2021 0.3852
7774.9946 0.3882
7776.7832 0.3880
7778.5723 0.3876
7780.3662 0.3885
7782.1558 0.3881
7783.9507 0.3873
7785.7412 0.3877
7787.5366 0.3873
7789.3281 0.3867
7791.1201 0.3871
7792.9165 0.3866
7794.7095 0.3860
7796.5068 0.3864
7798.3003 0.3858
7800.0986 0.3847
7801.8931 0.3839
7803.6880 0.3834
7805.4873 0.3835
7807.2832 0.3844
7809.0835 0.3845
7810.8799 0.3838
7812.6812 0.3849
7814.4785 0.3853
7816.2759 0.3842
7818.0786 0.3830
7819.8770 0.3831
7821.6802 0.3832
7823.4795 0.3838
7825.2837 0.3834
7827.0840 0.3821
7828.8843 0.3816
7830.6899 0.3821
7832.4912 0.3821
7834.2974 0.3818
7836.0996 0.3821
7837.9067 0.3825
7839.7100 0.3817
7841.5132 0.3795
7843.3213 0.3796
7845.1260 0.3796
7846.9351 0.3796
7848.7402 0.3796
7850.5498 0.3794
7852.3560 0.3792
7854.1665 0.3781
7855.9736 0.3789
7857.7808 0.3790
7859.5928 0.3786
7861.4009 0.3788
7863.2139 0.3780
7865.0225 0.3754
7866.8364 0.3750
7868.6460 0.3767
7870.4561 0.3775
7872.2710 0.3768
7874.0820 0.3769
7875.8979 0.3742
7877.7100 0.3736
7879.5264 0.3749
7881.3389 0.3760
7883.1519 0.3759
7884.9697 0.3749
7886.7837 0.3719
7888.6025 0.3713
7890.4175 0.3708
7892.2368 0.3698
7894.0522 0.3687
7895.8687 0.3671
7897.6890 0.3700
7899.5059 0.3717
7901.3276 0.3693
7903.1455 0.3682
7904.9678 0.3715
7906.7861 0.3723
7908.6055 0.3690
7910.4292 0.3688
7912.2485 0.3706
7914.0732 0.3700
7915.8940 0.3676
7917.7192 0.3692
7919.5405 0.3688
7921.3628 0.3671
7923.1895 0.3667
7925.0122 0.3683
7926.8394 0.3690
7928.6631 0.3660
7930.4912 0.3664
7932.3159 0.3689
7934.1406 0.3707
7935.9702 0.3716
7937.7959 0.3722
7939.6265 0.3708
7941.4526 0.3690
7943.2842 0.3684
7945.1113 0.3683
7946.9390 0.3683
7948.7720 0.3687
7950.6006 0.3683
7952.4336 0.3670
7954.2632 0.3669
7956.0977 0.3672
7957.9277 0.3667
7959.7583 0.3647
7961.5938 0.3614
7963.4253 0.3589
7965.2617 0.3628
7967.0942 0.3643
7968.9316 0.3632
7970.7646 0.3638
7972.5981 0.3645
7974.4370 0.3650
7976.2715 0.3647
7978.1108 0.3651
7979.9458 0.3652
7981.7861 0.3642
7983.6226 0.3636
7985.4590 0.3619
7987.3003 0.3626
7989.1377 0.3621
7990.9800 0.3616
7992.8184 0.3624
7994.6616 0.3616
7996.5005 0.3619
7998.3447 0.3599
8000.1846 0.3580
8002.0249 0.3589
8003.8706 0.3610
8005.7114 0.3595
8007.5576 0.3559
8009.3999 0.3580
8011.2471 0.3598
8013.0898 0.3581
8014.9331 0.3565
8016.7812 0.3590
8018.6255 0.3578
8020.4746 0.3568
8022.3198 0.3557
8024.1699 0.3559
8026.0156 0.3576
8027.8623 0.3563
8029.7134 0.3562
8031.5605 0.3583
8033.4126 0.3575
8035.2607 0.3548
8037.1138 0.3545
8038.9624 0.3559
8040.8120 0.3557
8042.6660 0.3530
8044.5161 0.3525
8046.3711 0.3544
8048.2222 0.3561
8050.0781 0.3561
8051.9302 0.3556
8053.7827 0.3543
8055.6396 0.3537
8057.4927 0.3533
8059.3511 0.3526
8061.2051 0.3535
8063.0640 0.3535
8064.9189 0.3533
8066.7739 0.3534
8068.6343 0.3530
8070.4902 0.3521
8072.3516 0.3526
8074.2085 0.3519
8076.0703 0.3510
8077.9282 0.3509
8079.7866 0.3505
8081.6499 0.3494
8083.5088 0.3501
8085.3730 0.3504
8087.2329 0.3504
8089.0981 0.3499
8090.9590 0.3495
8092.8203 0.3494
8094.6865 0.3487
8096.5483 0.3488
8098.4155 0.3491
8100.2788 0.3491
8102.1465 0.3490
8104.0103 0.3488
8105.8745 0.3485
8107.7441 0.3482
8109.6089 0.3480
8111.4790 0.3476
8113.3452 0.3473
8115.2163 0.3473
8117.0830 0.3471
8118.9502 0.3469
8120.8228 0.3466
8122.6909 0.3464
8124.5640 0.3462
8126.4326 0.3460
8128.3066 0.3456
8130.1768 0.3452
8132.0513 0.3452
8133.9224 0.3450
8135.7935 0.3447
8137.6694 0.3444
8139.5415 0.3442
8141.4185 0.3440
8143.2915 0.3438
8145.1694 0.3435
8147.0430 0.3431
8148.9175 0.3430
8150.7964 0.3428
8152.6714 0.3425
8154.5513 0.3422
8156.4272 0.3418
8158.3081 0.3414
8160.1851 0.3412
8162.0625 0.3413
8163.9443 0.3411
8165.8228 0.3409
8167.7056 0.3407
8169.5845 0.3405
8171.4683 0.3403
8173.3481 0.3402
8175.2285 0.3399
8177.1138 0.3393
8178.9951 0.3361
8180.8809 0.3343
8182.7632 0.3366
8184.6499 0.3370
8186.5327 0.3379
8188.4160 0.3381
8190.3042 0.3348
8192.1885 0.3331
8194.0771 0.3360
8195.9629 0.3355
8197.8525 0.3322
8199.7383 0.3338
8201.6250 0.3361
8203.5156 0.3363
8205.4033 0.3355
8207.2959 0.3349
8209.1836 0.3340
8211.0762 0.3320
8212.9658 0.3318
8214.8545 0.3322
8216.7490 0.3309
8218.6396 0.3304
8220.5342 0.3323
8222.4258 0.3338
8224.3223 0.3331
8226.2139 0.3313
8228.1064 0.3302
8230.0039 0.3301
8231.8965 0.3300
8233.7949 0.3317
8235.6895 0.3324
8237.5889 0.3313
8239.4834 0.3305
8241.3789 0.3312
8243.2793 0.3298
8245.1758 0.3258
8247.0771 0.3273
8248.9746 0.3302
8250.8770 0.3285
8252.7744 0.3288
8254.6729 0.3297
8256.5771 0.3296
8258.4766 0.3293
8260.3809 0.3291
8262.2812 0.3289
8264.1865 0.3291
8266.0869 0.3290
8267.9893 0.3285
8269.8955 0.3278
8271.7979 0.3276
8273.7051 0.3279
8275.6084 0.3275
8277.5166 0.3272
8279.4209 0.3265
8281.3301 0.3260
8283.2354 0.3257
8285.1416 0.3255
8287.0518 0.3257
8288.9580 0.3252
8290.8691 0.3244
8292.7773 0.3242
8294.6895 0.3241
8296.5977 0.3237
8298.5059 0.3235
8300.4199 0.3233
8302.3291 0.3230
8304.2432 0.3230
8306.1543 0.3233
8308.0693 0.3236
8309.9805 0.3227
8311.8926 0.3219
8313.8086 0.3217
8315.7217 0.3217
8317.6396 0.3218
8319.5527 0.3220
8321.4707 0.3215
8323.3857 0.3207
8325.2998 0.3210
8327.2197 0.3202
8329.1357 0.3192
8331.0566 0.3194
8332.9727 0.3195
8334.8945 0.3218
8336.8115 0.3216
8338.7295 0.3201
8340.6523 0.3190
8342.5713 0.3186
8344.4951 0.3185
8346.4150 0.3189
8348.3398 0.3190
8350.2598 0.3187
8352.1807 0.3180
8354.1074 0.3171
8356.0293 0.3166
8357.9561 0.3174
8359.8789 0.3172
8361.8066 0.3162
8363.7295 0.3158
8365.6543 0.3162
8367.5830 0.3156
8369.5078 0.3154
8371.4375 0.3148
8373.3643 0.3156
8375.2949 0.3167
8377.2217 0.3164
8379.1484 0.3153
8381.0811 0.3143
8383.0088 0.3132
8384.9424 0.3134
8386.8711 0.3143
8388.8047 0.3144
8390.7344 0.3148
8392.6650 0.3154
8394.6006 0.3146
8396.5312 0.3137
8398.4678 0.3135
8400.3994 0.3139
8402.3369 0.3138
8404.2695 0.3133
8406.2031 0.3123
8408.1416 0.3108
8410.0762 0.3103
8412.0156 0.3109
8413.9502 0.3102
8415.8906 0.3101
8417.8271 0.3101
8419.7637 0.3101
8421.7051 0.3105
8423.6426 0.3113
8425.5850 0.3108
8427.5234 0.3103
8429.4668 0.3101
8431.4053 0.3092
8433.3496 0.3087
8435.2900 0.3091
8437.2305 0.3090
8439.1758 0.3099
8441.1172 0.3098
8443.0645 0.3093
8445.0059 0.3086
8446.9541 0.3081
8448.8965 0.3082
8450.8408 0.3071
8452.7891 0.3065
8454.7344 0.3070
8456.6836 0.3073
8458.6289 0.3064
8460.5791 0.3057
8462.5254 0.3049
8464.4727 0.3040
8466.4248 0.3039
8468.3721 0.3045
8470.3252 0.3051
8472.2734 0.3055
8474.2275 0.3057
8476.1768 0.3056
8478.1270 0.3050
8480.0820 0.3050
8482.0322 0.3058
8483.9883 0.3052
8485.9404 0.3052
8487.8975 0.3039
8489.8496 0.3042
8491.8027 0.2997
8493.7607 0.2903
8495.7148 0.2933
8497.6738 0.3003
8499.6289 0.3016
8501.5889 0.3009
8503.5449 0.3013
8505.5010 0.3019
8507.4619 0.3025
8509.4199 0.3020
8511.3818 0.3010
8513.3398 0.3004
8515.3027 0.3000
8517.2617 0.2997
8519.2217 0.2994
8521.1855 0.2993
8523.1465 0.2985
8525.1113 0.2982
8527.0723 0.2985
8529.0391 0.2986
8531.0010 0.2981
8532.9639 0.2969
8534.9316 0.2966
8536.8945 0.2805
8538.8633 0.2703
8540.8281 0.2850
8542.7969 0.2932
8544.7627 0.2947
8546.7285 0.2951
8548.6992 0.2952
8550.6660 0.2952
8552.6377 0.2952
8554.6045 0.2949
8556.5771 0.2942
8558.5459 0.2950
8560.5146 0.2955
8562.4893 0.2953
8564.4590 0.2952
8566.4336 0.2958
8568.4043 0.2964
8570.3799 0.2961
8572.3516 0.2954
8574.3242 0.2951
8576.3008 0.2951
8578.2744 0.2946
8580.2520 0.2944
8582.2256 0.2931
8584.2051 0.2925
8586.1797 0.2922
8588.1602 0.2911
8590.1357 0.2901
8592.1113 0.2890
8594.0928 0.2879
8596.0703 0.2881
8598.0527 0.2895
8600.0303 0.2904
8602.0137 0.2905
8603.9922 0.2904
8605.9717 0.2911
8607.9561 0.2921
8609.9365 0.2923
8611.9219 0.2915
8613.9033 0.2907
8615.8896 0.2911
8617.8711 0.2903
8619.8535 0.2896
8621.8418 0.2897
8623.8252 0.2900
8625.8135 0.2894
8627.7979 0.2886
8629.7881 0.2884
8631.7725 0.2881
8633.7588 0.2878
8635.7500 0.2886
8637.7363 0.2895
8639.7285 0.2892
8641.7158 0.2878
8643.7080 0.2867
8645.6973 0.2859
8647.6855 0.2856
8649.6797 0.2861
8651.6699 0.2844
8653.6650 0.2852
8655.6553 0.2780
8657.6514 0.2658
8659.6436 0.2636
8661.6357 0.2769
8663.6328 0.2805
8665.6260 0.2823
8667.6240 0.2830
8669.6182 0.2833
8671.6172 0.2844
8673.6123 0.2843
8675.6074 0.2833
8677.6084 0.2835
8679.6045 0.2836
8681.6055 0.2834
8683.6025 0.2832
8685.6055 0.2829
8687.6035 0.2832
8689.6025 0.2833
8691.6055 0.2832
8693.6055 0.2830
8695.6104 0.2828
8697.6104 0.2827
8699.6162 0.2833
8701.6172 0.2827
8703.6191 0.2821
8705.6260 0.2822
8707.6289 0.2825
8709.6367 0.2819
8711.6406 0.2817
8713.6494 0.2810
8715.6543 0.2805
8717.6592 0.2806
8719.6699 0.2808
8721.6758 0.2804
8723.6865 0.2800
8725.6934 0.2799
8727.7061 0.2801
8729.7129 0.2802
8731.7217 0.2796
8733.7354 0.2786
8735.7441 0.2778
8737.7588 0.2774
8739.7686 0.2767
8741.7842 0.2754
8743.7949 0.2730
8745.8115 0.2700
8747.8232 0.2706
8749.8359 0.2732
8751.8535 0.2751
8753.8672 0.2755
8755.8857 0.2752
8757.9004 0.2754
8759.9199 0.2762
8761.9346 0.2771
8763.9502 0.2778
8765.9717 0.2771
8767.9883 0.2751
8770.0098 0.2756
8772.0273 0.2755
8774.0498 0.2752
8776.0684 0.2754
8778.0879 0.2759
8780.1113 0.2757
8782.1318 0.2750
8784.1562 0.2753
8786.1777 0.2749
8788.2031 0.2745
8790.2256 0.2746
8792.2471 0.2748
8794.2754 0.2743
8796.2979 0.2733
8798.3262 0.2734
8800.3506 0.2718
8802.3799 0.2695
8804.4053 0.2697
8806.4307 0.2717
8808.4609 0.2712
8810.4873 0.2708
8812.5195 0.2701
8814.5459 0.2699
8816.5791 0.2702
8818.6074 0.2691
8820.6357 0.2684
8822.6699 0.2693
8824.6992 0.2701
8826.7344 0.2702
8828.7646 0.2700
8830.8008 0.2693
8832.8330 0.2693
8834.8643 0.2689
8836.9014 0.2681
8838.9346 0.2673
8840.9727 0.2667
8843.0068 0.2656
8845.0459 0.2644
8847.0811 0.2631
8849.1162 0.2606
8851.1562 0.2571
8853.1924 0.2531
8855.2344 0.2475
8857.2715 0.2391
8859.3145 0.2340
8861.3516 0.2371
8863.3906 0.2439
8865.4346 0.2481
8867.4736 0.2519
8869.5186 0.2534
8871.5596 0.2557
8873.6045 0.2582
8875.6465 0.2597
8877.6885 0.2600
8879.7354 0.2605
8881.7783 0.2622
8883.8262 0.2639
8885.8701 0.2647
8887.9189 0.2646
8889.9639 0.2649
8892.0088 0.2660
8894.0596 0.2665
8896.1055 0.2668
8898.1562 0.2673
8900.2041 0.2677
8902.2559 0.2677
8904.3037 0.2678
8906.3574 0.2651
8908.4062 0.2605
8910.4561 0.2632
8912.5107 0.2681
8914.5605 0.2667
8916.6162 0.2666
8918.6680 0.2664
8920.7246 0.2650
8922.7764 0.2594
8924.8291 0.2580
8926.8867 0.2649
8928.9404 0.2659
8931.0000 0.2658
8933.0547 0.2656
8935.1143 0.2653
8937.1699 0.2650
8939.2256 0.2642
8941.2871 0.2628
8943.3438 0.2627
8945.4062 0.2627
8947.4639 0.2628
8949.5273 0.2628
8951.5859 0.2624
8953.6455 0.2620
8955.7100 0.2614
8957.7705 0.2611
8959.8359 0.2598
8961.8975 0.2581
8963.9639 0.2576
8966.0264 0.2580
8968.0889 0.2574
8970.1572 0.2568
8972.2207 0.2550
8974.2891 0.2535
8976.3535 0.2535
8978.4238 0.2535
8980.4893 0.2525
8982.5557 0.2513
8984.6270 0.2500
8986.6934 0.2484
8988.7656 0.2468
8990.8340 0.2451
8992.9072 0.2429
8994.9756 0.2393
8997.0449 0.2366
8999.1201 0.2345
9001.1904 0.2309
9003.2656 0.2258
9005.3369 0.2193
9007.4131 0.2117
9009.4854 0.2004
9011.5586 0.1944
9013.6357 0.2020
9015.7100 0.2121
9017.7891 0.2187
9019.8633 0.2240
9021.9434 0.2280
9024.0186 0.2310
9026.0947 0.2334
9028.1758 0.2357
9030.2529 0.2370
9032.3350 0.2374
9034.4131 0.2388
9036.4971 0.2406
9038.5752 0.2415
9040.6543 0.2419
9042.7393 0.2422
9044.8193 0.2426
9046.9053 0.2428
9048.9863 0.2433
9051.0732 0.2440
9053.1553 0.2439
9055.2383 0.2418
9057.3262 0.2290
9059.4102 0.2298
9061.4990 0.2413
9063.5840 0.2443
9065.6738 0.2439
9067.7588 0.2433
9069.8506 0.2441
9071.9365 0.2406
9074.0234 0.2354
9076.1162 0.2362
9078.2041 0.2421
9080.2979 0.2431
9082.3867 0.2397
9084.4805 0.2336
9086.5703 0.2342
9088.6611 0.2399
9090.7568 0.2291
9092.8486 0.2344
9094.9453 0.2396
9097.0371 0.2404
9099.1348 0.2396
9101.2285 0.2396
9103.3223 0.2394
9105.4209 0.2378
9107.5156 0.2301
9109.6162 0.2315
9111.7119 0.2379
9113.8125 0.2371
9115.9092 0.2370
9118.0068 0.2361
9120.1094 0.2355
9122.2070 0.2353
9124.3105 0.2355
9126.4102 0.2356
9128.5146 0.2347
9130.6143 0.2349
9132.7148 0.2349
9134.8213 0.2346
9136.9219 0.2342
9139.0293 0.2339
9141.1318 0.2333
9143.2393 0.2324
9145.3428 0.2323
9147.4473 0.2322
9149.5566 0.2318
9151.6611 0.2311
9153.7715 0.2308
9155.8770 0.2306
9157.9883 0.2301
9160.0957 0.2294
9162.2031 0.2289
9164.3154 0.2287
9166.4238 0.2280
9168.5371 0.2274
9170.6465 0.2256
9172.7617 0.2240
9174.8711 0.2240
9176.9824 0.2240
9179.0986 0.2219
9181.2100 0.2226
9183.3271 0.2220
9185.4395 0.2216
9187.5576 0.2215
9189.6719 0.2204
9191.7852 0.2194
9193.9053 0.2180
9196.0205 0.2170
9198.1406 0.2150
9200.2568 0.2128
9202.3789 0.2118
9204.4951 0.2103
9206.6133 0.2071
9208.7363 0.2014
9210.8545 0.2000
9212.9785 0.1986
9215.0977 0.1925
9217.2227 0.1915
9219.3428 0.1863
9221.4639 0.1785
9223.5908 0.1669
9225.7129 0.1614
9227.8398 0.1702
9229.9629 0.1797
9232.0908 0.1844
9234.2148 0.1876
9236.3447 0.1930
9238.4688 0.1962
9240.5947 0.1948
9242.7256 0.1995
9244.8516 0.2026
9246.9834 0.2038
9249.1104 0.2033
9251.2432 0.2028
9253.3721 0.2037
9255.5010 0.2034
9257.6348 0.1986
9259.7646 0.1990
9261.8994 0.2013
9264.0303 0.2045
9266.1670 0.2089
9268.2988 0.2086
9270.4307 0.2089
9272.5684 0.2090
9274.7012 0.2089
9276.8398 0.2089
9278.9746 0.2087
9281.1143 0.2086
9283.2490 0.2085
9285.3848 0.2080
9287.5264 0.2078
9289.6621 0.2077
9291.8047 0.2072
9293.9424 0.2070
9296.0850 0.2072
9298.2236 0.2068
9300.3633 0.2063
9302.5078 0.2062
9304.6475 0.2060
9306.7930 0.2056
9308.9346 0.2054
9311.0811 0.2052
9313.2227 0.2042
9315.3652 0.2033
9317.5137 0.2036
9319.6572 0.2037
9321.8057 0.2032
9323.9502 0.2029
9326.1006 0.2030
9328.2461 0.2028
9330.3916 0.2023
9332.5439 0.2020
9334.6904 0.2017
9336.8428 0.2013
9338.9912 0.2007
9341.1445 0.2004
9343.2939 0.2003
9345.4434 0.1994
9347.5977 0.1990
9349.7480 0.1990
9351.9043 0.1988
9354.0557 0.1984
9356.2129 0.1980
9358.3652 0.1977
9360.5186 0.1975
9362.6768 0.1972
9364.8301 0.1968
9366.9902 0.1964
9369.1445 0.1958
9371.3057 0.1956
9373.4609 0.1953
9375.6172 0.1947
9377.7793 0.1946
9379.9365 0.1939
9382.0996 0.1919
9384.2578 0.1915
9386.4219 0.1922
9388.5820 0.1897
9390.7461 0.1900
9392.9072 0.1921
9395.0674 0.1913
9397.2344 0.1905
9399.3965 0.1881
9401.5635 0.1797
9403.7266 0.1822
9405.8945 0.1892
9408.0586 0.1839
9410.2227 0.1776
9412.3926 0.1837
9414.5586 0.1874
9416.7295 0.1858
9418.8955 0.1846
9421.0674 0.1867
9423.2344 0.1861
9425.4023 0.1851
9427.5762 0.1844
9429.7451 0.1843
9431.9189 0.1825
9434.0889 0.1797
9436.2646 0.1822
9438.4355 0.1829
9440.6064 0.1816
9442.7832 0.1814
9444.9561 0.1822
9447.1338 0.1820
9449.3076 0.1814
9451.4863 0.1810
9453.6602 0.1807
9455.8350 0.1800
9458.0156 0.1793
9460.1914 0.1790
9462.3730 0.1787
9464.5498 0.1786
9466.7324 0.1782
9468.9102 0.1777
9471.0889 0.1773
9473.2725 0.1768
9475.4521 0.1764
9477.6367 0.1755
9479.8174 0.1749
9482.0029 0.1746
9484.1846 0.1743
9486.3662 0.1736
9488.5537 0.1729
9490.7363 0.1722
9492.9258 0.1714
9495.1094 0.1707
9497.2988 0.1702
9499.4834 0.1693
9501.6689 0.1680
9503.8604 0.1676
9506.0459 0.1669
9508.2383 0.1660
9510.4258 0.1649
9512.6191 0.1638
9514.8076 0.1625
9516.9961 0.1610
9519.1904 0.1595
9521.3809 0.1577
9523.5762 0.1556
9525.7666 0.1534
9527.9639 0.1508
9530.1553 0.1476
9532.3477 0.1441
9534.5459 0.1396
9536.7393 0.1338
9538.9385 0.1257
9541.1328 0.1149
9543.3330 0.1152
9545.5283 0.1240
9547.7246 0.1320
9549.9268 0.1367
9552.1230 0.1407
9554.3262 0.1434
9556.5234 0.1457
9558.7275 0.1474
9560.9268 0.1490
9563.1309 0.1501
9565.3311 0.1506
9567.5322 0.1512
9569.7383 0.1521
9571.9395 0.1529
9574.1465 0.1534
9576.3496 0.1538
9578.5576 0.1540
9580.7607 0.1541
9582.9648 0.1541
9585.1748 0.1542
9587.3799 0.1539
9589.5908 0.1536
9591.7969 0.1538
9594.0088 0.1537
9596.2158 0.1528
9598.4238 0.1483
9600.6367 0.1486
9602.8457 0.1523
9605.0596 0.1524
9607.2695 0.1527
9609.4854 0.1520
9611.6953 0.1528
9613.9062 0.1502
9616.1240 0.1456
9618.3359 0.1457
9620.5537 0.1501
9622.7666 0.1493
9624.9863 0.1493
9627.2002 0.1469
9629.4150 0.1447
9631.6357 0.1475
9633.8516 0.1485
9636.0723 0.1485
9638.2891 0.1480
9640.5117 0.1480
9642.7295 0.1470
9644.9482 0.1438
9647.1719 0.1436
9649.3916 0.1458
9651.6172 0.1439
9653.8369 0.1389
9656.0635 0.1386
9658.2842 0.1448
9660.5068 0.1438
9662.7344 0.1440
9664.9570 0.1435
9667.1855 0.1417
9669.4102 0.1408
9671.6396 0.1416
9673.8643 0.1405
9676.0898 0.1381
9678.3213 0.1390
9680.5479 0.1400
9682.7803 0.1396
9685.0078 0.1387
9687.2412 0.1369
9689.4697 0.1369
9691.6982 0.1377
9693.9336 0.1380
9696.1631 0.1378
9698.3994 0.1377
9700.6299 0.1373
9702.8672 0.1369
9705.0996 0.1366
9707.3320 0.1362
9709.5703 0.1358
9711.8047 0.1354
9714.0439 0.1350
9716.2783 0.1345
9718.5186 0.1336
9720.7549 0.1331
9722.9912 0.1332
9725.2334 0.1328
9727.4707 0.1324
9729.7139 0.1320
9731.9521 0.1299
9734.1963 0.1274
9736.4355 0.1272
9738.6807 0.1295
9740.9209 0.1296
9743.1621 0.1289
9745.4082 0.1287
9747.6504 0.1287
9749.8984 0.1284
9752.1416 0.1280
9754.3896 0.1275
9756.6338 0.1270
9758.8789 0.1261
9761.1289 0.1257
9763.3740 0.1258
9765.6260 0.1253
9767.8721 0.1251
9770.1250 0.1247
9772.3721 0.1242
9774.6201 0.1238
9776.8750 0.1234
9779.1240 0.1229
9781.3789 0.1223
9783.6289 0.1217
9785.8848 0.1213
9788.1367 0.1212
9790.3877 0.1208
9792.6455 0.1199
9794.8984 0.1193
9797.1572 0.1190
9799.4111 0.1191
9801.6709 0.1189
9803.9258 0.1183
9806.1807 0.1176
9808.4424 0.1171
9810.6982 0.1170
9812.9609 0.1167
9815.2188 0.1161
9817.4814 0.1153
9819.7402 0.1147
9821.9990 0.1139
9824.2646 0.1140
9826.5244 0.1140
9828.7900 0.1134
9831.0518 0.1128
9833.3184 0.1127
9835.5801 0.1122
9837.8428 0.1113
9840.1113 0.1112
9842.3750 0.1111
9844.6455 0.1106
9846.9102 0.1094
9849.1807 0.1070
9851.4463 0.1066
9853.7129 0.1064
9855.9844 0.1058
9858.2520 0.1059
9860.5254 0.1072
9862.7939 0.1071
9865.0684 0.1067
9867.3379 0.1061
9869.6074 0.1057
9871.8838 0.1055
9874.1543 0.1051
9876.4316 0.1047
9878.7031 0.1039
9880.9814 0.1040
9883.2549 0.1021
9885.5283 0.0982
9887.8076 0.0970
9890.0830 0.1010
9892.3633 0.1013
9894.6387 0.0999
9896.9209 0.0996
9899.1973 0.1001
9901.4746 0.0995
9903.7578 0.0990
9906.0361 0.0984
9908.3203 0.0972
9910.5996 0.0957
9912.8857 0.0955
9915.1660 0.0971
9917.4521 0.0968
9919.7334 0.0960
9922.0156 0.0962
9924.3037 0.0944
9926.5869 0.0913
9928.8760 0.0913
9931.1602 0.0938
9933.4502 0.0937
9935.7354 0.0917
9938.0205 0.0909
9940.3125 0.0915
9942.5996 0.0916
9944.8926 0.0907
9947.1797 0.0902
9949.4736 0.0900
9951.7627 0.0895
9954.0518 0.0888
9956.3477 0.0885
9958.6377 0.0879
9960.9346 0.0877
9963.2256 0.0873
9965.5234 0.0867
9967.8154 0.0861
9970.1094 0.0857
9972.4082 0.0851
9974.7021 0.0846
9977.0020 0.0840
9979.2979 0.0835
9981.5986 0.0829
9983.8945 0.0824
9986.1914 0.0819
9988.4941 0.0812
9990.7920 0.0799
9993.0967 0.0784
9995.3955 0.0780
9997.7002 0.0786
10000.0000 0.0777
10002.3057 0.0771
10004.6016 0.0763
10006.9082 0.0754
10009.2158 0.0745
10011.5244 0.0735
10013.8223 0.0723
10016.1309 0.0713
10018.4404 0.0700
10020.7402 0.0685
10023.0508 0.0669
10025.3623 0.0653
10027.6738 0.0633
10029.9756 0.0612
10032.2881 0.0586
10034.6016 0.0556
10036.9043 0.0518
10039.2188 0.0471
10041.5342 0.0408
10043.8496 0.0309
10046.1543 0.0288
10048.4707 0.0355
10050.7881 0.0434
10053.0947 0.0469
10055.4131 0.0504
10057.7324 0.0527
10060.0508 0.0545
10062.3604 0.0559
10064.6807 0.0569
10067.0010 0.0580
10069.3115 0.0587
10071.6338 0.0592
10073.9561 0.0595
10076.2793 0.0598
10078.5918 0.0600
10080.9160 0.0600
10083.2402 0.0603
10085.5547 0.0603
10087.8799 0.0602
10090.2061 0.0601
10092.5332 0.0600
10094.8496 0.0598
10097.1777 0.0595
10099.5059 0.0590
10101.8232 0.0582
10104.1533 0.0578
10106.4834 0.0573
10108.8135 0.0560
10111.1338 0.0560
10113.4648 0.0570
10115.7969 0.0573
10118.1191 0.0538
10120.4521 0.0513
10122.7861 0.0548
10125.1201 0.0554
10127.4434 0.0551
10129.7793 0.0548
10132.1152 0.0544
10134.4404 0.0540
10136.7773 0.0536
10139.1152 0.0529
10141.4531 0.0516
10143.7803 0.0516
10146.1191 0.0519
10148.4590 0.0514
10150.7881 0.0507
10153.1289 0.0504
10155.4707 0.0503
10157.8125 0.0489
10160.1436 0.0477
10162.4863 0.0480
10164.8301 0.0486
10167.1621 0.0478
10169.5068 0.0472
10171.8525 0.0468
10174.1973 0.0468
10176.5322 0.0459
10178.8789 0.0438
10181.2266 0.0438
10183.5742 0.0445
10185.9111 0.0442
10188.2607 0.0437
10190.6094 0.0434
10192.9482 0.0429
10195.2988 0.0424
10197.6504 0.0419
10200.0020 0.0415
10202.3428 0.0410
10204.6953 0.0405
10207.0479 0.0401
10209.3906 0.0396
10211.7451 0.0381
10214.0996 0.0381
10216.4551 0.0383
10218.7998 0.0378
10221.1562 0.0373
10223.5137 0.0368
10225.8594 0.0364
10228.2178 0.0360
10230.5762 0.0355
10232.9355 0.0348
10235.2842 0.0343
10237.6436 0.0341
10240.0049 0.0335
10242.3545 0.0330
10244.7168 0.0327
10247.0791 0.0323
10249.4424 0.0318
10251.7939 0.0312
10254.1582 0.0308
10256.5234 0.0304
10258.8770 0.0299
10261.2422 0.0294
10263.6084 0.0289
10265.9756 0.0284
10268.3311 0.0278
10270.6992 0.0272
10273.0674 0.0268
10275.4258 0.0266
10277.7949 0.0260
10280.1650 0.0256
10282.5352 0.0247
10284.8955 0.0235
10287.2666 0.0235
10289.6396 0.0239
10292.0010 0.0231
10294.3740 0.0227
10296.7480 0.0221
10299.1221 0.0216
10301.4863 0.0213
10303.8613 0.0207
10306.2373 0.0200
10308.6025 0.0193
10310.9795 0.0192
10313.3574 0.0188
10315.7363 0.0183
10318.1035 0.0178
10320.4824 0.0173
10322.8623 0.0168
10325.2314 0.0162
10327.6123 0.0152
10329.9941 0.0149
10332.3760 0.0150
10334.7471 0.0144
10337.1309 0.0137
10339.5146 0.0125
10341.8877 0.0125
10344.2725 0.0125
10346.6572 0.0119
10349.0430 0.0115
