3559.5898 0.6810
3560.4106 0.6813
3561.2297 0.6802
3562.0508 0.6759
3562.8704 0.6651
3563.6899 0.6499
3564.5117 0.6406
3565.3318 0.6416
3566.1538 0.6475
3566.9744 0.6495
3567.7969 0.6428
3568.6177 0.6335
3569.4385 0.6281
3570.2617 0.6270
3571.0830 0.6298
3571.9065 0.6370
3572.7283 0.6477
3573.5520 0.6563
3574.3740 0.6614
3575.1963 0.6651
3576.0208 0.6674
3576.8435 0.6671
3577.6682 0.6629
3578.4915 0.6548
3579.3167 0.6449
3580.1399 0.6410
3580.9636 0.6467
3581.7893 0.6535
3582.6133 0.6483
3583.4395 0.6318
3584.2639 0.6192
3585.0903 0.6180
3585.9150 0.6260
3586.7400 0.6371
3587.5671 0.6465
3588.3923 0.6546
3589.2200 0.6637
3590.0457 0.6715
3590.8735 0.6746
3591.6995 0.6724
3592.5259 0.6685
3593.3542 0.6677
3594.1809 0.6701
3595.0098 0.6742
3595.8367 0.6786
3596.6660 0.6829
3597.4934 0.6866
3598.3208 0.6873
3599.1506 0.6844
3599.9788 0.6792
3600.8088 0.6736
3601.6372 0.6688
3602.4678 0.6646
3603.2964 0.6604
3604.1252 0.6601
3604.9565 0.6654
3605.7859 0.6707
3606.6172 0.6687
3607.4470 0.6593
3608.2788 0.6541
3609.1089 0.6569
3609.9392 0.6634
3610.7717 0.6678
3611.6023 0.6687
3612.4351 0.6708
3613.2661 0.6789
3614.0994 0.6881
3614.9307 0.6903
3615.7625 0.6813
3616.5962 0.6647
3617.4282 0.6522
3618.2625 0.6546
3619.0947 0.6654
3619.9292 0.6741
3620.7620 0.6775
3621.5969 0.6777
3622.4302 0.6784
3623.2634 0.6827
3624.0989 0.6924
3624.9326 0.7037
3625.7686 0.7108
3626.6028 0.7116
3627.4390 0.7062
3628.2734 0.6922
3629.1082 0.6732
3629.9451 0.6620
3630.7800 0.6666
3631.6174 0.6820
3632.4529 0.6963
3633.2903 0.7046
3634.1262 0.7095
3634.9622 0.7120
3635.8005 0.7126
3636.6370 0.7128
3637.4756 0.7139
3638.3123 0.7143
3639.1514 0.7110
3639.9885 0.7038
3640.8259 0.6949
3641.6653 0.6880
3642.5032 0.6870
3643.3430 0.6913
3644.1812 0.6956
3645.0215 0.6962
3645.8601 0.6936
3646.6990 0.6919
3647.5398 0.6949
3648.3789 0.7006
3649.2202 0.7068
3650.0596 0.7131
3650.9014 0.7194
3651.7412 0.7258
3652.5813 0.7319
3653.4236 0.7364
3654.2642 0.7380
3655.1067 0.7387
3655.9475 0.7405
3656.7908 0.7418
3657.6318 0.7402
3658.4734 0.7383
3659.3169 0.7378
3660.1587 0.7368
3661.0029 0.7349
3661.8450 0.7345
3662.6895 0.7376
3663.5320 0.7426
3664.3748 0.7468
3665.2197 0.7491
3666.0630 0.7495
3666.9084 0.7491
3667.7520 0.7486
3668.5977 0.7486
3669.4417 0.7498
3670.2859 0.7522
3671.1321 0.7540
3671.9768 0.7539
3672.8235 0.7524
3673.6685 0.7514
3674.5156 0.7492
3675.3608 0.7457
3676.2063 0.7424
3677.0542 0.7397
3677.8999 0.7377
3678.7480 0.7381
3679.5945 0.7407
3680.4429 0.7422
3681.2896 0.7424
3682.1365 0.7421
3682.9856 0.7395
3683.8328 0.7316
3684.6824 0.7238
3685.5300 0.7242
3686.3799 0.7373
3687.2278 0.7573
3688.0781 0.7708
3688.9265 0.7701
3689.7751 0.7665
3690.6260 0.7719
3691.4751 0.7867
3692.3264 0.8003
3693.1758 0.8009
3694.0273 0.7882
3694.8772 0.7709
3695.7273 0.7638
3696.5793 0.7771
3697.4299 0.8057
3698.2825 0.8308
3699.1333 0.8371
3699.9863 0.8244
3700.8374 0.7967
3701.6887 0.7621
3702.5425 0.7345
3703.3943 0.7280
3704.2483 0.7433
3705.1003 0.7720
3705.9548 0.8010
3706.8074 0.8182
3707.6599 0.8168
3708.5149 0.7965
3709.3682 0.7627
3710.2234 0.7375
3711.0771 0.7441
3711.9329 0.7839
3712.7866 0.8374
3713.6409 0.8797
3714.4973 0.9052
3715.3518 0.9170
3716.2085 0.9138
3717.0635 0.8905
3717.9204 0.8450
3718.7759 0.7828
3719.6313 0.7216
3720.4890 0.6912
3721.3450 0.7132
3722.2031 0.7768
3723.0593 0.8508
3723.9180 0.9030
3724.7747 0.9262
3725.6316 0.9317
3726.4905 0.9375
3727.3479 0.9473
3728.2073 0.9513
3729.0649 0.9357
3729.9250 0.8973
3730.7830 0.8331
3731.6414 0.7534
3732.5017 0.6878
3733.3604 0.6676
3734.2214 0.7023
3735.0803 0.7601
3735.9417 0.8253
3736.8013 0.8939
3737.6609 0.9545
3738.5227 0.9943
3739.3828 1.0083
3740.2451 1.0063
3741.1055 0.9963
3741.9683 0.9835
3742.8291 0.9665
3743.6899 0.9435
3744.5532 0.9162
3745.4148 0.8872
3746.2786 0.8386
3747.1404 0.7676
3748.0044 0.7013
3748.8667 0.6803
3749.7290 0.7275
3750.5938 0.8101
3751.4565 0.8916
3752.3215 0.9604
3753.1848 1.0152
3754.0503 1.0522
3754.9138 1.0640
3755.7798 1.0515
3756.6438 1.0316
3757.5081 1.0227
3758.3745 1.0295
3759.2390 1.0456
3760.1060 1.0615
3760.9709 1.0753
3761.8381 1.0792
3762.7036 1.0716
3763.5693 1.0540
3764.4370 1.0256
3765.3032 0.9843
3766.1714 0.9338
3767.0378 0.8709
3767.9065 0.7952
3768.7732 0.7312
3769.6401 0.7189
3770.5095 0.7798
3771.3770 0.8710
3772.2466 0.9446
3773.1145 0.9841
3773.9844 1.0057
3774.8528 1.0378
3775.7209 1.0933
3776.5918 1.1429
3777.4604 1.1752
3778.3315 1.1959
3779.2009 1.2108
3780.0723 1.2202
3780.9419 1.2222
3781.8118 1.2202
3782.6838 1.2197
3783.5540 1.2175
3784.4265 1.2087
3785.2971 1.1948
3786.1699 1.1836
3787.0410 1.1780
3787.9121 1.1740
3788.7856 1.1691
3789.6572 1.1617
3790.5310 1.1470
3791.4031 1.1180
3792.2773 1.0721
3793.1499 1.0124
3794.0225 0.9382
3794.8972 0.8483
3795.7703 0.7610
3796.6455 0.7195
3797.5190 0.7616
3798.3948 0.8596
3799.2686 0.9671
3800.1426 1.0544
3801.0188 1.1146
3801.8933 1.1551
3802.7700 1.1804
3803.6448 1.1924
3804.5220 1.1973
3805.3972 1.2064
3806.2727 1.2277
3807.1504 1.2596
3808.0261 1.2883
3808.9043 1.3061
3809.7805 1.3088
3810.6589 1.2953
3811.5356 1.2741
3812.4126 1.2596
3813.2917 1.2564
3814.1689 1.2625
3815.0483 1.2823
3815.9260 1.3084
3816.8059 1.3220
3817.6841 1.3080
3818.5623 1.2808
3819.4429 1.2694
3820.3215 1.2788
3821.2024 1.2873
3822.0815 1.2768
3822.9629 1.2509
3823.8423 1.2313
3824.7241 1.2205
3825.6040 1.2111
3826.4841 1.1954
3827.3665 1.1762
3828.2468 1.1608
3829.1296 1.1383
3830.0105 1.0887
3830.8938 1.0155
3831.7751 0.9287
3832.6565 0.8389
3833.5403 0.7701
3834.4224 0.7727
3835.3064 0.8393
3836.1887 0.9237
3837.0735 1.0002
3837.9561 1.0656
3838.8391 1.1257
3839.7244 1.1826
3840.6077 1.2386
3841.4932 1.2837
3842.3770 1.3123
3843.2629 1.3267
3844.1472 1.3363
3845.0315 1.3521
3845.9182 1.3748
3846.8030 1.3905
3847.6899 1.3877
3848.5752 1.3750
3849.4626 1.3765
3850.3481 1.3998
3851.2339 1.4255
3852.1221 1.4411
3853.0083 1.4404
3853.8967 1.4256
3854.7832 1.4085
3855.6721 1.4016
3856.5591 1.3939
3857.4463 1.3830
3858.3359 1.3843
3859.2234 1.4096
3860.1135 1.4498
3861.0015 1.4770
3861.8918 1.4853
3862.7803 1.4795
3863.6687 1.4712
3864.5598 1.4717
3865.4487 1.4824
3866.3401 1.4895
3867.2297 1.4904
3868.1213 1.4875
3869.0112 1.4773
3869.9014 1.4543
3870.7937 1.4226
3871.6841 1.4085
3872.5769 1.4194
3873.4678 1.4368
3874.3611 1.4413
3875.2524 1.4209
3876.1438 1.3800
3877.0376 1.3517
3877.9297 1.3592
3878.8237 1.3805
3879.7161 1.3869
3880.6108 1.3717
3881.5037 1.3461
3882.3965 1.3086
3883.2917 1.2464
3884.1851 1.1585
3885.0808 1.0582
3885.9746 0.9544
3886.8706 0.8603
3887.7649 0.8266
3888.6592 0.8894
3889.5559 1.0096
3890.4507 1.1278
3891.3479 1.2116
3892.2429 1.2637
3893.1406 1.2976
3894.0361 1.3241
3894.9341 1.3490
3895.8301 1.3682
3896.7263 1.3777
3897.6250 1.3812
3898.5215 1.3914
3899.4207 1.4140
3900.3176 1.4390
3901.2170 1.4564
3902.1145 1.4622
3903.0122 1.4570
3903.9121 1.4447
3904.8103 1.4519
3905.7107 1.4843
3906.6094 1.5211
3907.5100 1.5448
3908.4089 1.5562
3909.3081 1.5637
3910.2097 1.5608
3911.1091 1.5481
3912.0110 1.5392
3912.9111 1.5451
3913.8132 1.5605
3914.7136 1.5647
3915.6143 1.5595
3916.5171 1.5530
3917.4182 1.5470
3918.3215 1.5426
3919.2229 1.5418
3920.1267 1.5431
3921.0286 1.5442
3921.9307 1.5545
3922.8350 1.5728
3923.7373 1.5856
3924.6421 1.5766
3925.5452 1.5480
3926.4502 1.5137
3927.3535 1.4769
3928.2571 1.4202
3929.1628 1.3142
3930.0667 1.1335
3930.9731 0.8947
3931.8774 0.7138
3932.7839 0.7088
3933.6887 0.8824
3934.5938 1.1353
3935.5010 1.3400
3936.4062 1.4670
3937.3142 1.5384
3938.2200 1.5762
3939.1279 1.5939
3940.0342 1.5979
3940.9407 1.5917
3941.8494 1.5799
3942.7561 1.5785
3943.6653 1.5912
3944.5725 1.6047
3945.4822 1.6069
3946.3899 1.5984
3947.2979 1.5924
3948.2080 1.5924
3949.1162 1.5946
3950.0269 1.5930
3950.9355 1.5877
3951.8467 1.5841
3952.7559 1.5817
3953.6650 1.5694
3954.5769 1.5478
3955.4866 1.5316
3956.3987 1.5304
3957.3088 1.5365
3958.2214 1.5283
3959.1321 1.5005
3960.0449 1.4646
3960.9561 1.4350
3961.8672 1.4119
3962.7808 1.3747
3963.6924 1.2944
3964.6064 1.1532
3965.5186 0.9558
3966.4329 0.7505
3967.3455 0.6198
3968.2581 0.6359
3969.1731 0.7747
3970.0862 0.9606
3971.0017 1.1280
3971.9153 1.2504
3972.8313 1.3321
3973.7451 1.3899
3974.6592 1.4295
3975.5759 1.4613
3976.4905 1.4925
3977.4075 1.5221
3978.3225 1.5457
3979.2397 1.5601
3980.1553 1.5682
3981.0708 1.5771
3981.9888 1.5907
3982.9050 1.6064
3983.8232 1.6173
3984.7397 1.6203
3985.6587 1.6276
3986.5757 1.6402
3987.4927 1.6502
3988.4121 1.6556
3989.3298 1.6602
3990.2498 1.6679
3991.1677 1.6756
3992.0879 1.6788
3993.0063 1.6760
3993.9250 1.6717
3994.8459 1.6675
3995.7649 1.6609
3996.6863 1.6556
3997.6057 1.6606
3998.5276 1.6734
3999.4475 1.6888
4000.3674 1.7010
4001.2900 1.7033
4002.2104 1.6895
4003.1333 1.6684
4004.0544 1.6583
4004.9775 1.6672
4005.8989 1.6880
4006.8206 1.7048
4007.7446 1.7123
4008.6665 1.7114
4009.5908 1.7039
4010.5132 1.6952
4011.4380 1.6928
4012.3608 1.7001
4013.2839 1.7084
4014.2095 1.7134
4015.1328 1.7151
4016.0588 1.7182
4016.9827 1.7265
4017.9089 1.7367
4018.8333 1.7403
4019.7578 1.7387
4020.6848 1.7353
4021.6096 1.7309
4022.5371 1.7237
4023.4624 1.7150
4024.3901 1.7144
4025.3162 1.7207
4026.2422 1.7247
4027.1704 1.7176
4028.0969 1.6993
4029.0259 1.6818
4029.9526 1.6794
4030.8821 1.6815
4031.8093 1.6808
4032.7390 1.6829
4033.6667 1.6942
4034.5947 1.7125
4035.5251 1.7274
4036.4534 1.7362
4037.3843 1.7409
4038.3130 1.7428
4039.2441 1.7426
4040.1736 1.7407
4041.1030 1.7354
4042.0347 1.7198
4042.9646 1.6916
4043.8970 1.6646
4044.8271 1.6610
4045.7600 1.6891
4046.6907 1.7154
4047.6216 1.7246
4048.5549 1.7227
4049.4863 1.7184
4050.4202 1.7162
4051.3521 1.7159
4052.2861 1.7129
4053.2185 1.7092
4054.1509 1.7068
4055.0857 1.7030
4056.0186 1.6977
4056.9539 1.6973
4057.8872 1.7071
4058.8230 1.7138
4059.7566 1.7057
4060.6907 1.6808
4061.6270 1.6548
4062.5613 1.6520
4063.4983 1.6723
4064.4331 1.6854
4065.3701 1.6847
4066.3054 1.6830
4067.2410 1.6880
4068.1787 1.6901
4069.1147 1.6753
4070.0530 1.6605
4070.9893 1.6639
4071.9280 1.6784
4072.8647 1.6857
4073.8018 1.6735
4074.7412 1.6482
4075.6787 1.6230
4076.6184 1.6180
4077.5562 1.6360
4078.4966 1.6603
4079.4348 1.6697
4080.3733 1.6670
4081.3142 1.6578
4082.2532 1.6478
4083.1943 1.6411
4084.1338 1.6375
4085.0757 1.6322
4086.0154 1.6237
4086.9553 1.6146
4087.8977 1.6048
4088.8381 1.5933
4089.7810 1.5798
4090.7219 1.5643
4091.6653 1.5449
4092.6064 1.5210
4093.5481 1.4923
4094.4919 1.4574
4095.4338 1.4131
4096.3784 1.3542
4097.3208 1.2741
4098.2656 1.1595
4099.2085 1.0250
4100.1514 0.9399
4101.0967 0.9663
4102.0400 1.0969
4102.9863 1.2336
4103.9302 1.3361
4104.8765 1.4038
4105.8208 1.4514
4106.7676 1.4880
4107.7124 1.5134
4108.6572 1.5302
4109.6045 1.5462
4110.5503 1.5644
4111.4980 1.5835
4112.4438 1.5990
4113.3921 1.6072
4114.3384 1.6104
4115.2852 1.6106
4116.2339 1.6071
4117.1807 1.6047
4118.1304 1.6084
4119.0776 1.6172
4120.0273 1.6243
4120.9751 1.6339
4121.9233 1.6440
4122.8740 1.6507
4123.8223 1.6529
4124.7734 1.6522
4125.7222 1.6477
4126.6733 1.6447
4127.6230 1.6428
4128.5723 1.6334
4129.5244 1.6147
4130.4746 1.6001
4131.4268 1.6074
4132.3774 1.6263
4133.3301 1.6442
4134.2812 1.6552
4135.2324 1.6612
4136.1855 1.6681
4137.1372 1.6759
4138.0913 1.6785
4139.0435 1.6759
4139.9976 1.6672
4140.9502 1.6481
4141.9028 1.6221
4142.8579 1.6207
4143.8110 1.6408
4144.7666 1.6605
4145.7202 1.6680
4146.6758 1.6658
4147.6299 1.6640
4148.5840 1.6676
4149.5405 1.6703
4150.4951 1.6673
4151.4526 1.6588
4152.4072 1.6492
4153.3647 1.6458
4154.3203 1.6503
4155.2764 1.6558
4156.2344 1.6607
4157.1904 1.6656
4158.1489 1.6702
4159.1055 1.6725
4160.0649 1.6704
4161.0220 1.6673
4161.9790 1.6675
4162.9390 1.6726
4163.8965 1.6791
4164.8564 1.6804
4165.8149 1.6764
4166.7754 1.6746
4167.7339 1.6740
4168.6929 1.6665
4169.6538 1.6504
4170.6133 1.6364
4171.5752 1.6366
4172.5347 1.6441
4173.4971 1.6473
4174.4570 1.6434
4175.4175 1.6400
4176.3799 1.6460
4177.3408 1.6550
4178.3042 1.6587
4179.2651 1.6511
4180.2290 1.6406
4181.1909 1.6390
4182.1548 1.6468
4183.1172 1.6478
4184.0796 1.6377
4185.0444 1.6197
4186.0068 1.6083
4186.9722 1.6129
4187.9355 1.6260
4188.9014 1.6288
4189.8647 1.6290
4190.8286 1.6371
4191.7949 1.6463
4192.7593 1.6468
4193.7261 1.6396
4194.6909 1.6326
4195.6582 1.6175
4196.6235 1.5997
4197.5889 1.5947
4198.5571 1.6028
4199.5229 1.6057
4200.4912 1.6009
4201.4575 1.6036
4202.4263 1.6125
4203.3931 1.6231
4204.3599 1.6326
4205.3296 1.6400
4206.2969 1.6432
4207.2671 1.6421
4208.2349 1.6384
4209.2051 1.6356
4210.1738 1.6365
4211.1421 1.6383
4212.1133 1.6280
4213.0820 1.6032
4214.0537 1.5831
4215.0229 1.5835
4215.9951 1.5994
4216.9648 1.6089
4217.9351 1.6086
4218.9077 1.6056
4219.8784 1.6049
4220.8516 1.6051
4221.8223 1.6023
4222.7959 1.5891
4223.7676 1.5562
4224.7393 1.5195
4225.7134 1.5177
4226.6855 1.5556
4227.6602 1.6038
4228.6328 1.6256
4229.6079 1.6223
4230.5806 1.6020
4231.5542 1.5833
4232.5298 1.5799
4233.5034 1.5868
4234.4800 1.5878
4235.4541 1.5891
4236.4307 1.5893
4237.4053 1.5893
4238.3799 1.5921
4239.3574 1.5969
4240.3325 1.5980
4241.3105 1.5948
4242.2861 1.5907
4243.2642 1.5847
4244.2407 1.5719
4245.2168 1.5572
4246.1958 1.5533
4247.1729 1.5519
4248.1519 1.5409
4249.1294 1.5384
4250.1094 1.5555
4251.0869 1.5774
4252.0649 1.5790
4253.0454 1.5759
4254.0239 1.5840
4255.0049 1.5956
4255.9834 1.5999
4256.9648 1.5920
4257.9443 1.5765
4258.9263 1.5669
4259.9058 1.5724
4260.8857 1.5850
4261.8687 1.5965
4262.8491 1.6031
4263.8320 1.6046
4264.8130 1.5997
4265.7964 1.5925
4266.7778 1.5861
4267.7593 1.5749
4268.7432 1.5527
4269.7256 1.5272
4270.7100 1.5286
4271.6924 1.5454
4272.6772 1.5565
4273.6606 1.5631
4274.6436 1.5738
4275.6294 1.5878
4276.6128 1.5942
4277.5991 1.5884
4278.5830 1.5751
4279.5698 1.5578
4280.5542 1.5423
4281.5391 1.5382
4282.5264 1.5470
4283.5117 1.5549
4284.4990 1.5555
4285.4849 1.5457
4286.4731 1.5227
4287.4590 1.4915
4288.4453 1.4788
4289.4346 1.4964
4290.4214 1.5181
4291.4106 1.5225
4292.3979 1.5152
4293.3877 1.5198
4294.3755 1.5324
4295.3633 1.5329
4296.3535 1.5082
4297.3423 1.4706
4298.3330 1.4467
4299.3218 1.4519
4300.3135 1.4606
4301.3027 1.4770
4302.2920 1.4984
4303.2842 1.5106
4304.2744 1.5031
4305.2666 1.4795
4306.2573 1.4586
4307.2500 1.4645
4308.2412 1.4853
4309.2319 1.4989
4310.2261 1.4951
4311.2173 1.4805
4312.2114 1.4680
4313.2036 1.4715
4314.1982 1.4899
4315.1904 1.5035
4316.1836 1.5004
4317.1787 1.4905
4318.1719 1.4874
4319.1675 1.4876
4320.1611 1.4895
4321.1572 1.4857
4322.1514 1.4695
4323.1460 1.4453
4324.1426 1.4326
4325.1377 1.4379
4326.1348 1.4457
4327.1299 1.4442
4328.1279 1.4361
4329.1235 1.4314
4330.1196 1.4215
4331.1182 1.4024
4332.1143 1.3764
4333.1133 1.3426
4334.1104 1.2979
4335.1099 1.2376
4336.1069 1.1509
4337.1069 1.0288
4338.1045 0.9052
4339.1025 0.8632
4340.1030 0.9426
4341.1016 1.0852
4342.1025 1.1942
4343.1016 1.2650
4344.1030 1.3123
4345.1025 1.3487
4346.1021 1.3787
4347.1040 1.3992
4348.1040 1.4070
4349.1069 1.4017
4350.1074 1.3961
4351.1104 1.4058
4352.1113 1.4299
4353.1128 1.4500
4354.1167 1.4616
4355.1182 1.4700
4356.1226 1.4736
4357.1245 1.4762
4358.1294 1.4820
4359.1318 1.4895
4360.1348 1.4933
4361.1401 1.4960
4362.1436 1.4978
4363.1494 1.4996
4364.1528 1.5008
4365.1592 1.4993
4366.1636 1.4969
4367.1680 1.4974
4368.1753 1.4985
4369.1802 1.4994
4370.1875 1.5013
4371.1929 1.5015
4372.2007 1.4916
4373.2065 1.4768
4374.2129 1.4699
4375.2212 1.4768
4376.2280 1.4924
4377.2368 1.5050
4378.2441 1.5095
4379.2534 1.5053
4380.2612 1.4889
4381.2686 1.4648
4382.2793 1.4524
4383.2871 1.4712
4384.2979 1.4979
4385.3066 1.5132
4386.3179 1.5172
4387.3267 1.5159
4388.3359 1.5123
4389.3481 1.5077
4390.3579 1.5067
4391.3701 1.5000
4392.3804 1.4819
4393.3936 1.4674
4394.4043 1.4736
4395.4150 1.4969
4396.4287 1.5061
4397.4399 1.4983
4398.4541 1.4879
4399.4658 1.4873
4400.4805 1.4935
4401.4927 1.4900
4402.5054 1.4743
4403.5205 1.4714
4404.5337 1.4831
4405.5493 1.4943
4406.5625 1.4972
4407.5786 1.4995
4408.5928 1.5033
4409.6069 1.5057
4410.6240 1.5051
4411.6387 1.4956
4412.6558 1.4754
4413.6709 1.4550
4414.6885 1.4534
4415.7041 1.4634
4416.7227 1.4780
4417.7388 1.4895
4418.7549 1.4941
4419.7739 1.4935
4420.7905 1.4884
4421.8101 1.4813
4422.8271 1.4754
4423.8472 1.4704
4424.8647 1.4660
4425.8828 1.4648
4426.9033 1.4693
4427.9219 1.4756
4428.9429 1.4827
4429.9619 1.4876
4430.9834 1.4848
4432.0024 1.4708
4433.0220 1.4553
4434.0444 1.4549
4435.0645 1.4682
4436.0874 1.4825
4437.1079 1.4904
4438.1309 1.4935
4439.1519 1.4858
4440.1733 1.4645
4441.1968 1.4394
4442.2188 1.4299
4443.2432 1.4426
4444.2651 1.4612
4445.2900 1.4677
4446.3125 1.4684
4447.3354 1.4644
4448.3613 1.4612
4449.3843 1.4640
4450.4106 1.4686
4451.4341 1.4620
4452.4609 1.4479
4453.4849 1.4410
4454.5098 1.4470
4455.5366 1.4562
4456.5615 1.4536
4457.5894 1.4482
4458.6147 1.4476
4459.6431 1.4490
4460.6689 1.4519
4461.6953 1.4551
4462.7241 1.4536
4463.7505 1.4471
4464.7798 1.4383
4465.8071 1.4274
4466.8369 1.4220
4467.8643 1.4293
4468.8921 1.4459
4469.9229 1.4556
4470.9512 1.4605
4471.9819 1.4617
4473.0107 1.4555
4474.0425 1.4446
4475.0718 1.4418
4476.1011 1.4499
4477.1333 1.4541
4478.1631 1.4471
4479.1958 1.4314
4480.2266 1.4204
4481.2593 1.4281
4482.2905 1.4407
4483.3213 1.4496
4484.3555 1.4521
4485.3872 1.4490
4486.4214 1.4447
4487.4536 1.4444
4488.4883 1.4422
4489.5210 1.4404
4490.5537 1.4410
4491.5889 1.4412
4492.6226 1.4392
4493.6582 1.4380
4494.6919 1.4402
4495.7285 1.4466
4496.7627 1.4520
4497.7998 1.4479
4498.8345 1.4339
4499.8696 1.4240
4500.9072 1.4330
4501.9424 1.4433
4502.9805 1.4446
4504.0166 1.4424
4505.0552 1.4423
4506.0913 1.4409
4507.1279 1.4385
4508.1675 1.4367
4509.2046 1.4355
4510.2446 1.4355
4511.2822 1.4368
4512.3223 1.4375
4513.3604 1.4360
4514.3984 1.4336
4515.4395 1.4294
4516.4785 1.4285
4517.5200 1.4327
4518.5591 1.4335
4519.6011 1.4256
4520.6406 1.4178
4521.6807 1.4155
4522.7236 1.4177
4523.7642 1.4200
4524.8071 1.4182
4525.8481 1.4099
4526.8916 1.4015
4527.9331 1.4020
4528.9746 1.4073
4530.0190 1.4048
4531.0610 1.3874
4532.1060 1.3729
4533.1489 1.3762
4534.1938 1.3918
4535.2373 1.4077
4536.2803 1.4168
4537.3267 1.4200
4538.3701 1.4171
4539.4170 1.4149
4540.4609 1.4162
4541.5083 1.4168
4542.5527 1.4143
4543.5981 1.4116
4544.6455 1.4090
4545.6909 1.3983
4546.7393 1.3778
4547.7852 1.3657
4548.8340 1.3751
4549.8804 1.3932
4550.9272 1.3918
4551.9766 1.3807
4553.0239 1.3749
4554.0737 1.3746
4555.1216 1.3719
4556.1719 1.3658
4557.2197 1.3738
4558.2686 1.3880
4559.3193 1.3948
4560.3682 1.3892
4561.4199 1.3786
4562.4692 1.3767
4563.5215 1.3839
4564.5713 1.3912
4565.6211 1.3956
4566.6743 1.3959
4567.7246 1.3909
4568.7778 1.3816
4569.8291 1.3743
4570.8828 1.3786
4571.9341 1.3876
4572.9888 1.3919
4574.0405 1.3891
4575.0928 1.3848
4576.1479 1.3804
4577.2007 1.3774
4578.2559 1.3757
4579.3091 1.3744
4580.3652 1.3715
4581.4189 1.3667
4582.4731 1.3650
4583.5298 1.3688
4584.5840 1.3763
4585.6411 1.3813
4586.6963 1.3790
4587.7539 1.3716
4588.8091 1.3669
4589.8647 1.3659
4590.9233 1.3698
4591.9795 1.3756
4593.0386 1.3786
4594.0952 1.3773
4595.1543 1.3777
4596.2114 1.3782
4597.2690 1.3747
4598.3291 1.3685
4599.3867 1.3641
4600.4473 1.3636
4601.5059 1.3647
4602.5669 1.3668
4603.6255 1.3676
4604.6846 1.3682
4605.7466 1.3690
4606.8062 1.3677
4607.8687 1.3649
4608.9287 1.3651
4609.9912 1.3671
4611.0518 1.3656
4612.1128 1.3600
4613.1763 1.3565
4614.2373 1.3554
4615.3013 1.3549
4616.3633 1.3544
4617.4277 1.3551
4618.4897 1.3580
4619.5522 1.3620
4620.6177 1.3647
4621.6807 1.3683
4622.7466 1.3683
4623.8096 1.3634
4624.8760 1.3582
4625.9399 1.3577
4627.0044 1.3544
4628.0713 1.3494
4629.1357 1.3480
4630.2031 1.3501
4631.2686 1.3520
4632.3364 1.3509
4633.4023 1.3470
4634.4678 1.3410
4635.5366 1.3389
4636.6030 1.3432
4637.6724 1.3509
4638.7393 1.3558
4639.8091 1.3539
4640.8765 1.3510
4641.9438 1.3512
4643.0142 1.3502
4644.0825 1.3453
4645.1533 1.3420
4646.2222 1.3459
4647.2935 1.3473
4648.3623 1.3460
4649.4316 1.3454
4650.5039 1.3445
4651.5737 1.3382
4652.6465 1.3327
4653.7168 1.3300
4654.7900 1.3314
4655.8608 1.3343
4656.9346 1.3360
4658.0059 1.3369
4659.0771 1.3397
4660.1519 1.3427
4661.2236 1.3449
4662.2983 1.3434
4663.3711 1.3366
4664.4463 1.3279
4665.5195 1.3237
4666.5928 1.3258
4667.6689 1.3302
4668.7427 1.3312
4669.8193 1.3278
4670.8936 1.3255
4671.9707 1.3247
4673.0454 1.3254
4674.1206 1.3276
4675.1982 1.3292
4676.2739 1.3275
4677.3521 1.3233
4678.4282 1.3227
4679.5073 1.3262
4680.5835 1.3306
4681.6602 1.3303
4682.7397 1.3249
4683.8174 1.3227
4684.8975 1.3267
4685.9751 1.3292
4687.0557 1.3267
4688.1338 1.3223
4689.2124 1.3195
4690.2935 1.3186
4691.3726 1.3200
4692.4546 1.3222
4693.5342 1.3213
4694.6162 1.3166
4695.6963 1.3112
4696.7764 1.3106
4697.8594 1.3164
4698.9404 1.3193
4700.0239 1.3119
4701.1050 1.3001
4702.1890 1.2956
4703.2710 1.3017
4704.3530 1.2999
4705.4375 1.2947
4706.5200 1.2948
4707.6055 1.2993
4708.6885 1.3044
4709.7744 1.3093
4710.8579 1.3098
4711.9414 1.3038
4713.0283 1.2968
4714.1123 1.2943
4715.1992 1.2966
4716.2842 1.2979
4717.3716 1.2955
4718.4570 1.2906
4719.5425 1.2859
4720.6309 1.2853
4721.7168 1.2890
4722.8057 1.2900
4723.8921 1.2843
4724.9814 1.2770
4726.0684 1.2755
4727.1553 1.2757
4728.2456 1.2743
4729.3335 1.2766
4730.4238 1.2811
4731.5122 1.2807
4732.6030 1.2781
4733.6919 1.2754
4734.7808 1.2734
4735.8726 1.2724
4736.9624 1.2679
4738.0547 1.2653
4739.1445 1.2680
4740.2373 1.2730
4741.3276 1.2759
4742.4214 1.2764
4743.5122 1.2771
4744.6035 1.2769
4745.6973 1.2758
4746.7891 1.2747
4747.8838 1.2739
4748.9761 1.2719
4750.0713 1.2696
4751.1641 1.2673
4752.2568 1.2650
4753.3525 1.2635
4754.4463 1.2636
4755.5425 1.2639
4756.6367 1.2632
4757.7334 1.2608
4758.8281 1.2575
4759.9229 1.2540
4761.0205 1.2506
4762.1157 1.2479
4763.2139 1.2459
4764.3096 1.2453
4765.4082 1.2456
4766.5044 1.2463
4767.6011 1.2473
4768.7002 1.2490
4769.7974 1.2491
4770.8975 1.2475
4771.9951 1.2462
4773.0952 1.2446
4774.1934 1.2422
4775.2915 1.2398
4776.3926 1.2362
4777.4917 1.2349
4778.5933 1.2370
4779.6924 1.2382
4780.7949 1.2355
4781.8945 1.2318
4782.9946 1.2283
4784.0977 1.2269
4785.1982 1.2260
4786.3018 1.2246
4787.4028 1.2237
4788.5068 1.2242
4789.6084 1.2223
4790.7100 1.2173
4791.8149 1.2142
4792.9170 1.2141
4794.0225 1.2133
4795.1255 1.2087
4796.2310 1.2048
4797.3345 1.2026
4798.4380 1.2036
4799.5444 1.2066
4800.6489 1.2059
4801.7559 1.1961
4802.8604 1.1878
4803.9678 1.1873
4805.0732 1.1899
4806.1782 1.1920
4807.2866 1.1925
4808.3926 1.1922
4809.5015 1.1922
4810.6079 1.1937
4811.7173 1.1934
4812.8242 1.1916
4813.9312 1.1899
4815.0415 1.1868
4816.1489 1.1826
4817.2598 1.1806
4818.3677 1.1801
4819.4790 1.1784
4820.5879 1.1737
4821.6968 1.1685
4822.8086 1.1689
4823.9180 1.1704
4825.0303 1.1692
4826.1401 1.1662
4827.2534 1.1647
4828.3638 1.1654
4829.4771 1.1636
4830.5884 1.1589
4831.6992 1.1558
4832.8135 1.1549
4833.9253 1.1538
4835.0400 1.1515
4836.1523 1.1509
4837.2676 1.1486
4838.3804 1.1428
4839.4937 1.1363
4840.6094 1.1330
4841.7231 1.1324
4842.8394 1.1268
4843.9536 1.1192
4845.0708 1.1115
4846.1851 1.1043
4847.3003 1.0988
4848.4180 1.0951
4849.5332 1.0854
4850.6514 1.0722
4851.7676 1.0550
4852.8862 1.0338
4854.0024 1.0097
4855.1191 0.9798
4856.2388 0.9269
4857.3560 0.8349
4858.4761 0.7204
4859.5938 0.6663
4860.7144 0.7273
4861.8325 0.8479
4862.9512 0.9324
4864.0723 0.9837
4865.1914 1.0149
4866.3135 1.0357
4867.4326 1.0482
4868.5552 1.0492
4869.6753 1.0504
4870.7954 1.0638
4871.9189 1.0816
4873.0396 1.0928
4874.1631 1.0941
4875.2847 1.0924
4876.4087 1.0914
4877.5308 1.0958
4878.6528 1.1038
4879.7778 1.1129
4880.9004 1.1199
4882.0259 1.1208
4883.1489 1.1168
4884.2749 1.1146
4885.3984 1.1144
4886.5225 1.1136
4887.6494 1.1079
4888.7734 1.0964
4889.9009 1.0953
4891.0259 1.1086
4892.1538 1.1219
4893.2793 1.1270
4894.4048 1.1254
4895.5337 1.1223
4896.6597 1.1184
4897.7891 1.1169
4898.9155 1.1186
4900.0454 1.1203
4901.1724 1.1191
4902.2998 1.1174
4903.4307 1.1198
4904.5586 1.1233
4905.6895 1.1251
4906.8179 1.1245
4907.9497 1.1227
4909.0786 1.1230
4910.2080 1.1251
4911.3403 1.1246
4912.4702 1.1243
4913.6030 1.1221
4914.7334 1.1147
4915.8667 1.1043
4916.9976 1.0960
4918.1313 1.0906
4919.2627 1.0960
4920.3945 1.1038
4921.5288 1.1036
4922.6611 1.1015
4923.7964 1.1103
4924.9292 1.1190
4926.0649 1.1233
4927.1978 1.1235
4928.3315 1.1212
4929.4678 1.1175
4930.6021 1.1090
4931.7388 1.1005
4932.8735 1.1002
4934.0107 1.1064
4935.1460 1.1104
4936.2812 1.1068
4937.4194 1.1027
4938.5557 1.0997
4939.6943 1.0995
4940.8306 1.1040
4941.9702 1.1116
4943.1069 1.1155
4944.2441 1.1143
4945.3843 1.1125
4946.5220 1.1106
4947.6626 1.1100
4948.8008 1.1108
4949.9419 1.1100
4951.0806 1.1080
4952.2197 1.1075
4953.3618 1.1010
4954.5010 1.0836
4955.6436 1.0684
4956.7837 1.0794
4957.9268 1.0982
4959.0674 1.1079
4960.2080 1.1085
4961.3521 1.1063
4962.4932 1.1041
4963.6377 1.0995
4964.7793 1.0934
4965.9243 1.0917
4967.0669 1.0950
4968.2095 1.0987
4969.3550 1.0987
4970.4980 1.0962
4971.6445 1.0941
4972.7881 1.0924
4973.9351 1.0901
4975.0791 1.0887
4976.2236 1.0890
4977.3711 1.0883
4978.5161 1.0844
4979.6641 1.0800
4980.8096 1.0785
4981.9585 1.0807
4983.1045 1.0852
4984.2510 1.0893
4985.4004 1.0896
4986.5469 1.0859
4987.6968 1.0824
4988.8442 1.0806
4989.9946 1.0811
4991.1426 1.0845
4992.2910 1.0864
4993.4419 1.0886
4994.5908 1.0912
4995.7427 1.0903
4996.8921 1.0855
4998.0439 1.0834
4999.1938 1.0821
5000.3438 1.0774
5001.4971 1.0742
5002.6475 1.0729
5003.8013 1.0695
5004.9521 1.0641
5006.1064 1.0666
5007.2583 1.0696
5008.4126 1.0680
5009.5649 1.0643
5010.7173 1.0633
5011.8730 1.0659
5013.0259 1.0667
5014.1816 1.0643
5015.3354 1.0562
5016.4917 1.0491
5017.6460 1.0509
5018.8003 1.0600
5019.9575 1.0646
5021.1123 1.0655
5022.2700 1.0667
5023.4258 1.0669
5024.5840 1.0632
5025.7397 1.0569
5026.8960 1.0570
5028.0552 1.0606
5029.2119 1.0622
5030.3716 1.0637
5031.5288 1.0662
5032.6890 1.0648
5033.8472 1.0619
5035.0049 1.0579
5036.1660 1.0532
5037.3247 1.0476
5038.4863 1.0421
5039.6455 1.0406
5040.8076 1.0465
5041.9668 1.0500
5043.1270 1.0488
5044.2900 1.0483
5045.4502 1.0510
5046.6138 1.0507
5047.7749 1.0459
5048.9390 1.0431
5050.1001 1.0438
5051.2622 1.0458
5052.4268 1.0473
5053.5894 1.0499
5054.7544 1.0532
5055.9175 1.0531
5057.0830 1.0508
5058.2466 1.0484
5059.4102 1.0464
5060.5771 1.0436
5061.7412 1.0412
5062.9082 1.0403
5064.0732 1.0418
5065.2407 1.0432
5066.4062 1.0423
5067.5718 1.0412
5068.7402 1.0425
5069.9062 1.0462
5071.0752 1.0489
5072.2417 1.0463
5073.4116 1.0402
5074.5786 1.0389
5075.7461 1.0376
5076.9165 1.0323
5078.0845 1.0290
5079.2554 1.0283
5080.4238 1.0276
5081.5957 1.0274
5082.7646 1.0296
5083.9336 1.0319
5085.1060 1.0333
5086.2759 1.0339
5087.4487 1.0343
5088.6191 1.0355
5089.7925 1.0361
5090.9634 1.0355
5092.1348 1.0348
5093.3091 1.0330
5094.4805 1.0292
5095.6553 1.0253
5096.8276 1.0238
5098.0029 1.0244
5099.1758 1.0261
5100.3516 1.0289
5101.5249 1.0308
5102.6987 1.0276
5103.8750 1.0227
5105.0493 1.0174
5106.2266 1.0152
5107.4014 1.0167
5108.5791 1.0200
5109.7544 1.0237
5110.9297 1.0255
5112.1084 1.0240
5113.2842 1.0191
5114.4634 1.0136
5115.6401 1.0113
5116.8198 1.0123
5117.9966 1.0115
5119.1743 1.0141
5120.3545 1.0169
5121.5327 1.0159
5122.7134 1.0120
5123.8921 1.0097
5125.0737 1.0077
5126.2524 1.0056
5127.4321 1.0042
5128.6143 1.0050
5129.7939 1.0062
5130.9771 1.0042
5132.1572 1.0043
5133.3408 1.0052
5134.5220 1.0032
5135.7031 0.9989
5136.8872 0.9959
5138.0688 0.9976
5139.2539 1.0013
5140.4360 0.9987
5141.6216 0.9940
5142.8042 0.9929
5143.9873 0.9965
5145.1738 1.0008
5146.3574 1.0030
5147.5439 1.0028
5148.7280 1.0037
5149.9155 1.0033
5151.1001 0.9981
5152.2852 0.9912
5153.4731 0.9908
5154.6587 0.9956
5155.8477 0.9978
5157.0337 0.9958
5158.2227 0.9922
5159.4097 0.9885
5160.5962 0.9861
5161.7861 0.9840
5162.9736 0.9767
5164.1646 0.9552
5165.3525 0.9286
5166.5435 0.9279
5167.7319 0.9475
5168.9209 0.9499
5170.1128 0.9330
5171.3022 0.9326
5172.4946 0.9627
5173.6846 0.9809
5174.8779 0.9838
5176.0684 0.9827
5177.2588 0.9791
5178.4526 0.9746
5179.6440 0.9634
5180.8384 0.9364
5182.0303 0.9288
5183.2251 0.9494
5184.4175 0.9656
5185.6104 0.9645
5186.8062 0.9590
5187.9995 0.9630
5189.1958 0.9609
5190.3896 0.9581
5191.5864 0.9593
5192.7808 0.9627
5193.9780 0.9654
5195.1729 0.9689
5196.3682 0.9715
5197.5664 0.9717
5198.7622 0.9671
5199.9609 0.9611
5201.1572 0.9560
5202.3564 0.9484
5203.5532 0.9435
5204.7505 0.9436
5205.9507 0.9431
5207.1484 0.9442
5208.3491 0.9501
5209.5474 0.9556
5210.7485 0.9584
5211.9473 0.9566
5213.1460 0.9528
5214.3481 0.9518
5215.5479 0.9559
5216.7505 0.9620
5217.9507 0.9665
5219.1538 0.9660
5220.3545 0.9607
5221.5557 0.9561
5222.7598 0.9505
5223.9609 0.9335
5225.1655 0.9241
5226.3677 0.9328
5227.5728 0.9445
5228.7754 0.9482
5229.9785 0.9424
5231.1846 0.9323
5232.3877 0.9339
5233.5942 0.9409
5234.7983 0.9451
5236.0054 0.9456
5237.2100 0.9456
5238.4150 0.9462
5239.6230 0.9455
5240.8281 0.9467
5242.0366 0.9466
5243.2427 0.9433
5244.4517 0.9392
5245.6582 0.9380
5246.8652 0.9382
5248.0747 0.9369
5249.2822 0.9355
5250.4927 0.9353
5251.7007 0.9355
5252.9116 0.9357
5254.1201 0.9396
5255.3286 0.9430
5256.5405 0.9437
5257.7500 0.9402
5258.9624 0.9341
5260.1724 0.9308
5261.3853 0.9272
5262.5957 0.9195
5263.8062 0.9132
5265.0200 0.9114
5266.2310 0.9053
5267.4458 0.8848
5268.6572 0.8895
5269.8721 0.9112
5271.0845 0.9232
5272.2974 0.9214
5273.5132 0.9182
5274.7261 0.9212
5275.9424 0.9224
5277.1562 0.9204
5278.3730 0.9194
5279.5874 0.9187
5280.8047 0.9172
5282.0195 0.9197
5283.2349 0.9251
5284.4531 0.9263
5285.6689 0.9242
5286.8877 0.9211
5288.1040 0.9198
5289.3232 0.9227
5290.5400 0.9201
5291.7573 0.9164
5292.9775 0.9155
5294.1953 0.9160
5295.4160 0.9159
5296.6343 0.9158
5297.8555 0.9151
5299.0742 0.9137
5300.2935 0.9124
5301.5156 0.9110
5302.7354 0.9095
5303.9580 0.9106
5305.1782 0.9110
5306.4014 0.9069
5307.6221 0.9026
5308.8433 0.9040
5310.0674 0.9090
5311.2891 0.9071
5312.5137 0.9014
5313.7358 0.8952
5314.9614 0.8960
5316.1841 0.9016
5317.4072 0.9042
5318.6333 0.9024
5319.8569 0.9002
5321.0835 0.8942
5322.3076 0.8913
5323.5347 0.8916
5324.7598 0.8872
5325.9844 0.8764
5327.2129 0.8824
5328.4380 0.8923
5329.6670 0.8964
5330.8931 0.8976
5332.1221 0.9001
5333.3491 0.9005
5334.5757 0.8994
5335.8062 0.8982
5337.0337 0.8963
5338.2642 0.8952
5339.4922 0.8971
5340.7236 0.9009
5341.9521 0.8968
5343.1812 0.8904
5344.4131 0.8866
5345.6426 0.8846
5346.8755 0.8833
5348.1055 0.8854
5349.3389 0.8883
5350.5693 0.8911
5351.8003 0.8932
5353.0342 0.8936
5354.2656 0.8920
5355.5005 0.8893
5356.7324 0.8900
5357.9678 0.8942
5359.2002 0.8939
5360.4331 0.8893
5361.6694 0.8857
5362.9028 0.8845
5364.1392 0.8834
5365.3735 0.8823
5366.6108 0.8816
5367.8452 0.8755
5369.0801 0.8653
5370.3184 0.8683
5371.5537 0.8794
5372.7925 0.8863
5374.0283 0.8869
5375.2676 0.8844
5376.5039 0.8827
5377.7441 0.8839
5378.9810 0.8847
5380.2183 0.8825
5381.4590 0.8787
5382.6973 0.8791
5383.9385 0.8840
5385.1768 0.8831
5386.4189 0.8819
5387.6577 0.8817
5388.8975 0.8807
5390.1401 0.8800
5391.3799 0.8816
5392.6230 0.8829
5393.8638 0.8745
5395.1074 0.8681
5396.3486 0.8712
5397.5903 0.8764
5398.8350 0.8757
5400.0767 0.8733
5401.3223 0.8670
5402.5645 0.8597
5403.8105 0.8591
5405.0537 0.8661
5406.2969 0.8723
5407.5439 0.8676
5408.7876 0.8628
5410.0352 0.8653
5411.2798 0.8675
5412.5273 0.8667
5413.7725 0.8663
5415.0181 0.8686
5416.2666 0.8705
5417.5127 0.8722
5418.7617 0.8739
5420.0083 0.8731
5421.2583 0.8675
5422.5054 0.8610
5423.7529 0.8637
5425.0034 0.8661
5426.2515 0.8596
5427.5029 0.8527
5428.7515 0.8558
5430.0034 0.8618
5431.2524 0.8543
5432.5020 0.8481
5433.7549 0.8513
5435.0049 0.8566
5436.2578 0.8573
5437.5088 0.8606
5438.7627 0.8629
5440.0137 0.8612
5441.2651 0.8594
5442.5200 0.8560
5443.7720 0.8495
5445.0273 0.8481
5446.2798 0.8574
5447.5356 0.8641
5448.7891 0.8625
5450.0425 0.8574
5451.2993 0.8533
5452.5532 0.8463
5453.8105 0.8420
5455.0654 0.8492
5456.3232 0.8565
5457.5786 0.8585
5458.8340 0.8547
5460.0928 0.8415
5461.3486 0.8238
5462.6084 0.8269
5463.8647 0.8393
5465.1250 0.8469
5466.3823 0.8475
5467.6396 0.8479
5468.9004 0.8484
5470.1587 0.8486
5471.4199 0.8484
5472.6787 0.8467
5473.9404 0.8437
5475.1997 0.8430
5476.4624 0.8451
5477.7222 0.8466
5478.9824 0.8471
5480.2461 0.8465
5481.5068 0.8458
5482.7705 0.8472
5484.0322 0.8468
5485.2964 0.8436
5486.5586 0.8418
5487.8208 0.8425
5489.0859 0.8435
5490.3491 0.8432
5491.6147 0.8422
5492.8784 0.8422
5494.1450 0.8415
5495.4087 0.8409
5496.6729 0.8415
5497.9404 0.8414
5499.2056 0.8406
5500.4736 0.8398
5501.7388 0.8390
5503.0073 0.8376
5504.2734 0.8367
5505.5396 0.8395
5506.8096 0.8424
5508.0762 0.8412
5509.3462 0.8391
5510.6138 0.8386
5511.8843 0.8396
5513.1523 0.8404
5514.4209 0.8393
5515.6924 0.8376
5516.9614 0.8362
5518.2334 0.8361
5519.5029 0.8372
5520.7759 0.8373
5522.0459 0.8365
5523.3159 0.8331
5524.5898 0.8251
5525.8608 0.8191
5527.1348 0.8232
5528.4062 0.8332
5529.6812 0.8361
5530.9536 0.8339
5532.2256 0.8298
5533.5015 0.8270
5534.7744 0.8273
5536.0508 0.8284
5537.3242 0.8290
5538.6011 0.8288
5539.8755 0.8277
5541.1499 0.8256
5542.4277 0.8233
5543.7026 0.8225
5544.9810 0.8222
5546.2568 0.8222
5547.5356 0.8229
5548.8115 0.8233
5550.0884 0.8216
5551.3682 0.8182
5552.6450 0.8175
5553.9258 0.8193
5555.2031 0.8196
5556.4844 0.8183
5557.7627 0.8177
5559.0410 0.8184
5560.3232 0.8181
5561.6021 0.8155
5562.8848 0.8136
5564.1646 0.8135
5565.4473 0.8131
5566.7280 0.8101
5568.0083 0.8092
5569.2925 0.8082
5570.5737 0.8070
5571.8579 0.8070
5573.1401 0.8079
5574.4253 0.8072
5575.7075 0.8078
5576.9932 0.8064
5578.2764 0.8031
5579.5596 0.8014
5580.8462 0.8032
5582.1299 0.8059
5583.4170 0.8026
5584.7017 0.7960
5585.9893 0.7919
5587.2744 0.7936
5588.5601 0.7984
5589.8486 0.7987
5591.1348 0.7945
5592.4238 0.7921
5593.7104 0.7944
5595.0005 0.7967
5596.2876 0.7947
5597.5747 0.7929
5598.8657 0.7905
5600.1538 0.7894
5601.4448 0.7916
5602.7334 0.7952
5604.0254 0.7975
5605.3149 0.7978
5606.6045 0.7974
5607.8970 0.7967
5609.1870 0.7957
5610.4805 0.7939
5611.7715 0.7902
5613.0654 0.7846
5614.3569 0.7854
5615.6484 0.7888
5616.9434 0.7898
5618.2354 0.7892
5619.5308 0.7892
5620.8237 0.7885
5622.1201 0.7859
5623.4131 0.7860
5624.7070 0.7871
5626.0039 0.7861
5627.2983 0.7835
5628.5957 0.7833
5629.8906 0.7840
5631.1890 0.7839
5632.4844 0.7842
5633.7803 0.7845
5635.0791 0.7831
5636.3755 0.7798
5637.6753 0.7779
5638.9722 0.7780
5640.2725 0.7789
5641.5703 0.7796
5642.8682 0.7790
5644.1694 0.7766
5645.4678 0.7759
5646.7695 0.7767
5648.0684 0.7768
5649.3711 0.7762
5650.6704 0.7752
5651.9707 0.7729
5653.2739 0.7725
5654.5742 0.7735
5655.8784 0.7744
5657.1797 0.7751
5658.4839 0.7758
5659.7856 0.7752
5661.0879 0.7749
5662.3931 0.7739
5663.6958 0.7734
5665.0020 0.7727
5666.3052 0.7711
5667.6118 0.7707
5668.9155 0.7697
5670.2197 0.7684
5671.5273 0.7682
5672.8320 0.7683
5674.1401 0.7679
5675.4453 0.7687
5676.7539 0.7687
5678.0601 0.7685
5679.3696 0.7674
5680.6758 0.7652
5681.9829 0.7635
5683.2930 0.7647
5684.6006 0.7653
5685.9111 0.7645
5687.2192 0.7638
5688.5308 0.7636
5689.8394 0.7633
5691.1484 0.7625
5692.4609 0.7615
5693.7705 0.7607
5695.0835 0.7609
5696.3936 0.7601
5697.7070 0.7572
5699.0176 0.7559
5700.3286 0.7560
5701.6431 0.7558
5702.9551 0.7548
5704.2700 0.7541
5705.5825 0.7542
5706.8979 0.7528
5708.2109 0.7509
5709.5239 0.7506
5710.8408 0.7505
5712.1543 0.7496
5713.4717 0.7487
5714.7861 0.7504
5716.1040 0.7507
5717.4189 0.7495
5718.7339 0.7475
5720.0527 0.7464
5721.3687 0.7466
5722.6880 0.7468
5724.0044 0.7467
5725.3242 0.7462
5726.6416 0.7472
5727.9590 0.7483
5729.2798 0.7473
5730.5977 0.7453
5731.9194 0.7439
5733.2378 0.7420
5734.5601 0.7414
5735.8794 0.7419
5737.1987 0.7418
5738.5215 0.7417
5739.8418 0.7422
5741.1655 0.7414
5742.4863 0.7402
5743.8105 0.7393
5745.1318 0.7387
5746.4536 0.7380
5747.7783 0.7399
5749.1006 0.7418
5750.4268 0.7403
5751.7495 0.7366
5753.0757 0.7345
5754.3994 0.7344
5755.7231 0.7333
5757.0503 0.7320
5758.3745 0.7328
5759.7026 0.7343
5761.0273 0.7340
5762.3560 0.7337
5763.6816 0.7339
5765.0078 0.7330
5766.3369 0.7336
5767.6636 0.7370
5768.9937 0.7395
5770.3208 0.7353
5771.6514 0.7308
5772.9790 0.7289
5774.3071 0.7297
5775.6387 0.7313
5776.9673 0.7322
5778.2993 0.7323
5779.6289 0.7315
5780.9614 0.7322
5782.2915 0.7325
5783.6250 0.7309
5784.9556 0.7291
5786.2861 0.7300
5787.6206 0.7311
5788.9521 0.7310
5790.2871 0.7287
5791.6191 0.7263
5792.9546 0.7266
5794.2871 0.7281
5795.6201 0.7280
5796.9565 0.7273
5798.2900 0.7268
5799.6274 0.7274
5800.9614 0.7289
5802.2993 0.7301
5803.6338 0.7305
5804.9692 0.7292
5806.3076 0.7270
5807.6436 0.7249
5808.9824 0.7237
5810.3188 0.7243
5811.6587 0.7256
5812.9956 0.7247
5814.3330 0.7250
5815.6738 0.7262
5817.0117 0.7252
5818.3530 0.7235
5819.6914 0.7233
5821.0337 0.7221
5822.3726 0.7217
5823.7119 0.7218
5825.0552 0.7205
5826.3950 0.7195
5827.7388 0.7200
5829.0791 0.7208
5830.4233 0.7213
5831.7646 0.7206
5833.1064 0.7187
5834.4517 0.7170
5835.7935 0.7167
5837.1396 0.7168
5838.4824 0.7170
5839.8286 0.7175
5841.1719 0.7184
5842.5156 0.7195
5843.8633 0.7194
5845.2075 0.7184
5846.5552 0.7166
5847.9004 0.7138
5849.2490 0.7107
5850.5942 0.7111
5851.9404 0.7137
5853.2896 0.7139
5854.6362 0.7114
5855.9863 0.7106
5857.3335 0.7129
5858.6841 0.7115
5860.0322 0.7106
5861.3799 0.7100
5862.7319 0.7086
5864.0806 0.7072
5865.4326 0.7069
5866.7822 0.7070
5868.1348 0.7085
5869.4849 0.7087
5870.8350 0.7061
5872.1890 0.7034
5873.5400 0.7028
5874.8940 0.7020
5876.2456 0.7022
5877.6006 0.7032
5878.9531 0.7023
5880.3052 0.6991
5881.6611 0.6958
5883.0146 0.6938
5884.3711 0.6930
5885.7246 0.6849
5887.0820 0.6706
5888.4365 0.6679
5889.7939 0.6828
5891.1489 0.6838
5892.5044 0.6728
5893.8633 0.6701
5895.2192 0.6797
5896.5786 0.6880
5897.9351 0.6849
5899.2949 0.6830
5900.6523 0.6811
5902.0098 0.6835
5903.3706 0.6885
5904.7285 0.6919
5906.0903 0.6916
5907.4487 0.6891
5908.8110 0.6860
5910.1704 0.6828
5911.5303 0.6810
5912.8931 0.6812
5914.2534 0.6825
5915.6172 0.6830
5916.9780 0.6828
5918.3428 0.6776
5919.7041 0.6735
5921.0659 0.6749
5922.4312 0.6780
5923.7939 0.6754
5925.1597 0.6755
5926.5229 0.6795
5927.8896 0.6810
5929.2534 0.6791
5930.6172 0.6770
5931.9849 0.6752
5933.3496 0.6749
5934.7178 0.6753
5936.0830 0.6745
5937.4517 0.6745
5938.8179 0.6760
5940.1841 0.6721
5941.5537 0.6649
5942.9204 0.6644
5944.2910 0.6658
5945.6587 0.6637
5947.0298 0.6603
5948.3975 0.6621
5949.7661 0.6627
5951.1382 0.6638
5952.5073 0.6661
5953.8799 0.6676
5955.2495 0.6670
5956.6226 0.6653
5957.9932 0.6619
5959.3638 0.6614
5960.7378 0.6636
5962.1094 0.6652
5963.4839 0.6642
5964.8560 0.6642
5966.2314 0.6623
5967.6040 0.6587
5968.9766 0.6575
5970.3530 0.6588
5971.7266 0.6601
5973.1035 0.6604
5974.4780 0.6592
5975.8555 0.6568
5977.2305 0.6531
5978.6055 0.6513
5979.9839 0.6532
5981.3599 0.6538
5982.7388 0.6532
5984.1152 0.6520
5985.4951 0.6514
5986.8721 0.6517
5988.2495 0.6516
5989.6304 0.6495
5991.0083 0.6477
5992.3896 0.6473
5993.7681 0.6480
5995.1504 0.6490
5996.5298 0.6494
5997.9126 0.6478
5999.2920 0.6468
6000.6724 0.6461
6002.0562 0.6453
6003.4370 0.6440
6004.8213 0.6424
6006.2026 0.6418
6007.5874 0.6415
6008.9697 0.6409
6010.3521 0.6407
6011.7378 0.6414
6013.1211 0.6421
6014.5078 0.6405
6015.8911 0.6379
6017.2783 0.6367
6018.6626 0.6363
6020.0474 0.6360
6021.4355 0.6355
6022.8208 0.6344
6024.2095 0.6345
6025.5957 0.6340
6026.9849 0.6335
6028.3716 0.6332
6029.7583 0.6324
6031.1489 0.6310
6032.5361 0.6295
6033.9272 0.6296
6035.3154 0.6312
6036.7070 0.6323
6038.0957 0.6313
6039.4849 0.6297
6040.8774 0.6291
6042.2671 0.6293
6043.6606 0.6284
6045.0508 0.6276
6046.4448 0.6285
6047.8359 0.6298
6049.2271 0.6296
6050.6221 0.6296
6052.0142 0.6297
6053.4097 0.6289
6054.8022 0.6279
6056.1982 0.6291
6057.5918 0.6280
6058.9854 0.6263
6060.3823 0.6260
6061.7764 0.6258
6063.1743 0.6244
6064.5693 0.6244
6065.9678 0.6253
6067.3633 0.6259
6068.7588 0.6254
6070.1582 0.6237
6071.5547 0.6220
6072.9551 0.6221
6074.3521 0.6215
6075.7529 0.6193
6077.1504 0.6184
6078.5483 0.6192
6079.9502 0.6192
6081.3491 0.6176
6082.7515 0.6179
6084.1504 0.6190
6085.5537 0.6174
6086.9536 0.6147
6088.3540 0.6143
6089.7578 0.6140
6091.1587 0.6130
6092.5635 0.6132
6093.9648 0.6137
6095.3701 0.6137
6096.7725 0.6128
6098.1782 0.6108
6099.5811 0.6087
6100.9844 0.6093
6102.3911 0.6106
6103.7949 0.6108
6105.2026 0.6103
6106.6069 0.6101
6108.0151 0.6092
6109.4204 0.6089
6110.8257 0.6086
6112.2349 0.6085
6113.6411 0.6086
6115.0508 0.6075
6116.4575 0.6058
6117.8682 0.6018
6119.2754 0.5977
6120.6831 0.5985
6122.0947 0.6039
6123.5029 0.6048
6124.9150 0.6061
6126.3242 0.6060
6127.7368 0.6052
6129.1465 0.6050
6130.5566 0.6058
6131.9702 0.6059
6133.3809 0.6028
6134.7954 0.5998
6136.2065 0.5998
6137.6216 0.5997
6139.0337 0.5971
6140.4458 0.5988
6141.8618 0.6013
6143.2749 0.6013
6144.6914 0.6004
6146.1050 0.6006
6147.5220 0.6013
6148.9365 0.6003
6150.3511 0.6002
6151.7690 0.6004
6153.1846 0.6005
6154.6035 0.6001
6156.0190 0.5985
6157.4390 0.5946
6158.8555 0.5883
6160.2720 0.5889
6161.6929 0.5938
6163.1104 0.5963
6164.5312 0.5940
6165.9497 0.5928
6167.3711 0.5919
6168.7900 0.5932
6170.2095 0.5938
6171.6323 0.5933
6173.0518 0.5935
6174.4756 0.5933
6175.8960 0.5925
6177.3198 0.5927
6178.7412 0.5928
6180.1626 0.5928
6181.5874 0.5929
6183.0098 0.5920
6184.4355 0.5894
6185.8579 0.5885
6187.2847 0.5883
6188.7080 0.5873
6190.1318 0.5863
6191.5591 0.5874
6192.9834 0.5881
6194.4116 0.5875
6195.8364 0.5864
6197.2651 0.5859
6198.6909 0.5856
6200.1172 0.5848
6201.5469 0.5835
6202.9731 0.5825
6204.4038 0.5819
6205.8311 0.5816
6207.2622 0.5817
6208.6899 0.5817
6210.1216 0.5813
6211.5503 0.5806
6212.9795 0.5801
6214.4121 0.5796
6215.8418 0.5786
6217.2749 0.5782
6218.7056 0.5771
6220.1392 0.5767
6221.5703 0.5769
6223.0015 0.5770
6224.4365 0.5764
6225.8687 0.5754
6227.3042 0.5729
6228.7368 0.5715
6230.1729 0.5721
6231.6064 0.5729
6233.0400 0.5722
6234.4771 0.5707
6235.9116 0.5705
6237.3496 0.5721
6238.7842 0.5721
6240.2231 0.5705
6241.6587 0.5693
6243.0942 0.5681
6244.5342 0.5676
6245.9707 0.5679
6247.4111 0.5668
6248.8481 0.5647
6250.2891 0.5636
6251.7271 0.5639
6253.1650 0.5646
6254.6069 0.5651
6256.0459 0.5649
6257.4888 0.5645
6258.9282 0.5648
6260.3716 0.5643
6261.8115 0.5631
6263.2520 0.5616
6264.6963 0.5612
6266.1377 0.5616
6267.5825 0.5608
6269.0244 0.5576
6270.4702 0.5568
6271.9126 0.5569
6273.3555 0.5571
6274.8022 0.5551
6276.2456 0.5460
6277.6929 0.5287
6279.1372 0.5240
6280.5850 0.5297
6282.0298 0.5370
6283.4751 0.5425
6284.9238 0.5470
6286.3696 0.5486
6287.8193 0.5490
6289.2661 0.5480
6290.7163 0.5448
6292.1636 0.5410
6293.6108 0.5392
6295.0620 0.5397
6296.5103 0.5417
6297.9624 0.5415
6299.4111 0.5400
6300.8638 0.5397
6302.3135 0.5404
6303.7632 0.5390
6305.2168 0.5399
6306.6675 0.5392
6308.1216 0.5397
6309.5728 0.5403
6311.0278 0.5386
6312.4795 0.5397
6313.9316 0.5389
6315.3877 0.5378
6316.8403 0.5390
6318.2974 0.5399
6319.7510 0.5374
6321.2080 0.5376
6322.6621 0.5390
6324.1201 0.5389
6325.5752 0.5391
6327.0303 0.5401
6328.4893 0.5406
6329.9453 0.5392
6331.4048 0.5363
6332.8613 0.5346
6334.3218 0.5344
6335.7788 0.5346
6337.2363 0.5337
6338.6978 0.5319
6340.1558 0.5321
6341.6182 0.5317
6343.0767 0.5304
6344.5396 0.5298
6345.9990 0.5308
6347.4590 0.5309
6348.9229 0.5311
6350.3833 0.5314
6351.8477 0.5323
6353.3091 0.5335
6354.7739 0.5340
6356.2358 0.5328
6357.6982 0.5315
6359.1641 0.5304
6360.6270 0.5313
6362.0938 0.5330
6363.5576 0.5325
6365.0249 0.5314
6366.4893 0.5300
6367.9536 0.5284
6369.4224 0.5284
6370.8877 0.5294
6372.3564 0.5297
6373.8228 0.5296
6375.2925 0.5299
6376.7588 0.5303
6378.2261 0.5308
6379.6968 0.5310
6381.1646 0.5301
6382.6357 0.5284
6384.1040 0.5274
6385.5762 0.5273
6387.0454 0.5266
6388.5146 0.5250
6389.9878 0.5231
6391.4580 0.5229
6392.9316 0.5241
6394.4023 0.5246
6395.8770 0.5234
6397.3481 0.5218
6398.8198 0.5218
6400.2954 0.5227
6401.7681 0.5230
6403.2441 0.5222
6404.7173 0.5220
6406.1943 0.5218
6407.6680 0.5199
6409.1421 0.5177
6410.6196 0.5184
6412.0947 0.5191
6413.5732 0.5183
6415.0488 0.5170
6416.5278 0.5164
6418.0039 0.5157
6419.4805 0.5161
6420.9609 0.5166
6422.4380 0.5162
6423.9189 0.5160
6425.3970 0.5165
6426.8784 0.5150
6428.3569 0.5118
6429.8359 0.5088
6431.3184 0.5079
6432.7979 0.5105
6434.2812 0.5134
6435.7617 0.5088
6437.2456 0.5091
6438.7266 0.5126
6440.2114 0.5139
6441.6929 0.5129
6443.1748 0.5124
6444.6606 0.5103
6446.1431 0.5093
6447.6294 0.5092
6449.1128 0.5096
6450.6001 0.5095
6452.0840 0.5085
6453.5684 0.5064
6455.0566 0.5061
6456.5415 0.5076
6458.0303 0.5047
6459.5161 0.4992
6461.0054 0.4993
6462.4917 0.5041
6463.9785 0.5055
6465.4692 0.5056
6466.9565 0.5045
6468.4478 0.5019
6469.9360 0.4993
6471.4277 0.4989
6472.9165 0.4994
6474.4058 0.4975
6475.8984 0.4961
6477.3882 0.4970
6478.8818 0.4980
6480.3726 0.4963
6481.8667 0.4971
6483.3579 0.4963
6484.8496 0.4948
6486.3447 0.4948
6487.8369 0.4959
6489.3330 0.4940
6490.8262 0.4893
6492.3228 0.4870
6493.8164 0.4881
6495.3101 0.4898
6496.8081 0.4900
6498.3027 0.4922
6499.8013 0.4947
6501.2964 0.4952
6502.7954 0.4941
6504.2915 0.4927
6505.7876 0.4919
6507.2881 0.4911
6508.7852 0.4907
6510.2861 0.4910
6511.7837 0.4898
6513.2852 0.4872
6514.7837 0.4844
6516.2822 0.4812
6517.7852 0.4808
6519.2842 0.4813
6520.7876 0.4821
6522.2876 0.4831
6523.7920 0.4835
6525.2925 0.4826
6526.7939 0.4832
6528.2988 0.4831
6529.8008 0.4811
6531.3062 0.4784
6532.8091 0.4764
6534.3154 0.4747
6535.8184 0.4736
6537.3223 0.4733
6538.8296 0.4731
6540.3340 0.4722
6541.8423 0.4697
6543.3472 0.4661
6544.8560 0.4636
6546.3613 0.4614
6547.8677 0.4580
6549.3774 0.4540
6550.8843 0.4499
6552.3945 0.4425
6553.9019 0.4312
6555.4136 0.4159
6556.9214 0.3871
6558.4336 0.3280
6559.9424 0.2669
6561.4512 0.3046
6562.9644 0.3696
6564.4741 0.4087
6565.9878 0.4272
6567.4985 0.4383
6569.0127 0.4449
6570.5239 0.4496
6572.0356 0.4534
6573.5513 0.4572
6575.0635 0.4604
6576.5796 0.4630
6578.0923 0.4654
6579.6094 0.4665
6581.1230 0.4674
6582.6372 0.4686
6584.1548 0.4696
6585.6694 0.4698
6587.1885 0.4693
6588.7036 0.4685
6590.2231 0.4687
6591.7393 0.4697
6593.2554 0.4707
6594.7759 0.4710
6596.2930 0.4709
6597.8140 0.4713
6599.3320 0.4713
6600.8535 0.4712
6602.3721 0.4712
6603.8911 0.4714
6605.4141 0.4714
6606.9336 0.4705
6608.4570 0.4703
6609.9771 0.4708
6611.5015 0.4709
6613.0225 0.4711
6614.5439 0.4729
6616.0693 0.4742
6617.5913 0.4726
6619.1172 0.4712
6620.6396 0.4698
6622.1665 0.4687
6623.6899 0.4690
6625.2139 0.4705
6626.7417 0.4699
6628.2661 0.4693
6629.7944 0.4694
6631.3198 0.4697
6632.8486 0.4697
6634.3745 0.4697
6635.9009 0.4694
6637.4312 0.4693
6638.9580 0.4692
6640.4888 0.4686
6642.0166 0.4681
6643.5483 0.4680
6645.0767 0.4686
6646.6055 0.4689
6648.1382 0.4688
6649.6675 0.4687
6651.2007 0.4688
6652.7310 0.4687
6654.2651 0.4686
6655.7959 0.4684
6657.3271 0.4675
6658.8623 0.4667
6660.3940 0.4669
6661.9297 0.4679
6663.4624 0.4694
6664.9990 0.4713
6666.5322 0.4708
6668.0659 0.4690
6669.6035 0.4689
6671.1377 0.4678
6672.6763 0.4669
6674.2114 0.4663
6675.7505 0.4665
6677.2861 0.4669
6678.8257 0.4664
6680.3623 0.4659
6681.8989 0.4662
6683.4399 0.4660
6684.9775 0.4657
6686.5190 0.4653
6688.0571 0.4637
6689.5996 0.4614
6691.1382 0.4620
6692.6777 0.4634
6694.2212 0.4640
6695.7607 0.4638
6697.3052 0.4631
6698.8457 0.4624
6700.3906 0.4631
6701.9316 0.4627
6703.4736 0.4595
6705.0195 0.4569
6706.5620 0.4583
6708.1084 0.4594
6709.6519 0.4600
6711.1987 0.4600
6712.7427 0.4590
6714.2871 0.4578
6715.8354 0.4580
6717.3804 0.4587
6718.9292 0.4588
6720.4751 0.4589
6722.0249 0.4587
6723.5713 0.4582
6725.1177 0.4577
6726.6685 0.4570
6728.2163 0.4529
6729.7676 0.4509
6731.3159 0.4528
6732.8682 0.4546
6734.4170 0.4532
6735.9663 0.4536
6737.5195 0.4549
6739.0693 0.4550
6740.6235 0.4539
6742.1743 0.4524
6743.7290 0.4512
6745.2803 0.4513
6746.8320 0.4513
6748.3877 0.4508
6749.9404 0.4505
6751.4966 0.4506
6753.0498 0.4507
6754.6069 0.4510
6756.1611 0.4501
6757.7153 0.4493
6759.2734 0.4488
6760.8286 0.4487
6762.3877 0.4489
6763.9434 0.4489
6765.5029 0.4482
6767.0596 0.4472
6768.6162 0.4472
6770.1772 0.4477
6771.7344 0.4468
6773.2959 0.4453
6774.8540 0.4446
6776.4165 0.4440
6777.9756 0.4438
6779.5347 0.4436
6781.0981 0.4430
6782.6582 0.4421
6784.2222 0.4365
6785.7827 0.4341
6787.3477 0.4366
6788.9092 0.4393
6790.4707 0.4388
6792.0366 0.4394
6793.5991 0.4392
6795.1655 0.4380
6796.7290 0.4337
6798.2964 0.4311
6799.8604 0.4357
6801.4282 0.4386
6802.9927 0.4382
6804.5581 0.4382
6806.1270 0.4380
6807.6929 0.4372
6809.2627 0.4370
6810.8291 0.4367
6812.3994 0.4358
6813.9668 0.4350
6815.5342 0.4348
6817.1060 0.4349
6818.6743 0.4342
6820.2466 0.4339
6821.8154 0.4343
6823.3887 0.4322
6824.9585 0.4280
6826.5283 0.4268
6828.1025 0.4313
6829.6733 0.4322
6831.2485 0.4326
6832.8198 0.4327
6834.3955 0.4321
6835.9678 0.4312
6837.5405 0.4300
6839.1172 0.4284
6840.6904 0.4283
6842.2681 0.4290
6843.8418 0.4297
6845.4199 0.4297
6846.9946 0.4294
6848.5698 0.4292
6850.1494 0.4285
6851.7251 0.4261
6853.3052 0.4243
6854.8818 0.4246
6856.4624 0.4256
6858.0396 0.4251
6859.6177 0.4253
6861.1992 0.4261
6862.7778 0.4264
6864.3604 0.4260
6865.9395 0.4255
6867.5225 0.4247
6869.1025 0.4245
6870.6826 0.4247
6872.2671 0.4246
6873.8481 0.4242
6875.4331 0.4240
6877.0146 0.4235
6878.6006 0.4225
6880.1831 0.4219
6881.7656 0.4218
6883.3525 0.4213
6884.9360 0.4205
6886.5239 0.4210
6888.1079 0.4213
6889.6963 0.4212
6891.2812 0.4209
6892.8667 0.4206
6894.4561 0.4203
6896.0425 0.4199
6897.6323 0.4196
6899.2192 0.4193
6900.8105 0.4185
6902.3979 0.4173
6903.9858 0.4164
6905.5776 0.4169
6907.1665 0.4167
6908.7593 0.4159
6910.3486 0.4151
6911.9419 0.4146
6913.5322 0.4143
6915.1226 0.4142
6916.7173 0.4136
6918.3081 0.4124
6919.9038 0.4122
6921.4956 0.4127
6923.0918 0.4123
6924.6846 0.4117
6926.2812 0.4115
6927.8745 0.4116
6929.4683 0.4116
6931.0664 0.4116
6932.6606 0.4115
6934.2593 0.4111
6935.8545 0.4103
6937.4541 0.4098
6939.0498 0.4099
6940.6460 0.4097
6942.2466 0.4084
6943.8438 0.4082
6945.4448 0.4086
6947.0430 0.4086
6948.6445 0.4080
6950.2432 0.4074
6951.8423 0.4074
6953.4453 0.4068
6955.0449 0.4066
6956.6489 0.4066
6958.2490 0.4055
6959.8535 0.4040
6961.4546 0.4045
6963.0562 0.4053
6964.6621 0.4047
6966.2642 0.4043
6967.8706 0.4045
6969.4736 0.4042
6971.0806 0.4029
6972.6841 0.4019
6974.2886 0.4008
6975.8965 0.3995
6977.5015 0.3990
6979.1104 0.3999
6980.7158 0.4010
6982.3257 0.3991
6983.9321 0.3992
6985.5386 0.4004
6987.1494 0.4010
6988.7568 0.4009
6990.3687 0.4008
6991.9766 0.4004
6993.5889 0.3999
6995.1978 0.3987
6996.8071 0.3970
6998.4204 0.3958
7000.0303 0.3968
7001.6445 0.3996
7003.2554 0.4001
7004.8701 0.3985
7006.4819 0.3974
7008.0938 0.3974
7009.7095 0.3973
7011.3223 0.3966
7012.9390 0.3947
7014.5522 0.3944
7016.1699 0.3967
7017.7837 0.3981
7019.3984 0.3956
7021.0171 0.3938
7022.6323 0.3933
7024.2515 0.3931
7025.8677 0.3948
7027.4878 0.3963
7029.1045 0.3943
7030.7212 0.3937
7032.3428 0.3928
7033.9604 0.3926
7035.5825 0.3937
7037.2007 0.3938
7038.8237 0.3914
7040.4429 0.3915
7042.0664 0.3916
7043.6865 0.3910
7045.3066 0.3917
7046.9316 0.3939
7048.5527 0.3950
7050.1782 0.3928
7051.7998 0.3902
7053.4263 0.3898
7055.0488 0.3900
7056.6719 0.3897
7058.2988 0.3884
7059.9229 0.3840
7061.5508 0.3808
7063.1753 0.3796
7064.8037 0.3798
7066.4292 0.3818
7068.0547 0.3852
7069.6846 0.3863
7071.3110 0.3871
7072.9419 0.3850
7074.5688 0.3831
7076.2002 0.3821
7077.8281 0.3798
7079.4561 0.3807
7081.0889 0.3835
7082.7178 0.3849
7084.3511 0.3840
7085.9810 0.3821
7087.6147 0.3802
7089.2451 0.3785
7090.8760 0.3812
7092.5112 0.3833
7094.1431 0.3827
7095.7788 0.3804
7097.4111 0.3788
7099.0479 0.3798
7100.6812 0.3804
7102.3145 0.3803
7103.9521 0.3791
7105.5864 0.3773
7107.2251 0.3758
7108.8599 0.3740
7110.4995 0.3712
7112.1353 0.3693
7113.7715 0.3700
7115.4116 0.3728
7117.0483 0.3746
7118.6899 0.3736
7120.3271 0.3749
7121.9692 0.3770
7123.6079 0.3775
7125.2466 0.3765
7126.8896 0.3758
7128.5293 0.3740
7130.1729 0.3745
7131.8130 0.3753
7133.4580 0.3753
7135.0986 0.3750
7136.7402 0.3748
7138.3857 0.3743
7140.0283 0.3729
7141.6748 0.3737
7143.3174 0.3719
7144.9648 0.3675
7146.6084 0.3675
7148.2524 0.3723
7149.9009 0.3731
7151.5459 0.3721
7153.1948 0.3705
7154.8403 0.3700
7156.4902 0.3715
7158.1367 0.3707
7159.7832 0.3684
7161.4346 0.3637
7163.0820 0.3632
7164.7339 0.3673
7166.3818 0.3699
7168.0347 0.3704
7169.6836 0.3704
7171.3369 0.3699
7172.9863 0.3688
7174.6367 0.3681
7176.2910 0.3681
7177.9419 0.3658
7179.5972 0.3658
7181.2490 0.3671
7182.9048 0.3644
7184.5571 0.3605
7186.2100 0.3628
7187.8672 0.3650
7189.5210 0.3622
7191.1787 0.3609
7192.8330 0.3621
7194.4917 0.3632
7196.1465 0.3625
7197.8022 0.3600
7199.4619 0.3565
7201.1182 0.3583
7202.7788 0.3579
7204.4355 0.3541
7206.0972 0.3550
7207.7549 0.3583
7209.4131 0.3578
7211.0757 0.3555
7212.7344 0.3550
7214.3975 0.3563
7216.0571 0.3562
7217.7212 0.3547
7219.3818 0.3513
7221.0425 0.3492
7222.7075 0.3507
7224.3691 0.3535
7226.0352 0.3544
7227.6973 0.3549
7229.3643 0.3551
7231.0273 0.3541
7232.6909 0.3531
7234.3584 0.3526
7236.0229 0.3509
7237.6914 0.3475
7239.3564 0.3483
7241.0259 0.3485
7242.6919 0.3492
7244.3579 0.3510
7246.0283 0.3511
7247.6953 0.3485
7249.3667 0.3488
7251.0342 0.3486
7252.7065 0.3487
7254.3750 0.3498
7256.0439 0.3500
7257.7168 0.3483
7259.3867 0.3476
7261.0605 0.3480
7262.7310 0.3483
7264.4058 0.3484
7266.0771 0.3485
7267.7485 0.3479
7269.4243 0.3471
7271.0967 0.3455
7272.7734 0.3444
7274.4463 0.3446
7276.1240 0.3450
7277.7979 0.3443
7279.4722 0.3431
7281.1509 0.3420
7282.8257 0.3418
7284.5054 0.3389
7286.1812 0.3322
7287.8613 0.3353
7289.5376 0.3384
7291.2148 0.3399
7292.8960 0.3406
7294.5737 0.3405
7296.2559 0.3392
7297.9341 0.3385
7299.6172 0.3386
7301.2964 0.3397
7302.9800 0.3386
7304.6602 0.3349
7306.3408 0.3322
7308.0254 0.3324
7309.7065 0.3346
7311.3921 0.3359
7313.0742 0.3362
7314.7607 0.3355
7316.4434 0.3336
7318.1265 0.3313
7319.8140 0.3333
7321.4980 0.3320
7323.1860 0.3291
7324.8711 0.3294
7326.5601 0.3324
7328.2456 0.3314
7329.9312 0.3321
7331.6216 0.3324
7333.3081 0.3324
7334.9995 0.3324
7336.6865 0.3317
7338.3784 0.3318
7340.0669 0.3317
7341.7554 0.3315
7343.4482 0.3310
7345.1377 0.3306
7346.8315 0.3303
7348.5215 0.3292
7350.2163 0.3279
7351.9067 0.3264
7353.5981 0.3265
7355.2939 0.3280
7356.9858 0.3282
7358.6826 0.3268
7360.3755 0.3261
7362.0728 0.3264
7363.7661 0.3268
7365.4604 0.3267
7367.1587 0.3262
7368.8535 0.3259
7370.5527 0.3257
7372.2485 0.3251
7373.9487 0.3243
7375.6450 0.3241
7377.3418 0.3248
7379.0430 0.3249
7380.7402 0.3245
7382.4424 0.3227
7384.1406 0.3204
7385.8433 0.3197
7387.5425 0.3212
7389.2422 0.3214
7390.9458 0.3213
7392.6465 0.3211
7394.3511 0.3214
7396.0522 0.3214
7397.7573 0.3205
7399.4595 0.3209
7401.1616 0.3200
7402.8682 0.3188
7404.5713 0.3178
7406.2788 0.3172
7407.9824 0.3167
7409.6909 0.3157
7411.3955 0.3134
7413.1006 0.3124
7414.8101 0.3124
7416.5156 0.3130
7418.2261 0.3138
7419.9326 0.3136
7421.6436 0.3129
7423.3506 0.3123
7425.0586 0.3132
7426.7705 0.3149
7428.4795 0.3155
7430.1924 0.3156
7431.9014 0.3150
7433.6152 0.3151
7435.3257 0.3143
7437.0400 0.3120
7438.7510 0.3107
7440.4624 0.3116
7442.1777 0.3103
7443.8901 0.3105
7445.6064 0.3111
7447.3193 0.3108
7449.0366 0.3109
7450.7505 0.3109
7452.4644 0.3086
7454.1831 0.3080
7455.8979 0.3089
7457.6172 0.3089
7459.3325 0.3078
7461.0527 0.3077
7462.7690 0.3080
7464.4858 0.3088
7466.2070 0.3094
7467.9248 0.3090
7469.6470 0.3079
7471.3652 0.3086
7473.0884 0.3067
7474.8076 0.3048
7476.5269 0.3051
7478.2510 0.3069
7479.9712 0.3081
7481.6963 0.3084
7483.4175 0.3071
7485.1431 0.3039
7486.8652 0.3037
7488.5874 0.3047
7490.3145 0.3010
7492.0371 0.3000
7493.7651 0.3004
7495.4888 0.3009
7497.2173 0.3017
7498.9419 0.3025
7500.6670 0.3029
7502.3970 0.3032
7504.1226 0.3017
7505.8530 0.3001
7507.5801 0.2979
7509.3110 0.2973
7511.0386 0.2999
7512.7666 0.2986
7514.4990 0.2990
7516.2275 0.2991
7517.9609 0.2987
7519.6904 0.2970
7521.4243 0.2942
7523.1548 0.2950
7524.8853 0.2961
7526.6206 0.2967
7528.3521 0.2957
7530.0884 0.2946
7531.8203 0.2956
7533.5571 0.2962
7535.2905 0.2954
7537.0239 0.2948
7538.7617 0.2948
7540.4961 0.2947
7542.2349 0.2944
7543.9702 0.2939
7545.7095 0.2938
7547.4453 0.2934
7549.1816 0.2931
7550.9229 0.2921
7552.6597 0.2902
7554.4014 0.2909
7556.1392 0.2907
7557.8818 0.2904
7559.6201 0.2904
7561.3594 0.2905
7563.1030 0.2905
7564.8428 0.2903
7566.5874 0.2899
7568.3281 0.2905
7570.0732 0.2900
7571.8149 0.2886
7573.5610 0.2889
7575.3032 0.2894
7577.0459 0.2892
7578.7930 0.2886
7580.5366 0.2876
7582.2847 0.2866
7584.0288 0.2868
7585.7778 0.2877
7587.5229 0.2877
7589.2686 0.2875
7591.0186 0.2870
7592.7646 0.2866
7594.5156 0.2864
7596.2627 0.2861
7598.0142 0.2850
7599.7622 0.2844
7601.5107 0.2844
7603.2637 0.2846
7605.0127 0.2843
7606.7661 0.2839
7608.5161 0.2836
7610.2710 0.2840
7612.0215 0.2829
7613.7725 0.2806
7615.5283 0.2798
7617.2803 0.2805
7619.0366 0.2817
7620.7896 0.2825
7622.5469 0.2825
7624.3003 0.2822
7626.0542 0.2819
7627.8130 0.2815
7629.5679 0.2811
7631.3271 0.2806
7633.0825 0.2803
7634.8428 0.2801
7636.5991 0.2794
7638.3560 0.2791
7640.1172 0.2791
7641.8750 0.2787
7643.6372 0.2783
7645.3955 0.2781
7647.1587 0.2779
7648.9180 0.2773
7650.6772 0.2754
7652.4419 0.2730
7654.2021 0.2705
7655.9673 0.2692
7657.7285 0.2697
7659.4941 0.2689
7661.2563 0.2665
7663.0186 0.2693
7664.7856 0.2731
7666.5493 0.2737
7668.3169 0.2733
7670.0811 0.2732
7671.8496 0.2726
7673.6147 0.2728
7675.3799 0.2715
7677.1499 0.2695
7678.9160 0.2704
7680.6870 0.2704
7682.4536 0.2685
7684.2251 0.2689
7685.9932 0.2698
7687.7612 0.2694
7689.5342 0.2691
7691.3027 0.2694
7693.0767 0.2683
7694.8462 0.2660
7696.6206 0.2657
7698.3911 0.2678
7700.1621 0.2689
7701.9380 0.2683
7703.7100 0.2681
7705.4863 0.2674
7707.2588 0.2626
7709.0361 0.2587
7710.8096 0.2635
7712.5879 0.2665
7714.3618 0.2669
7716.1367 0.2669
7717.9160 0.2664
7719.6914 0.2654
7721.4717 0.2648
7723.2480 0.2642
7725.0288 0.2637
7726.8062 0.2643
7728.5835 0.2647
7730.3657 0.2645
7732.1440 0.2645
7733.9272 0.2643
7735.7065 0.2643
7737.4902 0.2633
7739.2700 0.2619
7741.0508 0.2610
7742.8354 0.2604
7744.6167 0.2586
7746.4028 0.2595
7748.1851 0.2611
7749.9717 0.2617
7751.7544 0.2610
7753.5376 0.2598
7755.3257 0.2589
7757.1099 0.2583
7758.8984 0.2579
7760.6836 0.2576
7762.4731 0.2580
7764.2588 0.2592
7766.0449 0.2586
7767.8359 0.2528
7769.6226 0.2482
7771.4146 0.2472
7773.2021 0.2499
7774.9946 0.2550
7776.7832 0.2553
7778.5723 0.2545
7780.3662 0.2557
7782.1558 0.2557
7783.9507 0.2542
7785.7412 0.2549
7787.5366 0.2545
7789.3281 0.2535
7791.1201 0.2540
7792.9165 0.2536
7794.7095 0.2525
7796.5068 0.2532
7798.3003 0.2525
7800.0986 0.2508
7801.8931 0.2496
7803.6880 0.2487
7805.4873 0.2487
7807.2832 0.2502
7809.0835 0.2507
7810.8799 0.2496
7812.6812 0.2509
7814.4785 0.2521
7816.2759 0.2507
7818.0786 0.2486
7819.8770 0.2487
7821.6802 0.2489
7823.4795 0.2498
7825.2837 0.2496
7827.0840 0.2476
7828.8843 0.2466
7830.6899 0.2473
7832.4912 0.2475
7834.2974 0.2472
7836.0996 0.2475
7837.9067 0.2483
7839.7100 0.2475
7841.5132 0.2440
7843.3213 0.2438
7845.1260 0.2440
7846.9351 0.2440
7848.7402 0.2442
7850.5498 0.2440
7852.3560 0.2438
7854.1665 0.2421
7855.9736 0.2429
7857.7808 0.2436
7859.5928 0.2429
7861.4009 0.2433
7863.2139 0.2425
7865.0225 0.2385
7866.8364 0.2374
7868.6460 0.2398
7870.4561 0.2417
7872.2710 0.2405
7874.0820 0.2409
7875.8979 0.2370
7877.7100 0.2356
7879.5264 0.2375
7881.3389 0.2395
7883.1519 0.2396
7884.9697 0.2385
7886.7837 0.2338
7888.6025 0.2324
7890.4175 0.2320
7892.2368 0.2304
7894.0522 0.2290
7895.8687 0.2262
7897.6890 0.2301
7899.5059 0.2334
7901.3276 0.2307
7903.1455 0.2278
7904.9678 0.2329
7906.7861 0.2350
7908.6055 0.2303
7910.4292 0.2291
7912.2485 0.2318
7914.0732 0.2320
7915.8940 0.2278
7917.7192 0.2301
7919.5405 0.2301
7921.3628 0.2276
7923.1895 0.2265
7925.0122 0.2287
7926.8394 0.2307
7928.6631 0.2262
7930.4912 0.2261
7932.3159 0.2299
7934.1406 0.2331
7935.9702 0.2347
7937.7959 0.2359
7939.6265 0.2342
7941.4526 0.2313
7943.2842 0.2301
7945.1113 0.2300
7946.9390 0.2301
7948.7720 0.2308
7950.6006 0.2304
7952.4336 0.2286
7954.2632 0.2282
7956.0977 0.2287
7957.9277 0.2283
7959.7583 0.2256
7961.5938 0.2206
7963.4253 0.2162
7965.2617 0.2211
7967.0942 0.2250
7968.9316 0.2231
7970.7646 0.2239
7972.5981 0.2252
7974.4370 0.2261
7976.2715 0.2258
7978.1108 0.2262
7979.9458 0.2269
7981.7861 0.2254
7983.6226 0.2245
7985.4590 0.2219
7987.3003 0.2226
7989.1377 0.2227
7990.9800 0.2214
7992.8184 0.2230
7994.6616 0.2218
7996.5005 0.2224
7998.3447 0.2198
8000.1846 0.2166
8002.0249 0.2174
8003.8706 0.2211
8005.7114 0.2196
8007.5576 0.2139
8009.3999 0.2159
8011.2471 0.2197
8013.0898 0.2177
8014.9331 0.2145
8016.7812 0.2185
8018.6255 0.2173
8020.4746 0.2156
8022.3198 0.2141
8024.1699 0.2139
8026.0156 0.2169
8027.8623 0.2153
8029.7134 0.2149
8031.5605 0.2179
8033.4126 0.2178
8035.2607 0.2135
8037.1138 0.2125
8038.9624 0.2148
8040.8120 0.2150
8042.6660 0.2113
8044.5161 0.2096
8046.3711 0.2126
8048.2222 0.2156
8050.0781 0.2159
8051.9302 0.2153
8053.7827 0.2136
8055.6396 0.2124
8057.4927 0.2120
8059.3511 0.2109
8061.2051 0.2123
8063.0640 0.2125
8064.9189 0.2122
8066.7739 0.2124
8068.6343 0.2122
8070.4902 0.2106
8072.3516 0.2116
8074.2085 0.2108
8076.0703 0.2094
8077.9282 0.2092
8079.7866 0.2089
8081.6499 0.2071
8083.5088 0.2081
8085.3730 0.2088
8087.2329 0.2089
8089.0981 0.2083
8090.9590 0.2077
8092.8203 0.2078
8094.6865 0.2068
8096.5483 0.2068
8098.4155 0.2074
8100.2788 0.2077
8102.1465 0.2076
8104.0103 0.2074
8105.8745 0.2070
8107.7441 0.2067
8109.6089 0.2065
8111.4790 0.2060
8113.3452 0.2056
8115.2163 0.2057
8117.0830 0.2055
8118.9502 0.2053
8120.8228 0.2050
8122.6909 0.2047
8124.5640 0.2045
8126.4326 0.2043
8128.3066 0.2038
8130.1768 0.2033
8132.0513 0.2033
8133.9224 0.2032
8135.7935 0.2028
8137.6694 0.2024
8139.5415 0.2022
8141.4185 0.2020
8143.2915 0.2018
8145.1694 0.2015
8147.0430 0.2010
8148.9175 0.2009
8150.7964 0.2008
8152.6714 0.2004
8154.5513 0.2001
8156.4272 0.1997
8158.3081 0.1991
8160.1851 0.1988
8162.0625 0.1990
8163.9443 0.1988
8165.8228 0.1987
8167.7056 0.1985
8169.5845 0.1983
8171.4683 0.1981
8173.3481 0.1981
8175.2285 0.1977
8177.1138 0.1971
8178.9951 0.1930
8180.8809 0.1890
8182.7632 0.1927
8184.6499 0.1936
8186.5327 0.1951
8188.4160 0.1959
8190.3042 0.1918
8192.1885 0.1877
8194.0771 0.1924
8195.9629 0.1925
8197.8525 0.1875
8199.7383 0.1889
8201.6250 0.1932
8203.5156 0.1941
8205.4033 0.1929
8207.2959 0.1921
8209.1836 0.1910
8211.0762 0.1881
8212.9658 0.1872
8214.8545 0.1883
8216.7490 0.1866
8218.6396 0.1855
8220.5342 0.1883
8222.4258 0.1911
8224.3223 0.1906
8226.2139 0.1878
8228.1064 0.1861
8230.0039 0.1859
8231.8965 0.1857
8233.7949 0.1882
8235.6895 0.1900
8237.5889 0.1886
8239.4834 0.1872
8241.3789 0.1885
8243.2793 0.1869
8245.1758 0.1810
8247.0771 0.1816
8248.9746 0.1875
8250.8770 0.1850
8252.7744 0.1854
8254.6729 0.1869
8256.5771 0.1871
8258.4766 0.1867
8260.3809 0.1865
8262.2812 0.1863
8264.1865 0.1868
8266.0869 0.1868
8267.9893 0.1862
8269.8955 0.1854
8271.7979 0.1850
8273.7051 0.1856
8275.6084 0.1852
8277.5166 0.1849
8279.4209 0.1840
8281.3301 0.1832
8283.2354 0.1828
8285.1416 0.1826
8287.0518 0.1831
8288.9580 0.1826
8290.8691 0.1815
8292.7773 0.1810
8294.6895 0.1813
8296.5977 0.1807
8298.5059 0.1806
8300.4199 0.1804
8302.3291 0.1801
8304.2432 0.1801
8306.1543 0.1807
8308.0693 0.1815
8309.9805 0.1803
8311.8926 0.1791
8313.8086 0.1789
8315.7217 0.1790
8317.6396 0.1791
8319.5527 0.1797
8321.4707 0.1793
8323.3857 0.1782
8325.2998 0.1785
8327.2197 0.1779
8329.1357 0.1761
8331.0566 0.1765
8332.9727 0.1767
8334.8945 0.1803
8336.8115 0.1808
8338.7295 0.1785
8340.6523 0.1768
8342.5713 0.1762
8344.4951 0.1762
8346.4150 0.1769
8348.3398 0.1773
8350.2598 0.1771
8352.1807 0.1763
8354.1074 0.1749
8356.0293 0.1742
8357.9561 0.1754
8359.8789 0.1756
8361.8066 0.1743
8363.7295 0.1734
8365.6543 0.1743
8367.5830 0.1736
8369.5078 0.1734
8371.4375 0.1728
8373.3643 0.1736
8375.2949 0.1758
8377.2217 0.1758
8379.1484 0.1742
8381.0811 0.1727
8383.0088 0.1711
8384.9424 0.1713
8386.8711 0.1730
8388.8047 0.1734
8390.7344 0.1741
8392.6650 0.1753
8394.6006 0.1745
8396.5312 0.1730
8398.4678 0.1728
8400.3994 0.1736
8402.3369 0.1737
8404.2695 0.1732
8406.2031 0.1718
8408.1416 0.1697
8410.0762 0.1687
8412.0156 0.1698
8413.9502 0.1691
8415.8906 0.1690
8417.8271 0.1691
8419.7637 0.1693
8421.7051 0.1699
8423.6426 0.1714
8425.5850 0.1710
8427.5234 0.1704
8429.4668 0.1701
8431.4053 0.1692
8433.3496 0.1682
8435.2900 0.1691
8437.2305 0.1690
8439.1758 0.1705
8441.1172 0.1708
8443.0645 0.1701
8445.0059 0.1693
8446.9541 0.1685
8448.8965 0.1689
8450.8408 0.1676
8452.7891 0.1665
8454.7344 0.1673
8456.6836 0.1683
8458.6289 0.1670
8460.5791 0.1662
8462.5254 0.1651
8464.4727 0.1638
8466.4248 0.1635
8468.3721 0.1647
8470.3252 0.1659
8472.2734 0.1666
8474.2275 0.1672
8476.1768 0.1673
8478.1270 0.1666
8480.0820 0.1665
8482.0322 0.1681
8483.9883 0.1673
8485.9404 0.1676
8487.8975 0.1660
8489.8496 0.1659
8491.8027 0.1615
8493.7607 0.1454
8495.7148 0.1486
8497.6738 0.1598
8499.6289 0.1633
8501.5889 0.1623
8503.5449 0.1629
8505.5010 0.1641
8507.4619 0.1653
8509.4199 0.1648
8511.3818 0.1636
8513.3398 0.1626
8515.3027 0.1621
8517.2617 0.1618
8519.2217 0.1616
8521.1855 0.1616
8523.1465 0.1607
8525.1113 0.1602
8527.0723 0.1607
8529.0391 0.1612
8531.0010 0.1608
8532.9639 0.1592
8534.9316 0.1590
8536.8945 0.1390
8538.8633 0.1162
8540.8281 0.1384
8542.7969 0.1531
8544.7627 0.1565
8546.7285 0.1573
8548.6992 0.1578
8550.6660 0.1579
8552.6377 0.1583
8554.6045 0.1581
8556.5771 0.1570
8558.5459 0.1581
8560.5146 0.1595
8562.4893 0.1594
8564.4590 0.1593
8566.4336 0.1604
8568.4043 0.1616
8570.3799 0.1615
8572.3516 0.1606
8574.3242 0.1602
8576.3008 0.1604
8578.2744 0.1599
8580.2520 0.1598
8582.2256 0.1582
8584.2051 0.1571
8586.1797 0.1570
8588.1602 0.1555
8590.1357 0.1541
8592.1113 0.1526
8594.0928 0.1510
8596.0703 0.1512
8598.0527 0.1535
8600.0303 0.1554
8602.0137 0.1558
8603.9922 0.1559
8605.9717 0.1570
8607.9561 0.1587
8609.9365 0.1595
8611.9219 0.1586
8613.9033 0.1575
8615.8896 0.1581
8617.8711 0.1574
8619.8535 0.1563
8621.8418 0.1565
8623.8252 0.1574
8625.8135 0.1567
8627.7979 0.1556
8629.7881 0.1554
8631.7725 0.1552
8633.7588 0.1549
8635.7500 0.1562
8637.7363 0.1579
8639.7285 0.1579
8641.7158 0.1561
8643.7080 0.1543
8645.6973 0.1534
8647.6855 0.1528
8649.6797 0.1539
8651.6699 0.1518
8653.6650 0.1527
8655.6553 0.1446
8657.6514 0.1249
8659.6436 0.1181
8661.6357 0.1386
8663.6328 0.1464
8665.6260 0.1493
8667.6240 0.1511
8669.6182 0.1515
8671.6172 0.1536
8673.6123 0.1538
8675.6074 0.1525
8677.6084 0.1527
8679.6045 0.1534
8681.6055 0.1532
8683.6025 0.1532
8685.6055 0.1529
8687.6035 0.1534
8689.6025 0.1539
8691.6055 0.1540
8693.6055 0.1539
8695.6104 0.1538
8697.6104 0.1538
8699.6162 0.1549
8701.6172 0.1545
8703.6191 0.1536
8705.6260 0.1539
8707.6289 0.1547
8709.6367 0.1540
8711.6406 0.1539
8713.6494 0.1532
8715.6543 0.1525
8717.6592 0.1527
8719.6699 0.1533
8721.6758 0.1531
8723.6865 0.1526
8725.6934 0.1526
8727.7061 0.1531
8729.7129 0.1536
8731.7217 0.1530
8733.7354 0.1517
8735.7441 0.1506
8737.7588 0.1501
8739.7686 0.1494
8741.7842 0.1478
8743.7949 0.1445
8745.8115 0.1397
8747.8232 0.1402
8749.8359 0.1443
8751.8535 0.1480
8753.8672 0.1490
8755.8857 0.1487
8757.9004 0.1493
8759.9199 0.1506
8761.9346 0.1522
8763.9502 0.1537
8765.9717 0.1534
8767.9883 0.1502
8770.0098 0.1510
8772.0273 0.1512
8774.0498 0.1509
8776.0684 0.1514
8778.0879 0.1524
8780.1113 0.1525
8782.1318 0.1516
8784.1562 0.1522
8786.1777 0.1521
8788.2031 0.1516
8790.2256 0.1519
8792.2471 0.1525
8794.2754 0.1521
8796.2979 0.1507
8798.3262 0.1509
8800.3506 0.1493
8802.3799 0.1456
8804.4053 0.1457
8806.4307 0.1490
8808.4609 0.1490
8810.4873 0.1484
8812.5195 0.1478
8814.5459 0.1473
8816.5791 0.1484
8818.6074 0.1470
8820.6357 0.1459
8822.6699 0.1473
8824.6992 0.1491
8826.7344 0.1495
8828.7646 0.1495
8830.8008 0.1487
8832.8330 0.1488
8834.8643 0.1485
8836.9014 0.1476
8838.9346 0.1465
8840.9727 0.1459
8843.0068 0.1445
8845.0459 0.1429
8847.0811 0.1412
8849.1162 0.1378
8851.1562 0.1326
8853.1924 0.1268
8855.2344 0.1187
8857.2715 0.1059
8859.3145 0.0971
8861.3516 0.1002
8863.3906 0.1116
8865.4346 0.1188
8867.4736 0.1251
8869.5186 0.1282
8871.5596 0.1317
8873.6045 0.1360
8875.6465 0.1390
8877.6885 0.1398
8879.7354 0.1407
8881.7783 0.1435
8883.8262 0.1465
8885.8701 0.1482
8887.9189 0.1485
8889.9639 0.1489
8892.0088 0.1510
8894.0596 0.1521
8896.1055 0.1528
8898.1562 0.1539
8900.2041 0.1548
8902.2559 0.1551
8904.3037 0.1558
8906.3574 0.1524
8908.4062 0.1455
8910.4561 0.1476
8912.5107 0.1571
8914.5605 0.1554
8916.6162 0.1553
8918.6680 0.1555
8920.7246 0.1538
8922.7764 0.1465
8924.8291 0.1418
8926.8867 0.1532
8928.9404 0.1559
8931.0000 0.1560
8933.0547 0.1560
8935.1143 0.1558
8937.1699 0.1556
8939.2256 0.1549
8941.2871 0.1528
8943.3438 0.1527
8945.4062 0.1530
8947.4639 0.1534
8949.5273 0.1539
8951.5859 0.1534
8953.6455 0.1531
8955.7100 0.1525
8957.7705 0.1522
8959.8359 0.1509
8961.8975 0.1483
8963.9639 0.1476
8966.0264 0.1484
8968.0889 0.1480
8970.1572 0.1472
8972.2207 0.1452
8974.2891 0.1426
8976.3535 0.1428
8978.4238 0.1431
8980.4893 0.1420
8982.5557 0.1405
8984.6270 0.1387
8986.6934 0.1364
8988.7656 0.1343
8990.8340 0.1320
8992.9072 0.1289
8994.9756 0.1237
8997.0449 0.1194
8999.1201 0.1166
9001.1904 0.1114
9003.2656 0.1041
9005.3369 0.0944
9007.4131 0.0830
9009.4854 0.0665
9011.5586 0.0542
9013.6357 0.0649
9015.7100 0.0812
9017.7891 0.0927
9019.8633 0.1014
9021.9434 0.1083
9024.0186 0.1134
9026.0947 0.1176
9028.1758 0.1216
9030.2529 0.1242
9032.3350 0.1253
9034.4131 0.1273
9036.4971 0.1306
9038.5752 0.1325
9040.6543 0.1335
9042.7393 0.1343
9044.8193 0.1352
9046.9053 0.1359
9048.9863 0.1368
9051.0732 0.1382
9053.1553 0.1387
9055.2383 0.1366
9057.3262 0.1188
9059.4102 0.1146
9061.4990 0.1343
9063.5840 0.1405
9065.6738 0.1404
9067.7588 0.1397
9069.8506 0.1411
9071.9365 0.1374
9074.0234 0.1288
9076.1162 0.1289
9078.2041 0.1385
9080.2979 0.1415
9082.3867 0.1372
9084.4805 0.1283
9086.5703 0.1265
9088.6611 0.1382
9090.7568 0.1218
9092.8486 0.1277
9094.9453 0.1374
9097.0371 0.1395
9099.1348 0.1386
9101.2285 0.1389
9103.3223 0.1389
9105.4209 0.1374
9107.5156 0.1267
9109.6162 0.1253
9111.7119 0.1373
9113.8125 0.1368
9115.9092 0.1370
9118.0068 0.1359
9120.1094 0.1352
9122.2070 0.1352
9124.3105 0.1357
9126.4102 0.1365
9128.5146 0.1353
9130.6143 0.1358
9132.7148 0.1362
9134.8213 0.1360
9136.9219 0.1358
9139.0293 0.1356
9141.1318 0.1350
9143.2393 0.1339
9145.3428 0.1339
9147.4473 0.1343
9149.5566 0.1339
9151.6611 0.1331
9153.7715 0.1330
9155.8770 0.1329
9157.9883 0.1325
9160.0957 0.1318
9162.2031 0.1313
9164.3154 0.1313
9166.4238 0.1306
9168.5371 0.1300
9170.6465 0.1277
9172.7617 0.1254
9174.8711 0.1253
9176.9824 0.1260
9179.0986 0.1230
9181.2100 0.1240
9183.3271 0.1239
9185.4395 0.1232
9187.5576 0.1236
9189.6719 0.1224
9191.7852 0.1211
9193.9053 0.1193
9196.0205 0.1180
9198.1406 0.1156
9200.2568 0.1121
9202.3789 0.1108
9204.4951 0.1090
9206.6133 0.1047
9208.7363 0.0965
9210.8545 0.0928
9212.9785 0.0926
9215.0977 0.0829
9217.2227 0.0814
9219.3428 0.0745
9221.4639 0.0630
9223.5908 0.0461
9225.7129 0.0343
9227.8398 0.0471
9229.9629 0.0628
9232.0908 0.0715
9234.2148 0.0768
9236.3447 0.0850
9238.4688 0.0920
9240.5947 0.0895
9242.7256 0.0967
9244.8516 0.1024
9246.9834 0.1050
9249.1104 0.1049
9251.2432 0.1041
9253.3721 0.1057
9255.5010 0.1064
9257.6348 0.0996
9259.7646 0.0990
9261.8994 0.1033
9264.0303 0.1080
9266.1670 0.1159
9268.2988 0.1163
9270.4307 0.1169
9272.5684 0.1175
9274.7012 0.1177
9276.8398 0.1180
9278.9746 0.1181
9281.1143 0.1183
9283.2490 0.1184
9285.3848 0.1182
9287.5264 0.1181
9289.6621 0.1183
9291.8047 0.1179
9293.9424 0.1179
9296.0850 0.1185
9298.2236 0.1183
9300.3633 0.1179
9302.5078 0.1180
9304.6475 0.1182
9306.7930 0.1178
9308.9346 0.1178
9311.0811 0.1180
9313.2227 0.1171
9315.3652 0.1157
9317.5137 0.1165
9319.6572 0.1170
9321.8057 0.1166
9323.9502 0.1165
9326.1006 0.1169
9328.2461 0.1170
9330.3916 0.1166
9332.5439 0.1166
9334.6904 0.1164
9336.8428 0.1161
9338.9912 0.1157
9341.1445 0.1155
9343.2939 0.1157
9345.4434 0.1147
9347.5977 0.1143
9349.7480 0.1147
9351.9043 0.1149
9354.0557 0.1145
9356.2129 0.1143
9358.3652 0.1142
9360.5186 0.1142
9362.6768 0.1141
9364.8301 0.1139
9366.9902 0.1136
9369.1445 0.1130
9371.3057 0.1130
9373.4609 0.1131
9375.6172 0.1125
9377.7793 0.1125
9379.9365 0.1123
9382.0996 0.1093
9384.2578 0.1088
9386.4219 0.1103
9388.5820 0.1075
9390.7461 0.1069
9392.9072 0.1112
9395.0674 0.1105
9397.2344 0.1097
9399.3965 0.1070
9401.5635 0.0952
9403.7266 0.0951
9405.8945 0.1090
9408.0586 0.1024
9410.2227 0.0917
9412.3926 0.0998
9414.5586 0.1076
9416.7295 0.1063
9418.8955 0.1037
9421.0674 0.1075
9423.2344 0.1074
9425.4023 0.1061
9427.5762 0.1053
9429.7451 0.1054
9431.9189 0.1038
9434.0889 0.0990
9436.2646 0.1029
9438.4355 0.1049
9440.6064 0.1035
9442.7832 0.1030
9444.9561 0.1048
9447.1338 0.1051
9449.3076 0.1046
9451.4863 0.1042
9453.6602 0.1042
9455.8350 0.1037
9458.0156 0.1027
9460.1914 0.1026
9462.3730 0.1026
9464.5498 0.1028
9466.7324 0.1026
9468.9102 0.1023
9471.0889 0.1020
9473.2725 0.1017
9475.4521 0.1014
9477.6367 0.1004
9479.8174 0.0997
9482.0029 0.0996
9484.1846 0.0996
9486.3662 0.0990
9488.5537 0.0983
9490.7363 0.0976
9492.9258 0.0968
9495.1094 0.0961
9497.2988 0.0956
9499.4834 0.0947
9501.6689 0.0931
9503.8604 0.0927
9506.0459 0.0921
9508.2383 0.0910
9510.4258 0.0899
9512.6191 0.0885
9514.8076 0.0869
9516.9961 0.0850
9519.1904 0.0830
9521.3809 0.0806
9523.5762 0.0779
9525.7666 0.0747
9527.9639 0.0712
9530.1553 0.0667
9532.3477 0.0617
9534.5459 0.0552
9536.7393 0.0467
9538.9385 0.0353
9541.1328 0.0180
9543.3330 0.0165
9545.5283 0.0295
9547.7246 0.0437
9549.9268 0.0516
9552.1230 0.0585
9554.3262 0.0635
9556.5234 0.0676
9558.7275 0.0708
9560.9268 0.0737
9563.1309 0.0760
9565.3311 0.0772
9567.5322 0.0786
9569.7383 0.0804
9571.9395 0.0821
9574.1465 0.0834
9576.3496 0.0844
9578.5576 0.0852
9580.7607 0.0857
9582.9648 0.0863
9585.1748 0.0869
9587.3799 0.0870
9589.5908 0.0867
9591.7969 0.0874
9594.0088 0.0877
9596.2158 0.0871
9598.4238 0.0812
9600.6367 0.0800
9602.8457 0.0870
9605.0596 0.0877
9607.2695 0.0888
9609.4854 0.0882
9611.6953 0.0895
9613.9062 0.0872
9616.1240 0.0798
9618.3359 0.0792
9620.5537 0.0866
9622.7666 0.0867
9624.9863 0.0867
9627.2002 0.0845
9629.4150 0.0802
9631.6357 0.0849
9633.8516 0.0871
9636.0723 0.0878
9638.2891 0.0874
9640.5117 0.0877
9642.7295 0.0872
9644.9482 0.0825
9647.1719 0.0819
9649.3916 0.0858
9651.6172 0.0844
9653.8369 0.0772
9656.0635 0.0750
9658.2842 0.0857
9660.5068 0.0853
9662.7344 0.0858
9664.9570 0.0857
9667.1855 0.0836
9669.4102 0.0820
9671.6396 0.0839
9673.8643 0.0829
9676.0898 0.0795
9678.3213 0.0806
9680.5479 0.0832
9682.7803 0.0830
9685.0078 0.0822
9687.2412 0.0798
9689.4697 0.0799
9691.6982 0.0815
9693.9336 0.0826
9696.1631 0.0828
9698.3994 0.0831
9700.6299 0.0829
9702.8672 0.0828
9705.0996 0.0827
9707.3320 0.0825
9709.5703 0.0824
9711.8047 0.0822
9714.0439 0.0820
9716.2783 0.0818
9718.5186 0.0809
9720.7549 0.0803
9722.9912 0.0809
9725.2334 0.0809
9727.4707 0.0808
9729.7139 0.0807
9731.9521 0.0782
9734.1963 0.0746
9736.4355 0.0739
9738.6807 0.0780
9740.9209 0.0791
9743.1621 0.0784
9745.4082 0.0785
9747.6504 0.0790
9749.8984 0.0790
9752.1416 0.0788
9754.3896 0.0785
9756.6338 0.0783
9758.8789 0.0773
9761.1289 0.0770
9763.3740 0.0776
9765.6260 0.0774
9767.8721 0.0775
9770.1250 0.0774
9772.3721 0.0771
9774.6201 0.0769
9776.8750 0.0768
9779.1240 0.0764
9781.3789 0.0759
9783.6289 0.0754
9785.8848 0.0753
9788.1367 0.0755
9790.3877 0.0754
9792.6455 0.0746
9794.8984 0.0740
9797.1572 0.0740
9799.4111 0.0745
9801.6709 0.0748
9803.9258 0.0743
9806.1807 0.0738
9808.4424 0.0734
9810.6982 0.0736
9812.9609 0.0738
9815.2188 0.0733
9817.4814 0.0725
9819.7402 0.0721
9821.9990 0.0712
9824.2646 0.0717
9826.5244 0.0722
9828.7900 0.0719
9831.0518 0.0714
9833.3184 0.0716
9835.5801 0.0714
9837.8428 0.0706
9840.1113 0.0707
9842.3750 0.0711
9844.6455 0.0709
9846.9102 0.0697
9849.1807 0.0664
9851.4463 0.0658
9853.7129 0.0661
9855.9844 0.0658
9858.2520 0.0661
9860.5254 0.0686
9862.7939 0.0692
9865.0684 0.0691
9867.3379 0.0687
9869.6074 0.0685
9871.8838 0.0686
9874.1543 0.0685
9876.4316 0.0683
9878.7031 0.0676
9880.9814 0.0681
9883.2549 0.0664
9885.5283 0.0608
9887.8076 0.0582
9890.0830 0.0648
9892.3633 0.0666
9894.6387 0.0650
9896.9209 0.0646
9899.1973 0.0661
9901.4746 0.0657
9903.7578 0.0654
9906.0361 0.0650
9908.3203 0.0638
9910.5996 0.0619
9912.8857 0.0615
9915.1660 0.0646
9917.4521 0.0649
9919.7334 0.0642
9922.0156 0.0648
9924.3037 0.0632
9926.5869 0.0585
9928.8760 0.0583
9931.1602 0.0627
9933.4502 0.0637
9935.7354 0.0613
9938.0205 0.0600
9940.3125 0.0613
9942.5996 0.0622
9944.8926 0.0614
9947.1797 0.0610
9949.4736 0.0611
9951.7627 0.0610
9954.0518 0.0604
9956.3477 0.0604
9958.6377 0.0601
9960.9346 0.0601
9963.2256 0.0601
9965.5234 0.0596
9967.8154 0.0593
9970.1094 0.0592
9972.4082 0.0587
9974.7021 0.0584
9977.0020 0.0581
9979.2979 0.0576
9981.5986 0.0573
9983.8945 0.0570
9986.1914 0.0567
9988.4941 0.0562
9990.7920 0.0548
9993.0967 0.0529
9995.3955 0.0524
9997.7002 0.0541
10000.0000 0.0533
10002.3057 0.0529
10004.6016 0.0522
10006.9082 0.0513
10009.2158 0.0504
10011.5244 0.0494
10013.8223 0.0481
10016.1309 0.0469
10018.4404 0.0455
10020.7402 0.0437
10023.0508 0.0417
10025.3623 0.0398
10027.6738 0.0372
10029.9756 0.0344
10032.2881 0.0311
10034.6016 0.0269
10036.9043 0.0217
10039.2188 0.0150
10041.5342 0.0061
10043.8496 -0.0088
10046.1543 -0.0138
10048.4707 -0.0042
10050.7881 0.0098
10053.0947 0.0161
10055.4131 0.0222
10057.7324 0.0266
10060.0508 0.0300
10062.3604 0.0328
10064.6807 0.0350
10067.0010 0.0372
10069.3115 0.0390
10071.6338 0.0403
10073.9561 0.0414
10076.2793 0.0425
10078.5918 0.0433
10080.9160 0.0438
10083.2402 0.0448
10085.5547 0.0454
10087.8799 0.0458
10090.2061 0.0462
10092.5332 0.0466
10094.8496 0.0468
10097.1777 0.0470
10099.5059 0.0467
10101.8232 0.0461
10104.1533 0.0459
10106.4834 0.0458
10108.8135 0.0442
10111.1338 0.0445
10113.4648 0.0465
10115.7969 0.0478
10118.1191 0.0440
10120.4521 0.0391
10122.7861 0.0450
10125.1201 0.0470
10127.4434 0.0472
10129.7793 0.0472
10132.1152 0.0473
10134.4404 0.0471
10136.7773 0.0471
10139.1152 0.0466
10141.4531 0.0451
10143.7803 0.0454
10146.1191 0.0465
10148.4590 0.0464
10150.7881 0.0459
10153.1289 0.0458
10155.4707 0.0463
10157.8125 0.0449
10160.1436 0.0433
10162.4863 0.0441
10164.8301 0.0458
10167.1621 0.0452
10169.5068 0.0447
10171.8525 0.0447
10174.1973 0.0451
10176.5322 0.0448
10178.8789 0.0419
10181.2266 0.0421
10183.5742 0.0437
10185.9111 0.0441
10188.2607 0.0438
10190.6094 0.0438
10192.9482 0.0437
10195.2988 0.0435
10197.6504 0.0433
10200.0020 0.0432
10202.3428 0.0430
10204.6953 0.0428
10207.0479 0.0428
10209.3906 0.0426
10211.7451 0.0408
10214.0996 0.0410
10216.4551 0.0421
10218.7998 0.0419
10221.1562 0.0418
10223.5137 0.0416
10225.8594 0.0415
10228.2178 0.0414
10230.5762 0.0412
10232.9355 0.0407
10235.2842 0.0404
10237.6436 0.0408
10240.0049 0.0404
10242.3545 0.0401
10244.7168 0.0402
10247.0791 0.0402
10249.4424 0.0400
10251.7939 0.0397
10254.1582 0.0396
10256.5234 0.0395
10258.8770 0.0393
10261.2422 0.0392
10263.6084 0.0390
10265.9756 0.0389
10268.3311 0.0385
10270.6992 0.0381
10273.0674 0.0380
10275.4258 0.0383
10277.7949 0.0380
10280.1650 0.0380
10282.5352 0.0371
10284.8955 0.0359
10287.2666 0.0360
10289.6396 0.0375
10292.0010 0.0370
10294.3740 0.0369
10296.7480 0.0365
10299.1221 0.0364
10301.4863 0.0364
10303.8613 0.0362
10306.2373 0.0357
10308.6025 0.0352
10310.9795 0.0355
10313.3574 0.0356
10315.7363 0.0353
10318.1035 0.0351
10320.4824 0.0350
