3562.0508 0.1719
3562.8704 0.1655
3563.6899 0.1594
3564.5117 0.1574
3565.3318 0.1599
3566.1538 0.1628
3566.9744 0.1616
3567.7969 0.1578
3568.6177 0.1542
3569.4385 0.1529
3570.2617 0.1536
3571.0830 0.1562
3571.9065 0.1611
3572.7283 0.1662
3573.5520 0.1698
3574.3740 0.1720
3575.1963 0.1738
3576.0208 0.1747
3576.8435 0.1740
3577.6682 0.1713
3578.4915 0.1670
3579.3167 0.1634
3580.1399 0.1639
3580.9636 0.1685
3581.7893 0.1694
3582.6133 0.1640
3583.4395 0.1565
3584.2639 0.1530
3585.0903 0.1552
3585.9150 0.1606
3586.7400 0.1658
3587.5671 0.1702
3588.3923 0.1745
3589.2200 0.1791
3590.0457 0.1823
3590.8735 0.1826
3591.6995 0.1811
3592.5259 0.1801
3593.3542 0.1808
3594.1809 0.1827
3595.0098 0.1851
3595.8367 0.1875
3596.6660 0.1898
3597.4934 0.1912
3598.3208 0.1910
3599.1506 0.1892
3599.9788 0.1868
3600.8088 0.1845
3601.6372 0.1827
3602.4678 0.1808
3603.2964 0.1798
3604.1252 0.1811
3604.9565 0.1846
3605.7859 0.1861
3606.6172 0.1829
3607.4470 0.1794
3608.2788 0.1789
3609.1089 0.1817
3609.9392 0.1851
3610.7717 0.1864
3611.6023 0.1870
3612.4351 0.1897
3613.2661 0.1945
3614.0994 0.1981
3614.9307 0.1970
3615.7625 0.1904
3616.5962 0.1828
3617.4282 0.1805
3618.2625 0.1843
3619.0947 0.1900
3619.9292 0.1932
3620.7620 0.1941
3621.5969 0.1944
3622.4302 0.1957
3623.2634 0.1992
3624.0989 0.2048
3624.9326 0.2100
3625.7686 0.2121
3626.6028 0.2115
3627.4390 0.2072
3628.2734 0.1992
3629.1082 0.1912
3629.9451 0.1894
3630.7800 0.1954
3631.6174 0.2032
3632.4529 0.2090
3633.2903 0.2123
3634.1262 0.2143
3634.9622 0.2153
3635.8005 0.2157
3636.6370 0.2163
3637.4756 0.2170
3638.3123 0.2168
3639.1514 0.2145
3639.9885 0.2107
3640.8259 0.2068
3641.6653 0.2050
3642.5032 0.2062
3643.3430 0.2088
3644.1812 0.2105
3645.0215 0.2102
3645.8601 0.2089
3646.6990 0.2096
3647.5398 0.2120
3648.3789 0.2152
3649.2202 0.2185
3650.0596 0.2218
3650.9014 0.2251
3651.7412 0.2285
3652.5813 0.2314
3653.4236 0.2332
3654.2642 0.2338
3655.1067 0.2346
3655.9475 0.2359
3656.7908 0.2360
3657.6318 0.2353
3658.4734 0.2349
3659.3169 0.2350
3660.1587 0.2345
3661.0029 0.2339
3661.8450 0.2349
3662.6895 0.2372
3663.5320 0.2398
3664.3748 0.2417
3665.2197 0.2426
3666.0630 0.2428
3666.9084 0.2428
3667.7520 0.2429
3668.5977 0.2434
3669.4417 0.2445
3670.2859 0.2460
3671.1321 0.2467
3671.9768 0.2464
3672.8235 0.2461
3673.6685 0.2457
3674.5156 0.2445
3675.3608 0.2430
3676.2063 0.2419
3677.0542 0.2409
3677.8999 0.2407
3678.7480 0.2417
3679.5945 0.2432
3680.4429 0.2438
3681.2896 0.2440
3682.1365 0.2439
3682.9856 0.2416
3683.8328 0.2377
3684.6824 0.2356
3685.5300 0.2388
3686.3799 0.2479
3687.2278 0.2570
3688.0781 0.2602
3688.9265 0.2588
3689.7751 0.2587
3690.6260 0.2641
3691.4751 0.2724
3692.3264 0.2763
3693.1758 0.2735
3694.0273 0.2660
3694.8772 0.2593
3695.7273 0.2603
3696.5793 0.2719
3697.4299 0.2862
3698.2825 0.2944
3699.1333 0.2932
3699.9863 0.2836
3700.8374 0.2682
3701.6887 0.2521
3702.5425 0.2438
3703.3943 0.2462
3704.2483 0.2574
3705.1003 0.2724
3705.9548 0.2847
3706.8074 0.2891
3707.6599 0.2842
3708.5149 0.2707
3709.3682 0.2555
3710.2234 0.2496
3711.0771 0.2613
3711.9329 0.2861
3712.7866 0.3100
3713.6409 0.3267
3714.4973 0.3359
3715.3518 0.3386
3716.2085 0.3330
3717.0635 0.3168
3717.9204 0.2904
3718.7759 0.2597
3719.6313 0.2361
3720.4890 0.2327
3721.3450 0.2549
3722.2031 0.2910
3723.0593 0.3225
3723.9180 0.3410
3724.7747 0.3476
3725.6316 0.3494
3726.4905 0.3536
3727.3479 0.3585
3728.2073 0.3563
3729.0649 0.3440
3729.9250 0.3198
3730.7830 0.2847
3731.6414 0.2472
3732.5017 0.2244
3733.3604 0.2296
3734.2214 0.2529
3735.0803 0.2833
3735.9417 0.3159
3736.8013 0.3484
3737.6609 0.3738
3738.5227 0.3867
3739.3828 0.3896
3740.2451 0.3867
3741.1055 0.3812
3741.9683 0.3746
3742.8291 0.3652
3743.6899 0.3531
3744.5532 0.3403
3745.4148 0.3228
3746.2786 0.2945
3747.1404 0.2588
3748.0044 0.2344
3748.8667 0.2421
3749.7290 0.2750
3750.5938 0.3164
3751.4565 0.3534
3752.3215 0.3834
3753.1848 0.4067
3754.0503 0.4190
3754.9138 0.4187
3755.7798 0.4104
3756.6438 0.4025
3757.5081 0.4021
3758.3745 0.4087
3759.2390 0.4167
3760.1060 0.4244
3760.9709 0.4294
3761.8381 0.4288
3762.7036 0.4229
3763.5693 0.4125
3764.4370 0.3958
3765.3032 0.3741
3766.1714 0.3473
3767.0378 0.3142
3767.9065 0.2782
3768.7732 0.2563
3769.6401 0.2699
3770.5095 0.3087
3771.3770 0.3509
3772.2466 0.3794
3773.1145 0.3925
3773.9844 0.4034
3774.8528 0.4263
3775.7209 0.4528
3776.5918 0.4733
3777.4604 0.4859
3778.3315 0.4944
3779.2009 0.5008
3780.0723 0.5037
3780.9419 0.5037
3781.8118 0.5032
3782.6838 0.5031
3783.5540 0.5011
3784.4265 0.4953
3785.2971 0.4892
3786.1699 0.4855
3787.0410 0.4836
3787.9121 0.4818
3788.7856 0.4792
3789.6572 0.4748
3790.5310 0.4649
3791.4031 0.4472
3792.2773 0.4220
3793.1499 0.3902
3794.0225 0.3511
3794.8972 0.3058
3795.7703 0.2717
3796.6455 0.2716
3797.5190 0.3068
3798.3948 0.3595
3799.2686 0.4083
3800.1426 0.4438
3801.0188 0.4682
3801.8933 0.4843
3802.7700 0.4935
3803.6448 0.4974
3804.5220 0.5001
3805.3972 0.5073
3806.2727 0.5211
3807.1504 0.5364
3808.0261 0.5483
3808.9043 0.5538
3809.7805 0.5516
3810.6589 0.5423
3811.5356 0.5335
3812.4126 0.5294
3813.2917 0.5303
3814.1689 0.5363
3815.0483 0.5485
3815.9260 0.5602
3816.8059 0.5600
3817.6841 0.5492
3818.5623 0.5388
3819.4429 0.5383
3820.3215 0.5451
3821.2024 0.5454
3822.0815 0.5356
3822.9629 0.5244
3823.8423 0.5173
3824.7241 0.5132
3825.6040 0.5079
3826.4841 0.4989
3827.3665 0.4912
3828.2468 0.4832
3829.1296 0.4672
3830.0105 0.4375
3830.8938 0.3985
3831.7751 0.3556
3832.6565 0.3140
3833.5403 0.2969
3834.4224 0.3142
3835.3064 0.3539
3836.1887 0.3939
3837.0735 0.4279
3837.9561 0.4583
3838.8391 0.4866
3839.7244 0.5141
3840.6077 0.5396
3841.4932 0.5579
3842.3770 0.5680
3843.2629 0.5734
3844.1472 0.5794
3845.0315 0.5890
3845.9182 0.5996
3846.8030 0.6038
3847.6899 0.5984
3848.5752 0.5950
3849.4626 0.6015
3850.3481 0.6145
3851.2339 0.6255
3852.1221 0.6297
3853.0083 0.6257
3853.8967 0.6173
3854.7832 0.6118
3855.6721 0.6091
3856.5591 0.6049
3857.4463 0.6010
3858.3359 0.6075
3859.2234 0.6251
3860.1135 0.6424
3861.0015 0.6515
3861.8918 0.6520
3862.7803 0.6479
3863.6687 0.6456
3864.5598 0.6493
3865.4487 0.6541
3866.3401 0.6564
3867.2297 0.6560
3868.1213 0.6536
3869.0112 0.6463
3869.9014 0.6318
3870.7937 0.6201
3871.6841 0.6193
3872.5769 0.6277
3873.4678 0.6346
3874.3611 0.6317
3875.2524 0.6155
3876.1438 0.5976
3877.0376 0.5918
3877.9297 0.6007
3878.8237 0.6097
3879.7161 0.6069
3880.6108 0.5974
3881.5037 0.5830
3882.3965 0.5600
3883.2917 0.5242
3884.1851 0.4779
3885.0808 0.4291
3885.9746 0.3786
3886.8706 0.3454
3887.7649 0.3507
3888.6592 0.3978
3889.5559 0.4599
3890.4507 0.5092
3891.3479 0.5417
3892.2429 0.5623
3893.1406 0.5766
3894.0361 0.5890
3894.9341 0.6004
3895.8301 0.6077
3896.7263 0.6103
3897.6250 0.6134
3898.5215 0.6213
3899.4207 0.6338
3900.3176 0.6449
3901.2170 0.6508
3902.1145 0.6512
3903.0122 0.6464
3903.9121 0.6440
3904.8103 0.6534
3905.7107 0.6725
3906.6094 0.6877
3907.5100 0.6958
3908.4089 0.7007
3909.3081 0.7025
3910.2097 0.6989
3911.1091 0.6925
3912.0110 0.6917
3912.9111 0.6984
3913.8132 0.7037
3914.7136 0.7035
3915.6143 0.7004
3916.5171 0.6977
3917.4182 0.6952
3918.3215 0.6942
3919.2229 0.6946
3920.1267 0.6954
3921.0286 0.6976
3921.9307 0.7051
3922.8350 0.7144
3923.7373 0.7158
3924.6421 0.7067
3925.5452 0.6912
3926.4502 0.6743
3927.3535 0.6540
3928.2571 0.6179
3929.1628 0.5499
3930.0667 0.4458
3930.9731 0.3381
3931.8774 0.2846
3932.7839 0.3273
3933.6887 0.4407
3934.5938 0.5541
3935.5010 0.6347
3936.4062 0.6820
3937.3142 0.7075
3938.2200 0.7206
3939.1279 0.7259
3940.0342 0.7256
3940.9407 0.7209
3941.8494 0.7171
3942.7561 0.7199
3943.6653 0.7278
3944.5725 0.7322
3945.4822 0.7302
3946.3899 0.7266
3947.2979 0.7252
3948.2080 0.7263
3949.1162 0.7271
3950.0269 0.7253
3950.9355 0.7232
3951.8467 0.7223
3952.7559 0.7196
3953.6650 0.7115
3954.5769 0.7011
3955.4866 0.6972
3956.3987 0.6998
3957.3088 0.7002
3958.2214 0.6920
3959.1321 0.6760
3960.0449 0.6594
3960.9561 0.6480
3961.8672 0.6356
3962.7808 0.6090
3963.6924 0.5571
3964.6064 0.4757
3965.5186 0.3741
3966.4329 0.2854
3967.3455 0.2573
3968.2581 0.2964
3969.1731 0.3783
3970.0862 0.4677
3971.0017 0.5388
3971.9153 0.5871
3972.8313 0.6209
3973.7451 0.6443
3974.6592 0.6613
3975.5759 0.6763
3976.4905 0.6915
3977.4075 0.7049
3978.3225 0.7143
3979.2397 0.7197
3980.1553 0.7237
3981.0708 0.7290
3981.9888 0.7367
3982.9050 0.7440
3983.8232 0.7469
3984.7397 0.7493
3985.6587 0.7543
3986.5757 0.7606
3987.4927 0.7644
3988.4121 0.7666
3989.3298 0.7699
3990.2498 0.7740
3991.1677 0.7771
3992.0879 0.7775
3993.0063 0.7755
3993.9250 0.7740
3994.8459 0.7715
3995.7649 0.7685
3996.6863 0.7682
3997.6057 0.7729
3998.5276 0.7803
3999.4475 0.7876
4000.3674 0.7919
4001.2900 0.7894
4002.2104 0.7806
4003.1333 0.7720
4004.0544 0.7715
4004.9775 0.7801
4005.8989 0.7898
4006.8206 0.7960
4007.7446 0.7978
4008.6665 0.7960
4009.5908 0.7918
4010.5132 0.7887
4011.4380 0.7905
4012.3608 0.7947
4013.2839 0.7983
4014.2095 0.8002
4015.1328 0.8010
4016.0588 0.8039
4016.9827 0.8091
4017.9089 0.8128
4018.8333 0.8135
4019.7578 0.8123
4020.6848 0.8107
4021.6096 0.8083
4022.5371 0.8040
4023.4624 0.8018
4024.3901 0.8035
4025.3162 0.8069
4026.2422 0.8070
4027.1704 0.8006
4028.0969 0.7911
4029.0259 0.7865
4029.9526 0.7872
4030.8821 0.7881
4031.8093 0.7878
4032.7390 0.7911
4033.6667 0.7990
4034.5947 0.8075
4035.5251 0.8135
4036.4534 0.8169
4037.3843 0.8186
4038.3130 0.8192
4039.2441 0.8190
4040.1736 0.8177
4041.1030 0.8133
4042.0347 0.8031
4042.9646 0.7885
4043.8970 0.7794
4044.8271 0.7872
4045.7600 0.8016
4046.6907 0.8111
4047.6216 0.8125
4048.5549 0.8107
4049.4863 0.8092
4050.4202 0.8091
4051.3521 0.8085
4052.2861 0.8070
4053.2185 0.8056
4054.1509 0.8047
4055.0857 0.8023
4056.0186 0.8006
4056.9539 0.8033
4057.8872 0.8083
4058.8230 0.8090
4059.7566 0.8012
4060.6907 0.7870
4061.6270 0.7797
4062.5613 0.7848
4063.4983 0.7946
4064.4331 0.7980
4065.3701 0.7962
4066.3054 0.7975
4067.2410 0.8005
4068.1787 0.7976
4069.1147 0.7897
4070.0530 0.7858
4070.9893 0.7916
4071.9280 0.7984
4072.8647 0.7974
4073.8018 0.7882
4074.7412 0.7754
4075.6787 0.7669
4076.6184 0.7704
4077.5562 0.7828
4078.4966 0.7912
4079.4348 0.7929
4080.3733 0.7900
4081.3142 0.7853
4082.2532 0.7811
4083.1943 0.7792
4084.1338 0.7774
4085.0757 0.7743
4086.0154 0.7701
4086.9553 0.7658
4087.8977 0.7610
4088.8381 0.7551
4089.7810 0.7485
4090.7219 0.7403
4091.6653 0.7302
4092.6064 0.7178
4093.5481 0.7029
4094.4919 0.6844
4095.4338 0.6602
4096.3784 0.6277
4097.3208 0.5818
4098.2656 0.5208
4099.2085 0.4609
4100.1514 0.4440
4101.0967 0.4868
4102.0400 0.5543
4102.9863 0.6140
4103.9302 0.6550
4104.8765 0.6819
4105.8208 0.7026
4106.7676 0.7177
4107.7124 0.7279
4108.6572 0.7356
4109.6045 0.7439
4110.5503 0.7533
4111.4980 0.7623
4112.4438 0.7682
4113.3921 0.7710
4114.3384 0.7720
4115.2852 0.7715
4116.2339 0.7697
4117.1807 0.7701
4118.1304 0.7737
4119.0776 0.7777
4120.0273 0.7817
4120.9751 0.7869
4121.9233 0.7914
4122.8740 0.7937
4123.8223 0.7943
4124.7734 0.7932
4125.7222 0.7913
4126.6733 0.7904
4127.6230 0.7888
4128.5723 0.7816
4129.5244 0.7725
4130.4746 0.7707
4131.4268 0.7778
4132.3774 0.7876
4133.3301 0.7951
4134.2812 0.7989
4135.2324 0.8021
4136.1855 0.8060
4137.1372 0.8090
4138.0913 0.8092
4139.0435 0.8069
4139.9976 0.8010
4140.9502 0.7884
4141.9028 0.7812
4142.8579 0.7862
4143.8110 0.7976
4144.7666 0.8048
4145.7202 0.8056
4146.6758 0.8044
4147.6299 0.8051
4148.5840 0.8072
4149.5405 0.8076
4150.4951 0.8050
4151.4526 0.8002
4152.4072 0.7970
4153.3647 0.7976
4154.3203 0.8005
4155.2764 0.8032
4156.2344 0.8057
4157.1904 0.8083
4158.1489 0.8104
4159.1055 0.8106
4160.0649 0.8093
4161.0220 0.8085
4161.9790 0.8099
4162.9390 0.8135
4163.8965 0.8157
4164.8564 0.8150
4165.8149 0.8135
4166.7754 0.8133
4167.7339 0.8123
4168.6929 0.8063
4169.6538 0.7984
4170.6133 0.7951
4171.5752 0.7976
4172.5347 0.8011
4173.4971 0.8011
4174.4570 0.7985
4175.4175 0.7995
4176.3799 0.8037
4177.3408 0.8074
4178.3042 0.8071
4179.2651 0.8018
4180.2290 0.7985
4181.1909 0.8011
4182.1548 0.8039
4183.1172 0.8021
4184.0796 0.7953
4185.0444 0.7869
4186.0068 0.7855
4186.9722 0.7911
4187.9355 0.7953
4188.9014 0.7958
4189.8647 0.7972
4190.8286 0.8027
4191.7949 0.8055
4192.7593 0.8035
4193.7261 0.8004
4194.6909 0.7957
4195.6582 0.7875
4196.6235 0.7807
4197.5889 0.7831
4198.5571 0.7863
4199.5229 0.7857
4200.4912 0.7846
4201.4575 0.7879
4202.4263 0.7930
4203.3931 0.7981
4204.3599 0.8025
4205.3296 0.8053
4206.2969 0.8060
4207.2671 0.8050
4208.2349 0.8033
4209.2051 0.8029
4210.1738 0.8045
4211.1421 0.8031
4212.1133 0.7949
4213.0820 0.7827
4214.0537 0.7771
4215.0229 0.7829
4215.9951 0.7896
4216.9648 0.7920
4217.9351 0.7910
4218.9077 0.7900
4219.8784 0.7903
4220.8516 0.7903
4221.8223 0.7874
4222.7959 0.7765
4223.7676 0.7588
4224.7393 0.7466
4225.7134 0.7562
4226.6855 0.7804
4227.6602 0.7978
4228.6328 0.8024
4229.6079 0.7966
4230.5806 0.7860
4231.5542 0.7800
4232.5298 0.7826
4233.5034 0.7844
4234.4800 0.7851
4235.4541 0.7857
4236.4307 0.7858
4237.4053 0.7864
4238.3799 0.7888
4239.3574 0.7906
4240.3325 0.7902
4241.3105 0.7885
4242.2861 0.7864
4243.2642 0.7826
4244.2407 0.7748
4245.2168 0.7708
4246.1958 0.7702
4247.1729 0.7678
4248.1519 0.7631
4249.1294 0.7663
4250.1094 0.7786
4251.0869 0.7838
4252.0649 0.7829
4253.0454 0.7836
4254.0239 0.7893
4255.0049 0.7941
4255.9834 0.7934
4256.9648 0.7873
4257.9443 0.7808
4258.9263 0.7795
4259.9058 0.7848
4260.8857 0.7913
4261.8687 0.7959
4262.8491 0.7982
4263.8320 0.7975
4264.8130 0.7945
4265.7964 0.7913
4266.7778 0.7879
4267.7593 0.7803
4268.7432 0.7671
4269.7256 0.7609
4270.7100 0.7662
4271.6924 0.7746
4272.6772 0.7781
4273.6606 0.7822
4274.6436 0.7889
4275.6294 0.7944
4276.6128 0.7950
4277.5991 0.7903
4278.5830 0.7830
4279.5698 0.7745
4280.5542 0.7696
4281.5391 0.7711
4282.5264 0.7760
4283.5117 0.7786
4284.4990 0.7768
4285.4849 0.7695
4286.4731 0.7551
4287.4590 0.7437
4288.4453 0.7445
4289.4346 0.7563
4290.4214 0.7640
4291.4106 0.7614
4292.3979 0.7608
4293.3877 0.7657
4294.3755 0.7702
4295.3633 0.7655
4296.3535 0.7490
4297.3423 0.7321
4298.3330 0.7291
4299.3218 0.7329
4300.3135 0.7388
4301.3027 0.7484
4302.2920 0.7581
4303.2842 0.7597
4304.2744 0.7515
4305.2666 0.7399
4306.2573 0.7352
4307.2500 0.7430
4308.2412 0.7532
4309.2319 0.7555
4310.2261 0.7507
4311.2173 0.7437
4312.2114 0.7409
4313.2036 0.7465
4314.1982 0.7564
4315.1904 0.7588
4316.1836 0.7550
4317.1787 0.7518
4318.1719 0.7515
4319.1675 0.7522
4320.1611 0.7528
4321.1572 0.7484
4322.1514 0.7377
4323.1460 0.7283
4324.1426 0.7264
4325.1377 0.7310
4326.1348 0.7334
4327.1299 0.7302
4328.1279 0.7277
4329.1235 0.7247
4330.1196 0.7181
4331.1182 0.7072
4332.1143 0.6933
4333.1133 0.6749
4334.1104 0.6505
4335.1099 0.6160
4336.1069 0.5663
4337.1069 0.5045
4338.1045 0.4565
4339.1025 0.4673
4340.1030 0.5263
4341.1016 0.5894
4342.1025 0.6330
4343.1016 0.6608
4344.1030 0.6805
4345.1025 0.6969
4346.1021 0.7095
4347.1040 0.7167
4348.1040 0.7175
4349.1069 0.7141
4350.1074 0.7140
4351.1104 0.7236
4352.1113 0.7349
4353.1128 0.7427
4354.1167 0.7475
4355.1182 0.7508
4356.1226 0.7519
4357.1245 0.7541
4358.1294 0.7578
4359.1318 0.7607
4360.1348 0.7623
4361.1401 0.7636
4362.1436 0.7646
4363.1494 0.7657
4364.1528 0.7657
4365.1592 0.7648
4366.1636 0.7643
4367.1680 0.7651
4368.1753 0.7657
4369.1802 0.7665
4370.1875 0.7677
4371.1929 0.7657
4372.2007 0.7596
4373.2065 0.7536
4374.2129 0.7535
4375.2212 0.7599
4376.2280 0.7672
4377.2368 0.7717
4378.2441 0.7721
4379.2534 0.7677
4380.2612 0.7575
4381.2686 0.7465
4382.2793 0.7491
4383.2871 0.7611
4384.2979 0.7723
4385.3066 0.7770
4386.3179 0.7774
4387.3267 0.7764
4388.3359 0.7743
4389.3481 0.7732
4390.3579 0.7721
4391.3701 0.7667
4392.3804 0.7572
4393.3936 0.7547
4394.4043 0.7636
4395.4150 0.7725
4396.4287 0.7730
4397.4399 0.7677
4398.4541 0.7644
4399.4658 0.7672
4400.4805 0.7685
4401.4927 0.7635
4402.5054 0.7578
4403.5205 0.7602
4404.5337 0.7674
4405.5493 0.7704
4406.5625 0.7717
4407.5786 0.7734
4408.5928 0.7752
4409.6069 0.7759
4410.6240 0.7743
4411.6387 0.7670
4412.6558 0.7562
4413.6709 0.7507
4414.6885 0.7532
4415.7041 0.7597
4416.7227 0.7668
4417.7388 0.7708
4418.7549 0.7719
4419.7739 0.7706
4420.7905 0.7677
4421.8101 0.7645
4422.8271 0.7622
4423.8472 0.7600
4424.8647 0.7586
4425.8828 0.7595
4426.9033 0.7625
4427.9219 0.7659
4428.9429 0.7693
4429.9619 0.7705
4430.9834 0.7663
4432.0024 0.7587
4433.0220 0.7541
4434.0444 0.7577
4435.0645 0.7657
4436.0874 0.7709
4437.1079 0.7741
4438.1309 0.7735
4439.1519 0.7668
4440.1733 0.7550
4441.1968 0.7451
4442.2188 0.7468
4443.2432 0.7556
4444.2651 0.7621
4445.2900 0.7636
4446.3125 0.7631
4447.3354 0.7608
4448.3613 0.7609
4449.3843 0.7636
4450.4106 0.7636
4451.4341 0.7585
4452.4609 0.7524
4453.4849 0.7522
4454.5098 0.7576
4455.5366 0.7591
4456.5615 0.7569
4457.5894 0.7553
4458.6147 0.7559
4459.6431 0.7570
4460.6689 0.7590
4461.6953 0.7597
4462.7241 0.7579
4463.7505 0.7543
4464.7798 0.7497
4465.8071 0.7450
4466.8369 0.7454
4467.8643 0.7522
4468.8921 0.7591
4469.9229 0.7626
4470.9512 0.7642
4471.9819 0.7637
4473.0107 0.7588
4474.0425 0.7552
4475.0718 0.7569
4476.1011 0.7609
4477.1333 0.7608
4478.1631 0.7551
4479.1958 0.7472
4480.2266 0.7470
4481.2593 0.7526
4482.2905 0.7583
4483.3213 0.7614
4484.3555 0.7613
4485.3872 0.7591
4486.4214 0.7585
4487.4536 0.7581
4488.4883 0.7571
4489.5210 0.7568
4490.5537 0.7576
4491.5889 0.7571
4492.6226 0.7564
4493.6582 0.7566
4494.6919 0.7588
4495.7285 0.7622
4496.7627 0.7635
4497.7998 0.7586
4498.8345 0.7519
4499.8696 0.7518
4500.9072 0.7576
4501.9424 0.7612
4502.9805 0.7602
4504.0166 0.7601
4505.0552 0.7599
4506.0913 0.7591
4507.1279 0.7582
4508.1675 0.7576
4509.2046 0.7574
4510.2446 0.7580
4511.2822 0.7587
4512.3223 0.7587
4513.3604 0.7578
4514.3984 0.7565
4515.4395 0.7547
4516.4785 0.7562
4517.5200 0.7580
4518.5591 0.7564
4519.6011 0.7523
4520.6406 0.7497
4521.6807 0.7501
4522.7236 0.7516
4523.7642 0.7522
4524.8071 0.7498
4525.8481 0.7455
4526.8916 0.7431
4527.9331 0.7454
4528.9746 0.7474
4530.0190 0.7420
4531.0610 0.7336
4532.1060 0.7303
4533.1489 0.7355
4534.1938 0.7442
4535.2373 0.7504
4536.2803 0.7536
4537.3267 0.7537
4538.3701 0.7523
4539.4170 0.7521
4540.4609 0.7532
4541.5083 0.7527
4542.5527 0.7515
4543.5981 0.7506
4544.6455 0.7480
4545.6909 0.7408
4546.7393 0.7309
4547.7852 0.7306
4548.8340 0.7391
4549.8804 0.7438
4550.9272 0.7403
4551.9766 0.7354
4553.0239 0.7346
4554.0737 0.7346
4555.1216 0.7315
4556.1719 0.7318
4557.2197 0.7378
4558.2686 0.7440
4559.3193 0.7446
4560.3682 0.7397
4561.4199 0.7366
4562.4692 0.7382
4563.5215 0.7423
4564.5713 0.7454
4565.6211 0.7468
4566.6743 0.7459
4567.7246 0.7423
4568.7778 0.7381
4569.8291 0.7370
4570.8828 0.7410
4571.9341 0.7451
4572.9888 0.7452
4574.0405 0.7435
4575.0928 0.7415
4576.1479 0.7398
4577.2007 0.7388
4578.2559 0.7384
4579.3091 0.7377
4580.3652 0.7357
4581.4189 0.7341
4582.4731 0.7346
4583.5298 0.7376
4584.5840 0.7414
4585.6411 0.7422
4586.6963 0.7397
4587.7539 0.7367
4588.8091 0.7354
4589.8647 0.7361
4590.9233 0.7390
4591.9795 0.7415
4593.0386 0.7418
4594.0952 0.7416
4595.1543 0.7421
4596.2114 0.7419
4597.2690 0.7394
4598.3291 0.7367
4599.3867 0.7357
4600.4473 0.7361
4601.5059 0.7370
4602.5669 0.7380
4603.6255 0.7383
4604.6846 0.7390
4605.7466 0.7390
4606.8062 0.7381
4607.8687 0.7373
4608.9287 0.7382
4609.9912 0.7389
4611.0518 0.7369
4612.1128 0.7348
4613.1763 0.7338
4614.2373 0.7337
4615.3013 0.7336
4616.3633 0.7337
4617.4277 0.7347
4618.4897 0.7366
4619.5522 0.7384
4620.6177 0.7399
4621.6807 0.7414
4622.7466 0.7403
4623.8096 0.7374
4624.8760 0.7365
4625.9399 0.7359
4627.0044 0.7340
4628.0713 0.7321
4629.1357 0.7326
4630.2031 0.7340
4631.2686 0.7344
4632.3364 0.7333
4633.4023 0.7311
4634.4678 0.7287
4635.5366 0.7293
4636.6030 0.7328
4637.6724 0.7363
4638.7393 0.7372
4639.8091 0.7358
4640.8765 0.7350
4641.9438 0.7356
4643.0142 0.7340
4644.0825 0.7318
4645.1533 0.7321
4646.2222 0.7341
4647.2935 0.7341
4648.3623 0.7335
4649.4316 0.7339
4650.5039 0.7320
4651.5737 0.7291
4652.6465 0.7272
4653.7168 0.7269
4654.7900 0.7284
4655.8608 0.7297
4656.9346 0.7303
4658.0059 0.7313
4659.0771 0.7329
4660.1519 0.7344
4661.2236 0.7350
4662.2983 0.7331
4663.3711 0.7291
4664.4463 0.7259
4665.5195 0.7255
4666.5928 0.7275
4667.6689 0.7294
4668.7427 0.7286
4669.8193 0.7273
4670.8936 0.7266
4671.9707 0.7267
4673.0454 0.7275
4674.1206 0.7289
4675.1982 0.7291
4676.2739 0.7275
4677.3521 0.7263
4678.4282 0.7271
4679.5073 0.7294
4680.5835 0.7311
4681.6602 0.7292
4682.7397 0.7273
4683.8174 0.7279
4684.8975 0.7300
4685.9751 0.7304
4687.0557 0.7285
4688.1338 0.7268
4689.2124 0.7260
4690.2935 0.7263
4691.3726 0.7274
4692.4546 0.7281
4693.5342 0.7269
4694.6162 0.7242
4695.6963 0.7226
4696.7764 0.7241
4697.8594 0.7270
4698.9404 0.7266
4700.0239 0.7211
4701.1050 0.7166
4702.1890 0.7181
4703.2710 0.7196
4704.3530 0.7177
4705.4375 0.7159
4706.5200 0.7176
4707.6055 0.7201
4708.6885 0.7228
4709.7744 0.7245
4710.8579 0.7234
4711.9414 0.7199
4713.0283 0.7174
4714.1123 0.7179
4715.1992 0.7191
4716.2842 0.7190
4717.3716 0.7173
4718.4570 0.7149
4719.5425 0.7134
4720.6309 0.7147
4721.7168 0.7163
4722.8057 0.7153
4723.8921 0.7120
4724.9814 0.7095
4726.0684 0.7101
4727.1553 0.7094
4728.2456 0.7098
4729.3335 0.7117
4730.4238 0.7133
4731.5122 0.7123
4732.6030 0.7112
4733.6919 0.7100
4734.7808 0.7097
4735.8726 0.7085
4736.9624 0.7066
4738.0547 0.7065
4739.1445 0.7090
4740.2373 0.7111
4741.3276 0.7119
4742.4214 0.7123
4743.5122 0.7127
4744.6035 0.7125
4745.6973 0.7120
4746.7891 0.7118
4747.8838 0.7112
4748.9761 0.7103
4750.0713 0.7093
4751.1641 0.7083
4752.2568 0.7074
4753.3525 0.7073
4754.4463 0.7076
4755.5425 0.7077
4756.6367 0.7071
4757.7334 0.7058
4758.8281 0.7042
4759.9229 0.7027
4761.0205 0.7013
4762.1157 0.7003
4763.2139 0.6998
4764.3096 0.6999
4765.4082 0.7003
4766.5044 0.7007
4767.6011 0.7016
4768.7002 0.7023
4769.7974 0.7020
4770.8975 0.7013
4771.9951 0.7009
4773.0952 0.7000
4774.1934 0.6990
4775.2915 0.6977
4776.3926 0.6964
4777.4917 0.6966
4778.5933 0.6981
4779.6924 0.6977
4780.7949 0.6962
4781.8945 0.6945
4782.9946 0.6934
4784.0977 0.6931
4785.1982 0.6927
4786.3018 0.6921
4787.4028 0.6923
4788.5068 0.6922
4789.6084 0.6907
4790.7100 0.6884
4791.8149 0.6879
4792.9170 0.6883
4794.0225 0.6869
4795.1255 0.6848
4796.2310 0.6834
4797.3345 0.6831
4798.4380 0.6844
4799.5444 0.6858
4800.6489 0.6830
4801.7559 0.6783
4802.8604 0.6760
4803.9678 0.6771
4805.0732 0.6785
4806.1782 0.6792
4807.2866 0.6793
4808.3926 0.6793
4809.5015 0.6798
4810.6079 0.6805
4811.7173 0.6799
4812.8242 0.6793
4813.9312 0.6783
4815.0415 0.6766
4816.1489 0.6750
4817.2598 0.6746
4818.3677 0.6745
4819.4790 0.6730
4820.5879 0.6704
4821.6968 0.6693
4822.8086 0.6702
4823.9180 0.6706
4825.0303 0.6695
4826.1401 0.6683
4827.2534 0.6685
4828.3638 0.6685
4829.4771 0.6670
4830.5884 0.6649
4831.6992 0.6642
4832.8135 0.6640
4833.9253 0.6631
4835.0400 0.6626
4836.1523 0.6623
4837.2676 0.6605
4838.3804 0.6573
4839.4937 0.6549
4840.6094 0.6545
4841.7231 0.6533
4842.8394 0.6500
4843.9536 0.6464
4845.0708 0.6429
4846.1851 0.6398
4847.3003 0.6381
4848.4180 0.6352
4849.5332 0.6297
4850.6514 0.6226
4851.7676 0.6134
4852.8862 0.6026
4854.0024 0.5906
4855.1191 0.5718
4856.2388 0.5381
4857.3560 0.4870
4858.4761 0.4373
4859.5938 0.4406
4860.7144 0.4895
4861.8325 0.5415
4862.9512 0.5739
4864.0723 0.5932
4865.1914 0.6054
4866.3135 0.6141
4867.4326 0.6171
4868.5552 0.6171
4869.6753 0.6201
4870.7954 0.6286
4871.9189 0.6365
4873.0396 0.6392
4874.1631 0.6391
4875.2847 0.6383
4876.4087 0.6390
4877.5308 0.6423
4878.6528 0.6467
4879.7778 0.6510
4880.9004 0.6531
4882.0259 0.6523
4883.1489 0.6506
4884.2749 0.6502
4885.3984 0.6503
4886.5225 0.6494
4887.6494 0.6445
4888.7734 0.6410
4889.9009 0.6439
4891.0259 0.6517
4892.1538 0.6565
4893.2793 0.6570
4894.4048 0.6560
4895.5337 0.6543
4896.6597 0.6530
4897.7891 0.6531
4898.9155 0.6544
4900.0454 0.6546
4901.1724 0.6537
4902.2998 0.6540
4903.4307 0.6557
4904.5586 0.6573
4905.6895 0.6577
4906.8179 0.6570
4907.9497 0.6567
4909.0786 0.6575
4910.2080 0.6582
4911.3403 0.6579
4912.4702 0.6578
4913.6030 0.6556
4914.7334 0.6512
4915.8667 0.6467
4916.9976 0.6434
4918.1313 0.6428
4919.2627 0.6474
4920.3945 0.6492
4921.5288 0.6480
4922.6611 0.6496
4923.7964 0.6546
4924.9292 0.6580
4926.0649 0.6592
4927.1978 0.6586
4928.3315 0.6575
4929.4678 0.6547
4930.6021 0.6504
4931.7388 0.6478
4932.8735 0.6498
4934.0107 0.6530
4935.1460 0.6530
4936.2812 0.6511
4937.4194 0.6494
4938.5557 0.6486
4939.6943 0.6495
4940.8306 0.6531
4941.9702 0.6561
4943.1069 0.6568
4944.2441 0.6560
4945.3843 0.6553
4946.5220 0.6545
4947.6626 0.6550
4948.8008 0.6551
4949.9419 0.6545
4951.0806 0.6539
4952.2197 0.6530
4953.3618 0.6476
4954.5010 0.6375
4955.6436 0.6371
4956.7837 0.6452
4957.9268 0.6531
4959.0674 0.6554
4960.2080 0.6546
4961.3521 0.6539
4962.4932 0.6524
4963.6377 0.6498
4964.7793 0.6477
4965.9243 0.6482
4967.0669 0.6505
4968.2095 0.6515
4969.3550 0.6509
4970.4980 0.6498
4971.6445 0.6491
4972.7881 0.6483
4973.9351 0.6473
4975.0791 0.6473
4976.2236 0.6475
4977.3711 0.6465
4978.5161 0.6444
4979.6641 0.6428
4980.8096 0.6431
4981.9585 0.6450
4983.1045 0.6474
4984.2510 0.6487
4985.4004 0.6480
4986.5469 0.6460
4987.6968 0.6449
4988.8442 0.6445
4989.9946 0.6458
4991.1426 0.6472
4992.2910 0.6482
4993.4419 0.6495
4994.5908 0.6505
4995.7427 0.6487
4996.8921 0.6472
4998.0439 0.6466
4999.1938 0.6455
5000.3438 0.6432
5001.4971 0.6425
5002.6475 0.6417
5003.8013 0.6392
5004.9521 0.6384
5006.1064 0.6403
5007.2583 0.6411
5008.4126 0.6395
5009.5649 0.6382
5010.7173 0.6390
5011.8730 0.6401
5013.0259 0.6399
5014.1816 0.6377
5015.3354 0.6332
5016.4917 0.6319
5017.6460 0.6352
5018.8003 0.6389
5019.9575 0.6403
5021.1123 0.6406
5022.2700 0.6414
5023.4258 0.6407
5024.5840 0.6380
5025.7397 0.6364
5026.8960 0.6376
5028.0552 0.6393
5029.2119 0.6397
5030.3716 0.6412
5031.5288 0.6415
5032.6890 0.6406
5033.8472 0.6390
5035.0049 0.6370
5036.1660 0.6347
5037.3247 0.6319
5038.4863 0.6300
5039.6455 0.6312
5040.8076 0.6342
5041.9668 0.6349
5043.1270 0.6340
5044.2900 0.6350
5045.4502 0.6359
5046.6138 0.6347
5047.7749 0.6326
5048.9390 0.6322
5050.1001 0.6332
5051.2622 0.6340
5052.4268 0.6351
5053.5894 0.6367
5054.7544 0.6379
5055.9175 0.6372
5057.0830 0.6361
5058.2466 0.6352
5059.4102 0.6341
5060.5771 0.6329
5061.7412 0.6322
5062.9082 0.6323
5064.0732 0.6335
5065.2407 0.6336
5066.4062 0.6331
5067.5718 0.6331
5068.7402 0.6344
5069.9062 0.6364
5071.0752 0.6369
5072.2417 0.6341
5073.4116 0.6326
5074.5786 0.6323
5075.7461 0.6310
5076.9165 0.6285
5078.0845 0.6279
5079.2554 0.6277
5080.4238 0.6274
5081.5957 0.6280
5082.7646 0.6293
5083.9336 0.6304
5085.1060 0.6309
5086.2759 0.6312
5087.4487 0.6317
5088.6191 0.6323
5089.7925 0.6325
5090.9634 0.6321
5092.1348 0.6318
5093.3091 0.6305
5094.4805 0.6286
5095.6553 0.6273
5096.8276 0.6272
5098.0029 0.6279
5099.1758 0.6291
5100.3516 0.6308
5101.5249 0.6304
5102.6987 0.6285
5103.8750 0.6261
5105.0493 0.6240
5106.2266 0.6241
5107.4014 0.6254
5108.5791 0.6273
5109.7544 0.6289
5110.9297 0.6291
5112.1084 0.6277
5113.2842 0.6249
5114.4634 0.6230
5115.6401 0.6231
5116.8198 0.6232
5117.9966 0.6234
5119.1743 0.6252
5120.3545 0.6260
5121.5327 0.6245
5122.7134 0.6232
5123.8921 0.6223
5125.0737 0.6214
5126.2524 0.6206
5127.4321 0.6204
5128.6143 0.6214
5129.7939 0.6211
5130.9771 0.6206
5132.1572 0.6211
5133.3408 0.6212
5134.5220 0.6196
5135.7031 0.6176
5136.8872 0.6174
5138.0688 0.6190
5139.2539 0.6199
5140.4360 0.6177
5141.6216 0.6161
5142.8042 0.6170
5143.9873 0.6192
5145.1738 0.6209
5146.3574 0.6215
5147.5439 0.6215
5148.7280 0.6222
5149.9155 0.6209
5151.1001 0.6176
5152.2852 0.6157
5153.4731 0.6170
5154.6587 0.6194
5155.8477 0.6194
5157.0337 0.6180
5158.2227 0.6163
5159.4097 0.6149
5160.5962 0.6140
5161.7861 0.6124
5162.9736 0.6064
5164.1646 0.5923
5165.3525 0.5855
5166.5435 0.5909
5167.7319 0.5986
5168.9209 0.5948
5170.1128 0.5865
5171.3022 0.5970
5172.4946 0.6093
5173.6846 0.6144
5174.8779 0.6143
5176.0684 0.6135
5177.2588 0.6113
5178.4526 0.6091
5179.6440 0.5985
5180.8384 0.5889
5182.0303 0.5918
5183.2251 0.6037
5184.4175 0.6071
5185.6104 0.6042
5186.8062 0.6045
5187.9995 0.6054
5189.1958 0.6039
5190.3896 0.6033
5191.5864 0.6050
5192.7808 0.6064
5193.9780 0.6080
5195.1729 0.6097
5196.3682 0.6106
5197.5664 0.6098
5198.7622 0.6068
5199.9609 0.6046
5201.1572 0.6014
5202.3564 0.5983
5203.5532 0.5972
5204.7505 0.5976
5205.9507 0.5972
5207.1484 0.5994
5208.3491 0.6024
5209.5474 0.6046
5210.7485 0.6050
5211.9473 0.6035
5213.1460 0.6021
5214.3481 0.6030
5215.5479 0.6057
5216.7505 0.6086
5217.9507 0.6098
5219.1538 0.6085
5220.3545 0.6056
5221.5557 0.6045
5222.7598 0.5984
5223.9609 0.5913
5225.1655 0.5906
5226.3677 0.5971
5227.5728 0.6012
5228.7754 0.6008
5229.9785 0.5962
5231.1846 0.5939
5232.3877 0.5965
5233.5942 0.5999
5234.7983 0.6008
5236.0054 0.6009
5237.2100 0.6013
5238.4150 0.6013
5239.6230 0.6013
5240.8281 0.6020
5242.0366 0.6013
5243.2427 0.5993
5244.4517 0.5981
5245.6582 0.5981
5246.8652 0.5980
5248.0747 0.5973
5249.2822 0.5970
5250.4927 0.5972
5251.7007 0.5972
5252.9116 0.5982
5254.1201 0.6003
5255.3286 0.6015
5256.5405 0.6011
5257.7500 0.5984
5258.9624 0.5963
5260.1724 0.5949
5261.3853 0.5925
5262.5957 0.5887
5263.8062 0.5868
5265.0200 0.5866
5266.2310 0.5784
5267.4458 0.5735
5268.6572 0.5807
5269.8721 0.5910
5271.0845 0.5927
5272.2974 0.5909
5273.5132 0.5912
5274.7261 0.5926
5275.9424 0.5925
5277.1562 0.5915
5278.3730 0.5915
5279.5874 0.5907
5280.8047 0.5910
5282.0195 0.5931
5283.2349 0.5952
5284.4531 0.5949
5285.6689 0.5937
5286.8877 0.5923
5288.1040 0.5932
5289.3232 0.5936
5290.5400 0.5919
5291.7573 0.5906
5292.9775 0.5909
5294.1953 0.5910
5295.4160 0.5911
5296.6343 0.5910
5297.8555 0.5906
5299.0742 0.5899
5300.2935 0.5895
5301.5156 0.5887
5302.7354 0.5887
5303.9580 0.5894
5305.1782 0.5888
5306.4014 0.5864
5307.6221 0.5853
5308.8433 0.5879
5310.0674 0.5887
5311.2891 0.5868
5312.5137 0.5839
5313.7358 0.5820
5314.9614 0.5843
5316.1841 0.5866
5317.4072 0.5867
5318.6333 0.5858
5319.8569 0.5841
5321.0835 0.5814
5322.3076 0.5813
5323.5347 0.5810
5324.7598 0.5763
5325.9844 0.5747
5327.2129 0.5795
5328.4380 0.5835
5329.6670 0.5842
5330.8931 0.5855
5332.1221 0.5863
5333.3491 0.5862
5334.5757 0.5856
5335.8062 0.5851
5337.0337 0.5842
5338.2642 0.5843
5339.4922 0.5863
5340.7236 0.5866
5341.9521 0.5837
5343.1812 0.5811
5344.4131 0.5800
5345.6426 0.5790
5346.8755 0.5794
5348.1055 0.5808
5349.3389 0.5823
5350.5693 0.5836
5351.8003 0.5844
5353.0342 0.5842
5354.2656 0.5830
5355.5005 0.5824
5356.7324 0.5837
5357.9678 0.5854
5359.2002 0.5839
5360.4331 0.5819
5361.6694 0.5809
5362.9028 0.5805
5364.1392 0.5800
5365.3735 0.5796
5366.6108 0.5789
5367.8452 0.5736
5369.0801 0.5719
5370.3184 0.5757
5371.5537 0.5809
5372.7925 0.5827
5374.0283 0.5820
5375.2676 0.5809
5376.5039 0.5810
5377.7441 0.5817
5378.9810 0.5816
5380.2183 0.5801
5381.4590 0.5786
5382.6973 0.5809
5383.9385 0.5818
5385.1768 0.5812
5386.4189 0.5809
5387.6577 0.5809
5388.8975 0.5803
5390.1401 0.5806
5391.3799 0.5819
5392.6230 0.5804
5393.8638 0.5761
5395.1074 0.5750
5396.3486 0.5782
5397.5903 0.5790
5398.8350 0.5785
5400.0767 0.5765
5401.3223 0.5731
5402.5645 0.5706
5403.8105 0.5725
5405.0537 0.5768
5406.2969 0.5769
5407.5439 0.5742
5408.7876 0.5733
5410.0352 0.5754
5411.2798 0.5756
5412.5273 0.5751
5413.7725 0.5758
5415.0181 0.5769
5416.2666 0.5779
5417.5127 0.5787
5418.7617 0.5794
5420.0083 0.5779
5421.2583 0.5745
5422.5054 0.5735
5423.7529 0.5754
5425.0034 0.5751
5426.2515 0.5706
5427.5029 0.5699
5428.7515 0.5731
5430.0034 0.5731
5431.2524 0.5688
5432.5020 0.5678
5433.7549 0.5711
5435.0049 0.5720
5436.2578 0.5731
5437.5088 0.5747
5438.7627 0.5751
5440.0137 0.5739
5441.2651 0.5733
5442.5200 0.5705
5443.7720 0.5682
5445.0273 0.5702
5446.2798 0.5750
5447.5356 0.5766
5448.7891 0.5743
5450.0425 0.5726
5451.2993 0.5698
5452.5532 0.5668
5453.8105 0.5670
5455.0654 0.5717
5456.3232 0.5739
5457.5786 0.5740
5458.8340 0.5700
5460.0928 0.5620
5461.3486 0.5569
5462.6084 0.5623
5463.8647 0.5678
5465.1250 0.5694
5466.3823 0.5696
5467.6396 0.5699
5468.9004 0.5702
5470.1587 0.5703
5471.4199 0.5700
5472.6787 0.5687
5473.9404 0.5678
5475.1997 0.5683
5476.4624 0.5694
5477.7222 0.5699
5478.9824 0.5701
5480.2461 0.5696
5481.5068 0.5700
5482.7705 0.5704
5484.0322 0.5697
5485.2964 0.5682
5486.5586 0.5681
5487.8208 0.5687
5489.0859 0.5690
5490.3491 0.5687
5491.6147 0.5684
5492.8784 0.5685
5494.1450 0.5681
5495.4087 0.5683
5496.6729 0.5685
5497.9404 0.5683
5499.2056 0.5680
5500.4736 0.5677
5501.7388 0.5673
5503.0073 0.5665
5504.2734 0.5671
5505.5396 0.5688
5506.8096 0.5695
5508.0762 0.5684
5509.3462 0.5678
5510.6138 0.5681
5511.8843 0.5687
5513.1523 0.5688
5514.4209 0.5681
5515.6924 0.5673
5516.9614 0.5669
5518.2334 0.5674
5519.5029 0.5678
5520.7759 0.5677
5522.0459 0.5669
5523.3159 0.5644
5524.5898 0.5602
5525.8608 0.5598
5527.1348 0.5639
5528.4062 0.5674
5529.6812 0.5675
5530.9536 0.5659
5532.2256 0.5640
5533.5015 0.5636
5534.7744 0.5641
5536.0508 0.5646
5537.3242 0.5648
5538.6011 0.5646
5539.8755 0.5639
5541.1499 0.5628
5542.4277 0.5621
5543.7026 0.5619
5544.9810 0.5620
5546.2568 0.5621
5547.5356 0.5626
5548.8115 0.5625
5550.0884 0.5611
5551.3682 0.5600
5552.6450 0.5604
5553.9258 0.5613
5555.2031 0.5610
5556.4844 0.5605
5557.7627 0.5606
5559.0410 0.5609
5560.3232 0.5604
5561.6021 0.5591
5562.8848 0.5587
5564.1646 0.5589
5565.4473 0.5580
5566.7280 0.5570
5568.0083 0.5568
5569.2925 0.5563
5570.5737 0.5559
5571.8579 0.5565
5573.1401 0.5564
5574.4253 0.5564
5575.7075 0.5566
5576.9932 0.5554
5578.2764 0.5540
5579.5596 0.5541
5580.8462 0.5556
5582.1299 0.5557
5583.4170 0.5532
5584.7017 0.5502
5585.9893 0.5496
5587.2744 0.5518
5588.5601 0.5533
5589.8486 0.5523
5591.1348 0.5504
5592.4238 0.5503
5593.7104 0.5521
5595.0005 0.5520
5596.2876 0.5511
5597.5747 0.5502
5598.8657 0.5493
5600.1538 0.5494
5601.4448 0.5512
5602.7334 0.5528
5604.0254 0.5534
5605.3149 0.5534
5606.6045 0.5532
5607.8970 0.5529
5609.1870 0.5523
5610.4805 0.5512
5611.7715 0.5487
5613.0654 0.5474
5614.3569 0.5487
5615.6484 0.5502
5616.9434 0.5501
5618.2354 0.5501
5619.5308 0.5500
5620.8237 0.5493
5622.1201 0.5485
5623.4131 0.5490
5624.7070 0.5493
5626.0039 0.5482
5627.2983 0.5476
5628.5957 0.5479
5629.8906 0.5482
5631.1890 0.5481
5632.4844 0.5485
5633.7803 0.5484
5635.0791 0.5472
5636.3755 0.5459
5637.6753 0.5455
5638.9722 0.5459
5640.2725 0.5464
5641.5703 0.5466
5642.8682 0.5458
5644.1694 0.5450
5645.4678 0.5451
5646.7695 0.5456
5648.0684 0.5454
5649.3711 0.5452
5650.6704 0.5444
5651.9707 0.5437
5653.2739 0.5439
5654.5742 0.5446
5655.8784 0.5449
5657.1797 0.5455
5658.4839 0.5455
5659.7856 0.5453
5661.0879 0.5451
5662.3931 0.5447
5663.6958 0.5447
5665.0020 0.5440
5666.3052 0.5436
5667.6118 0.5434
5668.9155 0.5429
5670.2197 0.5425
5671.5273 0.5427
5672.8320 0.5425
5674.1401 0.5428
5675.4453 0.5431
5676.7539 0.5430
5678.0601 0.5429
5679.3696 0.5421
5680.6758 0.5410
5681.9829 0.5411
5683.2930 0.5417
5684.6006 0.5418
5685.9111 0.5413
5687.2192 0.5412
5688.5308 0.5412
5689.8394 0.5410
5691.1484 0.5406
5692.4609 0.5402
5693.7705 0.5401
5695.0835 0.5403
5696.3936 0.5392
5697.7070 0.5382
5699.0176 0.5380
5700.3286 0.5381
5701.6431 0.5379
5702.9551 0.5374
5704.2700 0.5375
5705.5825 0.5372
5706.8979 0.5364
5708.2109 0.5359
5709.5239 0.5360
5710.8408 0.5358
5712.1543 0.5352
5713.4717 0.5356
5714.7861 0.5363
5716.1040 0.5361
5717.4189 0.5353
5718.7339 0.5345
5720.0527 0.5345
5721.3687 0.5347
5722.6880 0.5348
5724.0044 0.5347
5725.3242 0.5347
5726.6416 0.5355
5727.9590 0.5356
5729.2798 0.5348
5730.5977 0.5340
5731.9194 0.5334
5733.2378 0.5327
5734.5601 0.5328
5735.8794 0.5330
5737.1987 0.5330
5738.5215 0.5331
5739.8418 0.5332
5741.1655 0.5327
5742.4863 0.5322
5743.8105 0.5320
5745.1318 0.5316
5746.4536 0.5319
5747.7783 0.5331
5749.1006 0.5335
5750.4268 0.5320
5751.7495 0.5305
5753.0757 0.5302
5754.3994 0.5300
5755.7231 0.5294
5757.0503 0.5292
5758.3745 0.5301
5759.7026 0.5304
5761.0273 0.5302
5762.3560 0.5303
5763.6816 0.5303
5765.0078 0.5300
5766.3369 0.5310
5767.6636 0.5331
5768.9937 0.5325
5770.3208 0.5302
5771.6514 0.5286
5772.9790 0.5284
5774.3071 0.5293
5775.6387 0.5299
5776.9673 0.5302
5778.2993 0.5301
5779.6289 0.5300
5780.9614 0.5305
5782.2915 0.5303
5783.6250 0.5292
5784.9556 0.5291
5786.2861 0.5298
5787.6206 0.5302
5788.9521 0.5298
5790.2871 0.5283
5791.6191 0.5279
5792.9546 0.5286
5794.2871 0.5290
5795.6201 0.5288
5796.9565 0.5285
5798.2900 0.5285
5799.6274 0.5292
5800.9614 0.5299
5802.2993 0.5304
5803.6338 0.5303
5804.9692 0.5295
5806.3076 0.5284
5807.6436 0.5276
5808.9824 0.5275
5810.3188 0.5281
5811.6587 0.5284
5812.9956 0.5280
5814.3330 0.5287
5815.6738 0.5288
5817.0117 0.5281
5818.3530 0.5276
5819.6914 0.5275
5821.0337 0.5269
5822.3726 0.5272
5823.7119 0.5269
5825.0552 0.5263
5826.3950 0.5262
5827.7388 0.5266
5829.0791 0.5270
5830.4233 0.5271
5831.7646 0.5265
5833.1064 0.5256
5834.4517 0.5251
5835.7935 0.5252
5837.1396 0.5254
5838.4824 0.5255
5839.8286 0.5259
5841.1719 0.5265
5842.5156 0.5269
5843.8633 0.5266
5845.2075 0.5260
5846.5552 0.5250
5847.9004 0.5234
5849.2490 0.5228
5850.5942 0.5236
5851.9404 0.5247
5853.2896 0.5241
5854.6362 0.5228
5855.9863 0.5238
5857.3335 0.5240
5858.6841 0.5233
5860.0322 0.5231
5861.3799 0.5228
5862.7319 0.5219
5864.0806 0.5217
5865.4326 0.5216
5866.7822 0.5221
5868.1348 0.5227
5869.4849 0.5223
5870.8350 0.5207
5872.1890 0.5201
5873.5400 0.5198
5874.8940 0.5197
5876.2456 0.5200
5877.6006 0.5204
5878.9531 0.5193
5880.3052 0.5177
5881.6611 0.5164
5883.0146 0.5159
5884.3711 0.5144
5885.7246 0.5088
5887.0820 0.5026
5888.4365 0.5078
5889.7939 0.5121
5891.1489 0.5094
5892.5044 0.5048
5893.8633 0.5066
5895.2192 0.5126
5896.5786 0.5131
5897.9351 0.5118
5899.2949 0.5109
5900.6523 0.5108
5902.0098 0.5129
5903.3706 0.5153
5904.7285 0.5161
5906.0903 0.5153
5907.4487 0.5140
5908.8110 0.5125
5910.1704 0.5112
5911.5303 0.5109
5912.8931 0.5114
5914.2534 0.5119
5915.6172 0.5121
5916.9780 0.5112
5918.3428 0.5083
5919.7041 0.5076
5921.0659 0.5095
5922.4312 0.5094
5923.7939 0.5085
5925.1597 0.5095
5926.5229 0.5115
5927.8896 0.5111
5929.2534 0.5102
5930.6172 0.5092
5931.9849 0.5087
5933.3496 0.5089
5934.7178 0.5090
5936.0830 0.5084
5937.4517 0.5094
5938.8179 0.5089
5940.1841 0.5061
5941.5537 0.5036
5942.9204 0.5046
5944.2910 0.5046
5945.6587 0.5028
5947.0298 0.5026
5948.3975 0.5034
5949.7661 0.5037
5951.1382 0.5046
5952.5073 0.5058
5953.8799 0.5059
5955.2495 0.5055
5956.6226 0.5043
5957.9932 0.5031
5959.3638 0.5036
5960.7378 0.5050
5962.1094 0.5049
5963.4839 0.5048
5964.8560 0.5045
5966.2314 0.5032
5967.6040 0.5017
5968.9766 0.5020
5970.3530 0.5027
5971.7266 0.5032
5973.1035 0.5031
5974.4780 0.5022
5975.8555 0.5008
5977.2305 0.4991
5978.6055 0.4995
5979.9839 0.5002
5981.3599 0.5003
5982.7388 0.4999
5984.1152 0.4994
5985.4951 0.4994
5986.8721 0.4996
5988.2495 0.4991
5989.6304 0.4981
5991.0083 0.4975
5992.3896 0.4977
5993.7681 0.4982
5995.1504 0.4987
5996.5298 0.4984
5997.9126 0.4977
5999.2920 0.4974
6000.6724 0.4971
6002.0562 0.4967
6003.4370 0.4960
6004.8213 0.4955
6006.2026 0.4953
6007.5874 0.4952
6008.9697 0.4950
6010.3521 0.4951
6011.7378 0.4957
6013.1211 0.4955
6014.5078 0.4945
6015.8911 0.4935
6017.2783 0.4932
6018.6626 0.4931
6020.0474 0.4930
6021.4355 0.4926
6022.8208 0.4924
6024.2095 0.4924
6025.5957 0.4921
6026.9849 0.4921
6028.3716 0.4919
6029.7583 0.4914
6031.1489 0.4907
6032.5361 0.4903
6033.9272 0.4907
6035.3154 0.4916
6036.7070 0.4916
6038.0957 0.4910
6039.4849 0.4905
6040.8774 0.4904
6042.2671 0.4905
6043.6606 0.4898
6045.0508 0.4900
6046.4448 0.4907
6047.8359 0.4910
6049.2271 0.4909
6050.6221 0.4910
6052.0142 0.4910
6053.4097 0.4903
6054.8022 0.4906
6056.1982 0.4908
6057.5918 0.4900
6058.9854 0.4894
6060.3823 0.4896
6061.7764 0.4891
6063.1743 0.4888
6064.5693 0.4891
6065.9678 0.4895
6067.3633 0.4897
6068.7588 0.4891
6070.1582 0.4882
6071.5547 0.4879
6072.9551 0.4880
6074.3521 0.4874
6075.7529 0.4864
6077.1504 0.4866
6078.5483 0.4869
6079.9502 0.4865
6081.3491 0.4861
6082.7515 0.4866
6084.1504 0.4868
6085.5537 0.4853
6086.9536 0.4848
6088.3540 0.4847
6089.7578 0.4844
6091.1587 0.4841
6092.5635 0.4845
6093.9648 0.4847
6095.3701 0.4845
6096.7725 0.4839
6098.1782 0.4828
6099.5811 0.4823
6100.9844 0.4831
6102.3911 0.4835
6103.7949 0.4834
6105.2026 0.4833
6106.6069 0.4831
6108.0151 0.4828
6109.4204 0.4827
6110.8257 0.4826
6112.2349 0.4828
6113.6411 0.4825
6115.0508 0.4819
6116.4575 0.4807
6117.8682 0.4786
6119.2754 0.4773
6120.6831 0.4796
6122.0947 0.4811
6123.5029 0.4815
6124.9150 0.4820
6126.3242 0.4817
6127.7368 0.4814
6129.1465 0.4816
6130.5566 0.4820
6131.9702 0.4814
6133.3809 0.4797
6134.7954 0.4788
6136.2065 0.4794
6137.6216 0.4783
6139.0337 0.4782
6140.4458 0.4794
6141.8618 0.4802
6143.2749 0.4798
6144.6914 0.4796
6146.1050 0.4801
6147.5220 0.4800
6148.9365 0.4797
6150.3511 0.4798
6151.7690 0.4799
6153.1846 0.4799
6154.6035 0.4796
6156.0190 0.4783
6157.4390 0.4758
6158.8555 0.4738
6160.2720 0.4756
6161.6929 0.4780
6163.1104 0.4776
6164.5312 0.4768
6165.9497 0.4763
6167.3711 0.4763
6168.7900 0.4772
6170.2095 0.4770
6171.6323 0.4770
6173.0518 0.4771
6174.4756 0.4769
6175.8960 0.4767
6177.3198 0.4769
6178.7412 0.4769
6180.1626 0.4770
6181.5874 0.4769
6183.0098 0.4761
6184.4355 0.4751
6185.8579 0.4750
6187.2847 0.4748
6188.7080 0.4742
6190.1318 0.4743
6191.5591 0.4749
6192.9834 0.4750
6194.4116 0.4745
6195.8364 0.4741
6197.2651 0.4740
6198.6909 0.4738
6200.1172 0.4734
6201.5469 0.4728
6202.9731 0.4725
6204.4038 0.4722
6205.8311 0.4723
6207.2622 0.4724
6208.6899 0.4723
6210.1216 0.4720
6211.5503 0.4717
6212.9795 0.4716
6214.4121 0.4712
6215.8418 0.4709
6217.2749 0.4707
6218.7056 0.4703
6220.1392 0.4702
6221.5703 0.4704
6223.0015 0.4703
6224.4365 0.4700
6225.8687 0.4692
6227.3042 0.4682
6228.7368 0.4680
6230.1729 0.4686
6231.6064 0.4686
6233.0400 0.4680
6234.4771 0.4676
6235.9116 0.4679
6237.3496 0.4686
6238.7842 0.4681
6240.2231 0.4675
6241.6587 0.4669
6243.0942 0.4665
6244.5342 0.4665
6245.9707 0.4665
6247.4111 0.4656
6248.8481 0.4648
6250.2891 0.4647
6251.7271 0.4650
6253.1650 0.4653
6254.6069 0.4655
6256.0459 0.4653
6257.4888 0.4654
6258.9282 0.4654
6260.3716 0.4650
6261.8115 0.4643
6263.2520 0.4638
6264.6963 0.4640
6266.1377 0.4641
6267.5825 0.4630
6269.0244 0.4619
6270.4702 0.4619
6271.9126 0.4620
6273.3555 0.4619
6274.8022 0.4597
6276.2456 0.4526
6277.6929 0.4465
6279.1372 0.4471
6280.5850 0.4509
6282.0298 0.4538
6283.4751 0.4565
6284.9238 0.4580
6286.3696 0.4584
6287.8193 0.4584
6289.2661 0.4574
6290.7163 0.4555
6292.1636 0.4542
6293.6108 0.4539
6295.0620 0.4546
6296.5103 0.4553
6297.9624 0.4548
6299.4111 0.4542
6300.8638 0.4546
6302.3135 0.4543
6303.7632 0.4541
6305.2168 0.4545
6306.6675 0.4541
6308.1216 0.4549
6309.5728 0.4542
6311.0278 0.4542
6312.4795 0.4545
6313.9316 0.4539
6315.3877 0.4538
6316.8403 0.4549
6318.2974 0.4541
6319.7510 0.4535
6321.2080 0.4540
6322.6621 0.4545
6324.1201 0.4544
6325.5752 0.4548
6327.0303 0.4553
6328.4893 0.4551
6329.9453 0.4541
6331.4048 0.4528
6332.8613 0.4524
6334.3218 0.4526
6335.7788 0.4525
6337.2363 0.4517
6338.6978 0.4513
6340.1558 0.4515
6341.6182 0.4511
6343.0767 0.4505
6344.5396 0.4507
6345.9990 0.4510
6347.4590 0.4511
6348.9229 0.4513
6350.3833 0.4515
6351.8477 0.4521
6353.3091 0.4527
6354.7739 0.4525
6356.2358 0.4519
6357.6982 0.4513
6359.1641 0.4511
6360.6270 0.4521
6362.0938 0.4523
6363.5576 0.4519
6365.0249 0.4514
6366.4893 0.4506
6367.9536 0.4501
6369.4224 0.4506
6370.8877 0.4509
6372.3564 0.4510
6373.8228 0.4510
6375.2925 0.4512
6376.7588 0.4514
6378.2261 0.4517
6379.6968 0.4516
6381.1646 0.4509
6382.6357 0.4503
6384.1040 0.4500
6385.5762 0.4500
6387.0454 0.4495
6388.5146 0.4485
6389.9878 0.4480
6391.4580 0.4483
6392.9316 0.4489
6394.4023 0.4488
6395.8770 0.4479
6397.3481 0.4476
6398.8198 0.4479
6400.2954 0.4483
6401.7681 0.4482
6403.2441 0.4478
6404.7173 0.4479
6406.1943 0.4474
6407.6680 0.4463
6409.1421 0.4459
6410.6196 0.4465
6412.0947 0.4465
6413.5732 0.4459
6415.0488 0.4456
6416.5278 0.4452
6418.0039 0.4451
6419.4805 0.4455
6420.9609 0.4456
6422.4380 0.4453
6423.9189 0.4455
6425.3970 0.4454
6426.8784 0.4443
6428.3569 0.4427
6429.8359 0.4416
6431.3184 0.4419
6432.7979 0.4440
6434.2812 0.4433
6435.7617 0.4418
6437.2456 0.4430
6438.7266 0.4446
6440.2114 0.4443
6441.6929 0.4442
6443.1748 0.4435
6444.6606 0.4427
6446.1431 0.4425
6447.6294 0.4426
6449.1128 0.4427
6450.6001 0.4425
6452.0840 0.4417
6453.5684 0.4411
6455.0566 0.4414
6456.5415 0.4417
6458.0303 0.4389
6459.5161 0.4375
6461.0054 0.4391
6462.4917 0.4409
6463.9785 0.4410
6465.4692 0.4409
6466.9565 0.4400
6468.4478 0.4386
6469.9360 0.4379
6471.4277 0.4380
6472.9165 0.4379
6474.4058 0.4368
6475.8984 0.4368
6477.3882 0.4375
6478.8818 0.4372
6480.3726 0.4369
6481.8667 0.4373
6483.3579 0.4365
6484.8496 0.4361
6486.3447 0.4366
6487.8369 0.4365
6489.3330 0.4349
6490.8262 0.4329
6492.3228 0.4326
6493.8164 0.4337
6495.3101 0.4339
6496.8081 0.4345
6498.3027 0.4358
6499.8013 0.4366
6501.2964 0.4364
6502.7954 0.4358
6504.2915 0.4353
6505.7876 0.4349
6507.2881 0.4346
6508.7852 0.4346
6510.2861 0.4346
6511.7837 0.4336
6513.2852 0.4324
6514.7837 0.4308
6516.2822 0.4299
6517.7852 0.4300
6519.2842 0.4304
6520.7876 0.4309
6522.2876 0.4313
6523.7920 0.4311
6525.2925 0.4310
6526.7939 0.4313
6528.2988 0.4309
6529.8008 0.4296
6531.3062 0.4285
6532.8091 0.4277
6534.3154 0.4270
6535.8184 0.4266
6537.3223 0.4266
6538.8296 0.4265
6540.3340 0.4257
6541.8423 0.4241
6543.3472 0.4226
6544.8560 0.4216
6546.3613 0.4203
6547.8677 0.4184
6549.3774 0.4167
6550.8843 0.4141
6552.3945 0.4096
6553.9019 0.4033
6555.4136 0.3938
6556.9214 0.3744
6558.4336 0.3373
6559.9424 0.3323
6561.4512 0.3603
6562.9644 0.3884
6564.4741 0.4007
6565.9878 0.4077
6567.4985 0.4119
6569.0127 0.4146
6570.5239 0.4166
6572.0356 0.4184
6573.5513 0.4202
6575.0635 0.4215
6576.5796 0.4228
6578.0923 0.4237
6579.6094 0.4242
6581.1230 0.4247
6582.6372 0.4253
6584.1548 0.4256
6585.6694 0.4255
6587.1885 0.4252
6588.7036 0.4250
6590.2231 0.4254
6591.7393 0.4259
6593.2554 0.4263
6594.7759 0.4263
6596.2930 0.4264
6597.8140 0.4265
6599.3320 0.4265
6600.8535 0.4265
6602.3721 0.4266
6603.8911 0.4267
6605.4141 0.4265
6606.9336 0.4261
6608.4570 0.4262
6609.9771 0.4265
6611.5015 0.4264
6613.0225 0.4270
6614.5439 0.4279
6616.0693 0.4279
6617.5913 0.4270
6619.1172 0.4265
6620.6396 0.4257
6622.1665 0.4255
6623.6899 0.4261
6625.2139 0.4265
6626.7417 0.4260
6628.2661 0.4259
6629.7944 0.4261
6631.3198 0.4262
6632.8486 0.4262
6634.3745 0.4261
6635.9009 0.4260
6637.4312 0.4260
6638.9580 0.4259
6640.4888 0.4256
6642.0166 0.4254
6643.5483 0.4256
6645.0767 0.4259
6646.6055 0.4259
6648.1382 0.4259
6649.6675 0.4259
6651.2007 0.4259
6652.7310 0.4259
6654.2651 0.4258
6655.7959 0.4257
6657.3271 0.4251
6658.8623 0.4250
6660.3940 0.4253
6661.9297 0.4260
6663.4624 0.4268
6664.9990 0.4274
6666.5322 0.4265
6668.0659 0.4263
6669.6035 0.4260
6671.1377 0.4255
6672.6763 0.4251
6674.2114 0.4250
6675.7505 0.4253
6677.2861 0.4252
6678.8257 0.4250
6680.3623 0.4249
6681.8989 0.4251
6683.4399 0.4249
6684.9775 0.4248
6686.5190 0.4244
6688.0571 0.4233
6689.5996 0.4228
6691.1382 0.4234
6692.6777 0.4240
6694.2212 0.4241
6695.7607 0.4239
6697.3052 0.4235
6698.8457 0.4235
6700.3906 0.4238
6701.9316 0.4230
6703.4736 0.4211
6705.0195 0.4211
6706.5620 0.4218
6708.1084 0.4222
6709.6519 0.4224
6711.1987 0.4222
6712.7427 0.4215
6714.2871 0.4213
6715.8354 0.4216
6717.3804 0.4218
6718.9292 0.4219
6720.4751 0.4219
6722.0249 0.4217
6723.5713 0.4215
6725.1177 0.4213
6726.6685 0.4203
6728.2163 0.4184
6729.7676 0.4184
6731.3159 0.4198
6732.8682 0.4196
6734.4170 0.4193
6735.9663 0.4198
6737.5195 0.4203
6739.0693 0.4200
6740.6235 0.4194
6742.1743 0.4186
6743.7290 0.4184
6745.2803 0.4185
6746.8320 0.4184
6748.3877 0.4182
6749.9404 0.4182
6751.4966 0.4182
6753.0498 0.4184
6754.6069 0.4183
6756.1611 0.4178
6757.7153 0.4175
6759.2734 0.4174
6760.8286 0.4174
6762.3877 0.4175
6763.9434 0.4174
6765.5029 0.4170
6767.0596 0.4166
6768.6162 0.4170
6770.1772 0.4168
6771.7344 0.4162
6773.2959 0.4156
6774.8540 0.4154
6776.4165 0.4152
6777.9756 0.4152
6779.5347 0.4149
6781.0981 0.4148
6782.6582 0.4133
6784.2222 0.4108
6785.7827 0.4109
6787.3477 0.4127
6788.9092 0.4129
6790.4707 0.4130
6792.0366 0.4132
6793.5991 0.4129
6795.1655 0.4118
6796.7290 0.4093
6798.2964 0.4103
6799.8604 0.4123
6801.4282 0.4129
6802.9927 0.4126
6804.5581 0.4127
6806.1270 0.4124
6807.6929 0.4122
6809.2627 0.4121
6810.8291 0.4118
6812.3994 0.4114
6813.9668 0.4111
6815.5342 0.4112
6817.1060 0.4110
6818.6743 0.4107
6820.2466 0.4108
6821.8154 0.4107
6823.3887 0.4091
6824.9585 0.4071
6826.5283 0.4086
6828.1025 0.4099
6829.6733 0.4101
6831.2485 0.4102
6832.8198 0.4101
6834.3955 0.4098
6835.9678 0.4093
6837.5405 0.4086
6839.1172 0.4081
6840.6904 0.4083
6842.2681 0.4087
6843.8418 0.4089
6845.4199 0.4088
6846.9946 0.4087
6848.5698 0.4085
6850.1494 0.4079
6851.7251 0.4066
6853.3052 0.4063
6854.8818 0.4068
6856.4624 0.4069
6858.0396 0.4067
6859.6177 0.4070
6861.1992 0.4074
6862.7778 0.4073
6864.3604 0.4071
6865.9395 0.4068
6867.5225 0.4065
6869.1025 0.4066
6870.6826 0.4066
6872.2671 0.4065
6873.8481 0.4064
6875.4331 0.4062
6877.0146 0.4059
6878.6006 0.4055
6880.1831 0.4053
6881.7656 0.4053
6883.3525 0.4048
6884.9360 0.4048
6886.5239 0.4051
6888.1079 0.4051
6889.6963 0.4050
6891.2812 0.4049
6892.8667 0.4047
6894.4561 0.4046
6896.0425 0.4044
6897.6323 0.4043
6899.2192 0.4041
6900.8105 0.4036
6902.3979 0.4030
6903.9858 0.4029
6905.5776 0.4031
6907.1665 0.4028
6908.7593 0.4024
6910.3486 0.4021
6911.9419 0.4019
6913.5322 0.4019
6915.1226 0.4017
6916.7173 0.4013
6918.3081 0.4008
6919.9038 0.4011
6921.4956 0.4011
6923.0918 0.4008
6924.6846 0.4006
6926.2812 0.4006
6927.8745 0.4007
6929.4683 0.4006
6931.0664 0.4007
6932.6606 0.4006
6934.2593 0.4003
6935.8545 0.3999
6937.4541 0.3998
6939.0498 0.3999
6940.6460 0.3994
6942.2466 0.3991
6943.8438 0.3991
6945.4448 0.3993
6947.0430 0.3992
6948.6445 0.3988
6950.2432 0.3988
6951.8423 0.3986
6953.4453 0.3984
6955.0449 0.3984
6956.6489 0.3982
6958.2490 0.3974
6959.8535 0.3972
6961.4546 0.3976
6963.0562 0.3977
6964.6621 0.3973
6966.2642 0.3973
6967.8706 0.3974
6969.4736 0.3969
6971.0806 0.3964
6972.6841 0.3959
6974.2886 0.3953
6975.8965 0.3949
6977.5015 0.3949
6979.1104 0.3957
6980.7158 0.3954
6982.3257 0.3947
6983.9321 0.3952
6985.5386 0.3957
6987.1494 0.3957
6988.7568 0.3957
6990.3687 0.3956
6991.9766 0.3954
6993.5889 0.3950
6995.1978 0.3943
6996.8071 0.3935
6998.4204 0.3934
7000.0303 0.3945
7001.6445 0.3955
7003.2554 0.3952
7004.8701 0.3943
7006.4819 0.3941
7008.0938 0.3941
7009.7095 0.3940
7011.3223 0.3933
7012.9390 0.3926
7014.5522 0.3931
7016.1699 0.3945
7017.7837 0.3939
7019.3984 0.3928
7021.0171 0.3923
7022.6323 0.3922
7024.2515 0.3923
7025.8677 0.3936
7027.4878 0.3932
7029.1045 0.3925
7030.7212 0.3922
7032.3428 0.3919
7033.9604 0.3921
7035.5825 0.3927
7037.2007 0.3918
7038.8237 0.3913
7040.4429 0.3915
7042.0664 0.3913
7043.6865 0.3911
7045.3066 0.3920
7046.9316 0.3930
7048.5527 0.3927
7050.1782 0.3914
7051.7998 0.3905
7053.4263 0.3907
7055.0488 0.3906
7056.6719 0.3904
7058.2988 0.3890
7059.9229 0.3870
7061.5508 0.3859
7063.1753 0.3857
7064.8037 0.3861
7066.4292 0.3877
7068.0547 0.3887
7069.6846 0.3892
7071.3110 0.3891
7072.9419 0.3877
7074.5688 0.3873
7076.2002 0.3862
7077.8281 0.3859
7079.4561 0.3869
7081.0889 0.3881
7082.7178 0.3882
7084.3511 0.3874
7085.9810 0.3865
7087.6147 0.3855
7089.2451 0.3856
7090.8760 0.3872
7092.5112 0.3876
7094.1431 0.3867
7095.7788 0.3856
7097.4111 0.3855
7099.0479 0.3860
7100.6812 0.3862
7102.3145 0.3859
7103.9521 0.3851
7105.5864 0.3843
7107.2251 0.3836
7108.8599 0.3825
7110.4995 0.3812
7112.1353 0.3808
7113.7715 0.3818
7115.4116 0.3831
7117.0483 0.3832
7118.6899 0.3831
7120.3271 0.3840
7121.9692 0.3848
7123.6079 0.3845
7125.2466 0.3842
7126.8896 0.3835
7128.5293 0.3831
7130.1729 0.3836
7131.8130 0.3838
7133.4580 0.3837
7135.0986 0.3836
7136.7402 0.3834
7138.3857 0.3829
7140.0283 0.3826
7141.6748 0.3829
7143.3174 0.3809
7144.9648 0.3796
7146.6084 0.3810
7148.2524 0.3828
7149.9009 0.3825
7151.5459 0.3819
7153.1948 0.3811
7154.8403 0.3816
7156.4902 0.3818
7158.1367 0.3811
7159.7832 0.3795
7161.4346 0.3775
7163.0820 0.3789
7164.7339 0.3806
7166.3818 0.3814
7168.0347 0.3814
7169.6836 0.3813
7171.3369 0.3809
7172.9863 0.3803
7174.6367 0.3804
7176.2910 0.3798
7177.9419 0.3790
7179.5972 0.3794
7181.2490 0.3796
7182.9048 0.3772
7184.5571 0.3770
7186.2100 0.3784
7187.8672 0.3784
7189.5210 0.3769
7191.1787 0.3770
7192.8330 0.3777
7194.4917 0.3779
7196.1465 0.3771
7197.8022 0.3755
7199.4619 0.3747
7201.1182 0.3760
7202.7788 0.3742
7204.4355 0.3735
7206.0972 0.3748
7207.7549 0.3757
7209.4131 0.3748
7211.0757 0.3739
7212.7344 0.3743
7214.3975 0.3746
7216.0571 0.3743
7217.7212 0.3731
7219.3818 0.3715
7221.0425 0.3713
7222.7075 0.3727
7224.3691 0.3735
7226.0352 0.3738
7227.6973 0.3740
7229.3643 0.3738
7231.0273 0.3732
7232.6909 0.3730
7234.3584 0.3726
7236.0229 0.3711
7237.6914 0.3703
7239.3564 0.3709
7241.0259 0.3708
7242.6919 0.3716
7244.3579 0.3722
7246.0283 0.3715
7247.6953 0.3707
7249.3667 0.3710
7251.0342 0.3708
7252.7065 0.3712
7254.3750 0.3716
7256.0439 0.3712
7257.7168 0.3704
7259.3867 0.3704
7261.0605 0.3707
7262.7310 0.3707
7264.4058 0.3708
7266.0771 0.3707
7267.7485 0.3703
7269.4243 0.3698
7271.0967 0.3690
7272.7734 0.3688
7274.4463 0.3690
7276.1240 0.3690
7277.7979 0.3685
7279.4722 0.3679
7281.1509 0.3675
7282.8257 0.3674
7284.5054 0.3641
7286.1812 0.3632
7287.8613 0.3652
7289.5376 0.3663
7291.2148 0.3667
7292.8960 0.3670
7294.5737 0.3666
7296.2559 0.3660
7297.9341 0.3658
7299.6172 0.3661
7301.2964 0.3665
7302.9800 0.3651
7304.6602 0.3634
7306.3408 0.3627
7308.0254 0.3634
7309.7065 0.3644
7311.3921 0.3647
7313.0742 0.3647
7314.7607 0.3640
7316.4434 0.3629
7318.1265 0.3626
7319.8140 0.3634
7321.4980 0.3619
7323.1860 0.3611
7324.8711 0.3623
7326.5601 0.3627
7328.2456 0.3624
7329.9312 0.3629
7331.6216 0.3628
7333.3081 0.3629
7334.9995 0.3627
7336.6865 0.3625
7338.3784 0.3626
7340.0669 0.3625
7341.7554 0.3623
7343.4482 0.3621
7345.1377 0.3619
7346.8315 0.3616
7348.5215 0.3610
7350.2163 0.3604
7351.9067 0.3598
7353.5981 0.3604
7355.2939 0.3608
7356.9858 0.3605
7358.6826 0.3599
7360.3755 0.3598
7362.0728 0.3600
7363.7661 0.3601
7365.4604 0.3599
7367.1587 0.3597
7368.8535 0.3596
7370.5527 0.3595
7372.2485 0.3590
7373.9487 0.3587
7375.6450 0.3589
7377.3418 0.3591
7379.0430 0.3591
7380.7402 0.3586
7382.4424 0.3575
7384.1406 0.3566
7385.8433 0.3570
7387.5425 0.3574
7389.2422 0.3574
7390.9458 0.3573
7392.6465 0.3573
7394.3511 0.3575
7396.0522 0.3571
7397.7573 0.3570
7399.4595 0.3570
7401.1616 0.3564
7402.8682 0.3559
7404.5713 0.3555
7406.2788 0.3552
7407.9824 0.3549
7409.6909 0.3541
7411.3955 0.3531
7413.1006 0.3530
7414.8101 0.3531
7416.5156 0.3535
7418.2261 0.3536
7419.9326 0.3534
7421.6436 0.3530
7423.3506 0.3529
7425.0586 0.3538
7426.7705 0.3543
7428.4795 0.3545
7430.1924 0.3544
7431.9014 0.3541
7433.6152 0.3542
7435.3257 0.3533
7437.0400 0.3522
7438.7510 0.3523
7440.4624 0.3523
7442.1777 0.3517
7443.8901 0.3522
7445.6064 0.3521
7447.3193 0.3521
7449.0366 0.3522
7450.7505 0.3517
7452.4644 0.3506
7454.1831 0.3509
7455.8979 0.3512
7457.6172 0.3508
7459.3325 0.3505
7461.0527 0.3506
7462.7690 0.3508
7464.4858 0.3512
7466.2070 0.3513
7467.9248 0.3507
7469.6470 0.3507
7471.3652 0.3506
7473.0884 0.3495
7474.8076 0.3489
7476.5269 0.3496
7478.2510 0.3504
7479.9712 0.3508
7481.6963 0.3506
7483.4175 0.3495
7485.1431 0.3481
7486.8652 0.3491
7488.5874 0.3480
7490.3145 0.3468
7492.0371 0.3467
7493.7651 0.3470
7495.4888 0.3472
7497.2173 0.3477
7498.9419 0.3479
7500.6670 0.3481
7502.3970 0.3479
7504.1226 0.3470
7505.8530 0.3462
7507.5801 0.3451
7509.3110 0.3461
7511.0386 0.3463
7512.7666 0.3458
7514.4990 0.3462
7516.2275 0.3460
7517.9609 0.3457
7519.6904 0.3443
7521.4243 0.3437
7523.1548 0.3444
7524.8853 0.3448
7526.6206 0.3448
7528.3521 0.3440
7530.0884 0.3441
7531.8203 0.3445
7533.5571 0.3445
7535.2905 0.3440
7537.0239 0.3439
7538.7617 0.3439
7540.4961 0.3438
7542.2349 0.3436
7543.9702 0.3434
7545.7095 0.3434
7547.4453 0.3431
7549.1816 0.3429
7550.9229 0.3420
7552.6597 0.3417
7554.4014 0.3420
7556.1392 0.3417
7557.8818 0.3416
7559.6201 0.3417
7561.3594 0.3417
7563.1030 0.3417
7564.8428 0.3415
7566.5874 0.3415
7568.3281 0.3417
7570.0732 0.3410
7571.8149 0.3407
7573.5610 0.3410
7575.3032 0.3411
7577.0459 0.3409
7578.7930 0.3405
7580.5366 0.3399
7582.2847 0.3397
7584.0288 0.3400
7585.7778 0.3403
7587.5229 0.3402
7589.2686 0.3400
7591.0186 0.3397
7592.7646 0.3396
7594.5156 0.3395
7596.2627 0.3391
7598.0142 0.3386
7599.7622 0.3385
7601.5107 0.3386
7603.2637 0.3385
7605.0127 0.3384
7606.7661 0.3382
7608.5161 0.3381
7610.2710 0.3382
7612.0215 0.3371
7613.7725 0.3363
7615.5283 0.3363
7617.2803 0.3368
7619.0366 0.3373
7620.7896 0.3375
7622.5469 0.3374
7624.3003 0.3372
7626.0542 0.3370
7627.8130 0.3369
7629.5679 0.3366
7631.3271 0.3364
7633.0825 0.3363
7634.8428 0.3361
7636.5991 0.3358
7638.3560 0.3357
7640.1172 0.3357
7641.8750 0.3354
7643.6372 0.3353
7645.3955 0.3352
7647.1587 0.3350
7648.9180 0.3344
7650.6772 0.3333
7652.4419 0.3321
7654.2021 0.3310
7655.9673 0.3310
7657.7285 0.3310
7659.4941 0.3301
7661.2563 0.3297
7663.0186 0.3319
7664.7856 0.3329
7666.5493 0.3328
7668.3169 0.3327
7670.0811 0.3326
7671.8496 0.3323
7673.6147 0.3324
7675.3799 0.3311
7677.1499 0.3310
7678.9160 0.3313
7680.6870 0.3309
7682.4536 0.3302
7684.2251 0.3308
7685.9932 0.3308
7687.7612 0.3306
7689.5342 0.3306
7691.3027 0.3305
7693.0767 0.3297
7694.8462 0.3286
7696.6206 0.3294
7698.3911 0.3302
7700.1621 0.3303
7701.9380 0.3300
7703.7100 0.3298
7705.4863 0.3289
7707.2588 0.3256
7709.0361 0.3264
7710.8096 0.3285
7712.5879 0.3293
7714.3618 0.3292
7716.1367 0.3292
7717.9160 0.3287
7719.6914 0.3284
7721.4717 0.3281
7723.2480 0.3278
7725.0288 0.3277
7726.8062 0.3281
7728.5835 0.3280
7730.3657 0.3280
7732.1440 0.3279
7733.9272 0.3279
7735.7065 0.3277
7737.4902 0.3270
7739.2700 0.3264
7741.0508 0.3261
7742.8354 0.3254
7744.6167 0.3251
7746.4028 0.3259
7748.1851 0.3264
7749.9717 0.3264
7751.7544 0.3258
7753.5376 0.3253
7755.3257 0.3250
7757.1099 0.3247
7758.8984 0.3245
7760.6836 0.3244
7762.4731 0.3249
7764.2588 0.3252
7766.0449 0.3238
7767.8359 0.3208
7769.6226 0.3194
7771.4146 0.3197
7773.2021 0.3220
7774.9946 0.3233
7776.7832 0.3230
7778.5723 0.3229
7780.3662 0.3236
7782.1558 0.3228
7783.9507 0.3228
7785.7412 0.3229
7787.5366 0.3225
7789.3281 0.3222
7791.1201 0.3225
7792.9165 0.3218
7794.7095 0.3219
7796.5068 0.3219
7798.3003 0.3213
7800.0986 0.3205
7801.8931 0.3200
7803.6880 0.3196
7805.4873 0.3201
7807.2832 0.3206
7809.0835 0.3205
7810.8799 0.3202
7812.6812 0.3212
7814.4785 0.3211
7816.2759 0.3200
7818.0786 0.3195
7819.8770 0.3197
7821.6802 0.3199
7823.4795 0.3202
7825.2837 0.3195
7827.0840 0.3187
7828.8843 0.3186
7830.6899 0.3190
7832.4912 0.3189
7834.2974 0.3187
7836.0996 0.3191
7837.9067 0.3193
7839.7100 0.3180
7841.5132 0.3169
7843.3213 0.3172
7845.1260 0.3171
7846.9351 0.3172
7848.7402 0.3171
7850.5498 0.3170
7852.3560 0.3166
7854.1665 0.3161
7855.9736 0.3169
7857.7808 0.3166
7859.5928 0.3166
7861.4009 0.3166
7863.2139 0.3155
7865.0225 0.3137
7866.8364 0.3142
7868.6460 0.3156
7870.4561 0.3154
7872.2710 0.3153
7874.0820 0.3147
7875.8979 0.3128
7877.7100 0.3131
7879.5264 0.3143
7881.3389 0.3147
7883.1519 0.3145
7884.9697 0.3132
7886.7837 0.3111
7888.6025 0.3112
7890.4175 0.3105
7892.2368 0.3099
7894.0522 0.3087
7895.8687 0.3085
7897.6890 0.3110
7899.5059 0.3113
7901.3276 0.3088
7903.1455 0.3099
7904.9678 0.3120
7906.7861 0.3114
7908.6055 0.3092
7910.4292 0.3099
7912.2485 0.3111
7914.0732 0.3094
7915.8940 0.3090
7917.7192 0.3099
7919.5405 0.3092
7921.3628 0.3080
7923.1895 0.3083
7925.0122 0.3098
7926.8394 0.3090
7928.6631 0.3073
7930.4912 0.3084
7932.3159 0.3104
7934.1406 0.3113
7935.9702 0.3122
7937.7959 0.3121
7939.6265 0.3108
7941.4526 0.3096
7943.2842 0.3095
7945.1113 0.3094
7946.9390 0.3096
7948.7720 0.3097
7950.6006 0.3092
7952.4336 0.3084
7954.2632 0.3086
7956.0977 0.3087
7957.9277 0.3080
7959.7583 0.3060
7961.5938 0.3035
7963.4253 0.3030
7965.2617 0.3065
7967.0942 0.3061
7968.9316 0.3060
7970.7646 0.3065
7972.5981 0.3070
7974.4370 0.3073
7976.2715 0.3070
7978.1108 0.3076
7979.9458 0.3072
7981.7861 0.3066
7983.6226 0.3059
7985.4590 0.3049
7987.3003 0.3057
7989.1377 0.3048
7990.9800 0.3053
7992.8184 0.3053
7994.6616 0.3050
7996.5005 0.3049
7998.3447 0.3030
8000.1846 0.3022
8002.0249 0.3038
8003.8706 0.3045
8005.7114 0.3026
8007.5576 0.3007
8009.3999 0.3032
8011.2471 0.3035
8013.0898 0.3016
8014.9331 0.3020
8016.7812 0.3032
8018.6255 0.3020
8020.4746 0.3014
8022.3198 0.3005
8024.1699 0.3017
8026.0156 0.3020
8027.8623 0.3011
8029.7134 0.3017
8031.5605 0.3032
8033.4126 0.3014
8035.2607 0.3000
8037.1138 0.3005
8038.9624 0.3013
8040.8120 0.3005
8042.6660 0.2985
8044.5161 0.2991
8046.3711 0.3008
8048.2222 0.3015
8050.0781 0.3014
8051.9302 0.3009
8053.7827 0.2999
8055.6396 0.2998
8057.4927 0.2991
8059.3511 0.2992
8061.2051 0.2997
8063.0640 0.2996
8064.9189 0.2995
8066.7739 0.2997
8068.6343 0.2990
8070.4902 0.2989
8072.3516 0.2991
8074.2085 0.2984
8076.0703 0.2979
8077.9282 0.2980
8079.7866 0.2972
8081.6499 0.2970
8083.5088 0.2975
8085.3730 0.2977
8087.2329 0.2976
8089.0981 0.2972
8090.9590 0.2971
8092.8203 0.2969
8094.6865 0.2965
8096.5483 0.2967
8098.4155 0.2969
8100.2788 0.2969
8102.1465 0.2968
8104.0103 0.2967
8105.8745 0.2965
8107.7441 0.2963
8109.6089 0.2962
8111.4790 0.2959
8113.3452 0.2958
8115.2163 0.2958
8117.0830 0.2956
8118.9502 0.2955
8120.8228 0.2953
8122.6909 0.2952
8124.5640 0.2951
8126.4326 0.2949
8128.3066 0.2946
8130.1768 0.2944
8132.0513 0.2945
8133.9224 0.2943
8135.7935 0.2941
8137.6694 0.2939
8139.5415 0.2938
8141.4185 0.2937
8143.2915 0.2935
8145.1694 0.2933
8147.0430 0.2931
8148.9175 0.2931
8150.7964 0.2929
8152.6714 0.2927
8154.5513 0.2926
8156.4272 0.2922
8158.3081 0.2920
8160.1851 0.2920
8162.0625 0.2920
8163.9443 0.2919
8165.8228 0.2918
8167.7056 0.2916
8169.5845 0.2915
8171.4683 0.2915
8173.3481 0.2914
8175.2285 0.2911
8177.1138 0.2903
8178.9951 0.2874
8180.8809 0.2878
8182.7632 0.2890
8184.6499 0.2894
8186.5327 0.2901
8188.4160 0.2897
8190.3042 0.2865
8192.1885 0.2873
8194.0771 0.2888
8195.9629 0.2875
8197.8525 0.2857
8199.7383 0.2879
8201.6250 0.2891
8203.5156 0.2889
8205.4033 0.2883
8207.2959 0.2879
8209.1836 0.2870
8211.0762 0.2856
8212.9658 0.2861
8214.8545 0.2858
8216.7490 0.2850
8218.6396 0.2852
8220.5342 0.2869
8222.4258 0.2876
8224.3223 0.2865
8226.2139 0.2853
8228.1064 0.2849
8230.0039 0.2848
8231.8965 0.2851
8233.7949 0.2866
8235.6895 0.2865
8237.5889 0.2856
8239.4834 0.2856
8241.3789 0.2858
8243.2793 0.2841
8245.1758 0.2815
8247.0771 0.2846
8248.9746 0.2848
8250.8770 0.2841
8252.7744 0.2846
8254.6729 0.2852
8256.5771 0.2850
8258.4766 0.2848
8260.3809 0.2847
8262.2812 0.2847
8264.1865 0.2849
8266.0869 0.2847
8267.9893 0.2843
8269.8955 0.2839
8271.7979 0.2841
8273.7051 0.2841
8275.6084 0.2838
8277.5166 0.2836
8279.4209 0.2831
8281.3301 0.2828
8283.2354 0.2826
8285.1416 0.2826
8287.0518 0.2827
8288.9580 0.2823
8290.8691 0.2817
8292.7773 0.2818
8294.6895 0.2816
8296.5977 0.2814
8298.5059 0.2814
8300.4199 0.2812
8302.3291 0.2811
8304.2432 0.2812
8306.1543 0.2816
8308.0693 0.2815
8309.9805 0.2808
8311.8926 0.2804
8313.8086 0.2804
8315.7217 0.2804
8317.6396 0.2806
8319.5527 0.2807
8321.4707 0.2802
8323.3857 0.2798
8325.2998 0.2801
8327.2197 0.2791
8329.1357 0.2789
8331.0566 0.2790
8332.9727 0.2797
8334.8945 0.2812
8336.8115 0.2805
8338.7295 0.2794
8340.6523 0.2788
8342.5713 0.2787
8344.4951 0.2788
8346.4150 0.2791
8348.3398 0.2791
8350.2598 0.2789
8352.1807 0.2783
8354.1074 0.2777
8356.0293 0.2777
8357.9561 0.2783
8359.8789 0.2779
8361.8066 0.2772
8363.7295 0.2773
8365.6543 0.2774
8367.5830 0.2770
8369.5078 0.2769
8371.4375 0.2766
8373.3643 0.2777
8375.2949 0.2782
8377.2217 0.2777
8379.1484 0.2769
8381.0811 0.2762
8383.0088 0.2755
8384.9424 0.2762
8386.8711 0.2766
8388.8047 0.2768
8390.7344 0.2773
8392.6650 0.2776
8394.6006 0.2768
8396.5312 0.2763
8398.4678 0.2765
8400.3994 0.2767
8402.3369 0.2766
8404.2695 0.2761
8406.2031 0.2752
8408.1416 0.2742
8410.0762 0.2745
8412.0156 0.2746
8413.9502 0.2742
8415.8906 0.2742
8417.8271 0.2743
8419.7637 0.2743
8421.7051 0.2750
8423.6426 0.2752
8425.5850 0.2749
8427.5234 0.2746
8429.4668 0.2744
8431.4053 0.2737
8433.3496 0.2738
8435.2900 0.2739
8437.2305 0.2741
8439.1758 0.2748
8441.1172 0.2746
8443.0645 0.2742
8445.0059 0.2737
8446.9541 0.2736
8448.8965 0.2735
8450.8408 0.2727
8452.7891 0.2725
8454.7344 0.2733
8456.6836 0.2730
8458.6289 0.2724
8460.5791 0.2720
8462.5254 0.2714
8464.4727 0.2708
8466.4248 0.2711
8468.3721 0.2717
8470.3252 0.2721
8472.2734 0.2724
8474.2275 0.2726
8476.1768 0.2724
8478.1270 0.2720
8480.0820 0.2726
8482.0322 0.2727
8483.9883 0.2724
8485.9404 0.2724
8487.8975 0.2714
8489.8496 0.2718
8491.8027 0.2651
8493.7607 0.2615
8495.7148 0.2656
8497.6738 0.2702
8499.6289 0.2699
8501.5889 0.2698
8503.5449 0.2703
8505.5010 0.2709
8507.4619 0.2711
8509.4199 0.2706
8511.3818 0.2700
8513.3398 0.2696
8515.3027 0.2694
8517.2617 0.2692
8519.2217 0.2692
8521.1855 0.2690
8523.1465 0.2685
8525.1113 0.2685
8527.0723 0.2688
8529.0391 0.2688
8531.0010 0.2683
8532.9639 0.2676
8534.9316 0.2654
8536.8945 0.2493
8538.8633 0.2517
8540.8281 0.2618
8542.7969 0.2661
8544.7627 0.2665
8546.7285 0.2669
8548.6992 0.2669
8550.6660 0.2670
8552.6377 0.2671
8554.6045 0.2667
8556.5771 0.2665
8558.5459 0.2674
8560.5146 0.2675
8562.4893 0.2674
8564.4590 0.2676
8566.4336 0.2682
8568.4043 0.2685
8570.3799 0.2681
8572.3516 0.2677
8574.3242 0.2678
8576.3008 0.2677
8578.2744 0.2674
8580.2520 0.2671
8582.2256 0.2662
8584.2051 0.2661
8586.1797 0.2656
8588.1602 0.2649
8590.1357 0.2642
8592.1113 0.2634
8594.0928 0.2628
8596.0703 0.2635
8598.0527 0.2646
8600.0303 0.2651
8602.0137 0.2652
8603.9922 0.2653
8605.9717 0.2661
8607.9561 0.2667
8609.9365 0.2666
8611.9219 0.2660
8613.9033 0.2658
8615.8896 0.2660
8617.8711 0.2653
8619.8535 0.2651
8621.8418 0.2655
8623.8252 0.2655
8625.8135 0.2650
8627.7979 0.2645
8629.7881 0.2646
8631.7725 0.2642
8633.7588 0.2644
8635.7500 0.2652
8637.7363 0.2657
8639.7285 0.2652
8641.7158 0.2642
8643.7080 0.2636
8645.6973 0.2631
8647.6855 0.2633
8649.6797 0.2632
8651.6699 0.2623
8653.6650 0.2623
8655.6553 0.2540
8657.6514 0.2462
8659.6436 0.2500
8661.6357 0.2589
8663.6328 0.2602
8665.6260 0.2616
8667.6240 0.2618
8669.6182 0.2626
8671.6172 0.2632
8673.6123 0.2628
8675.6074 0.2623
8677.6084 0.2627
8679.6045 0.2627
8681.6055 0.2627
8683.6025 0.2626
8685.6055 0.2625
8687.6035 0.2628
8689.6025 0.2629
8691.6055 0.2629
8693.6055 0.2628
8695.6104 0.2627
8697.6104 0.2629
8699.6162 0.2633
8701.6172 0.2627
8703.6191 0.2625
8705.6260 0.2629
8707.6289 0.2629
8709.6367 0.2625
8711.6406 0.2625
8713.6494 0.2620
8715.6543 0.2618
8717.6592 0.2620
8719.6699 0.2621
8721.6758 0.2619
8723.6865 0.2617
8725.6934 0.2618
8727.7061 0.2621
8729.7129 0.2620
8731.7217 0.2615
8733.7354 0.2608
8735.7441 0.2604
8737.7588 0.2602
8739.7686 0.2597
8741.7842 0.2585
8743.7949 0.2564
8745.8115 0.2549
8747.8232 0.2562
8749.8359 0.2583
8751.8535 0.2594
8753.8672 0.2594
8755.8857 0.2594
8757.9004 0.2599
8759.9199 0.2606
8761.9346 0.2613
8763.9502 0.2618
8765.9717 0.2605
8767.9883 0.2599
8770.0098 0.2603
8772.0273 0.2602
8774.0498 0.2601
8776.0684 0.2606
8778.0879 0.2608
8780.1113 0.2606
8782.1318 0.2603
8784.1562 0.2606
8786.1777 0.2603
8788.2031 0.2602
8790.2256 0.2605
8792.2471 0.2606
8794.2754 0.2601
8796.2979 0.2596
8798.3262 0.2597
8800.3506 0.2579
8802.3799 0.2569
8804.4053 0.2578
8806.4307 0.2589
8808.4609 0.2584
8810.4873 0.2583
8812.5195 0.2577
8814.5459 0.2581
8816.5791 0.2580
8818.6074 0.2572
8820.6357 0.2571
8822.6699 0.2581
8824.6992 0.2585
8826.7344 0.2586
8828.7646 0.2584
8830.8008 0.2581
8832.8330 0.2582
8834.8643 0.2578
8836.9014 0.2572
8838.9346 0.2568
8840.9727 0.2563
8843.0068 0.2555
8845.0459 0.2547
8847.0811 0.2536
8849.1162 0.2514
8851.1562 0.2488
8853.1924 0.2456
8855.2344 0.2406
8857.2715 0.2346
8859.3145 0.2326
8861.3516 0.2372
8863.3906 0.2415
8865.4346 0.2447
8867.4736 0.2471
8869.5186 0.2483
8871.5596 0.2503
8873.6045 0.2522
8875.6465 0.2529
8877.6885 0.2532
8879.7354 0.2540
8881.7783 0.2555
8883.8262 0.2567
8885.8701 0.2571
8887.9189 0.2571
8889.9639 0.2577
8892.0088 0.2586
8894.0596 0.2589
8896.1055 0.2593
8898.1562 0.2598
8900.2041 0.2600
8902.2559 0.2603
8904.3037 0.2599
8906.3574 0.2573
8908.4062 0.2546
8910.4561 0.2593
8912.5107 0.2606
8914.5605 0.2598
8916.6162 0.2600
8918.6680 0.2597
8920.7246 0.2579
8922.7764 0.2532
8924.8291 0.2560
8926.8867 0.2598
8928.9404 0.2601
8931.0000 0.2600
8933.0547 0.2599
8935.1143 0.2598
8937.1699 0.2596
8939.2256 0.2589
8941.2871 0.2581
8943.3438 0.2583
8945.4062 0.2584
8947.4639 0.2587
8949.5273 0.2586
8951.5859 0.2584
8953.6455 0.2581
8955.7100 0.2578
8957.7705 0.2576
8959.8359 0.2564
8961.8975 0.2555
8963.9639 0.2556
8966.0264 0.2558
8968.0889 0.2554
8970.1572 0.2548
8972.2207 0.2533
8974.2891 0.2528
8976.3535 0.2530
8978.4238 0.2529
8980.4893 0.2521
8982.5557 0.2513
8984.6270 0.2502
8986.6934 0.2492
8988.7656 0.2481
8990.8340 0.2468
8992.9072 0.2449
8994.9756 0.2422
8997.0449 0.2408
8999.1201 0.2388
9001.1904 0.2358
9003.2656 0.2317
9005.3369 0.2265
9007.4131 0.2203
9009.4854 0.2112
9011.5586 0.2114
9013.6357 0.2185
9015.7100 0.2256
9017.7891 0.2301
9019.8633 0.2339
9021.9434 0.2368
9024.0186 0.2389
9026.0947 0.2409
9028.1758 0.2425
9030.2529 0.2433
9032.3350 0.2438
9034.4131 0.2453
9036.4971 0.2465
9038.5752 0.2472
9040.6543 0.2475
9042.7393 0.2479
9044.8193 0.2483
9046.9053 0.2485
9048.9863 0.2491
9051.0732 0.2496
9053.1553 0.2494
9055.2383 0.2458
9057.3262 0.2363
9059.4102 0.2432
9061.4990 0.2493
9063.5840 0.2505
9065.6738 0.2501
9067.7588 0.2500
9069.8506 0.2504
9071.9365 0.2463
9074.0234 0.2439
9076.1162 0.2465
9078.2041 0.2504
9080.2979 0.2499
9082.3867 0.2466
9084.4805 0.2422
9086.5703 0.2471
9088.6611 0.2458
9090.7568 0.2404
9092.8486 0.2465
9094.9453 0.2491
9097.0371 0.2490
9099.1348 0.2488
9101.2285 0.2490
9103.3223 0.2487
9105.4209 0.2464
9107.5156 0.2409
9109.6162 0.2458
9111.7119 0.2480
9113.8125 0.2477
9115.9092 0.2476
9118.0068 0.2470
9120.1094 0.2468
9122.2070 0.2468
9124.3105 0.2472
9126.4102 0.2471
9128.5146 0.2467
9130.6143 0.2471
9132.7148 0.2470
9134.8213 0.2469
9136.9219 0.2468
9139.0293 0.2466
9141.1318 0.2461
9143.2393 0.2457
9145.3428 0.2459
9147.4473 0.2458
9149.5566 0.2455
9151.6611 0.2452
9153.7715 0.2452
9155.8770 0.2450
9157.9883 0.2447
9160.0957 0.2443
9162.2031 0.2442
9164.3154 0.2440
9166.4238 0.2437
9168.5371 0.2431
9170.6465 0.2417
9172.7617 0.2410
9174.8711 0.2414
9176.9824 0.2408
9179.0986 0.2398
9181.2100 0.2406
9183.3271 0.2400
9185.4395 0.2401
9187.5576 0.2398
9189.6719 0.2391
9191.7852 0.2384
9193.9053 0.2375
9196.0205 0.2368
9198.1406 0.2351
9200.2568 0.2340
9202.3789 0.2333
9204.4951 0.2319
9206.6133 0.2290
9208.7363 0.2250
9210.8545 0.2256
9212.9785 0.2222
9215.0977 0.2193
9217.2227 0.2181
9219.3428 0.2133
9221.4639 0.2068
9223.5908 0.1977
9225.7129 0.1987
9227.8398 0.2063
9229.9629 0.2125
9232.0908 0.2155
9234.2148 0.2182
9236.3447 0.2231
9238.4688 0.2231
9240.5947 0.2240
9242.7256 0.2277
9244.8516 0.2296
9246.9834 0.2302
9249.1104 0.2296
9251.2432 0.2299
9253.3721 0.2307
9255.5010 0.2294
9257.6348 0.2263
9259.7646 0.2281
9261.8994 0.2297
9264.0303 0.2333
9266.1670 0.2354
9268.2988 0.2351
9270.4307 0.2356
9272.5684 0.2357
9274.7012 0.2358
9276.8398 0.2358
9278.9746 0.2359
9281.1143 0.2359
9283.2490 0.2359
9285.3848 0.2357
9287.5264 0.2357
9289.6621 0.2356
9291.8047 0.2355
9293.9424 0.2356
9296.0850 0.2357
9298.2236 0.2355
9300.3633 0.2354
9302.5078 0.2354
9304.6475 0.2353
9306.7930 0.2351
9308.9346 0.2352
9311.0811 0.2351
9313.2227 0.2342
9315.3652 0.2342
9317.5137 0.2345
9319.6572 0.2345
9321.8057 0.2343
9323.9502 0.2343
9326.1006 0.2345
9328.2461 0.2343
9330.3916 0.2342
9332.5439 0.2341
9334.6904 0.2339
9336.8428 0.2338
9338.9912 0.2335
9341.1445 0.2335
9343.2939 0.2333
9345.4434 0.2328
9347.5977 0.2328
9349.7480 0.2330
9351.9043 0.2329
9354.0557 0.2327
9356.2129 0.2326
9358.3652 0.2325
9360.5186 0.2325
9362.6768 0.2324
9364.8301 0.2322
9366.9902 0.2319
9369.1445 0.2317
9371.3057 0.2318
9373.4609 0.2316
9375.6172 0.2313
9377.7793 0.2315
9379.9365 0.2305
9382.0996 0.2295
9384.2578 0.2297
9386.4219 0.2299
9388.5820 0.2280
9390.7461 0.2298
9392.9072 0.2304
9395.0674 0.2299
9397.2344 0.2292
9399.3965 0.2263
9401.5635 0.2206
9403.7266 0.2270
9405.8945 0.2284
9408.0586 0.2232
9410.2227 0.2214
9412.3926 0.2271
9414.5586 0.2285
9416.7295 0.2266
9418.8955 0.2273
9421.0674 0.2284
9423.2344 0.2278
9425.4023 0.2272
9427.5762 0.2270
9429.7451 0.2270
9431.9189 0.2247
9434.0889 0.2244
9436.2646 0.2264
9438.4355 0.2265
9440.6064 0.2256
9442.7832 0.2262
9444.9561 0.2266
9447.1338 0.2265
9449.3076 0.2262
9451.4863 0.2260
9453.6602 0.2260
9455.8350 0.2255
9458.0156 0.2252
9460.1914 0.2251
9462.3730 0.2251
9464.5498 0.2251
9466.7324 0.2249
9468.9102 0.2248
9471.0889 0.2246
9473.2725 0.2244
9475.4521 0.2241
9477.6367 0.2236
9479.8174 0.2234
9482.0029 0.2234
9484.1846 0.2231
9486.3662 0.2228
9488.5537 0.2224
9490.7363 0.2220
9492.9258 0.2215
9495.1094 0.2213
9497.2988 0.2210
9499.4834 0.2203
9501.6689 0.2196
9503.8604 0.2195
9506.0459 0.2190
9508.2383 0.2185
9510.4258 0.2178
9512.6191 0.2170
9514.8076 0.2162
9516.9961 0.2152
9519.1904 0.2141
9521.3809 0.2128
9523.5762 0.2114
9525.7666 0.2098
9527.9639 0.2078
9530.1553 0.2055
9532.3477 0.2028
9534.5459 0.1991
9536.7393 0.1946
9538.9385 0.1872
9541.1328 0.1813
9543.3330 0.1845
9545.5283 0.1922
9547.7246 0.1971
9549.9268 0.2007
9552.1230 0.2035
9554.3262 0.2056
9556.5234 0.2074
9558.7275 0.2087
9560.9268 0.2100
9563.1309 0.2108
9565.3311 0.2113
9567.5322 0.2121
9569.7383 0.2129
9571.9395 0.2136
9574.1465 0.2141
9576.3496 0.2145
9578.5576 0.2148
9580.7607 0.2150
9582.9648 0.2152
9585.1748 0.2154
9587.3799 0.2152
9589.5908 0.2153
9591.7969 0.2156
9594.0088 0.2155
9596.2158 0.2143
9598.4238 0.2111
9600.6367 0.2137
9602.8457 0.2153
9605.0596 0.2156
9607.2695 0.2158
9609.4854 0.2156
9611.6953 0.2162
9613.9062 0.2129
9616.1240 0.2107
9618.3359 0.2126
9620.5537 0.2152
9622.7666 0.2143
9624.9863 0.2145
9627.2002 0.2118
9629.4150 0.2123
9631.6357 0.2142
9633.8516 0.2148
9636.0723 0.2148
9638.2891 0.2146
9640.5117 0.2150
9642.7295 0.2133
9644.9482 0.2117
9647.1719 0.2125
9649.3916 0.2139
9651.6172 0.2114
9653.8369 0.2078
9656.0635 0.2111
9658.2842 0.2139
9660.5068 0.2131
9662.7344 0.2135
9664.9570 0.2129
9667.1855 0.2116
9669.4102 0.2119
9671.6396 0.2123
9673.8643 0.2111
9676.0898 0.2099
9678.3213 0.2114
9680.5479 0.2118
9682.7803 0.2116
9685.0078 0.2107
9687.2412 0.2099
9689.4697 0.2104
9691.6982 0.2112
9693.9336 0.2113
9696.1631 0.2114
9698.3994 0.2114
9700.6299 0.2113
9702.8672 0.2112
9705.0996 0.2111
9707.3320 0.2110
9709.5703 0.2109
9711.8047 0.2107
9714.0439 0.2106
9716.2783 0.2104
9718.5186 0.2098
9720.7549 0.2099
9722.9912 0.2100
9725.2334 0.2099
9727.4707 0.2098
9729.7139 0.2094
9731.9521 0.2076
9734.1963 0.2062
9736.4355 0.2073
9738.6807 0.2087
9740.9209 0.2087
9743.1621 0.2083
9745.4082 0.2085
9747.6504 0.2086
9749.8984 0.2085
9752.1416 0.2083
9754.3896 0.2082
9756.6338 0.2079
9758.8789 0.2074
9761.1289 0.2076
9763.3740 0.2076
9765.6260 0.2075
9767.8721 0.2075
9770.1250 0.2073
9772.3721 0.2072
9774.6201 0.2071
9776.8750 0.2069
9779.1240 0.2067
9781.3789 0.2064
9783.6289 0.2061
9785.8848 0.2062
9788.1367 0.2062
9790.3877 0.2059
9792.6455 0.2055
9794.8984 0.2053
9797.1572 0.2054
9799.4111 0.2056
9801.6709 0.2055
9803.9258 0.2052
9806.1807 0.2049
9808.4424 0.2048
9810.6982 0.2049
9812.9609 0.2048
9815.2188 0.2044
9817.4814 0.2041
9819.7402 0.2038
9821.9990 0.2035
9824.2646 0.2039
9826.5244 0.2039
9828.7900 0.2035
9831.0518 0.2035
9833.3184 0.2035
9835.5801 0.2032
9837.8428 0.2028
9840.1113 0.2031
9842.3750 0.2030
9844.6455 0.2028
9846.9102 0.2016
9849.1807 0.2003
9851.4463 0.2005
9853.7129 0.2004
9855.9844 0.2001
9858.2520 0.2010
9860.5254 0.2018
9862.7939 0.2018
9865.0684 0.2016
9867.3379 0.2014
9869.6074 0.2013
9871.8838 0.2013
9874.1543 0.2012
9876.4316 0.2010
9878.7031 0.2007
9880.9814 0.2009
9883.2549 0.1987
9885.5283 0.1962
9887.8076 0.1972
9890.0830 0.2000
9892.3633 0.1997
9894.6387 0.1988
9896.9209 0.1994
9899.1973 0.1996
9901.4746 0.1993
9903.7578 0.1991
9906.0361 0.1987
9908.3203 0.1979
9910.5996 0.1970
9912.8857 0.1979
9915.1660 0.1989
9917.4521 0.1986
9919.7334 0.1983
9922.0156 0.1986
9924.3037 0.1965
9926.5869 0.1951
9928.8760 0.1962
9931.1602 0.1980
9933.4502 0.1974
9935.7354 0.1961
9938.0205 0.1963
9940.3125 0.1969
9942.5996 0.1968
9944.8926 0.1964
9947.1797 0.1963
9949.4736 0.1963
9951.7627 0.1960
9954.0518 0.1959
9956.3477 0.1958
9958.6377 0.1956
9960.9346 0.1956
9963.2256 0.1955
9965.5234 0.1952
9967.8154 0.1951
9970.1094 0.1949
9972.4082 0.1946
9974.7021 0.1945
9977.0020 0.1942
9979.2979 0.1940
9981.5986 0.1938
9983.8945 0.1936
9986.1914 0.1934
9988.4941 0.1930
9990.7920 0.1921
9993.0967 0.1912
9995.3955 0.1917
9997.7002 0.1920
10000.0000 0.1915
10002.3057 0.1913
10004.6016 0.1908
10006.9082 0.1903
10009.2158 0.1898
10011.5244 0.1892
10013.8223 0.1886
10016.1309 0.1879
10018.4404 0.1871
10020.7402 0.1861
10023.0508 0.1852
10025.3623 0.1841
10027.6738 0.1827
10029.9756 0.1812
10032.2881 0.1794
10034.6016 0.1771
10036.9043 0.1743
10039.2188 0.1706
10041.5342 0.1650
10043.8496 0.1587
10046.1543 0.1600
10048.4707 0.1667
10050.7881 0.1713
10053.0947 0.1741
10055.4131 0.1768
10057.7324 0.1785
10060.0508 0.1800
10062.3604 0.1811
10064.6807 0.1822
10067.0010 0.1831
10069.3115 0.1838
10071.6338 0.1843
10073.9561 0.1848
10076.2793 0.1852
10078.5918 0.1855
10080.9160 0.1858
10083.2402 0.1862
10085.5547 0.1863
10087.8799 0.1865
10090.2061 0.1867
10092.5332 0.1867
10094.8496 0.1868
10097.1777 0.1868
10099.5059 0.1865
10101.8232 0.1862
10104.1533 0.1862
10106.4834 0.1857
10108.8135 0.1852
10111.1338 0.1857
10113.4648 0.1867
10115.7969 0.1865
10118.1191 0.1830
10120.4521 0.1839
10122.7861 0.1861
10125.1201 0.1864
10127.4434 0.1864
10129.7793 0.1864
10132.1152 0.1863
10134.4404 0.1862
10136.7773 0.1861
10139.1152 0.1856
10141.4531 0.1849
10143.7803 0.1855
10146.1191 0.1857
10148.4590 0.1855
10150.7881 0.1852
10153.1289 0.1853
10155.4707 0.1853
10157.8125 0.1842
10160.1436 0.1840
10162.4863 0.1847
10164.8301 0.1850
10167.1621 0.1845
10169.5068 0.1844
10171.8525 0.1844
10174.1973 0.1846
10176.5322 0.1836
10178.8789 0.1827
10181.2266 0.1833
10183.5742 0.1839
10185.9111 0.1837
10188.2607 0.1836
10190.6094 0.1836
10192.9482 0.1834
10195.2988 0.1833
10197.6504 0.1832
10200.0020 0.1831
10202.3428 0.1829
10204.6953 0.1828
10207.0479 0.1828
10209.3906 0.1824
10211.7451 0.1816
10214.0996 0.1822
10216.4551 0.1822
10218.7998 0.1821
10221.1562 0.1820
10223.5137 0.1819
10225.8594 0.1818
10228.2178 0.1817
10230.5762 0.1815
10232.9355 0.1812
10235.2842 0.1812
10237.6436 0.1812
10240.0049 0.1809
10242.3545 0.1809
10244.7168 0.1809
10247.0791 0.1808
10249.4424 0.1806
10251.7939 0.1805
10254.1582 0.1804
10256.5234 0.1803
10258.8770 0.1801
10261.2422 0.1800
10263.6084 0.1799
10265.9756 0.1798
10268.3311 0.1795
10270.6992 0.1793
10273.0674 0.1794
10275.4258 0.1793
10277.7949 0.1792
10280.1650 0.1790
10282.5352 0.1784
10284.8955 0.1779
10287.2666 0.1786
10289.6396 0.1786
10292.0010 0.1784
10294.3740 0.1783
10296.7480 0.1781
10299.1221 0.1780
10301.4863 0.1780
10303.8613 0.1777
10306.2373 0.1774
10308.6025 0.1773
10310.9795 0.1775
10313.3574 0.1773
10315.7363 0.1772
10318.1035 0.1771
10320.4824 0.1769
10322.8623 0.1768
10325.2314 0.1765
