3571.0830 1.8692
3571.9065 1.8816
3572.7283 1.8978
3573.5520 1.9098
3574.3740 1.9160
3575.1963 1.9205
3576.0208 1.9224
3576.8435 1.9193
3577.6682 1.9095
3578.4915 1.8937
3579.3167 1.8765
3580.1399 1.8719
3580.9636 1.8831
3581.7893 1.8895
3582.6133 1.8749
3583.4395 1.8454
3584.2639 1.8261
3585.0903 1.8268
3585.9150 1.8409
3586.7400 1.8575
3587.5671 1.8712
3588.3923 1.8835
3589.2200 1.8973
3590.0457 1.9079
3590.8735 1.9095
3591.6995 1.9034
3592.5259 1.8963
3593.3542 1.8947
3594.1809 1.8983
3595.0098 1.9040
3595.8367 1.9099
3596.6660 1.9159
3597.4934 1.9198
3598.3208 1.9186
3599.1506 1.9114
3599.9788 1.9009
3600.8088 1.8905
3601.6372 1.8815
3602.4678 1.8731
3603.2964 1.8656
3604.1252 1.8655
3604.9565 1.8745
3605.7859 1.8803
3606.6172 1.8719
3607.4470 1.8554
3608.2788 1.8479
3609.1089 1.8534
3609.9392 1.8631
3610.7717 1.8673
3611.6023 1.8673
3612.4351 1.8713
3613.2661 1.8846
3614.0994 1.8975
3614.9307 1.8965
3615.7625 1.8760
3616.5962 1.8471
3617.4282 1.8294
3618.2625 1.8359
3619.0947 1.8536
3619.9292 1.8650
3620.7620 1.8676
3621.5969 1.8664
3622.4302 1.8673
3623.2634 1.8748
3624.0989 1.8909
3624.9326 1.9080
3625.7686 1.9161
3626.6028 1.9143
3627.4390 1.9012
3628.2734 1.8744
3629.1082 1.8419
3629.9451 1.8267
3630.7800 1.8388
3631.6174 1.8636
3632.4529 1.8843
3633.2903 1.8954
3634.1262 1.9013
3634.9622 1.9034
3635.8005 1.9028
3636.6370 1.9022
3637.4756 1.9027
3638.3123 1.9013
3639.1514 1.8931
3639.9885 1.8789
3640.8259 1.8626
3641.6653 1.8517
3642.5032 1.8508
3643.3430 1.8575
3644.1812 1.8626
3645.0215 1.8610
3645.8601 1.8547
3646.6990 1.8523
3647.5398 1.8572
3648.3789 1.8659
3649.2202 1.8750
3650.0596 1.8842
3650.9014 1.8934
3651.7412 1.9029
3652.5813 1.9115
3653.4236 1.9168
3654.2642 1.9175
3655.1067 1.9176
3655.9475 1.9198
3656.7908 1.9196
3657.6318 1.9153
3658.4734 1.9112
3659.3169 1.9094
3660.1587 1.9059
3661.0029 1.9015
3661.8450 1.9009
3662.6895 1.9057
3663.5320 1.9129
3664.3748 1.9180
3665.2197 1.9198
3666.0630 1.9189
3666.9084 1.9168
3667.7520 1.9149
3668.5977 1.9141
3669.4417 1.9151
3670.2859 1.9182
3671.1321 1.9193
3671.9768 1.9172
3672.8235 1.9136
3673.6685 1.9106
3674.5156 1.9051
3675.3608 1.8978
3676.2063 1.8914
3677.0542 1.8858
3677.8999 1.8819
3678.7480 1.8822
3679.5945 1.8854
3680.4429 1.8861
3681.2896 1.8851
3682.1365 1.8830
3682.9856 1.8758
3683.8328 1.8605
3684.6824 1.8478
3685.5300 1.8513
3686.3799 1.8763
3687.2278 1.9074
3688.0781 1.9240
3688.9265 1.9191
3689.7751 1.9131
3690.6260 1.9250
3691.4751 1.9504
3692.3264 1.9678
3693.1758 1.9627
3694.0273 1.9376
3694.8772 1.9087
3695.7273 1.9013
3696.5793 1.9303
3697.4299 1.9775
3698.2825 2.0129
3699.1333 2.0154
3699.9863 1.9873
3700.8374 1.9361
3701.6887 1.8769
3702.5425 1.8365
3703.3943 1.8322
3704.2483 1.8623
3705.1003 1.9109
3705.9548 1.9559
3706.8074 1.9772
3707.6599 1.9671
3708.5149 1.9262
3709.3682 1.8686
3710.2234 1.8330
3711.0771 1.8554
3711.9329 1.9301
3712.7866 2.0151
3713.6409 2.0788
3714.4973 2.1150
3715.3518 2.1287
3716.2085 2.1163
3717.0635 2.0686
3717.9204 1.9845
3718.7759 1.8776
3719.6313 1.7812
3720.4890 1.7444
3721.3450 1.7979
3722.2031 1.9123
3723.0593 2.0283
3723.9180 2.1042
3724.7747 2.1338
3725.6316 2.1392
3726.4905 2.1496
3727.3479 2.1655
3728.2073 2.1646
3729.0649 2.1302
3729.9250 2.0566
3730.7830 1.9414
3731.6414 1.8064
3732.5017 1.7074
3733.3604 1.6944
3734.2214 1.7619
3735.0803 1.8611
3735.9417 1.9700
3736.8013 2.0828
3737.6609 2.1770
3738.5227 2.2325
3739.3828 2.2482
3740.2451 2.2399
3741.1055 2.2206
3741.9683 2.1973
3742.8291 2.1659
3743.6899 2.1243
3744.5532 2.0777
3745.4148 2.0239
3746.2786 1.9342
3747.1404 1.8102
3748.0044 1.7073
3748.8667 1.6970
3749.7290 1.7905
3750.5938 1.9309
3751.4565 2.0621
3752.3215 2.1705
3753.1848 2.2561
3754.0503 2.3082
3754.9138 2.3176
3755.7798 2.2908
3756.6438 2.2577
3757.5081 2.2473
3758.3745 2.2625
3759.2390 2.2883
3760.1060 2.3134
3760.9709 2.3329
3761.8381 2.3344
3762.7036 2.3168
3763.5693 2.2835
3764.4370 2.2302
3765.3032 2.1570
3766.1714 2.0681
3767.0378 1.9579
3767.9065 1.8289
3768.7732 1.7318
3769.6401 1.7387
3770.5095 1.8544
3771.3770 2.0051
3772.2466 2.1164
3773.1145 2.1704
3773.9844 2.2041
3774.8528 2.2672
3775.7209 2.3592
3776.5918 2.4358
3777.4604 2.4833
3778.3315 2.5140
3779.2009 2.5364
3780.0723 2.5482
3780.9419 2.5484
3781.8118 2.5439
3782.6838 2.5422
3783.5540 2.5360
3784.4265 2.5170
3785.2971 2.4933
3786.1699 2.4754
3787.0410 2.4660
3787.9121 2.4583
3788.7856 2.4485
3789.6572 2.4338
3790.5310 2.4039
3791.4031 2.3488
3792.2773 2.2662
3793.1499 2.1610
3794.0225 2.0312
3794.8972 1.8751
3795.7703 1.7393
3796.6455 1.6957
3797.5190 1.7882
3798.3948 1.9606
3799.2686 2.1350
3800.1426 2.2688
3801.0188 2.3607
3801.8933 2.4215
3802.7700 2.4577
3803.6448 2.4730
3804.5220 2.4795
3805.3972 2.4972
3806.2727 2.5366
3807.1504 2.5888
3808.0261 2.6328
3808.9043 2.6566
3809.7805 2.6545
3810.6589 2.6256
3811.5356 2.5908
3812.4126 2.5692
3813.2917 2.5663
3814.1689 2.5792
3815.0483 2.6154
3815.9260 2.6573
3816.8059 2.6686
3817.6841 2.6375
3818.5623 2.5929
3819.4429 2.5800
3820.3215 2.5993
3821.2024 2.6067
3822.0815 2.5806
3822.9629 2.5368
3823.8423 2.5060
3824.7241 2.4888
3825.6040 2.4711
3826.4841 2.4407
3827.3665 2.4097
3828.2468 2.3822
3829.1296 2.3369
3830.0105 2.2441
3830.8938 2.1147
3831.7751 1.9667
3832.6565 1.8175
3833.5403 1.7225
3834.4224 1.7496
3835.3064 1.8731
3836.1887 2.0120
3837.0735 2.1335
3837.9561 2.2392
3838.8391 2.3369
3839.7244 2.4301
3840.6077 2.5205
3841.4932 2.5892
3842.3770 2.6297
3843.2629 2.6497
3844.1472 2.6658
3845.0315 2.6937
3845.9182 2.7305
3846.8030 2.7507
3847.6899 2.7374
3848.5752 2.7186
3849.4626 2.7277
3850.3481 2.7690
3851.2339 2.8088
3852.1221 2.8289
3853.0083 2.8204
3853.8967 2.7924
3854.7832 2.7657
3855.6721 2.7545
3856.5591 2.7397
3857.4463 2.7209
3858.3359 2.7303
3859.2234 2.7794
3860.1135 2.8433
3861.0015 2.8815
3861.8918 2.8885
3862.7803 2.8747
3863.6687 2.8617
3864.5598 2.8663
3865.4487 2.8831
3866.3401 2.8919
3867.2297 2.8907
3868.1213 2.8834
3869.0112 2.8618
3869.9014 2.8168
3870.7937 2.7667
3871.6841 2.7503
3872.5769 2.7730
3873.4678 2.7994
3874.3611 2.7985
3875.2524 2.7534
3876.1438 2.6851
3877.0376 2.6467
3877.9297 2.6676
3878.8237 2.7013
3879.7161 2.7012
3880.6108 2.6712
3881.5037 2.6243
3882.3965 2.5541
3883.2917 2.4404
3884.1851 2.2858
3885.0808 2.1170
3885.9746 1.9416
3886.8706 1.7991
3887.7649 1.7711
3888.6592 1.9023
3889.5559 2.1107
3890.4507 2.2949
3891.3479 2.4214
3892.2429 2.4994
3893.1406 2.5509
3894.0361 2.5929
3894.9341 2.6327
3895.8301 2.6604
3896.7263 2.6720
3897.6250 2.6778
3898.5215 2.6974
3899.4207 2.7369
3900.3176 2.7762
3901.2170 2.8002
3902.1145 2.8052
3903.0122 2.7918
3903.9121 2.7735
3904.8103 2.7928
3905.7107 2.8524
3906.6094 2.9087
3907.5100 2.9419
3908.4089 2.9582
3909.3081 2.9671
3910.2097 2.9576
3911.1091 2.9337
3912.0110 2.9228
3912.9111 2.9371
3913.8132 2.9595
3914.7136 2.9617
3915.6143 2.9504
3916.5171 2.9390
3917.4182 2.9281
3918.3215 2.9211
3919.2229 2.9197
3920.1267 2.9210
3921.0286 2.9234
3921.9307 2.9432
3922.8350 2.9742
3923.7373 2.9874
3924.6421 2.9641
3925.5452 2.9118
3926.4502 2.8528
3927.3535 2.7880
3928.2571 2.6811
3929.1628 2.4787
3930.0667 2.1516
3930.9731 1.7567
3931.8774 1.4973
3932.7839 1.5569
3933.6887 1.8958
3934.5938 2.3050
3935.5010 2.6197
3936.4062 2.8079
3937.3142 2.9111
3938.2200 2.9647
3939.1279 2.9880
3940.0342 2.9901
3940.9407 2.9759
3941.8494 2.9568
3942.7561 2.9582
3943.6653 2.9819
3944.5725 3.0002
3945.4822 2.9979
3946.3899 2.9826
3947.2979 2.9733
3948.2080 2.9740
3949.1162 2.9764
3950.0269 2.9706
3950.9355 2.9611
3951.8467 2.9551
3952.7559 2.9482
3953.6650 2.9231
3954.5769 2.8848
3955.4866 2.8623
3956.3987 2.8642
3957.3088 2.8704
3958.2214 2.8495
3959.1321 2.7974
3960.0449 2.7364
3960.9561 2.6911
3961.8672 2.6499
3962.7808 2.5754
3963.6924 2.4220
3964.6064 2.1656
3965.5186 1.8225
3966.4329 1.4896
3967.3455 1.3213
3968.2581 1.3937
3969.1731 1.6501
3970.0862 1.9615
3971.0017 2.2256
3971.9153 2.4113
3972.8313 2.5376
3973.7451 2.6259
3974.6592 2.6869
3975.5759 2.7378
3976.4905 2.7891
3977.4075 2.8361
3978.3225 2.8711
3979.2397 2.8916
3980.1553 2.9035
3981.0708 2.9185
3981.9888 2.9418
3982.9050 2.9669
3983.8232 2.9803
3984.7397 2.9847
3985.6587 2.9979
3986.5757 3.0185
3987.4927 3.0324
3988.4121 3.0393
3989.3298 3.0473
3990.2498 3.0596
3991.1677 3.0706
3992.0879 3.0731
3993.0063 3.0659
3993.9250 3.0585
3994.8459 3.0496
3995.7649 3.0375
3996.6863 3.0302
3997.6057 3.0410
3998.5276 3.0632
3999.4475 3.0878
4000.3674 3.1048
4001.2900 3.1024
4002.2104 3.0747
4003.1333 3.0395
4004.0544 3.0278
4004.9775 3.0486
4005.8989 3.0818
4006.8206 3.1062
4007.7446 3.1147
4008.6665 3.1098
4009.5908 3.0949
4010.5132 3.0804
4011.4380 3.0795
4012.3608 3.0921
4013.2839 3.1044
4014.2095 3.1106
4015.1328 3.1118
4016.0588 3.1180
4016.9827 3.1325
4017.9089 3.1470
4018.8333 3.1500
4019.7578 3.1454
4020.6848 3.1387
4021.6096 3.1299
4022.5371 3.1155
4023.4624 3.1021
4024.3901 3.1030
4025.3162 3.1134
4026.2422 3.1168
4027.1704 3.0989
4028.0969 3.0661
4029.0259 3.0404
4029.9526 3.0388
4030.8821 3.0414
4031.8093 3.0384
4032.7390 3.0440
4033.6667 3.0654
4034.5947 3.0947
4035.5251 3.1168
4036.4534 3.1289
4037.3843 3.1348
4038.3130 3.1362
4039.2441 3.1345
4040.1736 3.1297
4041.1030 3.1175
4042.0347 3.0865
4042.9646 3.0357
4043.8970 2.9943
4044.8271 3.0012
4045.7600 3.0498
4046.6907 3.0885
4047.6216 3.0978
4048.5549 3.0917
4049.4863 3.0841
4050.4202 3.0808
4051.3521 3.0787
4052.2861 3.0724
4053.2185 3.0655
4054.1509 3.0612
4055.0857 3.0526
4056.0186 3.0437
4056.9539 3.0458
4057.8872 3.0621
4058.8230 3.0691
4059.7566 3.0485
4060.6907 3.0013
4061.6270 2.9642
4062.5613 2.9677
4063.4983 3.0023
4064.4331 3.0187
4065.3701 3.0132
4066.3054 3.0127
4067.2410 3.0210
4068.1787 3.0185
4069.1147 2.9904
4070.0530 2.9685
4070.9893 2.9801
4071.9280 3.0038
4072.8647 3.0083
4073.8018 2.9817
4074.7412 2.9369
4075.6787 2.8979
4076.6184 2.8976
4077.5562 2.9333
4078.4966 2.9680
4079.4348 2.9782
4080.3733 2.9700
4081.3142 2.9528
4082.2532 2.9358
4083.1943 2.9258
4084.1338 2.9186
4085.0757 2.9079
4086.0154 2.8924
4086.9553 2.8764
4087.8977 2.8588
4088.8381 2.8381
4089.7810 2.8143
4090.7219 2.7864
4091.6653 2.7519
4092.6064 2.7098
4093.5481 2.6594
4094.4919 2.5980
4095.4338 2.5190
4096.3784 2.4141
4097.3208 2.2697
4098.2656 2.0682
4099.2085 1.8452
4100.1514 1.7366
4101.0967 1.8243
4102.0400 2.0526
4102.9863 2.2720
4103.9302 2.4289
4104.8765 2.5310
4105.8208 2.6059
4106.7676 2.6621
4107.7124 2.7000
4108.6572 2.7260
4109.6045 2.7523
4110.5503 2.7826
4111.4980 2.8132
4112.4438 2.8357
4113.3921 2.8466
4114.3384 2.8499
4115.2852 2.8483
4116.2339 2.8407
4117.1807 2.8378
4118.1304 2.8457
4119.0776 2.8594
4120.0273 2.8707
4120.9751 2.8865
4121.9233 2.9021
4122.8740 2.9106
4123.8223 2.9126
4124.7734 2.9092
4125.7222 2.9008
4126.6733 2.8956
4127.6230 2.8911
4128.5723 2.8700
4129.5244 2.8373
4130.4746 2.8186
4131.4268 2.8356
4132.3774 2.8678
4133.3301 2.8950
4134.2812 2.9098
4135.2324 2.9191
4136.1855 2.9303
4137.1372 2.9416
4138.0913 2.9431
4139.0435 2.9363
4139.9976 2.9187
4140.9502 2.8805
4141.9028 2.8423
4142.8579 2.8475
4143.8110 2.8840
4144.7666 2.9125
4145.7202 2.9193
4146.6758 2.9143
4147.6299 2.9123
4148.5840 2.9181
4149.5405 2.9204
4150.4951 2.9126
4151.4526 2.8961
4152.4072 2.8811
4153.3647 2.8775
4154.3203 2.8854
4155.2764 2.8936
4156.2344 2.9008
4157.1904 2.9084
4158.1489 2.9149
4159.1055 2.9166
4160.0649 2.9114
4161.0220 2.9060
4161.9790 2.9072
4162.9390 2.9167
4163.8965 2.9252
4164.8564 2.9245
4165.8149 2.9168
4166.7754 2.9140
4167.7339 2.9117
4168.6929 2.8941
4169.6538 2.8658
4170.6133 2.8459
4171.5752 2.8492
4172.5347 2.8614
4173.4971 2.8631
4174.4570 2.8539
4175.4175 2.8511
4176.3799 2.8623
4177.3408 2.8756
4178.3042 2.8781
4179.2651 2.8612
4180.2290 2.8450
4181.1909 2.8463
4182.1548 2.8577
4183.1172 2.8552
4184.0796 2.8344
4185.0444 2.8028
4186.0068 2.7887
4186.9722 2.8006
4187.9355 2.8195
4188.9014 2.8212
4189.8647 2.8219
4190.8286 2.8377
4191.7949 2.8496
4192.7593 2.8462
4193.7261 2.8332
4194.6909 2.8192
4195.6582 2.7912
4196.6235 2.7621
4197.5889 2.7608
4198.5571 2.7726
4199.5229 2.7737
4200.4912 2.7655
4201.4575 2.7723
4202.4263 2.7877
4203.3931 2.8042
4204.3599 2.8189
4205.3296 2.8292
4206.2969 2.8324
4207.2671 2.8286
4208.2349 2.8214
4209.2051 2.8171
4210.1738 2.8195
4211.1421 2.8189
4212.1133 2.7961
4213.0820 2.7521
4214.0537 2.7229
4215.0229 2.7322
4215.9951 2.7566
4216.9648 2.7684
4217.9351 2.7652
4218.9077 2.7598
4219.8784 2.7588
4220.8516 2.7582
4221.8223 2.7505
4222.7959 2.7214
4223.7676 2.6620
4224.7393 2.6057
4225.7134 2.6178
4226.6855 2.6908
4227.6602 2.7622
4228.6328 2.7888
4229.6079 2.7757
4230.5806 2.7386
4231.5542 2.7104
4232.5298 2.7110
4233.5034 2.7195
4234.4800 2.7201
4235.4541 2.7215
4236.4307 2.7208
4237.4053 2.7204
4238.3799 2.7261
4239.3574 2.7323
4240.3325 2.7320
4241.3105 2.7251
4242.2861 2.7175
4243.2642 2.7054
4244.2407 2.6800
4245.2168 2.6589
4246.1958 2.6537
4247.1729 2.6487
4248.1519 2.6289
4249.1294 2.6300
4250.1094 2.6651
4251.0869 2.6934
4252.0649 2.6917
4253.0454 2.6879
4254.0239 2.7038
4255.0049 2.7215
4255.9834 2.7237
4256.9648 2.7061
4257.9443 2.6802
4258.9263 2.6675
4259.9058 2.6802
4260.8857 2.7014
4261.8687 2.7181
4262.8491 2.7269
4263.8320 2.7265
4264.8130 2.7162
4265.7964 2.7035
4266.7778 2.6921
4267.7593 2.6694
4268.7432 2.6276
4269.7256 2.5914
4270.7100 2.6003
4271.6924 2.6292
4272.6772 2.6431
4273.6606 2.6545
4274.6436 2.6738
4275.6294 2.6948
4276.6128 2.7011
4277.5991 2.6874
4278.5830 2.6628
4279.5698 2.6324
4280.5542 2.6093
4281.5391 2.6065
4282.5264 2.6222
4283.5117 2.6329
4284.4990 2.6300
4285.4849 2.6090
4286.4731 2.5650
4287.4590 2.5159
4288.4453 2.5034
4289.4346 2.5387
4290.4214 2.5706
4291.4106 2.5687
4292.3979 2.5595
4293.3877 2.5703
4294.3755 2.5893
4295.3633 2.5825
4296.3535 2.5325
4297.3423 2.4695
4298.3330 2.4409
4299.3218 2.4522
4300.3135 2.4679
4301.3027 2.4970
4302.2920 2.5319
4303.2842 2.5451
4304.2744 2.5250
4305.2666 2.4835
4306.2573 2.4542
4307.2500 2.4716
4308.2412 2.5068
4309.2319 2.5222
4310.2261 2.5104
4311.2173 2.4846
4312.2114 2.4669
4313.2036 2.4779
4314.1982 2.5107
4315.1904 2.5260
4316.1836 2.5164
4317.1787 2.5006
4318.1719 2.4965
4319.1675 2.4969
4320.1611 2.4993
4321.1572 2.4883
4322.1514 2.4562
4323.1460 2.4172
4324.1426 2.4011
4325.1377 2.4132
4326.1348 2.4237
4327.1299 2.4159
4328.1279 2.4035
4329.1235 2.3943
4330.1196 2.3743
4331.1182 2.3391
4332.1143 2.2932
4333.1133 2.2330
4334.1104 2.1536
4335.1099 2.0448
4336.1069 1.8886
4337.1069 1.6776
4338.1045 1.4822
4339.1025 1.4588
4340.1030 1.6220
4341.1016 1.8556
4342.1025 2.0228
4343.1016 2.1295
4344.1030 2.2023
4345.1025 2.2605
4346.1021 2.3069
4347.1040 2.3365
4348.1040 2.3443
4349.1069 2.3325
4350.1074 2.3252
4351.1104 2.3488
4352.1113 2.3878
4353.1128 2.4179
4354.1167 2.4349
4355.1182 2.4472
4356.1226 2.4509
4357.1245 2.4558
4358.1294 2.4660
4359.1318 2.4769
4360.1348 2.4820
4361.1401 2.4855
4362.1436 2.4877
4363.1494 2.4904
4364.1528 2.4908
4365.1592 2.4871
4366.1636 2.4830
4367.1680 2.4841
4368.1753 2.4850
4369.1802 2.4863
4370.1875 2.4891
4371.1929 2.4860
4372.2007 2.4663
4373.2065 2.4417
4374.2129 2.4341
4375.2212 2.4498
4376.2280 2.4749
4377.2368 2.4930
4378.2441 2.4971
4379.2534 2.4860
4380.2612 2.4540
4381.2686 2.4125
4382.2793 2.4033
4383.2871 2.4393
4384.2979 2.4816
4385.3066 2.5020
4386.3179 2.5053
4387.3267 2.5017
4388.3359 2.4944
4389.3481 2.4873
4390.3579 2.4844
4391.3701 2.4695
4392.3804 2.4359
4393.3936 2.4173
4394.4043 2.4357
4395.4150 2.4719
4396.4287 2.4807
4397.4399 2.4636
4398.4541 2.4475
4399.4658 2.4510
4400.4805 2.4584
4401.4927 2.4472
4402.5054 2.4214
4403.5205 2.4216
4404.5337 2.4438
4405.5493 2.4577
4406.5625 2.4614
4407.5786 2.4651
4408.5928 2.4708
4409.6069 2.4735
4410.6240 2.4702
4411.6387 2.4492
4412.6558 2.4129
4413.6709 2.3835
4414.6885 2.3854
4415.7041 2.4040
4416.7227 2.4281
4417.7388 2.4441
4418.7549 2.4493
4419.7739 2.4460
4420.7905 2.4360
4421.8101 2.4235
4422.8271 2.4139
4423.8472 2.4048
4424.8647 2.3977
4425.8828 2.3970
4426.9033 2.4051
4427.9219 2.4154
4428.9429 2.4266
4429.9619 2.4327
4430.9834 2.4231
4432.0024 2.3973
4433.0220 2.3739
4434.0444 2.3782
4435.0645 2.4029
4436.0874 2.4234
4437.1079 2.4347
4438.1309 2.4364
4439.1519 2.4186
4440.1733 2.3794
4441.1968 2.3387
4442.2188 2.3320
4443.2432 2.3566
4444.2651 2.3843
4445.2900 2.3914
4446.3125 2.3905
4447.3354 2.3821
4448.3613 2.3784
4449.3843 2.3844
4450.4106 2.3888
4451.4341 2.3740
4452.4609 2.3499
4453.4849 2.3422
4454.5098 2.3559
4455.5366 2.3665
4456.5615 2.3596
4457.5894 2.3507
4458.6147 2.3507
4459.6431 2.3526
4460.6689 2.3580
4461.6953 2.3614
4462.7241 2.3566
4463.7505 2.3441
4464.7798 2.3282
4465.8071 2.3095
4466.8369 2.3040
4467.8643 2.3203
4468.8921 2.3465
4469.9229 2.3600
4470.9512 2.3662
4471.9819 2.3663
4473.0107 2.3517
4474.0425 2.3350
4475.0718 2.3337
4476.1011 2.3476
4477.1333 2.3510
4478.1631 2.3348
4479.1958 2.3064
4480.2266 2.2947
4481.2593 2.3102
4482.2905 2.3305
4483.3213 2.3427
4484.3555 2.3443
4485.3872 2.3369
4486.4214 2.3311
4487.4536 2.3298
4488.4883 2.3254
4489.5210 2.3224
4490.5537 2.3236
4491.5889 2.3223
4492.6226 2.3185
4493.6582 2.3169
4494.6919 2.3214
4495.7285 2.3321
4496.7627 2.3389
4497.7998 2.3266
4498.8345 2.3024
4499.8696 2.2911
4500.9072 2.3087
4501.9424 2.3234
4502.9805 2.3218
4504.0166 2.3190
4505.0552 2.3179
4506.0913 2.3147
4507.1279 2.3102
4508.1675 2.3069
4509.2046 2.3046
4510.2446 2.3049
4511.2822 2.3065
4512.3223 2.3065
4513.3604 2.3030
4514.3984 2.2982
4515.4395 2.2903
4516.4785 2.2913
4517.5200 2.2974
4518.5591 2.2954
4519.6011 2.2806
4520.6406 2.2682
4521.6807 2.2661
4522.7236 2.2700
4523.7642 2.2724
4524.8071 2.2667
4525.8481 2.2513
4526.8916 2.2385
4527.9331 2.2423
4528.9746 2.2501
4530.0190 2.2392
4531.0610 2.2086
4532.1060 2.1882
4533.1489 2.1990
4534.1938 2.2269
4535.2373 2.2503
4536.2803 2.2630
4537.3267 2.2656
4538.3701 2.2596
4539.4170 2.2564
4540.4609 2.2589
4541.5083 2.2579
4542.5527 2.2530
4543.5981 2.2484
4544.6455 2.2419
4545.6909 2.2204
4546.7393 2.1840
4547.7852 2.1715
4548.8340 2.1925
4549.8804 2.2177
4550.9272 2.2098
4551.9766 2.1904
4553.0239 2.1835
4554.0737 2.1828
4555.1216 2.1751
4556.1719 2.1678
4557.2197 2.1843
4558.2686 2.2071
4559.3193 2.2137
4560.3682 2.1999
4561.4199 2.1842
4562.4692 2.1838
4563.5215 2.1967
4564.5713 2.2076
4565.6211 2.2133
4566.6743 2.2116
4567.7246 2.2008
4568.7778 2.1847
4569.8291 2.1750
4570.8828 2.1848
4571.9341 2.1992
4572.9888 2.2025
4574.0405 2.1966
4575.0928 2.1889
4576.1479 2.1814
4577.2007 2.1764
4578.2559 2.1735
4579.3091 2.1706
4580.3652 2.1644
4581.4189 2.1565
4582.4731 2.1547
4583.5298 2.1622
4584.5840 2.1748
4585.6411 2.1801
4586.6963 2.1734
4587.7539 2.1610
4588.8091 2.1539
4589.8647 2.1532
4590.9233 2.1607
4591.9795 2.1695
4593.0386 2.1721
4594.0952 2.1696
4595.1543 2.1702
4596.2114 2.1699
4597.2690 2.1619
4598.3291 2.1514
4599.3867 2.1450
4600.4473 2.1445
4601.5059 2.1462
4602.5669 2.1492
4603.6255 2.1497
4604.6846 2.1507
4605.7466 2.1509
4606.8062 2.1476
4607.8687 2.1428
4608.9287 2.1438
4609.9912 2.1465
4611.0518 2.1411
4612.1128 2.1319
4613.1763 2.1265
4614.2373 2.1248
4615.3013 2.1235
4616.3633 2.1223
4617.4277 2.1239
4618.4897 2.1288
4619.5522 2.1347
4620.6177 2.1389
4621.6807 2.1441
4622.7466 2.1417
4623.8096 2.1317
4624.8760 2.1248
4625.9399 2.1233
4627.0044 2.1165
4628.0713 2.1081
4629.1357 2.1070
4630.2031 2.1105
4631.2686 2.1123
4632.3364 2.1091
4633.4023 2.1014
4634.4678 2.0912
4635.5366 2.0895
4636.6030 2.0982
4637.6724 2.1103
4638.7393 2.1159
4639.8091 2.1111
4640.8765 2.1063
4641.9438 2.1073
4643.0142 2.1032
4644.0825 2.0943
4645.1533 2.0907
4646.2222 2.0974
4647.2935 2.0980
4648.3623 2.0950
4649.4316 2.0946
4650.5039 2.0905
4651.5737 2.0793
4652.6465 2.0704
4653.7168 2.0668
4654.7900 2.0700
4655.8608 2.0741
4656.9346 2.0759
4658.0059 2.0775
4659.0771 2.0821
4660.1519 2.0864
4661.2236 2.0892
4662.2983 2.0841
4663.3711 2.0711
4664.4463 2.0571
4665.5195 2.0518
4666.5928 2.0563
4667.6689 2.0633
4668.7427 2.0621
4669.8193 2.0562
4670.8936 2.0524
4671.9707 2.0511
4673.0454 2.0524
4674.1206 2.0561
4675.1982 2.0574
4676.2739 2.0528
4677.3521 2.0460
4678.4282 2.0460
4679.5073 2.0523
4680.5835 2.0589
4681.6602 2.0549
4682.7397 2.0461
4683.8174 2.0441
4684.8975 2.0509
4685.9751 2.0533
4687.0557 2.0472
4688.1338 2.0400
4689.2124 2.0354
4690.2935 2.0343
4691.3726 2.0368
4692.4546 2.0397
4693.5342 2.0364
4694.6162 2.0271
4695.6963 2.0189
4696.7764 2.0197
4697.8594 2.0294
4698.9404 2.0315
4700.0239 2.0151
4701.1050 1.9960
4702.1890 1.9932
4703.2710 2.0020
4704.3530 1.9964
4705.4375 1.9877
4706.5200 1.9902
4707.6055 1.9975
4708.6885 2.0059
4709.7744 2.0125
4710.8579 2.0110
4711.9414 1.9992
4713.0283 1.9879
4714.1123 1.9859
4715.1992 1.9894
4716.2842 1.9902
4717.3716 1.9847
4718.4570 1.9758
4719.5425 1.9681
4720.6309 1.9693
4721.7168 1.9747
4722.8057 1.9739
4723.8921 1.9626
4724.9814 1.9510
4726.0684 1.9505
4727.1553 1.9489
4728.2456 1.9472
4729.3335 1.9518
4730.4238 1.9582
4731.5122 1.9556
4732.6030 1.9510
4733.6919 1.9460
4734.7808 1.9430
4735.8726 1.9401
4736.9624 1.9320
4738.0547 1.9287
4739.1445 1.9348
4740.2373 1.9422
4741.3276 1.9455
4742.4214 1.9458
4743.5122 1.9466
4744.6035 1.9455
4745.6973 1.9430
4746.7891 1.9412
4747.8838 1.9391
4748.9761 1.9353
4750.0713 1.9310
4751.1641 1.9268
4752.2568 1.9226
4753.3525 1.9205
4754.4463 1.9205
4755.5425 1.9205
4756.6367 1.9183
4757.7334 1.9136
4758.8281 1.9076
4759.9229 1.9013
4761.0205 1.8956
4762.1157 1.8909
4763.2139 1.8876
4764.3096 1.8867
4765.4082 1.8871
4766.5044 1.8878
4767.6011 1.8896
4768.7002 1.8917
4769.7974 1.8908
4770.8975 1.8876
4771.9951 1.8853
4773.0952 1.8818
4774.1934 1.8776
4775.2915 1.8728
4776.3926 1.8668
4777.4917 1.8654
4778.5933 1.8694
4779.6924 1.8692
4780.7949 1.8639
4781.8945 1.8573
4782.9946 1.8515
4784.0977 1.8495
4785.1982 1.8475
4786.3018 1.8446
4787.4028 1.8434
4788.5068 1.8435
4789.6084 1.8390
4790.7100 1.8299
4791.8149 1.8258
4792.9170 1.8259
4794.0225 1.8228
4795.1255 1.8145
4796.2310 1.8081
4797.3345 1.8050
4798.4380 1.8074
4799.5444 1.8122
4800.6489 1.8070
4801.7559 1.7897
4802.8604 1.7774
4803.9678 1.7784
4805.0732 1.7826
4806.1782 1.7851
4807.2866 1.7853
4808.3926 1.7843
4809.5015 1.7844
4810.6079 1.7867
4811.7173 1.7848
4812.8242 1.7817
4813.9312 1.7780
4815.0415 1.7722
4816.1489 1.7651
4817.2598 1.7621
4818.3677 1.7612
4819.4790 1.7569
4820.5879 1.7480
4821.6968 1.7405
4822.8086 1.7419
4823.9180 1.7437
4825.0303 1.7402
4826.1401 1.7350
4827.2534 1.7332
4828.3638 1.7337
4829.4771 1.7293
4830.5884 1.7210
4831.6992 1.7166
4832.8135 1.7150
4833.9253 1.7121
4835.0400 1.7084
4836.1523 1.7072
4837.2676 1.7019
4838.3804 1.6908
4839.4937 1.6805
4840.6094 1.6763
4841.7231 1.6739
4842.8394 1.6630
4843.9536 1.6498
4845.0708 1.6369
4846.1851 1.6248
4847.3003 1.6165
4848.4180 1.6086
4849.5332 1.5906
4850.6514 1.5672
4851.7676 1.5366
4852.8862 1.4999
4854.0024 1.4589
4855.1191 1.4030
4856.2388 1.3032
4857.3560 1.1383
4858.4761 0.9484
4859.5938 0.9025
4860.7144 1.0335
4861.8325 1.2306
4862.9512 1.3577
4864.0723 1.4340
4865.1914 1.4807
4866.3135 1.5132
4867.4326 1.5291
4868.5552 1.5291
4869.6753 1.5334
4870.7954 1.5589
4871.9189 1.5877
4873.0396 1.6015
4874.1631 1.6019
4875.2847 1.5986
4876.4087 1.5979
4877.5308 1.6067
4878.6528 1.6204
4879.7778 1.6352
4880.9004 1.6446
4882.0259 1.6438
4883.1489 1.6364
4884.2749 1.6334
4885.3984 1.6331
4886.5225 1.6307
4887.6494 1.6178
4888.7734 1.6002
4889.9009 1.6027
4891.0259 1.6275
4892.1538 1.6469
4893.2793 1.6518
4894.4048 1.6481
4895.5337 1.6423
4896.6597 1.6358
4897.7891 1.6341
4898.9155 1.6375
4900.0454 1.6389
4901.1724 1.6360
4902.2998 1.6339
4903.4307 1.6386
4904.5586 1.6439
4905.6895 1.6458
4906.8179 1.6435
4907.9497 1.6408
4909.0786 1.6418
4910.2080 1.6447
4911.3403 1.6430
4912.4702 1.6426
4913.6030 1.6366
4914.7334 1.6225
4915.8667 1.6053
4916.9976 1.5920
4918.1313 1.5850
4919.2627 1.5977
4920.3945 1.6071
4921.5288 1.6046
4922.6611 1.6036
4923.7964 1.6198
4924.9292 1.6327
4926.0649 1.6380
4927.1978 1.6368
4928.3315 1.6325
4929.4678 1.6247
4930.6021 1.6095
4931.7388 1.5965
4932.8735 1.5993
4934.0107 1.6097
4935.1460 1.6132
4936.2812 1.6061
4937.4194 1.5992
4938.5557 1.5946
4939.6943 1.5952
4940.8306 1.6046
4941.9702 1.6161
4943.1069 1.6205
4944.2441 1.6173
4945.3843 1.6142
4946.5220 1.6107
4947.6626 1.6104
4948.8008 1.6111
4949.9419 1.6089
4951.0806 1.6056
4952.2197 1.6039
4953.3618 1.5894
4954.5010 1.5563
4955.6436 1.5399
4956.7837 1.5628
4957.9268 1.5931
4959.0674 1.6050
4960.2080 1.6037
4961.3521 1.6002
4962.4932 1.5956
4963.6377 1.5868
4964.7793 1.5770
4965.9243 1.5758
4967.0669 1.5824
4968.2095 1.5869
4969.3550 1.5855
4970.4980 1.5809
4971.6445 1.5774
4972.7881 1.5743
4973.9351 1.5700
4975.0791 1.5684
4976.2236 1.5686
4977.3711 1.5662
4978.5161 1.5588
4979.6641 1.5517
4980.8096 1.5503
4981.9585 1.5548
4983.1045 1.5622
4984.2510 1.5677
4985.4004 1.5667
4986.5469 1.5595
4987.6968 1.5541
4988.8442 1.5514
4989.9946 1.5533
4991.1426 1.5585
4992.2910 1.5611
4993.4419 1.5648
4994.5908 1.5687
4995.7427 1.5645
4996.8921 1.5571
4998.0439 1.5538
4999.1938 1.5508
5000.3438 1.5421
5001.4971 1.5380
5002.6475 1.5352
5003.8013 1.5278
5004.9521 1.5205
5006.1064 1.5258
5007.2583 1.5296
5008.4126 1.5249
5009.5649 1.5190
5010.7173 1.5188
5011.8730 1.5229
5013.0259 1.5230
5014.1816 1.5172
5015.3354 1.5018
5016.4917 1.4925
5017.6460 1.4987
5018.8003 1.5131
5019.9575 1.5190
5021.1123 1.5197
5022.2700 1.5218
5023.4258 1.5208
5024.5840 1.5127
5025.7397 1.5035
5026.8960 1.5052
5028.0552 1.5111
5029.2119 1.5124
5030.3716 1.5159
5031.5288 1.5185
5032.6890 1.5152
5033.8472 1.5098
5035.0049 1.5025
5036.1660 1.4942
5037.3247 1.4843
5038.4863 1.4758
5039.6455 1.4755
5040.8076 1.4858
5041.9668 1.4896
5043.1270 1.4863
5044.2900 1.4872
5045.4502 1.4908
5046.6138 1.4886
5047.7749 1.4800
5048.9390 1.4763
5050.1001 1.4784
5051.2622 1.4810
5052.4268 1.4836
5053.5894 1.4882
5054.7544 1.4929
5055.9175 1.4912
5057.0830 1.4868
5058.2466 1.4831
5059.4102 1.4792
5060.5771 1.4742
5061.7412 1.4704
5062.9082 1.4694
5064.0732 1.4724
5065.2407 1.4735
5066.4062 1.4714
5067.5718 1.4698
5068.7402 1.4726
5069.9062 1.4790
5071.0752 1.4821
5072.2417 1.4748
5073.4116 1.4661
5074.5786 1.4643
5075.7461 1.4611
5076.9165 1.4514
5078.0845 1.4472
5079.2554 1.4459
5080.4238 1.4445
5081.5957 1.4446
5082.7646 1.4484
5083.9336 1.4518
5085.1060 1.4537
5086.2759 1.4541
5087.4487 1.4549
5088.6191 1.4566
5089.7925 1.4571
5090.9634 1.4556
5092.1348 1.4543
5093.3091 1.4502
5094.4805 1.4434
5095.6553 1.4372
5096.8276 1.4353
5098.0029 1.4366
5099.1758 1.4395
5100.3516 1.4445
5101.5249 1.4456
5102.6987 1.4391
5103.8750 1.4305
5105.0493 1.4217
5106.2266 1.4196
5107.4014 1.4226
5108.5791 1.4283
5109.7544 1.4338
5110.9297 1.4357
5112.1084 1.4318
5113.2842 1.4223
5114.4634 1.4139
5115.6401 1.4114
5116.8198 1.4125
5117.9966 1.4113
5119.1743 1.4164
5120.3545 1.4200
5121.5327 1.4164
5122.7134 1.4102
5123.8921 1.4065
5125.0737 1.4029
5126.2524 1.3992
5127.4321 1.3972
5128.6143 1.3992
5129.7939 1.3997
5130.9771 1.3963
5132.1572 1.3969
5133.3408 1.3979
5134.5220 1.3931
5135.7031 1.3855
5136.8872 1.3820
5138.0688 1.3857
5139.2539 1.3907
5140.4360 1.3842
5141.6216 1.3768
5142.8042 1.3769
5143.9873 1.3832
5145.1738 1.3898
5146.3574 1.3924
5147.5439 1.3916
5148.7280 1.3934
5149.9155 1.3908
5151.1001 1.3807
5152.2852 1.3704
5153.4731 1.3717
5154.6587 1.3801
5155.8477 1.3816
5157.0337 1.3773
5158.2227 1.3709
5159.4097 1.3649
5160.5962 1.3609
5161.7861 1.3567
5162.9736 1.3411
5164.1646 1.2983
5165.3525 1.2614
5166.5435 1.2687
5167.7319 1.3006
5168.9209 1.2965
5170.1128 1.2648
5171.3022 1.2811
5172.4946 1.3290
5173.6846 1.3537
5174.8779 1.3553
5176.0684 1.3528
5177.2588 1.3456
5178.4526 1.3385
5179.6440 1.3122
5180.8384 1.2699
5182.0303 1.2661
5183.2251 1.3055
5184.4175 1.3252
5185.6104 1.3189
5186.8062 1.3133
5187.9995 1.3191
5189.1958 1.3142
5190.3896 1.3100
5191.5864 1.3137
5192.7808 1.3186
5193.9780 1.3232
5195.1729 1.3287
5196.3682 1.3323
5197.5664 1.3312
5198.7622 1.3216
5199.9609 1.3126
5201.1572 1.3028
5202.3564 1.2903
5203.5532 1.2835
5204.7505 1.2844
5205.9507 1.2825
5207.1484 1.2866
5208.3491 1.2965
5209.5474 1.3048
5210.7485 1.3080
5211.9473 1.3035
5213.1460 1.2972
5214.3481 1.2974
5215.5479 1.3050
5216.7505 1.3149
5217.9507 1.3210
5219.1538 1.3181
5220.3545 1.3080
5221.5557 1.3022
5222.7598 1.2880
5223.9609 1.2599
5225.1655 1.2490
5226.3677 1.2678
5227.5728 1.2850
5228.7754 1.2876
5229.9785 1.2748
5231.1846 1.2604
5232.3877 1.2660
5233.5942 1.2778
5234.7983 1.2827
5236.0054 1.2830
5237.2100 1.2832
5238.4150 1.2837
5239.6230 1.2825
5240.8281 1.2846
5242.0366 1.2831
5243.2427 1.2766
5244.4517 1.2704
5245.6582 1.2691
5246.8652 1.2691
5248.0747 1.2662
5249.2822 1.2642
5250.4927 1.2641
5251.7007 1.2640
5252.9116 1.2652
5254.1201 1.2720
5255.3286 1.2767
5256.5405 1.2766
5257.7500 1.2688
5258.9624 1.2594
5260.1724 1.2541
5261.3853 1.2471
5262.5957 1.2333
5263.8062 1.2241
5265.0200 1.2227
5266.2310 1.2050
5267.4458 1.1754
5268.6572 1.1909
5269.8721 1.2282
5271.0845 1.2413
5272.2974 1.2361
5273.5132 1.2330
5274.7261 1.2381
5275.9424 1.2389
5277.1562 1.2348
5278.3730 1.2340
5279.5874 1.2316
5280.8047 1.2301
5282.0195 1.2355
5283.2349 1.2439
5284.4531 1.2441
5285.6689 1.2399
5286.8877 1.2345
5288.1040 1.2342
5289.3232 1.2378
5290.5400 1.2323
5291.7573 1.2264
5292.9775 1.2259
5294.1953 1.2262
5295.4160 1.2258
5296.6343 1.2255
5297.8555 1.2239
5299.0742 1.2212
5300.2935 1.2192
5301.5156 1.2162
5302.7354 1.2146
5303.9580 1.2164
5305.1782 1.2159
5306.4014 1.2077
5307.6221 1.2015
5308.8433 1.2067
5310.0674 1.2128
5311.2891 1.2078
5312.5137 1.1976
5313.7358 1.1881
5314.9614 1.1927
5316.1841 1.2012
5317.4072 1.2036
5318.6333 1.2000
5319.8569 1.1955
5321.0835 1.1848
5322.3076 1.1820
5323.5347 1.1819
5324.7598 1.1708
5325.9844 1.1563
5327.2129 1.1698
5328.4380 1.1853
5329.6670 1.1895
5330.8931 1.1923
5332.1221 1.1958
5333.3491 1.1957
5334.5757 1.1935
5335.8062 1.1912
5337.0337 1.1878
5338.2642 1.1866
5339.4922 1.1911
5340.7236 1.1954
5341.9521 1.1866
5343.1812 1.1761
5344.4131 1.1710
5345.6426 1.1672
5346.8755 1.1661
5348.1055 1.1701
5349.3389 1.1749
5350.5693 1.1792
5351.8003 1.1821
5353.0342 1.1820
5354.2656 1.1784
5355.5005 1.1745
5356.7324 1.1769
5357.9678 1.1837
5359.2002 1.1805
5360.4331 1.1728
5361.6694 1.1676
5362.9028 1.1658
5364.1392 1.1638
5365.3735 1.1618
5366.6108 1.1605
5367.8452 1.1459
5369.0801 1.1329
5370.3184 1.1414
5371.5537 1.1601
5372.7925 1.1691
5374.0283 1.1681
5375.2676 1.1636
5376.5039 1.1618
5377.7441 1.1640
5378.9810 1.1645
5380.2183 1.1598
5381.4590 1.1533
5382.6973 1.1572
5383.9385 1.1634
5385.1768 1.1610
5386.4189 1.1591
5387.6577 1.1588
5388.8975 1.1565
5390.1401 1.1560
5391.3799 1.1594
5392.6230 1.1588
5393.8638 1.1433
5395.1074 1.1350
5396.3486 1.1434
5397.5903 1.1492
5398.8350 1.1474
5400.0767 1.1421
5401.3223 1.1306
5402.5645 1.1192
5403.8105 1.1214
5405.0537 1.1346
5406.2969 1.1409
5407.5439 1.1316
5408.7876 1.1251
5410.0352 1.1309
5411.2798 1.1329
5412.5273 1.1311
5413.7725 1.1314
5415.0181 1.1352
5416.2666 1.1382
5417.5127 1.1408
5418.7617 1.1434
5420.0083 1.1402
5421.2583 1.1295
5422.5054 1.1209
5423.7529 1.1268
5425.0034 1.1288
5426.2515 1.1146
5427.5029 1.1068
5428.7515 1.1145
5430.0034 1.1211
5431.2524 1.1063
5432.5020 1.0983
5433.7549 1.1070
5435.0049 1.1129
5436.2578 1.1147
5437.5088 1.1202
5438.7627 1.1229
5440.0137 1.1190
5441.2651 1.1165
5442.5200 1.1087
5443.7720 1.0987
5445.0273 1.0995
5446.2798 1.1162
5447.5356 1.1249
5448.7891 1.1192
5450.0425 1.1118
5451.2993 1.1037
5452.5532 1.0920
5453.8105 1.0875
5455.0654 1.1021
5456.3232 1.1119
5457.5786 1.1138
5458.8340 1.1043
5460.0928 1.0796
5461.3486 1.0533
5462.6084 1.0652
5463.8647 1.0855
5465.1250 1.0946
5466.3823 1.0950
5467.6396 1.0957
5468.9004 1.0963
5470.1587 1.0965
5471.4199 1.0958
5472.6787 1.0919
5473.9404 1.0875
5475.1997 1.0872
5476.4624 1.0909
5477.7222 1.0928
5478.9824 1.0933
5480.2461 1.0917
5481.5068 1.0912
5482.7705 1.0933
5484.0322 1.0916
5485.2964 1.0859
5486.5586 1.0839
5487.8208 1.0854
5489.0859 1.0866
5490.3491 1.0856
5491.6147 1.0840
5492.8784 1.0840
5494.1450 1.0824
5495.4087 1.0819
5496.6729 1.0827
5497.9404 1.0821
5499.2056 1.0805
5500.4736 1.0792
5501.7388 1.0778
5503.0073 1.0749
5504.2734 1.0746
5505.5396 1.0797
5506.8096 1.0837
5508.0762 1.0804
5509.3462 1.0772
5510.6138 1.0770
5511.8843 1.0787
5513.1523 1.0794
5514.4209 1.0771
5515.6924 1.0742
5516.9614 1.0719
5518.2334 1.0725
5519.5029 1.0740
5520.7759 1.0737
5522.0459 1.0717
5523.3159 1.0647
5524.5898 1.0498
5525.8608 1.0434
5527.1348 1.0531
5528.4062 1.0685
5529.6812 1.0711
5530.9536 1.0663
5532.2256 1.0590
5533.5015 1.0557
5534.7744 1.0566
5536.0508 1.0582
5537.3242 1.0590
5538.6011 1.0582
5539.8755 1.0559
5541.1499 1.0521
5542.4277 1.0487
5543.7026 1.0475
5544.9810 1.0471
5546.2568 1.0471
5547.5356 1.0485
5548.8115 1.0484
5550.0884 1.0446
5551.3682 1.0393
5552.6450 1.0392
5553.9258 1.0423
5555.2031 1.0416
5556.4844 1.0394
5557.7627 1.0389
5559.0410 1.0399
5560.3232 1.0387
5561.6021 1.0339
5562.8848 1.0315
5564.1646 1.0316
5565.4473 1.0297
5566.7280 1.0249
5568.0083 1.0238
5569.2925 1.0218
5570.5737 1.0198
5571.8579 1.0206
5573.1401 1.0214
5574.4253 1.0203
5575.7075 1.0212
5576.9932 1.0177
5578.2764 1.0121
5579.5596 1.0105
5580.8462 1.0144
5582.1299 1.0173
5583.4170 1.0101
5584.7017 0.9988
5585.9893 0.9939
5587.2744 0.9988
5588.5601 1.0055
5589.8486 1.0043
5591.1348 0.9968
5592.4238 0.9941
5593.7104 0.9995
5595.0005 1.0010
5596.2876 0.9975
5597.5747 0.9943
5598.8657 0.9904
5600.1538 0.9894
5601.4448 0.9941
5602.7334 0.9998
5604.0254 1.0028
5605.3149 1.0028
5606.6045 1.0020
5607.8970 1.0005
5609.1870 0.9987
5610.4805 0.9953
5611.7715 0.9878
5613.0654 0.9798
5614.3569 0.9827
5615.6484 0.9882
5616.9434 0.9886
5618.2354 0.9879
5619.5308 0.9877
5620.8237 0.9858
5622.1201 0.9817
5623.4131 0.9827
5624.7070 0.9841
5626.0039 0.9812
5627.2983 0.9775
5628.5957 0.9777
5629.8906 0.9788
5631.1890 0.9783
5632.4844 0.9791
5633.7803 0.9791
5635.0791 0.9757
5636.3755 0.9704
5637.6753 0.9678
5638.9722 0.9684
5640.2725 0.9699
5641.5703 0.9708
5642.8682 0.9688
5644.1694 0.9650
5645.4678 0.9645
5646.7695 0.9658
5648.0684 0.9654
5649.3711 0.9644
5650.6704 0.9621
5651.9707 0.9586
5653.2739 0.9584
5654.5742 0.9603
5655.8784 0.9614
5657.1797 0.9628
5658.4839 0.9634
5659.7856 0.9623
5661.0879 0.9617
5662.3931 0.9599
5663.6958 0.9593
5665.0020 0.9574
5666.3052 0.9551
5667.6118 0.9544
5668.9155 0.9525
5670.2197 0.9503
5671.5273 0.9505
5672.8320 0.9501
5674.1401 0.9499
5675.4453 0.9510
5676.7539 0.9508
5678.0601 0.9503
5679.3696 0.9480
5680.6758 0.9440
5681.9829 0.9422
5683.2930 0.9444
5684.6006 0.9449
5685.9111 0.9431
5687.2192 0.9422
5688.5308 0.9419
5689.8394 0.9412
5691.1484 0.9396
5692.4609 0.9379
5693.7705 0.9368
5695.0835 0.9374
5696.3936 0.9347
5697.7070 0.9302
5699.0176 0.9286
5700.3286 0.9288
5701.6431 0.9281
5702.9551 0.9262
5704.2700 0.9256
5705.5825 0.9252
5706.8979 0.9225
5708.2109 0.9196
5709.5239 0.9195
5710.8408 0.9191
5712.1543 0.9170
5713.4717 0.9165
5714.7861 0.9192
5716.1040 0.9192
5717.4189 0.9166
5718.7339 0.9133
5720.0527 0.9120
5721.3687 0.9124
5722.6880 0.9127
5724.0044 0.9122
5725.3242 0.9116
5726.6416 0.9139
5727.9590 0.9149
5729.2798 0.9126
5730.5977 0.9093
5731.9194 0.9069
5733.2378 0.9037
5734.5601 0.9035
5735.8794 0.9039
5737.1987 0.9037
5738.5215 0.9037
5739.8418 0.9043
5741.1655 0.9026
5742.4863 0.9005
5743.8105 0.8993
5745.1318 0.8980
5746.4536 0.8974
5747.7783 0.9009
5749.1006 0.9035
5750.4268 0.8995
5751.7495 0.8936
5753.0757 0.8908
5754.3994 0.8906
5755.7231 0.8885
5757.0503 0.8865
5758.3745 0.8890
5759.7026 0.8906
5761.0273 0.8898
5762.3560 0.8894
5763.6816 0.8895
5765.0078 0.8880
5766.3369 0.8900
5767.6636 0.8963
5768.9937 0.8981
5770.3208 0.8901
5771.6514 0.8832
5772.9790 0.8810
5774.3071 0.8830
5775.6387 0.8854
5776.9673 0.8866
5778.2993 0.8864
5779.6289 0.8852
5780.9614 0.8868
5782.2915 0.8865
5783.6250 0.8833
5784.9556 0.8811
5786.2861 0.8829
5787.6206 0.8844
5788.9521 0.8838
5790.2871 0.8791
5791.6191 0.8761
5792.9546 0.8772
5794.2871 0.8794
5795.6201 0.8788
5796.9565 0.8774
5798.2900 0.8769
5799.6274 0.8783
5800.9614 0.8808
5802.2993 0.8825
5803.6338 0.8827
5804.9692 0.8800
5806.3076 0.8762
5807.6436 0.8728
5808.9824 0.8714
5810.3188 0.8729
5811.6587 0.8747
5812.9956 0.8726
5814.3330 0.8743
5815.6738 0.8753
5817.0117 0.8732
5818.3530 0.8707
5819.6914 0.8703
5821.0337 0.8679
5822.3726 0.8680
5823.7119 0.8675
5825.0552 0.8653
5826.3950 0.8639
5827.7388 0.8651
5829.0791 0.8664
5830.4233 0.8668
5831.7646 0.8651
5833.1064 0.8619
5834.4517 0.8594
5835.7935 0.8591
5837.1396 0.8594
5838.4824 0.8597
5839.8286 0.8606
5841.1719 0.8623
5842.5156 0.8638
5843.8633 0.8633
5845.2075 0.8612
5846.5552 0.8580
5847.9004 0.8526
5849.2490 0.8486
5850.5942 0.8502
5851.9404 0.8543
5853.2896 0.8535
5854.6362 0.8487
5855.9863 0.8496
5857.3335 0.8523
5858.6841 0.8495
5860.0322 0.8482
5861.3799 0.8472
5862.7319 0.8444
5864.0806 0.8425
5865.4326 0.8421
5866.7822 0.8427
5868.1348 0.8452
5869.4849 0.8446
5870.8350 0.8395
5872.1890 0.8360
5873.5400 0.8349
5874.8940 0.8338
5876.2456 0.8344
5877.6006 0.8360
5878.9531 0.8333
5880.3052 0.8277
5881.6611 0.8225
5883.0146 0.8197
5884.3711 0.8172
5885.7246 0.8009
5887.0820 0.7763
5888.4365 0.7823
5889.7939 0.8039
5891.1489 0.8008
5892.5044 0.7822
5893.8633 0.7822
5895.2192 0.8014
5896.5786 0.8095
5897.9351 0.8042
5899.2949 0.8010
5900.6523 0.7987
5902.0098 0.8042
5903.3706 0.8126
5904.7285 0.8169
5906.0903 0.8154
5907.4487 0.8107
5908.8110 0.8055
5910.1704 0.8005
5911.5303 0.7981
5912.8931 0.7990
5914.2534 0.8009
5915.6172 0.8016
5916.9780 0.8003
5918.3428 0.7904
5919.7041 0.7854
5921.0659 0.7896
5922.4312 0.7927
5923.7939 0.7883
5925.1597 0.7898
5926.5229 0.7968
5927.8896 0.7974
5929.2534 0.7942
5930.6172 0.7907
5931.9849 0.7880
5933.3496 0.7879
5934.7178 0.7885
5936.0830 0.7865
5937.4517 0.7880
5938.8179 0.7889
5940.1841 0.7809
5941.5537 0.7697
5942.9204 0.7710
5944.2910 0.7724
5945.6587 0.7674
5947.0298 0.7635
5948.3975 0.7668
5949.7661 0.7674
5951.1382 0.7697
5952.5073 0.7738
5953.8799 0.7754
5955.2495 0.7739
5956.6226 0.7706
5957.9932 0.7652
5959.3638 0.7655
5960.7378 0.7698
5962.1094 0.7709
5963.4839 0.7696
5964.8560 0.7693
5966.2314 0.7654
5967.6040 0.7594
5968.9766 0.7588
5970.3530 0.7611
5971.7266 0.7629
5973.1035 0.7630
5974.4780 0.7605
5975.8555 0.7560
5977.2305 0.7495
5978.6055 0.7485
5979.9839 0.7515
5981.3599 0.7521
5982.7388 0.7508
5984.1152 0.7487
5985.4951 0.7481
5986.8721 0.7488
5988.2495 0.7479
5989.6304 0.7442
5991.0083 0.7415
5992.3896 0.7413
5993.7681 0.7427
5995.1504 0.7444
5996.5298 0.7442
5997.9126 0.7416
5999.2920 0.7401
6000.6724 0.7389
6002.0562 0.7375
6003.4370 0.7350
6004.8213 0.7327
6006.2026 0.7318
6007.5874 0.7314
6008.9697 0.7303
6010.3521 0.7303
6011.7378 0.7317
6013.1211 0.7321
6014.5078 0.7290
6015.8911 0.7248
6017.2783 0.7232
6018.6626 0.7226
6020.0474 0.7221
6021.4355 0.7210
6022.8208 0.7194
6024.2095 0.7197
6025.5957 0.7186
6026.9849 0.7180
6028.3716 0.7174
6029.7583 0.7158
6031.1489 0.7134
6032.5361 0.7111
6033.9272 0.7119
6035.3154 0.7148
6036.7070 0.7157
6038.0957 0.7137
6039.4849 0.7113
6040.8774 0.7106
6042.2671 0.7108
6043.6606 0.7089
6045.0508 0.7082
6046.4448 0.7101
6047.8359 0.7118
6049.2271 0.7114
6050.6221 0.7114
6052.0142 0.7115
6053.4097 0.7096
6054.8022 0.7088
6056.1982 0.7106
6057.5918 0.7081
6058.9854 0.7055
6060.3823 0.7056
6061.7764 0.7045
6063.1743 0.7026
6064.5693 0.7030
6065.9678 0.7045
6067.3633 0.7051
6068.7588 0.7038
6070.1582 0.7007
6071.5547 0.6985
6072.9551 0.6987
6074.3521 0.6974
6075.7529 0.6934
6077.1504 0.6930
6078.5483 0.6942
6079.9502 0.6935
6081.3491 0.6911
6082.7515 0.6921
6084.1504 0.6938
6085.5537 0.6896
6086.9536 0.6862
6088.3540 0.6858
6089.7578 0.6851
6091.1587 0.6834
6092.5635 0.6842
6093.9648 0.6849
6095.3701 0.6847
6096.7725 0.6828
6098.1782 0.6793
6099.5811 0.6761
6100.9844 0.6781
6102.3911 0.6798
6103.7949 0.6798
6105.2026 0.6791
6106.6069 0.6786
6108.0151 0.6771
6109.4204 0.6767
6110.8257 0.6762
6112.2349 0.6763
6113.6411 0.6761
6115.0508 0.6739
6116.4575 0.6707
6117.8682 0.6634
6119.2754 0.6573
6120.6831 0.6616
6122.0947 0.6693
6123.5029 0.6704
6124.9150 0.6724
6126.3242 0.6717
6127.7368 0.6704
6129.1465 0.6706
6130.5566 0.6718
6131.9702 0.6711
6133.3809 0.6654
6134.7954 0.6610
6136.2065 0.6623
6137.6216 0.6603
6139.0337 0.6573
6140.4458 0.6609
6141.8618 0.6646
6143.2749 0.6638
6144.6914 0.6626
6146.1050 0.6634
6147.5220 0.6640
6148.9365 0.6624
6150.3511 0.6625
6151.7690 0.6628
6153.1846 0.6629
6154.6035 0.6620
6156.0190 0.6586
6157.4390 0.6511
6158.8555 0.6415
6160.2720 0.6451
6161.6929 0.6536
6163.1104 0.6552
6164.5312 0.6515
6165.9497 0.6497
6167.3711 0.6486
6168.7900 0.6513
6170.2095 0.6514
6171.6323 0.6509
6173.0518 0.6512
6174.4756 0.6507
6175.8960 0.6495
6177.3198 0.6501
6178.7412 0.6501
6180.1626 0.6501
6181.5874 0.6501
6183.0098 0.6482
6184.4355 0.6438
6185.8579 0.6430
6187.2847 0.6424
6188.7080 0.6404
6190.1318 0.6395
6191.5591 0.6416
6192.9834 0.6424
6194.4116 0.6409
6195.8364 0.6393
6197.2651 0.6385
6198.6909 0.6380
6200.1172 0.6365
6201.5469 0.6342
6202.9731 0.6328
6204.4038 0.6318
6205.8311 0.6315
6207.2622 0.6318
6208.6899 0.6317
6210.1216 0.6308
6211.5503 0.6296
6212.9795 0.6291
6214.4121 0.6278
6215.8418 0.6264
6217.2749 0.6257
6218.7056 0.6239
6220.1392 0.6234
6221.5703 0.6239
6223.0015 0.6238
6224.4365 0.6228
6225.8687 0.6207
6227.3042 0.6164
6228.7368 0.6149
6230.1729 0.6163
6231.6064 0.6171
6233.0400 0.6155
6234.4771 0.6133
6235.9116 0.6136
6237.3496 0.6163
6238.7842 0.6153
6240.2231 0.6128
6241.6587 0.6108
6243.0942 0.6091
6244.5342 0.6085
6245.9707 0.6089
6247.4111 0.6063
6248.8481 0.6030
6250.2891 0.6017
6251.7271 0.6025
6253.1650 0.6037
6254.6069 0.6045
6256.0459 0.6037
6257.4888 0.6035
6258.9282 0.6039
6260.3716 0.6028
6261.8115 0.6005
6263.2520 0.5982
6264.6963 0.5982
6266.1377 0.5987
6267.5825 0.5963
6269.0244 0.5913
6270.4702 0.5906
6271.9126 0.5908
6273.3555 0.5912
6274.8022 0.5862
6276.2456 0.5671
6277.6929 0.5402
6279.1372 0.5369
6280.5850 0.5485
6282.0298 0.5596
6283.4751 0.5687
6284.9238 0.5753
6286.3696 0.5774
6287.8193 0.5777
6289.2661 0.5753
6290.7163 0.5692
6292.1636 0.5636
6293.6108 0.5614
6295.0620 0.5629
6296.5103 0.5660
6297.9624 0.5648
6299.4111 0.5625
6300.8638 0.5628
6302.3135 0.5632
6303.7632 0.5612
6305.2168 0.5629
6306.6675 0.5613
6308.1216 0.5632
6309.5728 0.5627
6311.0278 0.5608
6312.4795 0.5625
6313.9316 0.5607
6315.3877 0.5592
6316.8403 0.5624
6318.2974 0.5619
6319.7510 0.5585
6321.2080 0.5593
6322.6621 0.5616
6324.1201 0.5611
6325.5752 0.5618
6327.0303 0.5636
6328.4893 0.5639
6329.9453 0.5609
6331.4048 0.5561
6332.8613 0.5539
6334.3218 0.5541
6335.7788 0.5540
6337.2363 0.5521
6338.6978 0.5495
6340.1558 0.5501
6341.6182 0.5491
6343.0767 0.5467
6344.5396 0.5466
6345.9990 0.5480
6347.4590 0.5481
6348.9229 0.5486
6350.3833 0.5492
6351.8477 0.5509
6353.3091 0.5529
6354.7739 0.5531
6356.2358 0.5509
6357.6982 0.5488
6359.1641 0.5472
6360.6270 0.5499
6362.0938 0.5517
6363.5576 0.5507
6365.0249 0.5487
6366.4893 0.5462
6367.9536 0.5438
6369.4224 0.5446
6370.8877 0.5460
6372.3564 0.5463
6373.8228 0.5462
6375.2925 0.5468
6376.7588 0.5474
6378.2261 0.5484
6379.6968 0.5484
6381.1646 0.5465
6382.6357 0.5438
6384.1040 0.5425
6385.5762 0.5423
6387.0454 0.5409
6388.5146 0.5379
6389.9878 0.5352
6391.4580 0.5354
6392.9316 0.5376
6394.4023 0.5379
6395.8770 0.5352
6397.3481 0.5333
6398.8198 0.5337
6400.2954 0.5352
6401.7681 0.5353
6403.2441 0.5338
6404.7173 0.5339
6406.1943 0.5330
6407.6680 0.5295
6409.1421 0.5266
6410.6196 0.5283
6412.0947 0.5289
6413.5732 0.5272
6415.0488 0.5254
6416.5278 0.5244
6418.0039 0.5234
6419.4805 0.5243
6420.9609 0.5250
6422.4380 0.5240
6423.9189 0.5242
6425.3970 0.5246
6426.8784 0.5215
6428.3569 0.5159
6429.8359 0.5114
6431.3184 0.5110
6432.7979 0.5166
6434.2812 0.5187
6435.7617 0.5114
6437.2456 0.5136
6438.7266 0.5196
6440.2114 0.5202
6441.6929 0.5190
6443.1748 0.5175
6444.6606 0.5142
6446.1431 0.5129
6447.6294 0.5131
6449.1128 0.5136
6450.6001 0.5133
6452.0840 0.5111
6453.5684 0.5079
6455.0566 0.5082
6456.5415 0.5105
6458.0303 0.5030
6459.5161 0.4956
6461.0054 0.4979
6462.4917 0.5056
6463.9785 0.5069
6465.4692 0.5069
6466.9565 0.5046
6468.4478 0.4999
6469.9360 0.4962
6471.4277 0.4961
6472.9165 0.4966
6474.4058 0.4929
6475.8984 0.4915
6477.3882 0.4935
6478.8818 0.4941
6480.3726 0.4917
6481.8667 0.4933
6483.3579 0.4912
6484.8496 0.4890
6486.3447 0.4899
6487.8369 0.4910
6489.3330 0.4868
6490.8262 0.4789
6492.3228 0.4764
6493.8164 0.4792
6495.3101 0.4810
6496.8081 0.4820
6498.3027 0.4860
6499.8013 0.4898
6501.2964 0.4898
6502.7954 0.4877
6504.2915 0.4857
6505.7876 0.4844
6507.2881 0.4831
6508.7852 0.4827
6510.2861 0.4832
6511.7837 0.4804
6513.2852 0.4761
6514.7837 0.4712
6516.2822 0.4665
6517.7852 0.4664
6519.2842 0.4674
6520.7876 0.4688
6522.2876 0.4705
6523.7920 0.4707
6525.2925 0.4694
6526.7939 0.4706
6528.2988 0.4698
6529.8008 0.4659
6531.3062 0.4617
6532.8091 0.4586
6534.3154 0.4559
6535.8184 0.4543
6537.3223 0.4540
6538.8296 0.4537
6540.3340 0.4516
6541.8423 0.4469
6543.3472 0.4412
6544.8560 0.4372
6546.3613 0.4333
6547.8677 0.4272
6549.3774 0.4210
6550.8843 0.4132
6552.3945 0.3996
6553.9019 0.3794
6555.4136 0.3516
6556.9214 0.2966
6558.4336 0.1831
6559.9424 0.1122
6561.4512 0.1940
6562.9644 0.3002
6564.4741 0.3543
6565.9878 0.3821
6567.4985 0.3987
6569.0127 0.4089
6570.5239 0.4163
6572.0356 0.4225
6573.5513 0.4288
6575.0635 0.4337
6576.5796 0.4382
6578.0923 0.4417
6579.6094 0.4434
6581.1230 0.4450
6582.6372 0.4471
6584.1548 0.4485
6585.6694 0.4486
6587.1885 0.4476
6588.7036 0.4465
6590.2231 0.4472
6591.7393 0.4490
6593.2554 0.4504
6594.7759 0.4507
6596.2930 0.4508
6597.8140 0.4514
6599.3320 0.4514
6600.8535 0.4512
6602.3721 0.4512
6603.8911 0.4516
6605.4141 0.4513
6606.9336 0.4499
6608.4570 0.4498
6609.9771 0.4508
6611.5015 0.4505
6613.0225 0.4517
6614.5439 0.4548
6616.0693 0.4562
6617.5913 0.4531
6619.1172 0.4510
6620.6396 0.4485
6622.1665 0.4470
6623.6899 0.4482
6625.2139 0.4503
6626.7417 0.4490
6628.2661 0.4483
6629.7944 0.4485
6631.3198 0.4489
6632.8486 0.4490
6634.3745 0.4488
6635.9009 0.4484
6637.4312 0.4484
6638.9580 0.4480
6640.4888 0.4471
6642.0166 0.4463
6643.5483 0.4463
6645.0767 0.4475
6646.6055 0.4478
6648.1382 0.4475
6649.6675 0.4475
6651.2007 0.4477
6652.7310 0.4474
6654.2651 0.4472
6655.7959 0.4468
6657.3271 0.4451
6658.8623 0.4441
6660.3940 0.4448
6661.9297 0.4466
6663.4624 0.4494
6664.9990 0.4523
6666.5322 0.4501
6668.0659 0.4481
6669.6035 0.4477
6671.1377 0.4457
6672.6763 0.4444
6674.2114 0.4435
6675.7505 0.4443
6677.2861 0.4446
6678.8257 0.4437
6680.3623 0.4431
6681.8989 0.4437
6683.4399 0.4431
6684.9775 0.4428
6686.5190 0.4417
6688.0571 0.4386
6689.5996 0.4354
6691.1382 0.4371
6692.6777 0.4394
6694.2212 0.4400
6695.7607 0.4394
6697.3052 0.4382
6698.8457 0.4374
6700.3906 0.4387
6701.9316 0.4373
6703.4736 0.4310
6705.0195 0.4285
6706.5620 0.4311
6708.1084 0.4327
6709.6519 0.4336
6711.1987 0.4334
6712.7427 0.4312
6714.2871 0.4298
6715.8354 0.4304
6717.3804 0.4314
6718.9292 0.4315
6720.4751 0.4317
6722.0249 0.4312
6723.5713 0.4303
6725.1177 0.4296
6726.6685 0.4276
6728.2163 0.4205
6729.7676 0.4187
6731.3159 0.4228
6732.8682 0.4242
6734.4170 0.4222
6735.9663 0.4234
6737.5195 0.4255
6739.0693 0.4251
6740.6235 0.4231
6742.1743 0.4205
6743.7290 0.4190
6745.2803 0.4193
6746.8320 0.4191
6748.3877 0.4182
6749.9404 0.4180
6751.4966 0.4181
6753.0498 0.4184
6754.6069 0.4186
6756.1611 0.4170
6757.7153 0.4159
6759.2734 0.4151
6760.8286 0.4151
6762.3877 0.4155
6763.9434 0.4153
6765.5029 0.4139
6767.0596 0.4123
6768.6162 0.4130
6770.1772 0.4133
6771.7344 0.4114
6773.2959 0.4090
6774.8540 0.4081
6776.4165 0.4071
6777.9756 0.4069
6779.5347 0.4064
6781.0981 0.4056
6782.6582 0.4029
6784.2222 0.3932
6785.7827 0.3912
6787.3477 0.3966
6788.9092 0.3994
6790.4707 0.3988
6792.0366 0.3998
6793.5991 0.3991
6795.1655 0.3966
6796.7290 0.3881
6798.2964 0.3872
6799.8604 0.3949
6801.4282 0.3987
6802.9927 0.3975
6804.5581 0.3979
6806.1270 0.3970
6807.6929 0.3961
6809.2627 0.3958
6810.8291 0.3951
6812.3994 0.3936
6813.9668 0.3923
6815.5342 0.3924
6817.1060 0.3921
6818.6743 0.3910
6820.2466 0.3907
6821.8154 0.3911
6823.3887 0.3867
6824.9585 0.3793
6826.5283 0.3805
6828.1025 0.3872
6829.6733 0.3880
6831.2485 0.3887
6832.8198 0.3886
6834.3955 0.3875
6835.9678 0.3859
6837.5405 0.3837
6839.1172 0.3814
6840.6904 0.3816
6842.2681 0.3830
6843.8418 0.3838
6845.4199 0.3838
6846.9946 0.3833
6848.5698 0.3828
6850.1494 0.3814
6851.7251 0.3769
6853.3052 0.3747
6854.8818 0.3757
6856.4624 0.3770
6858.0396 0.3761
6859.6177 0.3767
6861.1992 0.3781
6862.7778 0.3782
6864.3604 0.3776
6865.9395 0.3766
6867.5225 0.3754
6869.1025 0.3753
6870.6826 0.3755
6872.2671 0.3752
6873.8481 0.3747
6875.4331 0.3742
6877.0146 0.3733
6878.6006 0.3716
6880.1831 0.3708
6881.7656 0.3707
6883.3525 0.3696
6884.9360 0.3686
6886.5239 0.3697
6888.1079 0.3700
6889.6963 0.3697
6891.2812 0.3692
6892.8667 0.3687
6894.4561 0.3681
6896.0425 0.3675
6897.6323 0.3670
6899.2192 0.3664
6900.8105 0.3650
6902.3979 0.3629
6903.9858 0.3619
6905.5776 0.3626
6907.1665 0.3620
6908.7593 0.3606
6910.3486 0.3595
6911.9419 0.3587
6913.5322 0.3583
6915.1226 0.3581
6916.7173 0.3568
6918.3081 0.3549
6919.9038 0.3552
6921.4956 0.3557
6923.0918 0.3549
6924.6846 0.3539
6926.2812 0.3538
6927.8745 0.3539
6929.4683 0.3538
6931.0664 0.3538
6932.6606 0.3537
6934.2593 0.3528
6935.8545 0.3515
6937.4541 0.3508
6939.0498 0.3512
6940.6460 0.3502
6942.2466 0.3483
6943.8438 0.3482
6945.4448 0.3489
6947.0430 0.3488
6948.6445 0.3474
6950.2432 0.3469
6951.8423 0.3467
6953.4453 0.3457
6955.0449 0.3455
6956.6489 0.3455
6958.2490 0.3428
6959.8535 0.3413
6961.4546 0.3424
6963.0562 0.3433
6964.6621 0.3420
6966.2642 0.3417
6967.8706 0.3421
6969.4736 0.3411
6971.0806 0.3389
6972.6841 0.3374
6974.2886 0.3354
6975.8965 0.3334
6977.5015 0.3330
6979.1104 0.3350
6980.7158 0.3358
6982.3257 0.3327
6983.9321 0.3335
6985.5386 0.3355
6987.1494 0.3361
6988.7568 0.3359
6990.3687 0.3357
6991.9766 0.3350
6993.5889 0.3340
6995.1978 0.3317
6996.8071 0.3288
6998.4204 0.3276
7000.0303 0.3300
7001.6445 0.3343
7003.2554 0.3343
7004.8701 0.3313
7006.4819 0.3301
7008.0938 0.3301
7009.7095 0.3297
7011.3223 0.3282
7012.9390 0.3251
7014.5522 0.3256
7016.1699 0.3302
7017.7837 0.3306
7019.3984 0.3262
7021.0171 0.3238
7022.6323 0.3232
7024.2515 0.3231
7025.8677 0.3269
7027.4878 0.3276
7029.1045 0.3245
7030.7212 0.3236
7032.3428 0.3222
7033.9604 0.3223
7035.5825 0.3244
7037.2007 0.3231
7038.8237 0.3198
7040.4429 0.3203
7042.0664 0.3202
7043.6865 0.3192
7045.3066 0.3213
7046.9316 0.3249
7048.5527 0.3256
7050.1782 0.3214
7051.7998 0.3174
7053.4263 0.3175
7055.0488 0.3175
7056.6719 0.3169
7058.2988 0.3137
7059.9229 0.3063
7061.5508 0.3016
7063.1753 0.3001
7064.8037 0.3008
7066.4292 0.3051
7068.0547 0.3102
7069.6846 0.3116
7071.3110 0.3126
7072.9419 0.3081
7074.5688 0.3060
7076.2002 0.3033
7077.8281 0.3004
7079.4561 0.3027
7081.0889 0.3075
7082.7178 0.3088
7084.3511 0.3067
7085.9810 0.3037
7087.6147 0.3003
7089.2451 0.2985
7090.8760 0.3038
7092.5112 0.3064
7094.1431 0.3044
7095.7788 0.3005
7097.4111 0.2988
7099.0479 0.3006
7100.6812 0.3014
7102.3145 0.3009
7103.9521 0.2984
7105.5864 0.2955
7107.2251 0.2930
7108.8599 0.2898
7110.4995 0.2850
7112.1353 0.2825
7113.7715 0.2849
7115.4116 0.2894
7117.0483 0.2913
7118.6899 0.2899
7120.3271 0.2927
7121.9692 0.2960
7123.6079 0.2958
7125.2466 0.2945
7126.8896 0.2928
7128.5293 0.2903
7130.1729 0.2915
7131.8130 0.2926
7133.4580 0.2925
7135.0986 0.2920
7136.7402 0.2915
7138.3857 0.2904
7140.0283 0.2882
7141.6748 0.2900
7143.3174 0.2848
7144.9648 0.2786
7146.6084 0.2806
7148.2524 0.2883
7149.9009 0.2885
7151.5459 0.2866
7153.1948 0.2838
7154.8403 0.2841
7156.4902 0.2860
7158.1367 0.2840
7159.7832 0.2796
7161.4346 0.2716
7163.0820 0.2735
7164.7339 0.2800
7166.3818 0.2836
7168.0347 0.2840
7169.6836 0.2839
7171.3369 0.2828
7172.9863 0.2808
7174.6367 0.2803
7176.2910 0.2795
7177.9419 0.2758
7179.5972 0.2765
7181.2490 0.2784
7182.9048 0.2716
7184.5571 0.2677
7186.2100 0.2720
7187.8672 0.2746
7189.5210 0.2692
7191.1787 0.2682
7192.8330 0.2704
7194.4917 0.2717
7196.1465 0.2699
7197.8022 0.2651
7199.4619 0.2600
7201.1182 0.2645
7202.7788 0.2608
7204.4355 0.2562
7206.0972 0.2589
7207.7549 0.2637
7209.4131 0.2618
7211.0757 0.2580
7212.7344 0.2584
7214.3975 0.2600
7216.0571 0.2595
7217.7212 0.2563
7219.3818 0.2504
7221.0425 0.2480
7222.7075 0.2517
7224.3691 0.2555
7226.0352 0.2567
7227.6973 0.2575
7229.3643 0.2574
7231.0273 0.2555
7232.6909 0.2543
7234.3584 0.2532
7236.0229 0.2495
7237.6914 0.2446
7239.3564 0.2466
7241.0259 0.2464
7242.6919 0.2483
7244.3579 0.2509
7246.0283 0.2500
7247.6953 0.2461
7249.3667 0.2470
7251.0342 0.2463
7252.7065 0.2471
7254.3750 0.2488
7256.0439 0.2484
7257.7168 0.2454
7259.3867 0.2447
7261.0605 0.2455
7262.7310 0.2458
7264.4058 0.2460
7266.0771 0.2460
7267.7485 0.2448
7269.4243 0.2434
7271.0967 0.2405
7272.7734 0.2391
7274.4463 0.2396
7276.1240 0.2400
7277.7979 0.2385
7279.4722 0.2365
7281.1509 0.2347
7282.8257 0.2347
7284.5054 0.2269
7286.1812 0.2185
7287.8613 0.2250
7289.5376 0.2296
7291.2148 0.2315
7292.8960 0.2326
7294.5737 0.2319
7296.2559 0.2297
7297.9341 0.2287
7299.6172 0.2291
7301.2964 0.2309
7302.9800 0.2276
7304.6602 0.2216
7306.3408 0.2178
7308.0254 0.2190
7309.7065 0.2227
7311.3921 0.2244
7313.0742 0.2246
7314.7607 0.2230
7316.4434 0.2194
7318.1265 0.2166
7319.8140 0.2201
7321.4980 0.2163
7323.1860 0.2122
7324.8711 0.2143
7326.5601 0.2180
7328.2456 0.2162
7329.9312 0.2178
7331.6216 0.2178
7333.3081 0.2180
7334.9995 0.2176
7336.6865 0.2166
7338.3784 0.2167
7340.0669 0.2166
7341.7554 0.2161
7343.4482 0.2152
7345.1377 0.2146
7346.8315 0.2138
7348.5215 0.2118
7350.2163 0.2096
7351.9067 0.2072
7353.5981 0.2083
7355.2939 0.2103
7356.9858 0.2100
7358.6826 0.2076
7360.3755 0.2068
7362.0728 0.2073
7363.7661 0.2079
7365.4604 0.2076
7367.1587 0.2067
7368.8535 0.2062
7370.5527 0.2058
7372.2485 0.2045
7373.9487 0.2032
7375.6450 0.2034
7377.3418 0.2043
7379.0430 0.2042
7380.7402 0.2033
7382.4424 0.1998
7384.1406 0.1960
7385.8433 0.1959
7387.5425 0.1981
7389.2422 0.1982
7390.9458 0.1980
7392.6465 0.1977
7394.3511 0.1984
7396.0522 0.1977
7397.7573 0.1965
7399.4595 0.1971
7401.1616 0.1951
7402.8682 0.1931
7404.5713 0.1916
7406.2788 0.1906
7407.9824 0.1896
7409.6909 0.1875
7411.3955 0.1837
7413.1006 0.1825
7414.8101 0.1827
7416.5156 0.1839
7418.2261 0.1849
7419.9326 0.1841
7421.6436 0.1829
7423.3506 0.1821
7425.0586 0.1843
7426.7705 0.1867
7428.4795 0.1874
7430.1924 0.1874
7431.9014 0.1863
7433.6152 0.1866
7435.3257 0.1843
7437.0400 0.1805
7438.7510 0.1791
7440.4624 0.1805
7442.1777 0.1779
7443.8901 0.1789
7445.6064 0.1793
7447.3193 0.1790
7449.0366 0.1792
7450.7505 0.1785
7452.4644 0.1744
7454.1831 0.1743
7455.8979 0.1757
7457.6172 0.1751
7459.3325 0.1734
7461.0527 0.1734
7462.7690 0.1739
7464.4858 0.1753
7466.2070 0.1761
7467.9248 0.1747
7469.6470 0.1735
7471.3652 0.1743
7473.0884 0.1705
7474.8076 0.1677
7476.5269 0.1691
7478.2510 0.1720
7479.9712 0.1736
7481.6963 0.1736
7483.4175 0.1709
7485.1431 0.1653
7486.8652 0.1671
7488.5874 0.1663
7490.3145 0.1604
7492.0371 0.1595
7493.7651 0.1603
7495.4888 0.1611
7497.2173 0.1624
7498.9419 0.1635
7500.6670 0.1642
7502.3970 0.1643
7504.1226 0.1612
7505.8530 0.1586
7507.5801 0.1546
7509.3110 0.1553
7511.0386 0.1586
7512.7666 0.1562
7514.4990 0.1572
7516.2275 0.1571
7517.9609 0.1562
7519.6904 0.1524
7521.4243 0.1487
7523.1548 0.1504
7524.8853 0.1522
7526.6206 0.1528
7528.3521 0.1503
7530.0884 0.1493
7531.8203 0.1511
7533.5571 0.1516
7535.2905 0.1499
7537.0239 0.1492
7538.7617 0.1491
7540.4961 0.1489
7542.2349 0.1482
7543.9702 0.1474
7545.7095 0.1473
7547.4453 0.1463
7549.1816 0.1458
7550.9229 0.1434
7552.6597 0.1409
7554.4014 0.1423
7556.1392 0.1415
7557.8818 0.1410
7559.6201 0.1411
7561.3594 0.1412
7563.1030 0.1410
7564.8428 0.1406
7566.5874 0.1400
7568.3281 0.1410
7570.0732 0.1392
7571.8149 0.1375
7573.5610 0.1381
7575.3032 0.1389
7577.0459 0.1382
7578.7930 0.1371
7580.5366 0.1349
7582.2847 0.1337
7584.0288 0.1343
7585.7778 0.1356
7587.5229 0.1354
7589.2686 0.1348
7591.0186 0.1340
7592.7646 0.1333
7594.5156 0.1328
7596.2627 0.1320
7598.0142 0.1302
7599.7622 0.1294
7601.5107 0.1294
7603.2637 0.1295
7605.0127 0.1289
7606.7661 0.1281
7608.5161 0.1278
7610.2710 0.1282
7612.0215 0.1254
7613.7725 0.1219
7615.5283 0.1211
7617.2803 0.1226
7619.0366 0.1245
7620.7896 0.1254
7622.5469 0.1252
7624.3003 0.1245
7626.0542 0.1239
7627.8130 0.1232
7629.5679 0.1225
7631.3271 0.1215
7633.0825 0.1212
7634.8428 0.1205
7636.5991 0.1193
7638.3560 0.1189
7640.1172 0.1188
7641.8750 0.1179
7643.6372 0.1173
7645.3955 0.1169
7647.1587 0.1163
7648.9180 0.1149
7650.6772 0.1114
7652.4419 0.1072
7654.2021 0.1030
7655.9673 0.1017
7657.7285 0.1023
7659.4941 0.1002
7661.2563 0.0967
7663.0186 0.1032
7664.7856 0.1080
7666.5493 0.1085
7668.3169 0.1078
7670.0811 0.1075
7671.8496 0.1064
7673.6147 0.1068
7675.3799 0.1033
7677.1499 0.1012
7678.9160 0.1027
7680.6870 0.1020
7682.4536 0.0987
7684.2251 0.1004
7685.9932 0.1010
7687.7612 0.1001
7689.5342 0.0998
7691.3027 0.1000
7693.0767 0.0977
7694.8462 0.0935
7696.6206 0.0945
7698.3911 0.0977
7700.1621 0.0988
7701.9380 0.0977
7703.7100 0.0973
7705.4863 0.0953
7707.2588 0.0852
7709.0361 0.0825
7710.8096 0.0908
7712.5879 0.0947
7714.3618 0.0947
7716.1367 0.0946
7717.9160 0.0934
7719.6914 0.0918
7721.4717 0.0907
7723.2480 0.0896
7725.0288 0.0890
7726.8062 0.0901
7728.5835 0.0903
7730.3657 0.0900
7732.1440 0.0898
7733.9272 0.0894
7735.7065 0.0891
7737.4902 0.0870
7739.2700 0.0847
7741.0508 0.0834
7742.8354 0.0818
7744.6167 0.0792
7746.4028 0.0814
7748.1851 0.0838
7749.9717 0.0841
7751.7544 0.0826
7753.5376 0.0805
7755.3257 0.0791
7757.1099 0.0781
7758.8984 0.0772
7760.6836 0.0767
7762.4731 0.0777
7764.2588 0.0794
7766.0449 0.0770
7767.8359 0.0663
7769.6226 0.0599
7771.4146 0.0591
7773.2021 0.0653
7774.9946 0.0724
7776.7832 0.0718
7778.5723 0.0706
7780.3662 0.0731
7782.1558 0.0716
7783.9507 0.0700
7785.7412 0.0708
7787.5366 0.0698
7789.3281 0.0681
7791.1201 0.0693
7792.9165 0.0676
7794.7095 0.0665
7796.5068 0.0674
7798.3003 0.0657
7800.0986 0.0627
7801.8931 0.0608
7803.6880 0.0593
7805.4873 0.0599
7807.2832 0.0621
7809.0835 0.0623
7810.8799 0.0605
7812.6812 0.0634
7814.4785 0.0642
7816.2759 0.0612
7818.0786 0.0582
7819.8770 0.0586
7821.6802 0.0589
7823.4795 0.0605
7825.2837 0.0589
7827.0840 0.0557
7828.8843 0.0545
7830.6899 0.0557
7832.4912 0.0556
7834.2974 0.0550
7836.0996 0.0558
7837.9067 0.0567
7839.7100 0.0542
7841.5132 0.0486
7843.3213 0.0492
7845.1260 0.0490
7846.9351 0.0491
7848.7402 0.0491
7850.5498 0.0486
7852.3560 0.0478
7854.1665 0.0450
7855.9736 0.0473
7857.7808 0.0472
7859.5928 0.0464
7861.4009 0.0468
7863.2139 0.0445
7865.0225 0.0375
7866.8364 0.0372
7868.6460 0.0419
7870.4561 0.0432
7872.2710 0.0415
7874.0820 0.0415
7875.8979 0.0342
7877.7100 0.0334
7879.5264 0.0370
7881.3389 0.0395
7883.1519 0.0391
7884.9697 0.0361
7886.7837 0.0281
7888.6025 0.0272
7890.4175 0.0255
7892.2368 0.0230
7894.0522 0.0199
7895.8687 0.0163
7897.6890 0.0242
7899.5059 0.0279
7901.3276 0.0208
7903.1455 0.0195
7904.9678 0.0280
7906.7861 0.0292
7908.6055 0.0206
7910.4292 0.0207
7912.2485 0.0254
7914.0732 0.0229
7915.8940 0.0174
7917.7192 0.0215
7919.5405 0.0202
7921.3628 0.0157
7923.1895 0.0151
7925.0122 0.0195
7926.8394 0.0205
7928.6631 0.0128
7930.4912 0.0143
7932.3159 0.0212
7934.1406 0.0254
7935.9702 0.0280
7937.7959 0.0291
7939.6265 0.0254
7941.4526 0.0205
7943.2842 0.0193
7945.1113 0.0189
7946.9390 0.0192
7948.7720 0.0200
7950.6006 0.0188
7952.4336 0.0155
7954.2632 0.0154
7956.0977 0.0161
7957.9277 0.0145
7959.7583 0.0090
7961.5938 0.0003
7963.4253 -0.0054
7965.2617 0.0055
7967.0942 0.0080
7968.9316 0.0057
7970.7646 0.0073
7972.5981 0.0092
7974.4370 0.0104
7976.2715 0.0094
7978.1108 0.0107
7979.9458 0.0107
7981.7861 0.0081
7983.6226 0.0063
7985.4590 0.0019
7987.3003 0.0042
7989.1377 0.0025
7990.9800 0.0017
7992.8184 0.0036
7994.6616 0.0014
7996.5005 0.0022
7998.3447 -0.0036
8000.1846 -0.0080
8002.0249 -0.0050
8003.8706 -0.0001
8005.7114 -0.0045
8007.5576 -0.0137
8009.3999 -0.0073
8011.2471 -0.0034
8013.0898 -0.0084
8014.9331 -0.0116
8016.7812 -0.0052
8018.6255 -0.0087
8020.4746 -0.0111
8022.3198 -0.0143
8024.1699 -0.0129
8026.0156 -0.0091
8027.8623 -0.0125
8029.7134 -0.0123
8031.5605 -0.0067
8033.4126 -0.0100
8035.2607 -0.0165
8037.1138 -0.0169
8038.9624 -0.0132
8040.8120 -0.0142
8042.6660 -0.0214
8044.5161 -0.0219
8046.3711 -0.0167
8048.2222 -0.0127
8050.0781 -0.0129
8051.9302 -0.0143
8053.7827 -0.0177
8055.6396 -0.0189
8057.4927 -0.0204
8059.3511 -0.0217
8061.2051 -0.0195
8063.0640 -0.0196
8064.9189 -0.0202
8066.7739 -0.0197
8068.6343 -0.0212
8070.4902 -0.0232
8072.3516 -0.0217
8074.2085 -0.0238
8076.0703 -0.0261
8077.9282 -0.0261
8079.7866 -0.0276
8081.6499 -0.0301
8083.5088 -0.0283
8085.3730 -0.0275
8087.2329 -0.0276
8089.0981 -0.0291
8090.9590 -0.0299
8092.8203 -0.0302
8094.6865 -0.0320
8096.5483 -0.0317
8098.4155 -0.0309
8100.2788 -0.0308
8102.1465 -0.0312
8104.0103 -0.0317
8105.8745 -0.0325
8107.7441 -0.0331
8109.6089 -0.0337
8111.4790 -0.0348
8113.3452 -0.0354
8115.2163 -0.0354
8117.0830 -0.0360
8118.9502 -0.0365
8120.8228 -0.0372
8122.6909 -0.0378
8124.5640 -0.0383
8126.4326 -0.0389
8128.3066 -0.0399
8130.1768 -0.0409
8132.0513 -0.0409
8133.9224 -0.0414
8135.7935 -0.0422
8137.6694 -0.0429
8139.5415 -0.0435
8141.4185 -0.0440
8143.2915 -0.0445
8145.1694 -0.0454
8147.0430 -0.0461
8148.9175 -0.0465
8150.7964 -0.0469
8152.6714 -0.0478
8154.5513 -0.0484
8156.4272 -0.0495
8158.3081 -0.0506
8160.1851 -0.0510
8162.0625 -0.0509
8163.9443 -0.0514
8165.8228 -0.0518
8167.7056 -0.0523
8169.5845 -0.0529
8171.4683 -0.0532
8173.3481 -0.0536
8175.2285 -0.0544
8177.1138 -0.0560
8178.9951 -0.0651
8180.8809 -0.0684
8182.7632 -0.0627
8184.6499 -0.0617
8186.5327 -0.0592
8188.4160 -0.0589
8190.3042 -0.0685
8192.1885 -0.0714
8194.0771 -0.0641
8195.9629 -0.0660
8197.8525 -0.0744
8199.7383 -0.0693
8201.6250 -0.0637
8203.5156 -0.0634
8205.4033 -0.0656
8207.2959 -0.0671
8209.1836 -0.0695
8211.0762 -0.0749
8212.9658 -0.0748
8214.8545 -0.0742
8216.7490 -0.0774
8218.6396 -0.0785
8220.5342 -0.0731
8222.4258 -0.0694
8224.3223 -0.0719
8226.2139 -0.0766
8228.1064 -0.0790
8230.0039 -0.0794
8231.8965 -0.0795
8233.7949 -0.0747
8235.6895 -0.0734
8237.5889 -0.0763
8239.4834 -0.0780
8241.3789 -0.0762
8243.2793 -0.0804
8245.1758 -0.0909
8247.0771 -0.0850
8248.9746 -0.0790
8250.8770 -0.0832
8252.7744 -0.0821
8254.6729 -0.0798
8256.5771 -0.0803
8258.4766 -0.0809
8260.3809 -0.0815
8262.2812 -0.0819
8264.1865 -0.0813
8266.0869 -0.0817
8267.9893 -0.0829
8269.8955 -0.0847
8271.7979 -0.0850
8273.7051 -0.0843
8275.6084 -0.0854
8277.5166 -0.0862
8279.4209 -0.0880
8281.3301 -0.0893
8283.2354 -0.0901
8285.1416 -0.0905
8287.0518 -0.0899
8288.9580 -0.0913
8290.8691 -0.0934
8292.7773 -0.0938
8294.6895 -0.0940
8296.5977 -0.0950
8298.5059 -0.0954
8300.4199 -0.0960
8302.3291 -0.0966
8304.2432 -0.0967
8306.1543 -0.0956
8308.0693 -0.0950
8309.9805 -0.0976
8311.8926 -0.0995
8313.8086 -0.0998
8315.7217 -0.0999
8317.6396 -0.0996
8319.5527 -0.0991
8321.4707 -0.1003
8323.3857 -0.1023
8325.2998 -0.1015
8327.2197 -0.1040
8329.1357 -0.1062
8331.0566 -0.1057
8332.9727 -0.1050
8334.8945 -0.0989
8336.8115 -0.1000
8338.7295 -0.1040
8340.6523 -0.1067
8342.5713 -0.1075
8344.4951 -0.1075
8346.4150 -0.1065
8348.3398 -0.1063
8350.2598 -0.1070
8352.1807 -0.1089
8354.1074 -0.1113
8356.0293 -0.1123
8357.9561 -0.1103
8359.8789 -0.1109
8361.8066 -0.1135
8363.7295 -0.1142
8365.6543 -0.1133
8367.5830 -0.1148
8369.5078 -0.1154
8371.4375 -0.1167
8373.3643 -0.1143
8375.2949 -0.1116
8377.2217 -0.1126
8379.1484 -0.1156
8381.0811 -0.1182
8383.0088 -0.1210
8384.9424 -0.1198
8386.8711 -0.1178
8388.8047 -0.1173
8390.7344 -0.1162
8392.6650 -0.1147
8394.6006 -0.1170
8396.5312 -0.1193
8398.4678 -0.1194
8400.3994 -0.1184
8402.3369 -0.1188
8404.2695 -0.1200
8406.2031 -0.1229
8408.1416 -0.1267
8410.0762 -0.1276
8412.0156 -0.1263
8413.9502 -0.1278
8415.8906 -0.1280
8417.8271 -0.1280
8419.7637 -0.1280
8421.7051 -0.1266
8423.6426 -0.1249
8425.5850 -0.1262
8427.5234 -0.1273
8429.4668 -0.1279
8431.4053 -0.1303
8433.3496 -0.1313
8435.2900 -0.1302
8437.2305 -0.1305
8439.1758 -0.1279
8441.1172 -0.1284
8443.0645 -0.1297
8445.0059 -0.1314
8446.9541 -0.1326
8448.8965 -0.1324
8450.8408 -0.1352
8452.7891 -0.1367
8454.7344 -0.1350
8456.6836 -0.1345
8458.6289 -0.1369
8460.5791 -0.1386
8462.5254 -0.1407
8464.4727 -0.1431
8466.4248 -0.1431
8468.3721 -0.1413
8470.3252 -0.1396
8472.2734 -0.1388
8474.2275 -0.1381
8476.1768 -0.1385
8478.1270 -0.1401
8480.0820 -0.1395
8482.0322 -0.1378
8483.9883 -0.1394
8485.9404 -0.1392
8487.8975 -0.1427
8489.8496 -0.1414
8491.8027 -0.1558
8493.7607 -0.1785
8495.7148 -0.1688
8497.6738 -0.1506
8499.6289 -0.1486
8501.5889 -0.1498
8503.5449 -0.1488
8505.5010 -0.1470
8507.4619 -0.1455
8509.4199 -0.1471
8511.3818 -0.1495
8513.3398 -0.1511
8515.3027 -0.1521
8517.2617 -0.1528
8519.2217 -0.1534
8521.1855 -0.1538
8523.1465 -0.1558
8525.1113 -0.1564
8527.0723 -0.1556
8529.0391 -0.1553
8531.0010 -0.1567
8532.9639 -0.1596
8534.9316 -0.1613
8536.8945 -0.2079
8538.8633 -0.2271
8540.8281 -0.1881
8542.7969 -0.1681
8544.7627 -0.1650
8546.7285 -0.1639
8548.6992 -0.1636
8550.6660 -0.1635
8552.6377 -0.1633
8554.6045 -0.1642
8556.5771 -0.1660
8558.5459 -0.1636
8560.5146 -0.1623
8562.4893 -0.1630
8564.4590 -0.1630
8566.4336 -0.1613
8568.4043 -0.1597
8570.3799 -0.1607
8572.3516 -0.1625
8574.3242 -0.1631
8576.3008 -0.1630
8578.2744 -0.1642
8580.2520 -0.1648
8582.2256 -0.1683
8584.2051 -0.1695
8586.1797 -0.1704
8588.1602 -0.1733
8590.1357 -0.1759
8592.1113 -0.1787
8594.0928 -0.1815
8596.0703 -0.1803
8598.0527 -0.1768
8600.0303 -0.1744
8602.0137 -0.1742
8603.9922 -0.1742
8605.9717 -0.1722
8607.9561 -0.1698
8609.9365 -0.1694
8611.9219 -0.1714
8613.9033 -0.1732
8615.8896 -0.1722
8617.8711 -0.1744
8619.8535 -0.1761
8621.8418 -0.1755
8623.8252 -0.1747
8625.8135 -0.1764
8627.7979 -0.1785
8629.7881 -0.1787
8631.7725 -0.1798
8633.7588 -0.1800
8635.7500 -0.1778
8637.7363 -0.1755
8639.7285 -0.1766
8641.7158 -0.1802
8643.7080 -0.1830
8645.6973 -0.1849
8647.6855 -0.1854
8649.6797 -0.1844
8651.6699 -0.1886
8653.6650 -0.1866
8655.6553 -0.2079
8657.6514 -0.2389
8659.6436 -0.2410
8661.6357 -0.2061
8663.6328 -0.1980
8665.6260 -0.1932
8667.6240 -0.1917
8669.6182 -0.1904
8671.6172 -0.1876
8673.6123 -0.1882
8675.6074 -0.1907
8677.6084 -0.1898
8679.6045 -0.1896
8681.6055 -0.1901
8683.6025 -0.1905
8685.6055 -0.1912
8687.6035 -0.1904
8689.6025 -0.1900
8691.6055 -0.1902
8693.6055 -0.1907
8695.6104 -0.1912
8697.6104 -0.1912
8699.6162 -0.1897
8701.6172 -0.1913
8703.6191 -0.1928
8705.6260 -0.1922
8707.6289 -0.1915
8709.6367 -0.1931
8711.6406 -0.1934
8713.6494 -0.1952
8715.6543 -0.1964
8717.6592 -0.1961
8719.6699 -0.1956
8721.6758 -0.1965
8723.6865 -0.1976
8725.6934 -0.1976
8727.7061 -0.1969
8729.7129 -0.1968
8731.7217 -0.1983
8733.7354 -0.2009
8735.7441 -0.2028
8737.7588 -0.2039
8739.7686 -0.2055
8741.7842 -0.2090
8743.7949 -0.2156
8745.8115 -0.2230
8747.8232 -0.2208
8749.8359 -0.2136
8751.8535 -0.2089
8753.8672 -0.2081
8755.8857 -0.2088
8757.9004 -0.2079
8759.9199 -0.2058
8761.9346 -0.2035
8763.9502 -0.2013
8765.9717 -0.2039
8767.9883 -0.2086
8770.0098 -0.2071
8772.0273 -0.2075
8774.0498 -0.2081
8776.0684 -0.2072
8778.0879 -0.2061
8780.1113 -0.2067
8782.1318 -0.2083
8784.1562 -0.2074
8786.1777 -0.2084
8788.2031 -0.2093
8790.2256 -0.2088
8792.2471 -0.2084
8794.2754 -0.2097
8796.2979 -0.2123
8798.3262 -0.2118
8800.3506 -0.2165
8802.3799 -0.2220
8804.4053 -0.2208
8806.4307 -0.2158
8808.4609 -0.2172
8810.4873 -0.2182
8812.5195 -0.2200
8814.5459 -0.2202
8816.5791 -0.2194
8818.6074 -0.2224
8820.6357 -0.2239
8822.6699 -0.2212
8824.6992 -0.2191
8826.7344 -0.2189
8828.7646 -0.2196
8830.8008 -0.2211
8832.8330 -0.2211
8834.8643 -0.2222
8836.9014 -0.2243
8838.9346 -0.2261
8840.9727 -0.2277
8843.0068 -0.2305
8845.0459 -0.2336
8847.0811 -0.2369
8849.1162 -0.2438
8851.1562 -0.2530
8853.1924 -0.2635
8855.2344 -0.2787
8857.2715 -0.3006
8859.3145 -0.3127
8861.3516 -0.3026
8863.3906 -0.2854
8865.4346 -0.2743
8867.4736 -0.2648
8869.5186 -0.2607
8871.5596 -0.2545
8873.6045 -0.2479
8875.6465 -0.2442
8877.6885 -0.2435
8879.7354 -0.2418
8881.7783 -0.2370
8883.8262 -0.2326
8885.8701 -0.2309
8887.9189 -0.2309
8889.9639 -0.2300
8892.0088 -0.2268
8894.0596 -0.2257
8896.1055 -0.2248
8898.1562 -0.2232
8900.2041 -0.2224
8902.2559 -0.2221
8904.3037 -0.2220
8906.3574 -0.2295
8908.4062 -0.2414
8910.4561 -0.2317
8912.5107 -0.2206
8914.5605 -0.2244
8916.6162 -0.2245
8918.6680 -0.2248
8920.7246 -0.2291
8922.7764 -0.2445
8924.8291 -0.2453
8926.8867 -0.2276
8928.9404 -0.2256
8931.0000 -0.2259
8933.0547 -0.2264
8935.1143 -0.2270
8937.1699 -0.2278
8939.2256 -0.2298
8941.2871 -0.2334
8943.3438 -0.2334
8945.4062 -0.2333
8947.4639 -0.2328
8949.5273 -0.2328
8951.5859 -0.2339
8953.6455 -0.2349
8955.7100 -0.2363
8957.7705 -0.2370
8959.8359 -0.2406
8961.8975 -0.2447
8963.9639 -0.2456
8966.0264 -0.2447
8968.0889 -0.2461
8970.1572 -0.2478
8972.2207 -0.2526
8974.2891 -0.2561
8976.3535 -0.2558
8978.4238 -0.2560
8980.4893 -0.2587
8982.5557 -0.2615
8984.6270 -0.2651
8986.6934 -0.2692
8988.7656 -0.2730
8990.8340 -0.2775
8992.9072 -0.2836
8994.9756 -0.2931
8997.0449 -0.2994
8999.1201 -0.3051
9001.1904 -0.3149
9003.2656 -0.3283
9005.3369 -0.3455
9007.4131 -0.3656
9009.4854 -0.3963
9011.5586 -0.4085
9013.6357 -0.3872
9015.7100 -0.3609
9017.7891 -0.3439
9019.8633 -0.3303
9021.9434 -0.3198
9024.0186 -0.3121
9026.0947 -0.3056
9028.1758 -0.2996
9030.2529 -0.2964
9032.3350 -0.2951
9034.4131 -0.2912
9036.4971 -0.2865
9038.5752 -0.2841
9040.6543 -0.2830
9042.7393 -0.2821
9044.8193 -0.2810
9046.9053 -0.2803
9048.9863 -0.2790
9051.0732 -0.2771
9053.1553 -0.2772
9055.2383 -0.2840
9057.3262 -0.3185
9059.4102 -0.3107
9061.4990 -0.2823
9063.5840 -0.2754
9065.6738 -0.2768
9067.7588 -0.2780
9069.8506 -0.2758
9071.9365 -0.2864
9074.0234 -0.2988
9076.1162 -0.2953
9078.2041 -0.2798
9080.2979 -0.2781
9082.3867 -0.2876
9084.4805 -0.3040
9086.5703 -0.2989
9088.6611 -0.2873
9090.7568 -0.3147
9092.8486 -0.2984
9094.9453 -0.2858
9097.0371 -0.2844
9099.1348 -0.2860
9101.2285 -0.2859
9103.3223 -0.2865
9105.4209 -0.2912
9107.5156 -0.3119
9109.6162 -0.3047
9111.7119 -0.2898
9113.8125 -0.2920
9115.9092 -0.2921
9118.0068 -0.2946
9120.1094 -0.2957
9122.2070 -0.2961
9124.3105 -0.2955
9126.4102 -0.2951
9128.5146 -0.2975
9130.6143 -0.2965
9132.7148 -0.2966
9134.8213 -0.2974
9136.9219 -0.2982
9139.0293 -0.2991
9141.1318 -0.3006
9143.2393 -0.3028
9145.3428 -0.3028
9147.4473 -0.3028
9149.5566 -0.3040
9151.6611 -0.3056
9153.7715 -0.3061
9155.8770 -0.3067
9157.9883 -0.3080
9160.0957 -0.3096
9162.2031 -0.3106
9164.3154 -0.3112
9166.4238 -0.3128
9168.5371 -0.3146
9170.6465 -0.3194
9172.7617 -0.3230
9174.8711 -0.3228
9176.9824 -0.3231
9179.0986 -0.3283
9181.2100 -0.3261
9183.3271 -0.3278
9185.4395 -0.3285
9187.5576 -0.3289
9189.6719 -0.3316
9191.7852 -0.3342
9193.9053 -0.3377
9196.0205 -0.3401
9198.1406 -0.3456
9200.2568 -0.3510
9202.3789 -0.3535
9204.4951 -0.3574
9206.6133 -0.3661
9208.7363 -0.3812
9210.8545 -0.3833
9212.9785 -0.3885
9215.0977 -0.4035
9217.2227 -0.4062
9219.3428 -0.4205
9221.4639 -0.4412
9223.5908 -0.4725
9225.7129 -0.4830
9227.8398 -0.4588
9229.9629 -0.4345
9232.0908 -0.4226
9234.2148 -0.4142
9236.3447 -0.3990
9238.4688 -0.3925
9240.5947 -0.3952
9242.7256 -0.3823
9244.8516 -0.3746
9246.9834 -0.3716
9249.1104 -0.3731
9251.2432 -0.3740
9253.3721 -0.3715
9255.5010 -0.3727
9257.6348 -0.3852
9259.7646 -0.3828
9261.8994 -0.3771
9264.0303 -0.3677
9266.1670 -0.3568
9268.2988 -0.3578
9270.4307 -0.3568
9272.5684 -0.3565
9274.7012 -0.3565
9276.8398 -0.3566
9278.9746 -0.3568
9281.1143 -0.3571
9283.2490 -0.3573
9285.3848 -0.3584
9287.5264 -0.3587
9289.6621 -0.3590
9291.8047 -0.3601
9293.9424 -0.3604
9296.0850 -0.3599
9298.2236 -0.3609
9300.3633 -0.3619
9302.5078 -0.3621
9304.6475 -0.3625
9306.7930 -0.3636
9308.9346 -0.3638
9311.0811 -0.3641
9313.2227 -0.3669
9315.3652 -0.3688
9317.5137 -0.3678
9319.6572 -0.3676
9321.8057 -0.3689
9323.9502 -0.3693
9326.1006 -0.3691
9328.2461 -0.3696
9330.3916 -0.3706
9332.5439 -0.3712
9334.6904 -0.3720
9336.8428 -0.3730
9338.9912 -0.3742
9341.1445 -0.3748
9343.2939 -0.3753
9345.4434 -0.3775
9347.5977 -0.3783
9349.7480 -0.3780
9351.9043 -0.3784
9354.0557 -0.3794
9356.2129 -0.3802
9358.3652 -0.3809
9360.5186 -0.3814
9362.6768 -0.3821
9364.8301 -0.3828
9366.9902 -0.3840
9369.1445 -0.3854
9371.3057 -0.3857
9373.4609 -0.3862
9375.6172 -0.3878
9377.7793 -0.3877
9379.9365 -0.3898
9382.0996 -0.3949
9384.2578 -0.3954
9386.4219 -0.3937
9388.5820 -0.4005
9390.7461 -0.3983
9392.9072 -0.3934
9395.0674 -0.3955
9397.2344 -0.3976
9399.3965 -0.4045
9401.5635 -0.4268
9403.7266 -0.4160
9405.8945 -0.4004
9408.0586 -0.4155
9410.2227 -0.4303
9412.3926 -0.4128
9414.5586 -0.4041
9416.7295 -0.4091
9418.8955 -0.4111
9421.0674 -0.4057
9423.2344 -0.4074
9425.4023 -0.4099
9427.5762 -0.4115
9429.7451 -0.4116
9431.9189 -0.4169
9434.0889 -0.4232
9436.2646 -0.4161
9438.4355 -0.4147
9440.6064 -0.4181
9442.7832 -0.4180
9444.9561 -0.4160
9447.1338 -0.4164
9449.3076 -0.4178
9451.4863 -0.4188
9453.6602 -0.4194
9455.8350 -0.4211
9458.0156 -0.4229
9460.1914 -0.4235
9462.3730 -0.4240
9464.5498 -0.4242
9466.7324 -0.4252
9468.9102 -0.4262
9471.0889 -0.4272
9473.2725 -0.4283
9475.4521 -0.4294
9477.6367 -0.4316
9479.8174 -0.4330
9482.0029 -0.4335
9484.1846 -0.4343
9486.3662 -0.4359
9488.5537 -0.4376
9490.7363 -0.4393
9492.9258 -0.4413
9495.1094 -0.4428
9497.2988 -0.4441
9499.4834 -0.4465
9501.6689 -0.4496
9503.8604 -0.4504
9506.0459 -0.4522
9508.2383 -0.4546
9510.4258 -0.4571
9512.6191 -0.4600
9514.8076 -0.4633
9516.9961 -0.4669
9519.1904 -0.4709
9521.3809 -0.4756
9523.5762 -0.4808
9525.7666 -0.4867
9527.9639 -0.4934
9530.1553 -0.5016
9532.3477 -0.5107
9534.5459 -0.5228
9536.7393 -0.5380
9538.9385 -0.5600
9541.1328 -0.5871
9543.3330 -0.5839
9545.5283 -0.5596
9547.7246 -0.5396
9549.9268 -0.5274
9552.1230 -0.5170
9554.3262 -0.5097
9556.5234 -0.5037
9558.7275 -0.4991
9560.9268 -0.4950
9563.1309 -0.4920
9565.3311 -0.4907
9567.5322 -0.4887
9569.7383 -0.4864
9571.9395 -0.4841
9574.1465 -0.4826
9576.3496 -0.4815
9578.5576 -0.4809
9580.7607 -0.4806
9582.9648 -0.4802
9585.1748 -0.4798
9587.3799 -0.4805
9589.5908 -0.4811
9591.7969 -0.4806
9594.0088 -0.4808
9596.2158 -0.4833
9598.4238 -0.4954
9600.6367 -0.4923
9602.8457 -0.4835
9605.0596 -0.4833
9607.2695 -0.4823
9609.4854 -0.4839
9611.6953 -0.4816
9613.9062 -0.4896
9616.1240 -0.5008
9618.3359 -0.4993
9620.5537 -0.4878
9622.7666 -0.4904
9624.9863 -0.4898
9627.2002 -0.4971
9629.4150 -0.5012
9631.6357 -0.4937
9633.8516 -0.4914
9636.0723 -0.4913
9638.2891 -0.4926
9640.5117 -0.4920
9642.7295 -0.4954
9644.9482 -0.5033
9647.1719 -0.5030
9649.3916 -0.4971
9651.6172 -0.5030
9653.8369 -0.5163
9656.0635 -0.5144
9658.2842 -0.4991
9660.5068 -0.5021
9662.7344 -0.5011
9664.9570 -0.5026
9667.1855 -0.5073
9669.4102 -0.5089
9671.6396 -0.5068
9673.8643 -0.5100
9676.0898 -0.5159
9678.3213 -0.5127
9680.5479 -0.5104
9682.7803 -0.5114
9685.0078 -0.5138
9687.2412 -0.5182
9689.4697 -0.5177
9691.6982 -0.5154
9693.9336 -0.5147
9696.1631 -0.5150
9698.3994 -0.5152
9700.6299 -0.5161
9702.8672 -0.5168
9705.0996 -0.5176
9707.3320 -0.5185
9709.5703 -0.5193
9711.8047 -0.5202
9714.0439 -0.5211
9716.2783 -0.5221
9718.5186 -0.5246
9720.7549 -0.5254
9722.9912 -0.5252
9725.2334 -0.5259
9727.4707 -0.5268
9729.7139 -0.5278
9731.9521 -0.5336
9734.1963 -0.5398
9736.4355 -0.5393
9738.6807 -0.5334
9740.9209 -0.5332
9743.1621 -0.5349
9745.4082 -0.5350
9747.6504 -0.5350
9749.8984 -0.5357
9752.1416 -0.5367
9754.3896 -0.5378
9756.6338 -0.5388
9758.8789 -0.5412
9761.1289 -0.5417
9763.3740 -0.5415
9765.6260 -0.5425
9767.8721 -0.5430
9770.1250 -0.5439
9772.3721 -0.5449
9774.6201 -0.5458
9776.8750 -0.5467
9779.1240 -0.5480
9781.3789 -0.5494
9783.6289 -0.5508
9785.8848 -0.5514
9788.1367 -0.5517
9790.3877 -0.5527
9792.6455 -0.5547
9794.8984 -0.5561
9797.1572 -0.5566
9799.4111 -0.5562
9801.6709 -0.5567
9803.9258 -0.5582
9806.1807 -0.5597
9808.4424 -0.5608
9810.6982 -0.5610
9812.9609 -0.5615
9815.2188 -0.5631
9817.4814 -0.5648
9819.7402 -0.5663
9821.9990 -0.5682
9824.2646 -0.5676
9826.5244 -0.5677
9828.7900 -0.5692
9831.0518 -0.5703
9833.3184 -0.5706
9835.5801 -0.5718
9837.8428 -0.5738
9840.1113 -0.5738
9842.3750 -0.5740
9844.6455 -0.5752
9846.9102 -0.5784
9849.1807 -0.5844
9851.4463 -0.5851
9853.7129 -0.5855
9855.9844 -0.5869
9858.2520 -0.5860
9860.5254 -0.5827
9862.7939 -0.5829
9865.0684 -0.5838
9867.3379 -0.5852
9869.6074 -0.5859
9871.8838 -0.5865
9874.1543 -0.5873
9876.4316 -0.5883
9878.7031 -0.5900
9880.9814 -0.5894
9883.2549 -0.5951
9885.5283 -0.6049
9887.8076 -0.6069
9890.0830 -0.5962
9892.3633 -0.5958
9894.6387 -0.5996
9896.9209 -0.5995
9899.1973 -0.5983
9901.4746 -0.5997
9903.7578 -0.6008
9906.0361 -0.6023
9908.3203 -0.6054
9910.5996 -0.6093
9912.8857 -0.6089
9915.1660 -0.6048
9917.4521 -0.6057
9919.7334 -0.6075
9922.0156 -0.6066
9924.3037 -0.6122
9926.5869 -0.6195
9928.8760 -0.6187
9931.1602 -0.6120
9933.4502 -0.6127
9935.7354 -0.6177
9938.0205 -0.6193
9940.3125 -0.6176
9942.5996 -0.6173
9944.8926 -0.6195
9947.1797 -0.6206
9949.4736 -0.6209
9951.7627 -0.6222
9954.0518 -0.6236
9956.3477 -0.6243
9958.6377 -0.6255
9960.9346 -0.6259
9963.2256 -0.6269
9965.5234 -0.6283
9967.8154 -0.6295
9970.1094 -0.6304
9972.4082 -0.6319
9974.7021 -0.6330
9977.0020 -0.6343
9979.2979 -0.6357
9981.5986 -0.6369
9983.8945 -0.6380
9986.1914 -0.6393
9988.4941 -0.6410
9990.7920 -0.6443
9993.0967 -0.6480
9995.3955 -0.6485
9997.7002 -0.6467
10000.0000 -0.6491
10002.3057 -0.6504
10004.6016 -0.6523
10006.9082 -0.6544
10009.2158 -0.6566
10011.5244 -0.6592
10013.8223 -0.6621
10016.1309 -0.6647
10018.4404 -0.6678
10020.7402 -0.6716
10023.0508 -0.6756
10025.3623 -0.6796
10027.6738 -0.6848
10029.9756 -0.6902
10032.2881 -0.6968
10034.6016 -0.7047
10036.9043 -0.7145
10039.2188 -0.7270
10041.5342 -0.7440
10043.8496 -0.7693
10046.1543 -0.7726
10048.4707 -0.7535
10050.7881 -0.7336
10053.0947 -0.7246
10055.4131 -0.7153
10057.7324 -0.7094
10060.0508 -0.7045
10062.3604 -0.7008
10064.6807 -0.6978
10067.0010 -0.6950
10069.3115 -0.6928
10071.6338 -0.6915
10073.9561 -0.6904
10076.2793 -0.6894
10078.5918 -0.6889
10080.9160 -0.6886
10083.2402 -0.6877
10085.5547 -0.6876
10087.8799 -0.6875
10090.2061 -0.6876
10092.5332 -0.6878
10094.8496 -0.6881
10097.1777 -0.6885
10099.5059 -0.6899
10101.8232 -0.6918
10104.1533 -0.6924
10106.4834 -0.6939
10108.8135 -0.6969
10111.1338 -0.6965
10113.4648 -0.6937
10115.7969 -0.6931
10118.1191 -0.7031
10120.4521 -0.7077
10122.7861 -0.6984
10125.1201 -0.6970
10127.4434 -0.6976
10129.7793 -0.6982
10132.1152 -0.6990
10134.4404 -0.6998
10136.7773 -0.7007
10139.1152 -0.7025
10141.4531 -0.7058
10143.7803 -0.7051
10146.1191 -0.7044
10148.4590 -0.7056
10150.7881 -0.7071
10153.1289 -0.7077
10155.4707 -0.7078
10157.8125 -0.7117
10160.1436 -0.7142
10162.4863 -0.7130
10164.8301 -0.7114
10167.1621 -0.7135
10169.5068 -0.7149
10171.8525 -0.7156
10174.1973 -0.7154
10176.5322 -0.7179
10178.8789 -0.7228
10181.2266 -0.7224
10183.5742 -0.7205
10185.9111 -0.7212
10188.2607 -0.7223
10190.6094 -0.7230
10192.9482 -0.7240
10195.2988 -0.7250
10197.6504 -0.7262
10200.0020 -0.7270
10202.3428 -0.7281
10204.6953 -0.7292
10207.0479 -0.7300
10209.3906 -0.7313
10211.7451 -0.7351
10214.0996 -0.7345
10216.4551 -0.7341
10218.7998 -0.7352
10221.1562 -0.7361
10223.5137 -0.7372
10225.8594 -0.7382
10228.2178 -0.7389
10230.5762 -0.7402
10232.9355 -0.7417
10235.2842 -0.7428
10237.6436 -0.7431
10240.0049 -0.7447
10242.3545 -0.7457
10244.7168 -0.7463
10247.0791 -0.7471
10249.4424 -0.7483
10251.7939 -0.7494
10254.1582 -0.7504
10256.5234 -0.7513
10258.8770 -0.7524
10261.2422 -0.7534
10263.6084 -0.7544
10265.9756 -0.7555
10268.3311 -0.7569
10270.6992 -0.7584
10273.0674 -0.7590
10275.4258 -0.7595
10277.7949 -0.7607
10280.1650 -0.7617
10282.5352 -0.7641
10284.8955 -0.7669
10287.2666 -0.7663
10289.6396 -0.7654
10292.0010 -0.7672
10294.3740 -0.7681
10296.7480 -0.7695
10299.1221 -0.7704
10301.4863 -0.7712
10303.8613 -0.7724
10306.2373 -0.7741
10308.6025 -0.7756
10310.9795 -0.7756
10313.3574 -0.7765
10315.7363 -0.7777
10318.1035 -0.7788
10320.4824 -0.7797
10322.8623 -0.7809
10325.2314 -0.7824
10327.6123 -0.7848
10329.9941 -0.7851
10332.3760 -0.7848
10334.7471 -0.7861
10337.1309 -0.7878
10339.5146 -0.7909
10341.8877 -0.7904
10344.2725 -0.7903
10346.6572 -0.7916
10349.0430 -0.7925
