3562.0508 0.1563
3562.8704 0.1716
3563.6899 0.1828
3564.5117 0.1889
3565.3318 0.1922
3566.1538 0.1927
3566.9744 0.1835
3567.7969 0.1644
3568.6177 0.1484
3569.4385 0.1472
3570.2617 0.1600
3571.0830 0.1722
3571.9065 0.1700
3572.7283 0.1597
3573.5520 0.1520
3574.3740 0.1518
3575.1963 0.1582
3576.0208 0.1711
3576.8435 0.1918
3577.6682 0.2119
3578.4915 0.2267
3579.3167 0.2374
3580.1399 0.2466
3580.9636 0.2525
3581.7893 0.2524
3582.6133 0.2457
3583.4395 0.2343
3584.2639 0.2266
3585.0903 0.2336
3585.9150 0.2524
3586.7400 0.2564
3587.5671 0.2387
3588.3923 0.2179
3589.2200 0.2117
3590.0457 0.2241
3590.8735 0.2461
3591.6995 0.2667
3592.5259 0.2845
3593.3542 0.3028
3594.1809 0.3211
3595.0098 0.3342
3595.8367 0.3376
3596.6660 0.3354
3597.4934 0.3359
3598.3208 0.3420
3599.1506 0.3521
3599.9788 0.3633
3600.8088 0.3746
3601.6372 0.3856
3602.4678 0.3930
3603.2964 0.3947
3604.1252 0.3914
3604.9565 0.3861
3605.7859 0.3818
3606.6172 0.3789
3607.4470 0.3756
3608.2788 0.3761
3609.1089 0.3850
3609.9392 0.3997
3610.7717 0.4065
3611.6023 0.3975
3612.4351 0.3893
3613.2661 0.3927
3614.0994 0.4060
3614.9307 0.4198
3615.7625 0.4268
3616.5962 0.4321
3617.4282 0.4459
3618.2625 0.4652
3619.0947 0.4789
3619.9292 0.4760
3620.7620 0.4555
3621.5969 0.4336
3622.4302 0.4322
3623.2634 0.4496
3624.0989 0.4713
3624.9326 0.4842
3625.7686 0.4895
3626.6028 0.4937
3627.4390 0.5019
3628.2734 0.5181
3629.1082 0.5404
3629.9451 0.5600
3630.7800 0.5689
3631.6174 0.5687
3632.4529 0.5551
3633.2903 0.5301
3634.1262 0.5080
3634.9622 0.5080
3635.8005 0.5333
3636.6370 0.5625
3637.4756 0.5837
3638.3123 0.5974
3639.1514 0.6067
3639.9885 0.6127
3640.8259 0.6167
3641.6653 0.6219
3642.5032 0.6273
3643.3430 0.6285
3644.1812 0.6230
3645.0215 0.6128
3645.8601 0.6028
3646.6990 0.6010
3647.5398 0.6091
3648.3789 0.6207
3649.2202 0.6285
3650.0596 0.6297
3650.9014 0.6286
3651.7412 0.6346
3652.5813 0.6463
3653.4236 0.6601
3654.2642 0.6741
3655.1067 0.6882
3655.9475 0.7022
3656.7908 0.7165
3657.6318 0.7289
3658.4734 0.7371
3659.3169 0.7421
3660.1587 0.7477
3661.0029 0.7549
3661.8450 0.7574
3662.6895 0.7578
3663.5320 0.7598
3664.3748 0.7626
3665.2197 0.7635
3666.0630 0.7648
3666.9084 0.7716
3667.7520 0.7826
3668.5977 0.7940
3669.4417 0.8027
3670.2859 0.8082
3671.1321 0.8114
3671.9768 0.8142
3672.8235 0.8175
3673.6685 0.8222
3674.5156 0.8289
3675.3608 0.8366
3676.2063 0.8412
3677.0542 0.8429
3677.8999 0.8448
3678.7480 0.8457
3679.5945 0.8443
3680.4429 0.8419
3681.2896 0.8410
3682.1365 0.8405
3682.9856 0.8431
3683.8328 0.8497
3684.6824 0.8571
3685.5300 0.8616
3686.3799 0.8650
3687.2278 0.8668
3688.0781 0.8602
3688.9265 0.8499
3689.7751 0.8472
3690.6260 0.8633
3691.4751 0.8982
3692.3264 0.9303
3693.1758 0.9407
3694.0273 0.9383
3694.8772 0.9426
3695.7273 0.9653
3696.5793 0.9956
3697.4299 1.0088
3698.2825 0.9992
3699.1333 0.9757
3699.9863 0.9580
3700.8374 0.9681
3701.6887 1.0127
3702.5425 1.0631
3703.3943 1.0896
3704.2483 1.0842
3705.1003 1.0514
3705.9548 1.0007
3706.8074 0.9501
3707.6599 0.9287
3708.5149 0.9441
3709.3682 0.9872
3710.2234 1.0403
3711.0771 1.0822
3711.9329 1.0958
3712.7866 1.0779
3713.6409 1.0316
3714.4973 0.9848
3715.3518 0.9741
3716.2085 1.0227
3717.0635 1.1120
3717.9204 1.1931
3718.7759 1.2487
3719.6313 1.2800
3720.4890 1.2883
3721.3450 1.2681
3722.2031 1.2113
3723.0593 1.1209
3723.9180 1.0190
3724.7747 0.9485
3725.6316 0.9501
3726.4905 1.0358
3727.3479 1.1624
3728.2073 1.2674
3729.0649 1.3261
3729.9250 1.3476
3730.7830 1.3568
3731.6414 1.3742
3732.5017 1.3918
3733.3604 1.3830
3734.2214 1.3390
3735.0803 1.2541
3735.9417 1.1348
3736.8013 1.0133
3737.6609 0.9478
3738.5227 0.9789
3739.3828 1.0647
3740.2451 1.1712
3741.1055 1.2846
3741.9683 1.3956
3742.8291 1.4797
3743.6899 1.5207
3744.5532 1.5295
3745.4148 1.5205
3746.2786 1.5039
3747.1404 1.4830
3748.0044 1.4525
3748.8667 1.4127
3749.7290 1.3720
3750.5938 1.3107
3751.4565 1.2123
3752.3215 1.0953
3753.1848 1.0244
3754.0503 1.0664
3754.9138 1.1877
3755.7798 1.3288
3756.6438 1.4537
3757.5081 1.5552
3758.3745 1.6325
3759.2390 1.6716
3760.1060 1.6678
3760.9709 1.6406
3761.8381 1.6187
3762.7036 1.6230
3763.5693 1.6491
3764.4370 1.6785
3765.3032 1.7067
3766.1714 1.7235
3767.0378 1.7217
3767.9065 1.7020
3768.7732 1.6668
3769.6401 1.6098
3770.5095 1.5367
3771.3770 1.4457
3772.2466 1.3332
3773.1145 1.2160
3773.9844 1.1547
3774.8528 1.2176
3775.7209 1.3581
3776.5918 1.4984
3777.4604 1.5899
3778.3315 1.6333
3779.2009 1.6748
3780.0723 1.7596
3780.9419 1.8500
3781.8118 1.9177
3782.6838 1.9604
3783.5540 1.9905
3784.4265 2.0133
3785.2971 2.0237
3786.1699 2.0250
3787.0410 2.0258
3787.9121 2.0274
3788.7856 2.0214
3789.6572 2.0028
3790.5310 1.9850
3791.4031 1.9755
3792.2773 1.9715
3793.1499 1.9675
3794.0225 1.9603
3794.8972 1.9459
3795.7703 1.9115
3796.6455 1.8501
3797.5190 1.7642
3798.3948 1.6557
3799.2686 1.5222
3800.1426 1.3717
3801.0188 1.2673
3801.8933 1.2868
3802.7700 1.4189
3803.6448 1.6003
3804.5220 1.7638
3805.3972 1.8806
3806.2727 1.9615
3807.1504 2.0151
3808.0261 2.0457
3808.9043 2.0597
3809.7805 2.0717
3810.6589 2.1007
3811.5356 2.1515
3812.4126 2.2049
3813.2917 2.2448
3814.1689 2.2624
3815.0483 2.2537
3815.9260 2.2228
3816.8059 2.1964
3817.6841 2.1869
3818.5623 2.1936
3819.4429 2.2188
3820.3215 2.2632
3821.2024 2.3021
3822.0815 2.2977
3822.9629 2.2602
3823.8423 2.2308
3824.7241 2.2355
3825.6040 2.2599
3826.4841 2.2591
3827.3665 2.2247
3828.2468 2.1901
3829.1296 2.1697
3830.0105 2.1580
3830.8938 2.1408
3831.7751 2.1114
3832.6565 2.0882
3833.5403 2.0620
3834.4224 2.0033
3835.3064 1.9003
3836.1887 1.7675
3837.0735 1.6233
3837.9561 1.4883
3838.8391 1.4477
3839.7244 1.5210
3840.6077 1.6598
3841.4932 1.7956
3842.3770 1.9105
3843.2629 2.0144
3844.1472 2.1116
3845.0315 2.2065
3845.9182 2.2923
3846.8030 2.3528
3847.6899 2.3864
3848.5752 2.4053
3849.4626 2.4291
3850.3481 2.4650
3851.2339 2.5009
3852.1221 2.5131
3853.0083 2.4950
3853.8967 2.4883
3854.7832 2.5171
3855.6721 2.5629
3856.5591 2.5995
3857.4463 2.6125
3858.3359 2.5979
3859.2234 2.5708
3860.1135 2.5565
3861.0015 2.5485
3861.8918 2.5353
3862.7803 2.5268
3863.6687 2.5551
3864.5598 2.6198
3865.4487 2.6771
3866.3401 2.7056
3867.2297 2.7066
3868.1213 2.6940
3869.0112 2.6896
3869.9014 2.7061
3870.7937 2.7234
3871.6841 2.7315
3872.5769 2.7312
3873.4678 2.7233
3874.3611 2.6977
3875.2524 2.6484
3876.1438 2.6144
3877.0376 2.6187
3877.9297 2.6498
3878.8237 2.6721
3879.7161 2.6590
3880.6108 2.6014
3881.5037 2.5449
3882.3965 2.5351
3883.2917 2.5694
3884.1851 2.5982
3885.0808 2.5863
3885.9746 2.5537
3886.8706 2.5045
3887.7649 2.4229
3888.6592 2.2981
3889.5559 2.1405
3890.4507 1.9761
3891.3479 1.8085
3892.2429 1.7095
3893.1406 1.7500
3894.0361 1.9218
3894.9341 2.1328
3895.8301 2.2947
3896.7263 2.4000
3897.6250 2.4675
3898.5215 2.5166
3899.4207 2.5599
3900.3176 2.5991
3901.2170 2.6234
3902.1145 2.6327
3903.0122 2.6459
3903.9121 2.6770
3904.8103 2.7212
3905.7107 2.7588
3906.6094 2.7781
3907.5100 2.7791
3908.4089 2.7622
3909.3081 2.7603
3910.2097 2.7990
3911.1091 2.8659
3912.0110 2.9160
3912.9111 2.9428
3913.8132 2.9605
3914.7136 2.9656
3915.6143 2.9530
3916.5171 2.9339
3917.4182 2.9358
3918.3215 2.9618
3919.2229 2.9787
3920.1267 2.9779
3921.0286 2.9687
3921.9307 2.9612
3922.8350 2.9544
3923.7373 2.9533
3924.6421 2.9567
3925.5452 2.9607
3926.4502 2.9716
3927.3535 3.0000
3928.2571 3.0318
3929.1628 3.0336
3930.0667 3.0000
3930.9731 2.9482
3931.8774 2.8919
3932.7839 2.8204
3933.6887 2.6896
3934.5938 2.4456
3935.5010 2.0801
3936.4062 1.7310
3937.3142 1.5886
3938.2200 1.7697
3939.1279 2.1698
3940.0342 2.5456
3940.9407 2.8038
3941.8494 2.9548
3942.7561 3.0364
3943.6653 3.0783
3944.5725 3.0952
3945.4822 3.0933
3946.3899 3.0775
3947.2979 3.0687
3948.2080 3.0823
3949.1162 3.1105
3950.0269 3.1245
3950.9355 3.1169
3951.8467 3.1066
3952.7559 3.1047
3953.6650 3.1100
3954.5769 3.1134
3955.4866 3.1077
3956.3987 3.1025
3957.3088 3.1015
3958.2214 3.0911
3959.1321 3.0633
3960.0449 3.0307
3960.9561 3.0216
3961.8672 3.0335
3962.7808 3.0331
3963.6924 3.0024
3964.6064 2.9483
3965.5186 2.8946
3966.4329 2.8586
3967.3455 2.8150
3968.2581 2.7175
3969.1731 2.5303
3970.0862 2.2447
3971.0017 1.9011
3971.9153 1.6175
3972.8313 1.5529
3973.7451 1.7125
3974.6592 1.9988
3975.5759 2.2981
3976.4905 2.5314
3977.4075 2.6884
3978.3225 2.7992
3979.2397 2.8761
3980.1553 2.9336
3981.0708 2.9858
3981.9888 3.0382
3982.9050 3.0836
3983.8232 3.1147
3984.7397 3.1330
3985.6587 3.1480
3986.5757 3.1684
3987.4927 3.1960
3988.4121 3.2210
3989.3298 3.2302
3990.2498 3.2406
3991.1677 3.2601
3992.0879 3.2818
3993.0063 3.2952
3993.9250 3.3038
3994.8459 3.3168
3995.7649 3.3319
3996.6863 3.3425
3997.6057 3.3439
3998.5276 3.3381
3999.4475 3.3341
4000.3674 3.3263
4001.2900 3.3173
4002.2104 3.3198
4003.1333 3.3385
4004.0544 3.3651
4004.9775 3.3904
4005.8989 3.4042
4006.8206 3.3931
4007.7446 3.3634
4008.6665 3.3378
4009.5908 3.3412
4010.5132 3.3736
4011.4380 3.4068
4012.3608 3.4271
4013.2839 3.4327
4014.2095 3.4262
4015.1328 3.4129
4016.0588 3.4048
4016.9827 3.4141
4017.9089 3.4297
4018.8333 3.4423
4019.7578 3.4488
4020.6848 3.4532
4021.6096 3.4652
4022.5371 3.4844
4023.4624 3.4965
4024.3901 3.4987
4025.3162 3.4954
4026.2422 3.4909
4027.1704 3.4833
4028.0969 3.4696
4029.0259 3.4649
4029.9526 3.4731
4030.8821 3.4850
4031.8093 3.4842
4032.7390 3.4613
4033.6667 3.4303
4034.5947 3.4192
4035.5251 3.4231
4036.4534 3.4267
4037.3843 3.4274
4038.3130 3.4413
4039.2441 3.4706
4040.1736 3.4996
4041.1030 3.5198
4042.0347 3.5314
4042.9646 3.5378
4043.8970 3.5403
4044.8271 3.5402
4045.7600 3.5364
4046.6907 3.5202
4047.6216 3.4842
4048.5549 3.4362
4049.4863 3.4112
4050.4202 3.4450
4051.3521 3.4942
4052.2861 3.5232
4053.2185 3.5271
4054.1509 3.5214
4055.0857 3.5178
4056.0186 3.5187
4056.9539 3.5171
4057.8872 3.5128
4058.8230 3.5094
4059.7566 3.5070
4060.6907 3.4995
4061.6270 3.4958
4062.5613 3.5083
4063.4983 3.5250
4064.4331 3.5251
4065.3701 3.4963
4066.3054 3.4491
4067.2410 3.4299
4068.1787 3.4536
4069.1147 3.4852
4070.0530 3.4948
4070.9893 3.4897
4071.9280 3.4964
4072.8647 3.5070
4073.8018 3.4939
4074.7412 3.4683
4075.6787 3.4602
4076.6184 3.4826
4077.5562 3.5050
4078.4966 3.4984
4079.4348 3.4653
4080.3733 3.4233
4081.3142 3.3995
4082.2532 3.4169
4083.1943 3.4608
4084.1338 3.4870
4085.0757 3.4911
4086.0154 3.4810
4086.9553 3.4657
4087.8977 3.4532
4088.8381 3.4481
4089.7810 3.4424
4090.7219 3.4319
4091.6653 3.4187
4092.6064 3.4048
4093.5481 3.3889
4094.4919 3.3695
4095.4338 3.3473
4096.3784 3.3198
4097.3208 3.2853
4098.2656 3.2431
4099.2085 3.1921
4100.1514 3.1285
4101.0967 3.0443
4102.0400 2.9309
4102.9863 2.7686
4103.9302 2.5592
4104.8765 2.3679
4105.8208 2.3336
4106.7676 2.5008
4107.7124 2.7308
4108.6572 2.9257
4109.6045 3.0587
4110.5503 3.1467
4111.4980 3.2153
4112.4438 3.2651
4113.3921 3.2984
4114.3384 3.3254
4115.2852 3.3548
4116.2339 3.3874
4117.1807 3.4179
4118.1304 3.4370
4119.0776 3.4465
4120.0273 3.4500
4120.9751 3.4483
4121.9233 3.4431
4122.8740 3.4463
4123.8223 3.4603
4124.7734 3.4741
4125.7222 3.4890
4126.6733 3.5072
4127.6230 3.5227
4128.5723 3.5300
4129.5244 3.5324
4130.4746 3.5282
4131.4268 3.5231
4132.3774 3.5209
4133.3301 3.5146
4134.2812 3.4891
4135.2324 3.4597
4136.1855 3.4592
4137.1372 3.4857
4138.0913 3.5194
4139.0435 3.5439
4139.9976 3.5565
4140.9502 3.5682
4141.9028 3.5825
4142.8579 3.5921
4143.8110 3.5922
4144.7666 3.5838
4145.7202 3.5624
4146.6758 3.5187
4147.6299 3.5007
4148.5840 3.5225
4149.5405 3.5611
4150.4951 3.5836
4151.4526 3.5851
4152.4072 3.5819
4153.3647 3.5861
4154.3203 3.5933
4155.2764 3.5941
4156.2344 3.5847
4157.1904 3.5691
4158.1489 3.5601
4159.1055 3.5643
4160.0649 3.5748
4161.0220 3.5844
4161.9790 3.5934
4162.9390 3.6028
4163.8965 3.6099
4164.8564 3.6101
4165.8149 3.6063
4166.7754 3.6048
4167.7339 3.6112
4168.6929 3.6240
4169.6538 3.6309
4170.6133 3.6280
4171.5752 3.6240
4172.5347 3.6241
4173.4971 3.6199
4174.4570 3.5983
4175.4175 3.5724
4176.3799 3.5650
4177.3408 3.5752
4178.3042 3.5868
4179.2651 3.5856
4180.2290 3.5776
4181.1909 3.5836
4182.1548 3.5988
4183.1172 3.6105
4184.0796 3.6077
4185.0444 3.5900
4186.0068 3.5811
4186.9722 3.5922
4187.9355 3.6006
4188.9014 3.5927
4189.8647 3.5687
4190.8286 3.5423
4191.7949 3.5410
4192.7593 3.5623
4193.7261 3.5746
4194.6909 3.5762
4195.6582 3.5833
4196.6235 3.6024
4197.5889 3.6105
4198.5571 3.6029
4199.5229 3.5931
4200.4912 3.5757
4201.4575 3.5478
4202.4263 3.5279
4203.3931 3.5389
4204.3599 3.5491
4205.3296 3.5455
4206.2969 3.5443
4207.2671 3.5570
4208.2349 3.5752
4209.2051 3.5925
4210.1738 3.6075
4211.1421 3.6166
4212.1133 3.6186
4213.0820 3.6148
4214.0537 3.6098
4215.0229 3.6096
4215.9951 3.6158
4216.9648 3.6088
4217.9351 3.5781
4218.9077 3.5385
4219.8784 3.5241
4220.8516 3.5471
4221.8223 3.5689
4222.7959 3.5751
4223.7676 3.5718
4224.7393 3.5694
4225.7134 3.5710
4226.6855 3.5705
4227.6602 3.5592
4228.6328 3.5179
4229.6079 3.4578
4230.5806 3.4247
4231.5542 3.4651
4232.5298 3.5492
4233.5034 3.6031
4234.4800 3.6141
4235.4541 3.5912
4236.4307 3.5565
4237.4053 3.5396
4238.3799 3.5505
4239.3574 3.5557
4240.3325 3.5585
4241.3105 3.5606
4242.2861 3.5613
4243.2642 3.5641
4244.2407 3.5731
4245.2168 3.5786
4246.1958 3.5766
4247.1729 3.5711
4248.1519 3.5639
4249.1294 3.5497
4250.1094 3.5236
4251.0869 3.5124
4252.0649 3.5113
4253.0454 3.5012
4254.0239 3.4875
4255.0049 3.5026
4255.9834 3.5451
4256.9648 3.5590
4257.9443 3.5551
4258.9263 3.5604
4259.9058 3.5805
4260.8857 3.5954
4261.8687 3.5911
4262.8491 3.5690
4263.8320 3.5485
4264.8130 3.5477
4265.7964 3.5670
4266.7778 3.5889
4267.7593 3.6037
4268.7432 3.6106
4269.7256 3.6071
4270.7100 3.5971
4271.6924 3.5864
4272.6772 3.5743
4273.6606 3.5466
4274.6436 3.5012
4275.6294 3.4867
4276.6128 3.5075
4277.5991 3.5346
4278.5830 3.5459
4279.5698 3.5609
4280.5542 3.5846
4281.5391 3.6018
4282.5264 3.6013
4283.5117 3.5840
4284.4990 3.5587
4285.4849 3.5305
4286.4731 3.5163
4287.4590 3.5247
4288.4453 3.5410
4289.4346 3.5484
4290.4214 3.5404
4291.4106 3.5130
4292.3979 3.4628
4293.3877 3.4279
4294.3755 3.4376
4295.3633 3.4780
4296.3535 3.5006
4297.3423 3.4897
4298.3330 3.4904
4299.3218 3.5092
4300.3135 3.5215
4301.3027 3.5004
4302.2920 3.4425
4303.2842 3.3883
4304.2744 3.3841
4305.2666 3.3974
4306.2573 3.4192
4307.2500 3.4526
4308.2412 3.4836
4309.2319 3.4852
4310.2261 3.4544
4311.2173 3.4153
4312.2114 3.4059
4313.2036 3.4349
4314.1982 3.4679
4315.1904 3.4725
4316.1836 3.4540
4317.1787 3.4306
4318.1719 3.4250
4319.1675 3.4470
4320.1611 3.4795
4321.1572 3.4842
4322.1514 3.4701
4323.1460 3.4611
4324.1426 3.4605
4325.1377 3.4634
4326.1348 3.4641
4327.1299 3.4467
4328.1279 3.4090
4329.1235 3.3796
4330.1196 3.3772
4331.1182 3.3931
4332.1143 3.3991
4333.1133 3.3870
4334.1104 3.3795
4335.1099 3.3682
4336.1069 3.3439
4337.1069 3.3059
4338.1045 3.2572
4339.1025 3.1926
4340.1030 3.1069
4341.1016 2.9848
4342.1025 2.8089
4343.1016 2.5998
4344.1030 2.4545
4345.1025 2.5150
4346.1021 2.7281
4347.1040 2.9334
4348.1040 3.0734
4349.1069 3.1631
4350.1074 3.2278
4351.1104 3.2820
4352.1113 3.3230
4353.1128 3.3448
4354.1167 3.3448
4355.1182 3.3333
4356.1226 3.3361
4357.1245 3.3716
4358.1294 3.4087
4359.1318 3.4333
4360.1348 3.4491
4361.1401 3.4593
4362.1436 3.4628
4363.1494 3.4709
4364.1528 3.4836
4365.1592 3.4928
4366.1636 3.4980
4367.1680 3.5021
4368.1753 3.5053
4369.1802 3.5089
4370.1875 3.5084
4371.1929 3.5050
4372.2007 3.5041
4373.2065 3.5068
4374.2129 3.5086
4375.2212 3.5115
4376.2280 3.5153
4377.2368 3.5061
4378.2441 3.4844
4379.2534 3.4657
4380.2612 3.4680
4381.2686 3.4914
4382.2793 3.5155
4383.2871 3.5289
4384.2979 3.5284
4385.3066 3.5109
4386.3179 3.4749
4387.3267 3.4399
4388.3359 3.4549
4389.3481 3.4972
4390.3579 3.5323
4391.3701 3.5458
4392.3804 3.5460
4393.3936 3.5422
4394.4043 3.5346
4395.4150 3.5319
4396.4287 3.5265
4397.4399 3.5058
4398.4541 3.4743
4399.4658 3.4698
4400.4805 3.5037
4401.4927 3.5301
4402.5054 3.5283
4403.5205 3.5099
4404.5337 3.5007
4405.5493 3.5112
4406.5625 3.5135
4407.5786 3.4933
4408.5928 3.4773
4409.6069 3.4882
4410.6240 3.5122
4411.6387 3.5206
4412.6558 3.5246
4413.6709 3.5304
4414.6885 3.5361
4415.7041 3.5378
4416.7227 3.5303
4417.7388 3.5032
4418.7549 3.4662
4419.7739 3.4517
4420.7905 3.4622
4421.8101 3.4847
4422.8271 3.5078
4423.8472 3.5198
4424.8647 3.5224
4425.8828 3.5170
4426.9033 3.5067
4427.9219 3.4959
4428.9429 3.4881
4429.9619 3.4803
4430.9834 3.4760
4432.0024 3.4803
4433.0220 3.4903
4434.0444 3.5018
4435.0645 3.5126
4436.0874 3.5150
4437.1079 3.4982
4438.1309 3.4717
4439.1519 3.4595
4440.1733 3.4738
4441.1968 3.5008
4442.2188 3.5171
4443.2432 3.5268
4444.2651 3.5222
4445.2900 3.4965
4446.3125 3.4557
4447.3354 3.4250
4448.3613 3.4349
4449.3843 3.4658
4450.4106 3.4845
4451.4341 3.4886
4452.4609 3.4856
4453.4849 3.4780
4454.5098 3.4790
4455.5366 3.4885
4456.5615 3.4856
4457.5894 3.4665
4458.6147 3.4474
4459.6431 3.4491
4460.6689 3.4674
4461.6953 3.4696
4462.7241 3.4615
4463.7505 3.4568
4464.7798 3.4591
4465.8071 3.4626
4466.8369 3.4693
4467.8643 3.4703
4468.8921 3.4629
4469.9229 3.4499
4470.9512 3.4338
4471.9819 3.4188
4473.0107 3.4223
4474.0425 3.4470
4475.0718 3.4681
4476.1011 3.4789
4477.1333 3.4834
4478.1631 3.4798
4479.1958 3.4619
4480.2266 3.4511
4481.2593 3.4590
4482.2905 3.4709
4483.3213 3.4680
4484.3555 3.4466
4485.3872 3.4206
4486.4214 3.4237
4487.4536 3.4430
4488.4883 3.4612
4489.5210 3.4698
4490.5537 3.4682
4491.5889 3.4602
4492.6226 3.4585
4493.6582 3.4563
4494.6919 3.4528
4495.7285 3.4521
4496.7627 3.4540
4497.7998 3.4517
4498.8345 3.4489
4499.8696 3.4502
4500.9072 3.4581
4501.9424 3.4690
4502.9805 3.4709
4504.0166 3.4520
4505.0552 3.4296
4506.0913 3.4335
4507.1279 3.4525
4508.1675 3.4621
4509.2046 3.4580
4510.2446 3.4575
4511.2822 3.4562
4512.3223 3.4529
4513.3604 3.4494
4514.3984 3.4472
4515.4395 3.4463
4516.4785 3.4481
4517.5200 3.4501
4518.5591 3.4491
4519.6011 3.4457
4520.6406 3.4405
4521.6807 3.4348
4522.7236 3.4404
4523.7642 3.4453
4524.8071 3.4375
4525.8481 3.4234
4526.8916 3.4152
4527.9331 3.4169
4528.9746 3.4218
4530.0190 3.4223
4531.0610 3.4124
4532.1060 3.3976
4533.1489 3.3909
4534.1938 3.3991
4535.2373 3.4036
4536.2803 3.3816
4537.3267 3.3535
4538.3701 3.3457
4539.4170 3.3654
4540.4609 3.3944
4541.5083 3.4133
4542.5527 3.4227
4543.5981 3.4212
4544.6455 3.4162
4545.6909 3.4157
4546.7393 3.4189
4547.7852 3.4160
4548.8340 3.4115
4549.8804 3.4082
4550.9272 3.3972
4551.9766 3.3701
4553.0239 3.3382
4554.0737 3.3410
4555.1216 3.3711
4556.1719 3.3817
4557.2197 3.3678
4558.2686 3.3519
4559.3193 3.3497
4560.3682 3.3487
4561.4199 3.3371
4562.4692 3.3409
4563.5215 3.3618
4564.5713 3.3806
4565.6211 3.3796
4566.6743 3.3617
4567.7246 3.3524
4568.7778 3.3592
4569.8291 3.3723
4570.8828 3.3817
4571.9341 3.3851
4572.9888 3.3804
4574.0405 3.3669
4575.0928 3.3523
4576.1479 3.3508
4577.2007 3.3645
4578.2559 3.3767
4579.3091 3.3752
4580.3652 3.3688
4581.4189 3.3615
4582.4731 3.3554
4583.5298 3.3518
4584.5840 3.3497
4585.6411 3.3465
4586.6963 3.3389
4587.7539 3.3335
4588.8091 3.3358
4589.8647 3.3461
4590.9233 3.3578
4591.9795 3.3586
4593.0386 3.3483
4594.0952 3.3383
4595.1543 3.3341
4596.2114 3.3369
4597.2690 3.3463
4598.3291 3.3538
4599.3867 3.3532
4600.4473 3.3525
4601.5059 3.3536
4602.5669 3.3513
4603.6255 3.3418
4604.6846 3.3325
4605.7466 3.3295
4606.8062 3.3303
4607.8687 3.3330
4608.9287 3.3356
4609.9912 3.3360
4611.0518 3.3378
4612.1128 3.3369
4613.1763 3.3325
4614.2373 3.3302
4615.3013 3.3328
4616.3633 3.3340
4617.4277 3.3257
4618.4897 3.3183
4619.5522 3.3150
4620.6177 3.3140
4621.6807 3.3130
4622.7466 3.3129
4623.8096 3.3161
4624.8760 3.3222
4625.9399 3.3272
4627.0044 3.3322
4628.0713 3.3357
4629.1357 3.3303
4630.2031 3.3198
4631.2686 3.3173
4632.3364 3.3139
4633.4023 3.3063
4634.4678 3.3002
4635.5366 3.3020
4636.6030 3.3059
4637.6724 3.3059
4638.7393 3.3012
4639.8091 3.2923
4640.8765 3.2847
4641.9438 3.2874
4643.0142 3.2990
4644.0825 3.3097
4645.1533 3.3104
4646.2222 3.3051
4647.2935 3.3025
4648.3623 3.3036
4649.4316 3.2967
4650.5039 3.2887
4651.5737 3.2910
4652.6465 3.2961
4653.7168 3.2950
4654.7900 3.2924
4655.8608 3.2928
4656.9346 3.2847
4658.0059 3.2744
4659.0771 3.2677
4660.1519 3.2669
4661.2236 3.2716
4662.2983 3.2750
4663.3711 3.2762
4664.4463 3.2794
4665.5195 3.2842
4666.5928 3.2882
4667.6689 3.2889
4668.7427 3.2805
4669.8193 3.2660
4670.8936 3.2554
4671.9707 3.2545
4673.0454 3.2610
4674.1206 3.2662
4675.1982 3.2617
4676.2739 3.2568
4677.3521 3.2542
4678.4282 3.2541
4679.5073 3.2565
4680.5835 3.2601
4681.6602 3.2595
4682.7397 3.2527
4683.8174 3.2487
4684.8975 3.2515
4685.9751 3.2587
4687.0557 3.2627
4688.1338 3.2548
4689.2124 3.2480
4690.2935 3.2509
4691.3726 3.2568
4692.4546 3.2562
4693.5342 3.2486
4694.6162 3.2426
4695.6963 3.2394
4696.7764 3.2401
4697.8594 3.2432
4698.9404 3.2444
4700.0239 3.2386
4701.1050 3.2286
4702.1890 3.2235
4703.2710 3.2294
4704.3530 3.2373
4705.4375 3.2331
4706.5200 3.2132
4707.6055 3.1984
4708.6885 3.2050
4709.7744 3.2074
4710.8579 3.1996
4711.9414 3.1941
4713.0283 3.1999
4714.1123 3.2075
4715.1992 3.2160
4716.2842 3.2198
4717.3716 3.2140
4718.4570 3.2014
4719.5425 3.1930
4720.6309 3.1946
4721.7168 3.1978
4722.8057 3.1959
4723.8921 3.1889
4724.9814 3.1801
4726.0684 3.1750
4727.1553 3.1795
4728.2456 3.1836
4729.3335 3.1779
4730.4238 3.1656
4731.5122 3.1576
4732.6030 3.1591
4733.6919 3.1557
4734.7808 3.1568
4735.8726 3.1632
4736.9624 3.1663
4738.0547 3.1620
4739.1445 3.1573
4740.2373 3.1527
4741.3276 3.1510
4742.4214 3.1453
4743.5122 3.1384
4744.6035 3.1385
4745.6973 3.1464
4746.7891 3.1524
4747.8838 3.1537
4748.9761 3.1544
4750.0713 3.1545
4751.1641 3.1528
4752.2568 3.1502
4753.3525 3.1487
4754.4463 3.1458
4755.5425 3.1417
4756.6367 3.1375
4757.7334 3.1333
4758.8281 3.1296
4759.9229 3.1285
4761.0205 3.1288
4762.1157 3.1280
4763.2139 3.1248
4764.3096 3.1194
4765.4082 3.1132
4766.5044 3.1071
4767.6011 3.1019
4768.7002 3.0976
4769.7974 3.0952
4770.8975 3.0949
4771.9951 3.0954
4773.0952 3.0962
4774.1934 3.0986
4775.2915 3.0994
4776.3926 3.0973
4777.4917 3.0941
4778.5933 3.0918
4779.6924 3.0876
4780.7949 3.0835
4781.8945 3.0777
4782.9946 3.0731
4784.0977 3.0737
4785.1982 3.0775
4786.3018 3.0744
4787.4028 3.0684
4788.5068 3.0618
4789.6084 3.0575
4790.7100 3.0558
4791.8149 3.0534
4792.9170 3.0505
4794.0225 3.0506
4795.1255 3.0490
4796.2310 3.0422
4797.3345 3.0341
4798.4380 3.0320
4799.5444 3.0321
4800.6489 3.0257
4801.7559 3.0179
4802.8604 3.0126
4803.9678 3.0114
4805.0732 3.0152
4806.1782 3.0182
4807.2866 3.0057
4808.3926 2.9894
4809.5015 2.9824
4810.6079 2.9857
4811.7173 2.9894
4812.8242 2.9907
4813.9312 2.9899
4815.0415 2.9890
4816.1489 2.9900
4817.2598 2.9911
4818.3677 2.9878
4819.4790 2.9847
4820.5879 2.9802
4821.6968 2.9732
4822.8086 2.9674
4823.9180 2.9654
4825.0303 2.9638
4826.1401 2.9574
4827.2534 2.9474
4828.3638 2.9440
4829.4771 2.9461
4830.5884 2.9460
4831.6992 2.9409
4832.8135 2.9363
4833.9253 2.9364
4835.0400 2.9349
4836.1523 2.9284
4837.2676 2.9207
4838.3804 2.9178
4839.4937 2.9161
4840.6094 2.9118
4841.7231 2.9095
4842.8394 2.9069
4843.9536 2.8994
4845.0708 2.8874
4846.1851 2.8790
4847.3003 2.8772
4848.4180 2.8709
4849.5332 2.8586
4850.6514 2.8453
4851.7676 2.8327
4852.8862 2.8214
4854.0024 2.8151
4855.1191 2.8029
4856.2388 2.7826
4857.3560 2.7568
4858.4761 2.7239
4859.5938 2.6857
4860.7144 2.6432
4861.8325 2.5739
4862.9512 2.4501
4864.0723 2.2720
4865.1914 2.1157
4866.3135 2.1487
4867.4326 2.3259
4868.5552 2.4918
4869.6753 2.5942
4870.7954 2.6550
4871.9189 2.6932
4873.0396 2.7200
4874.1631 2.7265
4875.2847 2.7258
4876.4087 2.7378
4877.5308 2.7661
4878.6528 2.7905
4879.7778 2.7967
4880.9004 2.7946
4882.0259 2.7912
4883.1489 2.7937
4884.2749 2.8046
4885.3984 2.8185
4886.5225 2.8319
4887.6494 2.8366
4888.7734 2.8319
4889.9009 2.8255
4891.0259 2.8236
4892.1538 2.8229
4893.2793 2.8175
4894.4048 2.7988
4895.5337 2.7882
4896.6597 2.8000
4897.7891 2.8251
4898.9155 2.8385
4900.0454 2.8381
4901.1724 2.8332
4902.2998 2.8264
4903.4307 2.8213
4904.5586 2.8213
4905.6895 2.8247
4906.8179 2.8237
4907.9497 2.8196
4909.0786 2.8203
4910.2080 2.8253
4911.3403 2.8292
4912.4702 2.8291
4913.6030 2.8253
4914.7334 2.8237
4915.8667 2.8258
4916.9976 2.8266
4918.1313 2.8244
4919.2627 2.8229
4920.3945 2.8131
4921.5288 2.7965
4922.6611 2.7806
4923.7964 2.7690
4924.9292 2.7681
4926.0649 2.7832
4927.1978 2.7866
4928.3315 2.7809
4929.4678 2.7880
4930.6021 2.8035
4931.7388 2.8131
4932.8735 2.8151
4934.0107 2.8116
4935.1460 2.8066
4936.2812 2.7950
4937.4194 2.7794
4938.5557 2.7711
4939.6943 2.7782
4940.8306 2.7875
4941.9702 2.7846
4943.1069 2.7770
4944.2441 2.7705
4945.3843 2.7673
4946.5220 2.7703
4947.6626 2.7818
4948.8008 2.7903
4949.9419 2.7905
4951.0806 2.7866
4952.2197 2.7831
4953.3618 2.7798
4954.5010 2.7804
4955.6436 2.7794
4956.7837 2.7759
4957.9268 2.7732
4959.0674 2.7679
4960.2080 2.7463
4961.3521 2.7115
4962.4932 2.7145
4963.6377 2.7423
4964.7793 2.7656
4965.9243 2.7707
4967.0669 2.7666
4968.2095 2.7630
4969.3550 2.7563
4970.4980 2.7459
4971.6445 2.7386
4972.7881 2.7403
4973.9351 2.7471
4975.0791 2.7486
4976.2236 2.7447
4977.3711 2.7402
4978.5161 2.7366
4979.6641 2.7327
4980.8096 2.7283
4981.9585 2.7276
4983.1045 2.7269
4984.2510 2.7217
4985.4004 2.7135
4986.5469 2.7077
4987.6968 2.7083
4988.8442 2.7140
4989.9946 2.7208
4991.1426 2.7232
4992.2910 2.7190
4993.4419 2.7112
4994.5908 2.7066
4995.7427 2.7047
4996.8921 2.7085
4998.0439 2.7118
4999.1938 2.7141
5000.3438 2.7175
5001.4971 2.7189
5002.6475 2.7111
5003.8013 2.7052
5004.9521 2.7024
5006.1064 2.6966
5007.2583 2.6881
5008.4126 2.6850
5009.5649 2.6807
5010.7173 2.6704
5011.8730 2.6687
5013.0259 2.6739
5014.1816 2.6743
5015.3354 2.6673
5016.4917 2.6626
5017.6460 2.6648
5018.8003 2.6669
5019.9575 2.6645
5021.1123 2.6548
5022.2700 2.6387
5023.4258 2.6347
5024.5840 2.6464
5025.7397 2.6566
5026.8960 2.6594
5028.0552 2.6594
5029.2119 2.6606
5030.3716 2.6565
5031.5288 2.6454
5032.6890 2.6404
5033.8472 2.6439
5035.0049 2.6482
5036.1660 2.6483
5037.3247 2.6525
5038.4863 2.6516
5039.6455 2.6468
5040.8076 2.6402
5041.9668 2.6320
5043.1270 2.6228
5044.2900 2.6122
5045.4502 2.6054
5046.6138 2.6102
5047.7749 2.6183
5048.9390 2.6185
5050.1001 2.6144
5051.2622 2.6174
5052.4268 2.6186
5053.5894 2.6123
5054.7544 2.6045
5055.9175 2.6026
5057.0830 2.6051
5058.2466 2.6066
5059.4102 2.6093
5060.5771 2.6139
5061.7412 2.6157
5062.9082 2.6119
5064.0732 2.6069
5065.2407 2.6030
5066.4062 2.5978
5067.5718 2.5926
5068.7402 2.5892
5069.9062 2.5891
5071.0752 2.5917
5072.2417 2.5905
5073.4116 2.5874
5074.5786 2.5869
5075.7461 2.5907
5076.9165 2.5959
5078.0845 2.5952
5079.2554 2.5840
5080.4238 2.5787
5081.5957 2.5765
5082.7646 2.5700
5083.9336 2.5606
5085.1060 2.5579
5086.2759 2.5560
5087.4487 2.5541
5088.6191 2.5554
5089.7925 2.5585
5090.9634 2.5607
5092.1348 2.5613
5093.3091 2.5608
5094.4805 2.5616
5095.6553 2.5623
5096.8276 2.5613
5098.0029 2.5590
5099.1758 2.5566
5100.3516 2.5505
5101.5249 2.5428
5102.6987 2.5378
5103.8750 2.5366
5105.0493 2.5380
5106.2266 2.5409
5107.4014 2.5451
5108.5791 2.5417
5109.7544 2.5336
5110.9297 2.5241
5112.1084 2.5167
5113.2842 2.5164
5114.4634 2.5200
5115.6401 2.5254
5116.8198 2.5289
5117.9966 2.5279
5119.1743 2.5212
5120.3545 2.5105
5121.5327 2.5035
5122.7134 2.5031
5123.8921 2.5019
5125.0737 2.5022
5126.2524 2.5070
5127.4321 2.5076
5128.6143 2.5008
5129.7939 2.4954
5130.9771 2.4912
5132.1572 2.4869
5133.3408 2.4830
5134.5220 2.4817
5135.7031 2.4838
5136.8872 2.4807
5138.0688 2.4784
5139.2539 2.4789
5140.4360 2.4775
5141.6216 2.4703
5142.8042 2.4626
5143.9873 2.4617
5145.1738 2.4666
5146.3574 2.4666
5147.5439 2.4577
5148.7280 2.4518
5149.9155 2.4545
5151.1001 2.4607
5152.2852 2.4650
5153.4731 2.4653
5154.6587 2.4642
5155.8477 2.4649
5157.0337 2.4585
5158.2227 2.4457
5159.4097 2.4395
5160.5962 2.4436
5161.7861 2.4500
5162.9736 2.4477
5164.1646 2.4416
5165.3525 2.4344
5166.5435 2.4287
5167.7319 2.4245
5168.9209 2.4165
5170.1128 2.3921
5171.3022 2.3423
5172.4946 2.3233
5173.6846 2.3452
5174.8779 2.3652
5176.0684 2.3474
5177.2588 2.3221
5178.4526 2.3620
5179.6440 2.3999
5180.8384 2.4126
5182.0303 2.4107
5183.2251 2.4059
5184.4175 2.3973
5185.6104 2.3872
5186.8062 2.3461
5187.9995 2.3170
5189.1958 2.3314
5190.3896 2.3690
5191.5864 2.3758
5192.7808 2.3639
5193.9780 2.3661
5195.1729 2.3662
5196.3682 2.3599
5197.5664 2.3574
5198.7622 2.3621
5199.9609 2.3655
5201.1572 2.3700
5202.3564 2.3741
5203.5532 2.3753
5204.7505 2.3705
5205.9507 2.3589
5207.1484 2.3504
5208.3491 2.3377
5209.5474 2.3265
5210.7485 2.3223
5211.9473 2.3225
5213.1460 2.3202
5214.3481 2.3272
5215.5479 2.3359
5216.7505 2.3416
5217.9507 2.3409
5219.1538 2.3342
5220.3545 2.3286
5221.5557 2.3315
5222.7598 2.3399
5223.9609 2.3479
5225.1655 2.3498
5226.3677 2.3430
5227.5728 2.3322
5228.7754 2.3267
5229.9785 2.3022
5231.1846 2.2786
5232.3877 2.2791
5233.5942 2.3000
5234.7983 2.3112
5236.0054 2.3065
5237.2100 2.2886
5238.4150 2.2822
5239.6230 2.2907
5240.8281 2.3002
5242.0366 2.3014
5243.2427 2.3004
5244.4517 2.3004
5245.6582 2.2990
5246.8652 2.2982
5248.0747 2.2989
5249.2822 2.2947
5250.4927 2.2863
5251.7007 2.2817
5252.9116 2.2805
5254.1201 2.2788
5255.3286 2.2750
5256.5405 2.2729
5257.7500 2.2724
5258.9624 2.2710
5260.1724 2.2741
5261.3853 2.2797
5262.5957 2.2819
5263.8062 2.2784
5265.0200 2.2675
5266.2310 2.2597
5267.4458 2.2537
5268.6572 2.2433
5269.8721 2.2292
5271.0845 2.2224
5272.2974 2.2196
5273.5132 2.1870
5274.7261 2.1754
5275.9424 2.2015
5277.1562 2.2329
5278.3730 2.2348
5279.5874 2.2269
5280.8047 2.2282
5282.0195 2.2310
5283.2349 2.2287
5284.4531 2.2242
5285.6689 2.2231
5286.8877 2.2188
5288.1040 2.2194
5289.3232 2.2261
5290.5400 2.2308
5291.7573 2.2278
5292.9775 2.2221
5294.1953 2.2166
5295.4160 2.2194
5296.6343 2.2180
5297.8555 2.2107
5299.0742 2.2057
5300.2935 2.2057
5301.5156 2.2045
5302.7354 2.2035
5303.9580 2.2018
5305.1782 2.1989
5306.4014 2.1955
5307.6221 2.1927
5308.8433 2.1885
5310.0674 2.1880
5311.2891 2.1887
5312.5137 2.1844
5313.7358 2.1750
5314.9614 2.1713
5316.1841 2.1792
5317.4072 2.1792
5318.6333 2.1709
5319.8569 2.1595
5321.0835 2.1533
5322.3076 2.1608
5323.5347 2.1666
5324.7598 2.1647
5325.9844 2.1604
5327.2129 2.1526
5328.4380 2.1426
5329.6670 2.1416
5330.8931 2.1385
5332.1221 2.1195
5333.3491 2.1170
5334.5757 2.1323
5335.8062 2.1434
5337.0337 2.1439
5338.2642 2.1471
5339.4922 2.1481
5340.7236 2.1461
5341.9521 2.1429
5343.1812 2.1395
5344.4131 2.1355
5345.6426 2.1353
5346.8755 2.1412
5348.1055 2.1387
5349.3389 2.1275
5350.5693 2.1177
5351.8003 2.1132
5353.0342 2.1087
5354.2656 2.1094
5355.5005 2.1129
5356.7324 2.1166
5357.9678 2.1195
5359.2002 2.1205
5360.4331 2.1181
5361.6694 2.1125
5362.9028 2.1102
5364.1392 2.1140
5365.3735 2.1174
5366.6108 2.1101
5367.8452 2.1021
5369.0801 2.0979
5370.3184 2.0952
5371.5537 2.0923
5372.7925 2.0897
5374.0283 2.0847
5375.2676 2.0649
5376.5039 2.0606
5377.7441 2.0739
5378.9810 2.0888
5380.2183 2.0926
5381.4590 2.0884
5382.6973 2.0833
5383.9385 2.0829
5385.1768 2.0839
5386.4189 2.0816
5387.6577 2.0748
5388.8975 2.0696
5390.1401 2.0769
5391.3799 2.0773
5392.6230 2.0739
5393.8638 2.0718
5395.1074 2.0703
5396.3486 2.0670
5397.5903 2.0672
5398.8350 2.0705
5400.0767 2.0615
5401.3223 2.0464
5402.5645 2.0432
5403.8105 2.0531
5405.0537 2.0535
5406.2969 2.0501
5407.5439 2.0411
5408.7876 2.0281
5410.0352 2.0198
5411.2798 2.0264
5412.5273 2.0393
5413.7725 2.0360
5415.0181 2.0257
5416.2666 2.0231
5417.5127 2.0285
5418.7617 2.0273
5420.0083 2.0246
5421.2583 2.0260
5422.5054 2.0285
5423.7529 2.0303
5425.0034 2.0319
5426.2515 2.0323
5427.5029 2.0248
5428.7515 2.0117
5430.0034 2.0092
5431.2524 2.0142
5432.5020 2.0100
5433.7549 1.9933
5435.0049 1.9917
5436.2578 2.0020
5437.5088 1.9972
5438.7627 1.9822
5440.0137 1.9792
5441.2651 1.9894
5442.5200 1.9903
5443.7720 1.9934
5445.0273 1.9973
5446.2798 1.9964
5447.5356 1.9912
5448.7891 1.9872
5450.0425 1.9759
5451.2993 1.9678
5452.5532 1.9757
5453.8105 1.9898
5455.0654 1.9921
5456.3232 1.9826
5457.5786 1.9755
5458.8340 1.9641
5460.0928 1.9531
5461.3486 1.9551
5462.6084 1.9697
5463.8647 1.9747
5465.1250 1.9724
5466.3823 1.9556
5467.6396 1.9259
5468.9004 1.9124
5470.1587 1.9307
5471.4199 1.9471
5472.6787 1.9497
5473.9404 1.9492
5475.1997 1.9490
5476.4624 1.9485
5477.7222 1.9474
5478.9824 1.9449
5480.2461 1.9390
5481.5068 1.9351
5482.7705 1.9359
5484.0322 1.9383
5485.2964 1.9385
5486.5586 1.9374
5487.8208 1.9344
5489.0859 1.9349
5490.3491 1.9347
5491.6147 1.9303
5492.8784 1.9242
5494.1450 1.9231
5495.4087 1.9240
5496.6729 1.9232
5497.9404 1.9208
5499.2056 1.9188
5500.4736 1.9176
5501.7388 1.9149
5503.0073 1.9145
5504.2734 1.9137
5505.5396 1.9117
5506.8096 1.9092
5508.0762 1.9070
5509.3462 1.9043
5510.6138 1.9003
5511.8843 1.9019
5513.1523 1.9062
5514.4209 1.9064
5515.6924 1.9013
5516.9614 1.8982
5518.2334 1.8982
5519.5029 1.8989
5520.7759 1.8973
5522.0459 1.8936
5523.3159 1.8899
5524.5898 1.8875
5525.8608 1.8881
5527.1348 1.8878
5528.4062 1.8861
5529.6812 1.8816
5530.9536 1.8708
5532.2256 1.8556
5533.5015 1.8549
5534.7744 1.8688
5536.0508 1.8778
5537.3242 1.8759
5538.6011 1.8687
5539.8755 1.8613
5541.1499 1.8592
5542.4277 1.8597
5543.7026 1.8601
5544.9810 1.8592
5546.2568 1.8569
5547.5356 1.8531
5548.8115 1.8480
5550.0884 1.8447
5551.3682 1.8430
5552.6450 1.8418
5553.9258 1.8412
5555.2031 1.8416
5556.4844 1.8392
5557.7627 1.8328
5559.0410 1.8287
5560.3232 1.8292
5561.6021 1.8306
5562.8848 1.8277
5564.1646 1.8249
5565.4473 1.8245
5566.7280 1.8239
5568.0083 1.8203
5569.2925 1.8147
5570.5737 1.8126
5571.8579 1.8119
5573.1401 1.8068
5574.4253 1.8028
5575.7075 1.8006
5576.9932 1.7975
5578.2764 1.7952
5579.5596 1.7960
5580.8462 1.7942
5582.1299 1.7934
5583.4170 1.7920
5584.7017 1.7864
5585.9893 1.7805
5587.2744 1.7805
5588.5601 1.7845
5589.8486 1.7822
5591.1348 1.7718
5592.4238 1.7610
5593.7104 1.7588
5595.0005 1.7655
5596.2876 1.7681
5597.5747 1.7625
5598.8657 1.7553
5600.1538 1.7546
5601.4448 1.7595
5602.7334 1.7568
5604.0254 1.7527
5605.3149 1.7480
5606.6045 1.7440
5607.8970 1.7440
5609.1870 1.7489
5610.4805 1.7527
5611.7715 1.7532
5613.0654 1.7518
5614.3569 1.7497
5615.6484 1.7472
5616.9434 1.7440
5618.2354 1.7385
5619.5308 1.7280
5620.8237 1.7239
5622.1201 1.7276
5623.4131 1.7307
5624.7070 1.7287
5626.0039 1.7276
5627.2983 1.7260
5628.5957 1.7217
5629.8906 1.7183
5631.1890 1.7192
5632.4844 1.7184
5633.7803 1.7130
5635.0791 1.7102
5636.3755 1.7101
5637.6753 1.7096
5638.9722 1.7083
5640.2725 1.7083
5641.5703 1.7062
5642.8682 1.7004
5644.1694 1.6951
5645.4678 1.6929
5646.7695 1.6931
5648.0684 1.6936
5649.3711 1.6926
5650.6704 1.6882
5651.9707 1.6847
5653.2739 1.6842
5654.5742 1.6842
5655.8784 1.6822
5657.1797 1.6802
5658.4839 1.6758
5659.7856 1.6726
5661.0879 1.6724
5662.3931 1.6733
5663.6958 1.6732
5665.0020 1.6737
5666.3052 1.6723
5667.6118 1.6705
5668.9155 1.6685
5670.2197 1.6660
5671.5273 1.6644
5672.8320 1.6607
5674.1401 1.6585
5675.4453 1.6563
5676.7539 1.6532
5678.0601 1.6507
5679.3696 1.6503
5680.6758 1.6484
5681.9829 1.6482
5683.2930 1.6477
5684.6006 1.6464
5685.9111 1.6444
5687.2192 1.6404
5688.5308 1.6354
5689.8394 1.6351
5691.1484 1.6357
5692.4609 1.6343
5693.7705 1.6315
5695.0835 1.6301
5696.3936 1.6287
5697.7070 1.6266
5699.0176 1.6240
5700.3286 1.6215
5701.6431 1.6200
5702.9551 1.6192
5704.2700 1.6138
5705.5825 1.6096
5706.8979 1.6080
5708.2109 1.6070
5709.5239 1.6048
5710.8408 1.6020
5712.1543 1.6012
5713.4717 1.5987
5714.7861 1.5947
5716.1040 1.5918
5717.4189 1.5911
5718.7339 1.5891
5720.0527 1.5858
5721.3687 1.5865
5722.6880 1.5872
5724.0044 1.5851
5725.3242 1.5811
5726.6416 1.5773
5727.9590 1.5760
5729.2798 1.5754
5730.5977 1.5744
5731.9194 1.5728
5733.2378 1.5720
5734.5601 1.5736
5735.8794 1.5721
5737.1987 1.5681
5738.5215 1.5643
5739.8418 1.5607
5741.1655 1.5573
5742.4863 1.5569
5743.8105 1.5560
5745.1318 1.5547
5746.4536 1.5542
5747.7783 1.5531
5749.1006 1.5500
5750.4268 1.5472
5751.7495 1.5453
5753.0757 1.5427
5754.3994 1.5430
5755.7231 1.5456
5757.0503 1.5452
5758.3745 1.5384
5759.7026 1.5326
5761.0273 1.5305
5762.3560 1.5286
5763.6816 1.5253
5765.0078 1.5236
5766.3369 1.5258
5767.6636 1.5250
5768.9937 1.5233
5770.3208 1.5224
5771.6514 1.5208
5772.9790 1.5190
5774.3071 1.5219
5775.6387 1.5274
5776.9673 1.5229
5778.2993 1.5140
5779.6289 1.5078
5780.9614 1.5065
5782.2915 1.5082
5783.6250 1.5091
5784.9556 1.5088
5786.2861 1.5069
5787.6206 1.5057
5788.9521 1.5062
5790.2871 1.5038
5791.6191 1.4991
5792.9546 1.4981
5794.2871 1.4990
5795.6201 1.4988
5796.9565 1.4958
5798.2900 1.4898
5799.6274 1.4878
5800.9614 1.4890
5802.2993 1.4890
5803.6338 1.4869
5804.9692 1.4848
5806.3076 1.4838
5807.6436 1.4850
5808.9824 1.4862
5810.3188 1.4865
5811.6587 1.4847
5812.9956 1.4804
5814.3330 1.4757
5815.6738 1.4719
5817.0117 1.4708
5818.3530 1.4719
5819.6914 1.4713
5821.0337 1.4687
5822.3726 1.4703
5823.7119 1.4689
5825.0552 1.4651
5826.3950 1.4628
5827.7388 1.4609
5829.0791 1.4580
5830.4233 1.4577
5831.7646 1.4552
5833.1064 1.4521
5834.4517 1.4509
5835.7935 1.4513
5837.1396 1.4514
5838.4824 1.4502
5839.8286 1.4467
5841.1719 1.4425
5842.5156 1.4401
5843.8633 1.4392
5845.2075 1.4386
5846.5552 1.4381
5847.9004 1.4383
5849.2490 1.4392
5850.5942 1.4389
5851.9404 1.4368
5853.2896 1.4334
5854.6362 1.4287
5855.9863 1.4218
5857.3335 1.4194
5858.6841 1.4217
5860.0322 1.4233
5861.3799 1.4198
5862.7319 1.4146
5864.0806 1.4175
5865.4326 1.4160
5866.7822 1.4128
5868.1348 1.4109
5869.4849 1.4085
5870.8350 1.4046
5872.1890 1.4027
5873.5400 1.4014
5874.8940 1.4021
5876.2456 1.4029
5877.6006 1.3996
5878.9531 1.3931
5880.3052 1.3904
5881.6611 1.3882
5883.0146 1.3868
5884.3711 1.3870
5885.7246 1.3866
5887.0820 1.3814
5888.4365 1.3747
5889.7939 1.3694
5891.1489 1.3671
5892.5044 1.3592
5893.8633 1.3379
5895.2192 1.3182
5896.5786 1.3382
5897.9351 1.3485
5899.2949 1.3356
5900.6523 1.3213
5902.0098 1.3285
5903.3706 1.3473
5904.7285 1.3454
5906.0903 1.3405
5907.4487 1.3362
5908.8110 1.3357
5910.1704 1.3421
5911.5303 1.3487
5912.8931 1.3494
5914.2534 1.3454
5915.6172 1.3396
5916.9780 1.3335
5918.3428 1.3284
5919.7041 1.3264
5921.0659 1.3273
5922.4312 1.3277
5923.7939 1.3273
5925.1597 1.3218
5926.5229 1.3113
5927.8896 1.3090
5929.2534 1.3144
5930.6172 1.3116
5931.9849 1.3083
5933.3496 1.3115
5934.7178 1.3164
5936.0830 1.3135
5937.4517 1.3092
5938.8179 1.3049
5940.1841 1.3024
5941.5537 1.3019
5942.9204 1.3010
5944.2910 1.2982
5945.6587 1.3006
5947.0298 1.2967
5948.3975 1.2853
5949.7661 1.2775
5951.1382 1.2797
5952.5073 1.2781
5953.8799 1.2705
5955.2495 1.2701
5956.6226 1.2713
5957.9932 1.2713
5959.3638 1.2734
5960.7378 1.2762
5962.1094 1.2753
5963.4839 1.2725
5964.8560 1.2669
5966.2314 1.2624
5967.6040 1.2637
5968.9766 1.2670
5970.3530 1.2651
5971.7266 1.2640
5973.1035 1.2615
5974.4780 1.2556
5975.8555 1.2500
5977.2305 1.2504
5978.6055 1.2518
5979.9839 1.2522
5981.3599 1.2503
5982.7388 1.2462
5984.1152 1.2401
5985.4951 1.2336
5986.8721 1.2347
5988.2495 1.2358
5989.6304 1.2346
5991.0083 1.2320
5992.3896 1.2294
5993.7681 1.2285
5995.1504 1.2283
5996.5298 1.2250
5997.9126 1.2206
5999.2920 1.2180
6000.6724 1.2177
6002.0562 1.2184
6003.4370 1.2190
6004.8213 1.2164
6006.2026 1.2133
6007.5874 1.2112
6008.9697 1.2091
6010.3521 1.2066
6011.7378 1.2030
6013.1211 1.2005
6014.5078 1.1990
6015.8911 1.1975
6017.2783 1.1958
6018.6626 1.1954
6020.0474 1.1963
6021.4355 1.1942
6022.8208 1.1894
6024.2095 1.1853
6025.5957 1.1836
6026.9849 1.1821
6028.3716 1.1807
6029.7583 1.1782
6031.1489 1.1767
6032.5361 1.1758
6033.9272 1.1737
6035.3154 1.1725
6036.7070 1.1707
6038.0957 1.1679
6039.4849 1.1645
6040.8774 1.1624
6042.2671 1.1633
6043.6606 1.1652
6045.0508 1.1638
6046.4448 1.1605
6047.8359 1.1579
6049.2271 1.1569
6050.6221 1.1558
6052.0142 1.1527
6053.4097 1.1526
6054.8022 1.1539
6056.1982 1.1537
6057.5918 1.1524
6058.9854 1.1517
6060.3823 1.1505
6061.7764 1.1472
6063.1743 1.1477
6064.5693 1.1468
6065.9678 1.1431
6067.3633 1.1405
6068.7588 1.1401
6070.1582 1.1371
6071.5547 1.1354
6072.9551 1.1356
6074.3521 1.1361
6075.7529 1.1352
6077.1504 1.1323
6078.5483 1.1282
6079.9502 1.1267
6081.3491 1.1256
6082.7515 1.1223
6084.1504 1.1182
6085.5537 1.1183
6086.9536 1.1183
6088.3540 1.1154
6089.7578 1.1136
6091.1587 1.1144
6092.5635 1.1137
6093.9648 1.1075
6095.3701 1.1052
6096.7725 1.1040
6098.1782 1.1019
6099.5811 1.1002
6100.9844 1.1006
6102.3911 1.1001
6103.7949 1.0985
6105.2026 1.0951
6106.6069 1.0905
6108.0151 1.0884
6109.4204 1.0902
6110.8257 1.0904
6112.2349 1.0890
6113.6411 1.0878
6115.0508 1.0860
6116.4575 1.0840
6117.8682 1.0830
6119.2754 1.0817
6120.6831 1.0813
6122.0947 1.0793
6123.5029 1.0762
6124.9150 1.0708
6126.3242 1.0625
6127.7368 1.0585
6129.1465 1.0661
6130.5566 1.0691
6131.9702 1.0698
6133.3809 1.0702
6134.7954 1.0682
6136.2065 1.0665
6137.6216 1.0665
6139.0337 1.0668
6140.4458 1.0630
6141.8618 1.0566
6143.2749 1.0533
6144.6914 1.0543
6146.1050 1.0491
6147.5220 1.0487
6148.9365 1.0521
6150.3511 1.0534
6151.7690 1.0510
6153.1846 1.0496
6154.6035 1.0504
6156.0190 1.0487
6157.4390 1.0470
6158.8555 1.0466
6160.2720 1.0461
6161.6929 1.0451
6163.1104 1.0428
6164.5312 1.0373
6165.9497 1.0271
6167.3711 1.0211
6168.7900 1.0272
6170.2095 1.0337
6171.6323 1.0307
6173.0518 1.0273
6174.4756 1.0248
6175.8960 1.0244
6177.3198 1.0262
6178.7412 1.0246
6180.1626 1.0239
6181.5874 1.0233
6183.0098 1.0216
6184.4355 1.0202
6185.8579 1.0201
6187.2847 1.0191
6188.7080 1.0187
6190.1318 1.0174
6191.5591 1.0134
6192.9834 1.0094
6194.4116 1.0085
6195.8364 1.0067
6197.2651 1.0037
6198.6909 1.0038
6200.1172 1.0048
6201.5469 1.0040
6202.9731 1.0015
6204.4038 0.9994
6205.8311 0.9983
6207.2622 0.9967
6208.6899 0.9941
6210.1216 0.9914
6211.5503 0.9895
6212.9795 0.9880
6214.4121 0.9874
6215.8418 0.9869
6217.2749 0.9857
6218.7056 0.9839
6220.1392 0.9822
6221.5703 0.9809
6223.0015 0.9786
6224.4365 0.9770
6225.8687 0.9751
6227.3042 0.9730
6228.7368 0.9723
6230.1729 0.9720
6231.6064 0.9708
6233.0400 0.9690
6234.4771 0.9650
6235.9116 0.9608
6237.3496 0.9599
6238.7842 0.9610
6240.2231 0.9600
6241.6587 0.9571
6243.0942 0.9551
6244.5342 0.9558
6245.9707 0.9571
6247.4111 0.9541
6248.8481 0.9513
6250.2891 0.9487
6251.7271 0.9467
6253.1650 0.9459
6254.6069 0.9450
6256.0459 0.9409
6257.4888 0.9376
6258.9282 0.9367
6260.3716 0.9370
6261.8115 0.9374
6263.2520 0.9371
6264.6963 0.9355
6266.1377 0.9352
6267.5825 0.9343
6269.0244 0.9321
6270.4702 0.9290
6271.9126 0.9267
6273.3555 0.9267
6274.8022 0.9259
6276.2456 0.9209
6277.6929 0.9171
6279.1372 0.9164
6280.5850 0.9160
6282.0298 0.9146
6283.4751 0.9051
6284.9238 0.8780
6286.3696 0.8599
6287.8193 0.8630
6289.2661 0.8754
6290.7163 0.8843
6292.1636 0.8923
6293.6108 0.8960
6295.0620 0.8966
6296.5103 0.8954
6297.9624 0.8911
6299.4111 0.8838
6300.8638 0.8789
6302.3135 0.8777
6303.7632 0.8796
6305.2168 0.8808
6306.6675 0.8780
6308.1216 0.8757
6309.5728 0.8765
6311.0278 0.8743
6312.4795 0.8735
6313.9316 0.8737
6315.3877 0.8719
6316.8403 0.8737
6318.2974 0.8704
6319.7510 0.8704
6321.2080 0.8701
6322.6621 0.8675
6324.1201 0.8667
6325.5752 0.8695
6327.0303 0.8656
6328.4893 0.8636
6329.9453 0.8648
6331.4048 0.8655
6332.8613 0.8644
6334.3218 0.8652
6335.7788 0.8662
6337.2363 0.8645
6338.6978 0.8599
6340.1558 0.8553
6341.6182 0.8536
6343.0767 0.8535
6344.5396 0.8523
6345.9990 0.8488
6347.4590 0.8472
6348.9229 0.8470
6350.3833 0.8448
6351.8477 0.8422
6353.3091 0.8428
6354.7739 0.8428
6356.2358 0.8425
6357.6982 0.8425
6359.1641 0.8428
6360.6270 0.8442
6362.0938 0.8453
6363.5576 0.8436
6365.0249 0.8409
6366.4893 0.8383
6367.9536 0.8374
6369.4224 0.8403
6370.8877 0.8400
6372.3564 0.8380
6373.8228 0.8354
6375.2925 0.8323
6376.7588 0.8302
6378.2261 0.8313
6379.6968 0.8317
6381.1646 0.8311
6382.6357 0.8307
6384.1040 0.8308
6385.5762 0.8311
6387.0454 0.8313
6388.5146 0.8301
6389.9878 0.8270
6391.4580 0.8243
6392.9316 0.8231
6394.4023 0.8222
6395.8770 0.8196
6397.3481 0.8157
6398.8198 0.8137
6400.2954 0.8145
6401.7681 0.8157
6403.2441 0.8144
6404.7173 0.8109
6406.1943 0.8095
6407.6680 0.8102
6409.1421 0.8107
6410.6196 0.8096
6412.0947 0.8078
6413.5732 0.8077
6415.0488 0.8051
6416.5278 0.8007
6418.0039 0.7994
6419.4805 0.8006
6420.9609 0.7999
6422.4380 0.7972
6423.9189 0.7956
6425.3970 0.7938
6426.8784 0.7932
6428.3569 0.7937
6429.8359 0.7934
6431.3184 0.7919
6432.7979 0.7924
6434.2812 0.7909
6435.7617 0.7861
6437.2456 0.7802
6438.7266 0.7766
6440.2114 0.7779
6441.6929 0.7844
6443.1748 0.7795
6444.6606 0.7755
6446.1431 0.7794
6447.6294 0.7838
6449.1128 0.7820
6450.6001 0.7810
6452.0840 0.7778
6453.5684 0.7748
6455.0566 0.7738
6456.5415 0.7738
6458.0303 0.7737
6459.5161 0.7723
6461.0054 0.7687
6462.4917 0.7665
6463.9785 0.7675
6465.4692 0.7670
6466.9565 0.7567
6468.4478 0.7526
6469.9360 0.7583
6471.4277 0.7629
6472.9165 0.7628
6474.4058 0.7618
6475.8984 0.7580
6477.3882 0.7526
6478.8818 0.7503
6480.3726 0.7505
6481.8667 0.7491
6483.3579 0.7450
6484.8496 0.7448
6486.3447 0.7469
6487.8369 0.7447
6489.3330 0.7438
6490.8262 0.7441
6492.3228 0.7410
6493.8164 0.7393
6495.3101 0.7409
6496.8081 0.7396
6498.3027 0.7330
6499.8013 0.7263
6501.2964 0.7257
6502.7954 0.7287
6504.2915 0.7288
6505.7876 0.7309
6507.2881 0.7347
6508.7852 0.7368
6510.2861 0.7354
6511.7837 0.7327
6513.2852 0.7308
6514.7837 0.7290
6516.2822 0.7277
6517.7852 0.7273
6519.2842 0.7267
6520.7876 0.7225
6522.2876 0.7179
6523.7920 0.7121
6525.2925 0.7091
6526.7939 0.7094
6528.2988 0.7102
6529.8008 0.7114
6531.3062 0.7125
6532.8091 0.7111
6534.3154 0.7107
6535.8184 0.7112
6537.3223 0.7088
6538.8296 0.7040
6540.3340 0.7001
6541.8423 0.6969
6543.3472 0.6943
6544.8560 0.6929
6546.3613 0.6924
6547.8677 0.6914
6549.3774 0.6880
6550.8843 0.6822
6552.3945 0.6770
6553.9019 0.6730
6555.4136 0.6683
6556.9214 0.6614
6558.4336 0.6552
6559.9424 0.6451
6561.4512 0.6289
6562.9644 0.6064
6564.4741 0.5709
6565.9878 0.4986
6567.4985 0.3721
6569.0127 0.3772
6570.5239 0.4756
6572.0356 0.5643
6573.5513 0.6019
6575.0635 0.6238
6576.5796 0.6366
6578.0923 0.6450
6579.6094 0.6514
6581.1230 0.6572
6582.6372 0.6628
6584.1548 0.6669
6585.6694 0.6710
6587.1885 0.6733
6588.7036 0.6745
6590.2231 0.6760
6591.7393 0.6777
6593.2554 0.6783
6594.7759 0.6777
6596.2930 0.6761
6597.8140 0.6755
6599.3320 0.6765
6600.8535 0.6780
6602.3721 0.6788
6603.8911 0.6785
6605.4141 0.6786
6606.9336 0.6788
6608.4570 0.6784
6609.9771 0.6780
6611.5015 0.6780
6613.0225 0.6781
6614.5439 0.6768
6616.0693 0.6757
6617.5913 0.6758
6619.1172 0.6764
6620.6396 0.6759
6622.1665 0.6780
6623.6899 0.6807
6625.2139 0.6798
6626.7417 0.6765
6628.2661 0.6744
6629.7944 0.6717
6631.3198 0.6711
6632.8486 0.6731
6634.3745 0.6735
6635.9009 0.6719
6637.4312 0.6714
6638.9580 0.6716
6640.4888 0.6717
6642.0166 0.6715
6643.5483 0.6710
6645.0767 0.6706
6646.6055 0.6703
6648.1382 0.6695
6649.6675 0.6684
6651.2007 0.6676
6652.7310 0.6681
6654.2651 0.6689
6655.7959 0.6687
6657.3271 0.6682
6658.8623 0.6683
6660.3940 0.6681
6661.9297 0.6677
6663.4624 0.6673
6664.9990 0.6664
6666.5322 0.6644
6668.0659 0.6641
6669.6035 0.6651
6671.1377 0.6671
6672.6763 0.6700
6674.2114 0.6713
6675.7505 0.6678
6677.2861 0.6671
6678.8257 0.6657
6680.3623 0.6639
6681.8989 0.6626
6683.4399 0.6621
6684.9775 0.6631
6686.5190 0.6625
6688.0571 0.6615
6689.5996 0.6614
6691.1382 0.6615
6692.6777 0.6607
6694.2212 0.6603
6695.7607 0.6584
6697.3052 0.6544
6698.8457 0.6532
6700.3906 0.6555
6701.9316 0.6572
6703.4736 0.6571
6705.0195 0.6561
6706.5620 0.6547
6708.1084 0.6549
6709.6519 0.6555
6711.1987 0.6523
6712.7427 0.6458
6714.2871 0.6465
6715.8354 0.6485
6717.3804 0.6498
6718.9292 0.6503
6720.4751 0.6493
6722.0249 0.6468
6723.5713 0.6464
6725.1177 0.6473
6726.6685 0.6478
6728.2163 0.6478
6729.7676 0.6479
6731.3159 0.6471
6732.8682 0.6461
6734.4170 0.6456
6735.9663 0.6411
6737.5195 0.6352
6739.0693 0.6359
6740.6235 0.6405
6742.1743 0.6391
6743.7290 0.6385
6745.2803 0.6403
6746.8320 0.6416
6748.3877 0.6404
6749.9404 0.6381
6751.4966 0.6356
6753.0498 0.6351
6754.6069 0.6354
6756.1611 0.6349
6757.7153 0.6341
6759.2734 0.6342
6760.8286 0.6342
6762.3877 0.6347
6763.9434 0.6341
6765.5029 0.6326
6767.0596 0.6317
6768.6162 0.6311
6770.1772 0.6314
6771.7344 0.6317
6773.2959 0.6310
6774.8540 0.6295
6776.4165 0.6285
6777.9756 0.6298
6779.5347 0.6291
6781.0981 0.6268
6782.6582 0.6251
6784.2222 0.6243
6785.7827 0.6236
6787.3477 0.6236
6788.9092 0.6227
6790.4707 0.6223
6792.0366 0.6162
6793.5991 0.6085
6795.1655 0.6098
6796.7290 0.6159
6798.2964 0.6161
6799.8604 0.6166
6801.4282 0.6171
6802.9927 0.6158
6804.5581 0.6117
6806.1270 0.6035
6807.6929 0.6084
6809.2627 0.6149
6810.8291 0.6164
6812.3994 0.6154
6813.9668 0.6159
6815.5342 0.6147
6817.1060 0.6143
6818.6743 0.6140
6820.2466 0.6130
6821.8154 0.6116
6823.3887 0.6109
6824.9585 0.6114
6826.5283 0.6106
6828.1025 0.6099
6829.6733 0.6103
6831.2485 0.6094
6832.8198 0.6036
6834.3955 0.5978
6835.9678 0.6040
6837.5405 0.6076
6839.1172 0.6084
6840.6904 0.6090
6842.2681 0.6086
6843.8418 0.6074
6845.4199 0.6059
6846.9946 0.6034
6848.5698 0.6023
6850.1494 0.6033
6851.7251 0.6048
6853.3052 0.6054
6854.8818 0.6052
6856.4624 0.6050
6858.0396 0.6045
6859.6177 0.6022
6861.1992 0.5981
6862.7778 0.5975
6864.3604 0.5995
6865.9395 0.5996
6867.5225 0.5994
6869.1025 0.6006
6870.6826 0.6019
6872.2671 0.6017
6873.8481 0.6012
6875.4331 0.6002
6877.0146 0.5996
6878.6006 0.6000
6880.1831 0.6003
6881.7656 0.6000
6883.3525 0.5998
6884.9360 0.5995
6886.5239 0.5984
6888.1079 0.5972
6889.6963 0.5969
6891.2812 0.5970
6892.8667 0.5956
6894.4561 0.5960
6896.0425 0.5971
6897.6323 0.5974
6899.2192 0.5972
6900.8105 0.5969
6902.3979 0.5966
6903.9858 0.5963
6905.5776 0.5960
6907.1665 0.5957
6908.7593 0.5952
6910.3486 0.5937
6911.9419 0.5920
6913.5322 0.5923
6915.1226 0.5929
6916.7173 0.5922
6918.3081 0.5910
6919.9038 0.5905
6921.4956 0.5900
6923.0918 0.5901
6924.6846 0.5899
6926.2812 0.5885
6927.8745 0.5874
6929.4683 0.5886
6931.0664 0.5888
6932.6606 0.5881
6934.2593 0.5878
6935.8545 0.5881
6937.4541 0.5885
6939.0498 0.5887
6940.6460 0.5891
6942.2466 0.5890
6943.8438 0.5882
6945.4448 0.5874
6947.0430 0.5875
6948.6445 0.5881
6950.2432 0.5865
6951.8423 0.5858
6953.4453 0.5865
6955.0449 0.5873
6956.6489 0.5870
6958.2490 0.5860
6959.8535 0.5864
6961.4546 0.5860
6963.0562 0.5857
6964.6621 0.5860
6966.2642 0.5857
6967.8706 0.5830
6969.4736 0.5833
6971.0806 0.5850
6972.6841 0.5853
6974.2886 0.5846
6975.8965 0.5850
6977.5015 0.5856
6979.1104 0.5841
6980.7158 0.5828
6982.3257 0.5815
6983.9321 0.5798
6985.5386 0.5788
6987.1494 0.5796
6988.7568 0.5826
6990.3687 0.5812
6991.9766 0.5800
6993.5889 0.5820
6995.1978 0.5841
6996.8071 0.5845
6998.4204 0.5849
7000.0303 0.5849
7001.6445 0.5846
7003.2554 0.5836
7004.8701 0.5814
7006.4819 0.5792
7008.0938 0.5798
7009.7095 0.5842
7011.3223 0.5874
7012.9390 0.5864
7014.5522 0.5840
7016.1699 0.5841
7017.7837 0.5845
7019.3984 0.5843
7021.0171 0.5824
7022.6323 0.5807
7024.2515 0.5834
7025.8677 0.5882
7027.4878 0.5860
7029.1045 0.5829
7030.7212 0.5818
7032.3428 0.5820
7033.9604 0.5834
7035.5825 0.5880
7037.2007 0.5863
7038.8237 0.5850
7040.4429 0.5844
7042.0664 0.5839
7043.6865 0.5853
7045.3066 0.5877
7046.9316 0.5846
7048.5527 0.5840
7050.1782 0.5850
7051.7998 0.5849
7053.4263 0.5851
7055.0488 0.5888
7056.6719 0.5925
7058.2988 0.5912
7059.9229 0.5873
7061.5508 0.5853
7063.1753 0.5866
7064.8037 0.5867
7066.4292 0.5864
7068.0547 0.5813
7069.6846 0.5754
7071.3110 0.5726
7072.9419 0.5728
7074.5688 0.5751
7076.2002 0.5813
7077.8281 0.5849
7079.4561 0.5870
7081.0889 0.5867
7082.7178 0.5826
7084.3511 0.5821
7085.9810 0.5787
7087.6147 0.5787
7089.2451 0.5830
7090.8760 0.5875
7092.5112 0.5879
7094.1431 0.5857
7095.7788 0.5833
7097.4111 0.5804
7099.0479 0.5824
7100.6812 0.5881
7102.3145 0.5895
7103.9521 0.5869
7105.5864 0.5839
7107.2251 0.5849
7108.8599 0.5870
7110.4995 0.5879
7112.1353 0.5874
7113.7715 0.5851
7115.4116 0.5832
7117.0483 0.5813
7118.6899 0.5780
7120.3271 0.5745
7121.9692 0.5744
7123.6079 0.5788
7125.2466 0.5836
7126.8896 0.5839
7128.5293 0.5848
7130.1729 0.5888
7131.8130 0.5919
7133.4580 0.5912
7135.0986 0.5910
7136.7402 0.5890
7138.3857 0.5888
7140.0283 0.5910
7141.6748 0.5924
7143.3174 0.5926
7144.9648 0.5929
7146.6084 0.5931
7148.2524 0.5920
7149.9009 0.5919
7151.5459 0.5933
7153.1948 0.5865
7154.8403 0.5839
7156.4902 0.5906
7158.1367 0.5961
7159.7832 0.5956
7161.4346 0.5941
7163.0820 0.5925
7164.7339 0.5954
7166.3818 0.5963
7168.0347 0.5942
7169.6836 0.5891
7171.3369 0.5840
7172.9863 0.5904
7174.6367 0.5967
7176.2910 0.5994
7177.9419 0.6003
7179.5972 0.6006
7181.2490 0.5999
7182.9048 0.5989
7184.5571 0.6002
7186.2100 0.5981
7187.8672 0.5968
7189.5210 0.5993
7191.1787 0.5999
7192.8330 0.5922
7194.4917 0.5938
7196.1465 0.5993
7197.8022 0.5990
7199.4619 0.5951
7201.1182 0.5967
7202.7788 0.6000
7204.4355 0.6008
7206.0972 0.5987
7207.7549 0.5940
7209.4131 0.5930
7211.0757 0.5978
7212.7344 0.5920
7214.3975 0.5915
7216.0571 0.5971
7217.7212 0.6001
7219.3818 0.5978
7221.0425 0.5958
7222.7075 0.5985
7224.3691 0.6001
7226.0352 0.5996
7227.6973 0.5960
7229.3643 0.5918
7231.0273 0.5925
7232.6909 0.5984
7234.3584 0.6015
7236.0229 0.6035
7237.6914 0.6049
7239.3564 0.6051
7241.0259 0.6039
7242.6919 0.6041
7244.3579 0.6033
7246.0283 0.5989
7247.6953 0.5980
7249.3667 0.6008
7251.0342 0.6016
7252.7065 0.6054
7254.3750 0.6080
7256.0439 0.6057
7257.7168 0.6048
7259.3867 0.6066
7261.0605 0.6069
7262.7310 0.6094
7264.4058 0.6116
7266.0771 0.6105
7267.7485 0.6093
7269.4243 0.6104
7271.0967 0.6122
7272.7734 0.6132
7274.4463 0.6145
7276.1240 0.6150
7277.7979 0.6148
7279.4722 0.6138
7281.1509 0.6121
7282.8257 0.6127
7284.5054 0.6145
7286.1812 0.6151
7287.8613 0.6144
7289.5376 0.6133
7291.2148 0.6131
7292.8960 0.6132
7294.5737 0.6022
7296.2559 0.6028
7297.9341 0.6101
7299.6172 0.6146
7301.2964 0.6169
7302.9800 0.6187
7304.6602 0.6180
7306.3408 0.6173
7308.0254 0.6179
7309.7065 0.6201
7311.3921 0.6218
7313.0742 0.6177
7314.7607 0.6132
7316.4434 0.6127
7318.1265 0.6163
7319.8140 0.6206
7321.4980 0.6226
7323.1860 0.6232
7324.8711 0.6220
7326.5601 0.6189
7328.2456 0.6203
7329.9312 0.6231
7331.6216 0.6190
7333.3081 0.6179
7334.9995 0.6238
7336.6865 0.6252
7338.3784 0.6258
7340.0669 0.6284
7341.7554 0.6293
7343.4482 0.6307
7345.1377 0.6308
7346.8315 0.6316
7348.5215 0.6328
7350.2163 0.6337
7351.9067 0.6342
7353.5981 0.6345
7355.2939 0.6352
7356.9858 0.6350
7358.6826 0.6341
7360.3755 0.6330
7362.0728 0.6327
7363.7661 0.6360
7365.4604 0.6385
7367.1587 0.6381
7368.8535 0.6374
7370.5527 0.6385
7372.2485 0.6404
7373.9487 0.6419
7375.6450 0.6424
7377.3418 0.6429
7379.0430 0.6437
7380.7402 0.6443
7382.4424 0.6441
7384.1406 0.6444
7385.8433 0.6465
7387.5425 0.6482
7389.2422 0.6491
7390.9458 0.6486
7392.6465 0.6458
7394.3511 0.6443
7396.0522 0.6473
7397.7573 0.6497
7399.4595 0.6508
7401.1616 0.6518
7402.8682 0.6531
7404.5713 0.6550
7406.2788 0.6547
7407.9824 0.6561
7409.6909 0.6570
7411.3955 0.6560
7413.1006 0.6556
7414.8101 0.6556
7416.5156 0.6560
7418.2261 0.6561
7419.9326 0.6544
7421.6436 0.6527
7423.3506 0.6537
7425.0586 0.6555
7426.7705 0.6583
7428.4795 0.6598
7430.1924 0.6601
7431.9014 0.6603
7433.6152 0.6616
7435.3257 0.6660
7437.0400 0.6688
7438.7510 0.6707
7440.4624 0.6715
7442.1777 0.6721
7443.8901 0.6734
7445.6064 0.6714
7447.3193 0.6694
7449.0366 0.6715
7450.7505 0.6724
7452.4644 0.6720
7454.1831 0.6750
7455.8979 0.6761
7457.6172 0.6774
7459.3325 0.6792
7461.0527 0.6783
7462.7690 0.6766
7464.4858 0.6790
7466.2070 0.6814
7467.9248 0.6812
7469.6470 0.6817
7471.3652 0.6834
7473.0884 0.6857
7474.8076 0.6885
7476.5269 0.6900
7478.2510 0.6894
7479.9712 0.6913
7481.6963 0.6917
7483.4175 0.6892
7485.1431 0.6893
7486.8652 0.6934
7488.5874 0.6972
7490.3145 0.6998
7492.0371 0.7003
7493.7651 0.6978
7495.4888 0.6953
7497.2173 0.7001
7498.9419 0.6968
7500.6670 0.6948
7502.3970 0.6963
7504.1226 0.6987
7505.8530 0.7011
7507.5801 0.7040
7509.3110 0.7063
7511.0386 0.7086
7512.7666 0.7089
7514.4990 0.7073
7516.2275 0.7061
7517.9609 0.7041
7519.6904 0.7096
7521.4243 0.7109
7523.1548 0.7113
7524.8853 0.7140
7526.6206 0.7149
7528.3521 0.7150
7530.0884 0.7115
7531.8203 0.7122
7533.5571 0.7157
7535.2905 0.7187
7537.0239 0.7199
7538.7617 0.7186
7540.4961 0.7210
7542.2349 0.7240
7543.9702 0.7251
7545.7095 0.7252
7547.4453 0.7264
7549.1816 0.7281
7550.9229 0.7292
7552.6597 0.7300
7554.4014 0.7312
7556.1392 0.7325
7557.8818 0.7332
7559.6201 0.7341
7561.3594 0.7323
7563.1030 0.7337
7564.8428 0.7360
7566.5874 0.7367
7568.3281 0.7381
7570.0732 0.7400
7571.8149 0.7416
7573.5610 0.7431
7575.3032 0.7441
7577.0459 0.7458
7578.7930 0.7480
7580.5366 0.7471
7582.2847 0.7483
7584.0288 0.7509
7585.7778 0.7527
7587.5229 0.7535
7589.2686 0.7539
7591.0186 0.7534
7592.7646 0.7548
7594.5156 0.7576
7596.2627 0.7600
7598.0142 0.7613
7599.7622 0.7624
7601.5107 0.7633
7603.2637 0.7645
7605.0127 0.7658
7606.7661 0.7663
7608.5161 0.7664
7610.2710 0.7678
7612.0215 0.7698
7613.7725 0.7714
7615.5283 0.7724
7617.2803 0.7735
7619.0366 0.7753
7620.7896 0.7769
7622.5469 0.7748
7624.3003 0.7742
7626.0542 0.7763
7627.8130 0.7798
7629.5679 0.7832
7631.3271 0.7855
7633.0825 0.7868
7634.8428 0.7880
7636.5991 0.7892
7638.3560 0.7903
7640.1172 0.7914
7641.8750 0.7924
7643.6372 0.7940
7645.3955 0.7947
7647.1587 0.7958
7648.9180 0.7974
7650.6772 0.7990
7652.4419 0.7999
7654.2021 0.8013
7655.9673 0.8028
7657.7285 0.8040
7659.4941 0.8036
7661.2563 0.8016
7663.0186 0.7993
7664.7856 0.7977
7666.5493 0.7999
7668.3169 0.8015
7670.0811 0.8000
7671.8496 0.8016
7673.6147 0.8112
7675.3799 0.8157
7677.1499 0.8172
7678.9160 0.8188
7680.6870 0.8200
7682.4536 0.8213
7684.2251 0.8230
7685.9932 0.8206
7687.7612 0.8228
7689.5342 0.8256
7691.3027 0.8255
7693.0767 0.8255
7694.8462 0.8298
7696.6206 0.8314
7698.3911 0.8325
7700.1621 0.8348
7701.9380 0.8361
7703.7100 0.8349
7705.4863 0.8338
7707.2588 0.8387
7709.0361 0.8432
7710.8096 0.8451
7712.5879 0.8463
7714.3618 0.8476
7716.1367 0.8454
7717.9160 0.8368
7719.6914 0.8433
7721.4717 0.8519
7723.2480 0.8560
7725.0288 0.8577
7726.8062 0.8595
7728.5835 0.8598
7730.3657 0.8606
7732.1440 0.8617
7733.9272 0.8628
7735.7065 0.8648
7737.4902 0.8681
7739.2700 0.8698
7741.0508 0.8718
7742.8354 0.8735
7744.6167 0.8754
7746.4028 0.8766
7748.1851 0.8763
7749.9717 0.8764
7751.7544 0.8777
7753.5376 0.8770
7755.3257 0.8785
7757.1099 0.8834
7758.8984 0.8872
7760.6836 0.8888
7762.4731 0.8890
7764.2588 0.8894
7766.0449 0.8904
7767.8359 0.8916
7769.6226 0.8930
7771.4146 0.8951
7773.2021 0.8990
7774.9946 0.9020
7776.7832 0.8981
7778.5723 0.8902
7780.3662 0.8884
7782.1558 0.8923
7783.9507 0.9029
7785.7412 0.9084
7787.5366 0.9092
7789.3281 0.9115
7791.1201 0.9158
7792.9165 0.9150
7794.7095 0.9175
7796.5068 0.9197
7798.3003 0.9204
7800.0986 0.9220
7801.8931 0.9251
7803.6880 0.9247
7805.4873 0.9276
7807.2832 0.9297
7809.0835 0.9296
7810.8799 0.9291
7812.6812 0.9298
7814.4785 0.9310
7816.2759 0.9351
7818.0786 0.9389
7819.8770 0.9403
7821.6802 0.9422
7823.4795 0.9477
7825.2837 0.9490
7827.0840 0.9474
7828.8843 0.9486
7830.6899 0.9513
7832.4912 0.9544
7834.2974 0.9577
7836.0996 0.9572
7837.9067 0.9569
7839.7100 0.9594
7841.5132 0.9625
7843.3213 0.9644
7845.1260 0.9665
7846.9351 0.9702
7848.7402 0.9726
7850.5498 0.9701
7852.3560 0.9694
7854.1665 0.9727
7855.9736 0.9747
7857.7808 0.9773
7859.5928 0.9794
7861.4009 0.9816
7863.2139 0.9821
7865.0225 0.9831
7866.8364 0.9881
7868.6460 0.9892
7870.4561 0.9918
7872.2710 0.9940
7874.0820 0.9918
7875.8979 0.9890
7877.7100 0.9936
7879.5264 1.0007
7881.3389 1.0018
7883.1519 1.0045
7884.9697 1.0037
7886.7837 1.0003
7888.6025 1.0043
7890.4175 1.0106
7892.2368 1.0141
7894.0522 1.0158
7895.8687 1.0128
7897.6890 1.0091
7899.5059 1.0119
7901.3276 1.0116
7903.1455 1.0123
7904.9678 1.0099
7906.7861 1.0137
7908.6055 1.0241
7910.4292 1.0265
7912.2485 1.0206
7914.0732 1.0286
7915.8940 1.0373
7917.7192 1.0363
7919.5405 1.0321
7921.3628 1.0377
7923.1895 1.0439
7925.0122 1.0396
7926.8394 1.0423
7928.6631 1.0473
7930.4912 1.0469
7932.3159 1.0457
7934.1406 1.0499
7935.9702 1.0575
7937.7959 1.0556
7939.6265 1.0537
7941.4526 1.0605
7943.2842 1.0699
7945.1113 1.0752
7946.9390 1.0806
7948.7720 1.0821
7950.6006 1.0802
7952.4336 1.0791
7954.2632 1.0814
7956.0977 1.0837
7957.9277 1.0872
7959.7583 1.0900
7961.5938 1.0904
7963.4253 1.0906
7965.2617 1.0941
7967.0942 1.0969
7968.9316 1.0966
7970.7646 1.0921
7972.5981 1.0864
7974.4370 1.0891
7976.2715 1.1034
7978.1108 1.1037
7979.9458 1.1063
7981.7861 1.1108
7983.6226 1.1153
7985.4590 1.1184
7987.3003 1.1203
7989.1377 1.1250
7990.9800 1.1258
7992.8184 1.1269
7994.6616 1.1265
7996.5005 1.1268
7998.3447 1.1320
8000.1846 1.1315
8002.0249 1.1363
8003.8706 1.1384
8005.7114 1.1404
8007.5576 1.1423
8009.3999 1.1384
8011.2471 1.1393
8013.0898 1.1480
8014.9331 1.1518
8016.7812 1.1472
8018.6255 1.1454
8020.4746 1.1568
8022.3198 1.1596
8024.1699 1.1556
8026.0156 1.1614
8027.8623 1.1669
8029.7134 1.1655
8031.5605 1.1664
8033.4126 1.1664
8035.2607 1.1739
8037.1138 1.1765
8038.9624 1.1769
8040.8120 1.1822
8042.6660 1.1893
8044.5161 1.1853
8046.3711 1.1841
8048.2222 1.1893
8050.0781 1.1944
8051.9302 1.1938
8053.7827 1.1904
8055.6396 1.1961
8057.4927 1.2045
8059.3511 1.2094
8061.2051 1.2116
8063.0640 1.2124
8064.9189 1.2122
8066.7739 1.2147
8068.6343 1.2152
8070.4902 1.2190
8072.3516 1.2234
8074.2085 1.2258
8076.0703 1.2285
8077.9282 1.2318
8079.7866 1.2320
8081.6499 1.2352
8083.5088 1.2384
8085.3730 1.2389
8087.2329 1.2403
8089.0981 1.2437
8090.9590 1.2435
8092.8203 1.2464
8094.6865 1.2510
8096.5483 1.2544
8098.4155 1.2569
8100.2788 1.2583
8102.1465 1.2613
8104.0103 1.2631
8105.8745 1.2651
8107.7441 1.2688
8109.6089 1.2726
8111.4790 1.2755
8113.3452 1.2782
8115.2163 1.2805
8117.0830 1.2829
8118.9502 1.2854
8120.8228 1.2878
8122.6909 1.2899
8124.5640 1.2928
8126.4326 1.2956
8128.3066 1.2982
8130.1768 1.3008
8132.0513 1.3033
8133.9224 1.3058
8135.7935 1.3085
8137.6694 1.3109
8139.5415 1.3129
8141.4185 1.3155
8143.2915 1.3187
8145.1694 1.3211
8147.0430 1.3235
8148.9175 1.3261
8150.7964 1.3287
8152.6714 1.3314
8154.5513 1.3341
8156.4272 1.3363
8158.3081 1.3389
8160.1851 1.3418
8162.0625 1.3445
8163.9443 1.3469
8165.8228 1.3494
8167.7056 1.3515
8169.5845 1.3538
8171.4683 1.3571
8173.3481 1.3602
8175.2285 1.3629
8177.1138 1.3658
8178.9951 1.3684
8180.8809 1.3713
8182.7632 1.3742
8184.6499 1.3770
8186.5327 1.3793
8188.4160 1.3791
8190.3042 1.3724
8192.1885 1.3788
8194.0771 1.3852
8195.9629 1.3900
8197.8525 1.3954
8199.7383 1.3962
8201.6250 1.3887
8203.5156 1.3967
8205.4033 1.4037
8207.2959 1.4015
8209.1836 1.4002
8211.0762 1.4112
8212.9658 1.4179
8214.8545 1.4199
8216.7490 1.4215
8218.6396 1.4232
8220.5342 1.4232
8222.4258 1.4221
8224.3223 1.4276
8226.2139 1.4293
8228.1064 1.4297
8230.0039 1.4348
8231.8965 1.4437
8233.7949 1.4488
8235.6895 1.4479
8237.5889 1.4475
8239.4834 1.4496
8241.3789 1.4526
8243.2793 1.4575
8245.1758 1.4657
8247.0771 1.4682
8248.9746 1.4683
8250.8770 1.4726
8252.7744 1.4759
8254.6729 1.4725
8256.5771 1.4687
8258.4766 1.4833
8260.3809 1.4857
8262.2812 1.4874
8264.1865 1.4929
8266.0869 1.4979
8267.9893 1.5004
8269.8955 1.5035
8271.7979 1.5063
8273.7051 1.5100
8275.6084 1.5138
8277.5166 1.5166
8279.4209 1.5187
8281.3301 1.5207
8283.2354 1.5250
8285.1416 1.5283
8287.0518 1.5309
8288.9580 1.5335
8290.8691 1.5351
8292.7773 1.5378
8294.6895 1.5406
8296.5977 1.5445
8298.5059 1.5480
8300.4199 1.5498
8302.3291 1.5517
8304.2432 1.5555
8306.1543 1.5584
8308.0693 1.5613
8309.9805 1.5645
8311.8926 1.5675
8313.8086 1.5707
8315.7217 1.5746
8317.6396 1.5799
8319.5527 1.5824
8321.4707 1.5836
8323.3857 1.5860
8325.2998 1.5897
8327.2197 1.5932
8329.1357 1.5977
8331.0566 1.6012
8332.9727 1.6031
8334.8945 1.6058
8336.8115 1.6100
8338.7295 1.6101
8340.6523 1.6135
8342.5713 1.6170
8344.4951 1.6240
8346.4150 1.6321
8348.3398 1.6326
8350.2598 1.6327
8352.1807 1.6347
8354.1074 1.6379
8356.0293 1.6422
8357.9561 1.6468
8359.8789 1.6504
8361.8066 1.6531
8363.7295 1.6546
8365.6543 1.6563
8367.5830 1.6605
8369.5078 1.6659
8371.4375 1.6680
8373.3643 1.6693
8375.2949 1.6740
8377.2217 1.6774
8379.1484 1.6801
8381.0811 1.6833
8383.0088 1.6865
8384.9424 1.6940
8386.8711 1.6989
8388.8047 1.7008
8390.7344 1.7018
8392.6650 1.7030
8394.6006 1.7051
8396.5312 1.7115
8398.4678 1.7163
8400.3994 1.7209
8402.3369 1.7263
8404.2695 1.7306
8406.2031 1.7315
8408.1416 1.7339
8410.0762 1.7387
8412.0156 1.7430
8413.9502 1.7463
8415.8906 1.7484
8417.8271 1.7491
8419.7637 1.7497
8421.7051 1.7548
8423.6426 1.7585
8425.5850 1.7613
8427.5234 1.7653
8429.4668 1.7693
8431.4053 1.7735
8433.3496 1.7798
8435.2900 1.7840
8437.2305 1.7866
8439.1758 1.7898
8441.1172 1.7929
8443.0645 1.7943
8445.0059 1.7989
8446.9541 1.8030
8448.8965 1.8080
8450.8408 1.8140
8452.7891 1.8167
8454.7344 1.8195
8456.6836 1.8217
8458.6289 1.8257
8460.5791 1.8287
8462.5254 1.8301
8464.4727 1.8339
8466.4248 1.8402
8468.3721 1.8429
8470.3252 1.8451
8472.2734 1.8474
8474.2275 1.8493
8476.1768 1.8517
8478.1270 1.8568
8480.0820 1.8628
8482.0322 1.8682
8483.9883 1.8731
8485.9404 1.8777
8487.8975 1.8810
8489.8496 1.8837
8491.8027 1.8900
8493.7607 1.8940
8495.7148 1.8973
8497.6738 1.9007
8499.6289 1.9019
8501.5889 1.9064
8503.5449 1.8850
8505.5010 1.8815
8507.4619 1.9009
8509.4199 1.9187
8511.3818 1.9210
8513.3398 1.9252
8515.3027 1.9308
8517.2617 1.9371
8519.2217 1.9416
8521.1855 1.9437
8523.1465 1.9458
8525.1113 1.9489
8527.0723 1.9523
8529.0391 1.9559
8531.0010 1.9598
8532.9639 1.9633
8534.9316 1.9656
8536.8945 1.9702
8538.8633 1.9753
8540.8281 1.9793
8542.7969 1.9814
8544.7627 1.9837
8546.7285 1.9761
8548.6992 1.9258
8550.6660 1.9477
8552.6377 1.9836
8554.6045 2.0001
8556.5771 2.0052
8558.5459 2.0107
8560.5146 2.0150
8562.4893 2.0196
8564.4590 2.0239
8566.4336 2.0268
8568.4043 2.0306
8570.3799 2.0380
8572.3516 2.0424
8574.3242 2.0462
8576.3008 2.0515
8578.2744 2.0577
8580.2520 2.0629
8582.2256 2.0658
8584.2051 2.0687
8586.1797 2.0733
8588.1602 2.0770
8590.1357 2.0807
8592.1113 2.0837
8594.0928 2.0848
8596.0703 2.0892
8598.0527 2.0916
8600.0303 2.0934
8602.0137 2.0953
8603.9922 2.0970
8605.9717 2.0997
8607.9561 2.1070
8609.9365 2.1149
8611.9219 2.1207
8613.9033 2.1252
8615.8896 2.1302
8617.8711 2.1373
8619.8535 2.1438
8621.8418 2.1475
8623.8252 2.1498
8625.8135 2.1538
8627.7979 2.1587
8629.7881 2.1606
8631.7725 2.1646
8633.7588 2.1704
8635.7500 2.1746
8637.7363 2.1772
8639.7285 2.1803
8641.7158 2.1849
8643.7080 2.1882
8645.6973 2.1938
8647.6855 2.2010
8649.6797 2.2067
8651.6699 2.2092
8653.6650 2.2102
8655.6553 2.2127
8657.6514 2.2156
8659.6436 2.2213
8661.6357 2.2247
8663.6328 2.2268
8665.6260 2.2294
8667.6240 2.2036
8669.6182 2.1843
8671.6172 2.2086
8673.6123 2.2391
8675.6074 2.2474
8677.6084 2.2565
8679.6045 2.2615
8681.6055 2.2689
8683.6025 2.2751
8685.6055 2.2783
8687.6035 2.2814
8689.6025 2.2875
8691.6055 2.2919
8693.6055 2.2964
8695.6104 2.3005
8697.6104 2.3052
8699.6162 2.3108
8701.6172 2.3157
8703.6191 2.3202
8705.6260 2.3245
8707.6289 2.3289
8709.6367 2.3345
8711.6406 2.3401
8713.6494 2.3427
8715.6543 2.3469
8717.6592 2.3530
8719.6699 2.3572
8721.6758 2.3610
8723.6865 2.3653
8725.6934 2.3682
8727.7061 2.3726
8729.7129 2.3782
8731.7217 2.3830
8733.7354 2.3869
8735.7441 2.3910
8737.7588 2.3962
8739.7686 2.4019
8741.7842 2.4063
8743.7949 2.4091
8745.8115 2.4117
8747.8232 2.4152
8749.8359 2.4191
8751.8535 2.4219
8753.8672 2.4224
8755.8857 2.4194
8757.9004 2.4206
8759.9199 2.4304
8761.9346 2.4424
8763.9502 2.4503
8765.9717 2.4550
8767.9883 2.4599
8770.0098 2.4664
8772.0273 2.4736
8774.0498 2.4809
8776.0684 2.4872
8778.0879 2.4870
8780.1113 2.4907
8782.1318 2.4968
8784.1562 2.5011
8786.1777 2.5060
8788.2031 2.5125
8790.2256 2.5181
8792.2471 2.5217
8794.2754 2.5262
8796.2979 2.5320
8798.3262 2.5357
8800.3506 2.5405
8802.3799 2.5464
8804.4053 2.5513
8806.4307 2.5545
8808.4609 2.5579
8810.4873 2.5630
8812.5195 2.5613
8814.5459 2.5637
8816.5791 2.5728
8818.6074 2.5805
8820.6357 2.5837
8822.6699 2.5881
8824.6992 2.5913
8826.7344 2.5978
8828.7646 2.6019
8830.8008 2.6044
8832.8330 2.6095
8834.8643 2.6181
8836.9014 2.6243
8838.9346 2.6296
8840.9727 2.6335
8843.0068 2.6378
8845.0459 2.6430
8847.0811 2.6467
8849.1162 2.6498
8851.1562 2.6536
8853.1924 2.6568
8855.2344 2.6592
8857.2715 2.6614
8859.3145 2.6626
8861.3516 2.6597
8863.3906 2.6559
8865.4346 2.6496
8867.4736 2.6368
8869.5186 2.6225
8871.5596 2.6233
8873.6045 2.6455
8875.6465 2.6644
8877.6885 2.6805
8879.7354 2.6929
8881.7783 2.7023
8883.8262 2.7144
8885.8701 2.7256
8887.9189 2.7329
8889.9639 2.7391
8892.0088 2.7474
8894.0596 2.7578
8896.1055 2.7667
8898.1562 2.7729
8900.2041 2.7782
8902.2559 2.7858
8904.3037 2.7937
8906.3574 2.8000
8908.4062 2.8066
8910.4561 2.8136
8912.5107 2.8192
8914.5605 2.8257
8916.6162 2.8286
8918.6680 2.8243
8920.7246 2.8227
8922.7764 2.8450
8924.8291 2.8523
8926.8867 2.8557
8928.9404 2.8614
8931.0000 2.8655
8933.0547 2.8635
8935.1143 2.8534
8937.1699 2.8719
8939.2256 2.8877
8941.2871 2.8936
8943.3438 2.8987
8945.4062 2.9038
8947.4639 2.9087
8949.5273 2.9134
8951.5859 2.9158
8953.6455 2.9192
8955.7100 2.9253
8957.7705 2.9309
8959.8359 2.9372
8961.8975 2.9421
8963.9639 2.9468
8966.0264 2.9513
8968.0889 2.9558
8970.1572 2.9602
8972.2207 2.9613
8974.2891 2.9642
8976.3535 2.9702
8978.4238 2.9759
8980.4893 2.9799
8982.5557 2.9833
8984.6270 2.9836
8986.6934 2.9880
8988.7656 2.9942
8990.8340 2.9987
8992.9072 3.0015
8994.9756 3.0043
8997.0449 3.0061
8999.1201 3.0081
9001.1904 3.0099
9003.2656 3.0108
9005.3369 3.0094
9007.4131 3.0060
9009.4854 3.0071
9011.5586 3.0056
9013.6357 3.0004
9015.7100 2.9916
9017.7891 2.9794
9019.8633 2.9626
9021.9434 2.9385
9024.0186 2.9495
9026.0947 2.9801
9028.1758 3.0086
9030.2529 3.0290
9032.3350 3.0472
9034.4131 3.0621
9036.4971 3.0748
9038.5752 3.0870
9040.6543 3.0978
9042.7393 3.1060
9044.8193 3.1135
9046.9053 3.1244
9048.9863 3.1339
9051.0732 3.1415
9053.1553 3.1484
9055.2383 3.1553
9057.3262 3.1622
9059.4102 3.1689
9061.4990 3.1767
9063.5840 3.1839
9065.6738 3.1884
9067.7588 3.1784
9069.8506 3.1553
9071.9365 3.1889
9074.0234 3.2125
9076.1162 3.2210
9078.2041 3.2252
9080.2979 3.2313
9082.3867 3.2370
9084.4805 3.2280
9086.5703 3.2275
9088.6611 3.2445
9090.7568 3.2616
9092.8486 3.2643
9094.9453 3.2578
9097.0371 3.2503
9099.1348 3.2760
9101.2285 3.2696
9103.3223 3.2635
9105.4209 3.2902
9107.5156 3.3036
9109.6162 3.3085
9111.7119 3.3141
9113.8125 3.3202
9115.9092 3.3249
9118.0068 3.3209
9120.1094 3.3103
9122.2070 3.3355
9124.3105 3.3461
9126.4102 3.3512
9128.5146 3.3565
9130.6143 3.3603
9132.7148 3.3659
9134.8213 3.3719
9136.9219 3.3794
9139.0293 3.3842
9141.1318 3.3893
9143.2393 3.3966
9145.3428 3.4022
9147.4473 3.4076
9149.5566 3.4132
9151.6611 3.4184
9153.7715 3.4228
9155.8770 3.4274
9157.9883 3.4342
9160.0957 3.4399
9162.2031 3.4446
9164.3154 3.4499
9166.4238 3.4557
9168.5371 3.4612
9170.6465 3.4661
9172.7617 3.4709
9174.8711 3.4767
9176.9824 3.4819
9179.0986 3.4867
9181.2100 3.4905
9183.3271 3.4918
9185.4395 3.4960
9187.5576 3.5038
9189.6719 3.5066
9191.7852 3.5106
9193.9053 3.5190
9196.0205 3.5228
9198.1406 3.5297
9200.2568 3.5344
9202.3789 3.5382
9204.4951 3.5417
9206.6133 3.5450
9208.7363 3.5486
9210.8545 3.5486
9212.9785 3.5514
9215.0977 3.5552
9217.2227 3.5563
9219.3428 3.5517
9221.4639 3.5453
9223.5908 3.5541
9225.7129 3.5467
9227.8398 3.5456
9229.9629 3.5460
9232.0908 3.5352
9234.2148 3.5182
9236.3447 3.4946
9238.4688 3.5096
9240.5947 3.5417
9242.7256 3.5676
9244.8516 3.5832
9246.9834 3.5994
9249.1104 3.6217
9251.2432 3.6259
9253.3721 3.6378
9255.5010 3.6561
9257.6348 3.6681
9259.7646 3.6760
9261.8994 3.6802
9264.0303 3.6879
9266.1670 3.6968
9268.2988 3.6971
9270.4307 3.6945
9272.5684 3.7076
9274.7012 3.7195
9276.8398 3.7389
9278.9746 3.7504
9281.1143 3.7562
9283.2490 3.7640
9285.3848 3.7707
9287.5264 3.7774
9289.6621 3.7840
9291.8047 3.7905
9293.9424 3.7970
9296.0850 3.8032
9298.2236 3.8090
9300.3633 3.8157
9302.5078 3.8217
9304.6475 3.8277
9306.7930 3.8345
9308.9346 3.8414
9311.0811 3.8469
9313.2227 3.8531
9315.3652 3.8598
9317.5137 3.8658
9319.6572 3.8718
9321.8057 3.8785
9323.9502 3.8844
9326.1006 3.8879
9328.2461 3.8946
9330.3916 3.9023
9332.5439 3.9087
9334.6904 3.9143
9336.8428 3.9212
9338.9912 3.9282
9341.1445 3.9342
9343.2939 3.9403
9345.4434 3.9466
9347.5977 3.9526
9349.7480 3.9585
9351.9043 3.9642
9354.0557 3.9711
9356.2129 3.9766
9358.3652 3.9818
9360.5186 3.9884
9362.6768 3.9957
9364.8301 4.0018
9366.9902 4.0079
9369.1445 4.0141
9371.3057 4.0205
9373.4609 4.0270
9375.6172 4.0332
9377.7793 4.0395
9379.9365 4.0450
9382.0996 4.0512
9384.2578 4.0579
9386.4219 4.0641
9388.5820 4.0697
9390.7461 4.0773
9392.9072 4.0798
9395.0674 4.0837
9397.2344 4.0917
9399.3965 4.0981
9401.5635 4.0988
9403.7266 4.1126
9405.8945 4.1204
9408.0586 4.1257
9410.2227 4.1296
9412.3926 4.1246
9414.5586 4.1147
9416.7295 4.1457
9418.8955 4.1526
9421.0674 4.1410
9423.2344 4.1462
9425.4023 4.1720
9427.5762 4.1816
9429.7451 4.1818
9431.9189 4.1927
9434.0889 4.2020
9436.2646 4.2068
9438.4355 4.2117
9440.6064 4.2180
9442.7832 4.2246
9444.9561 4.2229
9447.1338 4.2309
9449.3076 4.2440
9451.4863 4.2503
9453.6602 4.2544
9455.8350 4.2637
9458.0156 4.2718
9460.1914 4.2782
9462.3730 4.2842
9464.5498 4.2906
9466.7324 4.2972
9468.9102 4.3024
9471.0889 4.3086
9473.2725 4.3154
9475.4521 4.3224
9477.6367 4.3294
9479.8174 4.3356
9482.0029 4.3420
9484.1846 4.3483
9486.3662 4.3548
9488.5537 4.3606
9490.7363 4.3659
9492.9258 4.3723
9495.1094 4.3794
9497.2988 4.3855
9499.4834 4.3914
9501.6689 4.3972
9503.8604 4.4029
9506.0459 4.4084
9508.2383 4.4146
9510.4258 4.4205
9512.6191 4.4250
9514.8076 4.4303
9516.9961 4.4369
9519.1904 4.4423
9521.3809 4.4475
9523.5762 4.4524
9525.7666 4.4568
9527.9639 4.4610
9530.1553 4.4648
9532.3477 4.4682
9534.5459 4.4710
9536.7393 4.4731
9538.9385 4.4747
9541.1328 4.4751
9543.3330 4.4742
9545.5283 4.4720
9547.7246 4.4664
9549.9268 4.4578
9552.1230 4.4382
9554.3262 4.4294
9556.5234 4.4501
9558.7275 4.4836
9560.9268 4.5061
9563.1309 4.5253
9565.3311 4.5418
9567.5322 4.5560
9569.7383 4.5690
9571.9395 4.5808
9574.1465 4.5924
9576.3496 4.6020
9578.5576 4.6113
9580.7607 4.6211
9582.9648 4.6311
9585.1748 4.6408
9587.3799 4.6498
9589.5908 4.6584
9591.7969 4.6666
9594.0088 4.6747
9596.2158 4.6829
9598.4238 4.6908
9600.6367 4.6974
9602.8457 4.7053
9605.0596 4.7135
9607.2695 4.7206
9609.4854 4.7227
9611.6953 4.7203
9613.9062 4.7382
9616.1240 4.7496
9618.3359 4.7582
9620.5537 4.7660
9622.7666 4.7731
9624.9863 4.7818
9627.2002 4.7772
9629.4150 4.7784
9631.6357 4.7943
9633.8516 4.8086
9636.0723 4.8131
9638.2891 4.8210
9640.5117 4.8188
9642.7295 4.8301
9644.9482 4.8433
9647.1719 4.8524
9649.3916 4.8599
9651.6172 4.8667
9653.8369 4.8754
9656.0635 4.8762
9658.2842 4.8795
9660.5068 4.8907
9662.7344 4.9018
9664.9570 4.8998
9667.1855 4.8964
9669.4102 4.9177
9671.6396 4.9318
9673.8643 4.9374
9676.0898 4.9464
9678.3213 4.9515
9680.5479 4.9549
9682.7803 4.9644
9685.0078 4.9724
9687.2412 4.9756
9689.4697 4.9803
9691.6982 4.9933
9693.9336 5.0016
9696.1631 5.0085
9698.3994 5.0128
9700.6299 5.0182
9702.8672 5.0280
9705.0996 5.0382
9707.3320 5.0462
9709.5703 5.0543
9711.8047 5.0619
9714.0439 5.0692
9716.2783 5.0767
9718.5186 5.0840
9720.7549 5.0914
9722.9912 5.0988
9725.2334 5.1061
9727.4707 5.1134
9729.7139 5.1202
9731.9521 5.1260
9734.1963 5.1344
9736.4355 5.1425
9738.6807 5.1499
9740.9209 5.1574
9743.1621 5.1632
9745.4082 5.1648
9747.6504 5.1685
9749.8984 5.1814
9752.1416 5.1931
9754.3896 5.2005
9756.6338 5.2073
9758.8789 5.2160
9761.1289 5.2240
9763.3740 5.2315
9765.6260 5.2388
9767.8721 5.2462
9770.1250 5.2531
9772.3721 5.2593
9774.6201 5.2681
9776.8750 5.2759
9779.1240 5.2836
9781.3789 5.2914
9783.6289 5.2989
9785.8848 5.3063
9788.1367 5.3139
9790.3877 5.3213
9792.6455 5.3284
9794.8984 5.3354
9797.1572 5.3427
9799.4111 5.3508
9801.6709 5.3590
9803.9258 5.3658
9806.1807 5.3725
9808.4424 5.3800
9810.6982 5.3883
9812.9609 5.3972
9815.2188 5.4046
9817.4814 5.4117
9819.7402 5.4188
9821.9990 5.4266
9824.2646 5.4351
9826.5244 5.4428
9828.7900 5.4494
9831.0518 5.4567
9833.3184 5.4633
9835.5801 5.4710
9837.8428 5.4803
9840.1113 5.4882
9842.3750 5.4952
9844.6455 5.5033
9846.9102 5.5114
9849.1807 5.5184
9851.4463 5.5255
9853.7129 5.5346
9855.9844 5.5426
9858.2520 5.5497
9860.5254 5.5534
9862.7939 5.5580
9865.0684 5.5667
9867.3379 5.5747
9869.6074 5.5821
9871.8838 5.5938
9874.1543 5.6042
9876.4316 5.6123
9878.7031 5.6199
9880.9814 5.6274
9883.2549 5.6357
9885.5283 5.6437
9887.8076 5.6517
9890.0830 5.6591
9892.3633 5.6668
9894.6387 5.6753
9896.9209 5.6754
9899.1973 5.6759
9901.4746 5.6899
9903.7578 5.7063
9906.0361 5.7129
9908.3203 5.7186
9910.5996 5.7292
9912.8857 5.7377
9915.1660 5.7453
9917.4521 5.7531
9919.7334 5.7600
9922.0156 5.7654
9924.3037 5.7711
9926.5869 5.7834
9928.8760 5.7942
9931.1602 5.8015
9933.4502 5.8095
9935.7354 5.8183
9938.0205 5.8190
9940.3125 5.8237
9942.5996 5.8371
9944.8926 5.8505
9947.1797 5.8565
9949.4736 5.8607
9951.7627 5.8704
9954.0518 5.8808
9956.3477 5.8888
9958.6377 5.8959
9960.9346 5.9042
9963.2256 5.9129
9965.5234 5.9203
9967.8154 5.9284
9970.1094 5.9365
9972.4082 5.9447
9974.7021 5.9533
9977.0020 5.9612
9979.2979 5.9689
9981.5986 5.9771
9983.8945 5.9850
9986.1914 5.9928
9988.4941 6.0009
9990.7920 6.0087
9993.0967 6.0165
9995.3955 6.0245
9997.7002 6.0325
10000.0000 6.0404
10002.3057 6.0474
10004.6016 6.0529
10006.9082 6.0591
10009.2158 6.0699
10011.5244 6.0788
10013.8223 6.0859
10016.1309 6.0939
10018.4404 6.1010
10020.7402 6.1082
10023.0508 6.1152
10025.3623 6.1218
10027.6738 6.1283
10029.9756 6.1349
10032.2881 6.1409
10034.6016 6.1462
10036.9043 6.1518
10039.2188 6.1566
10041.5342 6.1608
10043.8496 6.1645
10046.1543 6.1668
10048.4707 6.1678
10050.7881 6.1665
10053.0947 6.1626
10055.4131 6.1511
10057.7324 6.1407
10060.0508 6.1569
10062.3604 6.1894
10064.6807 6.2122
10067.0010 6.2308
10069.3115 6.2481
10071.6338 6.2626
10073.9561 6.2765
10076.2793 6.2891
10078.5918 6.3015
10080.9160 6.3135
10083.2402 6.3248
10085.5547 6.3354
10087.8799 6.3459
10090.2061 6.3563
10092.5332 6.3661
10094.8496 6.3762
10097.1777 6.3863
10099.5059 6.3959
10101.8232 6.4055
10104.1533 6.4149
10106.4834 6.4242
10108.8135 6.4335
10111.1338 6.4423
10113.4648 6.4502
10115.7969 6.4582
10118.1191 6.4675
10120.4521 6.4743
10122.7861 6.4823
10125.1201 6.4934
10127.4434 6.5055
10129.7793 6.5129
10132.1152 6.5102
10134.4404 6.5245
10136.7773 6.5400
10139.1152 6.5498
10141.4531 6.5588
10143.7803 6.5679
10146.1191 6.5767
10148.4590 6.5856
10150.7881 6.5942
10153.1289 6.6015
10155.4707 6.6089
10157.8125 6.6202
10160.1436 6.6298
10162.4863 6.6380
10164.8301 6.6466
10167.1621 6.6562
10169.5068 6.6649
10171.8525 6.6703
10174.1973 6.6792
10176.5322 6.6912
10178.8789 6.7008
10181.2266 6.7086
10183.5742 6.7174
10185.9111 6.7268
10188.2607 6.7368
10190.6094 6.7418
10192.9482 6.7491
10195.2988 6.7604
10197.6504 6.7715
10200.0020 6.7800
10202.3428 6.7892
10204.6953 6.7983
10207.0479 6.8073
10209.3906 6.8161
10211.7451 6.8250
10214.0996 6.8341
10216.4551 6.8429
10218.7998 6.8519
10221.1562 6.8612
10223.5137 6.8688
10225.8594 6.8759
10228.2178 6.8875
10230.5762 6.8969
10232.9355 6.9060
10235.2842 6.9150
10237.6436 6.9240
10240.0049 6.9331
10242.3545 6.9424
10244.7168 6.9510
10247.0791 6.9596
10249.4424 6.9691
10251.7939 6.9785
10254.1582 6.9870
10256.5234 6.9963
10258.8770 7.0059
10261.2422 7.0150
10263.6084 7.0240
10265.9756 7.0330
10268.3311 7.0423
10270.6992 7.0514
10273.0674 7.0606
10275.4258 7.0697
10277.7949 7.0789
10280.1650 7.0879
10282.5352 7.0967
10284.8955 7.1056
10287.2666 7.1156
10289.6396 7.1248
10292.0010 7.1341
10294.3740 7.1429
10296.7480 7.1504
10299.1221 7.1586
10301.4863 7.1708
10303.8613 7.1802
10306.2373 7.1892
10308.6025 7.1985
10310.9795 7.2074
10313.3574 7.2170
10315.7363 7.2265
10318.1035 7.2353
10320.4824 7.2440
10322.8623 7.2534
10325.2314 7.2636
10327.6123 7.2728
10329.9941 7.2821
10332.3760 7.2915
10334.7471 7.3008
10337.1309 7.3100
10339.5146 7.3186
10341.8877 7.3270
10344.2725 7.3380
10346.6572 7.3479
10349.0430 7.3570
10351.4189 7.3651
