3587.5671 0.1826
3588.3923 0.1866
3589.2200 0.1934
3590.0457 0.2008
3590.8735 0.2083
3591.6995 0.2156
3592.5259 0.2202
3593.3542 0.2204
3594.1809 0.2178
3595.0098 0.2155
3595.8367 0.2156
3596.6660 0.2174
3597.4934 0.2197
3598.3208 0.2221
3599.1506 0.2252
3599.9788 0.2283
3600.8088 0.2301
3601.6372 0.2292
3602.4678 0.2259
3603.2964 0.2223
3604.1252 0.2202
3604.9565 0.2189
3605.7859 0.2172
3606.6172 0.2163
3607.4470 0.2176
3608.2788 0.2187
3609.1089 0.2160
3609.9392 0.2117
3610.7717 0.2108
3611.6023 0.2151
3612.4351 0.2208
3613.2661 0.2236
3614.0994 0.2241
3614.9307 0.2262
3615.7625 0.2316
3616.5962 0.2369
3617.4282 0.2371
3618.2625 0.2300
3619.0947 0.2196
3619.9292 0.2138
3620.7620 0.2175
3621.5969 0.2262
3622.4302 0.2332
3623.2634 0.2371
3624.0989 0.2388
3624.9326 0.2395
3625.7686 0.2411
3626.6028 0.2451
3627.4390 0.2500
3628.2734 0.2532
3629.1082 0.2545
3629.9451 0.2524
3630.7800 0.2447
3631.6174 0.2331
3632.4529 0.2257
3633.2903 0.2286
3634.1262 0.2373
3634.9622 0.2451
3635.8005 0.2495
3636.6370 0.2528
3637.4756 0.2560
3638.3123 0.2586
3639.1514 0.2604
3639.9885 0.2613
3640.8259 0.2610
3641.6653 0.2591
3642.5032 0.2562
3643.3430 0.2534
3644.1812 0.2520
3645.0215 0.2527
3645.8601 0.2550
3646.6990 0.2573
3647.5398 0.2574
3648.3789 0.2545
3649.2202 0.2523
3650.0596 0.2531
3650.9014 0.2564
3651.7412 0.2605
3652.5813 0.2650
3653.4236 0.2694
3654.2642 0.2729
3655.1067 0.2757
3655.9475 0.2782
3656.7908 0.2810
3657.6318 0.2842
3658.4734 0.2865
3659.3169 0.2867
3660.1587 0.2854
3661.0029 0.2842
3661.8450 0.2841
3662.6895 0.2845
3663.5320 0.2854
3664.3748 0.2869
3665.2197 0.2891
3666.0630 0.2919
3666.9084 0.2945
3667.7520 0.2957
3668.5977 0.2949
3669.4417 0.2926
3670.2859 0.2906
3671.1321 0.2914
3671.9768 0.2956
3672.8235 0.3004
3673.6685 0.3025
3674.5156 0.3019
3675.3608 0.3008
3676.2063 0.3005
3677.0542 0.2996
3677.8999 0.2975
3678.7480 0.2952
3679.5945 0.2938
3680.4429 0.2940
3681.2896 0.2959
3682.1365 0.2986
3682.9856 0.2995
3683.8328 0.2991
3684.6824 0.2988
3685.5300 0.2982
3686.3799 0.2966
3687.2278 0.2956
3688.0781 0.2971
3688.9265 0.3024
3689.7751 0.3097
3690.6260 0.3159
3691.4751 0.3194
3692.3264 0.3219
3693.1758 0.3249
3694.0273 0.3276
3694.8772 0.3293
3695.7273 0.3299
3696.5793 0.3291
3697.4299 0.3270
3698.2825 0.3269
3699.1333 0.3326
3699.9863 0.3415
3700.8374 0.3483
3701.6887 0.3494
3702.5425 0.3451
3703.3943 0.3362
3704.2483 0.3246
3705.1003 0.3144
3705.9548 0.3094
3706.8074 0.3115
3707.6599 0.3198
3708.5149 0.3296
3709.3682 0.3359
3710.2234 0.3379
3711.0771 0.3362
3711.9329 0.3325
3712.7866 0.3315
3713.6409 0.3391
3714.4973 0.3551
3715.3518 0.3709
3716.2085 0.3814
3717.0635 0.3867
3717.9204 0.3891
3718.7759 0.3863
3719.6313 0.3728
3720.4890 0.3498
3721.3450 0.3259
3722.2031 0.3109
3723.0593 0.3106
3723.9180 0.3282
3724.7747 0.3573
3725.6316 0.3854
3726.4905 0.4029
3727.3479 0.4069
3728.2073 0.4039
3729.0649 0.4050
3729.9250 0.4117
3730.7830 0.4151
3731.6414 0.4096
3732.5017 0.3935
3733.3604 0.3670
3734.2214 0.3344
3735.0803 0.3081
3735.9417 0.3017
3736.8013 0.3141
3737.6609 0.3359
3738.5227 0.3631
3739.3828 0.3947
3740.2451 0.4221
3741.1055 0.4386
3741.9683 0.4440
3742.8291 0.4420
3743.6899 0.4355
3744.5532 0.4275
3745.4148 0.4172
3746.2786 0.4053
3747.1404 0.3955
3748.0044 0.3865
3748.8667 0.3673
3749.7290 0.3384
3750.5938 0.3174
3751.4565 0.3236
3752.3215 0.3547
3753.1848 0.3933
3754.0503 0.4246
3754.9138 0.4471
3755.7798 0.4638
3756.6438 0.4731
3757.5081 0.4713
3758.3745 0.4593
3759.2390 0.4469
3760.1060 0.4445
3760.9709 0.4521
3761.8381 0.4623
3762.7036 0.4701
3763.5693 0.4736
3764.4370 0.4726
3765.3032 0.4709
3766.1714 0.4696
3767.0378 0.4635
3767.9065 0.4520
3768.7732 0.4364
3769.6401 0.4146
3770.5095 0.3852
3771.3770 0.3616
3772.2466 0.3647
3773.1145 0.3943
3773.9844 0.4324
3774.8528 0.4612
3775.7209 0.4787
3776.5918 0.4916
3777.4604 0.5058
3778.3315 0.5204
3779.2009 0.5320
3780.0723 0.5401
3780.9419 0.5464
3781.8118 0.5513
3782.6838 0.5536
3783.5540 0.5536
3784.4265 0.5533
3785.2971 0.5536
3786.1699 0.5508
3787.0410 0.5434
3787.9121 0.5377
3788.7856 0.5373
3789.6572 0.5404
3790.5310 0.5423
3791.4031 0.5429
3792.2773 0.5432
3793.1499 0.5397
3794.0225 0.5289
3794.8972 0.5106
3795.7703 0.4875
3796.6455 0.4597
3797.5190 0.4231
3798.3948 0.3874
3799.2686 0.3754
3800.1426 0.4017
3801.0188 0.4511
3801.8933 0.5000
3802.7700 0.5355
3803.6448 0.5589
3804.5220 0.5740
3805.3972 0.5822
3806.2727 0.5841
3807.1504 0.5828
3808.0261 0.5841
3808.9043 0.5933
3809.7805 0.6084
3810.6589 0.6227
3811.5356 0.6305
3812.4126 0.6296
3813.2917 0.6203
3814.1689 0.6094
3815.0483 0.6016
3815.9260 0.5983
3816.8059 0.6015
3817.6841 0.6160
3818.5623 0.6350
3819.4429 0.6410
3820.3215 0.6287
3821.2024 0.6107
3822.0815 0.6080
3822.9629 0.6219
3823.8423 0.6319
3824.7241 0.6252
3825.6040 0.6083
3826.4841 0.5957
3827.3665 0.5910
3828.2468 0.5887
3829.1296 0.5820
3830.0105 0.5761
3830.8938 0.5721
3831.7751 0.5620
3832.6565 0.5351
3833.5403 0.4996
3834.4224 0.4663
3835.3064 0.4337
3836.1887 0.4135
3837.0735 0.4208
3837.9561 0.4492
3838.8391 0.4777
3839.7244 0.5053
3840.6077 0.5352
3841.4932 0.5659
3842.3770 0.5955
3843.2629 0.6257
3844.1472 0.6492
3845.0315 0.6630
3845.9182 0.6695
3846.8030 0.6739
3847.6899 0.6807
3848.5752 0.6890
3849.4626 0.6931
3850.3481 0.6894
3851.2339 0.6862
3852.1221 0.6911
3853.0083 0.7037
3853.8967 0.7154
3854.7832 0.7214
3855.6721 0.7190
3856.5591 0.7099
3857.4463 0.7007
3858.3359 0.6949
3859.2234 0.6866
3860.1135 0.6755
3861.0015 0.6759
3861.8918 0.6952
3862.7803 0.7221
3863.6687 0.7397
3864.5598 0.7442
3865.4487 0.7401
3866.3401 0.7347
3867.2297 0.7357
3868.1213 0.7432
3869.0112 0.7518
3869.9014 0.7566
3870.7937 0.7559
3871.6841 0.7468
3872.5769 0.7282
3873.4678 0.7109
3874.3611 0.7087
3875.2524 0.7218
3876.1438 0.7363
3877.0376 0.7401
3877.9297 0.7270
3878.8237 0.7073
3879.7161 0.6996
3880.6108 0.7130
3881.5037 0.7311
3882.3965 0.7371
3883.2917 0.7327
3884.1851 0.7220
3885.0808 0.7041
3885.9746 0.6744
3886.8706 0.6327
3887.7649 0.5849
3888.6592 0.5335
3889.5559 0.4947
3890.4507 0.4926
3891.3479 0.5371
3892.2429 0.6003
3893.1406 0.6509
3894.0361 0.6810
3894.9341 0.6964
3895.8301 0.7068
3896.7263 0.7188
3897.6250 0.7327
3898.5215 0.7411
3899.4207 0.7427
3900.3176 0.7425
3901.2170 0.7466
3902.1145 0.7556
3903.0122 0.7632
3903.9121 0.7661
3904.8103 0.7635
3905.7107 0.7552
3906.6094 0.7476
3907.5100 0.7566
3908.4089 0.7809
3909.3081 0.8037
3910.2097 0.8160
3911.1091 0.8204
3912.0110 0.8235
3912.9111 0.8250
3913.8132 0.8215
3914.7136 0.8176
3915.6143 0.8185
3916.5171 0.8204
3917.4182 0.8177
3918.3215 0.8134
3919.2229 0.8101
3920.1267 0.8061
3921.0286 0.8026
3921.9307 0.8019
3922.8350 0.8049
3923.7373 0.8094
3924.6421 0.8164
3925.5452 0.8224
3926.4502 0.8212
3927.3535 0.8097
3928.2571 0.7889
3929.1628 0.7628
3930.0667 0.7327
3930.9731 0.6869
3931.8774 0.6104
3932.7839 0.5017
3933.6887 0.3857
3934.5938 0.3159
3935.5010 0.3351
3936.4062 0.4355
3937.3142 0.5637
3938.2200 0.6738
3939.1279 0.7472
3940.0342 0.7916
3940.9407 0.8170
3941.8494 0.8308
3942.7561 0.8374
3943.6653 0.8372
3944.5725 0.8330
3945.4822 0.8347
3946.3899 0.8462
3947.2979 0.8576
3948.2080 0.8608
3949.1162 0.8585
3950.0269 0.8582
3950.9355 0.8610
3951.8467 0.8635
3952.7559 0.8624
3953.6650 0.8613
3954.5769 0.8632
3955.4866 0.8651
3956.3987 0.8591
3957.3088 0.8477
3958.2214 0.8433
3959.1321 0.8483
3960.0449 0.8542
3960.9561 0.8502
3961.8672 0.8343
3962.7808 0.8144
3963.6924 0.7994
3964.6064 0.7853
3965.5186 0.7587
3966.4329 0.7029
3967.3455 0.6077
3968.2581 0.4848
3969.1731 0.3785
3970.0862 0.3423
3971.0017 0.3885
3971.9153 0.4872
3972.8313 0.5945
3973.7451 0.6814
3974.6592 0.7417
3975.5759 0.7819
3976.4905 0.8087
3977.4075 0.8270
3978.3225 0.8416
3979.2397 0.8559
3980.1553 0.8699
3981.0708 0.8804
3981.9888 0.8858
3982.9050 0.8879
3983.8232 0.8900
3984.7397 0.8935
3985.6587 0.8977
3986.5757 0.9001
3987.4927 0.9024
3988.4121 0.9078
3989.3298 0.9149
3990.2498 0.9180
3991.1677 0.9196
3992.0879 0.9240
3993.0063 0.9297
3993.9250 0.9317
3994.8459 0.9287
3995.7649 0.9224
3996.6863 0.9171
3997.6057 0.9129
3998.5276 0.9105
3999.4475 0.9127
4000.3674 0.9200
4001.2900 0.9243
4002.2104 0.9197
4003.1333 0.9183
4004.0544 0.9232
4004.9775 0.9249
4005.8989 0.9180
4006.8206 0.9155
4007.7446 0.9238
4008.6665 0.9348
4009.5908 0.9415
4010.5132 0.9433
4011.4380 0.9440
4012.3608 0.9439
4013.2839 0.9423
4014.2095 0.9420
4015.1328 0.9440
4016.0588 0.9470
4016.9827 0.9493
4017.9089 0.9505
4018.8333 0.9522
4019.7578 0.9543
4020.6848 0.9551
4021.6096 0.9539
4022.5371 0.9528
4023.4624 0.9534
4024.3901 0.9539
4025.3162 0.9531
4026.2422 0.9533
4027.1704 0.9571
4028.0969 0.9608
4029.0259 0.9593
4029.9526 0.9510
4030.8821 0.9396
4031.8093 0.9310
4032.7390 0.9279
4033.6667 0.9274
4034.5947 0.9294
4035.5251 0.9362
4036.4534 0.9461
4037.3843 0.9557
4038.3130 0.9620
4039.2441 0.9643
4040.1736 0.9633
4041.1030 0.9609
4042.0347 0.9598
4042.9646 0.9604
4043.8970 0.9588
4044.8271 0.9482
4045.7600 0.9282
4046.6907 0.9134
4047.6216 0.9203
4048.5549 0.9419
4049.4863 0.9576
4050.4202 0.9624
4051.3521 0.9631
4052.2861 0.9635
4053.2185 0.9622
4054.1509 0.9593
4055.0857 0.9571
4056.0186 0.9556
4056.9539 0.9537
4057.8872 0.9510
4058.8230 0.9507
4059.7566 0.9543
4060.6907 0.9592
4061.6270 0.9600
4062.5613 0.9524
4063.4983 0.9354
4064.4331 0.9229
4065.3701 0.9253
4066.3054 0.9386
4067.2410 0.9459
4068.1787 0.9462
4069.1147 0.9485
4070.0530 0.9510
4070.9893 0.9469
4071.9280 0.9352
4072.8647 0.9286
4073.8018 0.9352
4074.7412 0.9456
4075.6787 0.9498
4076.6184 0.9444
4077.5562 0.9323
4078.4966 0.9209
4079.4348 0.9222
4080.3733 0.9357
4081.3142 0.9486
4082.2532 0.9536
4083.1943 0.9516
4084.1338 0.9465
4085.0757 0.9409
4086.0154 0.9365
4086.9553 0.9354
4087.8977 0.9370
4088.8381 0.9385
4089.7810 0.9377
4090.7219 0.9339
4091.6653 0.9284
4092.6064 0.9237
4093.5481 0.9201
4094.4919 0.9159
4095.4338 0.9086
4096.3784 0.8975
4097.3208 0.8826
4098.2656 0.8630
4099.2085 0.8347
4100.1514 0.7904
4101.0967 0.7244
4102.0400 0.6515
4102.9863 0.6200
4103.9302 0.6554
4104.8765 0.7301
4105.8208 0.7954
4106.7676 0.8369
4107.7124 0.8599
4108.6572 0.8741
4109.6045 0.8844
4110.5503 0.8933
4111.4980 0.9023
4112.4438 0.9105
4113.3921 0.9162
4114.3384 0.9193
4115.2852 0.9223
4116.2339 0.9270
4117.1807 0.9319
4118.1304 0.9325
4119.0776 0.9279
4120.0273 0.9258
4120.9751 0.9282
4121.9233 0.9309
4122.8740 0.9314
4123.8223 0.9349
4124.7734 0.9405
4125.7222 0.9432
4126.6733 0.9412
4127.6230 0.9369
4128.5723 0.9345
4129.5244 0.9354
4130.4746 0.9371
4131.4268 0.9341
4132.3774 0.9249
4133.3301 0.9167
4134.2812 0.9173
4135.2324 0.9235
4136.1855 0.9293
4137.1372 0.9327
4138.0913 0.9347
4139.0435 0.9370
4139.9976 0.9400
4140.9502 0.9421
4141.9028 0.9409
4142.8579 0.9323
4143.8110 0.9160
4144.7666 0.9040
4145.7202 0.9087
4146.6758 0.9234
4147.6299 0.9325
4148.5840 0.9338
4149.5405 0.9336
4150.4951 0.9356
4151.4526 0.9384
4152.4072 0.9393
4153.3647 0.9364
4154.3203 0.9290
4155.2764 0.9233
4156.2344 0.9230
4157.1904 0.9263
4158.1489 0.9277
4159.1055 0.9298
4160.0649 0.9353
4161.0220 0.9400
4161.9790 0.9414
4162.9390 0.9410
4163.8965 0.9412
4164.8564 0.9415
4165.8149 0.9419
4166.7754 0.9391
4167.7339 0.9334
4168.6929 0.9298
4169.6538 0.9330
4170.6133 0.9376
4171.5752 0.9372
4172.5347 0.9322
4173.4971 0.9263
4174.4570 0.9232
4175.4175 0.9234
4176.3799 0.9252
4177.3408 0.9274
4178.3042 0.9293
4179.2651 0.9317
4180.2290 0.9353
4181.1909 0.9369
4182.1548 0.9333
4183.1172 0.9293
4184.0796 0.9295
4185.0444 0.9312
4186.0068 0.9294
4186.9722 0.9234
4187.9355 0.9152
4188.9014 0.9130
4189.8647 0.9202
4190.8286 0.9289
4191.7949 0.9300
4192.7593 0.9279
4193.7261 0.9302
4194.6909 0.9338
4195.6582 0.9337
4196.6235 0.9310
4197.5889 0.9271
4198.5571 0.9176
4199.5229 0.9062
4200.4912 0.9058
4201.4575 0.9109
4202.4263 0.9130
4203.3931 0.9123
4204.3599 0.9169
4205.3296 0.9228
4206.2969 0.9258
4207.2671 0.9267
4208.2349 0.9279
4209.2051 0.9297
4210.1738 0.9284
4211.1421 0.9241
4212.1133 0.9231
4213.0820 0.9254
4214.0537 0.9257
4215.0229 0.9190
4215.9951 0.9073
4216.9648 0.8990
4217.9351 0.9019
4218.9077 0.9088
4219.8784 0.9142
4220.8516 0.9181
4221.8223 0.9209
4222.7959 0.9193
4223.7676 0.9145
4224.7393 0.9094
4225.7134 0.8985
4226.6855 0.8760
4227.6602 0.8546
4228.6328 0.8610
4229.6079 0.8910
4230.5806 0.9148
4231.5542 0.9208
4232.5298 0.9170
4233.5034 0.9093
4234.4800 0.9041
4235.4541 0.9046
4236.4307 0.9041
4237.4053 0.9025
4238.3799 0.9056
4239.3574 0.9113
4240.3325 0.9154
4241.3105 0.9189
4242.2861 0.9198
4243.2642 0.9175
4244.2407 0.9146
4245.2168 0.9132
4246.1958 0.9093
4247.1729 0.9006
4248.1519 0.8938
4249.1294 0.8909
4250.1094 0.8874
4251.0869 0.8810
4252.0649 0.8826
4253.0454 0.8950
4254.0239 0.9015
4255.0049 0.8975
4255.9834 0.8939
4256.9648 0.8993
4257.9443 0.9070
4258.9263 0.9087
4259.9058 0.9022
4260.8857 0.8926
4261.8687 0.8882
4262.8491 0.8939
4263.8320 0.9039
4264.8130 0.9115
4265.7964 0.9150
4266.7778 0.9141
4267.7593 0.9097
4268.7432 0.9053
4269.7256 0.9036
4270.7100 0.8968
4271.6924 0.8810
4272.6772 0.8682
4273.6606 0.8715
4274.6436 0.8801
4275.6294 0.8838
4276.6128 0.8906
4277.5991 0.9005
4278.5830 0.9077
4279.5698 0.9079
4280.5542 0.9035
4281.5391 0.8983
4282.5264 0.8936
4283.5117 0.8906
4284.4990 0.8916
4285.4849 0.8957
4286.4731 0.8961
4287.4590 0.8939
4288.4453 0.8910
4289.4346 0.8815
4290.4214 0.8688
4291.4106 0.8641
4292.3979 0.8715
4293.3877 0.8801
4294.3755 0.8808
4295.3633 0.8802
4296.3535 0.8831
4297.3423 0.8847
4298.3330 0.8768
4299.3218 0.8599
4300.3135 0.8423
4301.3027 0.8351
4302.2920 0.8371
4303.2842 0.8404
4304.2744 0.8461
4305.2666 0.8543
4306.2573 0.8580
4307.2500 0.8512
4308.2412 0.8376
4309.2319 0.8290
4310.2261 0.8348
4311.2173 0.8464
4312.2114 0.8545
4313.2036 0.8599
4314.1982 0.8652
4315.1904 0.8715
4316.1836 0.8817
4317.1787 0.8971
4318.1719 0.9081
4319.1675 0.9101
4320.1611 0.9076
4321.1572 0.9064
4322.1514 0.9045
4323.1460 0.8997
4324.1426 0.8893
4325.1377 0.8752
4326.1348 0.8645
4327.1299 0.8654
4328.1279 0.8790
4329.1235 0.8925
4330.1196 0.8969
4331.1182 0.8953
4332.1143 0.8918
4333.1133 0.8872
4334.1104 0.8812
4335.1099 0.8726
4336.1069 0.8597
4337.1069 0.8386
4338.1045 0.8063
4339.1025 0.7607
4340.1030 0.7015
4341.1016 0.6461
4342.1025 0.6436
4343.1016 0.6955
4344.1030 0.7627
4345.1025 0.8069
4346.1021 0.8348
4347.1040 0.8547
4348.1040 0.8691
4349.1069 0.8795
4350.1074 0.8849
4351.1104 0.8831
4352.1113 0.8734
4353.1128 0.8665
4354.1167 0.8742
4355.1182 0.8879
4356.1226 0.8977
4357.1245 0.9017
4358.1294 0.9044
4359.1318 0.9060
4360.1348 0.9068
4361.1401 0.9085
4362.1436 0.9105
4363.1494 0.9110
4364.1528 0.9112
4365.1592 0.9134
4366.1636 0.9157
4367.1680 0.9150
4368.1753 0.9121
4369.1802 0.9104
4370.1875 0.9109
4371.1929 0.9115
4372.2007 0.9131
4373.2065 0.9152
4374.2129 0.9143
4375.2212 0.9079
4376.2280 0.9012
4377.2368 0.9006
4378.2441 0.9067
4379.2534 0.9141
4380.2612 0.9192
4381.2686 0.9209
4382.2793 0.9171
4383.2871 0.9032
4384.2979 0.8863
4385.3066 0.8846
4386.3179 0.8982
4387.3267 0.9111
4388.3359 0.9169
4389.3481 0.9193
4390.3579 0.9214
4391.3701 0.9219
4392.3804 0.9208
4393.3936 0.9190
4394.4043 0.9151
4395.4150 0.9088
4396.4287 0.9081
4397.4399 0.9142
4398.4541 0.9205
4399.4658 0.9199
4400.4805 0.9156
4401.4927 0.9132
4402.5054 0.9158
4403.5205 0.9164
4404.5337 0.9084
4405.5493 0.8959
4406.5625 0.8961
4407.5786 0.9093
4408.5928 0.9181
4409.6069 0.9213
4410.6240 0.9236
4411.6387 0.9265
4412.6558 0.9279
4413.6709 0.9270
4414.6885 0.9193
4415.7041 0.9085
4416.7227 0.9033
4417.7388 0.9075
4418.7549 0.9137
4419.7739 0.9201
4420.7905 0.9257
4421.8101 0.9272
4422.8271 0.9246
4423.8472 0.9222
4424.8647 0.9216
4425.8828 0.9195
4426.9033 0.9150
4427.9219 0.9117
4428.9429 0.9121
4429.9619 0.9148
4430.9834 0.9167
4432.0024 0.9189
4433.0220 0.9211
4434.0444 0.9196
4435.0645 0.9133
4436.0874 0.9066
4437.1079 0.9071
4438.1309 0.9144
4439.1519 0.9207
4440.1733 0.9239
4441.1968 0.9235
4442.2188 0.9184
4443.2432 0.9097
4444.2651 0.9024
4445.2900 0.9042
4446.3125 0.9114
4447.3354 0.9159
4448.3613 0.9146
4449.3843 0.9139
4450.4106 0.9144
4451.4341 0.9145
4452.4609 0.9160
4453.4849 0.9167
4454.5098 0.9113
4455.5366 0.9014
4456.5615 0.8967
4457.5894 0.8990
4458.6147 0.9017
4459.6431 0.9035
4460.6689 0.9069
4461.6953 0.9095
4462.7241 0.9097
4463.7505 0.9114
4464.7798 0.9147
4465.8071 0.9165
4466.8369 0.9142
4467.8643 0.9092
4468.8921 0.9049
4469.9229 0.9048
4470.9512 0.9092
4471.9819 0.9157
4473.0107 0.9211
4474.0425 0.9241
4475.0718 0.9236
4476.1011 0.9191
4477.1333 0.9155
4478.1631 0.9164
4479.1958 0.9197
4480.2266 0.9197
4481.2593 0.9157
4482.2905 0.9078
4483.3213 0.9034
4484.3555 0.9073
4485.3872 0.9159
4486.4214 0.9208
4487.4536 0.9213
4488.4883 0.9202
4489.5210 0.9170
4490.5537 0.9127
4491.5889 0.9110
4492.6226 0.9145
4493.6582 0.9177
4494.6919 0.9155
4495.7285 0.9134
4496.7627 0.9153
4497.7998 0.9195
4498.8345 0.9215
4499.8696 0.9204
4500.9072 0.9154
4501.9424 0.9102
4502.9805 0.9098
4504.0166 0.9153
4505.0552 0.9204
4506.0913 0.9223
4507.1279 0.9215
4508.1675 0.9189
4509.2046 0.9171
4510.2446 0.9189
4511.2822 0.9217
4512.3223 0.9219
4513.3604 0.9205
4514.3984 0.9189
4515.4395 0.9173
4516.4785 0.9157
4517.5200 0.9154
4518.5591 0.9145
4519.6011 0.9129
4520.6406 0.9121
4521.6807 0.9124
4522.7236 0.9123
4523.7642 0.9111
4524.8071 0.9102
4525.8481 0.9093
4526.8916 0.9082
4527.9331 0.9052
4528.9746 0.8998
4530.0190 0.8964
4531.0610 0.8981
4532.1060 0.9004
4533.1489 0.8992
4534.1938 0.8947
4535.2373 0.8909
4536.2803 0.8926
4537.3267 0.8975
4538.3701 0.9019
4539.4170 0.9053
4540.4609 0.9067
4541.5083 0.9049
4542.5527 0.9029
4543.5981 0.9044
4544.6455 0.9056
4545.6909 0.9048
4546.7393 0.9037
4547.7852 0.9033
4548.8340 0.8997
4549.8804 0.8909
4550.9272 0.8868
4551.9766 0.8915
4553.0239 0.8979
4554.0737 0.8964
4555.1216 0.8925
4556.1719 0.8926
4557.2197 0.8965
4558.2686 0.9003
4559.3193 0.9018
4560.3682 0.9009
4561.4199 0.8984
4562.4692 0.8963
4563.5215 0.8947
4564.5713 0.8943
4565.6211 0.8968
4566.6743 0.9017
4567.7246 0.9035
4568.7778 0.9010
4569.8291 0.8992
4570.8828 0.8977
4571.9341 0.8945
4572.9888 0.8916
4574.0405 0.8953
4575.0928 0.9017
4576.1479 0.9043
4577.2007 0.9038
4578.2559 0.9032
4579.3091 0.9037
4580.3652 0.9041
4581.4189 0.9021
4582.4731 0.8985
4583.5298 0.8957
4584.5840 0.8953
4585.6411 0.8968
4586.6963 0.8988
4587.7539 0.8999
4588.8091 0.9017
4589.8647 0.9027
4590.9233 0.9022
4591.9795 0.9015
4593.0386 0.9021
4594.0952 0.9034
4595.1543 0.9049
4596.2114 0.9053
4597.2690 0.9043
4598.3291 0.9032
4599.3867 0.9033
4600.4473 0.9038
4601.5059 0.9028
4602.5669 0.9000
4603.6255 0.8968
4604.6846 0.8951
4605.7466 0.8963
4606.8062 0.8990
4607.8687 0.9013
4608.9287 0.9029
4609.9912 0.9042
4611.0518 0.9050
4612.1128 0.9035
4613.1763 0.9010
4614.2373 0.9016
4615.3013 0.9047
4616.3633 0.9070
4617.4277 0.9065
4618.4897 0.9056
4619.5522 0.9058
4620.6177 0.9064
4621.6807 0.9070
4622.7466 0.9078
4623.8096 0.9085
4624.8760 0.9075
4625.9399 0.9053
4627.0044 0.9046
4628.0713 0.9049
4629.1357 0.9048
4630.2031 0.9038
4631.2686 0.9041
4632.3364 0.9061
4633.4023 0.9069
4634.4678 0.9063
4635.5366 0.9054
4636.6030 0.9053
4637.6724 0.9065
4638.7393 0.9082
4639.8091 0.9089
4640.8765 0.9088
4641.9438 0.9088
4643.0142 0.9092
4644.0825 0.9097
4645.1533 0.9091
4646.2222 0.9071
4647.2935 0.9048
4648.3623 0.9037
4649.4316 0.9054
4650.5039 0.9083
4651.5737 0.9084
4652.6465 0.9065
4653.7168 0.9062
4654.7900 0.9083
4655.8608 0.9108
4656.9346 0.9125
4658.0059 0.9128
4659.0771 0.9132
4660.1519 0.9143
4661.2236 0.9153
4662.2983 0.9152
4663.3711 0.9146
4664.4463 0.9142
4665.5195 0.9139
4666.5928 0.9127
4667.6689 0.9106
4668.7427 0.9090
4669.8193 0.9088
4670.8936 0.9087
4671.9707 0.9091
4673.0454 0.9100
4674.1206 0.9110
4675.1982 0.9122
4676.2739 0.9135
4677.3521 0.9145
4678.4282 0.9146
4679.5073 0.9134
4680.5835 0.9120
4681.6602 0.9113
4682.7397 0.9096
4683.8174 0.9072
4684.8975 0.9064
4685.9751 0.9073
4687.0557 0.9088
4688.1338 0.9096
4689.2124 0.9102
4690.2935 0.9109
4691.3726 0.9105
4692.4546 0.9097
4693.5342 0.9096
4694.6162 0.9103
4695.6963 0.9102
4696.7764 0.9083
4697.8594 0.9046
4698.9404 0.9032
4700.0239 0.9057
4701.1050 0.9085
4702.1890 0.9066
4703.2710 0.9011
4704.3530 0.8986
4705.4375 0.9017
4706.5200 0.9061
4707.6055 0.9062
4708.6885 0.9046
4709.7744 0.9051
4710.8579 0.9078
4711.9414 0.9099
4713.0283 0.9096
4714.1123 0.9074
4715.1992 0.9047
4716.2842 0.9048
4717.3716 0.9075
4718.4570 0.9096
4719.5425 0.9099
4720.6309 0.9098
4721.7168 0.9095
4722.8057 0.9087
4723.8921 0.9085
4724.9814 0.9089
4726.0684 0.9090
4727.1553 0.9078
4728.2456 0.9062
4729.3335 0.9054
4730.4238 0.9058
4731.5122 0.9062
4732.6030 0.9054
4733.6919 0.9038
4734.7808 0.9026
4735.8726 0.9023
4736.9624 0.9013
4738.0547 0.9004
4739.1445 0.9006
4740.2373 0.9007
4741.3276 0.8988
4742.4214 0.8962
4743.5122 0.8964
4744.6035 0.8981
4745.6973 0.8987
4746.7891 0.8977
4747.8838 0.8963
4748.9761 0.8949
4750.0713 0.8932
4751.1641 0.8912
4752.2568 0.8897
4753.3525 0.8897
4754.4463 0.8902
4755.5425 0.8895
4756.6367 0.8868
4757.7334 0.8838
4758.8281 0.8826
4759.9229 0.8832
4761.0205 0.8844
4762.1157 0.8843
4763.2139 0.8830
4764.3096 0.8810
4765.4082 0.8769
4766.5044 0.8711
4767.6011 0.8715
4768.7002 0.8792
4769.7974 0.8851
4770.8975 0.8867
4771.9951 0.8855
4773.0952 0.8835
4774.1934 0.8821
4775.2915 0.8819
4776.3926 0.8804
4777.4917 0.8791
4778.5933 0.8796
4779.6924 0.8814
4780.7949 0.8821
4781.8945 0.8828
4782.9946 0.8829
4784.0977 0.8819
4785.1982 0.8811
4786.3018 0.8814
4787.4028 0.8818
4788.5068 0.8818
4789.6084 0.8807
4790.7100 0.8792
4791.8149 0.8785
4792.9170 0.8786
4794.0225 0.8778
4795.1255 0.8767
4796.2310 0.8763
4797.3345 0.8774
4798.4380 0.8796
4799.5444 0.8812
4800.6489 0.8814
4801.7559 0.8805
4802.8604 0.8788
4803.9678 0.8770
4805.0732 0.8755
4806.1782 0.8745
4807.2866 0.8743
4808.3926 0.8748
4809.5015 0.8752
4810.6079 0.8754
4811.7173 0.8760
4812.8242 0.8771
4813.9312 0.8772
4815.0415 0.8769
4816.1489 0.8777
4817.2598 0.8787
4818.3677 0.8784
4819.4790 0.8772
4820.5879 0.8763
4821.6968 0.8748
4822.8086 0.8735
4823.9180 0.8732
4825.0303 0.8737
4826.1401 0.8747
4827.2534 0.8756
4828.3638 0.8753
4829.4771 0.8745
4830.5884 0.8734
4831.6992 0.8723
4832.8135 0.8714
4833.9253 0.8711
4835.0400 0.8719
4836.1523 0.8725
4837.2676 0.8721
4838.3804 0.8717
4839.4937 0.8718
4840.6094 0.8711
4841.7231 0.8689
4842.8394 0.8681
4843.9536 0.8682
4845.0708 0.8675
4846.1851 0.8657
4847.3003 0.8646
4848.4180 0.8636
4849.5332 0.8627
4850.6514 0.8612
4851.7676 0.8585
4852.8862 0.8547
4854.0024 0.8504
4855.1191 0.8438
4856.2388 0.8351
4857.3560 0.8249
4858.4761 0.8103
4859.5938 0.7830
4860.7144 0.7349
4861.8325 0.6766
4862.9512 0.6651
4864.0723 0.7080
4865.1914 0.7677
4866.3135 0.8031
4867.4326 0.8234
4868.5552 0.8355
4869.6753 0.8437
4870.7954 0.8464
4871.9189 0.8446
4873.0396 0.8446
4874.1631 0.8517
4875.2847 0.8599
4876.4087 0.8639
4877.5308 0.8635
4878.6528 0.8618
4879.7778 0.8624
4880.9004 0.8667
4882.0259 0.8700
4883.1489 0.8711
4884.2749 0.8720
4885.3984 0.8734
4886.5225 0.8743
4887.6494 0.8745
4888.7734 0.8733
4889.9009 0.8705
4891.0259 0.8650
4892.1538 0.8600
4893.2793 0.8621
4894.4048 0.8696
4895.5337 0.8747
4896.6597 0.8779
4897.7891 0.8798
4898.9155 0.8802
4900.0454 0.8799
4901.1724 0.8794
4902.2998 0.8789
4903.4307 0.8778
4904.5586 0.8769
4905.6895 0.8767
4906.8179 0.8769
4907.9497 0.8768
4909.0786 0.8775
4910.2080 0.8794
4911.3403 0.8810
4912.4702 0.8816
4913.6030 0.8819
4914.7334 0.8835
4915.8667 0.8853
4916.9976 0.8858
4918.1313 0.8839
4919.2627 0.8785
4920.3945 0.8702
4921.5288 0.8657
4922.6611 0.8699
4923.7964 0.8743
4924.9292 0.8756
4926.0649 0.8775
4927.1978 0.8827
4928.3315 0.8851
4929.4678 0.8859
4930.6021 0.8871
4931.7388 0.8880
4932.8735 0.8869
4934.0107 0.8828
4935.1460 0.8785
4936.2812 0.8797
4937.4194 0.8829
4938.5557 0.8831
4939.6943 0.8812
4940.8306 0.8821
4941.9702 0.8854
4943.1069 0.8888
4944.2441 0.8908
4945.3843 0.8911
4946.5220 0.8905
4947.6626 0.8907
4948.8008 0.8917
4949.9419 0.8933
4951.0806 0.8945
4952.2197 0.8943
4953.3618 0.8936
4954.5010 0.8934
4955.6436 0.8919
4956.7837 0.8859
4957.9268 0.8736
4959.0674 0.8699
4960.2080 0.8797
4961.3521 0.8907
4962.4932 0.8941
4963.6377 0.8943
4964.7793 0.8943
4965.9243 0.8933
4967.0669 0.8918
4968.2095 0.8927
4969.3550 0.8957
4970.4980 0.8973
4971.6445 0.8964
4972.7881 0.8954
4973.9351 0.8961
4975.0791 0.8978
4976.2236 0.8985
4977.3711 0.8976
4978.5161 0.8968
4979.6641 0.8968
4980.8096 0.8965
4981.9585 0.8944
4983.1045 0.8908
4984.2510 0.8887
4985.4004 0.8890
4986.5469 0.8913
4987.6968 0.8945
4988.8442 0.8967
4989.9946 0.8966
4991.1426 0.8944
4992.2910 0.8931
4993.4419 0.8938
4994.5908 0.8952
4995.7427 0.8960
4996.8921 0.8975
4998.0439 0.8985
4999.1938 0.8979
5000.3438 0.8968
5001.4971 0.8964
5002.6475 0.8964
5003.8013 0.8969
5004.9521 0.8978
5006.1064 0.8938
5007.2583 0.8887
5008.4126 0.8888
5009.5649 0.8946
5010.7173 0.8981
5011.8730 0.8968
5013.0259 0.8928
5014.1816 0.8909
5015.3354 0.8925
5016.4917 0.8947
5017.6460 0.8960
5018.8003 0.8924
5019.9575 0.8898
5021.1123 0.8926
5022.2700 0.8976
5023.4258 0.8984
5024.5840 0.8983
5025.7397 0.8986
5026.8960 0.8989
5028.0552 0.8989
5029.2119 0.8984
5030.3716 0.8972
5031.5288 0.8938
5032.6890 0.8919
5033.8472 0.8955
5035.0049 0.8982
5036.1660 0.8960
5037.3247 0.8931
5038.4863 0.8928
5039.6455 0.8935
5040.8076 0.8921
5041.9668 0.8893
5043.1270 0.8883
5044.2900 0.8914
5045.4502 0.8948
5046.6138 0.8966
5047.7749 0.8980
5048.9390 0.8981
5050.1001 0.8960
5051.2622 0.8932
5052.4268 0.8925
5053.5894 0.8952
5054.7544 0.8986
5055.9175 0.9004
5057.0830 0.9008
5058.2466 0.9007
5059.4102 0.9003
5060.5771 0.8998
5061.7412 0.8998
5062.9082 0.9003
5064.0732 0.9010
5065.2407 0.9010
5066.4062 0.9005
5067.5718 0.9006
5068.7402 0.8990
5069.9062 0.8975
5071.0752 0.8977
5072.2417 0.8986
5073.4116 0.8974
5074.5786 0.8958
5075.7461 0.8947
5076.9165 0.8950
5078.0845 0.8957
5079.2554 0.8942
5080.4238 0.8912
5081.5957 0.8907
5082.7646 0.8923
5083.9336 0.8943
5085.1060 0.8962
5086.2759 0.8980
5087.4487 0.8983
5088.6191 0.8977
5089.7925 0.8975
5090.9634 0.8977
5092.1348 0.8981
5093.3091 0.8982
5094.4805 0.8976
5095.6553 0.8971
5096.8276 0.8966
5098.0029 0.8954
5099.1758 0.8936
5100.3516 0.8933
5101.5249 0.8949
5102.6987 0.8969
5103.8750 0.8977
5105.0493 0.8978
5106.2266 0.8970
5107.4014 0.8936
5108.5791 0.8888
5109.7544 0.8887
5110.9297 0.8903
5112.1084 0.8925
5113.2842 0.8950
5114.4634 0.8964
5115.6401 0.8956
5116.8198 0.8949
5117.9966 0.8955
5119.1743 0.8963
5120.3545 0.8961
5121.5327 0.8951
5122.7134 0.8943
5123.8921 0.8931
5125.0737 0.8919
5126.2524 0.8914
5127.4321 0.8913
5128.6143 0.8907
5129.7939 0.8915
5130.9771 0.8929
5132.1572 0.8930
5133.3408 0.8918
5134.5220 0.8907
5135.7031 0.8912
5136.8872 0.8914
5138.0688 0.8896
5139.2539 0.8854
5140.4360 0.8822
5141.6216 0.8828
5142.8042 0.8861
5143.9873 0.8870
5145.1738 0.8879
5146.3574 0.8890
5147.5439 0.8904
5148.7280 0.8912
5149.9155 0.8908
5151.1001 0.8902
5152.2852 0.8899
5153.4731 0.8895
5154.6587 0.8890
5155.8477 0.8885
5157.0337 0.8876
5158.2227 0.8871
5159.4097 0.8881
5160.5962 0.8902
5161.7861 0.8909
5162.9736 0.8897
5164.1646 0.8887
5165.3525 0.8876
5166.5435 0.8801
5167.7319 0.8597
5168.9209 0.8473
5170.1128 0.8552
5171.3022 0.8676
5172.4946 0.8607
5173.6846 0.8453
5174.8779 0.8541
5176.0684 0.8748
5177.2588 0.8869
5178.4526 0.8884
5179.6440 0.8873
5180.8384 0.8858
5182.0303 0.8840
5183.2251 0.8689
5184.4175 0.8470
5185.6104 0.8455
5186.8062 0.8675
5187.9995 0.8814
5189.1958 0.8818
5190.3896 0.8787
5191.5864 0.8773
5192.7808 0.8746
5193.9780 0.8732
5195.1729 0.8757
5196.3682 0.8784
5197.5664 0.8801
5198.7622 0.8812
5199.9609 0.8817
5201.1572 0.8823
5202.3564 0.8817
5203.5532 0.8795
5204.7505 0.8765
5205.9507 0.8741
5207.1484 0.8735
5208.3491 0.8738
5209.5474 0.8727
5210.7485 0.8754
5211.9473 0.8799
5213.1460 0.8822
5214.3481 0.8814
5215.5479 0.8804
5216.7505 0.8786
5217.9507 0.8783
5219.1538 0.8797
5220.3545 0.8815
5221.5557 0.8816
5222.7598 0.8803
5223.9609 0.8796
5225.1655 0.8796
5226.3677 0.8745
5227.5728 0.8650
5228.7754 0.8614
5229.9785 0.8699
5231.1846 0.8774
5232.3877 0.8774
5233.5942 0.8735
5234.7983 0.8721
5236.0054 0.8756
5237.2100 0.8787
5238.4150 0.8793
5239.6230 0.8798
5240.8281 0.8803
5242.0366 0.8795
5243.2427 0.8779
5244.4517 0.8783
5245.6582 0.8803
5246.8652 0.8811
5248.0747 0.8796
5249.2822 0.8775
5250.4927 0.8767
5251.7007 0.8766
5252.9116 0.8775
5254.1201 0.8772
5255.3286 0.8763
5256.5405 0.8767
5257.7500 0.8787
5258.9624 0.8778
5260.1724 0.8761
5261.3853 0.8754
5262.5957 0.8741
5263.8062 0.8723
5265.0200 0.8722
5266.2310 0.8704
5267.4458 0.8675
5268.6572 0.8658
5269.8721 0.8584
5271.0845 0.8497
5272.2974 0.8548
5273.5132 0.8678
5274.7261 0.8746
5275.9424 0.8759
5277.1562 0.8753
5278.3730 0.8750
5279.5874 0.8751
5280.8047 0.8743
5282.0195 0.8731
5283.2349 0.8714
5284.4531 0.8705
5285.6689 0.8717
5286.8877 0.8745
5288.1040 0.8763
5289.3232 0.8765
5290.5400 0.8765
5291.7573 0.8762
5292.9775 0.8762
5294.1953 0.8773
5295.4160 0.8781
5296.6343 0.8774
5297.8555 0.8750
5299.0742 0.8728
5300.2935 0.8723
5301.5156 0.8729
5302.7354 0.8731
5303.9580 0.8732
5305.1782 0.8748
5306.4014 0.8762
5307.6221 0.8760
5308.8433 0.8752
5310.0674 0.8752
5311.2891 0.8753
5312.5137 0.8760
5313.7358 0.8767
5314.9614 0.8762
5316.1841 0.8741
5317.4072 0.8710
5318.6333 0.8703
5319.8569 0.8736
5321.0835 0.8758
5322.3076 0.8746
5323.5347 0.8722
5324.7598 0.8691
5325.9844 0.8675
5327.2129 0.8674
5328.4380 0.8623
5329.6670 0.8571
5330.8931 0.8645
5332.1221 0.8728
5333.3491 0.8737
5334.5757 0.8745
5335.8062 0.8762
5337.0337 0.8765
5338.2642 0.8755
5339.4922 0.8746
5340.7236 0.8714
5341.9521 0.8691
5343.1812 0.8701
5344.4131 0.8725
5345.6426 0.8729
5346.8755 0.8739
5348.1055 0.8745
5349.3389 0.8741
5350.5693 0.8739
5351.8003 0.8748
5353.0342 0.8756
5354.2656 0.8754
5355.5005 0.8748
5356.7324 0.8738
5357.9678 0.8742
5359.2002 0.8755
5360.4331 0.8752
5361.6694 0.8736
5362.9028 0.8728
5364.1392 0.8730
5365.3735 0.8728
5366.6108 0.8719
5367.8452 0.8714
5369.0801 0.8709
5370.3184 0.8704
5371.5537 0.8658
5372.7925 0.8630
5374.0283 0.8666
5375.2676 0.8729
5376.5039 0.8756
5377.7441 0.8747
5378.9810 0.8738
5380.2183 0.8750
5381.4590 0.8765
5382.6973 0.8752
5383.9385 0.8728
5385.1768 0.8720
5386.4189 0.8732
5387.6577 0.8743
5388.8975 0.8743
5390.1401 0.8738
5391.3799 0.8725
5392.6230 0.8718
5393.8638 0.8722
5395.1074 0.8732
5396.3486 0.8721
5397.5903 0.8670
5398.8350 0.8641
5400.0767 0.8683
5401.3223 0.8719
5402.5645 0.8728
5403.8105 0.8714
5405.0537 0.8668
5406.2969 0.8621
5407.5439 0.8623
5408.7876 0.8667
5410.0352 0.8711
5411.2798 0.8733
5412.5273 0.8743
5413.7725 0.8741
5415.0181 0.8720
5416.2666 0.8700
5417.5127 0.8711
5418.7617 0.8741
5420.0083 0.8748
5421.2583 0.8740
5422.5054 0.8741
5423.7529 0.8731
5425.0034 0.8711
5426.2515 0.8704
5427.5029 0.8723
5428.7515 0.8724
5430.0034 0.8668
5431.2524 0.8638
5432.5020 0.8675
5433.7549 0.8719
5435.0049 0.8688
5436.2578 0.8670
5437.5088 0.8702
5438.7627 0.8726
5440.0137 0.8732
5441.2651 0.8732
5442.5200 0.8731
5443.7720 0.8734
5445.0273 0.8725
5446.2798 0.8687
5447.5356 0.8639
5448.7891 0.8629
5450.0425 0.8680
5451.2993 0.8722
5452.5532 0.8739
5453.8105 0.8753
5455.0654 0.8730
5456.3232 0.8670
5457.5786 0.8647
5458.8340 0.8698
5460.0928 0.8737
5461.3486 0.8736
5462.6084 0.8704
5463.8647 0.8669
5465.1250 0.8660
5466.3823 0.8668
5467.6396 0.8673
5468.9004 0.8683
5470.1587 0.8694
5471.4199 0.8703
5472.6787 0.8713
5473.9404 0.8712
5475.1997 0.8700
5476.4624 0.8674
5477.7222 0.8649
5478.9824 0.8650
5480.2461 0.8686
5481.5068 0.8705
5482.7705 0.8711
5484.0322 0.8714
5485.2964 0.8716
5486.5586 0.8716
5487.8208 0.8709
5489.0859 0.8702
5490.3491 0.8711
5491.6147 0.8724
5492.8784 0.8730
5494.1450 0.8723
5495.4087 0.8711
5496.6729 0.8707
5497.9404 0.8689
5499.2056 0.8681
5500.4736 0.8687
5501.7388 0.8692
5503.0073 0.8684
5504.2734 0.8689
5505.5396 0.8691
5506.8096 0.8680
5508.0762 0.8668
5509.3462 0.8672
5510.6138 0.8688
5511.8843 0.8698
5513.1523 0.8700
5514.4209 0.8697
5515.6924 0.8694
5516.9614 0.8693
5518.2334 0.8698
5519.5029 0.8710
5520.7759 0.8715
5522.0459 0.8705
5523.3159 0.8693
5524.5898 0.8686
5525.8608 0.8678
5527.1348 0.8662
5528.4062 0.8622
5529.6812 0.8593
5530.9536 0.8613
5532.2256 0.8662
5533.5015 0.8678
5534.7744 0.8684
5536.0508 0.8684
5537.3242 0.8682
5538.6011 0.8678
5539.8755 0.8675
5541.1499 0.8681
5542.4277 0.8683
5543.7026 0.8676
5544.9810 0.8669
5546.2568 0.8664
5547.5356 0.8664
5548.8115 0.8665
5550.0884 0.8669
5551.3682 0.8672
5552.6450 0.8678
5553.9258 0.8675
5555.2031 0.8663
5556.4844 0.8663
5557.7627 0.8667
5559.0410 0.8666
5560.3232 0.8665
5561.6021 0.8668
5562.8848 0.8672
5564.1646 0.8670
5565.4473 0.8659
5566.7280 0.8655
5568.0083 0.8651
5569.2925 0.8641
5570.5737 0.8626
5571.8579 0.8614
5573.1401 0.8602
5574.4253 0.8602
5575.7075 0.8616
5576.9932 0.8625
5578.2764 0.8625
5579.5596 0.8634
5580.8462 0.8633
5582.1299 0.8621
5583.4170 0.8615
5584.7017 0.8620
5585.9893 0.8616
5587.2744 0.8585
5588.5601 0.8559
5589.8486 0.8549
5591.1348 0.8567
5592.4238 0.8595
5593.7104 0.8606
5595.0005 0.8595
5596.2876 0.8592
5597.5747 0.8600
5598.8657 0.8590
5600.1538 0.8580
5601.4448 0.8582
5602.7334 0.8579
5604.0254 0.8575
5605.3149 0.8592
5606.6045 0.8607
5607.8970 0.8606
5609.1870 0.8599
5610.4805 0.8600
5611.7715 0.8597
5613.0654 0.8593
5614.3569 0.8585
5615.6484 0.8555
5616.9434 0.8524
5618.2354 0.8541
5619.5308 0.8578
5620.8237 0.8590
5622.1201 0.8592
5623.4131 0.8578
5624.7070 0.8558
5626.0039 0.8559
5627.2983 0.8583
5628.5957 0.8595
5629.8906 0.8594
5631.1890 0.8591
5632.4844 0.8588
5633.7803 0.8583
5635.0791 0.8572
5636.3755 0.8566
5637.6753 0.8567
5638.9722 0.8569
5640.2725 0.8571
5641.5703 0.8577
5642.8682 0.8576
5644.1694 0.8575
5645.4678 0.8572
5646.7695 0.8567
5648.0684 0.8563
5649.3711 0.8564
5650.6704 0.8564
5651.9707 0.8560
5653.2739 0.8559
5654.5742 0.8561
5655.8784 0.8561
5657.1797 0.8554
5658.4839 0.8547
5659.7856 0.8538
5661.0879 0.8543
5662.3931 0.8554
5663.6958 0.8557
5665.0020 0.8556
5666.3052 0.8555
5667.6118 0.8557
5668.9155 0.8552
5670.2197 0.8544
5671.5273 0.8544
5672.8320 0.8554
5674.1401 0.8563
5675.4453 0.8563
5676.7539 0.8546
5678.0601 0.8533
5679.3696 0.8534
5680.6758 0.8536
5681.9829 0.8536
5683.2930 0.8531
5684.6006 0.8523
5685.9111 0.8515
5687.2192 0.8510
5688.5308 0.8512
5689.8394 0.8515
5691.1484 0.8507
5692.4609 0.8502
5693.7705 0.8507
5695.0835 0.8516
5696.3936 0.8516
5697.7070 0.8516
5699.0176 0.8528
5700.3286 0.8533
5701.6431 0.8527
5702.9551 0.8511
5704.2700 0.8491
5705.5825 0.8480
5706.8979 0.8493
5708.2109 0.8498
5709.5239 0.8494
5710.8408 0.8493
5712.1543 0.8500
5713.4717 0.8507
5714.7861 0.8504
5716.1040 0.8501
5717.4189 0.8502
5718.7339 0.8500
5720.0527 0.8494
5721.3687 0.8495
5722.6880 0.8496
5724.0044 0.8495
5725.3242 0.8497
5726.6416 0.8501
5727.9590 0.8498
5729.2798 0.8489
5730.5977 0.8472
5731.9194 0.8463
5733.2378 0.8469
5734.5601 0.8484
5735.8794 0.8492
5737.1987 0.8490
5738.5215 0.8485
5739.8418 0.8484
5741.1655 0.8482
5742.4863 0.8483
5743.8105 0.8491
5745.1318 0.8499
5746.4536 0.8497
5747.7783 0.8480
5749.1006 0.8470
5750.4268 0.8476
5751.7495 0.8484
5753.0757 0.8474
5754.3994 0.8469
5755.7231 0.8472
5757.0503 0.8478
5758.3745 0.8481
5759.7026 0.8481
5761.0273 0.8477
5762.3560 0.8476
5763.6816 0.8472
5765.0078 0.8468
5766.3369 0.8470
5767.6636 0.8473
5768.9937 0.8476
5770.3208 0.8478
5771.6514 0.8476
5772.9790 0.8472
5774.3071 0.8472
5775.6387 0.8472
5776.9673 0.8470
5778.2993 0.8474
5779.6289 0.8476
5780.9614 0.8475
5782.2915 0.8473
5783.6250 0.8468
5784.9556 0.8465
5786.2861 0.8462
5787.6206 0.8455
5788.9521 0.8453
5790.2871 0.8458
5791.6191 0.8459
5792.9546 0.8459
5794.2871 0.8465
5795.6201 0.8471
5796.9565 0.8473
5798.2900 0.8474
5799.6274 0.8476
5800.9614 0.8479
5802.2993 0.8477
5803.6338 0.8476
5804.9692 0.8474
5806.3076 0.8469
5807.6436 0.8464
5808.9824 0.8463
5810.3188 0.8469
5811.6587 0.8475
5812.9956 0.8475
5814.3330 0.8469
5815.6738 0.8458
5817.0117 0.8458
5818.3530 0.8468
5819.6914 0.8475
5821.0337 0.8479
5822.3726 0.8483
5823.7119 0.8479
5825.0552 0.8473
5826.3950 0.8470
5827.7388 0.8477
5829.0791 0.8479
5830.4233 0.8469
5831.7646 0.8464
5833.1064 0.8470
5834.4517 0.8468
5835.7935 0.8466
5837.1396 0.8469
5838.4824 0.8474
5839.8286 0.8474
5841.1719 0.8477
5842.5156 0.8476
5843.8633 0.8470
5845.2075 0.8461
5846.5552 0.8457
5847.9004 0.8462
5849.2490 0.8460
5850.5942 0.8455
5851.9404 0.8453
5853.2896 0.8453
5854.6362 0.8453
5855.9863 0.8447
5857.3335 0.8433
5858.6841 0.8416
5860.0322 0.8422
5861.3799 0.8439
5862.7319 0.8449
5864.0806 0.8449
5865.4326 0.8450
5866.7822 0.8452
5868.1348 0.8448
5869.4849 0.8444
5870.8350 0.8441
5872.1890 0.8438
5873.5400 0.8437
5874.8940 0.8434
5876.2456 0.8430
5877.6006 0.8430
5878.9531 0.8432
5880.3052 0.8432
5881.6611 0.8433
5883.0146 0.8429
5884.3711 0.8421
5885.7246 0.8412
5887.0820 0.8403
5888.4365 0.8386
5889.7939 0.8320
5891.1489 0.8235
5892.5044 0.8266
5893.8633 0.8337
5895.2192 0.8330
5896.5786 0.8267
5897.9351 0.8254
5899.2949 0.8326
5900.6523 0.8368
5902.0098 0.8369
5903.3706 0.8363
5904.7285 0.8357
5906.0903 0.8362
5907.4487 0.8378
5908.8110 0.8384
5910.1704 0.8379
5911.5303 0.8373
5912.8931 0.8368
5914.2534 0.8366
5915.6172 0.8370
5916.9780 0.8365
5918.3428 0.8355
5919.7041 0.8350
5921.0659 0.8347
5922.4312 0.8322
5923.7939 0.8322
5925.1597 0.8336
5926.5229 0.8333
5927.8896 0.8320
5929.2534 0.8334
5930.6172 0.8343
5931.9849 0.8338
5933.3496 0.8343
5934.7178 0.8343
5936.0830 0.8332
5937.4517 0.8342
5938.8179 0.8353
5940.1841 0.8349
5941.5537 0.8345
5942.9204 0.8328
5944.2910 0.8288
5945.6587 0.8253
5947.0298 0.8262
5948.3975 0.8271
5949.7661 0.8271
5951.1382 0.8276
5952.5073 0.8286
5953.8799 0.8279
5955.2495 0.8281
5956.6226 0.8281
5957.9932 0.8289
5959.3638 0.8294
5960.7378 0.8286
5962.1094 0.8280
5963.4839 0.8292
5964.8560 0.8305
5966.2314 0.8305
5967.6040 0.8299
5968.9766 0.8293
5970.3530 0.8281
5971.7266 0.8278
5973.1035 0.8286
5974.4780 0.8288
5975.8555 0.8279
5977.2305 0.8266
5978.6055 0.8256
5979.9839 0.8259
5981.3599 0.8267
5982.7388 0.8280
5984.1152 0.8281
5985.4951 0.8267
5986.8721 0.8262
5988.2495 0.8261
5989.6304 0.8252
5991.0083 0.8251
5992.3896 0.8257
5993.7681 0.8261
5995.1504 0.8261
5996.5298 0.8263
5997.9126 0.8269
5999.2920 0.8278
6000.6724 0.8278
6002.0562 0.8265
6003.4370 0.8251
6004.8213 0.8250
6006.2026 0.8254
6007.5874 0.8259
6008.9697 0.8260
6010.3521 0.8258
6011.7378 0.8251
6013.1211 0.8223
6014.5078 0.8202
6015.8911 0.8220
6017.2783 0.8237
6018.6626 0.8226
6020.0474 0.8224
6021.4355 0.8224
6022.8208 0.8219
6024.2095 0.8208
6025.5957 0.8203
6026.9849 0.8209
6028.3716 0.8215
6029.7583 0.8213
6031.1489 0.8216
6032.5361 0.8219
6033.9272 0.8219
6035.3154 0.8217
6036.7070 0.8214
6038.0957 0.8203
6039.4849 0.8202
6040.8774 0.8206
6042.2671 0.8204
6043.6606 0.8196
6045.0508 0.8192
6046.4448 0.8193
6047.8359 0.8199
6049.2271 0.8201
6050.6221 0.8198
6052.0142 0.8195
6053.4097 0.8196
6054.8022 0.8195
6056.1982 0.8192
6057.5918 0.8193
6058.9854 0.8198
6060.3823 0.8200
6061.7764 0.8198
6063.1743 0.8196
6064.5693 0.8191
6065.9678 0.8182
6067.3633 0.8178
6068.7588 0.8186
6070.1582 0.8191
6071.5547 0.8193
6072.9551 0.8188
6074.3521 0.8182
6075.7529 0.8178
6077.1504 0.8179
6078.5483 0.8181
6079.9502 0.8181
6081.3491 0.8187
6082.7515 0.8186
6084.1504 0.8181
6085.5537 0.8181
6086.9536 0.8183
6088.3540 0.8181
6089.7578 0.8175
6091.1587 0.8173
6092.5635 0.8174
6093.9648 0.8177
6095.3701 0.8181
6096.7725 0.8179
6098.1782 0.8174
6099.5811 0.8167
6100.9844 0.8163
6102.3911 0.8158
6103.7949 0.8146
6105.2026 0.8145
6106.6069 0.8167
6108.0151 0.8182
6109.4204 0.8182
6110.8257 0.8173
6112.2349 0.8166
6113.6411 0.8165
6115.0508 0.8170
6116.4575 0.8167
6117.8682 0.8165
6119.2754 0.8171
6120.6831 0.8172
6122.0947 0.8150
6123.5029 0.8124
6124.9150 0.8136
6126.3242 0.8160
6127.7368 0.8161
6129.1465 0.8155
6130.5566 0.8152
6131.9702 0.8151
6133.3809 0.8155
6134.7954 0.8158
6136.2065 0.8151
6137.6216 0.8131
6139.0337 0.8126
6140.4458 0.8141
6141.8618 0.8144
6143.2749 0.8144
6144.6914 0.8153
6146.1050 0.8158
6147.5220 0.8159
6148.9365 0.8158
6150.3511 0.8157
6151.7690 0.8155
6153.1846 0.8154
6154.6035 0.8151
6156.0190 0.8147
6157.4390 0.8147
6158.8555 0.8149
6160.2720 0.8150
6161.6929 0.8136
6163.1104 0.8097
6164.5312 0.8094
6165.9497 0.8128
6167.3711 0.8145
6168.7900 0.8137
6170.2095 0.8126
6171.6323 0.8122
6173.0518 0.8128
6174.4756 0.8134
6175.8960 0.8136
6177.3198 0.8136
6178.7412 0.8137
6180.1626 0.8139
6181.5874 0.8132
6183.0098 0.8132
6184.4355 0.8131
6185.8579 0.8128
6187.2847 0.8127
6188.7080 0.8129
6190.1318 0.8130
6191.5591 0.8120
6192.9834 0.8109
6194.4116 0.8113
6195.8364 0.8124
6197.2651 0.8123
6198.6909 0.8121
6200.1172 0.8123
6201.5469 0.8125
6202.9731 0.8124
6204.4038 0.8120
6205.8311 0.8119
6207.2622 0.8120
6208.6899 0.8122
6210.1216 0.8124
6211.5503 0.8120
6212.9795 0.8112
6214.4121 0.8110
6215.8418 0.8107
6217.2749 0.8107
6218.7056 0.8107
6220.1392 0.8105
6221.5703 0.8103
6223.0015 0.8106
6224.4365 0.8107
6225.8687 0.8108
6227.3042 0.8108
6228.7368 0.8106
6230.1729 0.8095
6231.6064 0.8074
6233.0400 0.8064
6234.4771 0.8075
6235.9116 0.8090
6237.3496 0.8094
6238.7842 0.8086
6240.2231 0.8082
6241.6587 0.8079
6243.0942 0.8079
6244.5342 0.8079
6245.9707 0.8077
6247.4111 0.8075
6248.8481 0.8076
6250.2891 0.8075
6251.7271 0.8074
6253.1650 0.8066
6254.6069 0.8059
6256.0459 0.8060
6257.4888 0.8061
6258.9282 0.8062
6260.3716 0.8065
6261.8115 0.8066
6263.2520 0.8068
6264.6963 0.8070
6266.1377 0.8066
6267.5825 0.8062
6269.0244 0.8059
6270.4702 0.8056
6271.9126 0.8054
6273.3555 0.8055
6274.8022 0.8056
6276.2456 0.8053
6277.6929 0.8051
6279.1372 0.8020
6280.5850 0.7946
6282.0298 0.7878
6283.4751 0.7899
6284.9238 0.7941
6286.3696 0.7972
6287.8193 0.7995
6289.2661 0.8013
6290.7163 0.8018
6292.1636 0.8012
6293.6108 0.8006
6295.0620 0.8002
6296.5103 0.7994
6297.9624 0.7983
6299.4111 0.7977
6300.8638 0.7978
6302.3135 0.7974
6303.7632 0.7986
6305.2168 0.7995
6306.6675 0.8000
6308.1216 0.8004
6309.5728 0.7998
6311.0278 0.7991
6312.4795 0.8003
6313.9316 0.8004
6315.3877 0.7997
6316.8403 0.7994
6318.2974 0.7986
6319.7510 0.7987
6321.2080 0.7997
6322.6621 0.7998
6324.1201 0.7999
6325.5752 0.8005
6327.0303 0.8003
6328.4893 0.8002
6329.9453 0.8005
6331.4048 0.8004
6332.8613 0.8001
6334.3218 0.8002
6335.7788 0.8003
6337.2363 0.7997
6338.6978 0.7995
6340.1558 0.7999
6341.6182 0.8004
6343.0767 0.8005
6344.5396 0.8005
6345.9990 0.8002
6347.4590 0.7999
6348.9229 0.7999
6350.3833 0.8000
6351.8477 0.8002
6353.3091 0.8003
6354.7739 0.7996
6356.2358 0.7979
6357.6982 0.7977
6359.1641 0.7986
6360.6270 0.7991
6362.0938 0.7991
6363.5576 0.7993
6365.0249 0.7993
6366.4893 0.7991
6367.9536 0.7987
6369.4224 0.7984
6370.8877 0.7981
6372.3564 0.7974
6373.8228 0.7972
6375.2925 0.7978
6376.7588 0.7984
6378.2261 0.7985
6379.6968 0.7983
6381.1646 0.7980
6382.6357 0.7975
6384.1040 0.7974
6385.5762 0.7974
6387.0454 0.7971
6388.5146 0.7967
6389.9878 0.7964
6391.4580 0.7968
6392.9316 0.7963
6394.4023 0.7952
6395.8770 0.7951
6397.3481 0.7966
6398.8198 0.7971
6400.2954 0.7954
6401.7681 0.7943
6403.2441 0.7945
6404.7173 0.7948
6406.1943 0.7950
6407.6680 0.7951
6409.1421 0.7945
6410.6196 0.7947
6412.0947 0.7949
6413.5732 0.7945
6415.0488 0.7949
6416.5278 0.7948
6418.0039 0.7944
6419.4805 0.7944
6420.9609 0.7939
6422.4380 0.7926
6423.9189 0.7926
6425.3970 0.7934
6426.8784 0.7934
6428.3569 0.7931
6429.8359 0.7929
6431.3184 0.7926
6432.7979 0.7919
6434.2812 0.7922
6435.7617 0.7923
6437.2456 0.7924
6438.7266 0.7911
6440.2114 0.7885
6441.6929 0.7882
6443.1748 0.7906
6444.6606 0.7916
6446.1431 0.7917
6447.6294 0.7916
6449.1128 0.7914
6450.6001 0.7903
6452.0840 0.7896
6453.5684 0.7901
6455.0566 0.7902
6456.5415 0.7891
6458.0303 0.7876
6459.5161 0.7873
6461.0054 0.7878
6462.4917 0.7865
6463.9785 0.7851
6465.4692 0.7856
6466.9565 0.7874
6468.4478 0.7878
6469.9360 0.7872
6471.4277 0.7864
6472.9165 0.7857
6474.4058 0.7854
6475.8984 0.7858
6477.3882 0.7859
6478.8818 0.7842
6480.3726 0.7816
6481.8667 0.7807
6483.3579 0.7821
6484.8496 0.7840
6486.3447 0.7840
6487.8369 0.7835
6489.3330 0.7841
6490.8262 0.7847
6492.3228 0.7843
6493.8164 0.7826
6495.3101 0.7797
6496.8081 0.7783
6498.3027 0.7796
6499.8013 0.7809
6501.2964 0.7817
6502.7954 0.7823
6504.2915 0.7825
6505.7876 0.7824
6507.2881 0.7822
6508.7852 0.7820
6510.2861 0.7818
6511.7837 0.7817
6513.2852 0.7816
6514.7837 0.7817
6516.2822 0.7808
6517.7852 0.7794
6519.2842 0.7783
6520.7876 0.7781
6522.2876 0.7785
6523.7920 0.7791
6525.2925 0.7792
6526.7939 0.7788
6528.2988 0.7786
6529.8008 0.7785
6531.3062 0.7780
6532.8091 0.7775
6534.3154 0.7772
6535.8184 0.7765
6537.3223 0.7758
6538.8296 0.7756
6540.3340 0.7759
6541.8423 0.7760
6543.3472 0.7757
6544.8560 0.7746
6546.3613 0.7726
6547.8677 0.7708
6549.3774 0.7699
6550.8843 0.7691
6552.3945 0.7673
6553.9019 0.7656
6555.4136 0.7631
6556.9214 0.7589
6558.4336 0.7542
6559.9424 0.7449
6561.4512 0.7299
6562.9644 0.6937
6564.4741 0.6718
6565.9878 0.6940
6567.4985 0.7286
6569.0127 0.7457
6570.5239 0.7544
6572.0356 0.7593
6573.5513 0.7624
6575.0635 0.7645
6576.5796 0.7657
6578.0923 0.7670
6579.6094 0.7685
6581.1230 0.7698
6582.6372 0.7705
6584.1548 0.7705
6585.6694 0.7706
6587.1885 0.7713
6588.7036 0.7716
6590.2231 0.7719
6591.7393 0.7722
6593.2554 0.7721
6594.7759 0.7718
6596.2930 0.7726
6597.8140 0.7731
6599.3320 0.7731
6600.8535 0.7732
6602.3721 0.7735
6603.8911 0.7732
6605.4141 0.7725
6606.9336 0.7723
6608.4570 0.7718
6609.9771 0.7718
6611.5015 0.7725
6613.0225 0.7723
6614.5439 0.7718
6616.0693 0.7719
6617.5913 0.7721
6619.1172 0.7724
6620.6396 0.7725
6622.1665 0.7722
6623.6899 0.7724
6625.2139 0.7723
6626.7417 0.7722
6628.2661 0.7724
6629.7944 0.7726
6631.3198 0.7722
6632.8486 0.7722
6634.3745 0.7727
6635.9009 0.7729
6637.4312 0.7728
6638.9580 0.7729
6640.4888 0.7729
6642.0166 0.7728
6643.5483 0.7727
6645.0767 0.7724
6646.6055 0.7722
6648.1382 0.7724
6649.6675 0.7728
6651.2007 0.7739
6652.7310 0.7743
6654.2651 0.7739
6655.7959 0.7737
6657.3271 0.7739
6658.8623 0.7738
6660.3940 0.7730
6661.9297 0.7733
6663.4624 0.7736
6664.9990 0.7737
6666.5322 0.7740
6668.0659 0.7744
6669.6035 0.7741
6671.1377 0.7740
6672.6763 0.7737
6674.2114 0.7734
6675.7505 0.7735
6677.2861 0.7737
6678.8257 0.7729
6680.3623 0.7727
6681.8989 0.7733
6683.4399 0.7738
6684.9775 0.7736
6686.5190 0.7736
6688.0571 0.7745
6689.5996 0.7746
6691.1382 0.7749
6692.6777 0.7753
6694.2212 0.7752
6695.7607 0.7752
6697.3052 0.7750
6698.8457 0.7737
6700.3906 0.7731
6701.9316 0.7741
6703.4736 0.7755
6705.0195 0.7757
6706.5620 0.7755
6708.1084 0.7737
6709.6519 0.7730
6711.1987 0.7745
6712.7427 0.7763
6714.2871 0.7763
6715.8354 0.7764
6717.3804 0.7758
6718.9292 0.7749
6720.4751 0.7745
6722.0249 0.7747
6723.5713 0.7740
6725.1177 0.7744
6726.6685 0.7740
6728.2163 0.7731
6729.7676 0.7735
6731.3159 0.7749
6732.8682 0.7746
6734.4170 0.7744
6735.9663 0.7743
6737.5195 0.7741
6739.0693 0.7738
6740.6235 0.7733
6742.1743 0.7731
6743.7290 0.7721
6745.2803 0.7710
6746.8320 0.7716
6748.3877 0.7720
6749.9404 0.7708
6751.4966 0.7709
6753.0498 0.7720
6754.6069 0.7722
6756.1611 0.7716
6757.7153 0.7702
6759.2734 0.7689
6760.8286 0.7699
6762.3877 0.7702
6763.9434 0.7705
6765.5029 0.7704
6767.0596 0.7699
6768.6162 0.7695
6770.1772 0.7698
6771.7344 0.7701
6773.2959 0.7697
6774.8540 0.7694
6776.4165 0.7692
6777.9756 0.7691
6779.5347 0.7691
6781.0981 0.7691
6782.6582 0.7688
6784.2222 0.7682
6785.7827 0.7674
6787.3477 0.7672
6788.9092 0.7681
6790.4707 0.7685
6792.0366 0.7685
6793.5991 0.7686
6795.1655 0.7686
6796.7290 0.7684
6798.2964 0.7682
6799.8604 0.7677
6801.4282 0.7674
6802.9927 0.7677
6804.5581 0.7679
6806.1270 0.7676
6807.6929 0.7677
6809.2627 0.7677
6810.8291 0.7671
6812.3994 0.7668
6813.9668 0.7668
6815.5342 0.7666
6817.1060 0.7666
6818.6743 0.7668
6820.2466 0.7665
6821.8154 0.7659
6823.3887 0.7658
6824.9585 0.7661
6826.5283 0.7658
6828.1025 0.7634
6829.6733 0.7598
6831.2485 0.7615
6832.8198 0.7649
6834.3955 0.7653
6835.9678 0.7653
6837.5405 0.7651
6839.1172 0.7649
6840.6904 0.7645
6842.2681 0.7636
6843.8418 0.7626
6845.4199 0.7630
6846.9946 0.7639
6848.5698 0.7643
6850.1494 0.7643
6851.7251 0.7642
6853.3052 0.7640
6854.8818 0.7634
6856.4624 0.7616
6858.0396 0.7609
6859.6177 0.7616
6861.1992 0.7621
6862.7778 0.7619
6864.3604 0.7623
6865.9395 0.7629
6867.5225 0.7630
6869.1025 0.7628
6870.6826 0.7625
6872.2671 0.7622
6873.8481 0.7622
6875.4331 0.7623
6877.0146 0.7622
6878.6006 0.7620
6880.1831 0.7619
6881.7656 0.7616
6883.3525 0.7609
6884.9360 0.7607
6886.5239 0.7607
6888.1079 0.7603
6889.6963 0.7601
6891.2812 0.7606
6892.8667 0.7608
6894.4561 0.7607
6896.0425 0.7605
6897.6323 0.7603
6899.2192 0.7602
6900.8105 0.7600
6902.3979 0.7599
6903.9858 0.7597
6905.5776 0.7592
6907.1665 0.7586
6908.7593 0.7583
6910.3486 0.7586
6911.9419 0.7584
6913.5322 0.7578
6915.1226 0.7574
6916.7173 0.7570
6918.3081 0.7569
6919.9038 0.7569
6921.4956 0.7565
6923.0918 0.7560
6924.6846 0.7563
6926.2812 0.7563
6927.8745 0.7561
6929.4683 0.7560
6931.0664 0.7560
6932.6606 0.7561
6934.2593 0.7561
6935.8545 0.7561
6937.4541 0.7561
6939.0498 0.7559
6940.6460 0.7555
6942.2466 0.7554
6943.8438 0.7556
6945.4448 0.7552
6947.0430 0.7546
6948.6445 0.7548
6950.2432 0.7552
6951.8423 0.7552
6953.4453 0.7550
6955.0449 0.7550
6956.6489 0.7550
6958.2490 0.7547
6959.8535 0.7549
6961.4546 0.7549
6963.0562 0.7536
6964.6621 0.7532
6966.2642 0.7540
6967.8706 0.7544
6969.4736 0.7539
6971.0806 0.7537
6972.6841 0.7540
6974.2886 0.7537
6975.8965 0.7527
6977.5015 0.7519
6979.1104 0.7517
6980.7158 0.7515
6982.3257 0.7513
6983.9321 0.7519
6985.5386 0.7522
6987.1494 0.7518
6988.7568 0.7518
6990.3687 0.7522
6991.9766 0.7525
6993.5889 0.7524
6995.1978 0.7518
6996.8071 0.7513
6998.4204 0.7512
7000.0303 0.7506
7001.6445 0.7498
7003.2554 0.7493
7004.8701 0.7496
7006.4819 0.7505
7008.0938 0.7506
7009.7095 0.7505
7011.3223 0.7504
7012.9390 0.7500
7014.5522 0.7498
7016.1699 0.7499
7017.7837 0.7491
7019.3984 0.7489
7021.0171 0.7490
7022.6323 0.7485
7024.2515 0.7483
7025.8677 0.7488
7027.4878 0.7489
7029.1045 0.7479
7030.7212 0.7475
7032.3428 0.7478
7033.9604 0.7482
7035.5825 0.7480
7037.2007 0.7472
7038.8237 0.7467
7040.4429 0.7469
7042.0664 0.7468
7043.6865 0.7465
7045.3066 0.7467
7046.9316 0.7472
7048.5527 0.7472
7050.1782 0.7463
7051.7998 0.7456
7053.4263 0.7457
7055.0488 0.7460
7056.6719 0.7460
7058.2988 0.7462
7059.9229 0.7462
7061.5508 0.7466
7063.1753 0.7462
7064.8037 0.7444
7066.4292 0.7433
7068.0547 0.7428
7069.6846 0.7421
7071.3110 0.7419
7072.9419 0.7428
7074.5688 0.7443
7076.2002 0.7445
7077.8281 0.7440
7079.4561 0.7437
7081.0889 0.7431
7082.7178 0.7416
7084.3511 0.7404
7085.9810 0.7420
7087.6147 0.7435
7089.2451 0.7436
7090.8760 0.7434
7092.5112 0.7427
7094.1431 0.7415
7095.7788 0.7417
7097.4111 0.7424
7099.0479 0.7426
7100.6812 0.7422
7102.3145 0.7418
7103.9521 0.7417
7105.5864 0.7414
7107.2251 0.7413
7108.8599 0.7411
7110.4995 0.7404
7112.1353 0.7388
7113.7715 0.7371
7115.4116 0.7362
7117.0483 0.7363
7118.6899 0.7372
7120.3271 0.7382
7121.9692 0.7384
7123.6079 0.7381
7125.2466 0.7393
7126.8896 0.7408
7128.5293 0.7410
7130.1729 0.7405
7131.8130 0.7395
7133.4580 0.7385
7135.0986 0.7391
7136.7402 0.7396
7138.3857 0.7396
7140.0283 0.7397
7141.6748 0.7396
7143.3174 0.7392
7144.9648 0.7385
7146.6084 0.7392
7148.2524 0.7370
7149.9009 0.7349
7151.5459 0.7361
7153.1948 0.7389
7154.8403 0.7389
7156.4902 0.7383
7158.1367 0.7375
7159.7832 0.7378
7161.4346 0.7383
7163.0820 0.7375
7164.7339 0.7357
7166.3818 0.7325
7168.0347 0.7338
7169.6836 0.7365
7171.3369 0.7378
7172.9863 0.7380
7174.6367 0.7381
7176.2910 0.7376
7177.9419 0.7369
7179.5972 0.7370
7181.2490 0.7366
7182.9048 0.7352
7184.5571 0.7356
7186.2100 0.7364
7187.8672 0.7338
7189.5210 0.7328
7191.1787 0.7345
7192.8330 0.7349
7194.4917 0.7326
7196.1465 0.7325
7197.8022 0.7336
7199.4619 0.7342
7201.1182 0.7336
7202.7788 0.7318
7204.4355 0.7302
7206.0972 0.7322
7207.7549 0.7304
7209.4131 0.7289
7211.0757 0.7303
7212.7344 0.7321
7214.3975 0.7314
7216.0571 0.7301
7217.7212 0.7305
7219.3818 0.7311
7221.0425 0.7309
7222.7075 0.7296
7224.3691 0.7275
7226.0352 0.7268
7227.6973 0.7283
7229.3643 0.7296
7231.0273 0.7301
7232.6909 0.7305
7234.3584 0.7305
7236.0229 0.7297
7237.6914 0.7294
7239.3564 0.7291
7241.0259 0.7277
7242.6919 0.7261
7244.3579 0.7269
7246.0283 0.7267
7247.6953 0.7276
7249.3667 0.7286
7251.0342 0.7281
7252.7065 0.7266
7254.3750 0.7273
7256.0439 0.7273
7257.7168 0.7276
7259.3867 0.7282
7261.0605 0.7279
7262.7310 0.7267
7264.4058 0.7266
7266.0771 0.7271
7267.7485 0.7273
7269.4243 0.7274
7271.0967 0.7274
7272.7734 0.7270
7274.4463 0.7264
7276.1240 0.7254
7277.7979 0.7250
7279.4722 0.7253
7281.1509 0.7255
7282.8257 0.7250
7284.5054 0.7242
7286.1812 0.7236
7287.8613 0.7238
7289.5376 0.7205
7291.2148 0.7178
7292.8960 0.7203
7294.5737 0.7219
7296.2559 0.7228
7297.9341 0.7234
7299.6172 0.7232
7301.2964 0.7224
7302.9800 0.7221
7304.6602 0.7224
7306.3408 0.7230
7308.0254 0.7216
7309.7065 0.7193
7311.3921 0.7178
7313.0742 0.7181
7314.7607 0.7196
7316.4434 0.7204
7318.1265 0.7204
7319.8140 0.7198
7321.4980 0.7184
7323.1860 0.7176
7324.8711 0.7190
7326.5601 0.7173
7328.2456 0.7159
7329.9312 0.7170
7331.6216 0.7182
7333.3081 0.7176
7334.9995 0.7183
7336.6865 0.7183
7338.3784 0.7184
7340.0669 0.7182
7341.7554 0.7179
7343.4482 0.7180
7345.1377 0.7181
7346.8315 0.7179
7348.5215 0.7177
7350.2163 0.7175
7351.9067 0.7172
7353.5981 0.7164
7355.2939 0.7157
7356.9858 0.7148
7358.6826 0.7155
7360.3755 0.7165
7362.0728 0.7164
7363.7661 0.7156
7365.4604 0.7154
7367.1587 0.7155
7368.8535 0.7159
7370.5527 0.7158
7372.2485 0.7155
7373.9487 0.7154
7375.6450 0.7153
7377.3418 0.7150
7379.0430 0.7152
7380.7402 0.7151
7382.4424 0.7146
7384.1406 0.7143
7385.8433 0.7141
7387.5425 0.7129
7389.2422 0.7121
7390.9458 0.7121
7392.6465 0.7129
7394.3511 0.7137
7396.0522 0.7134
7397.7573 0.7138
7399.4595 0.7135
7401.1616 0.7129
7402.8682 0.7128
7404.5713 0.7128
7406.2788 0.7116
7407.9824 0.7106
7409.6909 0.7104
7411.3955 0.7098
7413.1006 0.7094
7414.8101 0.7095
7416.5156 0.7079
7418.2261 0.7085
7419.9326 0.7094
7421.6436 0.7092
7423.3506 0.7086
7425.0586 0.7085
7426.7705 0.7088
7428.4795 0.7089
7430.1924 0.7082
7431.9014 0.7082
7433.6152 0.7085
7435.3257 0.7085
7437.0400 0.7087
7438.7510 0.7090
7440.4624 0.7088
7442.1777 0.7087
7443.8901 0.7089
7445.6064 0.7088
7447.3193 0.7079
7449.0366 0.7079
7450.7505 0.7082
7452.4644 0.7085
7454.1831 0.7085
7455.8979 0.7081
7457.6172 0.7077
7459.3325 0.7078
7461.0527 0.7075
7462.7690 0.7074
7464.4858 0.7077
7466.2070 0.7078
7467.9248 0.7072
7469.6470 0.7075
7471.3652 0.7077
7473.0884 0.7070
7474.8076 0.7064
7476.5269 0.7066
7478.2510 0.7062
7479.9712 0.7062
7481.6963 0.7061
7483.4175 0.7061
7485.1431 0.7062
7486.8652 0.7062
7488.5874 0.7065
7490.3145 0.7069
7492.0371 0.7060
7493.7651 0.7054
7495.4888 0.7050
7497.2173 0.7043
7498.9419 0.7047
7500.6670 0.7047
7502.3970 0.7048
7504.1226 0.7047
7505.8530 0.7045
7507.5801 0.7046
7509.3110 0.7045
7511.0386 0.7036
7512.7666 0.7019
7514.4990 0.7019
7516.2275 0.7028
7517.9609 0.7028
7519.6904 0.7035
7521.4243 0.7035
7523.1548 0.7024
7524.8853 0.7011
7526.6206 0.7010
7528.3521 0.7023
7530.0884 0.7026
7531.8203 0.7024
7533.5571 0.7018
7535.2905 0.7016
7537.0239 0.7019
7538.7617 0.7023
7540.4961 0.7022
7542.2349 0.7020
7543.9702 0.7016
7545.7095 0.7015
7547.4453 0.7014
7549.1816 0.7010
7550.9229 0.7010
7552.6597 0.7010
7554.4014 0.7009
7556.1392 0.6998
7557.8818 0.6991
7559.6201 0.6999
7561.3594 0.6995
7563.1030 0.6991
7564.8428 0.6990
7566.5874 0.6989
7568.3281 0.6987
7570.0732 0.6983
7571.8149 0.6980
7573.5610 0.6985
7575.3032 0.6976
7577.0459 0.6971
7578.7930 0.6975
7580.5366 0.6977
7582.2847 0.6974
7584.0288 0.6969
7585.7778 0.6959
7587.5229 0.6955
7589.2686 0.6960
7591.0186 0.6966
7592.7646 0.6966
7594.5156 0.6964
7596.2627 0.6960
7598.0142 0.6958
7599.7622 0.6957
7601.5107 0.6955
7603.2637 0.6948
7605.0127 0.6946
7606.7661 0.6947
7608.5161 0.6948
7610.2710 0.6945
7612.0215 0.6942
7613.7725 0.6942
7615.5283 0.6944
7617.2803 0.6930
7619.0366 0.6916
7620.7896 0.6914
7622.5469 0.6922
7624.3003 0.6931
7626.0542 0.6935
7627.8130 0.6934
7629.5679 0.6932
7631.3271 0.6930
7633.0825 0.6928
7634.8428 0.6926
7636.5991 0.6923
7638.3560 0.6922
7640.1172 0.6919
7641.8750 0.6915
7643.6372 0.6914
7645.3955 0.6915
7647.1587 0.6912
7648.9180 0.6911
7650.6772 0.6910
7652.4419 0.6908
7654.2021 0.6902
7655.9673 0.6887
7657.7285 0.6871
7659.4941 0.6854
7661.2563 0.6850
7663.0186 0.6854
7664.7856 0.6846
7666.5493 0.6832
7668.3169 0.6862
7670.0811 0.6880
7671.8496 0.6881
7673.6147 0.6879
7675.3799 0.6879
7677.1499 0.6876
7678.9160 0.6878
7680.6870 0.6862
7682.4536 0.6856
7684.2251 0.6863
7685.9932 0.6861
7687.7612 0.6849
7689.5342 0.6856
7691.3027 0.6858
7693.0767 0.6855
7694.8462 0.6855
7696.6206 0.6855
7698.3911 0.6845
7700.1621 0.6827
7701.9380 0.6833
7703.7100 0.6847
7705.4863 0.6851
7707.2588 0.6848
7709.0361 0.6846
7710.8096 0.6837
7712.5879 0.6799
7714.3618 0.6796
7716.1367 0.6825
7717.9160 0.6839
7719.6914 0.6838
7721.4717 0.6837
7723.2480 0.6830
7725.0288 0.6824
7726.8062 0.6819
7728.5835 0.6814
7730.3657 0.6812
7732.1440 0.6821
7733.9272 0.6822
7735.7065 0.6821
7737.4902 0.6820
7739.2700 0.6818
7741.0508 0.6816
7742.8354 0.6809
7744.6167 0.6798
7746.4028 0.6794
7748.1851 0.6791
7749.9717 0.6781
7751.7544 0.6785
7753.5376 0.6797
7755.3257 0.6798
7757.1099 0.6795
7758.8984 0.6793
7760.6836 0.6790
7762.4731 0.6786
7764.2588 0.6783
7766.0449 0.6781
7767.8359 0.6779
7769.6226 0.6777
7771.4146 0.6768
7773.2021 0.6736
7774.9946 0.6713
7776.7832 0.6711
7778.5723 0.6736
7780.3662 0.6757
7782.1558 0.6751
7783.9507 0.6753
7785.7412 0.6754
7787.5366 0.6756
7789.3281 0.6755
7791.1201 0.6753
7792.9165 0.6753
7794.7095 0.6752
7796.5068 0.6746
7798.3003 0.6740
7800.0986 0.6739
7801.8931 0.6741
7803.6880 0.6740
7805.4873 0.6740
7807.2832 0.6735
7809.0835 0.6729
7810.8799 0.6725
7812.6812 0.6721
7814.4785 0.6720
7816.2759 0.6722
7818.0786 0.6727
7819.8770 0.6726
7821.6802 0.6725
7823.4795 0.6724
7825.2837 0.6720
7827.0840 0.6713
7828.8843 0.6706
7830.6899 0.6704
7832.4912 0.6699
7834.2974 0.6695
7836.0996 0.6694
7837.9067 0.6688
7839.7100 0.6690
7841.5132 0.6690
7843.3213 0.6693
7845.1260 0.6698
7846.9351 0.6698
7848.7402 0.6694
7850.5498 0.6688
7852.3560 0.6685
7854.1665 0.6685
7855.9736 0.6683
7857.7808 0.6674
7859.5928 0.6668
7861.4009 0.6670
7863.2139 0.6669
7865.0225 0.6663
7866.8364 0.6657
7868.6460 0.6655
7870.4561 0.6644
7872.2710 0.6634
7874.0820 0.6640
7875.8979 0.6645
7877.7100 0.6649
7879.5264 0.6653
7881.3389 0.6636
7883.1519 0.6632
7884.9697 0.6640
7886.7837 0.6640
7888.6025 0.6637
7890.4175 0.6636
7892.2368 0.6607
7894.0522 0.6607
7895.8687 0.6609
7897.6890 0.6598
7899.5059 0.6578
7901.3276 0.6567
7903.1455 0.6586
7904.9678 0.6622
7906.7861 0.6581
7908.6055 0.6566
7910.4292 0.6604
7912.2485 0.6622
7914.0732 0.6584
7915.8940 0.6563
7917.7192 0.6594
7919.5405 0.6612
7921.3628 0.6591
7923.1895 0.6570
7925.0122 0.6578
7926.8394 0.6570
7928.6631 0.6573
7930.4912 0.6579
7932.3159 0.6572
7934.1406 0.6554
7935.9702 0.6552
7937.7959 0.6586
7939.6265 0.6601
7941.4526 0.6607
7943.2842 0.6608
7945.1113 0.6598
7946.9390 0.6592
7948.7720 0.6579
7950.6006 0.6581
7952.4336 0.6573
7954.2632 0.6563
7956.0977 0.6568
7957.9277 0.6566
7959.7583 0.6572
7961.5938 0.6580
7963.4253 0.6563
7965.2617 0.6530
7967.0942 0.6512
7968.9316 0.6511
7970.7646 0.6536
7972.5981 0.6554
7974.4370 0.6550
7976.2715 0.6536
7978.1108 0.6531
7979.9458 0.6530
7981.7861 0.6533
7983.6226 0.6540
7985.4590 0.6540
7987.3003 0.6537
7989.1377 0.6536
7990.9800 0.6514
7992.8184 0.6527
7994.6616 0.6548
7996.5005 0.6552
7998.3447 0.6544
8000.1846 0.6537
8002.0249 0.6524
8003.8706 0.6505
8005.7114 0.6477
8007.5576 0.6482
8009.3999 0.6507
8011.2471 0.6499
8013.0898 0.6459
8014.9331 0.6474
8016.7812 0.6500
8018.6255 0.6484
8020.4746 0.6475
8022.3198 0.6515
8024.1699 0.6514
8026.0156 0.6504
8027.8623 0.6476
8029.7134 0.6458
8031.5605 0.6459
8033.4126 0.6460
8035.2607 0.6452
8037.1138 0.6472
8038.9624 0.6475
8040.8120 0.6470
8042.6660 0.6474
8044.5161 0.6484
8046.3711 0.6473
8048.2222 0.6454
8050.0781 0.6440
8051.9302 0.6447
8053.7827 0.6464
8055.6396 0.6470
8057.4927 0.6467
8059.3511 0.6459
8061.2051 0.6461
8063.0640 0.6466
8064.9189 0.6466
8066.7739 0.6461
8068.6343 0.6455
8070.4902 0.6444
8072.3516 0.6440
8074.2085 0.6438
8076.0703 0.6434
8077.9282 0.6434
8079.7866 0.6441
8081.6499 0.6440
8083.5088 0.6435
8085.3730 0.6419
8087.2329 0.6410
8089.0981 0.6419
8090.9590 0.6417
8092.8203 0.6414
8094.6865 0.6411
8096.5483 0.6409
8098.4155 0.6403
8100.2788 0.6395
8102.1465 0.6397
8104.0103 0.6401
8105.8745 0.6400
8107.7441 0.6397
8109.6089 0.6395
8111.4790 0.6391
8113.3452 0.6388
8115.2163 0.6386
8117.0830 0.6382
8118.9502 0.6380
8120.8228 0.6379
8122.6909 0.6376
8124.5640 0.6374
8126.4326 0.6372
8128.3066 0.6369
8130.1768 0.6367
8132.0513 0.6365
8133.9224 0.6361
8135.7935 0.6358
8137.6694 0.6358
8139.5415 0.6356
8141.4185 0.6353
8143.2915 0.6351
8145.1694 0.6349
8147.0430 0.6347
8148.9175 0.6345
8150.7964 0.6342
8152.6714 0.6339
8154.5513 0.6337
8156.4272 0.6336
8158.3081 0.6332
8160.1851 0.6330
8162.0625 0.6325
8163.9443 0.6321
8165.8228 0.6320
8167.7056 0.6321
8169.5845 0.6319
8171.4683 0.6317
8173.3481 0.6315
8175.2285 0.6313
8177.1138 0.6312
8178.9951 0.6310
8180.8809 0.6307
8182.7632 0.6299
8184.6499 0.6264
8186.5327 0.6257
8188.4160 0.6277
8190.3042 0.6281
8192.1885 0.6289
8194.0771 0.6288
8195.9629 0.6250
8197.8525 0.6246
8199.7383 0.6270
8201.6250 0.6260
8203.5156 0.6234
8205.4033 0.6254
8207.2959 0.6271
8209.1836 0.6270
8211.0762 0.6262
8212.9658 0.6258
8214.8545 0.6249
8216.7490 0.6232
8218.6396 0.6235
8220.5342 0.6232
8222.4258 0.6219
8224.3223 0.6218
8226.2139 0.6238
8228.1064 0.6248
8230.0039 0.6237
8231.8965 0.6219
8233.7949 0.6210
8235.6895 0.6212
8237.5889 0.6214
8239.4834 0.6230
8241.3789 0.6231
8243.2793 0.6220
8245.1758 0.6215
8247.0771 0.6219
8248.9746 0.6202
8250.8770 0.6166
8252.7744 0.6190
8254.6729 0.6203
8256.5771 0.6188
8258.4766 0.6193
8260.3809 0.6199
8262.2812 0.6197
8264.1865 0.6196
8266.0869 0.6193
8267.9893 0.6189
8269.8955 0.6188
8271.7979 0.6186
8273.7051 0.6181
8275.6084 0.6177
8277.5166 0.6175
8279.4209 0.6174
8281.3301 0.6173
8283.2354 0.6173
8285.1416 0.6168
8287.0518 0.6163
8288.9580 0.6160
8290.8691 0.6159
8292.7773 0.6158
8294.6895 0.6162
8296.5977 0.6162
8298.5059 0.6153
8300.4199 0.6153
8302.3291 0.6158
8304.2432 0.6150
8306.1543 0.6140
8308.0693 0.6134
8309.9805 0.6135
8311.8926 0.6138
8313.8086 0.6137
8315.7217 0.6131
8317.6396 0.6128
8319.5527 0.6129
8321.4707 0.6126
8323.3857 0.6124
8325.2998 0.6123
8327.2197 0.6114
8329.1357 0.6094
8331.0566 0.6095
8332.9727 0.6103
8334.8945 0.6109
8336.8115 0.6113
8338.7295 0.6113
8340.6523 0.6116
8342.5713 0.6111
8344.4951 0.6100
8346.4150 0.6096
8348.3398 0.6095
8350.2598 0.6087
8352.1807 0.6084
8354.1074 0.6089
8356.0293 0.6084
8357.9561 0.6079
8359.8789 0.6080
8361.8066 0.6082
8363.7295 0.6080
8365.6543 0.6074
8367.5830 0.6073
8369.5078 0.6075
8371.4375 0.6076
8373.3643 0.6071
8375.2949 0.6064
8377.2217 0.6058
8379.1484 0.6062
8381.0811 0.6066
8383.0088 0.6062
8384.9424 0.6053
8386.8711 0.6050
8388.8047 0.6032
8390.7344 0.6034
8392.6650 0.6046
8394.6006 0.6050
8396.5312 0.6047
8398.4678 0.6039
8400.3994 0.6013
8402.3369 0.6009
8404.2695 0.6017
8406.2031 0.6025
8408.1416 0.6025
8410.0762 0.6011
8412.0156 0.5994
8413.9502 0.5976
8415.8906 0.5977
8417.8271 0.5999
8419.7637 0.6016
8421.7051 0.6001
8423.6426 0.5997
8425.5850 0.6007
8427.5234 0.6017
8429.4668 0.6020
8431.4053 0.6015
8433.3496 0.6009
8435.2900 0.5993
8437.2305 0.5983
8439.1758 0.5986
8441.1172 0.5985
8443.0645 0.5972
8445.0059 0.5978
8446.9541 0.5984
8448.8965 0.5974
8450.8408 0.5971
8452.7891 0.5979
8454.7344 0.5980
8456.6836 0.5976
8458.6289 0.5970
8460.5791 0.5970
8462.5254 0.5973
8464.4727 0.5971
8466.4248 0.5960
8468.3721 0.5951
8470.3252 0.5955
8472.2734 0.5967
8474.2275 0.5969
8476.1768 0.5965
8478.1270 0.5969
8480.0820 0.5973
8482.0322 0.5979
8483.9883 0.5967
8485.9404 0.5959
8487.8975 0.5960
8489.8496 0.5957
8491.8027 0.5952
8493.7607 0.5935
8495.7148 0.5954
8497.6738 0.5907
8499.6289 0.5826
8501.5889 0.5845
8503.5449 0.5922
8505.5010 0.5933
8507.4619 0.5929
8509.4199 0.5925
8511.3818 0.5920
8513.3398 0.5920
8515.3027 0.5919
8517.2617 0.5902
8519.2217 0.5893
8521.1855 0.5907
8523.1465 0.5926
8525.1113 0.5923
8527.0723 0.5914
8529.0391 0.5919
8531.0010 0.5925
8532.9639 0.5920
8534.9316 0.5912
8536.8945 0.5912
8538.8633 0.5904
8540.8281 0.5885
8542.7969 0.5694
8544.7627 0.5637
8546.7285 0.5773
8548.6992 0.5867
8550.6660 0.5876
8552.6377 0.5881
8554.6045 0.5886
8556.5771 0.5891
8558.5459 0.5891
8560.5146 0.5886
8562.4893 0.5885
8564.4590 0.5889
8566.4336 0.5890
8568.4043 0.5890
8570.3799 0.5888
8572.3516 0.5883
8574.3242 0.5881
8576.3008 0.5876
8578.2744 0.5867
8580.2520 0.5863
8582.2256 0.5867
8584.2051 0.5873
8586.1797 0.5875
8588.1602 0.5868
8590.1357 0.5859
8592.1113 0.5854
8594.0928 0.5854
8596.0703 0.5851
8598.0527 0.5843
8600.0303 0.5835
8602.0137 0.5835
8603.9922 0.5839
8605.9717 0.5842
8607.9561 0.5843
8609.9365 0.5852
8611.9219 0.5847
8613.9033 0.5836
8615.8896 0.5834
8617.8711 0.5836
8619.8535 0.5837
8621.8418 0.5841
8623.8252 0.5838
8625.8135 0.5847
8627.7979 0.5848
8629.7881 0.5840
8631.7725 0.5838
8633.7588 0.5837
8635.7500 0.5826
8637.7363 0.5820
8639.7285 0.5821
8641.7158 0.5824
8643.7080 0.5825
8645.6973 0.5826
8647.6855 0.5816
8649.6797 0.5810
8651.6699 0.5807
8653.6650 0.5805
8655.6553 0.5797
8657.6514 0.5783
8659.6436 0.5801
8661.6357 0.5732
8663.6328 0.5611
8665.6260 0.5602
8667.6240 0.5748
8669.6182 0.5776
8671.6172 0.5781
8673.6123 0.5789
8675.6074 0.5791
8677.6084 0.5789
8679.6045 0.5791
8681.6055 0.5792
8683.6025 0.5788
8685.6055 0.5785
8687.6035 0.5782
8689.6025 0.5777
8691.6055 0.5771
8693.6055 0.5782
8695.6104 0.5782
8697.6104 0.5783
8699.6162 0.5781
8701.6172 0.5775
8703.6191 0.5770
8705.6260 0.5767
8707.6289 0.5766
8709.6367 0.5762
8711.6406 0.5760
8713.6494 0.5760
8715.6543 0.5761
8717.6592 0.5766
8719.6699 0.5766
8721.6758 0.5767
8723.6865 0.5760
8725.6934 0.5746
8727.7061 0.5739
8729.7129 0.5743
8731.7217 0.5743
8733.7354 0.5734
8735.7441 0.5726
8737.7588 0.5725
8739.7686 0.5727
8741.7842 0.5719
8743.7949 0.5715
8745.8115 0.5715
8747.8232 0.5711
8749.8359 0.5699
8751.8535 0.5688
8753.8672 0.5685
8755.8857 0.5692
8757.9004 0.5700
8759.9199 0.5709
8761.9346 0.5713
8763.9502 0.5711
8765.9717 0.5712
8767.9883 0.5709
8770.0098 0.5706
8772.0273 0.5703
8774.0498 0.5697
8776.0684 0.5692
8778.0879 0.5692
8780.1113 0.5693
8782.1318 0.5693
8784.1562 0.5689
8786.1777 0.5687
8788.2031 0.5690
8790.2256 0.5686
8792.2471 0.5677
8794.2754 0.5672
8796.2979 0.5674
8798.3262 0.5677
8800.3506 0.5675
8802.3799 0.5671
8804.4053 0.5674
8806.4307 0.5649
8808.4609 0.5621
8810.4873 0.5628
8812.5195 0.5660
8814.5459 0.5648
8816.5791 0.5635
8818.6074 0.5631
8820.6357 0.5634
8822.6699 0.5637
8824.6992 0.5628
8826.7344 0.5606
8828.7646 0.5626
8830.8008 0.5635
8832.8330 0.5635
8834.8643 0.5633
8836.9014 0.5622
8838.9346 0.5617
8840.9727 0.5616
8843.0068 0.5611
8845.0459 0.5605
8847.0811 0.5597
8849.1162 0.5586
8851.1562 0.5579
8853.1924 0.5560
8855.2344 0.5547
8857.2715 0.5525
8859.3145 0.5490
8861.3516 0.5449
8863.3906 0.5388
8865.4346 0.5349
8867.4736 0.5385
8869.5186 0.5436
8871.5596 0.5466
8873.6045 0.5487
8875.6465 0.5494
8877.6885 0.5512
8879.7354 0.5531
8881.7783 0.5540
8883.8262 0.5538
8885.8701 0.5537
8887.9189 0.5552
8889.9639 0.5567
8892.0088 0.5571
8894.0596 0.5569
8896.1055 0.5571
8898.1562 0.5581
8900.2041 0.5581
8902.2559 0.5582
8904.3037 0.5587
8906.3574 0.5589
8908.4062 0.5589
8910.4561 0.5587
8912.5107 0.5560
8914.5605 0.5523
8916.6162 0.5561
8918.6680 0.5590
8920.7246 0.5576
8922.7764 0.5575
8924.8291 0.5573
8926.8867 0.5557
8928.9404 0.5504
8931.0000 0.5511
8933.0547 0.5565
8935.1143 0.5571
8937.1699 0.5569
8939.2256 0.5567
8941.2871 0.5565
8943.3438 0.5562
8945.4062 0.5553
8947.4639 0.5539
8949.5273 0.5541
8951.5859 0.5541
8953.6455 0.5544
8955.7100 0.5544
8957.7705 0.5540
8959.8359 0.5537
8961.8975 0.5532
8963.9639 0.5529
8966.0264 0.5516
8968.0889 0.5502
8970.1572 0.5499
8972.2207 0.5503
8974.2891 0.5499
8976.3535 0.5492
8978.4238 0.5475
8980.4893 0.5465
8982.5557 0.5468
8984.6270 0.5468
8986.6934 0.5459
8988.7656 0.5451
8990.8340 0.5440
8992.9072 0.5427
8994.9756 0.5415
8997.0449 0.5402
8999.1201 0.5382
9001.1904 0.5350
9003.2656 0.5334
9005.3369 0.5319
9007.4131 0.5289
9009.4854 0.5246
9011.5586 0.5191
9013.6357 0.5126
9015.7100 0.5022
9017.7891 0.4994
9019.8633 0.5068
9021.9434 0.5152
9024.0186 0.5202
9026.0947 0.5243
9028.1758 0.5273
9030.2529 0.5295
9032.3350 0.5313
9034.4131 0.5330
9036.4971 0.5337
9038.5752 0.5337
9040.6543 0.5350
9042.7393 0.5364
9044.8193 0.5370
9046.9053 0.5373
9048.9863 0.5375
9051.0732 0.5377
9053.1553 0.5377
9055.2383 0.5381
9057.3262 0.5386
9059.4102 0.5384
9061.4990 0.5357
9063.5840 0.5241
9065.6738 0.5284
9067.7588 0.5369
9069.8506 0.5388
9071.9365 0.5382
9074.0234 0.5378
9076.1162 0.5384
9078.2041 0.5345
9080.2979 0.5306
9082.3867 0.5321
9084.4805 0.5372
9086.5703 0.5374
9088.6611 0.5339
9090.7568 0.5282
9092.8486 0.5310
9094.9453 0.5337
9097.0371 0.5251
9099.1348 0.5311
9101.2285 0.5347
9103.3223 0.5349
9105.4209 0.5345
9107.5156 0.5344
9109.6162 0.5342
9111.7119 0.5324
9113.8125 0.5254
9115.9092 0.5289
9118.0068 0.5330
9120.1094 0.5322
9122.2070 0.5321
9124.3105 0.5314
9126.4102 0.5311
9128.5146 0.5309
9130.6143 0.5311
9132.7148 0.5311
9134.8213 0.5304
9136.9219 0.5307
9139.0293 0.5305
9141.1318 0.5303
9143.2393 0.5300
9145.3428 0.5297
9147.4473 0.5290
9149.5566 0.5281
9151.6611 0.5283
9153.7715 0.5283
9155.8770 0.5279
9157.9883 0.5274
9160.0957 0.5272
9162.2031 0.5270
9164.3154 0.5265
9166.4238 0.5258
9168.5371 0.5256
9170.6465 0.5254
9172.7617 0.5248
9174.8711 0.5242
9176.9824 0.5225
9179.0986 0.5215
9181.2100 0.5217
9183.3271 0.5213
9185.4395 0.5197
9187.5576 0.5205
9189.6719 0.5200
9191.7852 0.5198
9193.9053 0.5196
9196.0205 0.5187
9198.1406 0.5179
9200.2568 0.5167
9202.3789 0.5160
9204.4951 0.5142
9206.6133 0.5127
9208.7363 0.5119
9210.8545 0.5105
9212.9785 0.5075
9215.0977 0.5027
9217.2227 0.5029
9219.3428 0.5008
9221.4639 0.4965
9223.5908 0.4959
9225.7129 0.4912
9227.8398 0.4842
9229.9629 0.4733
9232.0908 0.4711
9234.2148 0.4797
9236.3447 0.4874
9238.4688 0.4906
9240.5947 0.4930
9242.7256 0.4981
9244.8516 0.4994
9246.9834 0.4986
9249.1104 0.5026
9251.2432 0.5048
9253.3721 0.5055
9255.5010 0.5044
9257.6348 0.5040
9259.7646 0.5047
9261.8994 0.5042
9264.0303 0.5006
9266.1670 0.5015
9268.2988 0.5032
9270.4307 0.5063
9272.5684 0.5093
9274.7012 0.5089
9276.8398 0.5091
9278.9746 0.5091
9281.1143 0.5091
9283.2490 0.5090
9285.3848 0.5088
9287.5264 0.5087
9289.6621 0.5085
9291.8047 0.5080
9293.9424 0.5079
9296.0850 0.5078
9298.2236 0.5074
9300.3633 0.5074
9302.5078 0.5075
9304.6475 0.5071
9306.7930 0.5067
9308.9346 0.5066
9311.0811 0.5064
9313.2227 0.5060
9315.3652 0.5060
9317.5137 0.5058
9319.6572 0.5046
9321.8057 0.5041
9323.9502 0.5045
9326.1006 0.5045
9328.2461 0.5041
9330.3916 0.5040
9332.5439 0.5040
9334.6904 0.5037
9336.8428 0.5034
9338.9912 0.5032
9341.1445 0.5029
9343.2939 0.5025
9345.4434 0.5020
9347.5977 0.5018
9349.7480 0.5016
9351.9043 0.5007
9354.0557 0.5005
9356.2129 0.5007
9358.3652 0.5005
9360.5186 0.5001
9362.6768 0.4998
9364.8301 0.4995
9366.9902 0.4994
9369.1445 0.4992
9371.3057 0.4989
9373.4609 0.4984
9375.6172 0.4978
9377.7793 0.4978
9379.9365 0.4976
9382.0996 0.4970
9384.2578 0.4971
9386.4219 0.4963
9388.5820 0.4948
9390.7461 0.4946
9392.9072 0.4950
9395.0674 0.4928
9397.2344 0.4938
9399.3965 0.4950
9401.5635 0.4942
9403.7266 0.4932
9405.8945 0.4907
9408.0586 0.4834
9410.2227 0.4882
9412.3926 0.4923
9414.5586 0.4868
9416.7295 0.4821
9418.8955 0.4886
9421.0674 0.4912
9423.2344 0.4892
9425.4023 0.4889
9427.5762 0.4907
9429.7451 0.4900
9431.9189 0.4890
9434.0889 0.4884
9436.2646 0.4884
9438.4355 0.4862
9440.6064 0.4843
9442.7832 0.4869
9444.9561 0.4872
9447.1338 0.4858
9449.3076 0.4862
9451.4863 0.4869
9453.6602 0.4867
9455.8350 0.4862
9458.0156 0.4858
9460.1914 0.4857
9462.3730 0.4851
9464.5498 0.4844
9466.7324 0.4842
9468.9102 0.4841
9471.0889 0.4840
9473.2725 0.4836
9475.4521 0.4832
9477.6367 0.4829
9479.8174 0.4826
9482.0029 0.4821
9484.1846 0.4814
9486.3662 0.4810
9488.5537 0.4808
9490.7363 0.4804
9492.9258 0.4799
9495.1094 0.4793
9497.2988 0.4788
9499.4834 0.4781
9501.6689 0.4776
9503.8604 0.4772
9506.0459 0.4763
9508.2383 0.4752
9510.4258 0.4751
9512.6191 0.4746
9514.8076 0.4738
9516.9961 0.4730
9519.1904 0.4721
9521.3809 0.4711
9523.5762 0.4700
9525.7666 0.4687
9527.9639 0.4673
9530.1553 0.4656
9532.3477 0.4638
9534.5459 0.4618
9536.7393 0.4593
9538.9385 0.4565
9541.1328 0.4526
9543.3330 0.4477
9545.5283 0.4401
9547.7246 0.4313
9549.9268 0.4332
9552.1230 0.4417
9554.3262 0.4478
9556.5234 0.4515
9558.7275 0.4546
9560.9268 0.4566
9563.1309 0.4583
9565.3311 0.4595
9567.5322 0.4608
9569.7383 0.4614
9571.9395 0.4616
9574.1465 0.4621
9576.3496 0.4628
9578.5576 0.4635
9580.7607 0.4639
9582.9648 0.4642
9585.1748 0.4643
9587.3799 0.4643
9589.5908 0.4643
9591.7969 0.4644
9594.0088 0.4640
9596.2158 0.4638
9598.4238 0.4639
9600.6367 0.4638
9602.8457 0.4628
9605.0596 0.4586
9607.2695 0.4602
9609.4854 0.4627
9611.6953 0.4628
9613.9062 0.4631
9616.1240 0.4625
9618.3359 0.4633
9620.5537 0.4602
9622.7666 0.4567
9624.9863 0.4576
9627.2002 0.4611
9629.4150 0.4598
9631.6357 0.4604
9633.8516 0.4578
9636.0723 0.4568
9638.2891 0.4589
9640.5117 0.4596
9642.7295 0.4597
9644.9482 0.4592
9647.1719 0.4595
9649.3916 0.4580
9651.6172 0.4554
9653.8369 0.4557
9656.0635 0.4575
9658.2842 0.4552
9660.5068 0.4508
9662.7344 0.4523
9664.9570 0.4569
9667.1855 0.4558
9669.4102 0.4562
9671.6396 0.4555
9673.8643 0.4537
9676.0898 0.4534
9678.3213 0.4540
9680.5479 0.4527
9682.7803 0.4508
9685.0078 0.4521
9687.2412 0.4528
9689.4697 0.4524
9691.6982 0.4514
9693.9336 0.4499
9696.1631 0.4502
9698.3994 0.4510
9700.6299 0.4512
9702.8672 0.4511
9705.0996 0.4510
9707.3320 0.4507
9709.5703 0.4505
9711.8047 0.4502
9714.0439 0.4499
9716.2783 0.4496
9718.5186 0.4493
9720.7549 0.4489
9722.9912 0.4485
9725.2334 0.4477
9727.4707 0.4475
9729.7139 0.4475
9731.9521 0.4472
9734.1963 0.4469
9736.4355 0.4464
9738.6807 0.4442
9740.9209 0.4419
9743.1621 0.4425
9745.4082 0.4446
9747.6504 0.4446
9749.8984 0.4439
9752.1416 0.4439
9754.3896 0.4439
9756.6338 0.4437
9758.8789 0.4434
9761.1289 0.4429
9763.3740 0.4426
9765.6260 0.4416
9767.8721 0.4415
9770.1250 0.4416
9772.3721 0.4412
9774.6201 0.4411
9776.8750 0.4408
9779.1240 0.4404
9781.3789 0.4402
9783.6289 0.4398
9785.8848 0.4393
9788.1367 0.4388
9790.3877 0.4383
9792.6455 0.4381
9794.8984 0.4381
9797.1572 0.4376
9799.4111 0.4368
9801.6709 0.4363
9803.9258 0.4362
9806.1807 0.4364
9808.4424 0.4362
9810.6982 0.4357
9812.9609 0.4352
9815.2188 0.4348
9817.4814 0.4348
9819.7402 0.4346
9821.9990 0.4339
9824.2646 0.4333
9826.5244 0.4329
9828.7900 0.4323
9831.0518 0.4324
9833.3184 0.4323
9835.5801 0.4318
9837.8428 0.4314
9840.1113 0.4313
9842.3750 0.4309
9844.6455 0.4302
9846.9102 0.4302
9849.1807 0.4301
9851.4463 0.4297
9853.7129 0.4284
9855.9844 0.4265
9858.2520 0.4264
9860.5254 0.4262
9862.7939 0.4255
9865.0684 0.4260
9867.3379 0.4271
9869.6074 0.4270
9871.8838 0.4267
9874.1543 0.4262
9876.4316 0.4259
9878.7031 0.4257
9880.9814 0.4254
9883.2549 0.4250
9885.5283 0.4245
9887.8076 0.4246
9890.0830 0.4224
9892.3633 0.4192
9894.6387 0.4191
9896.9209 0.4225
9899.1973 0.4223
9901.4746 0.4209
9903.7578 0.4212
9906.0361 0.4215
9908.3203 0.4210
9910.5996 0.4206
9912.8857 0.4200
9915.1660 0.4188
9917.4521 0.4176
9919.7334 0.4180
9922.0156 0.4193
9924.3037 0.4189
9926.5869 0.4183
9928.8760 0.4186
9931.1602 0.4164
9933.4502 0.4141
9935.7354 0.4146
9938.0205 0.4168
9940.3125 0.4164
9942.5996 0.4147
9944.8926 0.4143
9947.1797 0.4149
9949.4736 0.4149
9951.7627 0.4141
9954.0518 0.4137
9956.3477 0.4136
9958.6377 0.4131
9960.9346 0.4127
9963.2256 0.4124
9965.5234 0.4120
9967.8154 0.4119
9970.1094 0.4115
9972.4082 0.4110
9974.7021 0.4106
9977.0020 0.4103
9979.2979 0.4098
9981.5986 0.4094
9983.8945 0.4090
9986.1914 0.4085
9988.4941 0.4081
9990.7920 0.4077
9993.0967 0.4073
9995.3955 0.4067
9997.7002 0.4055
10000.0000 0.4043
10002.3057 0.4043
10004.6016 0.4048
10006.9082 0.4041
10009.2158 0.4037
10011.5244 0.4030
10013.8223 0.4023
10016.1309 0.4016
10018.4404 0.4008
10020.7402 0.3999
10023.0508 0.3991
10025.3623 0.3981
10027.6738 0.3968
10029.9756 0.3956
10032.2881 0.3944
10034.6016 0.3928
10036.9043 0.3911
10039.2188 0.3891
10041.5342 0.3866
10043.8496 0.3835
10046.1543 0.3794
10048.4707 0.3735
10050.7881 0.3651
10053.0947 0.3647
10055.4131 0.3717
10057.7324 0.3778
10060.0508 0.3805
10062.3604 0.3834
10064.6807 0.3850
10067.0010 0.3864
10069.3115 0.3874
10071.6338 0.3882
10073.9561 0.3891
10076.2793 0.3897
10078.5918 0.3900
10080.9160 0.3902
10083.2402 0.3905
10085.5547 0.3905
10087.8799 0.3905
10090.2061 0.3908
10092.5332 0.3908
10094.8496 0.3907
10097.1777 0.3907
10099.5059 0.3906
10101.8232 0.3904
10104.1533 0.3902
10106.4834 0.3897
10108.8135 0.3891
10111.1338 0.3890
10113.4648 0.3883
10115.7969 0.3874
10118.1191 0.3876
10120.4521 0.3884
10122.7861 0.3884
10125.1201 0.3847
10127.4434 0.3838
10129.7793 0.3868
10132.1152 0.3871
10134.4404 0.3869
10136.7773 0.3867
10139.1152 0.3864
10141.4531 0.3861
10143.7803 0.3857
10146.1191 0.3850
10148.4590 0.3838
10150.7881 0.3843
10153.1289 0.3845
10155.4707 0.3840
10157.8125 0.3835
10160.1436 0.3833
10162.4863 0.3833
10164.8301 0.3817
10167.1621 0.3810
10169.5068 0.3815
10171.8525 0.3820
10174.1973 0.3813
10176.5322 0.3808
10178.8789 0.3806
10181.2266 0.3807
10183.5742 0.3796
10185.9111 0.3778
10188.2607 0.3781
10190.6094 0.3789
10192.9482 0.3786
10195.2988 0.3782
10197.6504 0.3780
10200.0020 0.3776
10202.3428 0.3773
10204.6953 0.3768
10207.0479 0.3766
10209.3906 0.3762
10211.7451 0.3758
10214.0996 0.3756
10216.4551 0.3750
10218.7998 0.3736
10221.1562 0.3740
10223.5137 0.3741
10225.8594 0.3738
10228.2178 0.3734
10230.5762 0.3731
10232.9355 0.3727
10235.2842 0.3725
10237.6436 0.3720
10240.0049 0.3715
10242.3545 0.3711
10244.7168 0.3711
10247.0791 0.3705
10249.4424 0.3702
10251.7939 0.3700
10254.1582 0.3697
10256.5234 0.3693
10258.8770 0.3689
10261.2422 0.3686
10263.6084 0.3682
10265.9756 0.3678
10268.3311 0.3675
10270.6992 0.3672
10273.0674 0.3668
10275.4258 0.3663
10277.7949 0.3658
10280.1650 0.3656
10282.5352 0.3654
10284.8955 0.3650
10287.2666 0.3646
10289.6396 0.3637
10292.0010 0.3626
10294.3740 0.3631
10296.7480 0.3634
10299.1221 0.3627
10301.4863 0.3625
10303.8613 0.3619
10306.2373 0.3617
10308.6025 0.3614
10310.9795 0.3610
10313.3574 0.3603
10315.7363 0.3598
10318.1035 0.3599
10320.4824 0.3596
10322.8623 0.3592
10325.2314 0.3588
10327.6123 0.3585
10329.9941 0.3581
10332.3760 0.3575
10334.7471 0.3568
10337.1309 0.3567
10339.5146 0.3568
10341.8877 0.3563
10344.2725 0.3556
10346.6572 0.3544
10349.0430 0.3548
10351.4189 0.3548
10353.8057 0.3544
10356.1934 0.3541
10358.5693 0.3537
10360.9580 0.3534
10363.3477 0.3531
10365.7373 0.3524
10368.1162 0.3520
10370.5068 0.3515
10372.8984 0.3497
10375.2793 0.3494
10377.6719 0.3505
10380.0645 0.3502
10382.4580 0.3497
10384.8408 0.3498
10387.2363 0.3493
10389.6309 0.3490
10392.0156 0.3486
10394.4121 0.3482
