3566.9744 0.4545
3567.7969 0.4589
3568.6177 0.4568
3569.4385 0.4481
3570.2617 0.4401
3571.0830 0.4397
3571.9065 0.4448
3572.7283 0.4508
3573.5520 0.4566
3574.3740 0.4608
3575.1963 0.4626
3576.0208 0.4640
3576.8435 0.4674
3577.6682 0.4714
3578.4915 0.4729
3579.3167 0.4694
3580.1399 0.4602
3580.9636 0.4493
3581.7893 0.4465
3582.6133 0.4553
3583.4395 0.4634
3584.2639 0.4608
3585.0903 0.4485
3585.9150 0.4378
3586.7400 0.4353
3587.5671 0.4404
3588.3923 0.4491
3589.2200 0.4588
3590.0457 0.4686
3590.8735 0.4781
3591.6995 0.4842
3592.5259 0.4843
3593.3542 0.4806
3594.1809 0.4772
3595.0098 0.4771
3595.8367 0.4792
3596.6660 0.4820
3597.4934 0.4850
3598.3208 0.4888
3599.1506 0.4929
3599.9788 0.4951
3600.8088 0.4936
3601.6372 0.4890
3602.4678 0.4840
3603.2964 0.4809
3604.1252 0.4789
3604.9565 0.4763
3605.7859 0.4749
3606.6172 0.4764
3607.4470 0.4777
3608.2788 0.4739
3609.1089 0.4679
3609.9392 0.4664
3610.7717 0.4718
3611.6023 0.4792
3612.4351 0.4828
3613.2661 0.4833
3614.0994 0.4857
3614.9307 0.4926
3615.7625 0.4995
3616.5962 0.4998
3617.4282 0.4902
3618.2625 0.4760
3619.0947 0.4679
3619.9292 0.4723
3620.7620 0.4837
3621.5969 0.4929
3622.4302 0.4980
3623.2634 0.5000
3624.0989 0.5007
3624.9326 0.5026
3625.7686 0.5077
3626.6028 0.5139
3627.4390 0.5181
3628.2734 0.5196
3629.1082 0.5166
3629.9451 0.5063
3630.7800 0.4906
3631.6174 0.4802
3632.4529 0.4837
3633.2903 0.4949
3634.1262 0.5052
3634.9622 0.5109
3635.8005 0.5152
3636.6370 0.5192
3637.4756 0.5224
3638.3123 0.5246
3639.1514 0.5256
3639.9885 0.5250
3640.8259 0.5222
3641.6653 0.5182
3642.5032 0.5141
3643.3430 0.5120
3644.1812 0.5127
3645.0215 0.5155
3645.8601 0.5183
3646.6990 0.5183
3647.5398 0.5142
3648.3789 0.5110
3649.2202 0.5117
3650.0596 0.5160
3650.9014 0.5212
3651.7412 0.5269
3652.5813 0.5325
3653.4236 0.5371
3654.2642 0.5405
3655.1067 0.5436
3655.9475 0.5472
3656.7908 0.5511
3657.6318 0.5540
3658.4734 0.5541
3659.3169 0.5522
3660.1587 0.5504
3661.0029 0.5499
3661.8450 0.5502
3662.6895 0.5511
3663.5320 0.5529
3664.3748 0.5556
3665.2197 0.5592
3666.0630 0.5624
3666.9084 0.5637
3667.7520 0.5626
3668.5977 0.5593
3669.4417 0.5563
3670.2859 0.5570
3671.1321 0.5624
3671.9768 0.5686
3672.8235 0.5712
3673.6685 0.5703
3674.5156 0.5685
3675.3608 0.5679
3676.2063 0.5665
3677.0542 0.5634
3677.8999 0.5601
3678.7480 0.5580
3679.5945 0.5580
3680.4429 0.5603
3681.2896 0.5636
3682.1365 0.5647
3682.9856 0.5638
3683.8328 0.5632
3684.6824 0.5622
3685.5300 0.5598
3686.3799 0.5582
3687.2278 0.5599
3688.0781 0.5667
3688.9265 0.5762
3689.7751 0.5844
3690.6260 0.5888
3691.4751 0.5919
3692.3264 0.5956
3693.1758 0.5990
3694.0273 0.6012
3694.8772 0.6017
3695.7273 0.6005
3696.5793 0.5974
3697.4299 0.5970
3698.2825 0.6042
3699.1333 0.6158
3699.9863 0.6248
3700.8374 0.6261
3701.6887 0.6203
3702.5425 0.6083
3703.3943 0.5925
3704.2483 0.5786
3705.1003 0.5715
3705.9548 0.5739
3706.8074 0.5847
3707.6599 0.5976
3708.5149 0.6059
3709.3682 0.6085
3710.2234 0.6060
3711.0771 0.6008
3711.9329 0.5991
3712.7866 0.6089
3713.6409 0.6298
3714.4973 0.6508
3715.3518 0.6647
3716.2085 0.6716
3717.0635 0.6747
3717.9204 0.6709
3718.7759 0.6528
3719.6313 0.6222
3720.4890 0.5898
3721.3450 0.5692
3722.2031 0.5683
3723.0593 0.5912
3723.9180 0.6296
3724.7747 0.6672
3725.6316 0.6906
3726.4905 0.6959
3727.3479 0.6917
3728.2073 0.6928
3729.0649 0.7014
3729.9250 0.7060
3730.7830 0.6985
3731.6414 0.6772
3732.5017 0.6417
3733.3604 0.5979
3734.2214 0.5622
3735.0803 0.5529
3735.9417 0.5690
3736.8013 0.5978
3737.6609 0.6337
3738.5227 0.6757
3739.3828 0.7122
3740.2451 0.7343
3741.1055 0.7415
3741.9683 0.7387
3742.8291 0.7299
3743.6899 0.7190
3744.5532 0.7050
3745.4148 0.6890
3746.2786 0.6755
3747.1404 0.6633
3748.0044 0.6377
3748.8667 0.5989
3749.7290 0.5703
3750.5938 0.5775
3751.4565 0.6185
3752.3215 0.6699
3753.1848 0.7117
3754.0503 0.7417
3754.9138 0.7640
3755.7798 0.7763
3756.6438 0.7740
3757.5081 0.7578
3758.3745 0.7409
3759.2390 0.7373
3760.1060 0.7469
3760.9709 0.7603
3761.8381 0.7707
3762.7036 0.7753
3763.5693 0.7737
3764.4370 0.7712
3765.3032 0.7692
3766.1714 0.7611
3767.0378 0.7455
3767.9065 0.7246
3768.7732 0.6953
3769.6401 0.6559
3770.5095 0.6238
3771.3770 0.6269
3772.2466 0.6659
3773.1145 0.7165
3773.9844 0.7551
3774.8528 0.7784
3775.7209 0.7956
3776.5918 0.8141
3777.4604 0.8335
3778.3315 0.8489
3779.2009 0.8595
3780.0723 0.8677
3780.9419 0.8741
3781.8118 0.8770
3782.6838 0.8768
3783.5540 0.8761
3784.4265 0.8763
3785.2971 0.8725
3786.1699 0.8625
3787.0410 0.8545
3787.9121 0.8536
3788.7856 0.8574
3789.6572 0.8598
3790.5310 0.8603
3791.4031 0.8605
3792.2773 0.8558
3793.1499 0.8414
3794.0225 0.8168
3794.8972 0.7858
3795.7703 0.7486
3796.6455 0.6996
3797.5190 0.6515
3798.3948 0.6343
3799.2686 0.6685
3800.1426 0.7341
3801.0188 0.7992
3801.8933 0.8468
3802.7700 0.8781
3803.6448 0.8981
3804.5220 0.9091
3805.3972 0.9115
3806.2727 0.9095
3807.1504 0.9110
3808.0261 0.9228
3808.9043 0.9427
3809.7805 0.9616
3810.6589 0.9721
3811.5356 0.9708
3812.4126 0.9582
3813.2917 0.9434
3814.1689 0.9327
3815.0483 0.9280
3815.9260 0.9318
3816.8059 0.9507
3817.6841 0.9759
3818.5623 0.9842
3819.4429 0.9678
3820.3215 0.9433
3821.2024 0.9392
3822.0815 0.9573
3822.9629 0.9706
3823.8423 0.9619
3824.7241 0.9392
3825.6040 0.9218
3826.4841 0.9152
3827.3665 0.9119
3828.2468 0.9029
3829.1296 0.8946
3830.0105 0.8891
3830.8938 0.8757
3831.7751 0.8398
3832.6565 0.7923
3833.5403 0.7473
3834.4224 0.7036
3835.3064 0.6758
3836.1887 0.6847
3837.0735 0.7223
3837.9561 0.7602
3838.8391 0.7968
3839.7244 0.8364
3840.6077 0.8772
3841.4932 0.9166
3842.3770 0.9567
3843.2629 0.9881
3844.1472 1.0065
3845.0315 1.0151
3845.9182 1.0207
3846.8030 1.0295
3847.6899 1.0404
3848.5752 1.0459
3849.4626 1.0408
3850.3481 1.0362
3851.2339 1.0422
3852.1221 1.0587
3853.0083 1.0742
3853.8967 1.0822
3854.7832 1.0790
3855.6721 1.0667
3856.5591 1.0541
3857.4463 1.0461
3858.3359 1.0349
3859.2234 1.0197
3860.1135 1.0196
3861.0015 1.0447
3861.8918 1.0806
3862.7803 1.1041
3863.6687 1.1102
3864.5598 1.1046
3865.4487 1.0971
3866.3401 1.0980
3867.2297 1.1078
3868.1213 1.1190
3869.0112 1.1253
3869.9014 1.1243
3870.7937 1.1121
3871.6841 1.0873
3872.5769 1.0636
3873.4678 1.0601
3874.3611 1.0771
3875.2524 1.0964
3876.1438 1.1015
3877.0376 1.0843
3877.9297 1.0575
3878.8237 1.0465
3879.7161 1.0640
3880.6108 1.0879
3881.5037 1.0960
3882.3965 1.0902
3883.2917 1.0758
3884.1851 1.0518
3885.0808 1.0122
3885.9746 0.9565
3886.8706 0.8924
3887.7649 0.8236
3888.6592 0.7708
3889.5559 0.7668
3890.4507 0.8252
3891.3479 0.9094
3892.2429 0.9773
3893.1406 1.0176
3894.0361 1.0382
3894.9341 1.0519
3895.8301 1.0676
3896.7263 1.0860
3897.6250 1.0972
3898.5215 1.0992
3899.4207 1.0986
3900.3176 1.1038
3901.2170 1.1155
3902.1145 1.1256
3903.0122 1.1293
3903.9121 1.1257
3904.8103 1.1145
3905.7107 1.1039
3906.6094 1.1153
3907.5100 1.1474
3908.4089 1.1778
3909.3081 1.1942
3910.2097 1.2000
3911.1091 1.2038
3912.0110 1.2057
3912.9111 1.2009
3913.8132 1.1954
3914.7136 1.1962
3915.6143 1.1987
3916.5171 1.1949
3917.4182 1.1889
3918.3215 1.1843
3919.2229 1.1788
3920.1267 1.1737
3921.0286 1.1725
3921.9307 1.1763
3922.8350 1.1820
3923.7373 1.1911
3924.6421 1.1990
3925.5452 1.1974
3926.4502 1.1820
3927.3535 1.1542
3928.2571 1.1191
3929.1628 1.0788
3930.0667 1.0180
3930.9731 0.9163
3931.8774 0.7714
3932.7839 0.6156
3933.6887 0.5205
3934.5938 0.5439
3935.5010 0.6763
3936.4062 0.8474
3937.3142 0.9952
3938.2200 1.0938
3939.1279 1.1535
3940.0342 1.1876
3940.9407 1.2060
3941.8494 1.2146
3942.7561 1.2143
3943.6653 1.2084
3944.5725 1.2103
3945.4822 1.2253
3946.3899 1.2403
3947.2979 1.2447
3948.2080 1.2414
3949.1162 1.2406
3950.0269 1.2442
3950.9355 1.2473
3951.8467 1.2457
3952.7559 1.2439
3953.6650 1.2461
3954.5769 1.2487
3955.4866 1.2405
3956.3987 1.2251
3957.3088 1.2187
3958.2214 1.2249
3959.1321 1.2329
3960.0449 1.2276
3960.9561 1.2063
3961.8672 1.1794
3962.7808 1.1591
3963.6924 1.1401
3964.6064 1.1048
3965.5186 1.0309
3966.4329 0.9042
3967.3455 0.7400
3968.2581 0.5968
3969.1731 0.5461
3970.0862 0.6060
3971.0017 0.7370
3971.9153 0.8803
3972.8313 0.9968
3973.7451 1.0777
3974.6592 1.1316
3975.5759 1.1674
3976.4905 1.1918
3977.4075 1.2111
3978.3225 1.2300
3979.2397 1.2486
3980.1553 1.2624
3981.0708 1.2695
3981.9888 1.2722
3982.9050 1.2747
3983.8232 1.2792
3984.7397 1.2845
3985.6587 1.2875
3986.5757 1.2903
3987.4927 1.2974
3988.4121 1.3066
3989.3298 1.3106
3990.2498 1.3125
3991.1677 1.3180
3992.0879 1.3254
3993.0063 1.3281
3993.9250 1.3239
3994.8459 1.3153
3995.7649 1.3079
3996.6863 1.3021
3997.6057 1.2986
3998.5276 1.3011
3999.4475 1.3106
4000.3674 1.3163
4001.2900 1.3101
4002.2104 1.3078
4003.1333 1.3141
4004.0544 1.3163
4004.9775 1.3069
4005.8989 1.3032
4006.8206 1.3138
4007.7446 1.3283
4008.6665 1.3372
4009.5908 1.3395
4010.5132 1.3402
4011.4380 1.3398
4012.3608 1.3375
4013.2839 1.3368
4014.2095 1.3392
4015.1328 1.3430
4016.0588 1.3459
4016.9827 1.3473
4017.9089 1.3493
4018.8333 1.3518
4019.7578 1.3527
4020.6848 1.3509
4021.6096 1.3493
4022.5371 1.3498
4023.4624 1.3503
4024.3901 1.3490
4025.3162 1.3489
4026.2422 1.3537
4027.1704 1.3585
4028.0969 1.3565
4029.0259 1.3452
4029.9526 1.3298
4030.8821 1.3180
4031.8093 1.3134
4032.7390 1.3125
4033.6667 1.3149
4034.5947 1.3237
4035.5251 1.3367
4036.4534 1.3493
4037.3843 1.3575
4038.3130 1.3605
4039.2441 1.3590
4040.1736 1.3556
4041.1030 1.3538
4042.0347 1.3543
4042.9646 1.3521
4043.8970 1.3380
4044.8271 1.3111
4045.7600 1.2908
4046.6907 1.2993
4047.6216 1.3278
4048.5549 1.3489
4049.4863 1.3552
4050.4202 1.3560
4051.3521 1.3563
4052.2861 1.3544
4053.2185 1.3503
4054.1509 1.3471
4055.0857 1.3449
4056.0186 1.3421
4056.9539 1.3383
4057.8872 1.3376
4058.8230 1.3420
4059.7566 1.3485
4060.6907 1.3495
4061.6270 1.3393
4062.5613 1.3164
4063.4983 1.2992
4064.4331 1.3019
4065.3701 1.3195
4066.3054 1.3291
4067.2410 1.3293
4068.1787 1.3321
4069.1147 1.3354
4070.0530 1.3298
4070.9893 1.3140
4071.9280 1.3048
4072.8647 1.3131
4073.8018 1.3268
4074.7412 1.3324
4075.6787 1.3252
4076.6184 1.3089
4077.5562 1.2933
4078.4966 1.2944
4079.4348 1.3120
4080.3733 1.3292
4081.3142 1.3358
4082.2532 1.3331
4083.1943 1.3261
4084.1338 1.3184
4085.0757 1.3122
4086.0154 1.3104
4086.9553 1.3123
4087.8977 1.3142
4088.8381 1.3129
4089.7810 1.3077
4090.7219 1.3002
4091.6653 1.2936
4092.6064 1.2886
4093.5481 1.2827
4094.4919 1.2729
4095.4338 1.2579
4096.3784 1.2378
4097.3208 1.2115
4098.2656 1.1738
4099.2085 1.1149
4100.1514 1.0268
4101.0967 0.9289
4102.0400 0.8853
4102.9863 0.9306
4103.9302 1.0302
4104.8765 1.1177
4105.8208 1.1734
4106.7676 1.2043
4107.7124 1.2232
4108.6572 1.2368
4109.6045 1.2485
4110.5503 1.2602
4111.4980 1.2710
4112.4438 1.2784
4113.3921 1.2824
4114.3384 1.2862
4115.2852 1.2922
4116.2339 1.2986
4117.1807 1.2993
4118.1304 1.2929
4119.0776 1.2898
4120.0273 1.2927
4120.9751 1.2962
4121.9233 1.2966
4122.8740 1.3010
4123.8223 1.3082
4124.7734 1.3118
4125.7222 1.3089
4126.6733 1.3030
4127.6230 1.2995
4128.5723 1.3004
4129.5244 1.3024
4130.4746 1.2984
4131.4268 1.2860
4132.3774 1.2746
4133.3301 1.2751
4134.2812 1.2831
4135.2324 1.2905
4136.1855 1.2949
4137.1372 1.2974
4138.0913 1.3002
4139.0435 1.3041
4139.9976 1.3067
4140.9502 1.3050
4141.9028 1.2934
4142.8579 1.2716
4143.8110 1.2549
4144.7666 1.2607
4145.7202 1.2801
4146.6758 1.2923
4147.6299 1.2938
4148.5840 1.2934
4149.5405 1.2958
4150.4951 1.2992
4151.4526 1.3004
4152.4072 1.2964
4153.3647 1.2864
4154.3203 1.2783
4155.2764 1.2776
4156.2344 1.2818
4157.1904 1.2834
4158.1489 1.2860
4159.1055 1.2931
4160.0649 1.2992
4161.0220 1.3009
4161.9790 1.3001
4162.9390 1.3002
4163.8965 1.3004
4164.8564 1.3007
4165.8149 1.2969
4166.7754 1.2891
4167.7339 1.2839
4168.6929 1.2878
4169.6538 1.2937
4170.6133 1.2931
4171.5752 1.2863
4172.5347 1.2782
4173.4971 1.2737
4174.4570 1.2737
4175.4175 1.2758
4176.3799 1.2786
4177.3408 1.2809
4178.3042 1.2838
4179.2651 1.2884
4180.2290 1.2905
4181.1909 1.2855
4182.1548 1.2800
4183.1172 1.2798
4184.0796 1.2820
4185.0444 1.2794
4186.0068 1.2713
4186.9722 1.2601
4187.9355 1.2568
4188.9014 1.2659
4189.8647 1.2775
4190.8286 1.2789
4191.7949 1.2758
4192.7593 1.2786
4193.7261 1.2832
4194.6909 1.2830
4195.6582 1.2791
4196.6235 1.2739
4197.5889 1.2610
4198.5571 1.2454
4199.5229 1.2444
4200.4912 1.2510
4201.4575 1.2538
4202.4263 1.2526
4203.3931 1.2584
4204.3599 1.2660
4205.3296 1.2699
4206.2969 1.2709
4207.2671 1.2723
4208.2349 1.2745
4209.2051 1.2726
4210.1738 1.2666
4211.1421 1.2650
4212.1133 1.2678
4213.0820 1.2681
4214.0537 1.2592
4215.0229 1.2432
4215.9951 1.2318
4216.9648 1.2352
4217.9351 1.2443
4218.9077 1.2513
4219.8784 1.2563
4220.8516 1.2598
4221.8223 1.2575
4222.7959 1.2510
4223.7676 1.2439
4224.7393 1.2294
4225.7134 1.1994
4226.6855 1.1702
4227.6602 1.1779
4228.6328 1.2173
4229.6079 1.2495
4230.5806 1.2576
4231.5542 1.2524
4232.5298 1.2419
4233.5034 1.2346
4234.4800 1.2350
4235.4541 1.2342
4236.4307 1.2318
4237.4053 1.2356
4238.3799 1.2430
4239.3574 1.2483
4240.3325 1.2527
4241.3105 1.2538
4242.2861 1.2507
4243.2642 1.2465
4244.2407 1.2443
4245.2168 1.2390
4246.1958 1.2274
4247.1729 1.2179
4248.1519 1.2137
4249.1294 1.2089
4250.1094 1.2001
4251.0869 1.2018
4252.0649 1.2179
4253.0454 1.2268
4254.0239 1.2213
4255.0049 1.2162
4255.9834 1.2230
4256.9648 1.2331
4257.9443 1.2353
4258.9263 1.2266
4259.9058 1.2135
4260.8857 1.2072
4261.8687 1.2144
4262.8491 1.2275
4263.8320 1.2376
4264.8130 1.2422
4265.7964 1.2409
4266.7778 1.2347
4267.7593 1.2287
4268.7432 1.2261
4269.7256 1.2170
4270.7100 1.1959
4271.6924 1.1782
4272.6772 1.1821
4273.6606 1.1935
4274.6436 1.1983
4275.6294 1.2070
4276.6128 1.2199
4277.5991 1.2296
4278.5830 1.2297
4279.5698 1.2236
4280.5542 1.2166
4281.5391 1.2099
4282.5264 1.2057
4283.5117 1.2067
4284.4990 1.2120
4285.4849 1.2124
4286.4731 1.2093
4287.4590 1.2052
4288.4453 1.1926
4289.4346 1.1753
4290.4214 1.1685
4291.4106 1.1779
4292.3979 1.1894
4293.3877 1.1902
4294.3755 1.1892
4295.3633 1.1928
4296.3535 1.1949
4297.3423 1.1842
4298.3330 1.1616
4299.3218 1.1379
4300.3135 1.1276
4301.3027 1.1300
4302.2920 1.1342
4303.2842 1.1415
4304.2744 1.1523
4305.2666 1.1572
4306.2573 1.1482
4307.2500 1.1298
4308.2412 1.1177
4309.2319 1.1251
4310.2261 1.1404
4311.2173 1.1510
4312.2114 1.1581
4313.2036 1.1649
4314.1982 1.1730
4315.1904 1.1863
4316.1836 1.2067
4317.1787 1.2213
4318.1719 1.2241
4319.1675 1.2204
4320.1611 1.2186
4321.1572 1.2159
4322.1514 1.2094
4323.1460 1.1954
4324.1426 1.1764
4325.1377 1.1616
4326.1348 1.1624
4327.1299 1.1802
4328.1279 1.1980
4329.1235 1.2040
4330.1196 1.2017
4331.1182 1.1968
4332.1143 1.1905
4333.1133 1.1822
4334.1104 1.1706
4335.1099 1.1534
4336.1069 1.1252
4337.1069 1.0820
4338.1045 1.0213
4339.1025 0.9421
4340.1030 0.8672
4341.1016 0.8623
4342.1025 0.9303
4343.1016 1.0203
4344.1030 1.0797
4345.1025 1.1171
4346.1021 1.1435
4347.1040 1.1627
4348.1040 1.1764
4349.1069 1.1836
4350.1074 1.1811
4351.1104 1.1680
4352.1113 1.1585
4353.1128 1.1681
4354.1167 1.1862
4355.1182 1.1993
4356.1226 1.2046
4357.1245 1.2079
4358.1294 1.2098
4359.1318 1.2108
4360.1348 1.2128
4361.1401 1.2152
4362.1436 1.2157
4363.1494 1.2158
4364.1528 1.2184
4365.1592 1.2213
4366.1636 1.2203
4367.1680 1.2161
4368.1753 1.2137
4369.1802 1.2141
4370.1875 1.2147
4371.1929 1.2166
4372.2007 1.2192
4373.2065 1.2179
4374.2129 1.2092
4375.2212 1.1999
4376.2280 1.1987
4377.2368 1.2066
4378.2441 1.2164
4379.2534 1.2230
4380.2612 1.2252
4381.2686 1.2200
4382.2793 1.2014
4383.2871 1.1785
4384.2979 1.1755
4385.3066 1.1933
4386.3179 1.2106
4387.3267 1.2182
4388.3359 1.2213
4389.3481 1.2239
4390.3579 1.2244
4391.3701 1.2227
4392.3804 1.2201
4393.3936 1.2147
4394.4043 1.2061
4395.4150 1.2047
4396.4287 1.2126
4397.4399 1.2210
4398.4541 1.2201
4399.4658 1.2141
4400.4805 1.2106
4401.4927 1.2138
4402.5054 1.2145
4403.5205 1.2038
4404.5337 1.1867
4405.5493 1.1865
4406.5625 1.2038
4407.5786 1.2155
4408.5928 1.2197
4409.6069 1.2225
4410.6240 1.2262
4411.6387 1.2279
4412.6558 1.2266
4413.6709 1.2162
4414.6885 1.2016
4415.7041 1.1941
4416.7227 1.1995
4417.7388 1.2075
4418.7549 1.2158
4419.7739 1.2232
4420.7905 1.2251
4421.8101 1.2215
4422.8271 1.2180
4423.8472 1.2169
4424.8647 1.2141
4425.8828 1.2078
4426.9033 1.2031
4427.9219 1.2033
4428.9429 1.2068
4429.9619 1.2090
4430.9834 1.2118
4432.0024 1.2146
4433.0220 1.2125
4434.0444 1.2039
4435.0645 1.1946
4436.0874 1.1950
4437.1079 1.2044
4438.1309 1.2127
4439.1519 1.2169
4440.1733 1.2162
4441.1968 1.2093
4442.2188 1.1974
4443.2432 1.1874
4444.2651 1.1894
4445.2900 1.1987
4446.3125 1.2047
4447.3354 1.2028
4448.3613 1.2015
4449.3843 1.2021
4450.4106 1.2020
4451.4341 1.2037
4452.4609 1.2045
4453.4849 1.1973
4454.5098 1.1838
4455.5366 1.1772
4456.5615 1.1799
4457.5894 1.1834
4458.6147 1.1855
4459.6431 1.1899
4460.6689 1.1931
4461.6953 1.1933
4462.7241 1.1953
4463.7505 1.1994
4464.7798 1.2017
4465.8071 1.1985
4466.8369 1.1917
4467.8643 1.1857
4468.8921 1.1852
4469.9229 1.1908
4470.9512 1.1993
4471.9819 1.2064
4473.0107 1.2102
4474.0425 1.2094
4475.0718 1.2032
4476.1011 1.1981
4477.1333 1.1990
4478.1631 1.2032
4479.1958 1.2031
4480.2266 1.1976
4481.2593 1.1869
4482.2905 1.1807
4483.3213 1.1855
4484.3555 1.1968
4485.3872 1.2032
4486.4214 1.2038
4487.4536 1.2021
4488.4883 1.1978
4489.5210 1.1918
4490.5537 1.1891
4491.5889 1.1935
4492.6226 1.1976
4493.6582 1.1947
4494.6919 1.1915
4495.7285 1.1937
4496.7627 1.1992
4497.7998 1.2017
4498.8345 1.2001
4499.8696 1.1933
4500.9072 1.1861
4501.9424 1.1852
4502.9805 1.1923
4504.0166 1.1990
4505.0552 1.2014
4506.0913 1.2001
4507.1279 1.1964
4508.1675 1.1938
4509.2046 1.1959
4510.2446 1.1995
4511.2822 1.1996
4512.3223 1.1975
4513.3604 1.1952
4514.3984 1.1928
4515.4395 1.1905
4516.4785 1.1898
4517.5200 1.1884
4518.5591 1.1861
4519.6011 1.1849
4520.6406 1.1850
4521.6807 1.1847
4522.7236 1.1829
4523.7642 1.1814
4524.8071 1.1801
4525.8481 1.1784
4526.8916 1.1742
4527.9331 1.1668
4528.9746 1.1620
4530.0190 1.1640
4531.0610 1.1668
4532.1060 1.1652
4533.1489 1.1590
4534.1938 1.1537
4535.2373 1.1556
4536.2803 1.1619
4537.3267 1.1675
4538.3701 1.1719
4539.4170 1.1736
4540.4609 1.1711
4541.5083 1.1682
4542.5527 1.1699
4543.5981 1.1714
4544.6455 1.1702
4545.6909 1.1684
4546.7393 1.1678
4547.7852 1.1628
4548.8340 1.1509
4549.8804 1.1450
4550.9272 1.1509
4551.9766 1.1593
4553.0239 1.1573
4554.0737 1.1518
4555.1216 1.1517
4556.1719 1.1566
4557.2197 1.1616
4558.2686 1.1635
4559.3193 1.1621
4560.3682 1.1586
4561.4199 1.1556
4562.4692 1.1531
4563.5215 1.1523
4564.5713 1.1554
4565.6211 1.1618
4566.6743 1.1640
4567.7246 1.1606
4568.7778 1.1580
4569.8291 1.1557
4570.8828 1.1514
4571.9341 1.1471
4572.9888 1.1518
4574.0405 1.1602
4575.0928 1.1635
4576.1479 1.1627
4577.2007 1.1616
4578.2559 1.1621
4579.3091 1.1624
4580.3652 1.1597
4581.4189 1.1546
4582.4731 1.1506
4583.5298 1.1498
4584.5840 1.1516
4585.6411 1.1540
4586.6963 1.1553
4587.7539 1.1575
4588.8091 1.1587
4589.8647 1.1578
4590.9233 1.1567
4591.9795 1.1573
4593.0386 1.1588
4594.0952 1.1606
4595.1543 1.1610
4596.2114 1.1595
4597.2690 1.1577
4598.3291 1.1576
4599.3867 1.1581
4600.4473 1.1566
4601.5059 1.1528
4602.5669 1.1482
4603.6255 1.1457
4604.6846 1.1471
4605.7466 1.1505
4606.8062 1.1533
4607.8687 1.1553
4608.9287 1.1569
4609.9912 1.1577
4611.0518 1.1555
4612.1128 1.1519
4613.1763 1.1525
4614.2373 1.1565
4615.3013 1.1594
4616.3633 1.1585
4617.4277 1.1571
4618.4897 1.1571
4619.5522 1.1577
4620.6177 1.1583
4621.6807 1.1592
4622.7466 1.1599
4623.8096 1.1584
4624.8760 1.1553
4625.9399 1.1540
4627.0044 1.1543
4628.0713 1.1540
4629.1357 1.1525
4630.2031 1.1527
4631.2686 1.1551
4632.3364 1.1560
4633.4023 1.1550
4634.4678 1.1536
4635.5366 1.1533
4636.6030 1.1545
4637.6724 1.1566
4638.7393 1.1574
4639.8091 1.1571
4640.8765 1.1568
4641.9438 1.1572
4643.0142 1.1577
4644.0825 1.1568
4645.1533 1.1539
4646.2222 1.1505
4647.2935 1.1489
4648.3623 1.1508
4649.4316 1.1545
4650.5039 1.1546
4651.5737 1.1518
4652.6465 1.1511
4653.7168 1.1538
4654.7900 1.1569
4655.8608 1.1590
4656.9346 1.1592
4658.0059 1.1595
4659.0771 1.1608
4660.1519 1.1619
4661.2236 1.1616
4662.2983 1.1607
4663.3711 1.1599
4664.4463 1.1593
4665.5195 1.1575
4666.5928 1.1545
4667.6689 1.1521
4668.7427 1.1517
4669.8193 1.1513
4670.8936 1.1517
4671.9707 1.1526
4673.0454 1.1538
4674.1206 1.1551
4675.1982 1.1568
4676.2739 1.1579
4677.3521 1.1578
4678.4282 1.1560
4679.5073 1.1539
4680.5835 1.1528
4681.6602 1.1504
4682.7397 1.1470
4683.8174 1.1456
4684.8975 1.1466
4685.9751 1.1484
4687.0557 1.1493
4688.1338 1.1499
4689.2124 1.1507
4690.2935 1.1500
4691.3726 1.1487
4692.4546 1.1483
4693.5342 1.1491
4694.6162 1.1487
4695.6963 1.1461
4696.7764 1.1410
4697.8594 1.1388
4698.9404 1.1418
4700.0239 1.1454
4701.1050 1.1428
4702.1890 1.1352
4703.2710 1.1316
4704.3530 1.1354
4705.4375 1.1413
4706.5200 1.1413
4707.6055 1.1389
4708.6885 1.1393
4709.7744 1.1426
4710.8579 1.1453
4711.9414 1.1448
4713.0283 1.1416
4714.1123 1.1378
4715.1992 1.1377
4716.2842 1.1411
4717.3716 1.1437
4718.4570 1.1439
4719.5425 1.1436
4720.6309 1.1431
4721.7168 1.1418
4722.8057 1.1413
4723.8921 1.1416
4724.9814 1.1415
4726.0684 1.1398
4727.1553 1.1375
4728.2456 1.1362
4729.3335 1.1365
4730.4238 1.1368
4731.5122 1.1356
4732.6030 1.1333
4733.6919 1.1314
4734.7808 1.1308
4735.8726 1.1293
4736.9624 1.1279
4738.0547 1.1280
4739.1445 1.1279
4740.2373 1.1252
4741.3276 1.1215
4742.4214 1.1215
4743.5122 1.1236
4744.6035 1.1243
4745.6973 1.1227
4746.7891 1.1207
4747.8838 1.1187
4748.9761 1.1161
4750.0713 1.1133
4751.1641 1.1111
4752.2568 1.1108
4753.3525 1.1112
4754.4463 1.1102
4755.5425 1.1064
4756.6367 1.1023
4757.7334 1.1003
4758.8281 1.1010
4759.9229 1.1024
4761.0205 1.1021
4762.1157 1.1001
4763.2139 1.0973
4764.3096 1.0918
4765.4082 1.0837
4766.5044 1.0839
4767.6011 1.0938
4768.7002 1.1017
4769.7974 1.1037
4770.8975 1.1019
4771.9951 1.0991
4773.0952 1.0970
4774.1934 1.0964
4775.2915 1.0943
4776.3926 1.0923
4777.4917 1.0928
4778.5933 1.0950
4779.6924 1.0957
4780.7949 1.0965
4781.8945 1.0964
4782.9946 1.0950
4784.0977 1.0936
4785.1982 1.0939
4786.3018 1.0942
4787.4028 1.0940
4788.5068 1.0924
4789.6084 1.0902
4790.7100 1.0890
4791.8149 1.0890
4792.9170 1.0877
4794.0225 1.0860
4795.1255 1.0853
4796.2310 1.0866
4797.3345 1.0893
4798.4380 1.0912
4799.5444 1.0913
4800.6489 1.0900
4801.7559 1.0875
4802.8604 1.0849
4803.9678 1.0827
4805.0732 1.0812
4806.1782 1.0807
4807.2866 1.0812
4808.3926 1.0814
4809.5015 1.0815
4810.6079 1.0822
4811.7173 1.0834
4812.8242 1.0834
4813.9312 1.0828
4815.0415 1.0837
4816.1489 1.0848
4817.2598 1.0843
4818.3677 1.0824
4819.4790 1.0810
4820.5879 1.0789
4821.6968 1.0770
4822.8086 1.0762
4823.9180 1.0768
4825.0303 1.0779
4826.1401 1.0789
4827.2534 1.0784
4828.3638 1.0771
4829.4771 1.0755
4830.5884 1.0737
4831.6992 1.0723
4832.8135 1.0717
4833.9253 1.0726
4835.0400 1.0732
4836.1523 1.0726
4837.2676 1.0718
4838.3804 1.0717
4839.4937 1.0706
4840.6094 1.0675
4841.7231 1.0662
4842.8394 1.0662
4843.9536 1.0651
4845.0708 1.0624
4846.1851 1.0607
4847.3003 1.0592
4848.4180 1.0578
4849.5332 1.0556
4850.6514 1.0519
4851.7676 1.0466
4852.8862 1.0407
4854.0024 1.0318
4855.1191 1.0200
4856.2388 1.0063
4857.3560 0.9868
4858.4761 0.9504
4859.5938 0.8864
4860.7144 0.8080
4861.8325 0.7909
4862.9512 0.8472
4864.0723 0.9272
4865.1914 0.9747
4866.3135 1.0019
4867.4326 1.0180
4868.5552 1.0288
4869.6753 1.0325
4870.7954 1.0298
4871.9189 1.0295
4873.0396 1.0388
4874.1631 1.0495
4875.2847 1.0547
4876.4087 1.0542
4877.5308 1.0517
4878.6528 1.0521
4879.7778 1.0578
4880.9004 1.0619
4882.0259 1.0633
4883.1489 1.0643
4884.2749 1.0660
4885.3984 1.0669
4886.5225 1.0671
4887.6494 1.0653
4888.7734 1.0615
4889.9009 1.0540
4891.0259 1.0470
4892.1538 1.0494
4893.2793 1.0592
4894.4048 1.0659
4895.5337 1.0701
4896.6597 1.0724
4897.7891 1.0728
4898.9155 1.0722
4900.0454 1.0714
4901.1724 1.0705
4902.2998 1.0689
4903.4307 1.0675
4904.5586 1.0670
4905.6895 1.0671
4906.8179 1.0667
4907.9497 1.0675
4909.0786 1.0698
4910.2080 1.0717
4911.3403 1.0723
4912.4702 1.0726
4913.6030 1.0746
4914.7334 1.0768
4915.8667 1.0773
4916.9976 1.0746
4918.1313 1.0672
4919.2627 1.0560
4920.3945 1.0496
4921.5288 1.0549
4922.6611 1.0606
4923.7964 1.0623
4924.9292 1.0645
4926.0649 1.0713
4927.1978 1.0743
4928.3315 1.0753
4929.4678 1.0766
4930.6021 1.0777
4931.7388 1.0762
4932.8735 1.0705
4934.0107 1.0644
4935.1460 1.0657
4936.2812 1.0698
4937.4194 1.0701
4938.5557 1.0673
4939.6943 1.0683
4940.8306 1.0725
4941.9702 1.0769
4943.1069 1.0794
4944.2441 1.0796
4945.3843 1.0786
4946.5220 1.0786
4947.6626 1.0798
4948.8008 1.0818
4949.9419 1.0832
4951.0806 1.0828
4952.2197 1.0817
4953.3618 1.0813
4954.5010 1.0791
4955.6436 1.0710
4956.7837 1.0545
4957.9268 1.0489
4959.0674 1.0616
4960.2080 1.0763
4961.3521 1.0807
4962.4932 1.0809
4963.6377 1.0807
4964.7793 1.0792
4965.9243 1.0771
4967.0669 1.0779
4968.2095 1.0818
4969.3550 1.0838
4970.4980 1.0824
4971.6445 1.0809
4972.7881 1.0816
4973.9351 1.0836
4975.0791 1.0844
4976.2236 1.0831
4977.3711 1.0818
4978.5161 1.0816
4979.6641 1.0811
4980.8096 1.0781
4981.9585 1.0731
4983.1045 1.0701
4984.2510 1.0702
4985.4004 1.0731
4986.5469 1.0772
4987.6968 1.0800
4988.8442 1.0797
4989.9946 1.0766
4991.1426 1.0746
4992.2910 1.0753
4993.4419 1.0771
4994.5908 1.0779
4995.7427 1.0797
4996.8921 1.0809
4998.0439 1.0799
4999.1938 1.0783
5000.3438 1.0776
5001.4971 1.0773
5002.6475 1.0779
5003.8013 1.0789
5004.9521 1.0735
5006.1064 1.0664
5007.2583 1.0661
5008.4126 1.0737
5009.5649 1.0783
5010.7173 1.0765
5011.8730 1.0710
5013.0259 1.0682
5014.1816 1.0700
5015.3354 1.0728
5016.4917 1.0745
5017.6460 1.0695
5018.8003 1.0658
5019.9575 1.0693
5021.1123 1.0757
5022.2700 1.0767
5023.4258 1.0764
5024.5840 1.0766
5025.7397 1.0769
5026.8960 1.0766
5028.0552 1.0758
5029.2119 1.0740
5030.3716 1.0693
5031.5288 1.0665
5032.6890 1.0711
5033.8472 1.0746
5035.0049 1.0715
5036.1660 1.0674
5037.3247 1.0669
5038.4863 1.0676
5039.6455 1.0656
5040.8076 1.0616
5041.9668 1.0601
5043.1270 1.0640
5044.2900 1.0684
5045.4502 1.0705
5046.6138 1.0723
5047.7749 1.0722
5048.9390 1.0693
5050.1001 1.0654
5051.2622 1.0643
5052.4268 1.0676
5053.5894 1.0719
5054.7544 1.0743
5055.9175 1.0746
5057.0830 1.0743
5058.2466 1.0735
5059.4102 1.0728
5060.5771 1.0725
5061.7412 1.0730
5062.9082 1.0738
5064.0732 1.0736
5065.2407 1.0727
5066.4062 1.0727
5067.5718 1.0705
5068.7402 1.0682
5069.9062 1.0683
5071.0752 1.0693
5072.2417 1.0675
5073.4116 1.0652
5074.5786 1.0635
5075.7461 1.0638
5076.9165 1.0646
5078.0845 1.0623
5079.2554 1.0582
5080.4238 1.0572
5081.5957 1.0592
5082.7646 1.0617
5083.9336 1.0641
5085.1060 1.0663
5086.2759 1.0666
5087.4487 1.0656
5088.6191 1.0650
5089.7925 1.0652
5090.9634 1.0655
5092.1348 1.0655
5093.3091 1.0646
5094.4805 1.0637
5095.6553 1.0629
5096.8276 1.0610
5098.0029 1.0585
5099.1758 1.0578
5100.3516 1.0597
5101.5249 1.0622
5102.6987 1.0631
5103.8750 1.0632
5105.0493 1.0620
5106.2266 1.0573
5107.4014 1.0507
5108.5791 1.0502
5109.7544 1.0522
5110.9297 1.0550
5112.1084 1.0581
5113.2842 1.0598
5114.4634 1.0586
5115.6401 1.0575
5116.8198 1.0580
5117.9966 1.0589
5119.1743 1.0586
5120.3545 1.0570
5121.5327 1.0558
5122.7134 1.0540
5123.8921 1.0522
5125.0737 1.0514
5126.2524 1.0511
5127.4321 1.0501
5128.6143 1.0510
5129.7939 1.0526
5130.9771 1.0526
5132.1572 1.0508
5133.3408 1.0493
5134.5220 1.0496
5135.7031 1.0498
5136.8872 1.0472
5138.0688 1.0415
5139.2539 1.0369
5140.4360 1.0375
5141.6216 1.0418
5142.8042 1.0429
5143.9873 1.0438
5145.1738 1.0451
5146.3574 1.0467
5147.5439 1.0477
5148.7280 1.0470
5149.9155 1.0460
5151.1001 1.0454
5152.2852 1.0447
5153.4731 1.0439
5154.6587 1.0430
5155.8477 1.0417
5157.0337 1.0408
5158.2227 1.0420
5159.4097 1.0445
5160.5962 1.0453
5161.7861 1.0437
5162.9736 1.0421
5164.1646 1.0405
5165.3525 1.0305
5166.5435 1.0033
5167.7319 0.9860
5168.9209 0.9961
5170.1128 1.0128
5171.3022 1.0037
5172.4946 0.9828
5173.6846 0.9937
5174.8779 1.0213
5176.0684 1.0376
5177.2588 1.0396
5178.4526 1.0379
5179.6440 1.0358
5180.8384 1.0332
5182.0303 1.0134
5183.2251 0.9837
5184.4175 0.9809
5185.6104 1.0099
5186.8062 1.0286
5187.9995 1.0292
5189.1958 1.0248
5190.3896 1.0229
5191.5864 1.0190
5192.7808 1.0169
5193.9780 1.0200
5195.1729 1.0235
5196.3682 1.0256
5197.5664 1.0269
5198.7622 1.0273
5199.9609 1.0280
5201.1572 1.0271
5202.3564 1.0240
5203.5532 1.0198
5204.7505 1.0164
5205.9507 1.0153
5207.1484 1.0157
5208.3491 1.0141
5209.5474 1.0174
5210.7485 1.0232
5211.9473 1.0261
5213.1460 1.0250
5214.3481 1.0234
5215.5479 1.0209
5216.7505 1.0202
5217.9507 1.0219
5219.1538 1.0241
5220.3545 1.0241
5221.5557 1.0222
5222.7598 1.0212
5223.9609 1.0209
5225.1655 1.0141
5226.3677 1.0012
5227.5728 0.9961
5228.7754 1.0071
5229.9785 1.0170
5231.1846 1.0170
5232.3877 1.0117
5233.5942 1.0095
5234.7983 1.0139
5236.0054 1.0180
5237.2100 1.0186
5238.4150 1.0191
5239.6230 1.0196
5240.8281 1.0184
5242.0366 1.0161
5243.2427 1.0164
5244.4517 1.0189
5245.6582 1.0198
5246.8652 1.0177
5248.0747 1.0147
5249.2822 1.0134
5250.4927 1.0132
5251.7007 1.0142
5252.9116 1.0136
5254.1201 1.0122
5255.3286 1.0125
5256.5405 1.0151
5257.7500 1.0138
5258.9624 1.0112
5260.1724 1.0101
5261.3853 1.0082
5262.5957 1.0057
5263.8062 1.0053
5265.0200 1.0028
5266.2310 0.9988
5267.4458 0.9963
5268.6572 0.9865
5269.8721 0.9745
5271.0845 0.9809
5272.2974 0.9980
5273.5132 1.0071
5274.7261 1.0087
5275.9424 1.0078
5277.1562 1.0072
5278.3730 1.0072
5279.5874 1.0060
5280.8047 1.0042
5282.0195 1.0018
5283.2349 1.0004
5284.4531 1.0017
5285.6689 1.0053
5286.8877 1.0076
5288.1040 1.0077
5289.3232 1.0074
5290.5400 1.0070
5291.7573 1.0068
5292.9775 1.0080
5294.1953 1.0089
5295.4160 1.0078
5296.6343 1.0045
5297.8555 1.0014
5299.0742 1.0005
5300.2935 1.0011
5301.5156 1.0012
5302.7354 1.0012
5303.9580 1.0031
5305.1782 1.0049
5306.4014 1.0045
5307.6221 1.0032
5308.8433 1.0030
5310.0674 1.0029
5311.2891 1.0037
5312.5137 1.0045
5313.7358 1.0037
5314.9614 1.0008
5316.1841 0.9965
5317.4072 0.9953
5318.6333 0.9994
5319.8569 1.0023
5321.0835 1.0005
5322.3076 0.9971
5323.5347 0.9929
5324.7598 0.9905
5325.9844 0.9902
5327.2129 0.9834
5328.4380 0.9760
5329.6670 0.9856
5330.8931 0.9967
5332.1221 0.9978
5333.3491 0.9987
5334.5757 1.0008
5335.8062 1.0010
5337.0337 0.9996
5338.2642 0.9981
5339.4922 0.9937
5340.7236 0.9905
5341.9521 0.9916
5343.1812 0.9946
5344.4131 0.9950
5345.6426 0.9962
5346.8755 0.9969
5348.1055 0.9962
5349.3389 0.9957
5350.5693 0.9967
5351.8003 0.9976
5353.0342 0.9973
5354.2656 0.9962
5355.5005 0.9948
5356.7324 0.9951
5357.9678 0.9967
5359.2002 0.9962
5360.4331 0.9938
5361.6694 0.9926
5362.9028 0.9927
5364.1392 0.9922
5365.3735 0.9908
5366.6108 0.9900
5367.8452 0.9892
5369.0801 0.9883
5370.3184 0.9822
5371.5537 0.9782
5372.7925 0.9826
5374.0283 0.9909
5375.2676 0.9945
5376.5039 0.9931
5377.7441 0.9918
5378.9810 0.9931
5380.2183 0.9949
5381.4590 0.9932
5382.6973 0.9898
5383.9385 0.9885
5385.1768 0.9899
5386.4189 0.9913
5387.6577 0.9911
5388.8975 0.9903
5390.1401 0.9884
5391.3799 0.9872
5392.6230 0.9876
5393.8638 0.9888
5395.1074 0.9872
5396.3486 0.9802
5397.5903 0.9761
5398.8350 0.9814
5400.0767 0.9861
5401.3223 0.9873
5402.5645 0.9852
5403.8105 0.9791
5405.0537 0.9725
5406.2969 0.9725
5407.5439 0.9782
5408.7876 0.9839
5410.0352 0.9867
5411.2798 0.9879
5412.5273 0.9876
5413.7725 0.9846
5415.0181 0.9817
5416.2666 0.9829
5417.5127 0.9868
5418.7617 0.9876
5420.0083 0.9864
5421.2583 0.9864
5422.5054 0.9850
5423.7529 0.9821
5425.0034 0.9809
5426.2515 0.9833
5427.5029 0.9833
5428.7515 0.9758
5430.0034 0.9715
5431.2524 0.9761
5432.5020 0.9820
5433.7549 0.9777
5435.0049 0.9751
5436.2578 0.9791
5437.5088 0.9822
5438.7627 0.9828
5440.0137 0.9826
5441.2651 0.9824
5442.5200 0.9827
5443.7720 0.9813
5445.0273 0.9761
5446.2798 0.9696
5447.5356 0.9679
5448.7891 0.9745
5450.0425 0.9800
5451.2993 0.9821
5452.5532 0.9838
5453.8105 0.9808
5455.0654 0.9726
5456.3232 0.9691
5457.5786 0.9758
5458.8340 0.9808
5460.0928 0.9806
5461.3486 0.9763
5462.6084 0.9714
5463.8647 0.9700
5465.1250 0.9709
5466.3823 0.9713
5467.6396 0.9725
5468.9004 0.9738
5470.1587 0.9748
5471.4199 0.9761
5472.6787 0.9759
5473.9404 0.9741
5475.1997 0.9705
5476.4624 0.9669
5477.7222 0.9669
5478.9824 0.9715
5480.2461 0.9739
5481.5068 0.9746
5482.7705 0.9747
5484.0322 0.9749
5485.2964 0.9747
5486.5586 0.9737
5487.8208 0.9726
5489.0859 0.9735
5490.3491 0.9752
5491.6147 0.9758
5492.8784 0.9747
5494.1450 0.9729
5495.4087 0.9722
5496.6729 0.9697
5497.9404 0.9684
5499.2056 0.9691
5500.4736 0.9696
5501.7388 0.9684
5503.0073 0.9689
5504.2734 0.9690
5505.5396 0.9674
5506.8096 0.9657
5508.0762 0.9659
5509.3462 0.9678
5510.6138 0.9691
5511.8843 0.9692
5513.1523 0.9687
5514.4209 0.9681
5515.6924 0.9678
5516.9614 0.9683
5518.2334 0.9698
5519.5029 0.9702
5520.7759 0.9688
5522.0459 0.9670
5523.3159 0.9660
5524.5898 0.9647
5525.8608 0.9625
5527.1348 0.9570
5528.4062 0.9529
5529.6812 0.9553
5530.9536 0.9617
5532.2256 0.9638
5533.5015 0.9644
5534.7744 0.9642
5536.0508 0.9639
5537.3242 0.9631
5538.6011 0.9625
5539.8755 0.9631
5541.1499 0.9633
5542.4277 0.9623
5543.7026 0.9611
5544.9810 0.9604
5546.2568 0.9601
5547.5356 0.9601
5548.8115 0.9605
5550.0884 0.9607
5551.3682 0.9614
5552.6450 0.9608
5553.9258 0.9591
5555.2031 0.9589
5556.4844 0.9593
5557.7627 0.9591
5559.0410 0.9587
5560.3232 0.9589
5561.6021 0.9593
5562.8848 0.9589
5564.1646 0.9573
5565.4473 0.9565
5566.7280 0.9559
5568.0083 0.9544
5569.2925 0.9523
5570.5737 0.9506
5571.8579 0.9487
5573.1401 0.9486
5574.4253 0.9503
5575.7075 0.9513
5576.9932 0.9512
5578.2764 0.9522
5579.5596 0.9520
5580.8462 0.9501
5582.1299 0.9493
5583.4170 0.9498
5584.7017 0.9491
5585.9893 0.9448
5587.2744 0.9411
5588.5601 0.9396
5589.8486 0.9418
5591.1348 0.9453
5592.4238 0.9467
5593.7104 0.9452
5595.0005 0.9445
5596.2876 0.9454
5597.5747 0.9441
5598.8657 0.9425
5600.1538 0.9427
5601.4448 0.9421
5602.7334 0.9413
5604.0254 0.9434
5605.3149 0.9453
5606.6045 0.9451
5607.8970 0.9439
5609.1870 0.9439
5610.4805 0.9434
5611.7715 0.9427
5613.0654 0.9415
5614.3569 0.9375
5615.6484 0.9330
5616.9434 0.9351
5618.2354 0.9398
5619.5308 0.9414
5620.8237 0.9414
5622.1201 0.9396
5623.4131 0.9367
5624.7070 0.9366
5626.0039 0.9396
5627.2983 0.9411
5628.5957 0.9409
5629.8906 0.9403
5631.1890 0.9397
5632.4844 0.9389
5633.7803 0.9373
5635.0791 0.9363
5636.3755 0.9363
5637.6753 0.9364
5638.9722 0.9365
5640.2725 0.9372
5641.5703 0.9370
5642.8682 0.9367
5644.1694 0.9361
5645.4678 0.9352
5646.7695 0.9346
5648.0684 0.9345
5649.3711 0.9343
5650.6704 0.9337
5651.9707 0.9334
5653.2739 0.9336
5654.5742 0.9334
5655.8784 0.9323
5657.1797 0.9313
5658.4839 0.9299
5659.7856 0.9304
5661.0879 0.9316
5662.3931 0.9319
5663.6958 0.9316
5665.0020 0.9314
5666.3052 0.9314
5667.6118 0.9306
5668.9155 0.9295
5670.2197 0.9293
5671.5273 0.9304
5672.8320 0.9315
5674.1401 0.9314
5675.4453 0.9291
5676.7539 0.9271
5678.0601 0.9270
5679.3696 0.9271
5680.6758 0.9271
5681.9829 0.9262
5683.2930 0.9250
5684.6006 0.9238
5685.9111 0.9230
5687.2192 0.9230
5688.5308 0.9233
5689.8394 0.9221
5691.1484 0.9213
5692.4609 0.9218
5693.7705 0.9228
5695.0835 0.9227
5696.3936 0.9226
5697.7070 0.9240
5699.0176 0.9246
5700.3286 0.9236
5701.6431 0.9214
5702.9551 0.9185
5704.2700 0.9168
5705.5825 0.9184
5706.8979 0.9190
5708.2109 0.9182
5709.5239 0.9179
5710.8408 0.9188
5712.1543 0.9195
5713.4717 0.9190
5714.7861 0.9185
5716.1040 0.9184
5717.4189 0.9180
5718.7339 0.9171
5720.0527 0.9170
5721.3687 0.9170
5722.6880 0.9168
5724.0044 0.9169
5725.3242 0.9172
5726.6416 0.9168
5727.9590 0.9154
5729.2798 0.9130
5730.5977 0.9116
5731.9194 0.9123
5733.2378 0.9141
5734.5601 0.9150
5735.8794 0.9147
5737.1987 0.9139
5738.5215 0.9135
5739.8418 0.9132
5741.1655 0.9131
5742.4863 0.9140
5743.8105 0.9150
5745.1318 0.9145
5746.4536 0.9122
5747.7783 0.9106
5749.1006 0.9112
5750.4268 0.9122
5751.7495 0.9108
5753.0757 0.9099
5754.3994 0.9102
5755.7231 0.9108
5757.0503 0.9111
5758.3745 0.9110
5759.7026 0.9103
5761.0273 0.9099
5762.3560 0.9092
5763.6816 0.9086
5765.0078 0.9087
5766.3369 0.9090
5767.6636 0.9092
5768.9937 0.9094
5770.3208 0.9089
5771.6514 0.9083
5772.9790 0.9082
5774.3071 0.9079
5775.6387 0.9075
5776.9673 0.9079
5778.2993 0.9080
5779.6289 0.9078
5780.9614 0.9074
5782.2915 0.9066
5783.6250 0.9061
5784.9556 0.9055
5786.2861 0.9044
5787.6206 0.9040
5788.9521 0.9045
5790.2871 0.9045
5791.6191 0.9043
5792.9546 0.9049
5794.2871 0.9056
5795.6201 0.9058
5796.9565 0.9058
5798.2900 0.9059
5799.6274 0.9062
5800.9614 0.9058
5802.2993 0.9055
5803.6338 0.9050
5804.9692 0.9042
5806.3076 0.9035
5807.6436 0.9031
5808.9824 0.9038
5810.3188 0.9044
5811.6587 0.9043
5812.9956 0.9034
5814.3330 0.9018
5815.6738 0.9015
5817.0117 0.9028
5818.3530 0.9036
5819.6914 0.9040
5821.0337 0.9043
5822.3726 0.9038
5823.7119 0.9028
5825.0552 0.9022
5826.3950 0.9030
5827.7388 0.9032
5829.0791 0.9017
5830.4233 0.9009
5831.7646 0.9015
5833.1064 0.9011
5834.4517 0.9006
5835.7935 0.9010
5837.1396 0.9015
5838.4824 0.9014
5839.8286 0.9016
5841.1719 0.9013
5842.5156 0.9004
5843.8633 0.8991
5845.2075 0.8984
5846.5552 0.8988
5847.9004 0.8985
5849.2490 0.8977
5850.5942 0.8972
5851.9404 0.8971
5853.2896 0.8969
5854.6362 0.8960
5855.9863 0.8940
5857.3335 0.8917
5858.6841 0.8922
5860.0322 0.8944
5861.3799 0.8956
5862.7319 0.8954
5864.0806 0.8955
5865.4326 0.8956
5866.7822 0.8950
5868.1348 0.8942
5869.4849 0.8936
5870.8350 0.8931
5872.1890 0.8929
5873.5400 0.8923
5874.8940 0.8917
5876.2456 0.8915
5877.6006 0.8916
5878.9531 0.8916
5880.3052 0.8915
5881.6611 0.8908
5883.0146 0.8897
5884.3711 0.8883
5885.7246 0.8870
5887.0820 0.8846
5888.4365 0.8758
5889.7939 0.8642
5891.1489 0.8678
5892.5044 0.8773
5893.8633 0.8764
5895.2192 0.8678
5896.5786 0.8658
5897.9351 0.8752
5899.2949 0.8809
5900.6523 0.8808
5902.0098 0.8799
5903.3706 0.8790
5904.7285 0.8795
5906.0903 0.8815
5907.4487 0.8822
5908.8110 0.8814
5910.1704 0.8804
5911.5303 0.8796
5912.8931 0.8792
5914.2534 0.8796
5915.6172 0.8788
5916.9780 0.8773
5918.3428 0.8766
5919.7041 0.8760
5921.0659 0.8726
5922.4312 0.8723
5923.7939 0.8741
5925.1597 0.8737
5926.5229 0.8717
5927.8896 0.8734
5929.2534 0.8745
5930.6172 0.8737
5931.9849 0.8742
5933.3496 0.8741
5934.7178 0.8725
5936.0830 0.8736
5937.4517 0.8751
5938.8179 0.8744
5940.1841 0.8737
5941.5537 0.8714
5942.9204 0.8659
5944.2910 0.8610
5945.6587 0.8620
5947.0298 0.8631
5948.3975 0.8629
5949.7661 0.8635
5951.1382 0.8648
5952.5073 0.8637
5953.8799 0.8638
5955.2495 0.8636
5956.6226 0.8645
5957.9932 0.8651
5959.3638 0.8639
5960.7378 0.8629
5962.1094 0.8644
5963.4839 0.8661
5964.8560 0.8659
5966.2314 0.8650
5967.6040 0.8640
5968.9766 0.8623
5970.3530 0.8618
5971.7266 0.8627
5973.1035 0.8628
5974.4780 0.8616
5975.8555 0.8597
5977.2305 0.8582
5978.6055 0.8584
5979.9839 0.8593
5981.3599 0.8609
5982.7388 0.8609
5984.1152 0.8590
5985.4951 0.8581
5986.8721 0.8579
5988.2495 0.8565
5989.6304 0.8562
5991.0083 0.8570
5992.3896 0.8573
5993.7681 0.8572
5995.1504 0.8573
5996.5298 0.8580
5997.9126 0.8591
5999.2920 0.8590
6000.6724 0.8571
6002.0562 0.8551
6003.4370 0.8548
6004.8213 0.8552
6006.2026 0.8557
6007.5874 0.8558
6008.9697 0.8553
6010.3521 0.8542
6011.7378 0.8504
6013.1211 0.8474
6014.5078 0.8496
6015.8911 0.8518
6017.2783 0.8503
6018.6626 0.8499
6020.0474 0.8498
6021.4355 0.8489
6022.8208 0.8474
6024.2095 0.8465
6025.5957 0.8472
6026.9849 0.8479
6028.3716 0.8475
6029.7583 0.8478
6031.1489 0.8480
6032.5361 0.8479
6033.9272 0.8475
6035.3154 0.8469
6036.7070 0.8454
6038.0957 0.8451
6039.4849 0.8455
6040.8774 0.8452
6042.2671 0.8439
6043.6606 0.8433
6045.0508 0.8432
6046.4448 0.8439
6047.8359 0.8440
6049.2271 0.8435
6050.6221 0.8430
6052.0142 0.8430
6053.4097 0.8427
6054.8022 0.8421
6056.1982 0.8422
6057.5918 0.8427
6058.9854 0.8429
6060.3823 0.8425
6061.7764 0.8420
6063.1743 0.8413
6064.5693 0.8399
6065.9678 0.8393
6067.3633 0.8402
6068.7588 0.8408
6070.1582 0.8409
6071.5547 0.8402
6072.9551 0.8392
6074.3521 0.8386
6075.7529 0.8385
6077.1504 0.8386
6078.5483 0.8386
6079.9502 0.8391
6081.3491 0.8389
6082.7515 0.8382
6084.1504 0.8380
6085.5537 0.8381
6086.9536 0.8378
6088.3540 0.8368
6089.7578 0.8364
6091.1587 0.8365
6092.5635 0.8367
6093.9648 0.8371
6095.3701 0.8368
6096.7725 0.8359
6098.1782 0.8349
6099.5811 0.8342
6100.9844 0.8335
6102.3911 0.8316
6103.7949 0.8314
6105.2026 0.8342
6106.6069 0.8361
6108.0151 0.8359
6109.4204 0.8346
6110.8257 0.8335
6112.2349 0.8334
6113.6411 0.8339
6115.0508 0.8334
6116.4575 0.8329
6117.8682 0.8336
6119.2754 0.8337
6120.6831 0.8306
6122.0947 0.8270
6123.5029 0.8284
6124.9150 0.8314
6126.3242 0.8315
6127.7368 0.8305
6129.1465 0.8300
6130.5566 0.8299
6131.9702 0.8302
6133.3809 0.8305
6134.7954 0.8295
6136.2065 0.8267
6137.6216 0.8258
6139.0337 0.8276
6140.4458 0.8280
6141.8618 0.8278
6143.2749 0.8290
6144.6914 0.8295
6146.1050 0.8295
6147.5220 0.8293
6148.9365 0.8289
6150.3511 0.8286
6151.7690 0.8283
6153.1846 0.8278
6154.6035 0.8272
6156.0190 0.8271
6157.4390 0.8271
6158.8555 0.8272
6160.2720 0.8253
6161.6929 0.8199
6163.1104 0.8193
6164.5312 0.8237
6165.9497 0.8259
6167.3711 0.8248
6168.7900 0.8231
6170.2095 0.8224
6171.6323 0.8231
6173.0518 0.8238
6174.4756 0.8239
6175.8960 0.8238
6177.3198 0.8239
6178.7412 0.8240
6180.1626 0.8229
6181.5874 0.8228
6183.0098 0.8226
6184.4355 0.8221
6185.8579 0.8218
6187.2847 0.8219
6188.7080 0.8219
6190.1318 0.8204
6191.5591 0.8189
6192.9834 0.8193
6194.4116 0.8207
6195.8364 0.8203
6197.2651 0.8199
6198.6909 0.8201
6200.1172 0.8203
6201.5469 0.8200
6202.9731 0.8193
6204.4038 0.8191
6205.8311 0.8192
6207.2622 0.8193
6208.6899 0.8194
6210.1216 0.8187
6211.5503 0.8176
6212.9795 0.8172
6214.4121 0.8167
6215.8418 0.8165
6217.2749 0.8164
6218.7056 0.8160
6220.1392 0.8156
6221.5703 0.8160
6223.0015 0.8160
6224.4365 0.8159
6225.8687 0.8158
6227.3042 0.8154
6228.7368 0.8139
6230.1729 0.8110
6231.6064 0.8095
6233.0400 0.8108
6234.4771 0.8127
6235.9116 0.8131
6237.3496 0.8119
6238.7842 0.8112
6240.2231 0.8108
6241.6587 0.8107
6243.0942 0.8105
6244.5342 0.8101
6245.9707 0.8098
6247.4111 0.8097
6248.8481 0.8095
6250.2891 0.8092
6251.7271 0.8081
6253.1650 0.8070
6254.6069 0.8070
6256.0459 0.8070
6257.4888 0.8071
6258.9282 0.8073
6260.3716 0.8074
6261.8115 0.8075
6263.2520 0.8077
6264.6963 0.8070
6266.1377 0.8064
6267.5825 0.8059
6269.0244 0.8053
6270.4702 0.8049
6271.9126 0.8049
6273.3555 0.8050
6274.8022 0.8045
6276.2456 0.8041
6277.6929 0.7999
6279.1372 0.7900
6280.5850 0.7807
6282.0298 0.7832
6283.4751 0.7887
6284.9238 0.7927
6286.3696 0.7957
6287.8193 0.7979
6289.2661 0.7986
6290.7163 0.7977
6292.1636 0.7967
6293.6108 0.7961
6295.0620 0.7949
6296.5103 0.7933
6297.9624 0.7924
6299.4111 0.7924
6300.8638 0.7918
6302.3135 0.7932
6303.7632 0.7943
6305.2168 0.7948
6306.6675 0.7953
6308.1216 0.7944
6309.5728 0.7934
6311.0278 0.7949
6312.4795 0.7949
6313.9316 0.7938
6315.3877 0.7933
6316.8403 0.7921
6318.2974 0.7921
6319.7510 0.7933
6321.2080 0.7934
6322.6621 0.7933
6324.1201 0.7940
6325.5752 0.7937
6327.0303 0.7934
6328.4893 0.7938
6329.9453 0.7935
6331.4048 0.7930
6332.8613 0.7929
6334.3218 0.7929
6335.7788 0.7921
6337.2363 0.7916
6338.6978 0.7921
6340.1558 0.7927
6341.6182 0.7927
6343.0767 0.7926
6344.5396 0.7921
6345.9990 0.7916
6347.4590 0.7915
6348.9229 0.7915
6350.3833 0.7916
6351.8477 0.7917
6353.3091 0.7907
6354.7739 0.7882
6356.2358 0.7877
6357.6982 0.7889
6359.1641 0.7894
6360.6270 0.7893
6362.0938 0.7895
6363.5576 0.7894
6365.0249 0.7890
6366.4893 0.7884
6367.9536 0.7879
6369.4224 0.7874
6370.8877 0.7863
6372.3564 0.7859
6373.8228 0.7866
6375.2925 0.7873
6376.7588 0.7873
6378.2261 0.7870
6379.6968 0.7864
6381.1646 0.7857
6382.6357 0.7855
6384.1040 0.7853
6385.5762 0.7848
6387.0454 0.7841
6388.5146 0.7837
6389.9878 0.7841
6391.4580 0.7834
6392.9316 0.7817
6394.4023 0.7814
6395.8770 0.7834
6397.3481 0.7839
6398.8198 0.7816
6400.2954 0.7800
6401.7681 0.7800
6403.2441 0.7804
6404.7173 0.7805
6406.1943 0.7806
6407.6680 0.7797
6409.1421 0.7798
6410.6196 0.7799
6412.0947 0.7793
6413.5732 0.7797
6415.0488 0.7796
6416.5278 0.7788
6418.0039 0.7787
6419.4805 0.7779
6420.9609 0.7762
6422.4380 0.7760
6423.9189 0.7769
6425.3970 0.7769
6426.8784 0.7764
6428.3569 0.7760
6429.8359 0.7754
6431.3184 0.7745
6432.7979 0.7747
6434.2812 0.7747
6435.7617 0.7748
6437.2456 0.7730
6438.7266 0.7693
6440.2114 0.7688
6441.6929 0.7719
6443.1748 0.7732
6444.6606 0.7731
6446.1431 0.7730
6447.6294 0.7725
6449.1128 0.7711
6450.6001 0.7700
6452.0840 0.7705
6453.5684 0.7706
6455.0566 0.7689
6456.5415 0.7668
6458.0303 0.7664
6459.5161 0.7669
6461.0054 0.7651
6462.4917 0.7631
6463.9785 0.7637
6465.4692 0.7659
6466.9565 0.7664
6468.4478 0.7655
6469.9360 0.7643
6471.4277 0.7632
6472.9165 0.7627
6474.4058 0.7632
6475.8984 0.7631
6477.3882 0.7609
6478.8818 0.7573
6480.3726 0.7559
6481.8667 0.7576
6483.3579 0.7600
6484.8496 0.7600
6486.3447 0.7592
6487.8369 0.7600
6489.3330 0.7607
6490.8262 0.7601
6492.3228 0.7577
6493.8164 0.7536
6495.3101 0.7517
6496.8081 0.7532
6498.3027 0.7549
6499.8013 0.7558
6501.2964 0.7565
6502.7954 0.7567
6504.2915 0.7566
6505.7876 0.7561
6507.2881 0.7558
6508.7852 0.7555
6510.2861 0.7551
6511.7837 0.7549
6513.2852 0.7550
6514.7837 0.7537
6516.2822 0.7517
6517.7852 0.7501
6519.2842 0.7497
6520.7876 0.7502
6522.2876 0.7508
6523.7920 0.7508
6525.2925 0.7503
6526.7939 0.7498
6528.2988 0.7496
6529.8008 0.7488
6531.3062 0.7481
6532.8091 0.7476
6534.3154 0.7466
6535.8184 0.7455
6537.3223 0.7451
6538.8296 0.7455
6540.3340 0.7455
6541.8423 0.7450
6543.3472 0.7434
6544.8560 0.7407
6546.3613 0.7381
6547.8677 0.7368
6549.3774 0.7357
6550.8843 0.7332
6552.3945 0.7308
6553.9019 0.7273
6555.4136 0.7217
6556.9214 0.7153
6558.4336 0.7030
6559.9424 0.6830
6561.4512 0.6351
6562.9644 0.6046
6564.4741 0.6335
6565.9878 0.6798
6567.4985 0.7029
6569.0127 0.7146
6570.5239 0.7211
6572.0356 0.7251
6573.5513 0.7279
6575.0635 0.7294
6576.5796 0.7309
6578.0923 0.7328
6579.6094 0.7346
6581.1230 0.7354
6582.6372 0.7353
6584.1548 0.7353
6585.6694 0.7361
6587.1885 0.7364
6588.7036 0.7368
6590.2231 0.7371
6591.7393 0.7368
6593.2554 0.7363
6594.7759 0.7373
6596.2930 0.7378
6597.8140 0.7378
6599.3320 0.7379
6600.8535 0.7381
6602.3721 0.7376
6603.8911 0.7366
6605.4141 0.7362
6606.9336 0.7355
6608.4570 0.7354
6609.9771 0.7361
6611.5015 0.7358
6613.0225 0.7350
6614.5439 0.7350
6616.0693 0.7353
6617.5913 0.7355
6619.1172 0.7356
6620.6396 0.7351
6622.1665 0.7352
6623.6899 0.7350
6625.2139 0.7348
6626.7417 0.7349
6628.2661 0.7351
6629.7944 0.7346
6631.3198 0.7344
6632.8486 0.7350
6634.3745 0.7351
6635.9009 0.7349
6637.4312 0.7349
6638.9580 0.7348
6640.4888 0.7346
6642.0166 0.7344
6643.5483 0.7339
6645.0767 0.7336
6646.6055 0.7337
6648.1382 0.7341
6649.6675 0.7355
6651.2007 0.7360
6652.7310 0.7354
6654.2651 0.7349
6655.7959 0.7352
6657.3271 0.7349
6658.8623 0.7338
6660.3940 0.7340
6661.9297 0.7343
6663.4624 0.7343
6664.9990 0.7347
6666.5322 0.7351
6668.0659 0.7347
6669.6035 0.7344
6671.1377 0.7340
6672.6763 0.7335
6674.2114 0.7334
6675.7505 0.7337
6677.2861 0.7325
6678.8257 0.7321
6680.3623 0.7328
6681.8989 0.7333
6683.4399 0.7330
6684.9775 0.7329
6686.5190 0.7340
6688.0571 0.7341
6689.5996 0.7344
6691.1382 0.7348
6692.6777 0.7347
6694.2212 0.7345
6695.7607 0.7342
6697.3052 0.7324
6698.8457 0.7315
6700.3906 0.7327
6701.9316 0.7344
6703.4736 0.7346
6705.0195 0.7343
6706.5620 0.7318
6708.1084 0.7308
6709.6519 0.7325
6711.1987 0.7349
6712.7427 0.7348
6714.2871 0.7349
6715.8354 0.7341
6717.3804 0.7327
6718.9292 0.7321
6720.4751 0.7323
6722.0249 0.7312
6723.5713 0.7317
6725.1177 0.7311
6726.6685 0.7298
6728.2163 0.7301
6729.7676 0.7320
6731.3159 0.7315
6732.8682 0.7312
6734.4170 0.7309
6735.9663 0.7306
6737.5195 0.7300
6739.0693 0.7294
6740.6235 0.7289
6742.1743 0.7275
6743.7290 0.7259
6745.2803 0.7266
6746.8320 0.7271
6748.3877 0.7254
6749.9404 0.7255
6751.4966 0.7268
6753.0498 0.7270
6754.6069 0.7262
6756.1611 0.7243
6757.7153 0.7224
6759.2734 0.7236
6760.8286 0.7238
6762.3877 0.7242
6763.9434 0.7240
6765.5029 0.7232
6767.0596 0.7226
6768.6162 0.7230
6770.1772 0.7232
6771.7344 0.7226
6773.2959 0.7221
6774.8540 0.7218
6776.4165 0.7215
6777.9756 0.7215
6779.5347 0.7213
6781.0981 0.7209
6782.6582 0.7200
6784.2222 0.7189
6785.7827 0.7184
6787.3477 0.7195
6788.9092 0.7201
6790.4707 0.7199
6792.0366 0.7199
6793.5991 0.7199
6795.1655 0.7195
6796.7290 0.7192
6798.2964 0.7184
6799.8604 0.7180
6801.4282 0.7183
6802.9927 0.7185
6804.5581 0.7180
6806.1270 0.7179
6807.6929 0.7179
6809.2627 0.7170
6810.8291 0.7165
6812.3994 0.7164
6813.9668 0.7161
6815.5342 0.7160
6817.1060 0.7161
6818.6743 0.7157
6820.2466 0.7149
6821.8154 0.7145
6823.3887 0.7149
6824.9585 0.7145
6826.5283 0.7112
6828.1025 0.7063
6829.6733 0.7082
6831.2485 0.7129
6832.8198 0.7133
6834.3955 0.7133
6835.9678 0.7129
6837.5405 0.7126
6839.1172 0.7119
6840.6904 0.7106
6842.2681 0.7092
6843.8418 0.7096
6845.4199 0.7108
6846.9946 0.7113
6848.5698 0.7112
6850.1494 0.7109
6851.7251 0.7106
6853.3052 0.7097
6854.8818 0.7072
6856.4624 0.7062
6858.0396 0.7070
6859.6177 0.7076
6861.1992 0.7072
6862.7778 0.7077
6864.3604 0.7084
6865.9395 0.7084
6867.5225 0.7081
6869.1025 0.7077
6870.6826 0.7072
6872.2671 0.7071
6873.8481 0.7071
6875.4331 0.7069
6877.0146 0.7066
6878.6006 0.7064
6880.1831 0.7058
6881.7656 0.7049
6883.3525 0.7045
6884.9360 0.7045
6886.5239 0.7039
6888.1079 0.7034
6889.6963 0.7041
6891.2812 0.7042
6892.8667 0.7040
6894.4561 0.7036
6896.0425 0.7033
6897.6323 0.7030
6899.2192 0.7028
6900.8105 0.7025
6902.3979 0.7022
6903.9858 0.7015
6905.5776 0.7005
6907.1665 0.7001
6908.7593 0.7004
6910.3486 0.7000
6911.9419 0.6991
6913.5322 0.6985
6915.1226 0.6980
6916.7173 0.6977
6918.3081 0.6977
6919.9038 0.6971
6921.4956 0.6963
6923.0918 0.6965
6924.6846 0.6965
6926.2812 0.6961
6927.8745 0.6959
6929.4683 0.6958
6931.0664 0.6958
6932.6606 0.6958
6934.2593 0.6958
6935.8545 0.6957
6937.4541 0.6953
6939.0498 0.6947
6940.6460 0.6945
6942.2466 0.6947
6943.8438 0.6940
6945.4448 0.6931
6947.0430 0.6933
6948.6445 0.6939
6950.2432 0.6938
6951.8423 0.6934
6953.4453 0.6933
6955.0449 0.6932
6956.6489 0.6928
6958.2490 0.6929
6959.8535 0.6928
6961.4546 0.6911
6963.0562 0.6905
6964.6621 0.6914
6966.2642 0.6919
6967.8706 0.6912
6969.4736 0.6909
6971.0806 0.6911
6972.6841 0.6907
6974.2886 0.6893
6975.8965 0.6881
6977.5015 0.6878
6979.1104 0.6874
6980.7158 0.6871
6982.3257 0.6877
6983.9321 0.6882
6985.5386 0.6875
6987.1494 0.6874
6988.7568 0.6879
6990.3687 0.6882
6991.9766 0.6880
6993.5889 0.6871
6995.1978 0.6864
6996.8071 0.6862
6998.4204 0.6853
7000.0303 0.6842
7001.6445 0.6834
7003.2554 0.6837
7004.8701 0.6849
7006.4819 0.6849
7008.0938 0.6847
7009.7095 0.6845
7011.3223 0.6839
7012.9390 0.6835
7014.5522 0.6836
7016.1699 0.6824
7017.7837 0.6821
7019.3984 0.6822
7021.0171 0.6815
7022.6323 0.6810
7024.2515 0.6817
7025.8677 0.6817
7027.4878 0.6804
7029.1045 0.6797
7030.7212 0.6800
7032.3428 0.6805
7033.9604 0.6802
7035.5825 0.6790
7037.2007 0.6783
7038.8237 0.6785
7040.4429 0.6783
7042.0664 0.6778
7043.6865 0.6779
7045.3066 0.6786
7046.9316 0.6786
7048.5527 0.6772
7050.1782 0.6763
7051.7998 0.6763
7053.4263 0.6766
7055.0488 0.6766
7056.6719 0.6767
7058.2988 0.6767
7059.9229 0.6771
7061.5508 0.6766
7063.1753 0.6742
7064.8037 0.6725
7066.4292 0.6719
7068.0547 0.6708
7069.6846 0.6704
7071.3110 0.6716
7072.9419 0.6735
7074.5688 0.6737
7076.2002 0.6729
7077.8281 0.6725
7079.4561 0.6717
7081.0889 0.6696
7082.7178 0.6678
7084.3511 0.6699
7085.9810 0.6719
7087.6147 0.6719
7089.2451 0.6715
7090.8760 0.6706
7092.5112 0.6690
7094.1431 0.6691
7095.7788 0.6699
7097.4111 0.6701
7099.0479 0.6695
7100.6812 0.6690
7102.3145 0.6688
7103.9521 0.6683
7105.5864 0.6680
7107.2251 0.6678
7108.8599 0.6667
7110.4995 0.6646
7112.1353 0.6622
7113.7715 0.6609
7115.4116 0.6610
7117.0483 0.6621
7118.6899 0.6634
7120.3271 0.6636
7121.9692 0.6631
7123.6079 0.6646
7125.2466 0.6666
7126.8896 0.6668
7128.5293 0.6661
7130.1729 0.6646
7131.8130 0.6632
7133.4580 0.6639
7135.0986 0.6645
7136.7402 0.6646
7138.3857 0.6645
7140.0283 0.6644
7141.6748 0.6637
7143.3174 0.6628
7144.9648 0.6637
7146.6084 0.6607
7148.2524 0.6578
7149.9009 0.6592
7151.5459 0.6629
7153.1948 0.6630
7154.8403 0.6621
7156.4902 0.6609
7158.1367 0.6612
7159.7832 0.6619
7161.4346 0.6608
7163.0820 0.6582
7164.7339 0.6539
7166.3818 0.6555
7168.0347 0.6590
7169.6836 0.6608
7171.3369 0.6610
7172.9863 0.6610
7174.6367 0.6604
7176.2910 0.6593
7177.9419 0.6593
7179.5972 0.6588
7181.2490 0.6568
7182.9048 0.6572
7184.5571 0.6584
7186.2100 0.6548
7187.8672 0.6534
7189.5210 0.6555
7191.1787 0.6561
7192.8330 0.6529
7194.4917 0.6527
7196.1465 0.6541
7197.8022 0.6549
7199.4619 0.6540
7201.1182 0.6516
7202.7788 0.6493
7204.4355 0.6520
7206.0972 0.6496
7207.7549 0.6474
7209.4131 0.6491
7211.0757 0.6516
7212.7344 0.6505
7214.3975 0.6487
7216.0571 0.6492
7217.7212 0.6499
7219.3818 0.6496
7221.0425 0.6479
7222.7075 0.6450
7224.3691 0.6439
7226.0352 0.6458
7227.6973 0.6475
7229.3643 0.6481
7231.0273 0.6486
7232.6909 0.6486
7234.3584 0.6475
7236.0229 0.6470
7237.6914 0.6465
7239.3564 0.6447
7241.0259 0.6424
7242.6919 0.6434
7244.3579 0.6430
7246.0283 0.6442
7247.6953 0.6455
7249.3667 0.6448
7251.0342 0.6428
7252.7065 0.6435
7254.3750 0.6435
7256.0439 0.6439
7257.7168 0.6446
7259.3867 0.6441
7261.0605 0.6424
7262.7310 0.6422
7264.4058 0.6429
7266.0771 0.6431
7267.7485 0.6432
7269.4243 0.6431
7271.0967 0.6425
7272.7734 0.6417
7274.4463 0.6402
7276.1240 0.6396
7277.7979 0.6399
7279.4722 0.6402
7281.1509 0.6395
7282.8257 0.6384
7284.5054 0.6375
7286.1812 0.6377
7287.8613 0.6334
7289.5376 0.6296
7291.2148 0.6328
7292.8960 0.6349
7294.5737 0.6361
7296.2559 0.6369
7297.9341 0.6365
7299.6172 0.6354
7301.2964 0.6349
7302.9800 0.6352
7304.6602 0.6360
7306.3408 0.6341
7308.0254 0.6310
7309.7065 0.6289
7311.3921 0.6292
7313.0742 0.6312
7314.7607 0.6321
7316.4434 0.6321
7318.1265 0.6312
7319.8140 0.6294
7321.4980 0.6282
7323.1860 0.6300
7324.8711 0.6278
7326.5601 0.6258
7328.2456 0.6272
7329.9312 0.6288
7331.6216 0.6279
7333.3081 0.6287
7334.9995 0.6287
7336.6865 0.6287
7338.3784 0.6284
7340.0669 0.6279
7341.7554 0.6281
7343.4482 0.6281
7345.1377 0.6279
7346.8315 0.6275
7348.5215 0.6272
7350.2163 0.6267
7351.9067 0.6256
7353.5981 0.6246
7355.2939 0.6234
7356.9858 0.6243
7358.6826 0.6255
7360.3755 0.6254
7362.0728 0.6243
7363.7661 0.6239
7365.4604 0.6240
7367.1587 0.6244
7368.8535 0.6242
7370.5527 0.6238
7372.2485 0.6236
7373.9487 0.6234
7375.6450 0.6230
7377.3418 0.6232
7379.0430 0.6229
7380.7402 0.6223
7382.4424 0.6219
7384.1406 0.6215
7385.8433 0.6199
7387.5425 0.6187
7389.2422 0.6186
7390.9458 0.6197
7392.6465 0.6207
7394.3511 0.6202
7396.0522 0.6207
7397.7573 0.6203
7399.4595 0.6195
7401.1616 0.6192
7402.8682 0.6192
7404.5713 0.6176
7406.2788 0.6162
7407.9824 0.6158
7409.6909 0.6150
7411.3955 0.6144
7413.1006 0.6144
7414.8101 0.6123
7416.5156 0.6130
7418.2261 0.6142
7419.9326 0.6139
7421.6436 0.6130
7423.3506 0.6129
7425.0586 0.6132
7426.7705 0.6132
7428.4795 0.6123
7430.1924 0.6121
7431.9014 0.6126
7433.6152 0.6125
7435.3257 0.6127
7437.0400 0.6131
7438.7510 0.6128
7440.4624 0.6126
7442.1777 0.6128
7443.8901 0.6126
7445.6064 0.6113
7447.3193 0.6113
7449.0366 0.6116
7450.7505 0.6120
7452.4644 0.6120
7454.1831 0.6114
7455.8979 0.6109
7457.6172 0.6109
7459.3325 0.6104
7461.0527 0.6102
7462.7690 0.6106
7464.4858 0.6107
7466.2070 0.6099
7467.9248 0.6102
7469.6470 0.6104
7471.3652 0.6095
7473.0884 0.6086
7474.8076 0.6088
7476.5269 0.6083
7478.2510 0.6082
7479.9712 0.6080
7481.6963 0.6079
7483.4175 0.6080
7485.1431 0.6080
7486.8652 0.6084
7488.5874 0.6088
7490.3145 0.6076
7492.0371 0.6067
7493.7651 0.6062
7495.4888 0.6052
7497.2173 0.6056
7498.9419 0.6056
7500.6670 0.6057
7502.3970 0.6055
7504.1226 0.6053
7505.8530 0.6053
7507.5801 0.6051
7509.3110 0.6040
7511.0386 0.6016
7512.7666 0.6015
7514.4990 0.6026
7516.2275 0.6026
7517.9609 0.6035
7519.6904 0.6035
7521.4243 0.6021
7523.1548 0.6002
7524.8853 0.6000
7526.6206 0.6017
7528.3521 0.6021
7530.0884 0.6018
7531.8203 0.6009
7533.5571 0.6005
7535.2905 0.6009
7537.0239 0.6014
7538.7617 0.6013
7540.4961 0.6009
7542.2349 0.6004
7543.9702 0.6002
7545.7095 0.6000
7547.4453 0.5994
7549.1816 0.5994
7550.9229 0.5994
7552.6597 0.5992
7554.4014 0.5977
7556.1392 0.5967
7557.8818 0.5977
7559.6201 0.5972
7561.3594 0.5966
7563.1030 0.5963
7564.8428 0.5962
7566.5874 0.5959
7568.3281 0.5953
7570.0732 0.5948
7571.8149 0.5955
7573.5610 0.5943
7575.3032 0.5935
7577.0459 0.5940
7578.7930 0.5942
7580.5366 0.5938
7582.2847 0.5931
7584.0288 0.5917
7585.7778 0.5911
7587.5229 0.5918
7589.2686 0.5925
7591.0186 0.5925
7592.7646 0.5922
7594.5156 0.5917
7596.2627 0.5913
7598.0142 0.5912
7599.7622 0.5908
7601.5107 0.5898
7603.2637 0.5895
7605.0127 0.5896
7606.7661 0.5897
7608.5161 0.5894
7610.2710 0.5889
7612.0215 0.5888
7613.7725 0.5890
7615.5283 0.5872
7617.2803 0.5852
7619.0366 0.5848
7620.7896 0.5859
7622.5469 0.5871
7624.3003 0.5876
7626.0542 0.5874
7627.8130 0.5871
7629.5679 0.5868
7631.3271 0.5865
7633.0825 0.5862
7634.8428 0.5858
7636.5991 0.5856
7638.3560 0.5852
7640.1172 0.5846
7641.8750 0.5845
7643.6372 0.5845
7645.3955 0.5841
7647.1587 0.5839
7648.9180 0.5837
7650.6772 0.5834
7652.4419 0.5826
7654.2021 0.5806
7655.9673 0.5784
7657.7285 0.5761
7659.4941 0.5755
7661.2563 0.5760
7663.0186 0.5749
7664.7856 0.5729
7666.5493 0.5768
7668.3169 0.5793
7670.0811 0.5794
7671.8496 0.5791
7673.6147 0.5791
7675.3799 0.5786
7677.1499 0.5788
7678.9160 0.5767
7680.6870 0.5758
7682.4536 0.5767
7684.2251 0.5765
7685.9932 0.5748
7687.7612 0.5757
7689.5342 0.5760
7691.3027 0.5756
7693.0767 0.5754
7694.8462 0.5754
7696.6206 0.5741
7698.3911 0.5717
7700.1621 0.5724
7701.9380 0.5742
7703.7100 0.5748
7705.4863 0.5742
7707.2588 0.5740
7709.0361 0.5728
7710.8096 0.5678
7712.5879 0.5672
7714.3618 0.5711
7716.1367 0.5729
7717.9160 0.5728
7719.6914 0.5725
7721.4717 0.5717
7723.2480 0.5708
7725.0288 0.5701
7726.8062 0.5694
7728.5835 0.5691
7730.3657 0.5703
7732.1440 0.5704
7733.9272 0.5702
7735.7065 0.5700
7737.4902 0.5697
7739.2700 0.5694
7741.0508 0.5685
7742.8354 0.5670
7744.6167 0.5664
7746.4028 0.5660
7748.1851 0.5646
7749.9717 0.5650
7751.7544 0.5666
7753.5376 0.5668
7755.3257 0.5663
7757.1099 0.5660
7758.8984 0.5655
7760.6836 0.5650
7762.4731 0.5645
7764.2588 0.5643
7766.0449 0.5640
7767.8359 0.5638
7769.6226 0.5625
7771.4146 0.5582
7773.2021 0.5551
7774.9946 0.5548
7776.7832 0.5580
7778.5723 0.5609
7780.3662 0.5600
7782.1558 0.5602
7783.9507 0.5604
7785.7412 0.5606
7787.5366 0.5604
7789.3281 0.5601
7791.1201 0.5601
7792.9165 0.5599
7794.7095 0.5591
7796.5068 0.5583
7798.3003 0.5582
7800.0986 0.5583
7801.8931 0.5583
7803.6880 0.5581
7805.4873 0.5574
7807.2832 0.5567
7809.0835 0.5560
7810.8799 0.5555
7812.6812 0.5554
7814.4785 0.5556
7816.2759 0.5563
7818.0786 0.5561
7819.8770 0.5559
7821.6802 0.5557
7823.4795 0.5552
7825.2837 0.5542
7827.0840 0.5533
7828.8843 0.5529
7830.6899 0.5523
7832.4912 0.5517
7834.2974 0.5515
7836.0996 0.5507
7837.9067 0.5510
7839.7100 0.5509
7841.5132 0.5513
7843.3213 0.5520
7845.1260 0.5520
7846.9351 0.5513
7848.7402 0.5506
7850.5498 0.5501
7852.3560 0.5501
7854.1665 0.5499
7855.9736 0.5486
7857.7808 0.5477
7859.5928 0.5481
7861.4009 0.5479
7863.2139 0.5470
7865.0225 0.5463
7866.8364 0.5459
7868.6460 0.5444
7870.4561 0.5431
7872.2710 0.5438
7874.0820 0.5445
7875.8979 0.5450
7877.7100 0.5455
7879.5264 0.5432
7881.3389 0.5426
7883.1519 0.5437
7884.9697 0.5436
7886.7837 0.5432
7888.6025 0.5432
7890.4175 0.5392
7892.2368 0.5392
7894.0522 0.5395
7895.8687 0.5380
7897.6890 0.5353
7899.5059 0.5337
7901.3276 0.5362
7903.1455 0.5410
7904.9678 0.5357
7906.7861 0.5334
7908.6055 0.5385
7910.4292 0.5410
7912.2485 0.5360
7914.0732 0.5330
7915.8940 0.5370
7917.7192 0.5395
7919.5405 0.5368
7921.3628 0.5339
7923.1895 0.5349
7925.0122 0.5339
7926.8394 0.5341
7928.6631 0.5350
7930.4912 0.5341
7932.3159 0.5316
7934.1406 0.5313
7935.9702 0.5357
7937.7959 0.5378
7939.6265 0.5386
7941.4526 0.5387
7943.2842 0.5373
7945.1113 0.5366
7946.9390 0.5348
7948.7720 0.5350
7950.6006 0.5340
7952.4336 0.5326
7954.2632 0.5332
7956.0977 0.5330
7957.9277 0.5337
7959.7583 0.5348
7961.5938 0.5325
7963.4253 0.5282
7965.2617 0.5256
7967.0942 0.5254
7968.9316 0.5287
7970.7646 0.5312
7972.5981 0.5307
7974.4370 0.5288
7976.2715 0.5281
7978.1108 0.5280
7979.9458 0.5282
7981.7861 0.5292
7983.6226 0.5292
7985.4590 0.5288
7987.3003 0.5286
7989.1377 0.5257
7990.9800 0.5273
7992.8184 0.5302
7994.6616 0.5308
7996.5005 0.5296
7998.3447 0.5287
8000.1846 0.5270
8002.0249 0.5244
8003.8706 0.5207
8005.7114 0.5212
8007.5576 0.5246
8009.3999 0.5235
8011.2471 0.5182
8013.0898 0.5200
8014.9331 0.5235
8016.7812 0.5216
8018.6255 0.5201
8020.4746 0.5255
8022.3198 0.5254
8024.1699 0.5241
8026.0156 0.5204
8027.8623 0.5179
8029.7134 0.5180
8031.5605 0.5182
8033.4126 0.5170
8035.2607 0.5196
8037.1138 0.5201
8038.9624 0.5193
8040.8120 0.5199
8042.6660 0.5212
8044.5161 0.5198
8046.3711 0.5173
8048.2222 0.5153
8050.0781 0.5162
8051.9302 0.5185
8053.7827 0.5192
8055.6396 0.5189
8057.4927 0.5178
8059.3511 0.5181
8061.2051 0.5187
8063.0640 0.5187
8064.9189 0.5179
8066.7739 0.5173
8068.6343 0.5158
8070.4902 0.5151
8072.3516 0.5149
8074.2085 0.5144
8076.0703 0.5143
8077.9282 0.5152
8079.7866 0.5151
8081.6499 0.5145
8083.5088 0.5124
8085.3730 0.5110
8087.2329 0.5123
8089.0981 0.5120
8090.9590 0.5116
8092.8203 0.5111
8094.6865 0.5108
8096.5483 0.5101
8098.4155 0.5089
8100.2788 0.5092
8102.1465 0.5097
8104.0103 0.5096
8105.8745 0.5092
8107.7441 0.5089
8109.6089 0.5084
8111.4790 0.5080
8113.3452 0.5076
8115.2163 0.5071
8117.0830 0.5068
8118.9502 0.5067
8120.8228 0.5063
8122.6909 0.5060
8124.5640 0.5057
8126.4326 0.5054
8128.3066 0.5051
8130.1768 0.5048
8132.0513 0.5043
8133.9224 0.5038
8135.7935 0.5038
8137.6694 0.5036
8139.5415 0.5031
8141.4185 0.5028
8143.2915 0.5026
8145.1694 0.5023
8147.0430 0.5021
8148.9175 0.5016
8150.7964 0.5012
8152.6714 0.5010
8154.5513 0.5008
8156.4272 0.5003
8158.3081 0.5000
8160.1851 0.4994
8162.0625 0.4987
8163.9443 0.4986
8165.8228 0.4988
8167.7056 0.4985
8169.5845 0.4982
8171.4683 0.4979
8173.3481 0.4976
8175.2285 0.4975
8177.1138 0.4973
8178.9951 0.4968
8180.8809 0.4959
8182.7632 0.4911
8184.6499 0.4901
8186.5327 0.4928
8188.4160 0.4934
8190.3042 0.4945
8192.1885 0.4943
8194.0771 0.4893
8195.9629 0.4885
8197.8525 0.4918
8199.7383 0.4906
8201.6250 0.4871
8203.5156 0.4897
8205.4033 0.4920
8207.2959 0.4919
8209.1836 0.4908
8211.0762 0.4902
8212.9658 0.4891
8214.8545 0.4868
8216.7490 0.4871
8218.6396 0.4868
8220.5342 0.4850
8222.4258 0.4849
8224.3223 0.4874
8226.2139 0.4888
8228.1064 0.4874
8230.0039 0.4850
8231.8965 0.4837
8233.7949 0.4840
8235.6895 0.4843
8237.5889 0.4864
8239.4834 0.4866
8241.3789 0.4851
8243.2793 0.4844
8245.1758 0.4850
8247.0771 0.4827
8248.9746 0.4779
8250.8770 0.4810
8252.7744 0.4828
8254.6729 0.4808
8256.5771 0.4814
8258.4766 0.4823
8260.3809 0.4820
8262.2812 0.4818
8264.1865 0.4815
8266.0869 0.4809
8267.9893 0.4809
8269.8955 0.4805
8271.7979 0.4799
8273.7051 0.4793
8275.6084 0.4791
8277.5166 0.4790
8279.4209 0.4789
8281.3301 0.4788
8283.2354 0.4782
8285.1416 0.4775
8287.0518 0.4771
8288.9580 0.4769
8290.8691 0.4769
8292.7773 0.4773
8294.6895 0.4774
8296.5977 0.4761
8298.5059 0.4761
8300.4199 0.4768
8302.3291 0.4758
8304.2432 0.4745
8306.1543 0.4737
8308.0693 0.4738
8309.9805 0.4742
8311.8926 0.4740
8313.8086 0.4733
8315.7217 0.4728
8317.6396 0.4730
8319.5527 0.4726
8321.4707 0.4723
8323.3857 0.4721
8325.2998 0.4710
8327.2197 0.4684
8329.1357 0.4684
8331.0566 0.4695
8332.9727 0.4704
8334.8945 0.4708
8336.8115 0.4709
8338.7295 0.4713
8340.6523 0.4706
8342.5713 0.4691
8344.4951 0.4686
8346.4150 0.4685
8348.3398 0.4674
8350.2598 0.4670
8352.1807 0.4677
8354.1074 0.4670
8356.0293 0.4663
8357.9561 0.4665
8359.8789 0.4667
8361.8066 0.4665
8363.7295 0.4658
8365.6543 0.4656
8367.5830 0.4659
8369.5078 0.4660
8371.4375 0.4654
8373.3643 0.4644
8375.2949 0.4637
8377.2217 0.4641
8379.1484 0.4647
8381.0811 0.4642
8383.0088 0.4630
8384.9424 0.4626
8386.8711 0.4602
8388.8047 0.4605
8390.7344 0.4620
8392.6650 0.4626
8394.6006 0.4622
8396.5312 0.4611
8398.4678 0.4577
8400.3994 0.4571
8402.3369 0.4583
8404.2695 0.4592
8406.2031 0.4593
8408.1416 0.4575
8410.0762 0.4553
8412.0156 0.4528
8413.9502 0.4528
8415.8906 0.4558
8417.8271 0.4582
8419.7637 0.4562
8421.7051 0.4557
8423.6426 0.4569
8425.5850 0.4583
8427.5234 0.4587
8429.4668 0.4581
8431.4053 0.4573
8433.3496 0.4552
8435.2900 0.4539
8437.2305 0.4543
8439.1758 0.4542
8441.1172 0.4523
8443.0645 0.4531
8445.0059 0.4540
8446.9541 0.4527
8448.8965 0.4523
8450.8408 0.4533
8452.7891 0.4535
8454.7344 0.4530
8456.6836 0.4522
8458.6289 0.4522
8460.5791 0.4527
8462.5254 0.4524
8464.4727 0.4509
8466.4248 0.4498
8468.3721 0.4503
8470.3252 0.4518
8472.2734 0.4522
8474.2275 0.4516
8476.1768 0.4521
8478.1270 0.4528
8480.0820 0.4536
8482.0322 0.4520
8483.9883 0.4509
8485.9404 0.4511
8487.8975 0.4507
8489.8496 0.4501
8491.8027 0.4477
8493.7607 0.4503
8495.7148 0.4443
8497.6738 0.4333
8499.6289 0.4356
8501.5889 0.4460
8503.5449 0.4476
8505.5010 0.4471
8507.4619 0.4465
8509.4199 0.4459
8511.3818 0.4459
8513.3398 0.4457
8515.3027 0.4436
8517.2617 0.4423
8519.2217 0.4442
8521.1855 0.4468
8523.1465 0.4464
8525.1113 0.4452
8527.0723 0.4458
8529.0391 0.4467
8531.0010 0.4461
8532.9639 0.4449
8534.9316 0.4450
8536.8945 0.4439
8538.8633 0.4415
8540.8281 0.4164
8542.7969 0.4081
8544.7627 0.4263
8546.7285 0.4390
8548.6992 0.4402
8550.6660 0.4410
8552.6377 0.4417
8554.6045 0.4423
8556.5771 0.4424
8558.5459 0.4417
8560.5146 0.4416
8562.4893 0.4422
8564.4590 0.4423
8566.4336 0.4423
8568.4043 0.4420
8570.3799 0.4415
8572.3516 0.4411
8574.3242 0.4406
8576.3008 0.4394
8578.2744 0.4388
8580.2520 0.4393
8582.2256 0.4401
8584.2051 0.4405
8586.1797 0.4396
8588.1602 0.4383
8590.1357 0.4377
8592.1113 0.4377
8594.0928 0.4373
8596.0703 0.4363
8598.0527 0.4353
8600.0303 0.4353
8602.0137 0.4359
8603.9922 0.4362
8605.9717 0.4364
8607.9561 0.4377
8609.9365 0.4370
8611.9219 0.4356
8613.9033 0.4352
8615.8896 0.4356
8617.8711 0.4358
8619.8535 0.4363
8621.8418 0.4359
8623.8252 0.4371
8625.8135 0.4373
8627.7979 0.4362
8629.7881 0.4361
8631.7725 0.4359
8633.7588 0.4345
8635.7500 0.4337
8637.7363 0.4338
8639.7285 0.4342
8641.7158 0.4343
8643.7080 0.4345
8645.6973 0.4333
8647.6855 0.4324
8649.6797 0.4321
8651.6699 0.4318
8653.6650 0.4308
8655.6553 0.4289
8657.6514 0.4314
8659.6436 0.4225
8661.6357 0.4063
8663.6328 0.4045
8665.6260 0.4241
8667.6240 0.4281
8669.6182 0.4288
8671.6172 0.4299
8673.6123 0.4303
8675.6074 0.4300
8677.6084 0.4303
8679.6045 0.4304
8681.6055 0.4300
8683.6025 0.4295
8685.6055 0.4292
8687.6035 0.4285
8689.6025 0.4277
8691.6055 0.4292
8693.6055 0.4293
8695.6104 0.4294
8697.6104 0.4292
8699.6162 0.4284
8701.6172 0.4278
8703.6191 0.4274
8705.6260 0.4272
8707.6289 0.4268
8709.6367 0.4265
8711.6406 0.4265
8713.6494 0.4268
8715.6543 0.4273
8717.6592 0.4274
8719.6699 0.4275
8721.6758 0.4267
8723.6865 0.4249
8725.6934 0.4239
8727.7061 0.4245
8729.7129 0.4245
8731.7217 0.4234
8733.7354 0.4223
8735.7441 0.4222
8737.7588 0.4225
8739.7686 0.4215
8741.7842 0.4210
8743.7949 0.4210
8745.8115 0.4205
8747.8232 0.4190
8749.8359 0.4174
8751.8535 0.4171
8753.8672 0.4180
8755.8857 0.4191
8757.9004 0.4203
8759.9199 0.4210
8761.9346 0.4207
8763.9502 0.4209
8765.9717 0.4205
8767.9883 0.4202
8770.0098 0.4197
8772.0273 0.4189
8774.0498 0.4183
8776.0684 0.4184
8778.0879 0.4185
8780.1113 0.4185
8782.1318 0.4181
8784.1562 0.4177
8786.1777 0.4182
8788.2031 0.4177
8790.2256 0.4166
8792.2471 0.4159
8794.2754 0.4162
8796.2979 0.4167
8798.3262 0.4165
8800.3506 0.4160
8802.3799 0.4164
8804.4053 0.4131
8806.4307 0.4094
8808.4609 0.4103
8810.4873 0.4146
8812.5195 0.4131
8814.5459 0.4114
8816.5791 0.4108
8818.6074 0.4112
8820.6357 0.4117
8822.6699 0.4106
8824.6992 0.4076
8826.7344 0.4103
8828.7646 0.4116
8830.8008 0.4117
8832.8330 0.4113
8834.8643 0.4099
8836.9014 0.4093
8838.9346 0.4092
8840.9727 0.4086
8843.0068 0.4078
8845.0459 0.4067
8847.0811 0.4053
8849.1162 0.4044
8851.1562 0.4019
8853.1924 0.4002
8855.2344 0.3973
8857.2715 0.3927
8859.3145 0.3874
8861.3516 0.3792
8863.3906 0.3739
8865.4346 0.3786
8867.4736 0.3855
8869.5186 0.3896
8871.5596 0.3925
8873.6045 0.3935
8875.6465 0.3959
8877.6885 0.3984
8879.7354 0.3997
8881.7783 0.3995
8883.8262 0.3993
8885.8701 0.4015
8887.9189 0.4035
8889.9639 0.4041
8892.0088 0.4038
8894.0596 0.4041
8896.1055 0.4055
8898.1562 0.4056
8900.2041 0.4058
8902.2559 0.4065
8904.3037 0.4068
8906.3574 0.4068
8908.4062 0.4066
8910.4561 0.4031
8912.5107 0.3980
8914.5605 0.4031
8916.6162 0.4071
8918.6680 0.4053
8920.7246 0.4051
8922.7764 0.4049
8924.8291 0.4029
8926.8867 0.3959
8928.9404 0.3966
8931.0000 0.4039
8933.0547 0.4048
8935.1143 0.4047
8937.1699 0.4045
8939.2256 0.4042
8941.2871 0.4038
8943.3438 0.4027
8945.4062 0.4009
8947.4639 0.4011
8949.5273 0.4011
8951.5859 0.4016
8953.6455 0.4016
8955.7100 0.4012
8957.7705 0.4008
8959.8359 0.4002
8961.8975 0.3999
8963.9639 0.3982
8966.0264 0.3963
8968.0889 0.3959
8970.1572 0.3965
8972.2207 0.3960
8974.2891 0.3952
8976.3535 0.3929
8978.4238 0.3916
8980.4893 0.3921
8982.5557 0.3921
8984.6270 0.3909
8986.6934 0.3899
8988.7656 0.3885
8990.8340 0.3868
8992.9072 0.3853
8994.9756 0.3836
8997.0449 0.3810
8999.1201 0.3767
9001.1904 0.3746
9003.2656 0.3727
9005.3369 0.3687
9007.4131 0.3631
9009.4854 0.3557
9011.5586 0.3472
9013.6357 0.3334
9015.7100 0.3293
9017.7891 0.3392
9019.8633 0.3505
9021.9434 0.3573
9024.0186 0.3628
9026.0947 0.3669
9028.1758 0.3699
9030.2529 0.3724
9032.3350 0.3746
9034.4131 0.3756
9036.4971 0.3757
9038.5752 0.3775
9040.6543 0.3794
9042.7393 0.3803
9044.8193 0.3807
9046.9053 0.3810
9048.9863 0.3814
9051.0732 0.3814
9053.1553 0.3819
9055.2383 0.3827
9057.3262 0.3825
9059.4102 0.3790
9061.4990 0.3637
9063.5840 0.3689
9065.6738 0.3805
9067.7588 0.3832
9069.8506 0.3825
9071.9365 0.3820
9074.0234 0.3829
9076.1162 0.3778
9078.2041 0.3726
9080.2979 0.3744
9082.3867 0.3813
9084.4805 0.3817
9086.5703 0.3772
9088.6611 0.3696
9090.7568 0.3731
9092.8486 0.3772
9094.9453 0.3656
9097.0371 0.3734
9099.1348 0.3784
9101.2285 0.3789
9103.3223 0.3783
9105.4209 0.3783
9107.5156 0.3780
9109.6162 0.3757
9111.7119 0.3665
9113.8125 0.3709
9115.9092 0.3767
9118.0068 0.3755
9120.1094 0.3755
9122.2070 0.3747
9124.3105 0.3742
9126.4102 0.3740
9128.5146 0.3744
9130.6143 0.3744
9132.7148 0.3736
9134.8213 0.3740
9136.9219 0.3739
9139.0293 0.3735
9141.1318 0.3732
9143.2393 0.3728
9145.3428 0.3720
9147.4473 0.3709
9149.5566 0.3712
9151.6611 0.3713
9153.7715 0.3707
9155.8770 0.3701
9157.9883 0.3699
9160.0957 0.3697
9162.2031 0.3690
9164.3154 0.3683
9166.4238 0.3679
9168.5371 0.3678
9170.6465 0.3670
9172.7617 0.3662
9174.8711 0.3641
9176.9824 0.3628
9179.0986 0.3631
9181.2100 0.3627
9183.3271 0.3605
9185.4395 0.3617
9187.5576 0.3610
9189.6719 0.3609
9191.7852 0.3606
9193.9053 0.3595
9196.0205 0.3584
9198.1406 0.3570
9200.2568 0.3560
9202.3789 0.3538
9204.4951 0.3518
9206.6133 0.3508
9208.7363 0.3490
9210.8545 0.3451
9212.9785 0.3386
9215.0977 0.3388
9217.2227 0.3363
9219.3428 0.3305
9221.4639 0.3298
9223.5908 0.3236
9225.7129 0.3145
9227.8398 0.3000
9229.9629 0.2967
9232.0908 0.3082
9234.2148 0.3186
9236.3447 0.3230
9238.4688 0.3262
9240.5947 0.3330
9242.7256 0.3350
9244.8516 0.3338
9246.9834 0.3392
9249.1104 0.3423
9251.2432 0.3433
9253.3721 0.3420
9255.5010 0.3414
9257.6348 0.3425
9259.7646 0.3419
9261.8994 0.3371
9264.0303 0.3384
9266.1670 0.3406
9268.2988 0.3448
9270.4307 0.3490
9272.5684 0.3484
9274.7012 0.3488
9276.8398 0.3489
9278.9746 0.3489
9281.1143 0.3488
9283.2490 0.3487
9285.3848 0.3486
9287.5264 0.3484
9289.6621 0.3478
9291.8047 0.3478
9293.9424 0.3476
9296.0850 0.3472
9298.2236 0.3472
9300.3633 0.3474
9302.5078 0.3469
9304.6475 0.3465
9306.7930 0.3464
9308.9346 0.3462
9311.0811 0.3457
9313.2227 0.3457
9315.3652 0.3456
9317.5137 0.3441
9319.6572 0.3434
9321.8057 0.3441
9323.9502 0.3441
9326.1006 0.3436
9328.2461 0.3435
9330.3916 0.3436
9332.5439 0.3433
9334.6904 0.3429
9336.8428 0.3427
9338.9912 0.3424
9341.1445 0.3420
9343.2939 0.3413
9345.4434 0.3412
9347.5977 0.3409
9349.7480 0.3398
9351.9043 0.3395
9354.0557 0.3398
9356.2129 0.3397
9358.3652 0.3392
9360.5186 0.3388
9362.6768 0.3386
9364.8301 0.3385
9366.9902 0.3382
9369.1445 0.3380
9371.3057 0.3373
9373.4609 0.3367
9375.6172 0.3367
9377.7793 0.3365
9379.9365 0.3358
9382.0996 0.3359
9384.2578 0.3349
9386.4219 0.3329
9388.5820 0.3328
9390.7461 0.3334
9392.9072 0.3305
9395.0674 0.3318
9397.2344 0.3336
9399.3965 0.3326
9401.5635 0.3314
9403.7266 0.3282
9405.8945 0.3185
9408.0586 0.3246
9410.2227 0.3304
9412.3926 0.3233
9414.5586 0.3169
9416.7295 0.3255
9418.8955 0.3292
9421.0674 0.3267
9423.2344 0.3262
9425.4023 0.3287
9427.5762 0.3279
9429.7451 0.3267
9431.9189 0.3258
9434.0889 0.3259
9436.2646 0.3231
9438.4355 0.3205
9440.6064 0.3241
9442.7832 0.3246
9444.9561 0.3229
9447.1338 0.3233
9449.3076 0.3244
9451.4863 0.3242
9453.6602 0.3236
9455.8350 0.3232
9458.0156 0.3231
9460.1914 0.3223
9462.3730 0.3216
9464.5498 0.3213
9466.7324 0.3212
9468.9102 0.3212
9471.0889 0.3208
9473.2725 0.3203
9475.4521 0.3199
9477.6367 0.3195
9479.8174 0.3191
9482.0029 0.3182
9484.1846 0.3177
9486.3662 0.3174
9488.5537 0.3171
9490.7363 0.3164
9492.9258 0.3158
9495.1094 0.3151
9497.2988 0.3142
9499.4834 0.3137
9501.6689 0.3132
9503.8604 0.3121
9506.0459 0.3107
9508.2383 0.3106
9510.4258 0.3100
9512.6191 0.3090
9514.8076 0.3081
9516.9961 0.3069
9519.1904 0.3056
9521.3809 0.3042
9523.5762 0.3026
9525.7666 0.3008
9527.9639 0.2987
9530.1553 0.2963
9532.3477 0.2937
9534.5459 0.2904
9536.7393 0.2867
9538.9385 0.2817
9541.1328 0.2753
9543.3330 0.2653
9545.5283 0.2535
9547.7246 0.2558
9549.9268 0.2671
9552.1230 0.2755
9554.3262 0.2806
9556.5234 0.2848
9558.7275 0.2876
9560.9268 0.2900
9563.1309 0.2917
9565.3311 0.2934
9567.5322 0.2944
9569.7383 0.2947
9571.9395 0.2955
9574.1465 0.2965
9576.3496 0.2974
9578.5576 0.2981
9580.7607 0.2985
9582.9648 0.2987
9585.1748 0.2988
9587.3799 0.2990
9589.5908 0.2992
9591.7969 0.2987
9594.0088 0.2984
9596.2158 0.2987
9598.4238 0.2987
9600.6367 0.2974
9602.8457 0.2920
9605.0596 0.2939
9607.2695 0.2975
9609.4854 0.2977
9611.6953 0.2982
9613.9062 0.2975
9616.1240 0.2986
9618.3359 0.2946
9620.5537 0.2900
9622.7666 0.2911
9624.9863 0.2959
9627.2002 0.2944
9629.4150 0.2952
9631.6357 0.2919
9633.8516 0.2905
9636.0723 0.2935
9638.2891 0.2945
9640.5117 0.2946
9642.7295 0.2941
9644.9482 0.2945
9647.1719 0.2927
9649.3916 0.2893
9651.6172 0.2896
9653.8369 0.2922
9656.0635 0.2894
9658.2842 0.2835
9660.5068 0.2854
9662.7344 0.2918
9664.9570 0.2903
9667.1855 0.2909
9669.4102 0.2901
9671.6396 0.2879
9673.8643 0.2874
9676.0898 0.2884
9678.3213 0.2868
9680.5479 0.2842
9682.7803 0.2861
9685.0078 0.2871
9687.2412 0.2866
9689.4697 0.2854
9691.6982 0.2836
9693.9336 0.2840
9696.1631 0.2852
9698.3994 0.2855
9700.6299 0.2855
9702.8672 0.2854
9705.0996 0.2851
9707.3320 0.2849
9709.5703 0.2846
9711.8047 0.2842
9714.0439 0.2839
9716.2783 0.2836
9718.5186 0.2832
9720.7549 0.2828
9722.9912 0.2817
9725.2334 0.2815
9727.4707 0.2816
9729.7139 0.2814
9731.9521 0.2810
9734.1963 0.2805
9736.4355 0.2776
9738.6807 0.2746
9740.9209 0.2754
9743.1621 0.2783
9745.4082 0.2784
9747.6504 0.2776
9749.8984 0.2778
9752.1416 0.2779
9754.3896 0.2776
9756.6338 0.2773
9758.8789 0.2768
9761.1289 0.2764
9763.3740 0.2751
9765.6260 0.2752
9767.8721 0.2754
9770.1250 0.2750
9772.3721 0.2749
9774.6201 0.2746
9776.8750 0.2742
9779.1240 0.2739
9781.3789 0.2735
9783.6289 0.2729
9785.8848 0.2723
9788.1367 0.2717
9790.3877 0.2716
9792.6455 0.2716
9794.8984 0.2711
9797.1572 0.2701
9799.4111 0.2696
9801.6709 0.2695
9803.9258 0.2699
9806.1807 0.2697
9808.4424 0.2691
9810.6982 0.2685
9812.9609 0.2681
9815.2188 0.2681
9817.4814 0.2679
9819.7402 0.2672
9821.9990 0.2665
9824.2646 0.2660
9826.5244 0.2653
9828.7900 0.2655
9831.0518 0.2655
9833.3184 0.2649
9835.5801 0.2644
9837.8428 0.2644
9840.1113 0.2639
9842.3750 0.2631
9844.6455 0.2633
9846.9102 0.2632
9849.1807 0.2627
9851.4463 0.2612
9853.7129 0.2587
9855.9844 0.2586
9858.2520 0.2584
9860.5254 0.2577
9862.7939 0.2583
9865.0684 0.2600
9867.3379 0.2599
9869.6074 0.2595
9871.8838 0.2590
9874.1543 0.2587
9876.4316 0.2586
9878.7031 0.2583
9880.9814 0.2579
9883.2549 0.2572
9885.5283 0.2575
9887.8076 0.2546
9890.0830 0.2505
9892.3633 0.2503
9894.6387 0.2550
9896.9209 0.2549
9899.1973 0.2531
9901.4746 0.2535
9903.7578 0.2541
9906.0361 0.2535
9908.3203 0.2531
9910.5996 0.2524
9912.8857 0.2509
9915.1660 0.2494
9917.4521 0.2500
9919.7334 0.2518
9922.0156 0.2514
9924.3037 0.2507
9926.5869 0.2512
9928.8760 0.2485
9931.1602 0.2454
9933.4502 0.2461
9935.7354 0.2492
9938.0205 0.2488
9940.3125 0.2466
9942.5996 0.2461
9944.8926 0.2470
9947.1797 0.2471
9949.4736 0.2461
9951.7627 0.2457
9954.0518 0.2457
9956.3477 0.2452
9958.6377 0.2446
9960.9346 0.2444
9963.2256 0.2439
9965.5234 0.2439
9967.8154 0.2435
9970.1094 0.2430
9972.4082 0.2426
9974.7021 0.2422
9977.0020 0.2416
9979.2979 0.2412
9981.5986 0.2408
9983.8945 0.2402
9986.1914 0.2398
9988.4941 0.2394
9990.7920 0.2389
9993.0967 0.2382
9995.3955 0.2368
9997.7002 0.2353
10000.0000 0.2353
10002.3057 0.2361
10004.6016 0.2352
10006.9082 0.2348
10009.2158 0.2340
10011.5244 0.2332
10013.8223 0.2324
10016.1309 0.2314
10018.4404 0.2303
10020.7402 0.2293
10023.0508 0.2280
10025.3623 0.2265
10027.6738 0.2250
10029.9756 0.2234
10032.2881 0.2214
10034.6016 0.2193
10036.9043 0.2167
10039.2188 0.2135
10041.5342 0.2094
10043.8496 0.2041
10046.1543 0.1965
10048.4707 0.1852
10050.7881 0.1846
10053.0947 0.1939
10055.4131 0.2023
10057.7324 0.2061
10060.0508 0.2100
10062.3604 0.2124
10064.6807 0.2143
10067.0010 0.2158
10069.3115 0.2170
10071.6338 0.2182
10073.9561 0.2191
10076.2793 0.2196
10078.5918 0.2201
10080.9160 0.2205
10083.2402 0.2206
10085.5547 0.2208
10087.8799 0.2212
10090.2061 0.2213
10092.5332 0.2214
10094.8496 0.2214
10097.1777 0.2214
10099.5059 0.2213
10101.8232 0.2211
10104.1533 0.2206
10106.4834 0.2199
10108.8135 0.2198
10111.1338 0.2191
10113.4648 0.2180
10115.7969 0.2183
10118.1191 0.2194
10120.4521 0.2196
10122.7861 0.2149
10125.1201 0.2136
10127.4434 0.2178
10129.7793 0.2183
10132.1152 0.2181
10134.4404 0.2179
10136.7773 0.2176
10139.1152 0.2174
10141.4531 0.2170
10143.7803 0.2162
10146.1191 0.2147
10148.4590 0.2154
10150.7881 0.2158
10153.1289 0.2153
10155.4707 0.2147
10157.8125 0.2146
10160.1436 0.2146
10162.4863 0.2127
10164.8301 0.2118
10167.1621 0.2126
10169.5068 0.2134
10171.8525 0.2125
10174.1973 0.2120
10176.5322 0.2118
10178.8789 0.2121
10181.2266 0.2108
10183.5742 0.2085
10185.9111 0.2090
10188.2607 0.2101
10190.6094 0.2098
10192.9482 0.2094
10195.2988 0.2092
10197.6504 0.2089
10200.0020 0.2085
10202.3428 0.2081
10204.6953 0.2078
10207.0479 0.2074
10209.3906 0.2070
10211.7451 0.2068
10214.0996 0.2063
10216.4551 0.2044
10218.7998 0.2051
10221.1562 0.2054
10223.5137 0.2050
10225.8594 0.2047
10228.2178 0.2043
10230.5762 0.2040
10232.9355 0.2038
10235.2842 0.2033
10237.6436 0.2026
10240.0049 0.2023
10242.3545 0.2023
10244.7168 0.2017
10247.0791 0.2014
10249.4424 0.2012
10251.7939 0.2010
10254.1582 0.2005
10256.5234 0.2001
10258.8770 0.1998
10261.2422 0.1995
10263.6084 0.1991
10265.9756 0.1988
10268.3311 0.1984
10270.6992 0.1980
10273.0674 0.1975
10275.4258 0.1969
10277.7949 0.1968
10280.1650 0.1967
10282.5352 0.1962
10284.8955 0.1959
10287.2666 0.1947
10289.6396 0.1934
10292.0010 0.1941
10294.3740 0.1947
10296.7480 0.1940
10299.1221 0.1937
10301.4863 0.1931
10303.8613 0.1929
10306.2373 0.1926
10308.6025 0.1922
10310.9795 0.1915
10313.3574 0.1909
10315.7363 0.1911
10318.1035 0.1908
