3558.7710 0.2088
3559.5898 0.2107
3560.4106 0.2119
3561.2297 0.2117
3562.0508 0.2073
3562.8704 0.1990
3563.6899 0.1921
3564.5117 0.1901
3565.3318 0.1926
3566.1538 0.1946
3566.9744 0.1908
3567.7969 0.1847
3568.6177 0.1816
3569.4385 0.1831
3570.2617 0.1869
3571.0830 0.1907
3571.9065 0.1942
3572.7283 0.1962
3573.5520 0.1971
3574.3740 0.1984
3575.1963 0.2009
3576.0208 0.2031
3576.8435 0.2029
3577.6682 0.1990
3578.4915 0.1920
3579.3167 0.1867
3580.1399 0.1880
3580.9636 0.1949
3581.7893 0.1978
3582.6133 0.1925
3583.4395 0.1845
3584.2639 0.1796
3585.0903 0.1801
3585.9150 0.1848
3586.7400 0.1908
3587.5671 0.1971
3588.3923 0.2034
3589.2200 0.2088
3590.0457 0.2113
3590.8735 0.2100
3591.6995 0.2073
3592.5259 0.2061
3593.3542 0.2067
3594.1809 0.2083
3595.0098 0.2102
3595.8367 0.2123
3596.6660 0.2150
3597.4934 0.2173
3598.3208 0.2177
3599.1506 0.2158
3599.9788 0.2126
3600.8088 0.2097
3601.6372 0.2083
3602.4678 0.2068
3603.2964 0.2053
3604.1252 0.2051
3604.9565 0.2064
3605.7859 0.2063
3606.6172 0.2025
3607.4470 0.1995
3608.2788 0.2006
3609.1089 0.2049
3609.9392 0.2091
3610.7717 0.2103
3611.6023 0.2105
3612.4351 0.2137
3613.2661 0.2185
3614.0994 0.2215
3614.9307 0.2192
3615.7625 0.2112
3616.5962 0.2024
3617.4282 0.2010
3618.2625 0.2063
3619.0947 0.2135
3619.9292 0.2183
3620.7620 0.2206
3621.5969 0.2214
3622.4302 0.2219
3623.2634 0.2240
3624.0989 0.2278
3624.9326 0.2315
3625.7686 0.2334
3626.6028 0.2336
3627.4390 0.2297
3628.2734 0.2211
3629.1082 0.2118
3629.9451 0.2083
3630.7800 0.2136
3631.6174 0.2212
3632.4529 0.2263
3633.2903 0.2295
3634.1262 0.2321
3634.9622 0.2346
3635.8005 0.2364
3636.6370 0.2375
3637.4756 0.2378
3638.3123 0.2368
3639.1514 0.2346
3639.9885 0.2319
3640.8259 0.2296
3641.6653 0.2290
3642.5032 0.2302
3643.3430 0.2322
3644.1812 0.2334
3645.0215 0.2323
3645.8601 0.2294
3646.6990 0.2283
3647.5398 0.2300
3648.3789 0.2330
3649.2202 0.2365
3650.0596 0.2402
3650.9014 0.2436
3651.7412 0.2462
3652.5813 0.2483
3653.4236 0.2504
3654.2642 0.2528
3655.1067 0.2552
3655.9475 0.2564
3656.7908 0.2557
3657.6318 0.2544
3658.4734 0.2536
3659.3169 0.2536
3660.1587 0.2540
3661.0029 0.2547
3661.8450 0.2561
3662.6895 0.2582
3663.5320 0.2605
3664.3748 0.2621
3665.2197 0.2623
3666.0630 0.2610
3666.9084 0.2586
3667.7520 0.2575
3668.5977 0.2594
3669.4417 0.2633
3670.2859 0.2667
3671.1321 0.2673
3671.9768 0.2661
3672.8235 0.2654
3673.6685 0.2649
3674.5156 0.2636
3675.3608 0.2614
3676.2063 0.2595
3677.0542 0.2587
3677.8999 0.2593
3678.7480 0.2613
3679.5945 0.2630
3680.4429 0.2631
3681.2896 0.2624
3682.1365 0.2621
3682.9856 0.2610
3683.8328 0.2595
3684.6824 0.2592
3685.5300 0.2616
3686.3799 0.2670
3687.2278 0.2732
3688.0781 0.2772
3688.9265 0.2796
3689.7751 0.2817
3690.6260 0.2841
3691.4751 0.2860
3692.3264 0.2870
3693.1758 0.2869
3694.0273 0.2854
3694.8772 0.2839
3695.7273 0.2853
3696.5793 0.2917
3697.4299 0.2992
3698.2825 0.3029
3699.1333 0.3017
3699.9863 0.2962
3700.8374 0.2873
3701.6887 0.2771
3702.5425 0.2696
3703.3943 0.2676
3704.2483 0.2717
3705.1003 0.2796
3705.9548 0.2872
3706.8074 0.2910
3707.6599 0.2912
3708.5149 0.2884
3709.3682 0.2855
3710.2234 0.2872
3711.0771 0.2966
3711.9329 0.3113
3712.7866 0.3231
3713.6409 0.3298
3714.4973 0.3333
3715.3518 0.3337
3716.2085 0.3280
3717.0635 0.3126
3717.9204 0.2910
3718.7759 0.2727
3719.6313 0.2644
3720.4890 0.2702
3721.3450 0.2899
3722.2031 0.3159
3723.0593 0.3372
3723.9180 0.3468
3724.7747 0.3468
3725.6316 0.3448
3726.4905 0.3475
3727.3479 0.3534
3728.2073 0.3533
3729.0649 0.3449
3729.9250 0.3271
3730.7830 0.3015
3731.6414 0.2742
3732.5017 0.2568
3733.3604 0.2591
3734.2214 0.2734
3735.0803 0.2939
3735.9417 0.3189
3736.8013 0.3453
3737.6609 0.3656
3738.5227 0.3753
3739.3828 0.3769
3740.2451 0.3732
3741.1055 0.3669
3741.9683 0.3592
3742.8291 0.3495
3743.6899 0.3392
3744.5532 0.3323
3745.4148 0.3212
3746.2786 0.3007
3747.1404 0.2765
3748.0044 0.2655
3748.8667 0.2814
3749.7290 0.3125
3750.5938 0.3433
3751.4565 0.3670
3752.3215 0.3838
3753.1848 0.3959
3754.0503 0.4003
3754.9138 0.3941
3755.7798 0.3826
3756.6438 0.3747
3757.5081 0.3761
3758.3745 0.3844
3759.2390 0.3925
3760.1060 0.3977
3760.9709 0.3988
3761.8381 0.3972
3762.7036 0.3957
3763.5693 0.3936
3764.4370 0.3860
3765.3032 0.3747
3766.1714 0.3593
3767.0378 0.3375
3767.9065 0.3126
3768.7732 0.2987
3769.6401 0.3125
3770.5095 0.3429
3771.3770 0.3728
3772.2466 0.3934
3773.1145 0.4059
3773.9844 0.4167
3774.8528 0.4294
3775.7209 0.4409
3776.5918 0.4494
3777.4604 0.4555
3778.3315 0.4602
3779.2009 0.4636
3780.0723 0.4644
3780.9419 0.4639
3781.8118 0.4639
3782.6838 0.4633
3783.5540 0.4593
3784.4265 0.4523
3785.2971 0.4491
3786.1699 0.4504
3787.0410 0.4526
3787.9121 0.4536
3788.7856 0.4537
3789.6572 0.4531
3790.5310 0.4478
3791.4031 0.4355
3792.2773 0.4179
3793.1499 0.3964
3794.0225 0.3698
3794.8972 0.3368
3795.7703 0.3105
3796.6455 0.3147
3797.5190 0.3469
3798.3948 0.3907
3799.2686 0.4289
3800.1426 0.4545
3801.0188 0.4713
3801.8933 0.4817
3802.7700 0.4862
3803.6448 0.4863
3804.5220 0.4853
3805.3972 0.4884
3806.2727 0.4990
3807.1504 0.5123
3808.0261 0.5224
3808.9043 0.5261
3809.7805 0.5222
3810.6589 0.5124
3811.5356 0.5039
3812.4126 0.4985
3813.2917 0.4973
3814.1689 0.5037
3815.0483 0.5184
3815.9260 0.5325
3816.8059 0.5305
3817.6841 0.5151
3818.5623 0.5042
3819.4429 0.5080
3820.3215 0.5207
3821.2024 0.5245
3822.0815 0.5128
3822.9629 0.4989
3823.8423 0.4910
3824.7241 0.4882
3825.6040 0.4851
3826.4841 0.4785
3827.3665 0.4745
3828.2468 0.4704
3829.1296 0.4555
3830.0105 0.4285
3830.8938 0.3976
3831.7751 0.3697
3832.6565 0.3428
3833.5403 0.3351
3834.4224 0.3501
3835.3064 0.3757
3836.1887 0.3995
3837.0735 0.4234
3837.9561 0.4497
3838.8391 0.4752
3839.7244 0.5011
3840.6077 0.5251
3841.4932 0.5420
3842.3770 0.5507
3843.2629 0.5546
3844.1472 0.5590
3845.0315 0.5656
3845.9182 0.5716
3846.8030 0.5726
3847.6899 0.5680
3848.5752 0.5674
3849.4626 0.5751
3850.3481 0.5858
3851.2339 0.5941
3852.1221 0.5965
3853.0083 0.5916
3853.8967 0.5825
3854.7832 0.5764
3855.6721 0.5706
3856.5591 0.5620
3857.4463 0.5547
3858.3359 0.5608
3859.2234 0.5828
3860.1135 0.6031
3861.0015 0.6134
3861.8918 0.6137
3862.7803 0.6088
3863.6687 0.6053
3864.5598 0.6089
3865.4487 0.6162
3866.3401 0.6223
3867.2297 0.6246
3868.1213 0.6212
3869.0112 0.6100
3869.9014 0.5920
3870.7937 0.5818
3871.6841 0.5859
3872.5769 0.5987
3873.4678 0.6085
3874.3611 0.6062
3875.2524 0.5900
3876.1438 0.5754
3877.0376 0.5768
3877.9297 0.5913
3878.8237 0.6041
3879.7161 0.6046
3880.6108 0.5984
3881.5037 0.5871
3882.3965 0.5677
3883.2917 0.5378
3884.1851 0.4991
3885.0808 0.4565
3885.9746 0.4132
3886.8706 0.3904
3887.7649 0.4061
3888.6592 0.4531
3889.5559 0.5060
3890.4507 0.5422
3891.3479 0.5614
3892.2429 0.5720
3893.1406 0.5811
3894.0361 0.5921
3894.9341 0.6028
3895.8301 0.6074
3896.7263 0.6070
3897.6250 0.6079
3898.5215 0.6134
3899.4207 0.6210
3900.3176 0.6261
3901.2170 0.6265
3902.1145 0.6222
3903.0122 0.6131
3903.9121 0.6118
3904.8103 0.6252
3905.7107 0.6473
3906.6094 0.6638
3907.5100 0.6703
3908.4089 0.6734
3909.3081 0.6756
3910.2097 0.6751
3911.1091 0.6713
3912.0110 0.6689
3912.9111 0.6711
3913.8132 0.6707
3914.7136 0.6675
3915.6143 0.6638
3916.5171 0.6608
3917.4182 0.6572
3918.3215 0.6546
3919.2229 0.6555
3920.1267 0.6584
3921.0286 0.6630
3921.9307 0.6690
3922.8350 0.6723
3923.7373 0.6676
3924.6421 0.6540
3925.5452 0.6339
3926.4502 0.6101
3927.3535 0.5802
3928.2571 0.5320
3929.1628 0.4539
3930.0667 0.3522
3930.9731 0.2644
3931.8774 0.2326
3932.7839 0.2787
3933.6887 0.3821
3934.5938 0.4897
3935.5010 0.5707
3936.4062 0.6227
3937.3142 0.6534
3938.2200 0.6703
3939.1279 0.6791
3940.0342 0.6825
3940.9407 0.6796
3941.8494 0.6774
3942.7561 0.6822
3943.6653 0.6930
3944.5725 0.7006
3945.4822 0.7001
3946.3899 0.6984
3947.2979 0.6992
3948.2080 0.7017
3949.1162 0.7027
3950.0269 0.7010
3950.9355 0.7008
3951.8467 0.7034
3952.7559 0.7022
3953.6650 0.6946
3954.5769 0.6857
3955.4866 0.6851
3956.3987 0.6914
3957.3088 0.6934
3958.2214 0.6853
3959.1321 0.6694
3960.0449 0.6530
3960.9561 0.6413
3961.8672 0.6269
3962.7808 0.5954
3963.6924 0.5335
3964.6064 0.4403
3965.5186 0.3353
3966.4329 0.2616
3967.3455 0.2614
3968.2581 0.3239
3969.1731 0.4142
3970.0862 0.5010
3971.0017 0.5665
3971.9153 0.6101
3972.8313 0.6392
3973.7451 0.6586
3974.6592 0.6726
3975.5759 0.6847
3976.4905 0.6968
3977.4075 0.7079
3978.3225 0.7149
3979.2397 0.7179
3980.1553 0.7194
3981.0708 0.7215
3981.9888 0.7247
3982.9050 0.7279
3983.8232 0.7291
3984.7397 0.7321
3985.6587 0.7376
3986.5757 0.7424
3987.4927 0.7441
3988.4121 0.7457
3989.3298 0.7505
3990.2498 0.7543
3991.1677 0.7541
3992.0879 0.7500
3993.0063 0.7443
3993.9250 0.7402
3994.8459 0.7367
3995.7649 0.7358
3996.6863 0.7398
3997.6057 0.7456
3998.5276 0.7465
3999.4475 0.7414
4000.3674 0.7434
4001.2900 0.7473
4002.2104 0.7450
4003.1333 0.7394
4004.0544 0.7404
4004.9775 0.7497
4005.8989 0.7580
4006.8206 0.7614
4007.7446 0.7623
4008.6665 0.7625
4009.5908 0.7618
4010.5132 0.7603
4011.4380 0.7608
4012.3608 0.7629
4013.2839 0.7652
4014.2095 0.7667
4015.1328 0.7675
4016.0588 0.7690
4016.9827 0.7705
4017.9089 0.7702
4018.8333 0.7689
4019.7578 0.7683
4020.6848 0.7689
4021.6096 0.7689
4022.5371 0.7677
4023.4624 0.7693
4024.3901 0.7728
4025.3162 0.7744
4026.2422 0.7707
4027.1704 0.7617
4028.0969 0.7520
4029.0259 0.7467
4029.9526 0.7449
4030.8821 0.7451
4031.8093 0.7481
4032.7390 0.7552
4033.6667 0.7640
4034.5947 0.7710
4035.5251 0.7749
4036.4534 0.7755
4037.3843 0.7738
4038.3130 0.7717
4039.2441 0.7714
4040.1736 0.7718
4041.1030 0.7674
4042.0347 0.7547
4042.9646 0.7374
4043.8970 0.7301
4044.8271 0.7442
4045.7600 0.7614
4046.6907 0.7707
4047.6216 0.7727
4048.5549 0.7727
4049.4863 0.7727
4050.4202 0.7705
4051.3521 0.7681
4052.2861 0.7664
4053.2185 0.7649
4054.1509 0.7629
4055.0857 0.7607
4056.0186 0.7617
4056.9539 0.7657
4057.8872 0.7688
4058.8230 0.7668
4059.7566 0.7568
4060.6907 0.7413
4061.6270 0.7351
4062.5613 0.7430
4063.4983 0.7526
4064.4331 0.7561
4065.3701 0.7559
4066.3054 0.7585
4067.2410 0.7592
4068.1787 0.7515
4069.1147 0.7423
4070.0530 0.7408
4070.9893 0.7488
4071.9280 0.7566
4072.8647 0.7566
4073.8018 0.7489
4074.7412 0.7376
4075.6787 0.7313
4076.6184 0.7368
4077.5562 0.7499
4078.4966 0.7582
4079.4348 0.7595
4080.3733 0.7564
4081.3142 0.7515
4082.2532 0.7468
4083.1943 0.7437
4084.1338 0.7439
4085.0757 0.7454
4086.0154 0.7458
4086.9553 0.7440
4087.8977 0.7398
4088.8381 0.7349
4089.7810 0.7313
4090.7219 0.7281
4091.6653 0.7234
4092.6064 0.7158
4093.5481 0.7047
4094.4919 0.6903
4095.4338 0.6711
4096.3784 0.6422
4097.3208 0.5960
4098.2656 0.5347
4099.2085 0.4809
4100.1514 0.4749
4101.0967 0.5266
4102.0400 0.5893
4102.9863 0.6370
4103.9302 0.6655
4104.8765 0.6810
4105.8208 0.6914
4106.7676 0.6993
4107.7124 0.7069
4108.6572 0.7143
4109.6045 0.7204
4110.5503 0.7242
4111.4980 0.7263
4112.4438 0.7293
4113.3921 0.7338
4114.3384 0.7366
4115.2852 0.7351
4116.2339 0.7309
4117.1807 0.7306
4118.1304 0.7335
4119.0776 0.7343
4120.0273 0.7355
4120.9751 0.7392
4121.9233 0.7435
4122.8740 0.7441
4123.8223 0.7408
4124.7734 0.7374
4125.7222 0.7365
4126.6733 0.7376
4127.6230 0.7379
4128.5723 0.7331
4129.5244 0.7237
4130.4746 0.7198
4131.4268 0.7226
4132.3774 0.7281
4133.3301 0.7322
4134.2812 0.7343
4135.2324 0.7357
4136.1855 0.7380
4137.1372 0.7403
4138.0913 0.7410
4139.0435 0.7378
4139.9976 0.7274
4140.9502 0.7122
4141.9028 0.7079
4142.8579 0.7164
4143.8110 0.7281
4144.7666 0.7330
4145.7202 0.7324
4146.6758 0.7330
4147.6299 0.7351
4148.5840 0.7369
4149.5405 0.7364
4150.4951 0.7322
4151.4526 0.7253
4152.4072 0.7220
4153.3647 0.7236
4154.3203 0.7256
4155.2764 0.7266
4156.2344 0.7293
4157.1904 0.7344
4158.1489 0.7370
4159.1055 0.7371
4160.0649 0.7368
4161.0220 0.7369
4161.9790 0.7371
4162.9390 0.7367
4163.8965 0.7327
4164.8564 0.7277
4165.8149 0.7270
4166.7754 0.7306
4167.7339 0.7333
4168.6929 0.7309
4169.6538 0.7256
4170.6133 0.7212
4171.5752 0.7196
4172.5347 0.7203
4173.4971 0.7220
4174.4570 0.7237
4175.4175 0.7251
4176.3799 0.7277
4177.3408 0.7303
4178.3042 0.7298
4179.2651 0.7258
4180.2290 0.7233
4181.1909 0.7247
4182.1548 0.7249
4183.1172 0.7217
4184.0796 0.7154
4185.0444 0.7094
4186.0068 0.7104
4186.9722 0.7189
4187.9355 0.7233
4188.9014 0.7223
4189.8647 0.7215
4190.8286 0.7243
4191.7949 0.7265
4192.7593 0.7247
4193.7261 0.7225
4194.6909 0.7170
4195.6582 0.7074
4196.6235 0.6999
4197.5889 0.7028
4198.5571 0.7067
4199.5229 0.7063
4200.4912 0.7074
4201.4575 0.7120
4202.4263 0.7164
4203.3931 0.7178
4204.3599 0.7182
4205.3296 0.7198
4206.2969 0.7202
4207.2671 0.7177
4208.2349 0.7143
4209.2051 0.7148
4210.1738 0.7169
4211.1421 0.7146
4212.1133 0.7064
4213.0820 0.6966
4214.0537 0.6925
4215.0229 0.6977
4215.9951 0.7030
4216.9648 0.7069
4217.9351 0.7099
4218.9077 0.7108
4219.8784 0.7080
4220.8516 0.7033
4221.8223 0.6983
4222.7959 0.6839
4223.7676 0.6629
4224.7393 0.6523
4225.7134 0.6667
4226.6855 0.6946
4227.6602 0.7077
4228.6328 0.7087
4229.6079 0.7034
4230.5806 0.6971
4231.5542 0.6942
4232.5298 0.6954
4233.5034 0.6933
4234.4800 0.6935
4235.4541 0.6972
4236.4307 0.7017
4237.4053 0.7047
4238.3799 0.7071
4239.3574 0.7064
4240.3325 0.7037
4241.3105 0.7017
4242.2861 0.6999
4243.2642 0.6949
4244.2407 0.6869
4245.2168 0.6827
4246.1958 0.6804
4247.1729 0.6756
4248.1519 0.6720
4249.1294 0.6768
4250.1094 0.6881
4251.0869 0.6886
4252.0649 0.6839
4253.0454 0.6840
4254.0239 0.6899
4255.0049 0.6952
4255.9834 0.6936
4256.9648 0.6857
4257.9443 0.6784
4258.9263 0.6782
4259.9058 0.6850
4260.8857 0.6933
4261.8687 0.6983
4262.8491 0.6997
4263.8320 0.6972
4264.8130 0.6930
4265.7964 0.6900
4266.7778 0.6876
4267.7593 0.6787
4268.7432 0.6631
4269.7256 0.6585
4270.7100 0.6640
4271.6924 0.6701
4272.6772 0.6730
4273.6606 0.6802
4274.6436 0.6886
4275.6294 0.6921
4276.6128 0.6902
4277.5991 0.6857
4278.5830 0.6812
4279.5698 0.6774
4280.5542 0.6758
4281.5391 0.6784
4282.5264 0.6806
4283.5117 0.6797
4284.4990 0.6773
4285.4849 0.6734
4286.4731 0.6624
4287.4590 0.6534
4288.4453 0.6539
4289.4346 0.6615
4290.4214 0.6669
4291.4106 0.6653
4292.3979 0.6662
4293.3877 0.6691
4294.3755 0.6673
4295.3633 0.6570
4296.3535 0.6412
4297.3423 0.6281
4298.3330 0.6264
4299.3218 0.6284
4300.3135 0.6318
4301.3027 0.6375
4302.2920 0.6438
4303.2842 0.6438
4304.2744 0.6341
4305.2666 0.6226
4306.2573 0.6203
4307.2500 0.6280
4308.2412 0.6376
4309.2319 0.6428
4310.2261 0.6473
4311.2173 0.6517
4312.2114 0.6581
4313.2036 0.6686
4314.1982 0.6814
4315.1904 0.6878
4316.1836 0.6866
4317.1787 0.6850
4318.1719 0.6837
4319.1675 0.6811
4320.1611 0.6753
4321.1572 0.6645
4322.1514 0.6521
4323.1460 0.6464
4324.1426 0.6522
4325.1377 0.6647
4326.1348 0.6738
4327.1299 0.6746
4328.1279 0.6722
4329.1235 0.6687
4330.1196 0.6642
4331.1182 0.6581
4332.1143 0.6493
4333.1133 0.6359
4334.1104 0.6139
4335.1099 0.5818
4336.1069 0.5371
4337.1069 0.4852
4338.1045 0.4502
4339.1025 0.4689
4340.1030 0.5258
4341.1016 0.5748
4342.1025 0.6064
4343.1016 0.6268
4344.1030 0.6417
4345.1025 0.6524
4346.1021 0.6597
4347.1040 0.6620
4348.1040 0.6570
4349.1069 0.6485
4350.1074 0.6464
4351.1104 0.6568
4352.1113 0.6677
4353.1128 0.6735
4354.1167 0.6762
4355.1182 0.6779
4356.1226 0.6789
4357.1245 0.6795
4358.1294 0.6813
4359.1318 0.6822
4360.1348 0.6823
4361.1401 0.6829
4362.1436 0.6849
4363.1494 0.6861
4364.1528 0.6841
4365.1592 0.6817
4366.1636 0.6810
4367.1680 0.6815
4368.1753 0.6821
4369.1802 0.6836
4370.1875 0.6849
4371.1929 0.6816
4372.2007 0.6754
4373.2065 0.6711
4374.2129 0.6728
4375.2212 0.6793
4376.2280 0.6848
4377.2368 0.6880
4378.2441 0.6878
4379.2534 0.6810
4380.2612 0.6670
4381.2686 0.6550
4382.2793 0.6610
4383.2871 0.6732
4384.2979 0.6817
4385.3066 0.6850
4386.3179 0.6865
4387.3267 0.6879
4388.3359 0.6874
4389.3481 0.6862
4390.3579 0.6839
4391.3701 0.6794
4392.3804 0.6748
4393.3936 0.6767
4394.4043 0.6833
4395.4150 0.6859
4396.4287 0.6836
4397.4399 0.6799
4398.4541 0.6792
4399.4658 0.6819
4400.4805 0.6797
4401.4927 0.6691
4402.5054 0.6621
4403.5205 0.6670
4404.5337 0.6787
4405.5493 0.6835
4406.5625 0.6854
4407.5786 0.6877
4408.5928 0.6896
4409.6069 0.6900
4410.6240 0.6872
4411.6387 0.6786
4412.6558 0.6699
4413.6709 0.6693
4414.6885 0.6738
4415.7041 0.6792
4416.7227 0.6843
4417.7388 0.6881
4418.7549 0.6873
4419.7739 0.6847
4420.7905 0.6833
4421.8101 0.6824
4422.8271 0.6797
4423.8472 0.6754
4424.8647 0.6737
4425.8828 0.6751
4426.9033 0.6771
4427.9219 0.6785
4428.9429 0.6804
4429.9619 0.6815
4430.9834 0.6781
4432.0024 0.6715
4433.0220 0.6679
4434.0444 0.6707
4435.0645 0.6774
4436.0874 0.6816
4437.1079 0.6832
4438.1309 0.6810
4439.1519 0.6750
4440.1733 0.6673
4441.1968 0.6633
4442.2188 0.6675
4443.2432 0.6736
4444.2651 0.6746
4445.2900 0.6733
4446.3125 0.6730
4447.3354 0.6734
4448.3613 0.6734
4449.3843 0.6752
4450.4106 0.6736
4451.4341 0.6667
4452.4609 0.6591
4453.4849 0.6573
4454.5098 0.6603
4455.5366 0.6616
4456.5615 0.6638
4457.5894 0.6665
4458.6147 0.6678
4459.6431 0.6679
4460.6689 0.6699
4461.6953 0.6726
4462.7241 0.6725
4463.7505 0.6693
4464.7798 0.6648
4465.8071 0.6621
4466.8369 0.6635
4467.8643 0.6683
4468.8921 0.6736
4469.9229 0.6773
4470.9512 0.6786
4471.9819 0.6767
4473.0107 0.6721
4474.0425 0.6705
4475.0718 0.6726
4476.1011 0.6743
4477.1333 0.6729
4478.1631 0.6678
4479.1958 0.6609
4480.2266 0.6599
4481.2593 0.6658
4482.2905 0.6720
4483.3213 0.6745
4484.3555 0.6739
4485.3872 0.6724
4486.4214 0.6687
4487.4536 0.6653
4488.4883 0.6657
4489.5210 0.6690
4490.5537 0.6702
4491.5889 0.6671
4492.6226 0.6666
4493.6582 0.6694
4494.6919 0.6723
4495.7285 0.6729
4496.7627 0.6705
4497.7998 0.6653
4498.8345 0.6618
4499.8696 0.6640
4500.9072 0.6688
4501.9424 0.6721
4502.9805 0.6726
4504.0166 0.6710
4505.0552 0.6684
4506.0913 0.6681
4507.1279 0.6702
4508.1675 0.6718
4509.2046 0.6710
4510.2446 0.6695
4511.2822 0.6681
4512.3223 0.6664
4513.3604 0.6654
4514.3984 0.6649
4515.4395 0.6638
4516.4785 0.6623
4517.5200 0.6621
4518.5591 0.6621
4519.6011 0.6615
4520.6406 0.6603
4521.6807 0.6594
4522.7236 0.6585
4523.7642 0.6571
4524.8071 0.6531
4525.8481 0.6487
4526.8916 0.6473
4527.9331 0.6495
4528.9746 0.6505
4530.0190 0.6478
4531.0610 0.6435
4532.1060 0.6419
4533.1489 0.6446
4534.1938 0.6489
4535.2373 0.6520
4536.2803 0.6545
4537.3267 0.6542
4538.3701 0.6521
4539.4170 0.6513
4540.4609 0.6529
4541.5083 0.6532
4542.5527 0.6518
4543.5981 0.6514
4544.6455 0.6501
4545.6909 0.6450
4546.7393 0.6377
4547.7852 0.6369
4548.8340 0.6433
4549.8804 0.6454
4550.9272 0.6427
4551.9766 0.6401
4553.0239 0.6415
4554.0737 0.6453
4555.1216 0.6477
4556.1719 0.6480
4557.2197 0.6464
4558.2686 0.6441
4559.3193 0.6423
4560.3682 0.6411
4561.4199 0.6413
4562.4692 0.6448
4563.5215 0.6480
4564.5713 0.6479
4565.6211 0.6453
4566.6743 0.6441
4567.7246 0.6422
4568.7778 0.6386
4569.8291 0.6382
4570.8828 0.6427
4571.9341 0.6474
4572.9888 0.6480
4574.0405 0.6471
4575.0928 0.6469
4576.1479 0.6473
4577.2007 0.6469
4578.2559 0.6444
4579.3091 0.6410
4580.3652 0.6393
4581.4189 0.6396
4582.4731 0.6411
4583.5298 0.6424
4584.5840 0.6432
4585.6411 0.6447
4586.6963 0.6448
4587.7539 0.6440
4588.8091 0.6437
4589.8647 0.6443
4590.9233 0.6454
4591.9795 0.6464
4593.0386 0.6460
4594.0952 0.6448
4595.1543 0.6441
4596.2114 0.6443
4597.2690 0.6443
4598.3291 0.6427
4599.3867 0.6397
4600.4473 0.6372
4601.5059 0.6367
4602.5669 0.6382
4603.6255 0.6405
4604.6846 0.6420
4605.7466 0.6431
4606.8062 0.6441
4607.8687 0.6438
4608.9287 0.6418
4609.9912 0.6402
4611.0518 0.6418
4612.1128 0.6445
4613.1763 0.6451
4614.2373 0.6443
4615.3013 0.6437
4616.3633 0.6439
4617.4277 0.6443
4618.4897 0.6447
4619.5522 0.6455
4620.6177 0.6453
4621.6807 0.6439
4622.7466 0.6420
4623.8096 0.6418
4624.8760 0.6420
4625.9399 0.6413
4627.0044 0.6407
4628.0713 0.6414
4629.1357 0.6429
4630.2031 0.6428
4631.2686 0.6419
4632.3364 0.6412
4633.4023 0.6415
4634.4678 0.6426
4635.5366 0.6438
4636.6030 0.6439
4637.6724 0.6436
4638.7393 0.6436
4639.8091 0.6439
4640.8765 0.6439
4641.9438 0.6428
4643.0142 0.6407
4644.0825 0.6387
4645.1533 0.6387
4646.2222 0.6406
4647.2935 0.6424
4648.3623 0.6415
4649.4316 0.6397
4650.5039 0.6404
4651.5737 0.6424
4652.6465 0.6442
4653.7168 0.6451
4654.7900 0.6450
4655.8608 0.6454
4656.9346 0.6464
4658.0059 0.6466
4659.0771 0.6462
4660.1519 0.6457
4661.2236 0.6452
4662.2983 0.6446
4663.3711 0.6430
4664.4463 0.6411
4665.5195 0.6401
4666.5928 0.6400
4667.6689 0.6399
4668.7427 0.6403
4669.8193 0.6410
4670.8936 0.6417
4671.9707 0.6427
4673.0454 0.6437
4674.1206 0.6441
4675.1982 0.6436
4676.2739 0.6421
4677.3521 0.6412
4678.4282 0.6402
4679.5073 0.6383
4680.5835 0.6364
4681.6602 0.6362
4682.7397 0.6373
4683.8174 0.6382
4684.8975 0.6386
4685.9751 0.6390
4687.0557 0.6393
4688.1338 0.6385
4689.2124 0.6378
4690.2935 0.6380
4691.3726 0.6383
4692.4546 0.6375
4693.5342 0.6352
4694.6162 0.6320
4695.6963 0.6322
4696.7764 0.6349
4697.8594 0.6357
4698.9404 0.6325
4700.0239 0.6278
4701.1050 0.6274
4702.1890 0.6315
4703.2710 0.6335
4704.3530 0.6326
4705.4375 0.6315
4706.5200 0.6326
4707.6055 0.6350
4708.6885 0.6359
4709.7744 0.6347
4710.8579 0.6323
4711.9414 0.6306
4713.0283 0.6316
4714.1123 0.6340
4715.1992 0.6348
4716.2842 0.6348
4717.3716 0.6345
4718.4570 0.6340
4719.5425 0.6332
4720.6309 0.6332
4721.7168 0.6334
4722.8057 0.6329
4723.8921 0.6316
4724.9814 0.6302
4726.0684 0.6298
4727.1553 0.6302
4728.2456 0.6300
4729.3335 0.6288
4730.4238 0.6274
4731.5122 0.6265
4732.6030 0.6261
4733.6919 0.6249
4734.7808 0.6244
4735.8726 0.6246
4736.9624 0.6239
4738.0547 0.6217
4739.1445 0.6199
4740.2373 0.6209
4741.3276 0.6221
4742.4214 0.6217
4743.5122 0.6206
4744.6035 0.6193
4745.6973 0.6178
4746.7891 0.6161
4747.8838 0.6142
4748.9761 0.6134
4750.0713 0.6135
4751.1641 0.6135
4752.2568 0.6122
4753.3525 0.6093
4754.4463 0.6071
4755.5425 0.6067
4756.6367 0.6075
4757.7334 0.6080
4758.8281 0.6073
4759.9229 0.6058
4761.0205 0.6036
4762.1157 0.5985
4763.2139 0.5952
4764.3096 0.5980
4765.4082 0.6050
4766.5044 0.6084
4767.6011 0.6084
4768.7002 0.6068
4769.7974 0.6051
4770.8975 0.6042
4771.9951 0.6037
4773.0952 0.6020
4774.1934 0.6013
4775.2915 0.6024
4776.3926 0.6034
4777.4917 0.6038
4778.5933 0.6042
4779.6924 0.6037
4780.7949 0.6025
4781.8945 0.6022
4782.9946 0.6025
4784.0977 0.6025
4785.1982 0.6022
4786.3018 0.6008
4787.4028 0.5995
4788.5068 0.5992
4789.6084 0.5989
4790.7100 0.5979
4791.8149 0.5970
4792.9170 0.5969
4794.0225 0.5984
4795.1255 0.6000
4796.2310 0.6007
4797.3345 0.6004
4798.4380 0.5992
4799.5444 0.5974
4800.6489 0.5959
4801.7559 0.5946
4802.8604 0.5939
4803.9678 0.5938
4805.0732 0.5942
4806.1782 0.5942
4807.2866 0.5944
4808.3926 0.5951
4809.5015 0.5956
4810.6079 0.5953
4811.7173 0.5951
4812.8242 0.5960
4813.9312 0.5964
4815.0415 0.5955
4816.1489 0.5944
4817.2598 0.5934
4818.3677 0.5920
4819.4790 0.5910
4820.5879 0.5909
4821.6968 0.5915
4822.8086 0.5922
4823.9180 0.5925
4825.0303 0.5919
4826.1401 0.5909
4827.2534 0.5898
4828.3638 0.5888
4829.4771 0.5880
4830.5884 0.5880
4831.6992 0.5887
4832.8135 0.5887
4833.9253 0.5881
4835.0400 0.5879
4836.1523 0.5876
4837.2676 0.5864
4838.3804 0.5845
4839.4937 0.5843
4840.6094 0.5841
4841.7231 0.5828
4842.8394 0.5813
4843.9536 0.5803
4845.0708 0.5794
4846.1851 0.5784
4847.3003 0.5766
4848.4180 0.5736
4849.5332 0.5701
4850.6514 0.5657
4851.7676 0.5591
4852.8862 0.5509
4854.0024 0.5414
4855.1191 0.5254
4856.2388 0.4945
4857.3560 0.4478
4858.4761 0.4069
4859.5938 0.4177
4860.7144 0.4676
4861.8325 0.5096
4862.9512 0.5340
4864.0723 0.5478
4865.1914 0.5564
4866.3135 0.5619
4867.4326 0.5618
4868.5552 0.5600
4869.6753 0.5625
4870.7954 0.5694
4871.9189 0.5753
4873.0396 0.5769
4874.1631 0.5755
4875.2847 0.5744
4876.4087 0.5763
4877.5308 0.5800
4878.6528 0.5819
4879.7778 0.5823
4880.9004 0.5833
4882.0259 0.5842
4883.1489 0.5846
4884.2749 0.5843
4885.3984 0.5825
4886.5225 0.5794
4887.6494 0.5735
4888.7734 0.5716
4889.9009 0.5756
4891.0259 0.5817
4892.1538 0.5850
4893.2793 0.5872
4894.4048 0.5882
4895.5337 0.5881
4896.6597 0.5876
4897.7891 0.5870
4898.9155 0.5863
4900.0454 0.5852
4901.1724 0.5845
4902.2998 0.5845
4903.4307 0.5844
4904.5586 0.5843
4905.6895 0.5852
4906.8179 0.5868
4907.9497 0.5877
4909.0786 0.5878
4910.2080 0.5884
4911.3403 0.5898
4912.4702 0.5910
4913.6030 0.5905
4914.7334 0.5877
4915.8667 0.5813
4916.9976 0.5749
4918.1313 0.5737
4919.2627 0.5784
4920.3945 0.5810
4921.5288 0.5814
4922.6611 0.5846
4923.7964 0.5881
4924.9292 0.5894
4926.0649 0.5899
4927.1978 0.5909
4928.3315 0.5911
4929.4678 0.5888
4930.6021 0.5847
4931.7388 0.5823
4932.8735 0.5845
4934.0107 0.5867
4935.1460 0.5852
4936.2812 0.5844
4937.4194 0.5860
4938.5557 0.5889
4939.6943 0.5914
4940.8306 0.5924
4941.9702 0.5920
4943.1069 0.5916
4944.2441 0.5919
4945.3843 0.5929
4946.5220 0.5941
4947.6626 0.5946
4948.8008 0.5939
4949.9419 0.5935
4951.0806 0.5929
4952.2197 0.5902
4953.3618 0.5829
4954.5010 0.5725
4955.6436 0.5754
4956.7837 0.5852
4957.9268 0.5919
4959.0674 0.5931
4960.2080 0.5929
4961.3521 0.5927
4962.4932 0.5911
4963.6377 0.5905
4964.7793 0.5920
4965.9243 0.5943
4967.0669 0.5947
4968.2095 0.5933
4969.3550 0.5930
4970.4980 0.5940
4971.6445 0.5950
4972.7881 0.5950
4973.9351 0.5939
4975.0791 0.5933
4976.2236 0.5934
4977.3711 0.5924
4978.5161 0.5898
4979.6641 0.5868
4980.8096 0.5857
4981.9585 0.5866
4983.1045 0.5890
4984.2510 0.5914
4985.4004 0.5924
4986.5469 0.5914
4987.6968 0.5893
4988.8442 0.5887
4989.9946 0.5898
4991.1426 0.5905
4992.2910 0.5913
4993.4419 0.5924
4994.5908 0.5927
4995.7427 0.5916
4996.8921 0.5909
4998.0439 0.5905
4999.1938 0.5905
5000.3438 0.5911
5001.4971 0.5907
5002.6475 0.5857
5003.8013 0.5825
5004.9521 0.5852
5006.1064 0.5897
5007.2583 0.5911
5008.4126 0.5886
5009.5649 0.5850
5010.7173 0.5849
5011.8730 0.5864
5013.0259 0.5882
5014.1816 0.5877
5015.3354 0.5840
5016.4917 0.5832
5017.6460 0.5874
5018.8003 0.5898
5019.9575 0.5899
5021.1123 0.5897
5022.2700 0.5899
5023.4258 0.5900
5024.5840 0.5897
5025.7397 0.5891
5026.8960 0.5870
5028.0552 0.5841
5029.2119 0.5839
5030.3716 0.5879
5031.5288 0.5879
5032.6890 0.5852
5033.8472 0.5835
5035.0049 0.5837
5036.1660 0.5838
5037.3247 0.5817
5038.4863 0.5792
5039.6455 0.5800
5040.8076 0.5829
5041.9668 0.5852
5043.1270 0.5863
5044.2900 0.5872
5045.4502 0.5863
5046.6138 0.5838
5047.7749 0.5819
5048.9390 0.5823
5050.1001 0.5851
5051.2622 0.5875
5052.4268 0.5883
5053.5894 0.5883
5054.7544 0.5880
5055.9175 0.5874
5057.0830 0.5870
5058.2466 0.5870
5059.4102 0.5876
5060.5771 0.5878
5061.7412 0.5874
5062.9082 0.5870
5064.0732 0.5868
5065.2407 0.5848
5066.4062 0.5840
5067.5718 0.5846
5068.7402 0.5845
5069.9062 0.5831
5071.0752 0.5817
5072.2417 0.5810
5073.4116 0.5817
5074.5786 0.5814
5075.7461 0.5792
5076.9165 0.5771
5078.0845 0.5774
5079.2554 0.5790
5080.4238 0.5805
5081.5957 0.5821
5082.7646 0.5831
5083.9336 0.5828
5085.1060 0.5821
5086.2759 0.5820
5087.4487 0.5822
5088.6191 0.5823
5089.7925 0.5821
5090.9634 0.5814
5092.1348 0.5809
5093.3091 0.5802
5094.4805 0.5786
5095.6553 0.5773
5096.8276 0.5777
5098.0029 0.5792
5099.1758 0.5805
5100.3516 0.5807
5101.5249 0.5807
5102.6987 0.5789
5103.8750 0.5750
5105.0493 0.5720
5106.2266 0.5728
5107.4014 0.5743
5108.5791 0.5763
5109.7544 0.5781
5110.9297 0.5783
5112.1084 0.5773
5113.2842 0.5770
5114.4634 0.5776
5115.6401 0.5779
5116.8198 0.5772
5117.9966 0.5763
5119.1743 0.5754
5120.3545 0.5742
5121.5327 0.5732
5122.7134 0.5730
5123.8921 0.5724
5125.0737 0.5723
5126.2524 0.5731
5127.4321 0.5739
5128.6143 0.5733
5129.7939 0.5720
5130.9771 0.5716
5132.1572 0.5719
5133.3408 0.5714
5134.5220 0.5689
5135.7031 0.5650
5136.8872 0.5633
5138.0688 0.5652
5139.2539 0.5672
5140.4360 0.5676
5141.6216 0.5683
5142.8042 0.5692
5143.9873 0.5703
5145.1738 0.5703
5146.3574 0.5697
5147.5439 0.5692
5148.7280 0.5688
5149.9155 0.5683
5151.1001 0.5678
5152.2852 0.5671
5153.4731 0.5662
5154.6587 0.5661
5155.8477 0.5673
5157.0337 0.5689
5158.2227 0.5684
5159.4097 0.5673
5160.5962 0.5666
5161.7861 0.5639
5162.9736 0.5536
5164.1646 0.5346
5165.3525 0.5321
5166.5435 0.5431
5167.7319 0.5473
5168.9209 0.5368
5170.1128 0.5278
5171.3022 0.5436
5172.4946 0.5590
5173.6846 0.5649
5174.8779 0.5648
5176.0684 0.5634
5177.2588 0.5620
5178.4526 0.5580
5179.6440 0.5385
5180.8384 0.5257
5182.0303 0.5337
5183.2251 0.5524
5184.4175 0.5595
5185.6104 0.5567
5186.8062 0.5552
5187.9995 0.5532
5189.1958 0.5509
5190.3896 0.5508
5191.5864 0.5535
5192.7808 0.5552
5193.9780 0.5564
5195.1729 0.5569
5196.3682 0.5573
5197.5664 0.5574
5198.7622 0.5562
5199.9609 0.5538
5201.1572 0.5511
5202.3564 0.5495
5203.5532 0.5494
5204.7505 0.5492
5205.9507 0.5487
5207.1484 0.5523
5208.3491 0.5555
5209.5474 0.5560
5210.7485 0.5550
5211.9473 0.5538
5213.1460 0.5524
5214.3481 0.5526
5215.5479 0.5542
5216.7505 0.5550
5217.9507 0.5544
5219.1538 0.5532
5220.3545 0.5528
5221.5557 0.5519
5222.7598 0.5446
5223.9609 0.5375
5225.1655 0.5389
5226.3677 0.5469
5227.5728 0.5511
5228.7754 0.5488
5229.9785 0.5455
5231.1846 0.5464
5232.3877 0.5494
5233.5942 0.5512
5234.7983 0.5512
5236.0054 0.5517
5237.2100 0.5517
5238.4150 0.5503
5239.6230 0.5494
5240.8281 0.5502
5242.0366 0.5518
5243.2427 0.5515
5244.4517 0.5496
5245.6582 0.5482
5246.8652 0.5476
5248.0747 0.5478
5249.2822 0.5483
5250.4927 0.5474
5251.7007 0.5467
5252.9116 0.5480
5254.1201 0.5487
5255.3286 0.5473
5256.5405 0.5458
5257.7500 0.5453
5258.9624 0.5434
5260.1724 0.5427
5261.3853 0.5420
5262.5957 0.5399
5263.8062 0.5374
5265.0200 0.5352
5266.2310 0.5256
5267.4458 0.5232
5268.6572 0.5310
5269.8721 0.5410
5271.0845 0.5444
5272.2974 0.5443
5273.5132 0.5437
5274.7261 0.5436
5275.9424 0.5433
5277.1562 0.5423
5278.3730 0.5410
5279.5874 0.5395
5280.8047 0.5392
5282.0195 0.5410
5283.2349 0.5430
5284.4531 0.5439
5285.6689 0.5437
5286.8877 0.5436
5288.1040 0.5431
5289.3232 0.5435
5290.5400 0.5443
5291.7573 0.5444
5292.9775 0.5431
5294.1953 0.5407
5295.4160 0.5393
5296.6343 0.5393
5297.8555 0.5396
5299.0742 0.5395
5300.2935 0.5398
5301.5156 0.5414
5302.7354 0.5419
5303.9580 0.5412
5305.1782 0.5407
5306.4014 0.5406
5307.6221 0.5407
5308.8433 0.5414
5310.0674 0.5415
5311.2891 0.5404
5312.5137 0.5380
5313.7358 0.5358
5314.9614 0.5363
5316.1841 0.5396
5317.4072 0.5398
5318.6333 0.5382
5319.8569 0.5356
5321.0835 0.5332
5322.3076 0.5323
5323.5347 0.5315
5324.7598 0.5244
5325.9844 0.5252
5327.2129 0.5326
5328.4380 0.5376
5329.6670 0.5370
5330.8931 0.5384
5332.1221 0.5393
5333.3491 0.5388
5334.5757 0.5379
5335.8062 0.5364
5337.0337 0.5334
5338.2642 0.5323
5339.4922 0.5341
5340.7236 0.5351
5341.9521 0.5355
5343.1812 0.5362
5344.4131 0.5364
5345.6426 0.5357
5346.8755 0.5359
5348.1055 0.5366
5349.3389 0.5369
5350.5693 0.5364
5351.8003 0.5356
5353.0342 0.5349
5354.2656 0.5358
5355.5005 0.5363
5356.7324 0.5353
5357.9678 0.5339
5359.2002 0.5335
5360.4331 0.5337
5361.6694 0.5329
5362.9028 0.5322
5364.1392 0.5317
5365.3735 0.5312
5366.6108 0.5297
5367.8452 0.5250
5369.0801 0.5249
5370.3184 0.5295
5371.5537 0.5338
5372.7925 0.5347
5374.0283 0.5333
5375.2676 0.5330
5376.5039 0.5346
5377.7441 0.5347
5378.9810 0.5329
5380.2183 0.5311
5381.4590 0.5310
5382.6973 0.5322
5383.9385 0.5325
5385.1768 0.5323
5386.4189 0.5314
5387.6577 0.5303
5388.8975 0.5299
5390.1401 0.5305
5391.3799 0.5311
5392.6230 0.5281
5393.8638 0.5239
5395.1074 0.5234
5396.3486 0.5278
5397.5903 0.5296
5398.8350 0.5297
5400.0767 0.5271
5401.3223 0.5227
5402.5645 0.5197
5403.8105 0.5215
5405.0537 0.5258
5406.2969 0.5285
5407.5439 0.5299
5408.7876 0.5303
5410.0352 0.5294
5411.2798 0.5272
5412.5273 0.5260
5413.7725 0.5283
5415.0181 0.5299
5416.2666 0.5297
5417.5127 0.5291
5418.7617 0.5290
5420.0083 0.5275
5421.2583 0.5257
5422.5054 0.5262
5423.7529 0.5275
5425.0034 0.5257
5426.2515 0.5205
5427.5029 0.5200
5428.7515 0.5250
5430.0034 0.5253
5431.2524 0.5225
5432.5020 0.5224
5433.7549 0.5256
5435.0049 0.5266
5436.2578 0.5267
5437.5088 0.5265
5438.7627 0.5265
5440.0137 0.5264
5441.2651 0.5247
5442.5200 0.5205
5443.7720 0.5169
5445.0273 0.5187
5446.2798 0.5230
5447.5356 0.5257
5448.7891 0.5266
5450.0425 0.5272
5451.2993 0.5230
5452.5532 0.5184
5453.8105 0.5191
5455.0654 0.5238
5456.3232 0.5257
5457.5786 0.5242
5458.8340 0.5208
5460.0928 0.5187
5461.3486 0.5185
5462.6084 0.5191
5463.8647 0.5194
5465.1250 0.5203
5466.3823 0.5210
5467.6396 0.5218
5468.9004 0.5223
5470.1587 0.5217
5471.4199 0.5201
5472.6787 0.5175
5473.9404 0.5157
5475.1997 0.5175
5476.4624 0.5200
5477.7222 0.5210
5478.9824 0.5212
5480.2461 0.5213
5481.5068 0.5213
5482.7705 0.5209
5484.0322 0.5202
5485.2964 0.5199
5486.5586 0.5208
5487.8208 0.5218
5489.0859 0.5216
5490.3491 0.5206
5491.6147 0.5198
5492.8784 0.5190
5494.1450 0.5173
5495.4087 0.5171
5496.6729 0.5178
5497.9404 0.5174
5499.2056 0.5170
5500.4736 0.5174
5501.7388 0.5171
5503.0073 0.5157
5504.2734 0.5151
5505.5396 0.5159
5506.8096 0.5170
5508.0762 0.5175
5509.3462 0.5173
5510.6138 0.5169
5511.8843 0.5166
5513.1523 0.5166
5514.4209 0.5172
5515.6924 0.5180
5516.9614 0.5178
5518.2334 0.5166
5519.5029 0.5157
5520.7759 0.5150
5522.0459 0.5140
5523.3159 0.5118
5524.5898 0.5081
5525.8608 0.5068
5527.1348 0.5105
5528.4062 0.5133
5529.6812 0.5141
5530.9536 0.5142
5532.2256 0.5140
5533.5015 0.5137
5534.7744 0.5131
5536.0508 0.5131
5537.3242 0.5135
5538.6011 0.5133
5539.8755 0.5125
5541.1499 0.5118
5542.4277 0.5114
5543.7026 0.5113
5544.9810 0.5114
5546.2568 0.5117
5547.5356 0.5119
5548.8115 0.5122
5550.0884 0.5112
5551.3682 0.5105
5552.6450 0.5106
5553.9258 0.5108
5555.2031 0.5105
5556.4844 0.5104
5557.7627 0.5107
5559.0410 0.5107
5560.3232 0.5101
5561.6021 0.5091
5562.8848 0.5088
5564.1646 0.5082
5565.4473 0.5070
5566.7280 0.5057
5568.0083 0.5045
5569.2925 0.5037
5570.5737 0.5041
5571.8579 0.5053
5573.1401 0.5053
5574.4253 0.5057
5575.7075 0.5061
5576.9932 0.5055
5578.2764 0.5043
5579.5596 0.5042
5580.8462 0.5046
5582.1299 0.5029
5583.4170 0.5002
5584.7017 0.4982
5585.9893 0.4981
5587.2744 0.5003
5588.5601 0.5022
5589.8486 0.5020
5591.1348 0.5011
5592.4238 0.5011
5593.7104 0.5015
5595.0005 0.5000
5596.2876 0.4998
5597.5747 0.4997
5598.8657 0.4991
5600.1538 0.4992
5601.4448 0.5008
5602.7334 0.5016
5604.0254 0.5009
5605.3149 0.5005
5606.6045 0.5004
5607.8970 0.5000
5609.1870 0.4994
5610.4805 0.4982
5611.7715 0.4946
5613.0654 0.4936
5614.3569 0.4960
5615.6484 0.4985
5616.9434 0.4988
5618.2354 0.4986
5619.5308 0.4966
5620.8237 0.4955
5622.1201 0.4964
5623.4131 0.4982
5624.7070 0.4986
5626.0039 0.4982
5627.2983 0.4978
5628.5957 0.4974
5629.8906 0.4967
5631.1890 0.4957
5632.4844 0.4953
5633.7803 0.4955
5635.0791 0.4954
5636.3755 0.4957
5637.6753 0.4959
5638.9722 0.4957
5640.2725 0.4955
5641.5703 0.4950
5642.8682 0.4944
5644.1694 0.4942
5645.4678 0.4941
5646.7695 0.4939
5648.0684 0.4934
5649.3711 0.4935
5650.6704 0.4935
5651.9707 0.4931
5653.2739 0.4924
5654.5742 0.4916
5655.8784 0.4910
5657.1797 0.4918
5658.4839 0.4923
5659.7856 0.4923
5661.0879 0.4921
5662.3931 0.4920
5663.6958 0.4919
5665.0020 0.4912
5666.3052 0.4906
5667.6118 0.4909
5668.9155 0.4917
5670.2197 0.4921
5671.5273 0.4915
5672.8320 0.4897
5674.1401 0.4891
5675.4453 0.4891
5676.7539 0.4892
5678.0601 0.4890
5679.3696 0.4883
5680.6758 0.4875
5681.9829 0.4867
5683.2930 0.4864
5684.6006 0.4866
5685.9111 0.4865
5687.2192 0.4856
5688.5308 0.4854
5689.8394 0.4860
5691.1484 0.4863
5692.4609 0.4861
5693.7705 0.4864
5695.0835 0.4873
5696.3936 0.4872
5697.7070 0.4862
5699.0176 0.4845
5700.3286 0.4829
5701.6431 0.4825
5702.9551 0.4838
5704.2700 0.4835
5705.5825 0.4831
5706.8979 0.4833
5708.2109 0.4838
5709.5239 0.4840
5710.8408 0.4835
5712.1543 0.4833
5713.4717 0.4832
5714.7861 0.4827
5716.1040 0.4824
5717.4189 0.4824
5718.7339 0.4823
5720.0527 0.4822
5721.3687 0.4824
5722.6880 0.4824
5724.0044 0.4819
5725.3242 0.4807
5726.6416 0.4792
5727.9590 0.4788
5729.2798 0.4798
5730.5977 0.4808
5731.9194 0.4810
5733.2378 0.4805
5734.5601 0.4801
5735.8794 0.4799
5737.1987 0.4796
5738.5215 0.4799
5739.8418 0.4806
5741.1655 0.4809
5742.4863 0.4801
5743.8105 0.4784
5745.1318 0.4781
5746.4536 0.4788
5747.7783 0.4788
5749.1006 0.4778
5750.4268 0.4775
5751.7495 0.4779
5753.0757 0.4782
5754.3994 0.4783
5755.7231 0.4780
5757.0503 0.4776
5758.3745 0.4774
5759.7026 0.4768
5761.0273 0.4766
5762.3560 0.4768
5763.6816 0.4769
5765.0078 0.4770
5766.3369 0.4771
5767.6636 0.4766
5768.9937 0.4764
5770.3208 0.4762
5771.6514 0.4760
5772.9790 0.4759
5774.3071 0.4762
5775.6387 0.4761
5776.9673 0.4759
5778.2993 0.4755
5779.6289 0.4751
5780.9614 0.4747
5782.2915 0.4742
5783.6250 0.4736
5784.9556 0.4737
5786.2861 0.4739
5787.6206 0.4738
5788.9521 0.4738
5790.2871 0.4743
5791.6191 0.4746
5792.9546 0.4746
5794.2871 0.4746
5795.6201 0.4747
5796.9565 0.4748
5798.2900 0.4744
5799.6274 0.4743
5800.9614 0.4738
5802.2993 0.4733
5803.6338 0.4729
5804.9692 0.4729
5806.3076 0.4734
5807.6436 0.4736
5808.9824 0.4734
5810.3188 0.4724
5811.6587 0.4717
5812.9956 0.4720
5814.3330 0.4728
5815.6738 0.4731
5817.0117 0.4734
5818.3530 0.4734
5819.6914 0.4728
5821.0337 0.4722
5822.3726 0.4722
5823.7119 0.4728
5825.0552 0.4723
5826.3950 0.4714
5827.7388 0.4713
5829.0791 0.4716
5830.4233 0.4711
5831.7646 0.4710
5833.1064 0.4714
5834.4517 0.4715
5835.7935 0.4715
5837.1396 0.4715
5838.4824 0.4712
5839.8286 0.4704
5841.1719 0.4696
5842.5156 0.4696
5843.8633 0.4697
5845.2075 0.4693
5846.5552 0.4688
5847.9004 0.4686
5849.2490 0.4686
5850.5942 0.4683
5851.9404 0.4674
5853.2896 0.4659
5854.6362 0.4649
5855.9863 0.4660
5857.3335 0.4673
5858.6841 0.4675
5860.0322 0.4674
5861.3799 0.4675
5862.7319 0.4674
5864.0806 0.4669
5865.4326 0.4664
5866.7822 0.4661
5868.1348 0.4658
5869.4849 0.4656
5870.8350 0.4652
5872.1890 0.4649
5873.5400 0.4649
5874.8940 0.4648
5876.2456 0.4648
5877.6006 0.4647
5878.9531 0.4640
5880.3052 0.4632
5881.6611 0.4623
5883.0146 0.4616
5884.3711 0.4584
5885.7246 0.4515
5887.0820 0.4463
5888.4365 0.4528
5889.7939 0.4562
5891.1489 0.4526
5892.5044 0.4482
5893.8633 0.4498
5895.2192 0.4565
5896.5786 0.4579
5897.9351 0.4575
5899.2949 0.4568
5900.6523 0.4566
5902.0098 0.4573
5903.3706 0.4585
5904.7285 0.4584
5906.0903 0.4578
5907.4487 0.4572
5908.8110 0.4567
5910.1704 0.4567
5911.5303 0.4568
5912.8931 0.4559
5914.2534 0.4551
5915.6172 0.4549
5916.9780 0.4537
5918.3428 0.4519
5919.7041 0.4525
5921.0659 0.4535
5922.4312 0.4521
5923.7939 0.4521
5925.1597 0.4532
5926.5229 0.4534
5927.8896 0.4529
5929.2534 0.4535
5930.6172 0.4525
5931.9849 0.4524
5933.3496 0.4533
5934.7178 0.4538
5936.0830 0.4530
5937.4517 0.4526
5938.8179 0.4500
5940.1841 0.4462
5941.5537 0.4446
5942.9204 0.4457
5944.2910 0.4461
5945.6587 0.4458
5947.0298 0.4468
5948.3975 0.4468
5949.7661 0.4463
5951.1382 0.4464
5952.5073 0.4464
5953.8799 0.4472
5955.2495 0.4470
5956.6226 0.4460
5957.9932 0.4460
5959.3638 0.4472
5960.7378 0.4480
5962.1094 0.4474
5963.4839 0.4469
5964.8560 0.4459
5966.2314 0.4451
5967.6040 0.4451
5968.9766 0.4457
5970.3530 0.4454
5971.7266 0.4443
5973.1035 0.4431
5974.4780 0.4426
5975.8555 0.4430
5977.2305 0.4437
5978.6055 0.4446
5979.9839 0.4438
5981.3599 0.4428
5982.7388 0.4424
5984.1152 0.4421
5985.4951 0.4412
5986.8721 0.4415
5988.2495 0.4419
5989.6304 0.4419
5991.0083 0.4418
5992.3896 0.4420
5993.7681 0.4426
5995.1504 0.4432
5996.5298 0.4425
5997.9126 0.4411
5999.2920 0.4402
6000.6724 0.4403
6002.0562 0.4407
6003.4370 0.4409
6004.8213 0.4407
6006.2026 0.4404
6007.5874 0.4390
6008.9697 0.4364
6010.3521 0.4355
6011.7378 0.4379
6013.1211 0.4378
6014.5078 0.4371
6015.8911 0.4370
6017.2783 0.4367
6018.6626 0.4360
6020.0474 0.4349
6021.4355 0.4349
6022.8208 0.4354
6024.2095 0.4356
6025.5957 0.4354
6026.9849 0.4356
6028.3716 0.4357
6029.7583 0.4355
6031.1489 0.4353
6032.5361 0.4346
6033.9272 0.4337
6035.3154 0.4338
6036.7070 0.4340
6038.0957 0.4334
6039.4849 0.4328
6040.8774 0.4325
6042.2671 0.4326
6043.6606 0.4330
6045.0508 0.4329
6046.4448 0.4325
6047.8359 0.4323
6049.2271 0.4323
6050.6221 0.4320
6052.0142 0.4317
6053.4097 0.4319
6054.8022 0.4322
6056.1982 0.4321
6057.5918 0.4318
6058.9854 0.4315
6060.3823 0.4308
6061.7764 0.4299
6063.1743 0.4301
6064.5693 0.4306
6065.9678 0.4308
6067.3633 0.4307
6068.7588 0.4301
6070.1582 0.4295
6071.5547 0.4292
6072.9551 0.4293
6074.3521 0.4293
6075.7529 0.4294
6077.1504 0.4297
6078.5483 0.4292
6079.9502 0.4289
6081.3491 0.4289
6082.7515 0.4289
6084.1504 0.4285
6085.5537 0.4279
6086.9536 0.4278
6088.3540 0.4279
6089.7578 0.4281
6091.1587 0.4282
6092.5635 0.4278
6093.9648 0.4272
6095.3701 0.4265
6096.7725 0.4262
6098.1782 0.4253
6099.5811 0.4244
6100.9844 0.4250
6102.3911 0.4270
6103.7949 0.4276
6105.2026 0.4270
6106.6069 0.4261
6108.0151 0.4257
6109.4204 0.4258
6110.8257 0.4260
6112.2349 0.4254
6113.6411 0.4255
6115.0508 0.4260
6116.4575 0.4252
6117.8682 0.4228
6119.2754 0.4213
6120.6831 0.4235
6122.0947 0.4245
6123.5029 0.4241
6124.9150 0.4236
6126.3242 0.4233
6127.7368 0.4233
6129.1465 0.4236
6130.5566 0.4236
6131.9702 0.4222
6133.3809 0.4208
6134.7954 0.4209
6136.2065 0.4221
6137.6216 0.4218
6139.0337 0.4222
6140.4458 0.4228
6141.8618 0.4230
6143.2749 0.4229
6144.6914 0.4227
6146.1050 0.4224
6147.5220 0.4223
6148.9365 0.4220
6150.3511 0.4216
6151.7690 0.4213
6153.1846 0.4213
6154.6035 0.4213
6156.0190 0.4213
6157.4390 0.4186
6158.8555 0.4160
6160.2720 0.4171
6161.6929 0.4201
6163.1104 0.4203
6164.5312 0.4192
6165.9497 0.4184
6167.3711 0.4183
6168.7900 0.4188
6170.2095 0.4191
6171.6323 0.4191
6173.0518 0.4190
6174.4756 0.4192
6175.8960 0.4189
6177.3198 0.4183
6178.7412 0.4184
6180.1626 0.4180
6181.5874 0.4178
6183.0098 0.4177
6184.4355 0.4178
6185.8579 0.4175
6187.2847 0.4163
6188.7080 0.4157
6190.1318 0.4165
6191.5591 0.4169
6192.9834 0.4165
6194.4116 0.4164
6195.8364 0.4166
6197.2651 0.4166
6198.6909 0.4162
6200.1172 0.4159
6201.5469 0.4158
6202.9731 0.4159
6204.4038 0.4159
6205.8311 0.4159
6207.2622 0.4152
6208.6899 0.4147
6210.1216 0.4144
6211.5503 0.4141
6212.9795 0.4141
6214.4121 0.4139
6215.8418 0.4135
6217.2749 0.4135
6218.7056 0.4137
6220.1392 0.4136
6221.5703 0.4136
6223.0015 0.4135
6224.4365 0.4130
6225.8687 0.4115
6227.3042 0.4098
6228.7368 0.4096
6230.1729 0.4108
6231.6064 0.4118
6233.0400 0.4114
6234.4771 0.4107
6235.9116 0.4103
6237.3496 0.4101
6238.7842 0.4101
6240.2231 0.4099
6241.6587 0.4096
6243.0942 0.4095
6244.5342 0.4094
6245.9707 0.4092
6247.4111 0.4089
6248.8481 0.4079
6250.2891 0.4077
6251.7271 0.4077
6253.1650 0.4077
6254.6069 0.4077
6256.0459 0.4079
6257.4888 0.4078
6258.9282 0.4081
6260.3716 0.4079
6261.8115 0.4074
6263.2520 0.4070
6264.6963 0.4067
6266.1377 0.4063
6267.5825 0.4062
6269.0244 0.4062
6270.4702 0.4061
6271.9126 0.4058
6273.3555 0.4049
6274.8022 0.4007
6276.2456 0.3930
6277.6929 0.3907
6279.1372 0.3935
6280.5850 0.3969
6282.0298 0.3991
6283.4751 0.4009
6284.9238 0.4019
6286.3696 0.4018
6287.8193 0.4011
6289.2661 0.4006
6290.7163 0.4001
6292.1636 0.3991
6293.6108 0.3982
6295.0620 0.3980
6296.5103 0.3978
6297.9624 0.3977
6299.4111 0.3988
6300.8638 0.3992
6302.3135 0.3997
6303.7632 0.3996
6305.2168 0.3989
6306.6675 0.3987
6308.1216 0.3997
6309.5728 0.3990
6311.0278 0.3987
6312.4795 0.3980
6313.9316 0.3975
6315.3877 0.3978
6316.8403 0.3986
6318.2974 0.3983
6319.7510 0.3986
6321.2080 0.3987
6322.6621 0.3985
6324.1201 0.3984
6325.5752 0.3986
6327.0303 0.3982
6328.4893 0.3980
6329.9453 0.3981
6331.4048 0.3978
6332.8613 0.3973
6334.3218 0.3972
6335.7788 0.3977
6337.2363 0.3978
6338.6978 0.3978
6340.1558 0.3976
6341.6182 0.3972
6343.0767 0.3970
6344.5396 0.3970
6345.9990 0.3970
6347.4590 0.3971
6348.9229 0.3969
6350.3833 0.3959
6351.8477 0.3944
6353.3091 0.3949
6354.7739 0.3955
6356.2358 0.3956
6357.6982 0.3955
6359.1641 0.3956
6360.6270 0.3955
6362.0938 0.3951
6363.5576 0.3947
6365.0249 0.3944
6366.4893 0.3939
6367.9536 0.3933
6369.4224 0.3933
6370.8877 0.3939
6372.3564 0.3941
6373.8228 0.3940
6375.2925 0.3937
6376.7588 0.3933
6378.2261 0.3929
6379.6968 0.3929
6381.1646 0.3926
6382.6357 0.3922
6384.1040 0.3918
6385.5762 0.3917
6387.0454 0.3919
6388.5146 0.3910
6389.9878 0.3901
6391.4580 0.3907
6392.9316 0.3917
6394.4023 0.3914
6395.8770 0.3896
6397.3481 0.3892
6398.8198 0.3893
6400.2954 0.3895
6401.7681 0.3895
6403.2441 0.3894
6404.7173 0.3889
6406.1943 0.3892
6407.6680 0.3888
6409.1421 0.3888
6410.6196 0.3890
6412.0947 0.3887
6413.5732 0.3882
6415.0488 0.3882
6416.5278 0.3872
6418.0039 0.3865
6419.4805 0.3867
6420.9609 0.3872
6422.4380 0.3869
6423.9189 0.3866
6425.3970 0.3864
6426.8784 0.3858
6428.3569 0.3854
6429.8359 0.3856
6431.3184 0.3856
6432.7979 0.3854
6434.2812 0.3833
6435.7617 0.3816
6437.2456 0.3824
6438.7266 0.3843
6440.2114 0.3846
6441.6929 0.3844
6443.1748 0.3844
6444.6606 0.3837
6446.1431 0.3828
6447.6294 0.3824
6449.1128 0.3829
6450.6001 0.3825
6452.0840 0.3810
6453.5684 0.3801
6455.0566 0.3802
6456.5415 0.3801
6458.0303 0.3786
6459.5161 0.3778
6461.0054 0.3790
6462.4917 0.3799
6463.9785 0.3798
6465.4692 0.3791
6466.9565 0.3784
6468.4478 0.3777
6469.9360 0.3777
6471.4277 0.3780
6472.9165 0.3774
6474.4058 0.3755
6475.8984 0.3734
6477.3882 0.3734
6478.8818 0.3751
6480.3726 0.3759
6481.8667 0.3756
6483.3579 0.3753
6484.8496 0.3760
6486.3447 0.3761
6487.8369 0.3753
6489.3330 0.3731
6490.8262 0.3709
6492.3228 0.3705
6493.8164 0.3719
6495.3101 0.3726
6496.8081 0.3732
6498.3027 0.3735
6499.8013 0.3735
6501.2964 0.3733
6502.7954 0.3730
6504.2915 0.3728
6505.7876 0.3726
6507.2881 0.3724
6508.7852 0.3723
6510.2861 0.3721
6511.7837 0.3710
6513.2852 0.3697
6514.7837 0.3690
6516.2822 0.3690
6517.7852 0.3694
6519.2842 0.3696
6520.7876 0.3695
6522.2876 0.3690
6523.7920 0.3689
6525.2925 0.3686
6526.7939 0.3681
6528.2988 0.3676
6529.8008 0.3672
6531.3062 0.3665
6532.8091 0.3659
6534.3154 0.3659
6535.8184 0.3661
6537.3223 0.3659
6538.8296 0.3654
6540.3340 0.3640
6541.8423 0.3621
6543.3472 0.3608
6544.8560 0.3601
6546.3613 0.3592
6547.8677 0.3574
6549.3774 0.3559
6550.8843 0.3528
6552.3945 0.3492
6553.9019 0.3437
6555.4136 0.3340
6556.9214 0.3158
6558.4336 0.2810
6559.9424 0.2807
6561.4512 0.3070
6562.9644 0.3318
6564.4741 0.3422
6565.9878 0.3480
6567.4985 0.3513
6569.0127 0.3536
6570.5239 0.3549
6572.0356 0.3559
6573.5513 0.3569
6575.0635 0.3581
6576.5796 0.3591
6578.0923 0.3592
6579.6094 0.3591
6581.1230 0.3594
6582.6372 0.3598
6584.1548 0.3599
6585.6694 0.3602
6587.1885 0.3603
6588.7036 0.3599
6590.2231 0.3599
6591.7393 0.3606
6593.2554 0.3607
6594.7759 0.3606
6596.2930 0.3608
6597.8140 0.3608
6599.3320 0.3603
6600.8535 0.3597
6602.3721 0.3594
6603.8911 0.3589
6605.4141 0.3593
6606.9336 0.3595
6608.4570 0.3591
6609.9771 0.3587
6611.5015 0.3588
6613.0225 0.3590
6614.5439 0.3592
6616.0693 0.3590
6617.5913 0.3588
6619.1172 0.3588
6620.6396 0.3586
6622.1665 0.3585
6623.6899 0.3587
6625.2139 0.3586
6626.7417 0.3583
6628.2661 0.3584
6629.7944 0.3587
6631.3198 0.3586
6632.8486 0.3586
6634.3745 0.3585
6635.9009 0.3584
6637.4312 0.3583
6638.9580 0.3581
6640.4888 0.3577
6642.0166 0.3576
6643.5483 0.3577
6645.0767 0.3583
6646.6055 0.3591
6648.1382 0.3590
6649.6675 0.3585
6651.2007 0.3585
6652.7310 0.3586
6654.2651 0.3581
6655.7959 0.3576
6657.3271 0.3579
6658.8623 0.3580
6660.3940 0.3580
6661.9297 0.3583
6663.4624 0.3584
6664.9990 0.3581
6666.5322 0.3579
6668.0659 0.3575
6669.6035 0.3573
6671.1377 0.3575
6672.6763 0.3573
6674.2114 0.3565
6675.7505 0.3565
6677.2861 0.3571
6678.8257 0.3571
6680.3623 0.3569
6681.8989 0.3572
6683.4399 0.3577
6684.9775 0.3577
6686.5190 0.3580
6688.0571 0.3581
6689.5996 0.3579
6691.1382 0.3578
6692.6777 0.3573
6694.2212 0.3561
6695.7607 0.3561
6697.3052 0.3573
6698.8457 0.3579
6700.3906 0.3578
6701.9316 0.3572
6703.4736 0.3555
6705.0195 0.3557
6706.5620 0.3573
6708.1084 0.3581
6709.6519 0.3580
6711.1987 0.3579
6712.7427 0.3571
6714.2871 0.3562
6715.8354 0.3563
6717.3804 0.3559
6718.9292 0.3556
6720.4751 0.3558
6722.0249 0.3551
6723.5713 0.3544
6725.1177 0.3555
6726.6685 0.3560
6728.2163 0.3556
6729.7676 0.3554
6731.3159 0.3552
6732.8682 0.3550
6734.4170 0.3545
6735.9663 0.3542
6737.5195 0.3537
6739.0693 0.3526
6740.6235 0.3519
6742.1743 0.3529
6743.7290 0.3522
6745.2803 0.3516
6746.8320 0.3520
6748.3877 0.3527
6749.9404 0.3525
6751.4966 0.3517
6753.0498 0.3501
6754.6069 0.3499
6756.1611 0.3506
6757.7153 0.3506
6759.2734 0.3508
6760.8286 0.3505
6762.3877 0.3499
6763.9434 0.3498
6765.5029 0.3500
6767.0596 0.3500
6768.6162 0.3495
6770.1772 0.3493
6771.7344 0.3490
6773.2959 0.3489
6774.8540 0.3489
6776.4165 0.3487
6777.9756 0.3484
6779.5347 0.3477
6781.0981 0.3470
6782.6582 0.3472
6784.2222 0.3478
6785.7827 0.3480
6787.3477 0.3478
6788.9092 0.3479
6790.4707 0.3477
6792.0366 0.3475
6793.5991 0.3471
6795.1655 0.3467
6796.7290 0.3465
6798.2964 0.3469
6799.8604 0.3467
6801.4282 0.3465
6802.9927 0.3464
6804.5581 0.3462
6806.1270 0.3456
6807.6929 0.3455
6809.2627 0.3453
6810.8291 0.3452
6812.3994 0.3452
6813.9668 0.3452
6815.5342 0.3447
6817.1060 0.3442
6818.6743 0.3443
6820.2466 0.3444
6821.8154 0.3434
6823.3887 0.3407
6824.9585 0.3385
6826.5283 0.3418
6828.1025 0.3432
6829.6733 0.3433
6831.2485 0.3432
6832.8198 0.3429
6834.3955 0.3427
6835.9678 0.3421
6837.5405 0.3410
6839.1172 0.3406
6840.6904 0.3411
6842.2681 0.3418
6843.8418 0.3419
6845.4199 0.3417
6846.9946 0.3416
6848.5698 0.3413
6850.1494 0.3403
6851.7251 0.3388
6853.3052 0.3387
6854.8818 0.3394
6856.4624 0.3393
6858.0396 0.3393
6859.6177 0.3397
6861.1992 0.3400
6862.7778 0.3399
6864.3604 0.3396
6865.9395 0.3393
6867.5225 0.3390
6869.1025 0.3390
6870.6826 0.3390
6872.2671 0.3388
6873.8481 0.3386
6875.4331 0.3384
6877.0146 0.3379
6878.6006 0.3374
6880.1831 0.3372
6881.7656 0.3372
6883.3525 0.3366
6884.9360 0.3368
6886.5239 0.3370
6888.1079 0.3370
6889.6963 0.3368
6891.2812 0.3366
6892.8667 0.3364
6894.4561 0.3362
6896.0425 0.3360
6897.6323 0.3358
6899.2192 0.3355
6900.8105 0.3350
6902.3979 0.3343
6903.9858 0.3344
6905.5776 0.3344
6907.1665 0.3340
6908.7593 0.3334
6910.3486 0.3331
6911.9419 0.3328
6913.5322 0.3327
6915.1226 0.3325
6916.7173 0.3320
6918.3081 0.3317
6919.9038 0.3320
6921.4956 0.3318
6923.0918 0.3316
6924.6846 0.3314
6926.2812 0.3314
6927.8745 0.3314
6929.4683 0.3313
6931.0664 0.3313
6932.6606 0.3312
6934.2593 0.3308
6935.8545 0.3305
6937.4541 0.3305
6939.0498 0.3306
6940.6460 0.3298
6942.2466 0.3296
6943.8438 0.3298
6945.4448 0.3301
6947.0430 0.3299
6948.6445 0.3296
6950.2432 0.3296
6951.8423 0.3294
6953.4453 0.3293
6955.0449 0.3294
6956.6489 0.3290
6958.2490 0.3278
6959.8535 0.3280
6961.4546 0.3286
6963.0562 0.3285
6964.6621 0.3280
6966.2642 0.3280
6967.8706 0.3281
6969.4736 0.3274
6971.0806 0.3265
6972.6841 0.3260
6974.2886 0.3258
6975.8965 0.3256
6977.5015 0.3255
6979.1104 0.3261
6980.7158 0.3259
6982.3257 0.3256
6983.9321 0.3257
6985.5386 0.3260
6987.1494 0.3261
6988.7568 0.3257
6990.3687 0.3251
6991.9766 0.3248
6993.5889 0.3246
6995.1978 0.3239
6996.8071 0.3232
6998.4204 0.3229
7000.0303 0.3235
7001.6445 0.3239
7003.2554 0.3238
7004.8701 0.3237
7006.4819 0.3235
7008.0938 0.3230
7009.7095 0.3231
7011.3223 0.3227
7012.9390 0.3220
7014.5522 0.3220
7016.1699 0.3220
7017.7837 0.3213
7019.3984 0.3215
7021.0171 0.3218
7022.6323 0.3214
7024.2515 0.3206
7025.8677 0.3204
7027.4878 0.3208
7029.1045 0.3209
7030.7212 0.3204
7032.3428 0.3197
7033.9604 0.3194
7035.5825 0.3196
7037.2007 0.3192
7038.8237 0.3190
7040.4429 0.3194
7042.0664 0.3197
7043.6865 0.3193
7045.3066 0.3183
7046.9316 0.3180
7048.5527 0.3182
7050.1782 0.3183
7051.7998 0.3182
7053.4263 0.3183
7055.0488 0.3183
7056.6719 0.3186
7058.2988 0.3175
7059.9229 0.3161
7061.5508 0.3153
7063.1753 0.3149
7064.8037 0.3142
7066.4292 0.3143
7068.0547 0.3155
7069.6846 0.3163
7071.3110 0.3161
7072.9419 0.3156
7074.5688 0.3153
7076.2002 0.3145
7077.8281 0.3127
7079.4561 0.3128
7081.0889 0.3143
7082.7178 0.3152
7084.3511 0.3149
7085.9810 0.3146
7087.6147 0.3136
7089.2451 0.3130
7090.8760 0.3133
7092.5112 0.3138
7094.1431 0.3137
7095.7788 0.3132
7097.4111 0.3130
7099.0479 0.3128
7100.6812 0.3125
7102.3145 0.3123
7103.9521 0.3120
7105.5864 0.3110
7107.2251 0.3094
7108.8599 0.3082
7110.4995 0.3077
7112.1353 0.3081
7113.7715 0.3089
7115.4116 0.3096
7117.0483 0.3092
7118.6899 0.3094
7120.3271 0.3106
7121.9692 0.3116
7123.6079 0.3113
7125.2466 0.3107
7126.8896 0.3095
7128.5293 0.3092
7130.1729 0.3098
7131.8130 0.3100
7133.4580 0.3099
7135.0986 0.3099
7136.7402 0.3097
7138.3857 0.3091
7140.0283 0.3090
7141.6748 0.3089
7143.3174 0.3064
7144.9648 0.3055
7146.6084 0.3077
7148.2524 0.3090
7149.9009 0.3086
7151.5459 0.3079
7153.1948 0.3074
7154.8403 0.3080
7156.4902 0.3079
7158.1367 0.3068
7159.7832 0.3046
7161.4346 0.3028
7163.0820 0.3050
7164.7339 0.3069
7166.3818 0.3074
7168.0347 0.3075
7169.6836 0.3073
7171.3369 0.3068
7172.9863 0.3062
7174.6367 0.3065
7176.2910 0.3053
7177.9419 0.3047
7179.5972 0.3053
7181.2490 0.3052
7182.9048 0.3025
7184.5571 0.3030
7186.2100 0.3043
7187.8672 0.3033
7189.5210 0.3018
7191.1787 0.3023
7192.8330 0.3032
7194.4917 0.3033
7196.1465 0.3022
7197.8022 0.3004
7199.4619 0.3002
7201.1182 0.3014
7202.7788 0.2989
7204.4355 0.2987
7206.0972 0.3005
7207.7549 0.3011
7209.4131 0.3000
7211.0757 0.2992
7212.7344 0.2999
7214.3975 0.3000
7216.0571 0.2995
7217.7212 0.2979
7219.3818 0.2964
7221.0425 0.2964
7222.7075 0.2980
7224.3691 0.2986
7226.0352 0.2990
7227.6973 0.2992
7229.3643 0.2989
7231.0273 0.2982
7232.6909 0.2979
7234.3584 0.2974
7236.0229 0.2957
7237.6914 0.2953
7239.3564 0.2957
7241.0259 0.2956
7242.6919 0.2966
7244.3579 0.2971
7246.0283 0.2958
7247.6953 0.2954
7249.3667 0.2958
7251.0342 0.2957
7252.7065 0.2961
7254.3750 0.2964
7256.0439 0.2955
7257.7168 0.2948
7259.3867 0.2950
7261.0605 0.2954
7262.7310 0.2954
7264.4058 0.2954
7266.0771 0.2952
7267.7485 0.2948
7269.4243 0.2941
7271.0967 0.2932
7272.7734 0.2931
7274.4463 0.2934
7276.1240 0.2933
7277.7979 0.2927
7279.4722 0.2920
7281.1509 0.2916
7282.8257 0.2912
7284.5054 0.2871
7286.1812 0.2874
7287.8613 0.2892
7289.5376 0.2903
7291.2148 0.2909
7292.8960 0.2912
7294.5737 0.2906
7296.2559 0.2900
7297.9341 0.2899
7299.6172 0.2903
7301.2964 0.2903
7302.9800 0.2885
7304.6602 0.2866
7306.3408 0.2859
7308.0254 0.2867
7309.7065 0.2878
7311.3921 0.2881
7313.0742 0.2878
7314.7607 0.2870
7316.4434 0.2856
7318.1265 0.2860
7319.8140 0.2863
7321.4980 0.2845
7323.1860 0.2839
7324.8711 0.2855
7326.5601 0.2854
7328.2456 0.2854
7329.9312 0.2858
7331.6216 0.2857
7333.3081 0.2857
7334.9995 0.2853
7336.6865 0.2852
7338.3784 0.2853
7340.0669 0.2852
7341.7554 0.2850
7343.4482 0.2848
7345.1377 0.2846
7346.8315 0.2840
7348.5215 0.2834
7350.2163 0.2826
7351.9067 0.2822
7353.5981 0.2831
7355.2939 0.2836
7356.9858 0.2831
7358.6826 0.2825
7360.3755 0.2824
7362.0728 0.2826
7363.7661 0.2827
7365.4604 0.2824
7367.1587 0.2823
7368.8535 0.2822
7370.5527 0.2819
7372.2485 0.2818
7373.9487 0.2819
7375.6450 0.2815
7377.3418 0.2812
7379.0430 0.2810
7380.7402 0.2804
7382.4424 0.2793
7384.1406 0.2788
7385.8433 0.2791
7387.5425 0.2800
7389.2422 0.2801
7390.9458 0.2799
7392.6465 0.2802
7394.3511 0.2797
7396.0522 0.2792
7397.7573 0.2793
7399.4595 0.2788
7401.1616 0.2777
7402.8682 0.2770
7404.5713 0.2769
7406.2788 0.2761
7407.9824 0.2763
7409.6909 0.2755
7411.3955 0.2746
7413.1006 0.2755
7414.8101 0.2759
7416.5156 0.2754
7418.2261 0.2750
7419.9326 0.2751
7421.6436 0.2752
7423.3506 0.2750
7425.0586 0.2744
7426.7705 0.2747
7428.4795 0.2747
7430.1924 0.2747
7431.9014 0.2749
7433.6152 0.2751
7435.3257 0.2748
7437.0400 0.2748
7438.7510 0.2749
7440.4624 0.2744
7442.1777 0.2738
7443.8901 0.2740
7445.6064 0.2741
7447.3193 0.2744
7449.0366 0.2741
7450.7505 0.2737
7452.4644 0.2735
7454.1831 0.2735
7455.8979 0.2731
7457.6172 0.2732
7459.3325 0.2734
7461.0527 0.2731
7462.7690 0.2728
7464.4858 0.2731
7466.2070 0.2730
7467.9248 0.2722
7469.6470 0.2720
7471.3652 0.2719
7473.0884 0.2717
7474.8076 0.2716
7476.5269 0.2715
7478.2510 0.2715
7479.9712 0.2715
7481.6963 0.2716
7483.4175 0.2719
7485.1431 0.2719
7486.8652 0.2709
7488.5874 0.2706
7490.3145 0.2699
7492.0371 0.2697
7493.7651 0.2699
7495.4888 0.2699
7497.2173 0.2699
7498.9419 0.2697
7500.6670 0.2696
7502.3970 0.2696
7504.1226 0.2693
7505.8530 0.2682
7507.5801 0.2669
7509.3110 0.2676
7511.0386 0.2678
7512.7666 0.2681
7514.4990 0.2685
7516.2275 0.2682
7517.9609 0.2670
7519.6904 0.2660
7521.4243 0.2667
7523.1548 0.2674
7524.8853 0.2674
7526.6206 0.2670
7528.3521 0.2665
7530.0884 0.2665
7531.8203 0.2668
7533.5571 0.2670
7535.2905 0.2668
7537.0239 0.2665
7538.7617 0.2662
7540.4961 0.2662
7542.2349 0.2658
7543.9702 0.2656
7545.7095 0.2656
7547.4453 0.2656
7549.1816 0.2652
7550.9229 0.2639
7552.6597 0.2642
7554.4014 0.2644
7556.1392 0.2639
7557.8818 0.2636
7559.6201 0.2635
7561.3594 0.2634
7563.1030 0.2631
7564.8428 0.2627
7566.5874 0.2627
7568.3281 0.2628
7570.0732 0.2618
7571.8149 0.2618
7573.5610 0.2621
7575.3032 0.2620
7577.0459 0.2617
7578.7930 0.2611
7580.5366 0.2602
7582.2847 0.2602
7584.0288 0.2608
7585.7778 0.2610
7587.5229 0.2608
7589.2686 0.2606
7591.0186 0.2603
7592.7646 0.2601
7594.5156 0.2600
7596.2627 0.2595
7598.0142 0.2590
7599.7622 0.2589
7601.5107 0.2591
7603.2637 0.2590
7605.0127 0.2587
7606.7661 0.2585
7608.5161 0.2585
7610.2710 0.2583
7612.0215 0.2568
7613.7725 0.2559
7615.5283 0.2561
7617.2803 0.2569
7619.0366 0.2575
7620.7896 0.2576
7622.5469 0.2574
7624.3003 0.2572
7626.0542 0.2570
7627.8130 0.2568
7629.5679 0.2566
7631.3271 0.2563
7633.0825 0.2562
7634.8428 0.2558
7636.5991 0.2555
7638.3560 0.2555
7640.1172 0.2554
7641.8750 0.2552
7643.6372 0.2551
7645.3955 0.2549
7647.1587 0.2547
7648.9180 0.2537
7650.6772 0.2523
7652.4419 0.2509
7654.2021 0.2497
7655.9673 0.2499
7657.7285 0.2498
7659.4941 0.2485
7661.2563 0.2486
7663.0186 0.2514
7664.7856 0.2522
7666.5493 0.2520
7668.3169 0.2520
7670.0811 0.2517
7671.8496 0.2516
7673.6147 0.2514
7675.3799 0.2498
7677.1499 0.2500
7678.9160 0.2504
7680.6870 0.2496
7682.4536 0.2491
7684.2251 0.2498
7685.9932 0.2497
7687.7612 0.2494
7689.5342 0.2495
7691.3027 0.2491
7693.0767 0.2479
7694.8462 0.2469
7696.6206 0.2480
7698.3911 0.2489
7700.1621 0.2488
7701.9380 0.2485
7703.7100 0.2482
7705.4863 0.2466
7707.2588 0.2435
7709.0361 0.2452
7710.8096 0.2471
7712.5879 0.2477
7714.3618 0.2475
7716.1367 0.2472
7717.9160 0.2466
7719.6914 0.2461
7721.4717 0.2456
7723.2480 0.2452
7725.0288 0.2454
7726.8062 0.2461
7728.5835 0.2459
7730.3657 0.2458
7732.1440 0.2456
7733.9272 0.2454
7735.7065 0.2451
7737.4902 0.2443
7739.2700 0.2434
7741.0508 0.2434
7742.8354 0.2426
7744.6167 0.2421
7746.4028 0.2428
7748.1851 0.2436
7749.9717 0.2434
7751.7544 0.2431
7753.5376 0.2429
7755.3257 0.2426
7757.1099 0.2422
7758.8984 0.2420
7760.6836 0.2418
7762.4731 0.2416
7764.2588 0.2414
7766.0449 0.2397
7767.8359 0.2370
7769.6226 0.2356
7771.4146 0.2363
7773.2021 0.2390
7774.9946 0.2394
7776.7832 0.2391
7778.5723 0.2392
7780.3662 0.2393
7782.1558 0.2394
7783.9507 0.2392
7785.7412 0.2391
7787.5366 0.2390
7789.3281 0.2388
7791.1201 0.2382
7792.9165 0.2378
7794.7095 0.2378
7796.5068 0.2378
7798.3003 0.2378
7800.0986 0.2376
7801.8931 0.2371
7803.6880 0.2366
7805.4873 0.2362
7807.2832 0.2359
7809.0835 0.2359
7810.8799 0.2362
7812.6812 0.2365
7814.4785 0.2363
7816.2759 0.2362
7818.0786 0.2360
7819.8770 0.2355
7821.6802 0.2348
7823.4795 0.2343
7825.2837 0.2341
7827.0840 0.2336
7828.8843 0.2334
7830.6899 0.2331
7832.4912 0.2328
7834.2974 0.2330
7836.0996 0.2329
7837.9067 0.2334
7839.7100 0.2336
7841.5132 0.2334
7843.3213 0.2329
7845.1260 0.2325
7846.9351 0.2323
7848.7402 0.2324
7850.5498 0.2318
7852.3560 0.2310
7854.1665 0.2308
7855.9736 0.2310
7857.7808 0.2307
7859.5928 0.2300
7861.4009 0.2298
7863.2139 0.2292
7865.0225 0.2282
7866.8364 0.2277
7868.6460 0.2285
7870.4561 0.2286
7872.2710 0.2293
7874.0820 0.2287
7875.8979 0.2274
7877.7100 0.2275
7879.5264 0.2282
7881.3389 0.2277
7883.1519 0.2280
7884.9697 0.2266
7886.7837 0.2248
7888.6025 0.2253
7890.4175 0.2250
7892.2368 0.2236
7894.0522 0.2218
7895.8687 0.2219
7897.6890 0.2244
7899.5059 0.2258
7901.3276 0.2212
7903.1455 0.2227
7904.9678 0.2259
7906.7861 0.2251
7908.6055 0.2218
7910.4292 0.2215
7912.2485 0.2248
7914.0732 0.2246
7915.8940 0.2223
7917.7192 0.2217
7919.5405 0.2221
7921.3628 0.2214
7923.1895 0.2220
7925.0122 0.2222
7926.8394 0.2209
7928.6631 0.2197
7930.4912 0.2207
7932.3159 0.2236
7934.1406 0.2242
7935.9702 0.2247
7937.7959 0.2241
7939.6265 0.2235
7941.4526 0.2228
7943.2842 0.2218
7945.1113 0.2221
7946.9390 0.2208
7948.7720 0.2208
7950.6006 0.2209
7952.4336 0.2209
7954.2632 0.2216
7956.0977 0.2217
7957.9277 0.2192
7959.7583 0.2168
7961.5938 0.2157
7963.4253 0.2166
7965.2617 0.2189
7967.0942 0.2197
7968.9316 0.2186
7970.7646 0.2178
7972.5981 0.2175
7974.4370 0.2175
7976.2715 0.2178
7978.1108 0.2184
7979.9458 0.2180
7981.7861 0.2182
7983.6226 0.2170
7985.4590 0.2160
7987.3003 0.2178
7989.1377 0.2193
7990.9800 0.2188
7992.8184 0.2182
7994.6616 0.2174
7996.5005 0.2161
7998.3447 0.2141
8000.1846 0.2122
8002.0249 0.2142
8003.8706 0.2153
8005.7114 0.2129
8007.5576 0.2109
8009.3999 0.2132
8011.2471 0.2146
8013.0898 0.2119
8014.9331 0.2140
8016.7812 0.2160
8018.6255 0.2153
8020.4746 0.2140
8022.3198 0.2114
8024.1699 0.2107
8026.0156 0.2110
8027.8623 0.2105
8029.7134 0.2106
8031.5605 0.2123
8033.4126 0.2119
8035.2607 0.2116
8037.1138 0.2125
8038.9624 0.2126
8040.8120 0.2113
8042.6660 0.2096
8044.5161 0.2089
8046.3711 0.2103
8048.2222 0.2113
8050.0781 0.2115
8051.9302 0.2110
8053.7827 0.2105
8055.6396 0.2109
8057.4927 0.2112
8059.3511 0.2109
8061.2051 0.2105
8063.0640 0.2098
8064.9189 0.2089
8066.7739 0.2087
8068.6343 0.2085
8070.4902 0.2082
8072.3516 0.2084
8074.2085 0.2089
8076.0703 0.2086
8077.9282 0.2079
8079.7866 0.2062
8081.6499 0.2065
8083.5088 0.2069
8085.3730 0.2066
8087.2329 0.2063
8089.0981 0.2060
8090.9590 0.2058
8092.8203 0.2050
8094.6865 0.2047
8096.5483 0.2050
8098.4155 0.2052
8100.2788 0.2049
8102.1465 0.2047
8104.0103 0.2044
8105.8745 0.2041
8107.7441 0.2039
8109.6089 0.2037
8111.4790 0.2033
8113.3452 0.2032
8115.2163 0.2030
8117.0830 0.2028
8118.9502 0.2026
8120.8228 0.2024
8122.6909 0.2022
8124.5640 0.2020
8126.4326 0.2017
8128.3066 0.2014
8130.1768 0.2012
8132.0513 0.2012
8133.9224 0.2009
8135.7935 0.2007
8137.6694 0.2005
8139.5415 0.2003
8141.4185 0.2002
8143.2915 0.2000
8145.1694 0.1996
8147.0430 0.1994
8148.9175 0.1993
8150.7964 0.1991
8152.6714 0.1988
8154.5513 0.1985
8156.4272 0.1981
8158.3081 0.1977
8160.1851 0.1978
8162.0625 0.1978
8163.9443 0.1976
8165.8228 0.1974
8167.7056 0.1972
8169.5845 0.1970
8171.4683 0.1969
8173.3481 0.1967
8175.2285 0.1964
8177.1138 0.1950
8178.9951 0.1919
8180.8809 0.1932
8182.7632 0.1941
8184.6499 0.1946
8186.5327 0.1951
8188.4160 0.1940
8190.3042 0.1906
8192.1885 0.1924
8194.0771 0.1932
8195.9629 0.1914
8197.8525 0.1904
8199.7383 0.1927
8201.6250 0.1935
8203.5156 0.1929
8205.4033 0.1924
8207.2959 0.1919
8209.1836 0.1909
8211.0762 0.1897
8212.9658 0.1903
8214.8545 0.1893
8216.7490 0.1885
8218.6396 0.1893
8220.5342 0.1908
8222.4258 0.1910
8224.3223 0.1896
8226.2139 0.1882
8228.1064 0.1880
8230.0039 0.1881
8231.8965 0.1887
8233.7949 0.1899
8235.6895 0.1893
8237.5889 0.1883
8239.4834 0.1886
8241.3789 0.1883
8243.2793 0.1859
8245.1758 0.1841
8247.0771 0.1873
8248.9746 0.1864
8250.8770 0.1860
8252.7744 0.1866
8254.6729 0.1869
8256.5771 0.1866
8258.4766 0.1865
8260.3809 0.1861
8262.2812 0.1859
8264.1865 0.1858
8266.0869 0.1855
8267.9893 0.1851
8269.8955 0.1848
8271.7979 0.1847
8273.7051 0.1846
8275.6084 0.1846
8277.5166 0.1844
8279.4209 0.1839
8281.3301 0.1835
8283.2354 0.1833
8285.1416 0.1832
8287.0518 0.1833
8288.9580 0.1836
8290.8691 0.1833
8292.7773 0.1825
8294.6895 0.1831
8296.5977 0.1829
8298.5059 0.1821
8300.4199 0.1814
8302.3291 0.1811
8304.2432 0.1813
8306.1543 0.1814
8308.0693 0.1811
8309.9805 0.1806
8311.8926 0.1805
8313.8086 0.1806
8315.7217 0.1802
8317.6396 0.1801
8319.5527 0.1799
8321.4707 0.1786
8323.3857 0.1774
8325.2998 0.1779
8327.2197 0.1786
8329.1357 0.1790
8331.0566 0.1791
8332.9727 0.1793
8334.8945 0.1794
8336.8115 0.1787
8338.7295 0.1777
8340.6523 0.1778
8342.5713 0.1773
8344.4951 0.1767
8346.4150 0.1768
8348.3398 0.1771
8350.2598 0.1763
8352.1807 0.1762
8354.1074 0.1764
8356.0293 0.1764
8357.9561 0.1761
8359.8789 0.1757
8361.8066 0.1757
8363.7295 0.1760
8365.6543 0.1758
8367.5830 0.1753
8369.5078 0.1746
8371.4375 0.1744
8373.3643 0.1749
8375.2949 0.1750
8377.2217 0.1743
8379.1484 0.1739
8381.0811 0.1731
8383.0088 0.1718
8384.9424 0.1728
8386.8711 0.1735
8388.8047 0.1735
8390.7344 0.1732
8392.6650 0.1719
8394.6006 0.1700
8396.5312 0.1704
8398.4678 0.1711
8400.3994 0.1716
8402.3369 0.1711
8404.2695 0.1697
8406.2031 0.1682
8408.1416 0.1670
8410.0762 0.1680
8412.0156 0.1702
8413.9502 0.1703
8415.8906 0.1691
8417.8271 0.1693
8419.7637 0.1703
8421.7051 0.1710
8423.6426 0.1709
8425.5850 0.1705
8427.5234 0.1696
8429.4668 0.1682
8431.4053 0.1678
8433.3496 0.1684
8435.2900 0.1674
8437.2305 0.1669
8439.1758 0.1677
8441.1172 0.1678
8443.0645 0.1667
8445.0059 0.1671
8446.9541 0.1676
8448.8965 0.1675
8450.8408 0.1670
8452.7891 0.1667
8454.7344 0.1668
8456.6836 0.1671
8458.6289 0.1664
8460.5791 0.1655
8462.5254 0.1651
8464.4727 0.1658
8466.4248 0.1667
8468.3721 0.1664
8470.3252 0.1664
8472.2734 0.1667
8474.2275 0.1672
8476.1768 0.1673
8478.1270 0.1660
8480.0820 0.1659
8482.0322 0.1658
8483.9883 0.1655
8485.9404 0.1647
8487.8975 0.1639
8489.8496 0.1652
8491.8027 0.1575
8493.7607 0.1542
8495.7148 0.1587
8497.6738 0.1637
8499.6289 0.1633
8501.5889 0.1632
8503.5449 0.1627
8505.5010 0.1625
8507.4619 0.1625
8509.4199 0.1619
8511.3818 0.1604
8513.3398 0.1603
8515.3027 0.1623
8517.2617 0.1630
8519.2217 0.1624
8521.1855 0.1620
8523.1465 0.1626
8525.1113 0.1629
8527.0723 0.1620
8529.0391 0.1618
8531.0010 0.1615
8532.9639 0.1608
8534.9316 0.1550
8536.8945 0.1374
8538.8633 0.1431
8540.8281 0.1541
8542.7969 0.1588
8544.7627 0.1588
8546.7285 0.1594
8548.6992 0.1598
8550.6660 0.1601
8552.6377 0.1598
8554.6045 0.1595
8556.5771 0.1596
8558.5459 0.1600
8560.5146 0.1599
8562.4893 0.1599
8564.4590 0.1596
8566.4336 0.1593
8568.4043 0.1590
8570.3799 0.1585
8572.3516 0.1578
8574.3242 0.1578
8576.3008 0.1582
8578.2744 0.1586
8580.2520 0.1586
8582.2256 0.1578
8584.2051 0.1571
8586.1797 0.1569
8588.1602 0.1568
8590.1357 0.1564
8592.1113 0.1557
8594.0928 0.1552
8596.0703 0.1554
8598.0527 0.1558
8600.0303 0.1558
8602.0137 0.1564
8603.9922 0.1568
8605.9717 0.1560
8607.9561 0.1552
8609.9365 0.1554
8611.9219 0.1555
8613.9033 0.1557
8615.8896 0.1558
8617.8711 0.1558
8619.8535 0.1567
8621.8418 0.1562
8623.8252 0.1557
8625.8135 0.1557
8627.7979 0.1553
8629.7881 0.1544
8631.7725 0.1541
8633.7588 0.1544
8635.7500 0.1545
8637.7363 0.1546
8639.7285 0.1544
8641.7158 0.1535
8643.7080 0.1532
8645.6973 0.1530
8647.6855 0.1528
8649.6797 0.1516
8651.6699 0.1515
8653.6650 0.1515
8655.6553 0.1426
8657.6514 0.1333
8659.6436 0.1413
8661.6357 0.1499
8663.6328 0.1507
8665.6260 0.1511
8667.6240 0.1518
8669.6182 0.1517
8671.6172 0.1517
8673.6123 0.1519
8675.6074 0.1518
8677.6084 0.1515
8679.6045 0.1512
8681.6055 0.1510
8683.6025 0.1503
8685.6055 0.1505
8687.6035 0.1513
8689.6025 0.1511
8691.6055 0.1512
8693.6055 0.1508
8695.6104 0.1504
8697.6104 0.1500
8699.6162 0.1498
8701.6172 0.1497
8703.6191 0.1494
8705.6260 0.1493
8707.6289 0.1493
8709.6367 0.1496
8711.6406 0.1499
8713.6494 0.1499
8715.6543 0.1498
8717.6592 0.1488
8719.6699 0.1478
8721.6758 0.1477
8723.6865 0.1480
8725.6934 0.1478
8727.7061 0.1469
8729.7129 0.1464
8731.7217 0.1466
8733.7354 0.1464
8735.7441 0.1458
8737.7588 0.1456
8739.7686 0.1456
8741.7842 0.1449
8743.7949 0.1438
8745.8115 0.1431
8747.8232 0.1433
8749.8359 0.1440
8751.8535 0.1447
8753.8672 0.1455
8755.8857 0.1455
8757.9004 0.1454
8759.9199 0.1454
8761.9346 0.1451
8763.9502 0.1450
8765.9717 0.1445
8767.9883 0.1440
8770.0098 0.1438
8772.0273 0.1439
8774.0498 0.1439
8776.0684 0.1439
8778.0879 0.1434
8780.1113 0.1436
8782.1318 0.1436
8784.1562 0.1431
8786.1777 0.1424
8788.2031 0.1422
8790.2256 0.1426
8792.2471 0.1427
8794.2754 0.1424
8796.2979 0.1423
8798.3262 0.1420
8800.3506 0.1392
8802.3799 0.1377
8804.4053 0.1401
8806.4307 0.1412
8808.4609 0.1398
8810.4873 0.1390
8812.5195 0.1389
8814.5459 0.1393
8816.5791 0.1394
8818.6074 0.1378
8820.6357 0.1371
8822.6699 0.1392
8824.6992 0.1393
8826.7344 0.1394
8828.7646 0.1387
8830.8008 0.1380
8832.8330 0.1377
8834.8643 0.1377
8836.9014 0.1371
8838.9346 0.1366
8840.9727 0.1357
8843.0068 0.1350
8845.0459 0.1341
8847.0811 0.1325
8849.1162 0.1314
8851.1562 0.1288
8853.1924 0.1259
8855.2344 0.1215
8857.2715 0.1166
8859.3145 0.1154
8861.3516 0.1202
8863.3906 0.1236
8865.4346 0.1260
8867.4736 0.1273
8869.5186 0.1281
8871.5596 0.1298
8873.6045 0.1312
8875.6465 0.1315
8877.6885 0.1312
8879.7354 0.1317
8881.7783 0.1333
8883.8262 0.1343
8885.8701 0.1343
8887.9189 0.1341
8889.9639 0.1348
8892.0088 0.1353
8894.0596 0.1353
8896.1055 0.1355
8898.1562 0.1360
8900.2041 0.1359
8902.2559 0.1362
8904.3037 0.1352
8906.3574 0.1322
8908.4062 0.1306
8910.4561 0.1355
8912.5107 0.1356
8914.5605 0.1349
8916.6162 0.1349
8918.6680 0.1344
8920.7246 0.1320
8922.7764 0.1278
8924.8291 0.1320
8926.8867 0.1345
8928.9404 0.1347
8931.0000 0.1345
8933.0547 0.1344
8935.1143 0.1341
8937.1699 0.1338
8939.2256 0.1326
8941.2871 0.1320
8943.3438 0.1323
8945.4062 0.1323
8947.4639 0.1326
8949.5273 0.1324
8951.5859 0.1322
8953.6455 0.1318
8955.7100 0.1315
8957.7705 0.1311
8959.8359 0.1297
8961.8975 0.1289
8963.9639 0.1291
8966.0264 0.1291
8968.0889 0.1287
8970.1572 0.1279
8972.2207 0.1263
8974.2891 0.1262
8976.3535 0.1264
8978.4238 0.1261
8980.4893 0.1253
8982.5557 0.1246
8984.6270 0.1236
8986.6934 0.1225
8988.7656 0.1215
8990.8340 0.1203
8992.9072 0.1181
8994.9756 0.1156
8997.0449 0.1147
8999.1201 0.1129
9001.1904 0.1099
9003.2656 0.1058
9005.3369 0.1007
9007.4131 0.0942
9009.4854 0.0858
9011.5586 0.0883
9013.6357 0.0956
9015.7100 0.1016
9017.7891 0.1054
9019.8633 0.1086
9021.9434 0.1109
9024.0186 0.1126
9026.0947 0.1142
9028.1758 0.1154
9030.2529 0.1157
9032.3350 0.1159
9034.4131 0.1174
9036.4971 0.1184
9038.5752 0.1187
9040.6543 0.1189
9042.7393 0.1191
9044.8193 0.1193
9046.9053 0.1194
9048.9863 0.1199
9051.0732 0.1202
9053.1553 0.1196
9055.2383 0.1143
9057.3262 0.1068
9059.4102 0.1153
9061.4990 0.1198
9063.5840 0.1203
9065.6738 0.1197
9067.7588 0.1198
9069.8506 0.1195
9071.9365 0.1151
9074.0234 0.1133
9076.1162 0.1169
9078.2041 0.1198
9080.2979 0.1185
9082.3867 0.1146
9084.4805 0.1109
9086.5703 0.1171
9088.6611 0.1123
9090.7568 0.1102
9092.8486 0.1159
9094.9453 0.1177
9097.0371 0.1173
9099.1348 0.1172
9101.2285 0.1171
9103.3223 0.1167
9105.4209 0.1134
9107.5156 0.1091
9109.6162 0.1149
9111.7119 0.1157
9113.8125 0.1154
9115.9092 0.1151
9118.0068 0.1146
9120.1094 0.1144
9122.2070 0.1144
9124.3105 0.1147
9126.4102 0.1143
9128.5146 0.1141
9130.6143 0.1143
9132.7148 0.1141
9134.8213 0.1139
9136.9219 0.1137
9139.0293 0.1134
9141.1318 0.1127
9143.2393 0.1123
9145.3428 0.1126
9147.4473 0.1124
9149.5566 0.1119
9151.6611 0.1117
9153.7715 0.1116
9155.8770 0.1113
9157.9883 0.1109
9160.0957 0.1104
9162.2031 0.1104
9164.3154 0.1100
9166.4238 0.1096
9168.5371 0.1088
9170.6465 0.1074
9172.7617 0.1070
9174.8711 0.1074
9176.9824 0.1061
9179.0986 0.1057
9181.2100 0.1063
9183.3271 0.1057
9185.4395 0.1058
9187.5576 0.1053
9189.6719 0.1046
9191.7852 0.1038
9193.9053 0.1029
9196.0205 0.1022
9198.1406 0.1005
9200.2568 0.0996
9202.3789 0.0989
9204.4951 0.0972
9206.6133 0.0939
9208.7363 0.0907
9210.8545 0.0917
9212.9785 0.0877
9215.0977 0.0862
9217.2227 0.0844
9219.3428 0.0795
9221.4639 0.0724
9223.5908 0.0638
9225.7129 0.0674
9227.8398 0.0750
9229.9629 0.0800
9232.0908 0.0822
9234.2148 0.0848
9236.3447 0.0892
9238.4688 0.0880
9240.5947 0.0897
9242.7256 0.0927
9244.8516 0.0941
9246.9834 0.0942
9249.1104 0.0931
9251.2432 0.0934
9253.3721 0.0940
9255.5010 0.0921
9257.6348 0.0901
9259.7646 0.0919
9261.8994 0.0934
9264.0303 0.0969
9266.1670 0.0978
9268.2988 0.0976
9270.4307 0.0979
9272.5684 0.0979
9274.7012 0.0978
9276.8398 0.0978
9278.9746 0.0977
9281.1143 0.0976
9283.2490 0.0974
9285.3848 0.0971
9287.5264 0.0971
9289.6621 0.0969
9291.8047 0.0967
9293.9424 0.0968
9296.0850 0.0968
9298.2236 0.0964
9300.3633 0.0962
9302.5078 0.0962
9304.6475 0.0959
9306.7930 0.0957
9308.9346 0.0957
9311.0811 0.0954
9313.2227 0.0943
9315.3652 0.0945
9317.5137 0.0947
9319.6572 0.0946
9321.8057 0.0943
9323.9502 0.0943
9326.1006 0.0943
9328.2461 0.0940
9330.3916 0.0938
9332.5439 0.0937
9334.6904 0.0934
9336.8428 0.0931
9338.9912 0.0927
9341.1445 0.0928
9343.2939 0.0923
9345.4434 0.0917
9347.5977 0.0917
9349.7480 0.0919
9351.9043 0.0916
9354.0557 0.0914
9356.2129 0.0911
9358.3652 0.0910
9360.5186 0.0909
9362.6768 0.0907
9364.8301 0.0905
9366.9902 0.0900
9369.1445 0.0898
9371.3057 0.0898
9373.4609 0.0895
9375.6172 0.0892
9377.7793 0.0893
9379.9365 0.0880
9382.0996 0.0872
9384.2578 0.0875
9386.4219 0.0871
9388.5820 0.0856
9390.7461 0.0875
9392.9072 0.0875
9395.0674 0.0869
9397.2344 0.0859
9399.3965 0.0820
9401.5635 0.0778
9403.7266 0.0850
9405.8945 0.0842
9408.0586 0.0783
9410.2227 0.0787
9412.3926 0.0842
9414.5586 0.0846
9416.7295 0.0826
9418.8955 0.0839
9421.0674 0.0844
9423.2344 0.0837
9425.4023 0.0830
9427.5762 0.0827
9429.7451 0.0825
9431.9189 0.0796
9434.0889 0.0803
9436.2646 0.0820
9438.4355 0.0816
9440.6064 0.0806
9442.7832 0.0815
9444.9561 0.0818
9447.1338 0.0815
9449.3076 0.0811
9451.4863 0.0809
9453.6602 0.0808
9455.8350 0.0802
9458.0156 0.0798
9460.1914 0.0797
9462.3730 0.0797
9464.5498 0.0796
9466.7324 0.0793
9468.9102 0.0790
9471.0889 0.0787
9473.2725 0.0785
9475.4521 0.0781
9477.6367 0.0776
9479.8174 0.0773
9482.0029 0.0772
9484.1846 0.0768
9486.3662 0.0764
9488.5537 0.0760
9490.7363 0.0755
9492.9258 0.0750
9495.1094 0.0747
9497.2988 0.0742
9499.4834 0.0733
9501.6689 0.0728
9503.8604 0.0727
9506.0459 0.0722
9508.2383 0.0715
9510.4258 0.0709
9512.6191 0.0701
9514.8076 0.0692
9516.9961 0.0683
9519.1904 0.0672
9521.3809 0.0659
9523.5762 0.0645
9525.7666 0.0629
9527.9639 0.0611
9530.1553 0.0588
9532.3477 0.0562
9534.5459 0.0526
9536.7393 0.0479
9538.9385 0.0397
9541.1328 0.0357
9543.3330 0.0401
9545.5283 0.0476
9547.7246 0.0516
9549.9268 0.0547
9552.1230 0.0570
9554.3262 0.0586
9556.5234 0.0600
9558.7275 0.0610
9560.9268 0.0620
9563.1309 0.0623
9565.3311 0.0627
9567.5322 0.0632
9569.7383 0.0639
9571.9395 0.0644
9574.1465 0.0648
9576.3496 0.0650
9578.5576 0.0651
9580.7607 0.0651
9582.9648 0.0653
9585.1748 0.0653
9587.3799 0.0649
9589.5908 0.0649
9591.7969 0.0651
9594.0088 0.0649
9596.2158 0.0629
9598.4238 0.0603
9600.6367 0.0634
9602.8457 0.0642
9605.0596 0.0646
9607.2695 0.0645
9609.4854 0.0644
9611.6953 0.0645
9613.9062 0.0607
9616.1240 0.0591
9618.3359 0.0618
9620.5537 0.0630
9622.7666 0.0622
9624.9863 0.0624
9627.2002 0.0595
9629.4150 0.0606
9631.6357 0.0620
9633.8516 0.0624
9636.0723 0.0622
9638.2891 0.0620
9640.5117 0.0621
9642.7295 0.0599
9644.9482 0.0587
9647.1719 0.0599
9649.3916 0.0605
9651.6172 0.0575
9653.8369 0.0545
9656.0635 0.0589
9658.2842 0.0601
9660.5068 0.0596
9662.7344 0.0599
9664.9570 0.0589
9667.1855 0.0575
9669.4102 0.0581
9671.6396 0.0580
9673.8643 0.0565
9676.0898 0.0557
9678.3213 0.0573
9680.5479 0.0573
9682.7803 0.0569
9685.0078 0.0557
9687.2412 0.0551
9689.4697 0.0557
9691.6982 0.0564
9693.9336 0.0564
9696.1631 0.0564
9698.3994 0.0562
9700.6299 0.0560
9702.8672 0.0559
9705.0996 0.0557
9707.3320 0.0555
9709.5703 0.0553
9711.8047 0.0550
9714.0439 0.0548
9716.2783 0.0544
9718.5186 0.0537
9720.7549 0.0539
9722.9912 0.0538
9725.2334 0.0536
9727.4707 0.0534
9729.7139 0.0525
9731.9521 0.0504
9734.1963 0.0491
9736.4355 0.0509
9738.6807 0.0519
9740.9209 0.0516
9743.1621 0.0512
9745.4082 0.0514
9747.6504 0.0514
9749.8984 0.0512
9752.1416 0.0509
9754.3896 0.0506
9756.6338 0.0502
9758.8789 0.0495
9761.1289 0.0498
9763.3740 0.0496
9765.6260 0.0495
9767.8721 0.0494
9770.1250 0.0492
9772.3721 0.0489
9774.6201 0.0487
9776.8750 0.0484
9779.1240 0.0480
9781.3789 0.0476
9783.6289 0.0474
9785.8848 0.0473
9788.1367 0.0473
9790.3877 0.0467
9792.6455 0.0462
9794.8984 0.0460
9797.1572 0.0461
9799.4111 0.0463
9801.6709 0.0460
9803.9258 0.0456
9806.1807 0.0452
9808.4424 0.0451
9810.6982 0.0451
9812.9609 0.0448
9815.2188 0.0442
9817.4814 0.0439
9819.7402 0.0435
9821.9990 0.0433
9824.2646 0.0434
9826.5244 0.0433
9828.7900 0.0428
9831.0518 0.0427
9833.3184 0.0426
9835.5801 0.0421
9837.8428 0.0418
9840.1113 0.0420
9842.3750 0.0418
9844.6455 0.0413
9846.9102 0.0398
9849.1807 0.0388
9851.4463 0.0389
9853.7129 0.0387
9855.9844 0.0383
9858.2520 0.0393
9860.5254 0.0398
9862.7939 0.0397
9865.0684 0.0394
9867.3379 0.0391
9869.6074 0.0390
9871.8838 0.0388
9874.1543 0.0386
9876.4316 0.0382
9878.7031 0.0380
9880.9814 0.0378
9883.2549 0.0351
9885.5283 0.0330
9887.8076 0.0350
9890.0830 0.0369
9892.3633 0.0361
9894.6387 0.0352
9896.9209 0.0359
9899.1973 0.0358
9901.4746 0.0355
9903.7578 0.0352
9906.0361 0.0346
9908.3203 0.0335
9910.5996 0.0328
9912.8857 0.0340
9915.1660 0.0345
9917.4521 0.0340
9919.7334 0.0339
9922.0156 0.0338
9924.3037 0.0313
9926.5869 0.0303
9928.8760 0.0318
9931.1602 0.0330
9933.4502 0.0320
9935.7354 0.0308
9938.0205 0.0311
9940.3125 0.0315
9942.5996 0.0312
9944.8926 0.0307
9947.1797 0.0305
9949.4736 0.0305
9951.7627 0.0300
9954.0518 0.0298
9956.3477 0.0295
9958.6377 0.0294
9960.9346 0.0293
9963.2256 0.0290
9965.5234 0.0286
9967.8154 0.0285
9970.1094 0.0281
9972.4082 0.0278
9974.7021 0.0275
9977.0020 0.0272
9979.2979 0.0269
9981.5986 0.0266
9983.8945 0.0263
9986.1914 0.0260
9988.4941 0.0253
9990.7920 0.0244
9993.0967 0.0236
9995.3955 0.0242
9997.7002 0.0241
10000.0000 0.0236
10002.3057 0.0233
10004.6016 0.0228
10006.9082 0.0223
10009.2158 0.0217
10011.5244 0.0210
10013.8223 0.0203
10016.1309 0.0196
10018.4404 0.0188
10020.7402 0.0177
10023.0508 0.0168
10025.3623 0.0156
10027.6738 0.0143
10029.9756 0.0129
10032.2881 0.0110
10034.6016 0.0088
10036.9043 0.0059
10039.2188 0.0021
10041.5342 -0.0043
10043.8496 -0.0096
10046.1543 -0.0069
10048.4707 0.0001
10050.7881 0.0036
10053.0947 0.0062
10055.4131 0.0083
10057.7324 0.0096
10060.0508 0.0108
10062.3604 0.0115
10064.6807 0.0124
10067.0010 0.0131
10069.3115 0.0135
10071.6338 0.0138
10073.9561 0.0141
10076.2793 0.0143
10078.5918 0.0144
10080.9160 0.0146
10083.2402 0.0148
10085.5547 0.0148
10087.8799 0.0149
10090.2061 0.0148
10092.5332 0.0148
10094.8496 0.0148
10097.1777 0.0145
10099.5059 0.0141
10101.8232 0.0138
10104.1533 0.0137
10106.4834 0.0129
10108.8135 0.0126
10111.1338 0.0131
10113.4648 0.0137
10115.7969 0.0129
10118.1191 0.0094
10120.4521 0.0112
10122.7861 0.0128
10125.1201 0.0128
10127.4434 0.0126
10129.7793 0.0125
10132.1152 0.0123
10134.4404 0.0122
10136.7773 0.0118
10139.1152 0.0110
10141.4531 0.0105
10143.7803 0.0112
10146.1191 0.0111
10148.4590 0.0107
10150.7881 0.0104
10153.1289 0.0105
10155.4707 0.0101
10157.8125 0.0088
10160.1436 0.0087
10162.4863 0.0095
10164.8301 0.0094
10167.1621 0.0089
10169.5068 0.0087
10171.8525 0.0087
10174.1973 0.0087
10176.5322 0.0071
10178.8789 0.0065
10181.2266 0.0071
10183.5742 0.0076
10185.9111 0.0072
10188.2607 0.0071
10190.6094 0.0069
10192.9482 0.0067
10195.2988 0.0064
10197.6504 0.0062
10200.0020 0.0060
10202.3428 0.0057
10204.6953 0.0055
10207.0479 0.0054
10209.3906 0.0046
10211.7451 0.0038
10214.0996 0.0045
10216.4551 0.0044
10218.7998 0.0042
10221.1562 0.0040
10223.5137 0.0037
10225.8594 0.0035
10228.2178 0.0034
10230.5762 0.0030
10232.9355 0.0026
10235.2842 0.0025
10237.6436 0.0024
10240.0049 0.0020
10242.3545 0.0019
10244.7168 0.0018
10247.0791 0.0015
10249.4424 0.0012
10251.7939 0.0010
10254.1582 0.0008
10256.5234 0.0006
10258.8770 0.0003
10261.2422 0.0001
10263.6084 -0.0001
10265.9756 -0.0004
10268.3311 -0.0008
10270.6992 -0.0011
10273.0674 -0.0010
10275.4258 -0.0013
10277.7949 -0.0014
10280.1650 -0.0019
10282.5352 -0.0027
10284.8955 -0.0032
10287.2666 -0.0024
10289.6396 -0.0026
10292.0010 -0.0029
10294.3740 -0.0032
10296.7480 -0.0035
10299.1221 -0.0036
10301.4863 -0.0038
10303.8613 -0.0042
10306.2373 -0.0047
10308.6025 -0.0048
10310.9795 -0.0047
10313.3574 -0.0050
10315.7363 -0.0053
10318.1035 -0.0055
10320.4824 -0.0057
10322.8623 -0.0060
