3566.9744 0.6608
3567.7969 0.6610
3568.6177 0.6565
3569.4385 0.6515
3570.2617 0.6510
3571.0830 0.6539
3571.9065 0.6578
3572.7283 0.6616
3573.5520 0.6647
3574.3740 0.6663
3575.1963 0.6673
3576.0208 0.6695
3576.8435 0.6722
3577.6682 0.6738
3578.4915 0.6727
3579.3167 0.6680
3580.1399 0.6616
3580.9636 0.6593
3581.7893 0.6638
3582.6133 0.6697
3583.4395 0.6698
3584.2639 0.6632
3585.0903 0.6567
3585.9150 0.6547
3586.7400 0.6574
3587.5671 0.6627
3588.3923 0.6687
3589.2200 0.6749
3590.0457 0.6810
3590.8735 0.6854
3591.6995 0.6864
3592.5259 0.6847
3593.3542 0.6828
3594.1809 0.6827
3595.0098 0.6841
3595.8367 0.6861
3596.6660 0.6882
3597.4934 0.6907
3598.3208 0.6934
3599.1506 0.6954
3599.9788 0.6952
3600.8088 0.6930
3601.6372 0.6903
3602.4678 0.6885
3603.2964 0.6877
3604.1252 0.6865
3604.9565 0.6857
3605.7859 0.6867
3606.6172 0.6879
3607.4470 0.6867
3608.2788 0.6833
3609.1089 0.6821
3609.9392 0.6851
3610.7717 0.6898
3611.6023 0.6927
3612.4351 0.6935
3613.2661 0.6948
3614.0994 0.6989
3614.9307 0.7036
3615.7625 0.7049
3616.5962 0.7005
3617.4282 0.6926
3618.2625 0.6868
3619.0947 0.6887
3619.9292 0.6954
3620.7620 0.7016
3621.5969 0.7053
3622.4302 0.7070
3623.2634 0.7078
3624.0989 0.7090
3624.9326 0.7121
3625.7686 0.7161
3626.6028 0.7191
3627.4390 0.7206
3628.2734 0.7198
3629.1082 0.7147
3629.9451 0.7058
3630.7800 0.6991
3631.6174 0.7000
3632.4529 0.7066
3633.2903 0.7135
3634.1262 0.7174
3634.9622 0.7203
3635.8005 0.7231
3636.6370 0.7254
3637.4756 0.7271
3638.3123 0.7281
3639.1514 0.7283
3639.9885 0.7271
3640.8259 0.7251
3641.6653 0.7229
3642.5032 0.7217
3643.3430 0.7221
3644.1812 0.7240
3645.0215 0.7261
3645.8601 0.7267
3646.6990 0.7250
3647.5398 0.7230
3648.3789 0.7233
3649.2202 0.7259
3650.0596 0.7292
3650.9014 0.7329
3651.7412 0.7365
3652.5813 0.7397
3653.4236 0.7421
3654.2642 0.7442
3655.1067 0.7466
3655.9475 0.7492
3656.7908 0.7514
3657.6318 0.7521
3658.4734 0.7513
3659.3169 0.7504
3660.1587 0.7504
3661.0029 0.7508
3661.8450 0.7516
3662.6895 0.7528
3663.5320 0.7546
3664.3748 0.7569
3665.2197 0.7593
3666.0630 0.7605
3666.9084 0.7604
3667.7520 0.7590
3668.5977 0.7573
3669.4417 0.7575
3670.2859 0.7606
3671.1321 0.7647
3671.9768 0.7670
3672.8235 0.7670
3673.6685 0.7662
3674.5156 0.7660
3675.3608 0.7656
3676.2063 0.7642
3677.0542 0.7625
3677.8999 0.7614
3678.7480 0.7614
3679.5945 0.7629
3680.4429 0.7652
3681.2896 0.7663
3682.1365 0.7663
3682.9856 0.7660
3683.8328 0.7659
3684.6824 0.7648
3685.5300 0.7640
3686.3799 0.7649
3687.2278 0.7687
3688.0781 0.7745
3688.9265 0.7800
3689.7751 0.7831
3690.6260 0.7853
3691.4751 0.7877
3692.3264 0.7901
3693.1758 0.7918
3694.0273 0.7926
3694.8772 0.7923
3695.7273 0.7908
3696.5793 0.7904
3697.4299 0.7941
3698.2825 0.8011
3699.1333 0.8073
3699.9863 0.8092
3700.8374 0.8067
3701.6887 0.8003
3702.5425 0.7915
3703.3943 0.7831
3704.2483 0.7783
3705.1003 0.7790
3705.9548 0.7851
3706.8074 0.7931
3707.6599 0.7989
3708.5149 0.8012
3709.3682 0.8005
3710.2234 0.7977
3711.0771 0.7963
3711.9329 0.8011
3712.7866 0.8128
3713.6409 0.8262
3714.4973 0.8355
3715.3518 0.8404
3716.2085 0.8429
3717.0635 0.8419
3717.9204 0.8330
3718.7759 0.8161
3719.6313 0.7966
3720.4890 0.7831
3721.3450 0.7806
3722.2031 0.7923
3723.0593 0.8142
3723.9180 0.8376
3724.7747 0.8536
3725.6316 0.8585
3726.4905 0.8566
3727.3479 0.8568
3728.2073 0.8615
3729.0649 0.8656
3729.9250 0.8627
3730.7830 0.8517
3731.6414 0.8322
3732.5017 0.8068
3733.3604 0.7845
3734.2214 0.7759
3735.0803 0.7840
3735.9417 0.8003
3736.8013 0.8212
3737.6609 0.8461
3738.5227 0.8689
3739.3828 0.8840
3740.2451 0.8898
3741.1055 0.8892
3741.9683 0.8847
3742.8291 0.8787
3743.6899 0.8710
3744.5532 0.8618
3745.4148 0.8535
3746.2786 0.8472
3747.1404 0.8338
3748.0044 0.8117
3748.8667 0.7931
3749.7290 0.7930
3750.5938 0.8154
3751.4565 0.8462
3752.3215 0.8723
3753.1848 0.8915
3754.0503 0.9056
3754.9138 0.9144
3755.7798 0.9150
3756.6438 0.9064
3757.5081 0.8961
3758.3745 0.8927
3759.2390 0.8975
3760.1060 0.9059
3760.9709 0.9127
3761.8381 0.9164
3762.7036 0.9161
3763.5693 0.9148
3764.4370 0.9139
3765.3032 0.9103
3766.1714 0.9018
3767.0378 0.8903
3767.9065 0.8742
3768.7732 0.8517
3769.6401 0.8315
3770.5095 0.8287
3771.3770 0.8496
3772.2466 0.8801
3773.1145 0.9046
3773.9844 0.9200
3774.8528 0.9307
3775.7209 0.9415
3776.5918 0.9535
3777.4604 0.9633
3778.3315 0.9703
3779.2009 0.9756
3780.0723 0.9798
3780.9419 0.9822
3781.8118 0.9825
3782.6838 0.9823
3783.5540 0.9827
3784.4265 0.9812
3785.2971 0.9761
3786.1699 0.9709
3787.0410 0.9700
3787.9121 0.9723
3788.7856 0.9742
3789.6572 0.9749
3790.5310 0.9752
3791.4031 0.9734
3792.2773 0.9663
3793.1499 0.9527
3794.0225 0.9352
3794.8972 0.9141
3795.7703 0.8865
3796.6455 0.8574
3797.5190 0.8424
3798.3948 0.8585
3799.2686 0.8959
3800.1426 0.9356
3801.0188 0.9661
3801.8933 0.9862
3802.7700 0.9993
3803.6448 1.0069
3804.5220 1.0093
3805.3972 1.0085
3806.2727 1.0090
3807.1504 1.0150
3808.0261 1.0266
3808.9043 1.0386
3809.7805 1.0460
3810.6589 1.0467
3811.5356 1.0405
3812.4126 1.0317
3813.2917 1.0251
3814.1689 1.0218
3815.0483 1.0232
3815.9260 1.0333
3816.8059 1.0483
3817.6841 1.0563
3818.5623 1.0488
3819.4429 1.0338
3820.3215 1.0293
3821.2024 1.0388
3822.0815 1.0483
3822.9629 1.0461
3823.8423 1.0330
3824.7241 1.0220
3825.6040 1.0175
3826.4841 1.0158
3827.3665 1.0114
3828.2468 1.0061
3829.1296 1.0031
3830.0105 0.9971
3830.8938 0.9779
3831.7751 0.9506
3832.6565 0.9236
3833.5403 0.8980
3834.4224 0.8786
3835.3064 0.8806
3836.1887 0.9014
3837.0735 0.9244
3837.9561 0.9464
3838.8391 0.9696
3839.7244 0.9942
3840.6077 1.0177
3841.4932 1.0420
3842.3770 1.0619
3843.2629 1.0744
3844.1472 1.0805
3845.0315 1.0839
3845.9182 1.0890
3846.8030 1.0958
3847.6899 1.1000
3848.5752 1.0983
3849.4626 1.0950
3850.3481 1.0975
3851.2339 1.1070
3852.1221 1.1168
3853.0083 1.1227
3853.8967 1.1221
3854.7832 1.1158
3855.6721 1.1080
3856.5591 1.1034
3857.4463 1.0974
3858.3359 1.0885
3859.2234 1.0865
3860.1135 1.0989
3861.0015 1.1209
3861.8918 1.1366
3862.7803 1.1420
3863.6687 1.1397
3864.5598 1.1354
3865.4487 1.1348
3866.3401 1.1403
3867.2297 1.1474
3868.1213 1.1519
3869.0112 1.1524
3869.9014 1.1466
3870.7937 1.1334
3871.6841 1.1182
3872.5769 1.1140
3873.4678 1.1230
3874.3611 1.1351
3875.2524 1.1401
3876.1438 1.1326
3877.0376 1.1165
3877.9297 1.1077
3878.8237 1.1162
3879.7161 1.1308
3880.6108 1.1379
3881.5037 1.1356
3882.3965 1.1280
3883.2917 1.1153
3884.1851 1.0936
3885.0808 1.0622
3885.9746 1.0250
3886.8706 0.9848
3887.7649 0.9502
3888.6592 0.9421
3889.5559 0.9721
3890.4507 1.0211
3891.3479 1.0643
3892.2429 1.0912
3893.1406 1.1048
3894.0361 1.1134
3894.9341 1.1226
3895.8301 1.1337
3896.7263 1.1416
3897.6250 1.1438
3898.5215 1.1434
3899.4207 1.1460
3900.3176 1.1528
3901.2170 1.1593
3902.1145 1.1625
3903.0122 1.1613
3903.9121 1.1556
3904.8103 1.1482
3905.7107 1.1530
3906.6094 1.1707
3907.5100 1.1898
3908.4089 1.2015
3909.3081 1.2056
3910.2097 1.2082
3911.1091 1.2099
3912.0110 1.2078
3912.9111 1.2046
3913.8132 1.2043
3914.7136 1.2065
3915.6143 1.2049
3916.5171 1.2016
3917.4182 1.1990
3918.3215 1.1960
3919.2229 1.1931
3920.1267 1.1920
3921.0286 1.1941
3921.9307 1.1974
3922.8350 1.2028
3923.7373 1.2080
3924.6421 1.2086
3925.5452 1.2010
3926.4502 1.1857
3927.3535 1.1656
3928.2571 1.1429
3929.1628 1.1096
3930.0667 1.0545
3930.9731 0.9724
3931.8774 0.8780
3932.7839 0.8131
3933.6887 0.8151
3934.5938 0.8839
3935.5010 0.9856
3936.4062 1.0779
3937.3142 1.1410
3938.2200 1.1799
3939.1279 1.2025
3940.0342 1.2149
3940.9407 1.2210
3941.8494 1.2220
3942.7561 1.2185
3943.6653 1.2188
3944.5725 1.2269
3945.4822 1.2364
3946.3899 1.2406
3947.2979 1.2390
3948.2080 1.2383
3949.1162 1.2403
3950.0269 1.2425
3950.9355 1.2423
3951.8467 1.2411
3952.7559 1.2422
3953.6650 1.2445
3954.5769 1.2408
3955.4866 1.2321
3956.3987 1.2271
3957.3088 1.2298
3958.2214 1.2355
3959.1321 1.2341
3960.0449 1.2229
3960.9561 1.2073
3961.8672 1.1945
3962.7808 1.1837
3963.6924 1.1658
3964.6064 1.1269
3965.5186 1.0568
3966.4329 0.9617
3967.3455 0.8727
3968.2581 0.8304
3969.1731 0.8565
3970.0862 0.9301
3971.0017 1.0158
3971.9153 1.0884
3972.8313 1.1401
3973.7451 1.1744
3974.6592 1.1973
3975.5759 1.2127
3976.4905 1.2246
3977.4075 1.2360
3978.3225 1.2473
3979.2397 1.2564
3980.1553 1.2614
3981.0708 1.2634
3981.9888 1.2650
3982.9050 1.2676
3983.8232 1.2709
3984.7397 1.2733
3985.6587 1.2748
3986.5757 1.2787
3987.4927 1.2845
3988.4121 1.2876
3989.3298 1.2889
3990.2498 1.2917
3991.1677 1.2965
3992.0879 1.2989
3993.0063 1.2972
3993.9250 1.2925
3994.8459 1.2880
3995.7649 1.2846
3996.6863 1.2823
3997.6057 1.2833
3998.5276 1.2888
3999.4475 1.2930
4000.3674 1.2908
4001.2900 1.2881
4002.2104 1.2918
4003.1333 1.2942
4004.0544 1.2894
4004.9775 1.2863
4005.8989 1.2912
4006.8206 1.3004
4007.7446 1.3066
4008.6665 1.3085
4009.5908 1.3092
4010.5132 1.3092
4011.4380 1.3082
4012.3608 1.3076
4013.2839 1.3089
4014.2095 1.3113
4015.1328 1.3133
4016.0588 1.3144
4016.9827 1.3157
4017.9089 1.3173
4018.8333 1.3183
4019.7578 1.3176
4020.6848 1.3166
4021.6096 1.3169
4022.5371 1.3175
4023.4624 1.3171
4024.3901 1.3167
4025.3162 1.3195
4026.2422 1.3228
4027.1704 1.3225
4028.0969 1.3169
4029.0259 1.3080
4029.9526 1.3004
4030.8821 1.2974
4031.8093 1.2966
4032.7390 1.2978
4033.6667 1.3025
4034.5947 1.3101
4035.5251 1.3180
4036.4534 1.3236
4037.3843 1.3260
4038.3130 1.3256
4039.2441 1.3239
4040.1736 1.3226
4041.1030 1.3230
4042.0347 1.3225
4042.9646 1.3156
4043.8970 1.3006
4044.8271 1.2874
4045.7600 1.2887
4046.6907 1.3056
4047.6216 1.3195
4048.5549 1.3245
4049.4863 1.3254
4050.4202 1.3257
4051.3521 1.3251
4052.2861 1.3229
4053.2185 1.3210
4054.1509 1.3198
4055.0857 1.3184
4056.0186 1.3164
4056.9539 1.3155
4057.8872 1.3179
4058.8230 1.3220
4059.7566 1.3235
4060.6907 1.3188
4061.6270 1.3066
4062.5613 1.2949
4063.4983 1.2943
4064.4331 1.3047
4065.3701 1.3115
4066.3054 1.3124
4067.2410 1.3136
4068.1787 1.3160
4069.1147 1.3142
4070.0530 1.3052
4070.9893 1.2987
4071.9280 1.3023
4072.8647 1.3105
4073.8018 1.3153
4074.7412 1.3124
4075.6787 1.3034
4076.6184 1.2935
4077.5562 1.2925
4078.4966 1.3016
4079.4348 1.3130
4080.3733 1.3181
4081.3142 1.3174
4082.2532 1.3136
4083.1943 1.3092
4084.1338 1.3054
4085.0757 1.3039
4086.0154 1.3050
4086.9553 1.3064
4087.8977 1.3062
4088.8381 1.3036
4089.7810 1.2994
4090.7219 1.2954
4091.6653 1.2925
4092.6064 1.2894
4093.5481 1.2842
4094.4919 1.2760
4095.4338 1.2647
4096.3784 1.2499
4097.3208 1.2293
4098.2656 1.1971
4099.2085 1.1474
4100.1514 1.0886
4101.0967 1.0554
4102.0400 1.0727
4102.9863 1.1307
4103.9302 1.1851
4104.8765 1.2212
4105.8208 1.2417
4106.7676 1.2539
4107.7124 1.2624
4108.6572 1.2695
4109.6045 1.2766
4110.5503 1.2834
4111.4980 1.2883
4112.4438 1.2911
4113.3921 1.2933
4114.3384 1.2967
4115.2852 1.3009
4116.2339 1.3022
4117.1807 1.2990
4118.1304 1.2966
4119.0776 1.2979
4120.0273 1.3005
4120.9751 1.3008
4121.9233 1.3031
4122.8740 1.3074
4123.8223 1.3102
4124.7734 1.3094
4125.7222 1.3059
4126.6733 1.3036
4127.6230 1.3040
4128.5723 1.3054
4129.5244 1.3039
4130.4746 1.2976
4131.4268 1.2899
4132.3774 1.2893
4133.3301 1.2938
4134.2812 1.2985
4135.2324 1.3016
4136.1855 1.3033
4137.1372 1.3050
4138.0913 1.3074
4139.0435 1.3093
4139.9976 1.3090
4140.9502 1.3034
4141.9028 1.2915
4142.8579 1.2798
4143.8110 1.2814
4144.7666 1.2926
4145.7202 1.3009
4146.6758 1.3030
4147.6299 1.3025
4148.5840 1.3038
4149.5405 1.3061
4150.4951 1.3072
4151.4526 1.3055
4152.4072 1.3003
4153.3647 1.2949
4154.3203 1.2939
4155.2764 1.2964
4156.2344 1.2976
4157.1904 1.2991
4158.1489 1.3029
4159.1055 1.3071
4160.0649 1.3086
4161.0220 1.3083
4161.9790 1.3084
4162.9390 1.3087
4163.8965 1.3090
4164.8564 1.3075
4165.8149 1.3031
4166.7754 1.2995
4167.7339 1.3013
4168.6929 1.3050
4169.6538 1.3056
4170.6133 1.3022
4171.5752 1.2973
4172.5347 1.2943
4173.4971 1.2941
4174.4570 1.2953
4175.4175 1.2970
4176.3799 1.2986
4177.3408 1.3002
4178.3042 1.3031
4179.2651 1.3049
4180.2290 1.3026
4181.1909 1.2993
4182.1548 1.2985
4183.1172 1.3002
4184.0796 1.2993
4185.0444 1.2951
4186.0068 1.2886
4186.9722 1.2856
4187.9355 1.2898
4188.9014 1.2976
4189.8647 1.2993
4190.8286 1.2976
4191.7949 1.2988
4192.7593 1.3016
4193.7261 1.3024
4194.6909 1.3002
4195.6582 1.2977
4196.6235 1.2908
4197.5889 1.2815
4198.5571 1.2791
4199.5229 1.2831
4200.4912 1.2856
4201.4575 1.2847
4202.4263 1.2877
4203.3931 1.2924
4204.3599 1.2953
4205.3296 1.2961
4206.2969 1.2969
4207.2671 1.2985
4208.2349 1.2979
4209.2051 1.2946
4210.1738 1.2931
4211.1421 1.2946
4212.1133 1.2956
4213.0820 1.2913
4214.0537 1.2822
4215.0229 1.2747
4215.9951 1.2752
4216.9648 1.2808
4217.9351 1.2853
4218.9077 1.2885
4219.8784 1.2910
4220.8516 1.2904
4221.8223 1.2870
4222.7959 1.2827
4223.7676 1.2758
4224.7393 1.2591
4225.7134 1.2403
4226.6855 1.2410
4227.6602 1.2619
4228.6328 1.2840
4229.6079 1.2907
4230.5806 1.2887
4231.5542 1.2828
4232.5298 1.2780
4233.5034 1.2776
4234.4800 1.2779
4235.4541 1.2762
4236.4307 1.2779
4237.4053 1.2823
4238.3799 1.2858
4239.3574 1.2886
4240.3325 1.2899
4241.3105 1.2884
4242.2861 1.2859
4243.2642 1.2847
4244.2407 1.2821
4245.2168 1.2759
4246.1958 1.2696
4247.1729 1.2669
4248.1519 1.2646
4249.1294 1.2593
4250.1094 1.2591
4251.0869 1.2674
4252.0649 1.2749
4253.0454 1.2724
4254.0239 1.2687
4255.0049 1.2720
4255.9834 1.2781
4256.9648 1.2806
4257.9443 1.2766
4258.9263 1.2688
4259.9058 1.2640
4260.8857 1.2673
4261.8687 1.2749
4262.8491 1.2815
4263.8320 1.2849
4264.8130 1.2848
4265.7964 1.2815
4266.7778 1.2778
4267.7593 1.2763
4268.7432 1.2719
4269.7256 1.2609
4270.7100 1.2485
4271.6924 1.2494
4272.6772 1.2561
4273.6606 1.2596
4274.6436 1.2640
4275.6294 1.2716
4276.6128 1.2782
4277.5991 1.2793
4278.5830 1.2761
4279.5698 1.2720
4280.5542 1.2681
4281.5391 1.2653
4282.5264 1.2653
4283.5117 1.2686
4284.4990 1.2694
4285.4849 1.2679
4286.4731 1.2656
4287.4590 1.2596
4288.4453 1.2490
4289.4346 1.2436
4290.4214 1.2482
4291.4106 1.2553
4292.3979 1.2572
4293.3877 1.2561
4294.3755 1.2580
4295.3633 1.2601
4296.3535 1.2552
4297.3423 1.2428
4298.3330 1.2285
4299.3218 1.2204
4300.3135 1.2215
4301.3027 1.2238
4302.2920 1.2278
4303.2842 1.2342
4304.2744 1.2381
4305.2666 1.2345
4306.2573 1.2239
4307.2500 1.2154
4308.2412 1.2183
4309.2319 1.2271
4310.2261 1.2343
4311.2173 1.2386
4312.2114 1.2428
4313.2036 1.2473
4314.1982 1.2546
4315.1904 1.2664
4316.1836 1.2762
4317.1787 1.2792
4318.1719 1.2771
4319.1675 1.2760
4320.1611 1.2747
4321.1572 1.2714
4322.1514 1.2640
4323.1460 1.2531
4324.1426 1.2433
4325.1377 1.2420
4326.1348 1.2516
4327.1299 1.2628
4328.1279 1.2678
4329.1235 1.2669
4330.1196 1.2643
4331.1182 1.2607
4332.1143 1.2562
4333.1133 1.2497
4334.1104 1.2402
4335.1099 1.2250
4336.1069 1.2010
4337.1069 1.1670
4338.1045 1.1213
4339.1025 1.0747
4340.1030 1.0629
4341.1016 1.0972
4342.1025 1.1523
4343.1016 1.1903
4344.1030 1.2143
4345.1025 1.2309
4346.1021 1.2430
4347.1040 1.2517
4348.1040 1.2568
4349.1069 1.2565
4350.1074 1.2494
4351.1104 1.2429
4352.1113 1.2464
4353.1128 1.2573
4354.1167 1.2660
4355.1182 1.2697
4356.1226 1.2718
4357.1245 1.2732
4358.1294 1.2739
4359.1318 1.2749
4360.1348 1.2766
4361.1401 1.2771
4362.1436 1.2771
4363.1494 1.2785
4364.1528 1.2804
4365.1592 1.2804
4366.1636 1.2780
4367.1680 1.2764
4368.1753 1.2765
4369.1802 1.2770
4370.1875 1.2780
4371.1929 1.2796
4372.2007 1.2796
4373.2065 1.2750
4374.2129 1.2692
4375.2212 1.2677
4376.2280 1.2715
4377.2368 1.2777
4378.2441 1.2820
4379.2534 1.2839
4380.2612 1.2819
4381.2686 1.2721
4382.2793 1.2586
4383.2871 1.2536
4384.2979 1.2634
4385.3066 1.2743
4386.3179 1.2797
4387.3267 1.2818
4388.3359 1.2834
4389.3481 1.2841
4390.3579 1.2832
4391.3701 1.2820
4392.3804 1.2791
4393.3936 1.2741
4394.4043 1.2723
4395.4150 1.2762
4396.4287 1.2820
4397.4399 1.2823
4398.4541 1.2790
4399.4658 1.2765
4400.4805 1.2778
4401.4927 1.2792
4402.5054 1.2742
4403.5205 1.2636
4404.5337 1.2617
4405.5493 1.2708
4406.5625 1.2791
4407.5786 1.2820
4408.5928 1.2836
4409.6069 1.2859
4410.6240 1.2872
4411.6387 1.2869
4412.6558 1.2819
4413.6709 1.2733
4414.6885 1.2675
4415.7041 1.2700
4416.7227 1.2747
4417.7388 1.2797
4418.7549 1.2843
4419.7739 1.2863
4420.7905 1.2844
4421.8101 1.2822
4422.8271 1.2816
4423.8472 1.2802
4424.8647 1.2769
4425.8828 1.2736
4426.9033 1.2733
4427.9219 1.2753
4428.9429 1.2768
4429.9619 1.2784
4430.9834 1.2802
4432.0024 1.2798
4433.0220 1.2752
4434.0444 1.2693
4435.0645 1.2686
4436.0874 1.2735
4437.1079 1.2790
4438.1309 1.2819
4439.1519 1.2821
4440.1733 1.2787
4441.1968 1.2719
4442.2188 1.2655
4443.2432 1.2653
4444.2651 1.2706
4445.2900 1.2751
4446.3125 1.2744
4447.3354 1.2735
4448.3613 1.2738
4449.3843 1.2739
4450.4106 1.2746
4451.4341 1.2757
4452.4609 1.2723
4453.4849 1.2644
4454.5098 1.2596
4455.5366 1.2604
4456.5615 1.2629
4457.5894 1.2640
4458.6147 1.2666
4459.6431 1.2688
4460.6689 1.2692
4461.6953 1.2701
4462.7241 1.2724
4463.7505 1.2743
4464.7798 1.2729
4465.8071 1.2691
4466.8369 1.2653
4467.8643 1.2644
4468.8921 1.2672
4469.9229 1.2723
4470.9512 1.2767
4471.9819 1.2794
4473.0107 1.2795
4474.0425 1.2764
4475.0718 1.2729
4476.1011 1.2728
4477.1333 1.2754
4478.1631 1.2759
4479.1958 1.2732
4480.2266 1.2674
4481.2593 1.2627
4482.2905 1.2645
4483.3213 1.2712
4484.3555 1.2756
4485.3872 1.2764
4486.4214 1.2756
4487.4536 1.2734
4488.4883 1.2698
4489.5210 1.2677
4490.5537 1.2699
4491.5889 1.2727
4492.6226 1.2718
4493.6582 1.2694
4494.6919 1.2703
4495.7285 1.2735
4496.7627 1.2754
4497.7998 1.2750
4498.8345 1.2715
4499.8696 1.2670
4500.9072 1.2655
4501.9424 1.2693
4502.9805 1.2736
4504.0166 1.2755
4505.0552 1.2751
4506.0913 1.2731
4507.1279 1.2712
4508.1675 1.2721
4509.2046 1.2744
4510.2446 1.2748
4511.2822 1.2737
4512.3223 1.2723
4513.3604 1.2710
4514.3984 1.2696
4515.4395 1.2691
4516.4785 1.2684
4517.5200 1.2672
4518.5591 1.2662
4519.6011 1.2663
4520.6406 1.2663
4521.6807 1.2653
4522.7236 1.2644
4523.7642 1.2637
4524.8071 1.2627
4525.8481 1.2607
4526.8916 1.2564
4527.9331 1.2531
4528.9746 1.2537
4530.0190 1.2556
4531.0610 1.2553
4532.1060 1.2519
4533.1489 1.2483
4534.1938 1.2489
4535.2373 1.2524
4536.2803 1.2559
4537.3267 1.2586
4538.3701 1.2601
4539.4170 1.2589
4540.4609 1.2570
4541.5083 1.2577
4542.5527 1.2588
4543.5981 1.2584
4544.6455 1.2572
4545.6909 1.2570
4546.7393 1.2547
4547.7852 1.2481
4548.8340 1.2435
4549.8804 1.2458
4550.9272 1.2516
4551.9766 1.2511
4553.0239 1.2479
4554.0737 1.2472
4555.1216 1.2497
4556.1719 1.2530
4557.2197 1.2544
4558.2686 1.2539
4559.3193 1.2520
4560.3682 1.2501
4561.4199 1.2487
4562.4692 1.2480
4563.5215 1.2493
4564.5713 1.2531
4565.6211 1.2550
4566.6743 1.2534
4567.7246 1.2516
4568.7778 1.2504
4569.8291 1.2481
4570.8828 1.2451
4571.9341 1.2471
4572.9888 1.2520
4574.0405 1.2548
4575.0928 1.2545
4576.1479 1.2538
4577.2007 1.2540
4578.2559 1.2543
4579.3091 1.2530
4580.3652 1.2502
4581.4189 1.2476
4582.4731 1.2468
4583.5298 1.2477
4584.5840 1.2492
4585.6411 1.2500
4586.6963 1.2512
4587.7539 1.2522
4588.8091 1.2518
4589.8647 1.2511
4590.9233 1.2513
4591.9795 1.2521
4593.0386 1.2532
4594.0952 1.2537
4595.1543 1.2530
4596.2114 1.2519
4597.2690 1.2517
4598.3291 1.2520
4599.3867 1.2514
4600.4473 1.2493
4601.5059 1.2466
4602.5669 1.2448
4603.6255 1.2453
4604.6846 1.2472
4605.7466 1.2490
4606.8062 1.2503
4607.8687 1.2512
4608.9287 1.2519
4609.9912 1.2509
4611.0518 1.2488
4612.1128 1.2486
4613.1763 1.2507
4614.2373 1.2528
4615.3013 1.2526
4616.3633 1.2517
4617.4277 1.2516
4618.4897 1.2519
4619.5522 1.2523
4620.6177 1.2528
4621.6807 1.2534
4622.7466 1.2527
4623.8096 1.2509
4624.8760 1.2499
4625.9399 1.2500
4627.0044 1.2500
4628.0713 1.2491
4629.1357 1.2490
4630.2031 1.2503
4631.2686 1.2511
4632.3364 1.2506
4633.4023 1.2498
4634.4678 1.2494
4635.5366 1.2501
4636.6030 1.2513
4637.6724 1.2520
4638.7393 1.2518
4639.8091 1.2516
4640.8765 1.2518
4641.9438 1.2521
4643.0142 1.2518
4644.0825 1.2503
4645.1533 1.2482
4646.2222 1.2470
4647.2935 1.2478
4648.3623 1.2500
4649.4316 1.2505
4650.5039 1.2491
4651.5737 1.2481
4652.6465 1.2496
4653.7168 1.2514
4654.7900 1.2528
4655.8608 1.2531
4656.9346 1.2532
4658.0059 1.2539
4659.0771 1.2546
4660.1519 1.2546
4661.2236 1.2541
4662.2983 1.2536
4663.3711 1.2532
4664.4463 1.2523
4665.5195 1.2506
4666.5928 1.2490
4667.6689 1.2486
4668.7427 1.2485
4669.8193 1.2486
4670.8936 1.2491
4671.9707 1.2498
4673.0454 1.2505
4674.1206 1.2515
4675.1982 1.2523
4676.2739 1.2523
4677.3521 1.2515
4678.4282 1.2501
4679.5073 1.2495
4680.5835 1.2482
4681.6602 1.2462
4682.7397 1.2450
4683.8174 1.2454
4684.8975 1.2465
4685.9751 1.2471
4687.0557 1.2475
4688.1338 1.2479
4689.2124 1.2478
4690.2935 1.2469
4691.3726 1.2465
4692.4546 1.2470
4693.5342 1.2470
4694.6162 1.2456
4695.6963 1.2428
4696.7764 1.2409
4697.8594 1.2423
4698.9404 1.2447
4700.0239 1.2438
4701.1050 1.2396
4702.1890 1.2367
4703.2710 1.2382
4704.3530 1.2420
4705.4375 1.2425
4706.5200 1.2411
4707.6055 1.2410
4708.6885 1.2427
4709.7744 1.2446
4710.8579 1.2446
4711.9414 1.2429
4713.0283 1.2405
4714.1123 1.2400
4715.1992 1.2417
4716.2842 1.2436
4717.3716 1.2438
4718.4570 1.2437
4719.5425 1.2434
4720.6309 1.2427
4721.7168 1.2422
4722.8057 1.2423
4723.8921 1.2424
4724.9814 1.2415
4726.0684 1.2401
4727.1553 1.2392
4728.2456 1.2392
4729.3335 1.2395
4730.4238 1.2390
4731.5122 1.2376
4732.6030 1.2364
4733.6919 1.2360
4734.7808 1.2352
4735.8726 1.2342
4736.9624 1.2341
4738.0547 1.2342
4739.1445 1.2328
4740.2373 1.2306
4741.3276 1.2301
4742.4214 1.2313
4743.5122 1.2320
4744.6035 1.2311
4745.6973 1.2300
4746.7891 1.2288
4747.8838 1.2273
4748.9761 1.2256
4750.0713 1.2241
4751.1641 1.2238
4752.2568 1.2241
4753.3525 1.2236
4754.4463 1.2217
4755.5425 1.2190
4756.6367 1.2176
4757.7334 1.2178
4758.8281 1.2186
4759.9229 1.2186
4761.0205 1.2176
4762.1157 1.2159
4763.2139 1.2131
4764.3096 1.2081
4765.4082 1.2072
4766.5044 1.2123
4767.6011 1.2176
4768.7002 1.2193
4769.7974 1.2185
4770.8975 1.2168
4771.9951 1.2155
4773.0952 1.2150
4774.1934 1.2140
4775.2915 1.2126
4776.3926 1.2126
4777.4917 1.2139
4778.5933 1.2144
4779.6924 1.2148
4780.7949 1.2149
4781.8945 1.2141
4782.9946 1.2131
4784.0977 1.2132
4785.1982 1.2134
4786.3018 1.2133
4787.4028 1.2125
4788.5068 1.2112
4789.6084 1.2103
4790.7100 1.2102
4791.8149 1.2096
4792.9170 1.2086
4794.0225 1.2080
4795.1255 1.2084
4796.2310 1.2100
4797.3345 1.2113
4798.4380 1.2115
4799.5444 1.2108
4800.6489 1.2094
4801.7559 1.2078
4802.8604 1.2064
4803.9678 1.2054
4805.0732 1.2050
4806.1782 1.2052
4807.2866 1.2054
4808.3926 1.2054
4809.5015 1.2057
4810.6079 1.2064
4811.7173 1.2065
4812.8242 1.2061
4813.9312 1.2064
4815.0415 1.2071
4816.1489 1.2070
4817.2598 1.2059
4818.3677 1.2050
4819.4790 1.2038
4820.5879 1.2026
4821.6968 1.2020
4822.8086 1.2022
4823.9180 1.2028
4825.0303 1.2034
4826.1401 1.2032
4827.2534 1.2025
4828.3638 1.2015
4829.4771 1.2004
4830.5884 1.1995
4831.6992 1.1990
4832.8135 1.1994
4833.9253 1.1998
4835.0400 1.1995
4836.1523 1.1990
4837.2676 1.1989
4838.3804 1.1984
4839.4937 1.1966
4840.6094 1.1955
4841.7231 1.1955
4842.8394 1.1950
4843.9536 1.1934
4845.0708 1.1923
4846.1851 1.1914
4847.3003 1.1905
4848.4180 1.1893
4849.5332 1.1872
4850.6514 1.1841
4851.7676 1.1808
4852.8862 1.1758
4854.0024 1.1690
4855.1191 1.1610
4856.2388 1.1504
4857.3560 1.1312
4858.4761 1.0956
4859.5938 1.0487
4860.7144 1.0298
4861.8325 1.0569
4862.9512 1.1059
4864.0723 1.1368
4865.1914 1.1545
4866.3135 1.1649
4867.4326 1.1717
4868.5552 1.1747
4869.6753 1.1734
4870.7954 1.1725
4871.9189 1.1772
4873.0396 1.1837
4874.1631 1.1875
4875.2847 1.1876
4876.4087 1.1860
4877.5308 1.1858
4878.6528 1.1888
4879.7778 1.1915
4880.9004 1.1926
4882.0259 1.1930
4883.1489 1.1940
4884.2749 1.1946
4885.3984 1.1947
4886.5225 1.1938
4887.6494 1.1917
4888.7734 1.1877
4889.9009 1.1829
4891.0259 1.1834
4892.1538 1.1888
4893.2793 1.1932
4894.4048 1.1958
4895.5337 1.1973
4896.6597 1.1977
4897.7891 1.1973
4898.9155 1.1968
4900.0454 1.1963
4901.1724 1.1954
4902.2998 1.1944
4903.4307 1.1940
4904.5586 1.1940
4905.6895 1.1937
4906.8179 1.1940
4907.9497 1.1952
4909.0786 1.1965
4910.2080 1.1969
4911.3403 1.1969
4912.4702 1.1979
4913.6030 1.1993
4914.7334 1.1997
4915.8667 1.1985
4916.9976 1.1947
4918.1313 1.1879
4919.2627 1.1833
4920.3945 1.1854
4921.5288 1.1892
4922.6611 1.1905
4923.7964 1.1913
4924.9292 1.1952
4926.0649 1.1973
4927.1978 1.1980
4928.3315 1.1986
4929.4678 1.1993
4930.6021 1.1988
4931.7388 1.1957
4932.8735 1.1918
4934.0107 1.1917
4935.1460 1.1941
4936.2812 1.1949
4937.4194 1.1930
4938.5557 1.1932
4939.6943 1.1954
4940.8306 1.1980
4941.9702 1.1997
4943.1069 1.2001
4944.2441 1.1994
4945.3843 1.1992
4946.5220 1.1998
4947.6626 1.2009
4948.8008 1.2017
4949.9419 1.2017
4951.0806 1.2009
4952.2197 1.2007
4953.3618 1.1996
4954.5010 1.1955
4955.6436 1.1865
4956.7837 1.1806
4957.9268 1.1872
4959.0674 1.1963
4960.2080 1.1997
4961.3521 1.2000
4962.4932 1.1998
4963.6377 1.1991
4964.7793 1.1976
4965.9243 1.1978
4967.0669 1.1999
4968.2095 1.2013
4969.3550 1.2008
4970.4980 1.1996
4971.6445 1.1998
4972.7881 1.2009
4973.9351 1.2015
4975.0791 1.2009
4976.2236 1.2000
4977.3711 1.1996
4978.5161 1.1995
4979.6641 1.1979
4980.8096 1.1949
4981.9585 1.1929
4983.1045 1.1925
4984.2510 1.1939
4985.4004 1.1964
4986.5469 1.1982
4987.6968 1.1983
4988.8442 1.1965
4989.9946 1.1950
4991.1426 1.1951
4992.2910 1.1962
4993.4419 1.1966
4994.5908 1.1976
4995.7427 1.1984
4996.8921 1.1980
4998.0439 1.1969
4999.1938 1.1963
5000.3438 1.1961
5001.4971 1.1963
5002.6475 1.1969
5003.8013 1.1945
5004.9521 1.1899
5006.1064 1.1887
5007.2583 1.1929
5008.4126 1.1961
5009.5649 1.1956
5010.7173 1.1925
5011.8730 1.1901
5013.0259 1.1909
5014.1816 1.1925
5015.3354 1.1937
5016.4917 1.1913
5017.6460 1.1886
5018.8003 1.1897
5019.9575 1.1938
5021.1123 1.1947
5022.2700 1.1945
5023.4258 1.1945
5024.5840 1.1946
5025.7397 1.1945
5026.8960 1.1940
5028.0552 1.1931
5029.2119 1.1904
5030.3716 1.1883
5031.5288 1.1901
5032.6890 1.1929
5033.8472 1.1914
5035.0049 1.1888
5036.1660 1.1881
5037.3247 1.1885
5038.4863 1.1876
5039.6455 1.1853
5040.8076 1.1837
5041.9668 1.1857
5043.1270 1.1883
5044.2900 1.1897
5045.4502 1.1907
5046.6138 1.1909
5047.7749 1.1893
5048.9390 1.1869
5050.1001 1.1858
5051.2622 1.1873
5052.4268 1.1899
5053.5894 1.1915
5054.7544 1.1917
5055.9175 1.1915
5057.0830 1.1911
5058.2466 1.1905
5059.4102 1.1902
5060.5771 1.1904
5061.7412 1.1908
5062.9082 1.1908
5064.0732 1.1902
5065.2407 1.1901
5066.4062 1.1890
5067.5718 1.1874
5068.7402 1.1872
5069.9062 1.1878
5071.0752 1.1869
5072.2417 1.1854
5073.4116 1.1843
5074.5786 1.1841
5075.7461 1.1847
5076.9165 1.1836
5078.0845 1.1811
5079.2554 1.1800
5080.4238 1.1809
5081.5957 1.1824
5082.7646 1.1837
5083.9336 1.1851
5085.1060 1.1854
5086.2759 1.1848
5087.4487 1.1843
5088.6191 1.1843
5089.7925 1.1844
5090.9634 1.1844
5092.1348 1.1838
5093.3091 1.1832
5094.4805 1.1827
5095.6553 1.1817
5096.8276 1.1800
5098.0029 1.1793
5099.1758 1.1802
5100.3516 1.1816
5101.5249 1.1823
5102.6987 1.1823
5103.8750 1.1818
5105.0493 1.1792
5106.2266 1.1752
5107.4014 1.1741
5108.5791 1.1752
5109.7544 1.1767
5110.9297 1.1785
5112.1084 1.1797
5113.2842 1.1791
5114.4634 1.1783
5115.6401 1.1784
5116.8198 1.1789
5117.9966 1.1788
5119.1743 1.1778
5120.3545 1.1770
5121.5327 1.1759
5122.7134 1.1748
5123.8921 1.1741
5125.0737 1.1739
5126.2524 1.1732
5127.4321 1.1735
5128.6143 1.1744
5129.7939 1.1745
5130.9771 1.1735
5132.1572 1.1723
5133.3408 1.1724
5134.5220 1.1725
5135.7031 1.1712
5136.8872 1.1681
5138.0688 1.1649
5139.2539 1.1645
5140.4360 1.1670
5141.6216 1.1679
5142.8042 1.1683
5143.9873 1.1690
5145.1738 1.1698
5146.3574 1.1705
5147.5439 1.1701
5148.7280 1.1694
5149.9155 1.1690
5151.1001 1.1685
5152.2852 1.1679
5153.4731 1.1674
5154.6587 1.1665
5155.8477 1.1658
5157.0337 1.1662
5158.2227 1.1676
5159.4097 1.1683
5160.5962 1.1674
5161.7861 1.1663
5162.9736 1.1656
5164.1646 1.1607
5165.3525 1.1465
5166.5435 1.1330
5167.7319 1.1369
5168.9209 1.1477
5170.1128 1.1446
5171.3022 1.1321
5172.4946 1.1338
5173.6846 1.1507
5174.8779 1.1618
5176.0684 1.1638
5177.2588 1.1629
5178.4526 1.1616
5179.6440 1.1601
5180.8384 1.1512
5182.0303 1.1322
5183.2251 1.1273
5184.4175 1.1427
5185.6104 1.1556
5186.8062 1.1576
5187.9995 1.1545
5189.1958 1.1533
5190.3896 1.1510
5191.5864 1.1493
5192.7808 1.1507
5193.9780 1.1528
5195.1729 1.1541
5196.3682 1.1549
5197.5664 1.1551
5198.7622 1.1554
5199.9609 1.1550
5201.1572 1.1533
5202.3564 1.1508
5203.5532 1.1484
5204.7505 1.1475
5205.9507 1.1477
5207.1484 1.1467
5208.3491 1.1478
5209.5474 1.1514
5210.7485 1.1534
5211.9473 1.1529
5213.1460 1.1519
5214.3481 1.1504
5215.5479 1.1496
5216.7505 1.1503
5217.9507 1.1517
5219.1538 1.1519
5220.3545 1.1507
5221.5557 1.1499
5222.7598 1.1496
5223.9609 1.1467
5225.1655 1.1389
5226.3677 1.1344
5227.5728 1.1398
5228.7754 1.1462
5229.9785 1.1473
5231.1846 1.1441
5232.3877 1.1420
5233.5942 1.1442
5234.7983 1.1468
5236.0054 1.1474
5237.2100 1.1474
5238.4150 1.1477
5239.6230 1.1472
5240.8281 1.1456
5242.0366 1.1454
5243.2427 1.1467
5244.4517 1.1475
5245.6582 1.1464
5246.8652 1.1445
5248.0747 1.1435
5249.2822 1.1431
5250.4927 1.1436
5251.7007 1.1434
5252.9116 1.1424
5254.1201 1.1422
5255.3286 1.1437
5256.5405 1.1432
5257.7500 1.1416
5258.9624 1.1407
5260.1724 1.1398
5261.3853 1.1380
5262.5957 1.1377
5263.8062 1.1363
5265.0200 1.1339
5266.2310 1.1321
5267.4458 1.1276
5268.6572 1.1192
5269.8721 1.1213
5271.0845 1.1310
5272.2974 1.1374
5273.5132 1.1389
5274.7261 1.1382
5275.9424 1.1377
5277.1562 1.1377
5278.3730 1.1370
5279.5874 1.1358
5280.8047 1.1344
5282.0195 1.1333
5283.2349 1.1336
5284.4531 1.1356
5285.6689 1.1371
5286.8877 1.1372
5288.1040 1.1370
5289.3232 1.1367
5290.5400 1.1363
5291.7573 1.1369
5292.9775 1.1374
5294.1953 1.1369
5295.4160 1.1351
5296.6343 1.1330
5297.8555 1.1321
5299.0742 1.1324
5300.2935 1.1324
5301.5156 1.1322
5302.7354 1.1330
5303.9580 1.1342
5305.1782 1.1340
5306.4014 1.1332
5307.6221 1.1329
5308.8433 1.1327
5310.0674 1.1330
5311.2891 1.1335
5312.5137 1.1331
5313.7358 1.1315
5314.9614 1.1288
5316.1841 1.1276
5317.4072 1.1294
5318.6333 1.1316
5319.8569 1.1307
5321.0835 1.1288
5322.3076 1.1261
5323.5347 1.1244
5324.7598 1.1240
5325.9844 1.1211
5327.2129 1.1153
5328.4380 1.1198
5329.6670 1.1267
5330.8931 1.1282
5332.1221 1.1282
5333.3491 1.1295
5334.5757 1.1297
5335.8062 1.1288
5337.0337 1.1280
5338.2642 1.1256
5339.4922 1.1232
5340.7236 1.1233
5341.9521 1.1251
5343.1812 1.1254
5344.4131 1.1259
5345.6426 1.1263
5346.8755 1.1260
5348.1055 1.1254
5349.3389 1.1258
5350.5693 1.1264
5351.8003 1.1262
5353.0342 1.1255
5354.2656 1.1246
5355.5005 1.1243
5356.7324 1.1253
5357.9678 1.1251
5359.2002 1.1237
5360.4331 1.1227
5361.6694 1.1225
5362.9028 1.1224
5364.1392 1.1214
5365.3735 1.1208
5366.6108 1.1202
5367.8452 1.1197
5369.0801 1.1167
5370.3184 1.1133
5371.5537 1.1151
5372.7925 1.1200
5374.0283 1.1226
5375.2676 1.1221
5376.5039 1.1209
5377.7441 1.1213
5378.9810 1.1226
5380.2183 1.1217
5381.4590 1.1196
5382.6973 1.1185
5383.9385 1.1189
5385.1768 1.1198
5386.4189 1.1197
5387.6577 1.1192
5388.8975 1.1181
5390.1401 1.1172
5391.3799 1.1171
5392.6230 1.1177
5393.8638 1.1173
5395.1074 1.1132
5396.3486 1.1101
5397.5903 1.1123
5398.8350 1.1155
5400.0767 1.1163
5401.3223 1.1154
5402.5645 1.1120
5403.8105 1.1077
5405.0537 1.1069
5406.2969 1.1097
5407.5439 1.1133
5408.7876 1.1151
5410.0352 1.1158
5411.2798 1.1157
5412.5273 1.1141
5413.7725 1.1122
5415.0181 1.1121
5416.2666 1.1145
5417.5127 1.1151
5418.7617 1.1144
5420.0083 1.1142
5421.2583 1.1135
5422.5054 1.1117
5423.7529 1.1105
5425.0034 1.1117
5426.2515 1.1121
5427.5029 1.1082
5428.7515 1.1047
5430.0034 1.1064
5431.2524 1.1106
5432.5020 1.1084
5433.7549 1.1063
5435.0049 1.1081
5436.2578 1.1102
5437.5088 1.1106
5438.7627 1.1104
5440.0137 1.1101
5441.2651 1.1102
5442.5200 1.1096
5443.7720 1.1068
5445.0273 1.1027
5446.2798 1.1008
5447.5356 1.1042
5448.7891 1.1076
5450.0425 1.1090
5451.2993 1.1099
5452.5532 1.1088
5453.8105 1.1039
5455.0654 1.1009
5456.3232 1.1041
5457.5786 1.1075
5458.8340 1.1078
5460.0928 1.1054
5461.3486 1.1022
5462.6084 1.1010
5463.8647 1.1012
5465.1250 1.1014
5466.3823 1.1019
5467.6396 1.1027
5468.9004 1.1031
5470.1587 1.1038
5471.4199 1.1037
5472.6787 1.1027
5473.9404 1.1007
5475.1997 1.0983
5476.4624 1.0976
5477.7222 1.1001
5478.9824 1.1017
5480.2461 1.1021
5481.5068 1.1021
5482.7705 1.1021
5484.0322 1.1019
5485.2964 1.1013
5486.5586 1.1004
5487.8208 1.1007
5489.0859 1.1016
5490.3491 1.1020
5491.6147 1.1014
5492.8784 1.1002
5494.1450 1.0996
5495.4087 1.0982
5496.6729 1.0971
5497.9404 1.0972
5499.2056 1.0976
5500.4736 1.0968
5501.7388 1.0968
5503.0073 1.0969
5504.2734 1.0960
5505.5396 1.0948
5506.8096 1.0946
5508.0762 1.0956
5509.3462 1.0963
5510.6138 1.0963
5511.8843 1.0960
5513.1523 1.0955
5514.4209 1.0951
5515.6924 1.0953
5516.9614 1.0960
5518.2334 1.0963
5519.5029 1.0955
5520.7759 1.0943
5522.0459 1.0935
5523.3159 1.0927
5524.5898 1.0914
5525.8608 1.0884
5527.1348 1.0855
5528.4062 1.0859
5529.6812 1.0898
5530.9536 1.0912
5532.2256 1.0915
5533.5015 1.0914
5534.7744 1.0911
5536.0508 1.0906
5537.3242 1.0900
5538.6011 1.0902
5539.8755 1.0903
5541.1499 1.0897
5542.4277 1.0888
5543.7026 1.0882
5544.9810 1.0879
5546.2568 1.0878
5547.5356 1.0879
5548.8115 1.0879
5550.0884 1.0881
5551.3682 1.0879
5552.6450 1.0868
5553.9258 1.0864
5555.2031 1.0865
5556.4844 1.0863
5557.7627 1.0860
5559.0410 1.0859
5560.3232 1.0861
5561.6021 1.0858
5562.8848 1.0848
5564.1646 1.0841
5565.4473 1.0837
5566.7280 1.0828
5568.0083 1.0814
5569.2925 1.0803
5570.5737 1.0790
5571.8579 1.0786
5573.1401 1.0793
5574.4253 1.0801
5575.7075 1.0798
5576.9932 1.0803
5578.2764 1.0802
5579.5596 1.0791
5580.8462 1.0783
5582.1299 1.0784
5583.4170 1.0782
5584.7017 1.0757
5585.9893 1.0733
5587.2744 1.0720
5588.5601 1.0728
5589.8486 1.0748
5591.1348 1.0759
5592.4238 1.0749
5593.7104 1.0743
5595.0005 1.0746
5596.2876 1.0741
5597.5747 1.0728
5598.8657 1.0728
5600.1538 1.0724
5601.4448 1.0717
5602.7334 1.0725
5604.0254 1.0737
5605.3149 1.0737
5606.6045 1.0728
5607.8970 1.0727
5609.1870 1.0723
5610.4805 1.0718
5611.7715 1.0710
5613.0654 1.0690
5614.3569 1.0657
5615.6484 1.0664
5616.9434 1.0690
5618.2354 1.0702
5619.5308 1.0701
5620.8237 1.0692
5622.1201 1.0672
5623.4131 1.0668
5624.7070 1.0683
5626.0039 1.0693
5627.2983 1.0692
5628.5957 1.0687
5629.8906 1.0682
5631.1890 1.0677
5632.4844 1.0667
5633.7803 1.0659
5635.0791 1.0656
5636.3755 1.0656
5637.6753 1.0655
5638.9722 1.0658
5640.2725 1.0656
5641.5703 1.0653
5642.8682 1.0649
5644.1694 1.0643
5645.4678 1.0637
5646.7695 1.0635
5648.0684 1.0633
5649.3711 1.0628
5650.6704 1.0625
5651.9707 1.0625
5653.2739 1.0623
5654.5742 1.0616
5655.8784 1.0609
5657.1797 1.0599
5658.4839 1.0598
5659.7856 1.0605
5661.0879 1.0607
5662.3931 1.0604
5663.6958 1.0601
5665.0020 1.0600
5666.3052 1.0595
5667.6118 1.0587
5668.9155 1.0583
5670.2197 1.0588
5671.5273 1.0594
5672.8320 1.0593
5674.1401 1.0581
5675.4453 1.0565
5676.7539 1.0563
5678.0601 1.0562
5679.3696 1.0561
5680.6758 1.0556
5681.9829 1.0547
5683.2930 1.0539
5684.6006 1.0532
5685.9111 1.0530
5687.2192 1.0531
5688.5308 1.0524
5689.8394 1.0517
5691.1484 1.0517
5692.4609 1.0523
5693.7705 1.0521
5695.0835 1.0519
5696.3936 1.0525
5697.7070 1.0529
5699.0176 1.0523
5700.3286 1.0510
5701.6431 1.0491
5702.9551 1.0478
5704.2700 1.0483
5705.5825 1.0489
5706.8979 1.0483
5708.2109 1.0479
5709.5239 1.0482
5710.8408 1.0486
5712.1543 1.0483
5713.4717 1.0478
5714.7861 1.0476
5716.1040 1.0473
5717.4189 1.0466
5718.7339 1.0464
5720.0527 1.0463
5721.3687 1.0460
5722.6880 1.0459
5724.0044 1.0460
5725.3242 1.0457
5726.6416 1.0449
5727.9590 1.0434
5729.2798 1.0422
5730.5977 1.0423
5731.9194 1.0433
5733.2378 1.0438
5734.5601 1.0436
5735.8794 1.0430
5737.1987 1.0425
5738.5215 1.0423
5739.8418 1.0420
5741.1655 1.0424
5742.4863 1.0429
5743.8105 1.0426
5745.1318 1.0413
5746.4536 1.0400
5747.7783 1.0401
5749.1006 1.0406
5750.4268 1.0398
5751.7495 1.0391
5753.0757 1.0390
5754.3994 1.0393
5755.7231 1.0393
5757.0503 1.0392
5758.3745 1.0387
5759.7026 1.0383
5761.0273 1.0378
5762.3560 1.0373
5763.6816 1.0371
5765.0078 1.0372
5766.3369 1.0372
5767.6636 1.0372
5768.9937 1.0369
5770.3208 1.0363
5771.6514 1.0361
5772.9790 1.0359
5774.3071 1.0355
5775.6387 1.0355
5776.9673 1.0355
5778.2993 1.0352
5779.6289 1.0349
5780.9614 1.0343
5782.2915 1.0339
5783.6250 1.0334
5784.9556 1.0327
5786.2861 1.0322
5787.6206 1.0323
5788.9521 1.0323
5790.2871 1.0320
5791.6191 1.0322
5792.9546 1.0325
5794.2871 1.0325
5795.6201 1.0324
5796.9565 1.0323
5798.2900 1.0323
5799.6274 1.0320
5800.9614 1.0317
5802.2993 1.0313
5803.6338 1.0308
5804.9692 1.0302
5806.3076 1.0297
5807.6436 1.0299
5808.9824 1.0302
5810.3188 1.0301
5811.6587 1.0295
5812.9956 1.0284
5814.3330 1.0280
5815.6738 1.0285
5817.0117 1.0290
5818.3530 1.0291
5819.6914 1.0292
5821.0337 1.0288
5822.3726 1.0281
5823.7119 1.0275
5825.0552 1.0277
5826.3950 1.0279
5827.7388 1.0270
5829.0791 1.0262
5830.4233 1.0264
5831.7646 1.0262
5833.1064 1.0257
5834.4517 1.0257
5835.7935 1.0259
5837.1396 1.0257
5838.4824 1.0257
5839.8286 1.0255
5841.1719 1.0248
5842.5156 1.0240
5843.8633 1.0233
5845.2075 1.0234
5846.5552 1.0231
5847.9004 1.0226
5849.2490 1.0221
5850.5942 1.0219
5851.9404 1.0217
5853.2896 1.0211
5854.6362 1.0198
5855.9863 1.0183
5857.3335 1.0181
5858.6841 1.0193
5860.0322 1.0200
5861.3799 1.0198
5862.7319 1.0197
5864.0806 1.0196
5865.4326 1.0192
5866.7822 1.0186
5868.1348 1.0181
5869.4849 1.0177
5870.8350 1.0174
5872.1890 1.0170
5873.5400 1.0165
5874.8940 1.0162
5876.2456 1.0161
5877.6006 1.0159
5878.9531 1.0158
5880.3052 1.0153
5881.6611 1.0145
5883.0146 1.0136
5884.3711 1.0126
5885.7246 1.0115
5887.0820 1.0067
5888.4365 0.9996
5889.7939 0.9993
5891.1489 1.0056
5892.5044 1.0060
5893.8633 1.0009
5895.2192 0.9987
5896.5786 1.0031
5897.9351 1.0075
5899.2949 1.0075
5900.6523 1.0068
5902.0098 1.0061
5903.3706 1.0061
5904.7285 1.0070
5906.0903 1.0076
5907.4487 1.0070
5908.8110 1.0063
5910.1704 1.0057
5911.5303 1.0053
5912.8931 1.0053
5914.2534 1.0049
5915.6172 1.0038
5916.9780 1.0032
5918.3428 1.0029
5919.7041 1.0008
5921.0659 1.0001
5922.4312 1.0009
5923.7939 1.0010
5925.1597 0.9994
5926.5229 1.0001
5927.8896 1.0008
5929.2534 1.0003
5930.6172 1.0002
5931.9849 1.0003
5933.3496 0.9991
5934.7178 0.9995
5936.0830 1.0003
5937.4517 0.9999
5938.8179 0.9993
5940.1841 0.9982
5941.5537 0.9950
5942.9204 0.9916
5944.2910 0.9916
5945.6587 0.9923
5947.0298 0.9921
5948.3975 0.9921
5949.7661 0.9929
5951.1382 0.9922
5952.5073 0.9920
5953.8799 0.9918
5955.2495 0.9920
5956.6226 0.9925
5957.9932 0.9917
5959.3638 0.9908
5960.7378 0.9914
5962.1094 0.9923
5963.4839 0.9923
5964.8560 0.9916
5966.2314 0.9909
5967.6040 0.9898
5968.9766 0.9892
5970.3530 0.9895
5971.7266 0.9896
5973.1035 0.9888
5974.4780 0.9876
5975.8555 0.9864
5977.2305 0.9863
5978.6055 0.9867
5979.9839 0.9874
5981.3599 0.9876
5982.7388 0.9863
5984.1152 0.9855
5985.4951 0.9853
5986.8721 0.9844
5988.2495 0.9839
5989.6304 0.9842
5991.0083 0.9843
5992.3896 0.9841
5993.7681 0.9840
5995.1504 0.9842
5996.5298 0.9847
5997.9126 0.9847
5999.2920 0.9836
6000.6724 0.9822
6002.0562 0.9817
6003.4370 0.9818
6004.8213 0.9820
6006.2026 0.9819
6007.5874 0.9815
6008.9697 0.9809
6010.3521 0.9787
6011.7378 0.9766
6013.1211 0.9771
6014.5078 0.9788
6015.8911 0.9778
6017.2783 0.9773
6018.6626 0.9771
6020.0474 0.9766
6021.4355 0.9756
6022.8208 0.9747
6024.2095 0.9749
6025.5957 0.9752
6026.9849 0.9749
6028.3716 0.9749
6029.7583 0.9749
6031.1489 0.9747
6032.5361 0.9744
6033.9272 0.9740
6035.3154 0.9729
6036.7070 0.9725
6038.0957 0.9725
6039.4849 0.9724
6040.8774 0.9715
6042.2671 0.9709
6043.6606 0.9706
6045.0508 0.9709
6046.4448 0.9709
6047.8359 0.9705
6049.2271 0.9700
6050.6221 0.9699
6052.0142 0.9696
6053.4097 0.9691
6054.8022 0.9689
6056.1982 0.9691
6057.5918 0.9691
6058.9854 0.9688
6060.3823 0.9684
6061.7764 0.9678
6063.1743 0.9669
6064.5693 0.9662
6065.9678 0.9666
6067.3633 0.9668
6068.7588 0.9668
6070.1582 0.9663
6071.5547 0.9656
6072.9551 0.9650
6074.3521 0.9648
6075.7529 0.9647
6077.1504 0.9646
6078.5483 0.9647
6079.9502 0.9646
6081.3491 0.9640
6082.7515 0.9637
6084.1504 0.9636
6085.5537 0.9633
6086.9536 0.9627
6088.3540 0.9621
6089.7578 0.9621
6091.1587 0.9620
6092.5635 0.9621
6093.9648 0.9619
6095.3701 0.9613
6096.7725 0.9605
6098.1782 0.9599
6099.5811 0.9594
6100.9844 0.9582
6102.3911 0.9577
6103.7949 0.9589
6105.2026 0.9602
6106.6069 0.9601
6108.0151 0.9592
6109.4204 0.9584
6110.8257 0.9581
6112.2349 0.9582
6113.6411 0.9579
6115.0508 0.9574
6116.4575 0.9576
6117.8682 0.9577
6119.2754 0.9559
6120.6831 0.9536
6122.0947 0.9536
6123.5029 0.9555
6124.9150 0.9556
6126.3242 0.9549
6127.7368 0.9544
6129.1465 0.9542
6130.5566 0.9541
6131.9702 0.9542
6133.3809 0.9537
6134.7954 0.9519
6136.2065 0.9510
6137.6216 0.9517
6139.0337 0.9522
6140.4458 0.9517
6141.8618 0.9523
6143.2749 0.9525
6144.6914 0.9524
6146.1050 0.9521
6147.5220 0.9518
6148.9365 0.9514
6150.3511 0.9511
6151.7690 0.9507
6153.1846 0.9502
6154.6035 0.9499
6156.0190 0.9498
6157.4390 0.9497
6158.8555 0.9489
6160.2720 0.9455
6161.6929 0.9444
6163.1104 0.9465
6164.5312 0.9483
6165.9497 0.9476
6167.3711 0.9464
6168.7900 0.9458
6170.2095 0.9459
6171.6323 0.9462
6173.0518 0.9462
6174.4756 0.9460
6175.8960 0.9459
6177.3198 0.9458
6178.7412 0.9451
6180.1626 0.9448
6181.5874 0.9446
6183.0098 0.9441
6184.4355 0.9438
6185.8579 0.9437
6187.2847 0.9436
6188.7080 0.9427
6190.1318 0.9416
6191.5591 0.9414
6192.9834 0.9422
6194.4116 0.9420
6195.8364 0.9416
6197.2651 0.9414
6198.6909 0.9415
6200.1172 0.9412
6201.5469 0.9406
6202.9731 0.9403
6204.4038 0.9402
6205.8311 0.9401
6207.2622 0.9400
6208.6899 0.9396
6210.1216 0.9388
6211.5503 0.9384
6212.9795 0.9379
6214.4121 0.9376
6215.8418 0.9374
6217.2749 0.9371
6218.7056 0.9367
6220.1392 0.9367
6221.5703 0.9366
6223.0015 0.9364
6224.4365 0.9362
6225.8687 0.9359
6227.3042 0.9350
6228.7368 0.9332
6230.1729 0.9319
6231.6064 0.9323
6233.0400 0.9333
6234.4771 0.9336
6235.9116 0.9329
6237.3496 0.9322
6238.7842 0.9318
6240.2231 0.9316
6241.6587 0.9314
6243.0942 0.9310
6244.5342 0.9306
6245.9707 0.9304
6247.4111 0.9301
6248.8481 0.9299
6250.2891 0.9292
6251.7271 0.9283
6253.1650 0.9281
6254.6069 0.9279
6256.0459 0.9278
6257.4888 0.9278
6258.9282 0.9277
6260.3716 0.9276
6261.8115 0.9276
6263.2520 0.9271
6264.6963 0.9266
6266.1377 0.9262
6267.5825 0.9257
6269.0244 0.9252
6270.4702 0.9251
6271.9126 0.9250
6273.3555 0.9246
6274.8022 0.9242
6276.2456 0.9222
6277.6929 0.9167
6279.1372 0.9102
6280.5850 0.9107
6282.0298 0.9138
6283.4751 0.9162
6284.9238 0.9179
6286.3696 0.9192
6287.8193 0.9196
6289.2661 0.9190
6290.7163 0.9183
6292.1636 0.9177
6293.6108 0.9170
6295.0620 0.9159
6296.5103 0.9151
6297.9624 0.9150
6299.4111 0.9144
6300.8638 0.9149
6302.3135 0.9155
6303.7632 0.9157
6305.2168 0.9159
6306.6675 0.9153
6308.1216 0.9145
6309.5728 0.9150
6311.0278 0.9152
6312.4795 0.9143
6313.9316 0.9139
6315.3877 0.9131
6316.8403 0.9128
6318.2974 0.9132
6319.7510 0.9134
6321.2080 0.9131
6322.6621 0.9134
6324.1201 0.9131
6325.5752 0.9127
6327.0303 0.9127
6328.4893 0.9126
6329.9453 0.9121
6331.4048 0.9119
6332.8613 0.9118
6334.3218 0.9111
6335.7788 0.9107
6337.2363 0.9107
6338.6978 0.9110
6340.1558 0.9109
6341.6182 0.9107
6343.0767 0.9102
6344.5396 0.9098
6345.9990 0.9095
6347.4590 0.9094
6348.9229 0.9093
6350.3833 0.9092
6351.8477 0.9086
6353.3091 0.9071
6354.7739 0.9063
6356.2358 0.9069
6357.6982 0.9071
6359.1641 0.9069
6360.6270 0.9069
6362.0938 0.9067
6363.5576 0.9064
6365.0249 0.9059
6366.4893 0.9054
6367.9536 0.9050
6369.4224 0.9042
6370.8877 0.9038
6372.3564 0.9039
6373.8228 0.9042
6375.2925 0.9042
6376.7588 0.9038
6378.2261 0.9034
6379.6968 0.9028
6381.1646 0.9024
6382.6357 0.9023
6384.1040 0.9018
6385.5762 0.9013
6387.0454 0.9008
6388.5146 0.9008
6389.9878 0.9005
6391.4580 0.8994
6392.9316 0.8988
6394.4023 0.8997
6395.8770 0.9001
6397.3481 0.8988
6398.8198 0.8975
6400.2954 0.8973
6401.7681 0.8974
6403.2441 0.8973
6404.7173 0.8972
6406.1943 0.8966
6407.6680 0.8963
6409.1421 0.8964
6410.6196 0.8958
6412.0947 0.8959
6413.5732 0.8958
6415.0488 0.8952
6416.5278 0.8949
6418.0039 0.8945
6419.4805 0.8932
6420.9609 0.8928
6422.4380 0.8932
6423.9189 0.8932
6425.3970 0.8927
6426.8784 0.8923
6428.3569 0.8919
6429.8359 0.8911
6431.3184 0.8910
6432.7979 0.8910
6434.2812 0.8908
6435.7617 0.8899
6437.2456 0.8875
6438.7266 0.8867
6440.2114 0.8882
6441.6929 0.8891
6443.1748 0.8890
6444.6606 0.8887
6446.1431 0.8884
6447.6294 0.8874
6449.1128 0.8866
6450.6001 0.8866
6452.0840 0.8866
6453.5684 0.8857
6455.0566 0.8842
6456.5415 0.8836
6458.0303 0.8838
6459.5161 0.8828
6461.0054 0.8814
6462.4917 0.8812
6463.9785 0.8825
6465.4692 0.8828
6466.9565 0.8822
6468.4478 0.8814
6469.9360 0.8805
6471.4277 0.8800
6472.9165 0.8801
6474.4058 0.8800
6475.8984 0.8787
6477.3882 0.8765
6478.8818 0.8752
6480.3726 0.8758
6481.8667 0.8772
6483.3579 0.8773
6484.8496 0.8766
6486.3447 0.8767
6487.8369 0.8771
6489.3330 0.8768
6490.8262 0.8754
6492.3228 0.8729
6493.8164 0.8713
6495.3101 0.8717
6496.8081 0.8727
6498.3027 0.8732
6499.8013 0.8735
6501.2964 0.8735
6502.7954 0.8733
6504.2915 0.8729
6505.7876 0.8725
6507.2881 0.8722
6508.7852 0.8718
6510.2861 0.8716
6511.7837 0.8714
6513.2852 0.8707
6514.7837 0.8694
6516.2822 0.8682
6517.7852 0.8677
6519.2842 0.8678
6520.7876 0.8680
6522.2876 0.8680
6523.7920 0.8675
6525.2925 0.8670
6526.7939 0.8668
6528.2988 0.8662
6529.8008 0.8656
6531.3062 0.8652
6532.8091 0.8645
6534.3154 0.8637
6535.8184 0.8632
6537.3223 0.8633
6538.8296 0.8632
6540.3340 0.8628
6541.8423 0.8618
6543.3472 0.8602
6544.8560 0.8584
6546.3613 0.8573
6547.8677 0.8566
6549.3774 0.8551
6550.8843 0.8535
6552.3945 0.8515
6553.9019 0.8481
6555.4136 0.8445
6556.9214 0.8377
6558.4336 0.8267
6559.9424 0.8020
6561.4512 0.7773
6562.9644 0.7903
6564.4741 0.8179
6565.9878 0.8337
6567.4985 0.8411
6569.0127 0.8452
6570.5239 0.8476
6572.0356 0.8492
6573.5513 0.8501
6575.0635 0.8508
6576.5796 0.8518
6578.0923 0.8527
6579.6094 0.8532
6581.1230 0.8530
6582.6372 0.8528
6584.1548 0.8531
6585.6694 0.8532
6587.1885 0.8532
6588.7036 0.8533
6590.2231 0.8530
6591.7393 0.8525
6593.2554 0.8529
6594.7759 0.8531
6596.2930 0.8530
6597.8140 0.8528
6599.3320 0.8529
6600.8535 0.8525
6602.3721 0.8518
6603.8911 0.8513
6605.4141 0.8508
6606.9336 0.8504
6608.4570 0.8508
6609.9771 0.8505
6611.5015 0.8499
6613.0225 0.8497
6614.5439 0.8497
6616.0693 0.8497
6617.5913 0.8496
6619.1172 0.8492
6620.6396 0.8491
6622.1665 0.8489
6623.6899 0.8486
6625.2139 0.8484
6626.7417 0.8485
6628.2661 0.8480
6629.7944 0.8477
6631.3198 0.8479
6632.8486 0.8479
6634.3745 0.8476
6635.9009 0.8475
6637.4312 0.8473
6638.9580 0.8470
6640.4888 0.8467
6642.0166 0.8463
6643.5483 0.8459
6645.0767 0.8458
6646.6055 0.8459
6648.1382 0.8465
6649.6675 0.8468
6651.2007 0.8463
6652.7310 0.8458
6654.2651 0.8458
6655.7959 0.8456
6657.3271 0.8448
6658.8623 0.8446
6660.3940 0.8447
6661.9297 0.8446
6663.4624 0.8446
6664.9990 0.8448
6666.5322 0.8444
6668.0659 0.8441
6669.6035 0.8437
6671.1377 0.8432
6672.6763 0.8430
6674.2114 0.8431
6675.7505 0.8423
6677.2861 0.8418
6678.8257 0.8420
6680.3623 0.8423
6681.8989 0.8419
6683.4399 0.8417
6684.9775 0.8421
6686.5190 0.8422
6688.0571 0.8421
6689.5996 0.8422
6691.1382 0.8420
6692.6777 0.8418
6694.2212 0.8415
6695.7607 0.8404
6697.3052 0.8395
6698.8457 0.8399
6700.3906 0.8409
6701.9316 0.8409
6703.4736 0.8407
6705.0195 0.8393
6706.5620 0.8382
6708.1084 0.8389
6709.6519 0.8403
6711.1987 0.8402
6712.7427 0.8401
6714.2871 0.8396
6715.8354 0.8387
6717.3804 0.8380
6718.9292 0.8380
6720.4751 0.8372
6722.0249 0.8373
6723.5713 0.8370
6725.1177 0.8361
6726.6685 0.8358
6728.2163 0.8369
6729.7676 0.8366
6731.3159 0.8362
6732.8682 0.8359
6734.4170 0.8355
6735.9663 0.8351
6737.5195 0.8345
6739.0693 0.8342
6740.6235 0.8333
6742.1743 0.8321
6743.7290 0.8321
6745.2803 0.8325
6746.8320 0.8314
6748.3877 0.8311
6749.9404 0.8317
6751.4966 0.8318
6753.0498 0.8313
6754.6069 0.8301
6756.1611 0.8286
6757.7153 0.8291
6759.2734 0.8292
6760.8286 0.8292
6762.3877 0.8291
6763.9434 0.8285
6765.5029 0.8279
6767.0596 0.8279
6768.6162 0.8279
6770.1772 0.8275
6771.7344 0.8270
6773.2959 0.8267
6774.8540 0.8263
6776.4165 0.8262
6777.9756 0.8260
6779.5347 0.8256
6781.0981 0.8250
6782.6582 0.8242
6784.2222 0.8236
6785.7827 0.8240
6787.3477 0.8243
6788.9092 0.8241
6790.4707 0.8239
6792.0366 0.8238
6793.5991 0.8235
6795.1655 0.8231
6796.7290 0.8226
6798.2964 0.8221
6799.8604 0.8220
6801.4282 0.8221
6802.9927 0.8217
6804.5581 0.8215
6806.1270 0.8213
6807.6929 0.8207
6809.2627 0.8202
6810.8291 0.8200
6812.3994 0.8197
6813.9668 0.8195
6815.5342 0.8194
6817.1060 0.8190
6818.6743 0.8184
6820.2466 0.8180
6821.8154 0.8181
6823.3887 0.8178
6824.9585 0.8160
6826.5283 0.8130
6828.1025 0.8129
6829.6733 0.8159
6831.2485 0.8162
6832.8198 0.8161
6834.3955 0.8158
6835.9678 0.8154
6837.5405 0.8150
6839.1172 0.8141
6840.6904 0.8130
6842.2681 0.8130
6843.8418 0.8135
6845.4199 0.8137
6846.9946 0.8136
6848.5698 0.8133
6850.1494 0.8130
6851.7251 0.8124
6853.3052 0.8109
6854.8818 0.8099
6856.4624 0.8101
6858.0396 0.8105
6859.6177 0.8101
6861.1992 0.8101
6862.7778 0.8104
6864.3604 0.8104
6865.9395 0.8101
6867.5225 0.8097
6869.1025 0.8092
6870.6826 0.8090
6872.2671 0.8088
6873.8481 0.8086
6875.4331 0.8083
6877.0146 0.8080
6878.6006 0.8076
6880.1831 0.8069
6881.7656 0.8064
6883.3525 0.8063
6884.9360 0.8059
6886.5239 0.8054
6888.1079 0.8055
6889.6963 0.8055
6891.2812 0.8053
6892.8667 0.8050
6894.4561 0.8046
6896.0425 0.8043
6897.6323 0.8040
6899.2192 0.8037
6900.8105 0.8034
6902.3979 0.8029
6903.9858 0.8022
6905.5776 0.8016
6907.1665 0.8017
6908.7593 0.8014
6910.3486 0.8008
6911.9419 0.8002
6913.5322 0.7997
6915.1226 0.7994
6916.7173 0.7993
6918.3081 0.7988
6919.9038 0.7982
6921.4956 0.7981
6923.0918 0.7980
6924.6846 0.7977
6926.2812 0.7974
6927.8745 0.7971
6929.4683 0.7970
6931.0664 0.7968
6932.6606 0.7967
6934.2593 0.7965
6935.8545 0.7962
6937.4541 0.7957
6939.0498 0.7954
6940.6460 0.7953
6942.2466 0.7949
6943.8438 0.7942
6945.4448 0.7941
6947.0430 0.7942
6948.6445 0.7941
6950.2432 0.7937
6951.8423 0.7935
6953.4453 0.7934
6955.0449 0.7930
6956.6489 0.7928
6958.2490 0.7927
6959.8535 0.7917
6961.4546 0.7910
6963.0562 0.7913
6964.6621 0.7916
6966.2642 0.7910
6967.8706 0.7907
6969.4736 0.7906
6971.0806 0.7904
6972.6841 0.7894
6974.2886 0.7885
6975.8965 0.7881
6977.5015 0.7878
6979.1104 0.7874
6980.7158 0.7876
6982.3257 0.7878
6983.9321 0.7873
6985.5386 0.7870
6987.1494 0.7871
6988.7568 0.7872
6990.3687 0.7870
6991.9766 0.7864
6993.5889 0.7858
6995.1978 0.7855
6996.8071 0.7849
6998.4204 0.7841
7000.0303 0.7835
7001.6445 0.7833
7003.2554 0.7839
7004.8701 0.7839
7006.4819 0.7836
7008.0938 0.7834
7009.7095 0.7829
7011.3223 0.7825
7012.9390 0.7825
7014.5522 0.7817
7016.1699 0.7812
7017.7837 0.7811
7019.3984 0.7807
7021.0171 0.7802
7022.6323 0.7804
7024.2515 0.7804
7025.8677 0.7795
7027.4878 0.7789
7029.1045 0.7788
7030.7212 0.7790
7032.3428 0.7788
7033.9604 0.7780
7035.5825 0.7773
7037.2007 0.7772
7038.8237 0.7771
7040.4429 0.7766
7042.0664 0.7765
7043.6865 0.7768
7045.3066 0.7767
7046.9316 0.7759
7048.5527 0.7750
7050.1782 0.7748
7051.7998 0.7749
7053.4263 0.7748
7055.0488 0.7747
7056.6719 0.7745
7058.2988 0.7746
7059.9229 0.7744
7061.5508 0.7728
7063.1753 0.7716
7064.8037 0.7710
7066.4292 0.7704
7068.0547 0.7698
7069.6846 0.7702
7071.3110 0.7713
7072.9419 0.7714
7074.5688 0.7709
7076.2002 0.7704
7077.8281 0.7699
7079.4561 0.7687
7081.0889 0.7672
7082.7178 0.7681
7084.3511 0.7692
7085.9810 0.7693
7087.6147 0.7689
7089.2451 0.7683
7090.8760 0.7671
7092.5112 0.7669
7094.1431 0.7673
7095.7788 0.7674
7097.4111 0.7669
7099.0479 0.7664
7100.6812 0.7662
7102.3145 0.7657
7103.9521 0.7654
7105.5864 0.7651
7107.2251 0.7645
7108.8599 0.7632
7110.4995 0.7616
7112.1353 0.7606
7113.7715 0.7604
7115.4116 0.7608
7117.0483 0.7615
7118.6899 0.7616
7120.3271 0.7611
7121.9692 0.7617
7123.6079 0.7628
7125.2466 0.7630
7126.8896 0.7624
7128.5293 0.7615
7130.1729 0.7604
7131.8130 0.7606
7133.4580 0.7608
7135.0986 0.7608
7136.7402 0.7606
7138.3857 0.7604
7140.0283 0.7600
7141.6748 0.7592
7143.3174 0.7595
7144.9648 0.7581
7146.6084 0.7559
7148.2524 0.7561
7149.9009 0.7584
7151.5459 0.7585
7153.1948 0.7579
7154.8403 0.7571
7156.4902 0.7569
7158.1367 0.7573
7159.7832 0.7566
7161.4346 0.7552
7163.0820 0.7524
7164.7339 0.7525
7166.3818 0.7546
7168.0347 0.7557
7169.6836 0.7558
7171.3369 0.7557
7172.9863 0.7552
7174.6367 0.7545
7176.2910 0.7542
7177.9419 0.7540
7179.5972 0.7526
7181.2490 0.7525
7182.9048 0.7531
7184.5571 0.7514
7186.2100 0.7498
7187.8672 0.7508
7189.5210 0.7514
7191.1787 0.7495
7192.8330 0.7489
7194.4917 0.7495
7196.1465 0.7500
7197.8022 0.7495
7199.4619 0.7481
7201.1182 0.7463
7202.7788 0.7475
7204.4355 0.7467
7206.0972 0.7448
7207.7549 0.7453
7209.4131 0.7469
7211.0757 0.7464
7212.7344 0.7451
7214.3975 0.7450
7216.0571 0.7454
7217.7212 0.7452
7219.3818 0.7442
7221.0425 0.7424
7222.7075 0.7413
7224.3691 0.7420
7226.0352 0.7431
7227.6973 0.7434
7229.3643 0.7436
7231.0273 0.7435
7232.6909 0.7428
7234.3584 0.7423
7236.0229 0.7419
7237.6914 0.7409
7239.3564 0.7392
7241.0259 0.7395
7242.6919 0.7393
7244.3579 0.7396
7246.0283 0.7403
7247.6953 0.7401
7249.3667 0.7386
7251.0342 0.7388
7252.7065 0.7387
7254.3750 0.7387
7256.0439 0.7390
7257.7168 0.7388
7259.3867 0.7377
7261.0605 0.7373
7262.7310 0.7375
7264.4058 0.7376
7266.0771 0.7375
7267.7485 0.7373
7269.4243 0.7369
7271.0967 0.7363
7272.7734 0.7354
7274.4463 0.7347
7276.1240 0.7347
7277.7979 0.7348
7279.4722 0.7344
7281.1509 0.7336
7282.8257 0.7329
7284.5054 0.7328
7286.1812 0.7308
7287.8613 0.7277
7289.5376 0.7292
7291.2148 0.7304
7292.8960 0.7311
7294.5737 0.7314
7296.2559 0.7312
7297.9341 0.7304
7299.6172 0.7300
7301.2964 0.7300
7302.9800 0.7303
7304.6602 0.7294
7306.3408 0.7274
7308.0254 0.7259
7309.7065 0.7257
7311.3921 0.7267
7313.0742 0.7272
7314.7607 0.7272
7316.4434 0.7266
7318.1265 0.7255
7319.8140 0.7244
7321.4980 0.7253
7323.1860 0.7242
7324.8711 0.7227
7326.5601 0.7230
7328.2456 0.7242
7329.9312 0.7235
7331.6216 0.7237
7333.3081 0.7237
7334.9995 0.7236
7336.6865 0.7233
7338.3784 0.7229
7340.0669 0.7228
7341.7554 0.7227
7343.4482 0.7225
7345.1377 0.7221
7346.8315 0.7218
7348.5215 0.7214
7350.2163 0.7207
7351.9067 0.7200
7353.5981 0.7191
7355.2939 0.7192
7356.9858 0.7199
7358.6826 0.7199
7360.3755 0.7191
7362.0728 0.7187
7363.7661 0.7186
7365.4604 0.7187
7367.1587 0.7185
7368.8535 0.7181
7370.5527 0.7179
7372.2485 0.7176
7373.9487 0.7173
7375.6450 0.7172
7377.3418 0.7170
7379.0430 0.7165
7380.7402 0.7161
7382.4424 0.7158
7384.1406 0.7148
7385.8433 0.7139
7387.5425 0.7136
7389.2422 0.7140
7390.9458 0.7146
7392.6465 0.7142
7394.3511 0.7143
7396.0522 0.7141
7397.7573 0.7135
7399.4595 0.7131
7401.1616 0.7130
7402.8682 0.7120
7404.5713 0.7110
7406.2788 0.7106
7407.9824 0.7101
7409.6909 0.7094
7411.3955 0.7095
7413.1006 0.7081
7414.8101 0.7081
7416.5156 0.7088
7418.2261 0.7087
7419.9326 0.7080
7421.6436 0.7077
7423.3506 0.7077
7425.0586 0.7077
7426.7705 0.7071
7428.4795 0.7067
7430.1924 0.7069
7431.9014 0.7068
7433.6152 0.7067
7435.3257 0.7068
7437.0400 0.7066
7438.7510 0.7063
7440.4624 0.7063
7442.1777 0.7062
7443.8901 0.7053
7445.6064 0.7050
7447.3193 0.7051
7449.0366 0.7052
7450.7505 0.7051
7452.4644 0.7046
7454.1831 0.7042
7455.8979 0.7041
7457.6172 0.7037
7459.3325 0.7034
7461.0527 0.7035
7462.7690 0.7035
7464.4858 0.7029
7466.2070 0.7028
7467.9248 0.7029
7469.6470 0.7024
7471.3652 0.7016
7473.0884 0.7016
7474.8076 0.7012
7476.5269 0.7010
7478.2510 0.7008
7479.9712 0.7006
7481.6963 0.7005
7483.4175 0.7004
7485.1431 0.7004
7486.8652 0.7006
7488.5874 0.7000
7490.3145 0.6992
7492.0371 0.6988
7493.7651 0.6980
7495.4888 0.6981
7497.2173 0.6980
7498.9419 0.6979
7500.6670 0.6977
7502.3970 0.6974
7504.1226 0.6973
7505.8530 0.6971
7507.5801 0.6964
7509.3110 0.6950
7511.0386 0.6944
7512.7666 0.6951
7514.4990 0.6949
7516.2275 0.6954
7517.9609 0.6954
7519.6904 0.6945
7521.4243 0.6933
7523.1548 0.6928
7524.8853 0.6936
7526.6206 0.6938
7528.3521 0.6936
7530.0884 0.6930
7531.8203 0.6925
7533.5571 0.6926
7535.2905 0.6928
7537.0239 0.6927
7538.7617 0.6924
7540.4961 0.6919
7542.2349 0.6917
7543.9702 0.6915
7545.7095 0.6910
7547.4453 0.6908
7549.1816 0.6907
7550.9229 0.6905
7552.6597 0.6897
7554.4014 0.6887
7556.1392 0.6892
7557.8818 0.6889
7559.6201 0.6884
7561.3594 0.6881
7563.1030 0.6879
7564.8428 0.6876
7566.5874 0.6871
7568.3281 0.6867
7570.0732 0.6869
7571.8149 0.6864
7573.5610 0.6856
7575.3032 0.6857
7577.0459 0.6858
7578.7930 0.6855
7580.5366 0.6849
7582.2847 0.6841
7584.0288 0.6834
7585.7778 0.6836
7587.5229 0.6840
7589.2686 0.6839
7591.0186 0.6836
7592.7646 0.6833
7594.5156 0.6829
7596.2627 0.6827
7598.0142 0.6824
7599.7622 0.6817
7601.5107 0.6813
7603.2637 0.6813
7605.0127 0.6812
7606.7661 0.6809
7608.5161 0.6805
7610.2710 0.6803
7612.0215 0.6804
7613.7725 0.6794
7615.5283 0.6780
7617.2803 0.6775
7619.0366 0.6779
7620.7896 0.6785
7622.5469 0.6788
7624.3003 0.6786
7626.0542 0.6783
7627.8130 0.6781
7629.5679 0.6778
7631.3271 0.6775
7633.0825 0.6771
7634.8428 0.6768
7636.5991 0.6766
7638.3560 0.6761
7640.1172 0.6758
7641.8750 0.6757
7643.6372 0.6754
7645.3955 0.6752
7647.1587 0.6749
7648.9180 0.6747
7650.6772 0.6742
7652.4419 0.6729
7654.2021 0.6715
7655.9673 0.6701
7657.7285 0.6693
7659.4941 0.6695
7661.2563 0.6690
7663.0186 0.6675
7664.7856 0.6692
7666.5493 0.6710
7668.3169 0.6711
7670.0811 0.6708
7671.8496 0.6707
7673.6147 0.6702
7675.3799 0.6703
7677.1499 0.6692
7678.9160 0.6681
7680.6870 0.6686
7682.4536 0.6685
7684.2251 0.6674
7685.9932 0.6676
7687.7612 0.6678
7689.5342 0.6674
7691.3027 0.6672
7693.0767 0.6671
7694.8462 0.6664
7696.6206 0.6649
7698.3911 0.6648
7700.1621 0.6658
7701.9380 0.6662
7703.7100 0.6658
7705.4863 0.6655
7707.2588 0.6649
7709.0361 0.6622
7710.8096 0.6608
7712.5879 0.6630
7714.3618 0.6642
7716.1367 0.6641
7717.9160 0.6639
7719.6914 0.6633
7721.4717 0.6627
7723.2480 0.6622
7725.0288 0.6616
7726.8062 0.6612
7728.5835 0.6617
7730.3657 0.6619
7732.1440 0.6616
7733.9272 0.6614
7735.7065 0.6611
7737.4902 0.6608
7739.2700 0.6603
7741.0508 0.6593
7742.8354 0.6587
7744.6167 0.6585
7746.4028 0.6575
7748.1851 0.6574
7749.9717 0.6582
7751.7544 0.6584
7753.5376 0.6580
7755.3257 0.6577
7757.1099 0.6574
7758.8984 0.6569
7760.6836 0.6566
7762.4731 0.6563
7764.2588 0.6560
7766.0449 0.6557
7767.8359 0.6552
7769.6226 0.6527
7771.4146 0.6505
7773.2021 0.6499
7774.9946 0.6513
7776.7832 0.6534
7778.5723 0.6528
7780.3662 0.6528
7782.1558 0.6528
7783.9507 0.6528
7785.7412 0.6526
7787.5366 0.6523
7789.3281 0.6522
7791.1201 0.6520
7792.9165 0.6515
7794.7095 0.6509
7796.5068 0.6506
7798.3003 0.6506
7800.0986 0.6505
7801.8931 0.6503
7803.6880 0.6499
7805.4873 0.6493
7807.2832 0.6488
7809.0835 0.6484
7810.8799 0.6481
7812.6812 0.6481
7814.4785 0.6484
7816.2759 0.6483
7818.0786 0.6480
7819.8770 0.6478
7821.6802 0.6475
7823.4795 0.6468
7825.2837 0.6462
7827.0840 0.6458
7828.8843 0.6454
7830.6899 0.6448
7832.4912 0.6447
7834.2974 0.6441
7836.0996 0.6441
7837.9067 0.6440
7839.7100 0.6440
7841.5132 0.6443
7843.3213 0.6443
7845.1260 0.6439
7846.9351 0.6433
7848.7402 0.6429
7850.5498 0.6427
7852.3560 0.6426
7854.1665 0.6418
7855.9736 0.6411
7857.7808 0.6411
7859.5928 0.6410
7861.4009 0.6404
7863.2139 0.6398
7865.0225 0.6395
7866.8364 0.6387
7868.6460 0.6377
7870.4561 0.6377
7872.2710 0.6382
7874.0820 0.6383
7875.8979 0.6387
7877.7100 0.6374
7879.5264 0.6367
7881.3389 0.6371
7883.1519 0.6372
7884.9697 0.6367
7886.7837 0.6369
7888.6025 0.6345
7890.4175 0.6340
7892.2368 0.6342
7894.0522 0.6334
7895.8687 0.6318
7897.6890 0.6304
7899.5059 0.6314
7901.3276 0.6343
7903.1455 0.6323
7904.9678 0.6296
7906.7861 0.6323
7908.6055 0.6343
7910.4292 0.6316
7912.2485 0.6293
7914.0732 0.6309
7915.8940 0.6330
7917.7192 0.6316
7919.5405 0.6295
7921.3628 0.6298
7923.1895 0.6293
7925.0122 0.6291
7926.8394 0.6296
7928.6631 0.6292
7930.4912 0.6276
7932.3159 0.6270
7934.1406 0.6292
7935.9702 0.6308
7937.7959 0.6311
7939.6265 0.6313
7941.4526 0.6304
7943.2842 0.6299
7945.1113 0.6288
7946.9390 0.6285
7948.7720 0.6282
7950.6006 0.6270
7952.4336 0.6272
7954.2632 0.6270
7956.0977 0.6273
7957.9277 0.6278
7959.7583 0.6269
7961.5938 0.6242
7963.4253 0.6224
7965.2617 0.6219
7967.0942 0.6235
7968.9316 0.6251
7970.7646 0.6250
7972.5981 0.6237
7974.4370 0.6232
7976.2715 0.6229
7978.1108 0.6230
7979.9458 0.6234
7981.7861 0.6235
7983.6226 0.6230
7985.4590 0.6230
7987.3003 0.6212
7989.1377 0.6216
7990.9800 0.6233
7992.8184 0.6239
7994.6616 0.6231
7996.5005 0.6225
7998.3447 0.6214
8000.1846 0.6199
8002.0249 0.6177
8003.8706 0.6172
8005.7114 0.6193
8007.5576 0.6191
8009.3999 0.6158
8011.2471 0.6161
8013.0898 0.6182
8014.9331 0.6178
8016.7812 0.6159
8018.6255 0.6191
8020.4746 0.6193
8022.3198 0.6186
8024.1699 0.6166
8026.0156 0.6146
8027.8623 0.6144
8029.7134 0.6146
8031.5605 0.6137
8033.4126 0.6149
8035.2607 0.6155
8037.1138 0.6149
8038.9624 0.6149
8040.8120 0.6157
8042.6660 0.6151
8044.5161 0.6135
8046.3711 0.6121
8048.2222 0.6122
8050.0781 0.6135
8051.9302 0.6140
8053.7827 0.6138
8055.6396 0.6131
8057.4927 0.6130
8059.3511 0.6134
8061.2051 0.6133
8063.0640 0.6128
8064.9189 0.6124
8066.7739 0.6114
8068.6343 0.6109
8070.4902 0.6106
8072.3516 0.6103
8074.2085 0.6100
8076.0703 0.6105
8077.9282 0.6105
8079.7866 0.6100
8081.6499 0.6089
8083.5088 0.6076
8085.3730 0.6083
8087.2329 0.6082
8089.0981 0.6078
8090.9590 0.6075
8092.8203 0.6072
8094.6865 0.6068
8096.5483 0.6059
8098.4155 0.6059
8100.2788 0.6061
8102.1465 0.6060
8104.0103 0.6057
8105.8745 0.6055
8107.7441 0.6051
8109.6089 0.6048
8111.4790 0.6045
8113.3452 0.6041
8115.2163 0.6038
8117.0830 0.6036
8118.9502 0.6034
8120.8228 0.6031
8122.6909 0.6028
8124.5640 0.6025
8126.4326 0.6023
8128.3066 0.6021
8130.1768 0.6017
8132.0513 0.6013
8133.9224 0.6012
8135.7935 0.6010
8137.6694 0.6007
8139.5415 0.6004
8141.4185 0.6002
8143.2915 0.5999
8145.1694 0.5997
8147.0430 0.5994
8148.9175 0.5990
8150.7964 0.5988
8152.6714 0.5986
8154.5513 0.5983
8156.4272 0.5980
8158.3081 0.5976
8160.1851 0.5971
8162.0625 0.5969
8163.9443 0.5969
8165.8228 0.5967
8167.7056 0.5964
8169.5845 0.5962
8171.4683 0.5959
8173.3481 0.5958
8175.2285 0.5956
8177.1138 0.5952
8178.9951 0.5947
8180.8809 0.5923
8182.7632 0.5907
8184.6499 0.5924
8186.5327 0.5927
8188.4160 0.5932
8190.3042 0.5933
8192.1885 0.5908
8194.0771 0.5892
8195.9629 0.5913
8197.8525 0.5909
8199.7383 0.5886
8201.6250 0.5896
8203.5156 0.5911
8205.4033 0.5912
8207.2959 0.5905
8209.1836 0.5900
8211.0762 0.5894
8212.9658 0.5880
8214.8545 0.5877
8216.7490 0.5878
8218.6396 0.5866
8220.5342 0.5862
8222.4258 0.5875
8224.3223 0.5885
8226.2139 0.5879
8228.1064 0.5863
8230.0039 0.5853
8231.8965 0.5854
8233.7949 0.5854
8235.6895 0.5864
8237.5889 0.5868
8239.4834 0.5859
8241.3789 0.5852
8243.2793 0.5856
8245.1758 0.5844
8247.0771 0.5815
8248.9746 0.5822
8250.8770 0.5841
8252.7744 0.5827
8254.6729 0.5829
8256.5771 0.5834
8258.4766 0.5832
8260.3809 0.5830
8262.2812 0.5828
8264.1865 0.5823
8266.0869 0.5822
8267.9893 0.5820
8269.8955 0.5815
8271.7979 0.5811
8273.7051 0.5809
8275.6084 0.5807
8277.5166 0.5806
8279.4209 0.5805
8281.3301 0.5801
8283.2354 0.5796
8285.1416 0.5793
8287.0518 0.5791
8288.9580 0.5789
8290.8691 0.5791
8292.7773 0.5791
8294.6895 0.5785
8296.5977 0.5781
8298.5059 0.5786
8300.4199 0.5780
8302.3291 0.5772
8304.2432 0.5766
8306.1543 0.5765
8308.0693 0.5766
8309.9805 0.5766
8311.8926 0.5761
8313.8086 0.5756
8315.7217 0.5757
8317.6396 0.5755
8319.5527 0.5751
8321.4707 0.5750
8323.3857 0.5745
8325.2998 0.5728
8327.2197 0.5725
8329.1357 0.5730
8331.0566 0.5735
8332.9727 0.5738
8334.8945 0.5738
8336.8115 0.5739
8338.7295 0.5736
8340.6523 0.5727
8342.5713 0.5721
8344.4951 0.5721
8346.4150 0.5714
8348.3398 0.5710
8350.2598 0.5713
8352.1807 0.5710
8354.1074 0.5704
8356.0293 0.5704
8357.9561 0.5705
8359.8789 0.5704
8361.8066 0.5699
8363.7295 0.5696
8365.6543 0.5697
8367.5830 0.5698
8369.5078 0.5694
8371.4375 0.5688
8373.3643 0.5682
8375.2949 0.5683
8377.2217 0.5686
8379.1484 0.5684
8381.0811 0.5676
8383.0088 0.5673
8384.9424 0.5659
8386.8711 0.5657
8388.8047 0.5666
8390.7344 0.5670
8392.6650 0.5667
8394.6006 0.5662
8396.5312 0.5642
8398.4678 0.5634
8400.3994 0.5640
8402.3369 0.5646
8404.2695 0.5647
8406.2031 0.5637
8408.1416 0.5623
8410.0762 0.5608
8412.0156 0.5604
8413.9502 0.5619
8415.8906 0.5636
8417.8271 0.5625
8419.7637 0.5619
8421.7051 0.5625
8423.6426 0.5633
8425.5850 0.5636
8427.5234 0.5632
8429.4668 0.5628
8431.4053 0.5615
8433.3496 0.5605
8435.2900 0.5606
8437.2305 0.5607
8439.1758 0.5595
8441.1172 0.5597
8443.0645 0.5602
8445.0059 0.5597
8446.9541 0.5590
8448.8965 0.5596
8450.8408 0.5598
8452.7891 0.5594
8454.7344 0.5589
8456.6836 0.5588
8458.6289 0.5590
8460.5791 0.5589
8462.5254 0.5580
8464.4727 0.5572
8466.4248 0.5573
8468.3721 0.5580
8470.3252 0.5584
8472.2734 0.5580
8474.2275 0.5582
8476.1768 0.5585
8478.1270 0.5590
8480.0820 0.5583
8482.0322 0.5573
8483.9883 0.5574
8485.9404 0.5571
8487.8975 0.5568
8489.8496 0.5554
8491.8027 0.5562
8493.7607 0.5544
8495.7148 0.5470
8497.6738 0.5471
8499.6289 0.5531
8501.5889 0.5549
8503.5449 0.5545
8505.5010 0.5542
8507.4619 0.5537
8509.4199 0.5536
8511.3818 0.5535
8513.3398 0.5523
8515.3027 0.5513
8517.2617 0.5520
8519.2217 0.5537
8521.1855 0.5537
8523.1465 0.5529
8525.1113 0.5530
8527.0723 0.5535
8529.0391 0.5533
8531.0010 0.5525
8532.9639 0.5525
8534.9316 0.5519
8536.8945 0.5511
8538.8633 0.5388
8540.8281 0.5292
8542.7969 0.5393
8544.7627 0.5478
8546.7285 0.5493
8548.6992 0.5496
8550.6660 0.5500
8552.6377 0.5503
8554.6045 0.5504
8556.5771 0.5500
8558.5459 0.5498
8560.5146 0.5500
8562.4893 0.5501
8564.4590 0.5500
8566.4336 0.5499
8568.4043 0.5495
8570.3799 0.5493
8572.3516 0.5489
8574.3242 0.5482
8576.3008 0.5477
8578.2744 0.5479
8580.2520 0.5483
8582.2256 0.5486
8584.2051 0.5481
8586.1797 0.5473
8588.1602 0.5468
8590.1357 0.5467
8592.1113 0.5465
8594.0928 0.5459
8596.0703 0.5452
8598.0527 0.5450
8600.0303 0.5453
8602.0137 0.5456
8603.9922 0.5455
8605.9717 0.5463
8607.9561 0.5460
8609.9365 0.5452
8611.9219 0.5447
8613.9033 0.5449
8615.8896 0.5450
8617.8711 0.5452
8619.8535 0.5450
8621.8418 0.5454
8623.8252 0.5458
8625.8135 0.5451
8627.7979 0.5449
8629.7881 0.5448
8631.7725 0.5440
8633.7588 0.5434
8635.7500 0.5433
8637.7363 0.5436
8639.7285 0.5436
8641.7158 0.5437
8643.7080 0.5431
8645.6973 0.5424
8647.6855 0.5421
8649.6797 0.5419
8651.6699 0.5415
8653.6650 0.5401
8655.6553 0.5415
8657.6514 0.5378
8659.6436 0.5282
8661.6357 0.5242
8663.6328 0.5358
8665.6260 0.5393
8667.6240 0.5397
8669.6182 0.5402
8671.6172 0.5406
8673.6123 0.5404
8675.6074 0.5405
8677.6084 0.5405
8679.6045 0.5403
8681.6055 0.5400
8683.6025 0.5397
8685.6055 0.5394
8687.6035 0.5387
8689.6025 0.5395
8691.6055 0.5397
8693.6055 0.5396
8695.6104 0.5395
8697.6104 0.5391
8699.6162 0.5386
8701.6172 0.5383
8703.6191 0.5382
8705.6260 0.5380
8707.6289 0.5377
8709.6367 0.5376
8711.6406 0.5377
8713.6494 0.5380
8715.6543 0.5381
8717.6592 0.5381
8719.6699 0.5377
8721.6758 0.5366
8723.6865 0.5359
8725.6934 0.5361
8727.7061 0.5362
8729.7129 0.5356
8731.7217 0.5349
8733.7354 0.5347
8735.7441 0.5349
8737.7588 0.5343
8739.7686 0.5339
8741.7842 0.5338
8743.7949 0.5336
8745.8115 0.5327
8747.8232 0.5317
8749.8359 0.5314
8751.8535 0.5318
8753.8672 0.5324
8755.8857 0.5331
8757.9004 0.5336
8759.9199 0.5334
8761.9346 0.5335
8763.9502 0.5332
8765.9717 0.5330
8767.9883 0.5327
8770.0098 0.5323
8772.0273 0.5318
8774.0498 0.5318
8776.0684 0.5318
8778.0879 0.5318
8780.1113 0.5316
8782.1318 0.5313
8784.1562 0.5315
8786.1777 0.5313
8788.2031 0.5306
8790.2256 0.5301
8792.2471 0.5302
8794.2754 0.5305
8796.2979 0.5304
8798.3262 0.5300
8800.3506 0.5303
8802.3799 0.5288
8804.4053 0.5263
8806.4307 0.5261
8808.4609 0.5289
8810.4873 0.5283
8812.5195 0.5272
8814.5459 0.5268
8816.5791 0.5269
8818.6074 0.5272
8820.6357 0.5268
8822.6699 0.5249
8824.6992 0.5259
8826.7344 0.5271
8828.7646 0.5270
8830.8008 0.5270
8832.8330 0.5261
8834.8643 0.5256
8836.9014 0.5255
8838.9346 0.5252
8840.9727 0.5247
8843.0068 0.5241
8845.0459 0.5232
8847.0811 0.5227
8849.1162 0.5213
8851.1562 0.5201
8853.1924 0.5187
8855.2344 0.5160
8857.2715 0.5130
8859.3145 0.5082
8861.3516 0.5046
8863.3906 0.5061
8865.4346 0.5106
8867.4736 0.5132
8869.5186 0.5151
8871.5596 0.5157
8873.6045 0.5169
8875.6465 0.5185
8877.6885 0.5194
8879.7354 0.5194
8881.7783 0.5191
8883.8262 0.5202
8885.8701 0.5215
8887.9189 0.5220
8889.9639 0.5218
8892.0088 0.5218
8894.0596 0.5226
8896.1055 0.5227
8898.1562 0.5228
8900.2041 0.5232
8902.2559 0.5234
8904.3037 0.5234
8906.3574 0.5234
8908.4062 0.5216
8910.4561 0.5185
8912.5107 0.5201
8914.5605 0.5236
8916.6162 0.5225
8918.6680 0.5223
8920.7246 0.5222
8922.7764 0.5213
8924.8291 0.5177
8926.8867 0.5164
8928.9404 0.5211
8931.0000 0.5220
8933.0547 0.5219
8935.1143 0.5218
8937.1699 0.5216
8939.2256 0.5214
8941.2871 0.5209
8943.3438 0.5197
8945.4062 0.5197
8947.4639 0.5197
8949.5273 0.5199
8951.5859 0.5200
8953.6455 0.5197
8955.7100 0.5195
8957.7705 0.5191
8959.8359 0.5189
8961.8975 0.5181
8963.9639 0.5169
8966.0264 0.5165
8968.0889 0.5168
8970.1572 0.5166
8972.2207 0.5162
8974.2891 0.5150
8976.3535 0.5139
8978.4238 0.5141
8980.4893 0.5142
8982.5557 0.5136
8984.6270 0.5129
8986.6934 0.5122
8988.7656 0.5112
8990.8340 0.5102
8992.9072 0.5093
8994.9756 0.5078
8997.0449 0.5054
8999.1201 0.5038
9001.1904 0.5028
9003.2656 0.5007
9005.3369 0.4975
9007.4131 0.4933
9009.4854 0.4884
9011.5586 0.4808
9013.6357 0.4763
9015.7100 0.4815
9017.7891 0.4884
9019.8633 0.4928
9021.9434 0.4961
9024.0186 0.4987
9026.0947 0.5006
9028.1758 0.5020
9030.2529 0.5034
9032.3350 0.5042
9034.4131 0.5042
9036.4971 0.5050
9038.5752 0.5063
9040.6543 0.5069
9042.7393 0.5071
9044.8193 0.5073
9046.9053 0.5075
9048.9863 0.5076
9051.0732 0.5078
9053.1553 0.5083
9055.2383 0.5083
9057.3262 0.5070
9059.4102 0.4984
9061.4990 0.4984
9063.5840 0.5064
9065.6738 0.5086
9067.7588 0.5083
9069.8506 0.5079
9071.9365 0.5085
9074.0234 0.5063
9076.1162 0.5026
9078.2041 0.5029
9080.2979 0.5071
9082.3867 0.5079
9084.4805 0.5057
9086.5703 0.5014
9088.6611 0.5014
9090.7568 0.5058
9092.8486 0.4985
9094.9453 0.5019
9097.0371 0.5055
9099.1348 0.5062
9101.2285 0.5058
9103.3223 0.5057
9105.4209 0.5056
9107.5156 0.5047
9109.6162 0.4995
9111.7119 0.5001
9113.8125 0.5047
9115.9092 0.5041
9118.0068 0.5041
9120.1094 0.5037
9122.2070 0.5034
9124.3105 0.5032
9126.4102 0.5034
9128.5146 0.5035
9130.6143 0.5030
9132.7148 0.5032
9134.8213 0.5032
9136.9219 0.5030
9139.0293 0.5028
9141.1318 0.5026
9143.2393 0.5022
9145.3428 0.5015
9147.4473 0.5015
9149.5566 0.5017
9151.6611 0.5014
9153.7715 0.5010
9155.8770 0.5009
9157.9883 0.5007
9160.0957 0.5004
9162.2031 0.5000
9164.3154 0.4997
9166.4238 0.4997
9168.5371 0.4993
9170.6465 0.4988
9172.7617 0.4977
9174.8711 0.4968
9176.9824 0.4968
9179.0986 0.4969
9181.2100 0.4954
9183.3271 0.4960
9185.4395 0.4958
9187.5576 0.4956
9189.6719 0.4955
9191.7852 0.4949
9193.9053 0.4943
9196.0205 0.4935
9198.1406 0.4929
9200.2568 0.4918
9202.3789 0.4904
9204.4951 0.4898
9206.6133 0.4889
9208.7363 0.4869
9210.8545 0.4831
9212.9785 0.4823
9215.0977 0.4819
9217.2227 0.4780
9219.3428 0.4776
9221.4639 0.4744
9223.5908 0.4694
9225.7129 0.4614
9227.8398 0.4571
9229.9629 0.4634
9232.0908 0.4700
9234.2148 0.4731
9236.3447 0.4749
9238.4688 0.4785
9240.5947 0.4809
9242.7256 0.4796
9244.8516 0.4827
9246.9834 0.4847
9249.1104 0.4855
9251.2432 0.4850
9253.3721 0.4844
9255.5010 0.4850
9257.6348 0.4851
9259.7646 0.4823
9261.8994 0.4824
9264.0303 0.4839
9266.1670 0.4860
9268.2988 0.4889
9270.4307 0.4888
9272.5684 0.4890
9274.7012 0.4891
9276.8398 0.4891
9278.9746 0.4891
9281.1143 0.4890
9283.2490 0.4890
9285.3848 0.4889
9287.5264 0.4886
9289.6621 0.4885
9291.8047 0.4885
9293.9424 0.4883
9296.0850 0.4883
9298.2236 0.4884
9300.3633 0.4882
9302.5078 0.4880
9304.6475 0.4879
9306.7930 0.4878
9308.9346 0.4876
9311.0811 0.4875
9313.2227 0.4875
9315.3652 0.4868
9317.5137 0.4862
9319.6572 0.4866
9321.8057 0.4867
9323.9502 0.4865
9326.1006 0.4864
9328.2461 0.4865
9330.3916 0.4864
9332.5439 0.4861
9334.6904 0.4860
9336.8428 0.4859
9338.9912 0.4857
9341.1445 0.4854
9343.2939 0.4852
9345.4434 0.4852
9347.5977 0.4845
9349.7480 0.4843
9351.9043 0.4845
9354.0557 0.4845
9356.2129 0.4842
9358.3652 0.4841
9360.5186 0.4839
9362.6768 0.4839
9364.8301 0.4838
9366.9902 0.4836
9369.1445 0.4833
9371.3057 0.4829
9373.4609 0.4829
9375.6172 0.4829
9377.7793 0.4825
9379.9365 0.4825
9382.0996 0.4822
9384.2578 0.4810
9386.4219 0.4807
9388.5820 0.4812
9390.7461 0.4798
9392.9072 0.4799
9395.0674 0.4814
9397.2344 0.4809
9399.3965 0.4803
9401.5635 0.4789
9403.7266 0.4734
9405.8945 0.4747
9408.0586 0.4799
9410.2227 0.4764
9412.3926 0.4717
9414.5586 0.4760
9416.7295 0.4791
9418.8955 0.4781
9421.0674 0.4771
9423.2344 0.4788
9425.4023 0.4786
9427.5762 0.4779
9429.7451 0.4774
9431.9189 0.4774
9434.0889 0.4763
9436.2646 0.4741
9438.4355 0.4762
9440.6064 0.4768
9442.7832 0.4760
9444.9561 0.4759
9447.1338 0.4767
9449.3076 0.4767
9451.4863 0.4764
9453.6602 0.4762
9455.8350 0.4761
9458.0156 0.4758
9460.1914 0.4753
9462.3730 0.4752
9464.5498 0.4751
9466.7324 0.4752
9468.9102 0.4750
9471.0889 0.4748
9473.2725 0.4746
9475.4521 0.4744
9477.6367 0.4742
9479.8174 0.4737
9482.0029 0.4734
9484.1846 0.4733
9486.3662 0.4732
9488.5537 0.4728
9490.7363 0.4725
9492.9258 0.4721
9495.1094 0.4717
9497.2988 0.4713
9499.4834 0.4711
9501.6689 0.4706
9503.8604 0.4697
9506.0459 0.4697
9508.2383 0.4694
9510.4258 0.4689
9512.6191 0.4684
9514.8076 0.4678
9516.9961 0.4670
9519.1904 0.4662
9521.3809 0.4654
9523.5762 0.4643
9525.7666 0.4631
9527.9639 0.4618
9530.1553 0.4604
9532.3477 0.4585
9534.5459 0.4564
9536.7393 0.4537
9538.9385 0.4500
9541.1328 0.4447
9543.3330 0.4371
9545.5283 0.4372
9547.7246 0.4435
9549.9268 0.4491
9552.1230 0.4523
9554.3262 0.4549
9556.5234 0.4568
9558.7275 0.4583
9560.9268 0.4594
9563.1309 0.4604
9565.3311 0.4612
9567.5322 0.4614
9569.7383 0.4619
9571.9395 0.4625
9574.1465 0.4632
9576.3496 0.4636
9578.5576 0.4639
9580.7607 0.4641
9582.9648 0.4642
9585.1748 0.4644
9587.3799 0.4646
9589.5908 0.4644
9591.7969 0.4642
9594.0088 0.4645
9596.2158 0.4645
9598.4238 0.4641
9600.6367 0.4611
9602.8457 0.4612
9605.0596 0.4639
9607.2695 0.4641
9609.4854 0.4645
9611.6953 0.4642
9613.9062 0.4648
9616.1240 0.4633
9618.3359 0.4601
9620.5537 0.4602
9622.7666 0.4633
9624.9863 0.4628
9627.2002 0.4631
9629.4150 0.4619
9631.6357 0.4603
9633.8516 0.4621
9636.0723 0.4629
9638.2891 0.4631
9640.5117 0.4629
9642.7295 0.4631
9644.9482 0.4625
9647.1719 0.4604
9649.3916 0.4603
9651.6172 0.4619
9653.8369 0.4609
9656.0635 0.4576
9658.2842 0.4574
9660.5068 0.4618
9662.7344 0.4613
9664.9570 0.4616
9667.1855 0.4614
9669.4102 0.4602
9671.6396 0.4596
9673.8643 0.4604
9676.0898 0.4597
9678.3213 0.4581
9680.5479 0.4589
9682.7803 0.4599
9685.0078 0.4597
9687.2412 0.4591
9689.4697 0.4580
9691.6982 0.4582
9693.9336 0.4589
9696.1631 0.4593
9698.3994 0.4593
9700.6299 0.4594
9702.8672 0.4592
9705.0996 0.4592
9707.3320 0.4590
9709.5703 0.4589
9711.8047 0.4588
9714.0439 0.4587
9716.2783 0.4585
9718.5186 0.4584
9720.7549 0.4578
9722.9912 0.4576
9725.2334 0.4578
9727.4707 0.4577
9729.7139 0.4576
9731.9521 0.4575
9734.1963 0.4560
9736.4355 0.4542
9738.6807 0.4542
9740.9209 0.4562
9743.1621 0.4565
9745.4082 0.4561
9747.6504 0.4561
9749.8984 0.4563
9752.1416 0.4563
9754.3896 0.4561
9756.6338 0.4559
9758.8789 0.4558
9761.1289 0.4552
9763.3740 0.4550
9765.6260 0.4554
9767.8721 0.4552
9770.1250 0.4552
9772.3721 0.4551
9774.6201 0.4549
9776.8750 0.4548
9779.1240 0.4547
9781.3789 0.4544
9783.6289 0.4541
9785.8848 0.4538
9788.1367 0.4538
9790.3877 0.4539
9792.6455 0.4537
9794.8984 0.4532
9797.1572 0.4529
9799.4111 0.4529
9801.6709 0.4532
9803.9258 0.4533
9806.1807 0.4530
9808.4424 0.4527
9810.6982 0.4525
9812.9609 0.4526
9815.2188 0.4526
9817.4814 0.4522
9819.7402 0.4519
9821.9990 0.4517
9824.2646 0.4513
9826.5244 0.4515
9828.7900 0.4516
9831.0518 0.4513
9833.3184 0.4511
9835.5801 0.4512
9837.8428 0.4510
9840.1113 0.4506
9842.3750 0.4506
9844.6455 0.4508
9846.9102 0.4506
9849.1807 0.4499
9851.4463 0.4485
9853.7129 0.4483
9855.9844 0.4483
9858.2520 0.4480
9860.5254 0.4482
9862.7939 0.4494
9865.0684 0.4495
9867.3379 0.4494
9869.6074 0.4492
9871.8838 0.4491
9874.1543 0.4491
9876.4316 0.4490
9878.7031 0.4488
9880.9814 0.4485
9883.2549 0.4487
9885.5283 0.4476
9887.8076 0.4451
9890.0830 0.4444
9892.3633 0.4473
9894.6387 0.4477
9896.9209 0.4468
9899.1973 0.4468
9901.4746 0.4474
9903.7578 0.4471
9906.0361 0.4470
9908.3203 0.4468
9910.5996 0.4460
9912.8857 0.4451
9915.1660 0.4453
9917.4521 0.4466
9919.7334 0.4466
9922.0156 0.4462
9924.3037 0.4465
9926.5869 0.4455
9928.8760 0.4435
9931.1602 0.4435
9933.4502 0.4455
9935.7354 0.4457
9938.0205 0.4445
9940.3125 0.4441
9942.5996 0.4447
9944.8926 0.4450
9947.1797 0.4445
9949.4736 0.4443
9951.7627 0.4444
9954.0518 0.4442
9956.3477 0.4439
9958.6377 0.4439
9960.9346 0.4437
9963.2256 0.4438
9965.5234 0.4437
9967.8154 0.4434
9970.1094 0.4432
9972.4082 0.4432
9974.7021 0.4429
9977.0020 0.4428
9979.2979 0.4426
9981.5986 0.4424
9983.8945 0.4422
9986.1914 0.4420
9988.4941 0.4419
9990.7920 0.4416
9993.0967 0.4409
9995.3955 0.4401
9997.7002 0.4400
10000.0000 0.4407
10002.3057 0.4403
10004.6016 0.4401
10006.9082 0.4398
10009.2158 0.4394
10011.5244 0.4390
10013.8223 0.4385
10016.1309 0.4380
10018.4404 0.4375
10020.7402 0.4369
10023.0508 0.4361
10025.3623 0.4352
10027.6738 0.4345
10029.9756 0.4334
10032.2881 0.4323
10034.6016 0.4309
10036.9043 0.4292
10039.2188 0.4270
10041.5342 0.4240
10043.8496 0.4200
10046.1543 0.4132
10048.4707 0.4117
10050.7881 0.4165
10053.0947 0.4224
10055.4131 0.4248
10057.7324 0.4273
10060.0508 0.4289
10062.3604 0.4303
10064.6807 0.4313
10067.0010 0.4321
10069.3115 0.4329
10071.6338 0.4336
10073.9561 0.4340
10076.2793 0.4344
10078.5918 0.4348
10080.9160 0.4350
10083.2402 0.4352
10085.5547 0.4355
10087.8799 0.4357
10090.2061 0.4359
10092.5332 0.4360
10094.8496 0.4361
10097.1777 0.4362
10099.5059 0.4362
10101.8232 0.4360
10104.1533 0.4357
10106.4834 0.4357
10108.8135 0.4355
10111.1338 0.4349
10113.4648 0.4351
10115.7969 0.4358
10118.1191 0.4362
10120.4521 0.4341
10122.7861 0.4325
10125.1201 0.4351
10127.4434 0.4358
10129.7793 0.4358
10132.1152 0.4358
10134.4404 0.4358
10136.7773 0.4357
10139.1152 0.4357
10141.4531 0.4353
10143.7803 0.4345
10146.1191 0.4349
10148.4590 0.4353
10150.7881 0.4352
10153.1289 0.4350
10155.4707 0.4349
10157.8125 0.4351
10160.1436 0.4343
10162.4863 0.4336
10164.8301 0.4341
10167.1621 0.4348
10169.5068 0.4345
10171.8525 0.4343
10174.1973 0.4342
10176.5322 0.4345
10178.8789 0.4341
10181.2266 0.4327
10183.5742 0.4329
10185.9111 0.4337
10188.2607 0.4338
10190.6094 0.4337
10192.9482 0.4337
10195.2988 0.4336
10197.6504 0.4335
10200.0020 0.4334
10202.3428 0.4333
10204.6953 0.4332
10207.0479 0.4331
10209.3906 0.4331
10211.7451 0.4330
10214.0996 0.4320
10216.4551 0.4322
10218.7998 0.4327
10221.1562 0.4326
10223.5137 0.4326
10225.8594 0.4325
10228.2178 0.4324
10230.5762 0.4324
10232.9355 0.4322
10235.2842 0.4320
10237.6436 0.4318
10240.0049 0.4320
10242.3545 0.4318
10244.7168 0.4317
10247.0791 0.4317
10249.4424 0.4317
10251.7939 0.4316
10254.1582 0.4315
10256.5234 0.4314
10258.8770 0.4313
10261.2422 0.4312
10263.6084 0.4311
10265.9756 0.4311
10268.3311 0.4310
10270.6992 0.4308
10273.0674 0.4306
10275.4258 0.4306
10277.7949 0.4307
10280.1650 0.4305
10282.5352 0.4305
10284.8955 0.4300
10287.2666 0.4293
10289.6396 0.4296
10292.0010 0.4303
10294.3740 0.4300
10296.7480 0.4300
10299.1221 0.4298
10301.4863 0.4297
10303.8613 0.4297
10306.2373 0.4296
10308.6025 0.4294
10310.9795 0.4291
10313.3574 0.4293
10315.7363 0.4293
10318.1035 0.4292
