3573.5520 0.5101
3574.3740 0.5096
3575.1963 0.5138
3576.0208 0.5166
3576.8435 0.5142
3577.6682 0.5114
3578.4915 0.5135
3579.3167 0.5187
3580.1399 0.5213
3580.9636 0.5181
3581.7893 0.5130
3582.6133 0.5125
3583.4395 0.5175
3584.2639 0.5210
3585.0903 0.5175
3585.9150 0.5091
3586.7400 0.5039
3587.5671 0.5053
3588.3923 0.5096
3589.2200 0.5114
3590.0457 0.5088
3590.8735 0.5048
3591.6995 0.5034
3592.5259 0.5044
3593.3542 0.5064
3594.1809 0.5098
3595.0098 0.5141
3595.8367 0.5166
3596.6660 0.5163
3597.4934 0.5163
3598.3208 0.5189
3599.1506 0.5222
3599.9788 0.5234
3600.8088 0.5215
3601.6372 0.5186
3602.4678 0.5152
3603.2964 0.5105
3604.1252 0.5051
3604.9565 0.5021
3605.7859 0.5042
3606.6172 0.5090
3607.4470 0.5125
3608.2788 0.5127
3609.1089 0.5102
3609.9392 0.5071
3610.7717 0.5052
3611.6023 0.5043
3612.4351 0.5017
3613.2661 0.4950
3614.0994 0.4865
3614.9307 0.4821
3615.7625 0.4865
3616.5962 0.4958
3617.4282 0.5035
3618.2625 0.5057
3619.0947 0.5038
3619.9292 0.5008
3620.7620 0.4995
3621.5969 0.4998
3622.4302 0.5010
3623.2634 0.5023
3624.0989 0.5021
3624.9326 0.4997
3625.7686 0.4968
3626.6028 0.4973
3627.4390 0.5008
3628.2734 0.5034
3629.1082 0.5027
3629.9451 0.4967
3630.7800 0.4852
3631.6174 0.4720
3632.4529 0.4655
3633.2903 0.4702
3634.1262 0.4816
3634.9622 0.4924
3635.8005 0.4985
3636.6370 0.5003
3637.4756 0.4999
3638.3123 0.4993
3639.1514 0.4988
3639.9885 0.4967
3640.8259 0.4911
3641.6653 0.4823
3642.5032 0.4735
3643.3430 0.4691
3644.1812 0.4701
3645.0215 0.4741
3645.8601 0.4773
3646.6990 0.4795
3647.5398 0.4810
3648.3789 0.4813
3649.2202 0.4812
3650.0596 0.4815
3650.9014 0.4818
3651.7412 0.4809
3652.5813 0.4800
3653.4236 0.4814
3654.2642 0.4843
3655.1067 0.4865
3655.9475 0.4867
3656.7908 0.4862
3657.6318 0.4848
3658.4734 0.4826
3659.3169 0.4795
3660.1587 0.4763
3661.0029 0.4744
3661.8450 0.4739
3662.6895 0.4738
3663.5320 0.4743
3664.3748 0.4758
3665.2197 0.4779
3666.0630 0.4797
3666.9084 0.4817
3667.7520 0.4842
3668.5977 0.4864
3669.4417 0.4879
3670.2859 0.4892
3671.1321 0.4912
3671.9768 0.4933
3672.8235 0.4956
3673.6685 0.4969
3674.5156 0.4979
3675.3608 0.4990
3676.2063 0.4983
3677.0542 0.4911
3677.8999 0.4813
3678.7480 0.4757
3679.5945 0.4780
3680.4429 0.4901
3681.2896 0.5091
3682.1365 0.5223
3682.9856 0.5198
3683.8328 0.5095
3684.6824 0.5017
3685.5300 0.4958
3686.3799 0.4859
3687.2278 0.4822
3688.0781 0.4978
3688.9265 0.5328
3689.7751 0.5657
3690.6260 0.5737
3691.4751 0.5530
3692.3264 0.5302
3693.1758 0.5327
3694.0273 0.5622
3694.8772 0.5940
3695.7273 0.6026
3696.5793 0.5796
3697.4299 0.5423
3698.2825 0.5217
3699.1333 0.5392
3699.9863 0.5829
3700.8374 0.6243
3701.6887 0.6388
3702.5425 0.6234
3703.3943 0.5839
3704.2483 0.5373
3705.1003 0.5068
3705.9548 0.5058
3706.8074 0.5324
3707.6599 0.5770
3708.5149 0.6207
3709.3682 0.6389
3710.2234 0.6229
3711.0771 0.5806
3711.9329 0.5317
3712.7866 0.4978
3713.6409 0.4984
3714.4973 0.5326
3715.3518 0.5767
3716.2085 0.6166
3717.0635 0.6547
3717.9204 0.6875
3718.7759 0.6970
3719.6313 0.6737
3720.4890 0.6240
3721.3450 0.5638
3722.2031 0.5144
3723.0593 0.4953
3723.9180 0.5170
3724.7747 0.5683
3725.6316 0.6242
3726.4905 0.6620
3727.3479 0.6734
3728.2073 0.6720
3729.0649 0.6795
3729.9250 0.6985
3730.7830 0.7098
3731.6414 0.6964
3732.5017 0.6551
3733.3604 0.5935
3734.2214 0.5285
3735.0803 0.4833
3735.9417 0.4728
3736.8013 0.4926
3737.6609 0.5261
3738.5227 0.5698
3739.3828 0.6225
3740.2451 0.6701
3741.1055 0.6926
3741.9683 0.6874
3742.8291 0.6740
3743.6899 0.6724
3744.5532 0.6771
3745.4148 0.6700
3746.2786 0.6462
3747.1404 0.6141
3748.0044 0.5822
3748.8667 0.5406
3749.7290 0.4928
3750.5938 0.4608
3751.4565 0.4661
3752.3215 0.5103
3753.1848 0.5720
3754.0503 0.6223
3754.9138 0.6484
3755.7798 0.6586
3756.6438 0.6595
3757.5081 0.6463
3758.3745 0.6123
3759.2390 0.5749
3760.1060 0.5541
3760.9709 0.5519
3761.8381 0.5582
3762.7036 0.5713
3763.5693 0.5961
3764.4370 0.6223
3765.3032 0.6401
3766.1714 0.6492
3767.0378 0.6471
3767.9065 0.6322
3768.7732 0.6040
3769.6401 0.5601
3770.5095 0.5082
3771.3770 0.4747
3772.2466 0.4831
3773.1145 0.5285
3773.9844 0.5807
3774.8528 0.6171
3775.7209 0.6386
3776.5918 0.6559
3777.4604 0.6758
3778.3315 0.6957
3779.2009 0.7084
3780.0723 0.7150
3780.9419 0.7215
3781.8118 0.7262
3782.6838 0.7225
3783.5540 0.7118
3784.4265 0.7054
3785.2971 0.7101
3786.1699 0.7144
3787.0410 0.7075
3787.9121 0.6961
3788.7856 0.6916
3789.6572 0.6979
3790.5310 0.7100
3791.4031 0.7201
3792.2773 0.7222
3793.1499 0.7149
3794.0225 0.6975
3794.8972 0.6689
3795.7703 0.6294
3796.6455 0.5810
3797.5190 0.5260
3798.3948 0.4806
3799.2686 0.4674
3800.1426 0.4985
3801.0188 0.5556
3801.8933 0.6142
3802.7700 0.6605
3803.6448 0.6918
3804.5220 0.7098
3805.3972 0.7166
3806.2727 0.7163
3807.1504 0.7146
3808.0261 0.7168
3808.9043 0.7237
3809.7805 0.7325
3810.6589 0.7385
3811.5356 0.7379
3812.4126 0.7251
3813.2917 0.6939
3814.1689 0.6520
3815.0483 0.6200
3815.9260 0.6183
3816.8059 0.6439
3817.6841 0.6799
3818.5623 0.7068
3819.4429 0.7134
3820.3215 0.7002
3821.2024 0.6803
3822.0815 0.6728
3822.9629 0.6813
3823.8423 0.6887
3824.7241 0.6767
3825.6040 0.6493
3826.4841 0.6298
3827.3665 0.6289
3828.2468 0.6379
3829.1296 0.6462
3830.0105 0.6521
3830.8938 0.6545
3831.7751 0.6468
3832.6565 0.6193
3833.5403 0.5762
3834.4224 0.5287
3835.3064 0.4832
3836.1887 0.4532
3837.0735 0.4575
3837.9561 0.4935
3838.8391 0.5387
3839.7244 0.5795
3840.6077 0.6116
3841.4932 0.6368
3842.3770 0.6594
3843.2629 0.6808
3844.1472 0.6942
3845.0315 0.6989
3845.9182 0.7008
3846.8030 0.7050
3847.6899 0.7105
3848.5752 0.7109
3849.4626 0.7030
3850.3481 0.6920
3851.2339 0.6914
3852.1221 0.7036
3853.0083 0.7151
3853.8967 0.7133
3854.7832 0.7030
3855.6721 0.6886
3856.5591 0.6733
3857.4463 0.6680
3858.3359 0.6813
3859.2234 0.6938
3860.1135 0.6923
3861.0015 0.6894
3861.8918 0.6910
3862.7803 0.6915
3863.6687 0.6857
3864.5598 0.6868
3865.4487 0.6939
3866.3401 0.6988
3867.2297 0.7051
3868.1213 0.7182
3869.0112 0.7358
3869.9014 0.7484
3870.7937 0.7519
3871.6841 0.7447
3872.5769 0.7275
3873.4678 0.7107
3874.3611 0.7102
3875.2524 0.7250
3876.1438 0.7390
3877.0376 0.7407
3877.9297 0.7260
3878.8237 0.7038
3879.7161 0.6930
3880.6108 0.7035
3881.5037 0.7178
3882.3965 0.7177
3883.2917 0.7083
3884.1851 0.6991
3885.0808 0.6887
3885.9746 0.6642
3886.8706 0.6233
3887.7649 0.5732
3888.6592 0.5198
3889.5559 0.4774
3890.4507 0.4695
3891.3479 0.5086
3892.2429 0.5720
3893.1406 0.6299
3894.0361 0.6696
3894.9341 0.6910
3895.8301 0.6987
3896.7263 0.7017
3897.6250 0.7074
3898.5215 0.7096
3899.4207 0.6960
3900.3176 0.6677
3901.2170 0.6459
3902.1145 0.6520
3903.0122 0.6775
3903.9121 0.6977
3904.8103 0.7046
3905.7107 0.7014
3906.6094 0.6970
3907.5100 0.7062
3908.4089 0.7301
3909.3081 0.7531
3910.2097 0.7658
3911.1091 0.7677
3912.0110 0.7594
3912.9111 0.7348
3913.8132 0.6940
3914.7136 0.6611
3915.6143 0.6617
3916.5171 0.6913
3917.4182 0.7197
3918.3215 0.7374
3919.2229 0.7463
3920.1267 0.7483
3921.0286 0.7484
3921.9307 0.7506
3922.8350 0.7547
3923.7373 0.7575
3924.6421 0.7615
3925.5452 0.7667
3926.4502 0.7678
3927.3535 0.7616
3928.2571 0.7495
3929.1628 0.7349
3930.0667 0.7160
3930.9731 0.6876
3931.8774 0.6456
3932.7839 0.5852
3933.6887 0.5128
3934.5938 0.4688
3935.5010 0.4894
3936.4062 0.5615
3937.3142 0.6370
3938.2200 0.6830
3939.1279 0.7029
3940.0342 0.7212
3940.9407 0.7469
3941.8494 0.7681
3942.7561 0.7767
3943.6653 0.7720
3944.5725 0.7593
3945.4822 0.7480
3946.3899 0.7493
3947.2979 0.7612
3948.2080 0.7722
3949.1162 0.7762
3950.0269 0.7758
3950.9355 0.7729
3951.8467 0.7684
3952.7559 0.7666
3953.6650 0.7730
3954.5769 0.7852
3955.4866 0.7933
3956.3987 0.7922
3957.3088 0.7854
3958.2214 0.7792
3959.1321 0.7783
3960.0449 0.7801
3960.9561 0.7767
3961.8672 0.7653
3962.7808 0.7558
3963.6924 0.7542
3964.6064 0.7504
3965.5186 0.7337
3966.4329 0.6988
3967.3455 0.6391
3968.2581 0.5532
3969.1731 0.4621
3970.0862 0.4049
3971.0017 0.4070
3971.9153 0.4634
3972.8313 0.5429
3973.7451 0.6121
3974.6592 0.6591
3975.5759 0.6969
3976.4905 0.7337
3977.4075 0.7619
3978.3225 0.7761
3979.2397 0.7810
3980.1553 0.7827
3981.0708 0.7815
3981.9888 0.7756
3982.9050 0.7683
3983.8232 0.7724
3984.7397 0.7877
3985.6587 0.8016
3986.5757 0.8068
3987.4927 0.8050
3988.4121 0.8036
3989.3298 0.8067
3990.2498 0.8112
3991.1677 0.8121
3992.0879 0.8121
3993.0063 0.8154
3993.9250 0.8224
3994.8459 0.8274
3995.7649 0.8271
3996.6863 0.8199
3997.6057 0.8083
3998.5276 0.7990
3999.4475 0.7987
4000.3674 0.8040
4001.2900 0.8060
4002.2104 0.7960
4003.1333 0.7819
4004.0544 0.7754
4004.9775 0.7779
4005.8989 0.7771
4006.8206 0.7788
4007.7446 0.7926
4008.6665 0.8098
4009.5908 0.8202
4010.5132 0.8220
4011.4380 0.8150
4012.3608 0.7958
4013.2839 0.7765
4014.2095 0.7749
4015.1328 0.7904
4016.0588 0.8052
4016.9827 0.8168
4017.9089 0.8273
4018.8333 0.8357
4019.7578 0.8416
4020.6848 0.8454
4021.6096 0.8454
4022.5371 0.8366
4023.4624 0.8168
4024.3901 0.7891
4025.3162 0.7673
4026.2422 0.7660
4027.1704 0.7846
4028.0969 0.7967
4029.0259 0.7922
4029.9526 0.7883
4030.8821 0.7936
4031.8093 0.8031
4032.7390 0.8079
4033.6667 0.8100
4034.5947 0.8117
4035.5251 0.8123
4036.4534 0.8120
4037.3843 0.8141
4038.3130 0.8219
4039.2441 0.8309
4040.1736 0.8376
4041.1030 0.8410
4042.0347 0.8429
4042.9646 0.8437
4043.8970 0.8404
4044.8271 0.8280
4045.7600 0.8078
4046.6907 0.7934
4047.6216 0.7971
4048.5549 0.8126
4049.4863 0.8202
4050.4202 0.8212
4051.3521 0.8200
4052.2861 0.8126
4053.2185 0.7978
4054.1509 0.7821
4055.0857 0.7778
4056.0186 0.7927
4056.9539 0.8148
4057.8872 0.8297
4058.8230 0.8381
4059.7566 0.8448
4060.6907 0.8496
4061.6270 0.8487
4062.5613 0.8398
4063.4983 0.8214
4064.4331 0.8056
4065.3701 0.8034
4066.3054 0.8120
4067.2410 0.8139
4068.1787 0.8112
4069.1147 0.8158
4070.0530 0.8214
4070.9893 0.8165
4071.9280 0.8015
4072.8647 0.7944
4073.8018 0.8040
4074.7412 0.8194
4075.6787 0.8242
4076.6184 0.8110
4077.5562 0.7868
4078.4966 0.7706
4079.4348 0.7808
4080.3733 0.8083
4081.3142 0.8307
4082.2532 0.8375
4083.1943 0.8357
4084.1338 0.8315
4085.0757 0.8273
4086.0154 0.8222
4086.9553 0.8178
4087.8977 0.8171
4088.8381 0.8212
4089.7810 0.8262
4090.7219 0.8294
4091.6653 0.8311
4092.6064 0.8310
4093.5481 0.8286
4094.4919 0.8233
4095.4338 0.8155
4096.3784 0.8039
4097.3208 0.7864
4098.2656 0.7616
4099.2085 0.7265
4100.1514 0.6753
4101.0967 0.6047
4102.0400 0.5309
4102.9863 0.4983
4103.9302 0.5302
4104.8765 0.6064
4105.8208 0.6794
4106.7676 0.7325
4107.7124 0.7652
4108.6572 0.7838
4109.6045 0.7918
4110.5503 0.7907
4111.4980 0.7847
4112.4438 0.7841
4113.3921 0.7919
4114.3384 0.8035
4115.2852 0.8147
4116.2339 0.8237
4117.1807 0.8292
4118.1304 0.8286
4119.0776 0.8217
4120.0273 0.8140
4120.9751 0.8099
4121.9233 0.8056
4122.8740 0.7931
4123.8223 0.7815
4124.7734 0.7836
4125.7222 0.7938
4126.6733 0.7991
4127.6230 0.7885
4128.5723 0.7624
4129.5244 0.7412
4130.4746 0.7419
4131.4268 0.7505
4132.3774 0.7582
4133.3301 0.7693
4134.2812 0.7898
4135.2324 0.8076
4136.1855 0.8171
4137.1372 0.8198
4138.0913 0.8185
4139.0435 0.8166
4139.9976 0.8178
4140.9502 0.8220
4141.9028 0.8245
4142.8579 0.8198
4143.8110 0.8055
4144.7666 0.7875
4145.7202 0.7783
4146.6758 0.7813
4147.6299 0.7891
4148.5840 0.7935
4149.5405 0.7905
4150.4951 0.7848
4151.4526 0.7861
4152.4072 0.7928
4153.3647 0.7989
4154.3203 0.7991
4155.2764 0.7955
4156.2344 0.7928
4157.1904 0.7930
4158.1489 0.7954
4159.1055 0.7979
4160.0649 0.7965
4161.0220 0.7868
4161.9790 0.7709
4162.9390 0.7572
4163.8965 0.7489
4164.8564 0.7504
4165.8149 0.7668
4166.7754 0.7861
4167.7339 0.7963
4168.6929 0.7973
4169.6538 0.7952
4170.6133 0.7859
4171.5752 0.7632
4172.5347 0.7272
4173.4971 0.6913
4174.4570 0.6789
4175.4175 0.7001
4176.3799 0.7317
4177.3408 0.7369
4178.3042 0.7078
4179.2651 0.6718
4180.2290 0.6706
4181.1909 0.7075
4182.1548 0.7468
4183.1172 0.7651
4184.0796 0.7663
4185.0444 0.7640
4186.0068 0.7661
4186.9722 0.7688
4187.9355 0.7659
4188.9014 0.7635
4189.8647 0.7669
4190.8286 0.7729
4191.7949 0.7743
4192.7593 0.7763
4193.7261 0.7812
4194.6909 0.7862
4195.6582 0.7882
4196.6235 0.7867
4197.5889 0.7833
4198.5571 0.7767
4199.5229 0.7700
4200.4912 0.7697
4201.4575 0.7694
4202.4263 0.7630
4203.3931 0.7548
4204.3599 0.7547
4205.3296 0.7550
4206.2969 0.7551
4207.2671 0.7599
4208.2349 0.7679
4209.2051 0.7701
4210.1738 0.7684
4211.1421 0.7693
4212.1133 0.7726
4213.0820 0.7760
4214.0537 0.7761
4215.0229 0.7682
4215.9951 0.7523
4216.9648 0.7442
4217.9351 0.7533
4218.9077 0.7678
4219.8784 0.7761
4220.8516 0.7791
4221.8223 0.7806
4222.7959 0.7792
4223.7676 0.7727
4224.7393 0.7620
4225.7134 0.7495
4226.6855 0.7376
4227.6602 0.7312
4228.6328 0.7377
4229.6079 0.7558
4230.5806 0.7716
4231.5542 0.7697
4232.5298 0.7433
4233.5034 0.7004
4234.4800 0.6768
4235.4541 0.6948
4236.4307 0.7289
4237.4053 0.7516
4238.3799 0.7613
4239.3574 0.7641
4240.3325 0.7646
4241.3105 0.7627
4242.2861 0.7518
4243.2642 0.7377
4244.2407 0.7375
4245.2168 0.7460
4246.1958 0.7415
4247.1729 0.7202
4248.1519 0.7086
4249.1294 0.7216
4250.1094 0.7395
4251.0869 0.7411
4252.0649 0.7365
4253.0454 0.7350
4254.0239 0.7368
4255.0049 0.7411
4255.9834 0.7485
4256.9648 0.7538
4257.9443 0.7472
4258.9263 0.7325
4259.9058 0.7226
4260.8857 0.7203
4261.8687 0.7169
4262.8491 0.7182
4263.8320 0.7310
4264.8130 0.7471
4265.7964 0.7587
4266.7778 0.7638
4267.7593 0.7649
4268.7432 0.7609
4269.7256 0.7511
4270.7100 0.7371
4271.6924 0.7196
4272.6772 0.7029
4273.6606 0.6958
4274.6436 0.6990
4275.6294 0.7060
4276.6128 0.7154
4277.5991 0.7249
4278.5830 0.7320
4279.5698 0.7369
4280.5542 0.7456
4281.5391 0.7521
4282.5264 0.7503
4283.5117 0.7414
4284.4990 0.7319
4285.4849 0.7296
4286.4731 0.7347
4287.4590 0.7338
4288.4453 0.7221
4289.4346 0.7041
4290.4214 0.6878
4291.4106 0.6826
4292.3979 0.6985
4293.3877 0.7114
4294.3755 0.6978
4295.3633 0.6788
4296.3535 0.6770
4297.3423 0.6876
4298.3330 0.6986
4299.3218 0.6984
4300.3135 0.6725
4301.3027 0.6423
4302.2920 0.6281
4303.2842 0.6278
4304.2744 0.6432
4305.2666 0.6785
4306.2573 0.7099
4307.2500 0.7161
4308.2412 0.7012
4309.2319 0.6933
4310.2261 0.7088
4311.2173 0.7292
4312.2114 0.7272
4313.2036 0.6940
4314.1982 0.6460
4315.1904 0.6174
4316.1836 0.6303
4317.1787 0.6717
4318.1719 0.7093
4319.1675 0.7278
4320.1611 0.7251
4321.1572 0.7074
4322.1514 0.6981
4323.1460 0.7112
4324.1426 0.7234
4325.1377 0.7125
4326.1348 0.6880
4327.1299 0.6856
4328.1279 0.7095
4329.1235 0.7308
4330.1196 0.7294
4331.1182 0.7147
4332.1143 0.7065
4333.1133 0.7130
4334.1104 0.7194
4335.1099 0.7165
4336.1069 0.7013
4337.1069 0.6671
4338.1045 0.6124
4339.1025 0.5474
4340.1030 0.4877
4341.1016 0.4439
4342.1025 0.4458
4343.1016 0.4951
4344.1030 0.5619
4345.1025 0.6110
4346.1021 0.6513
4347.1040 0.6853
4348.1040 0.7078
4349.1069 0.7190
4350.1074 0.7172
4351.1104 0.6957
4352.1113 0.6607
4353.1128 0.6475
4354.1167 0.6720
4355.1182 0.7082
4356.1226 0.7302
4357.1245 0.7388
4358.1294 0.7386
4359.1318 0.7357
4360.1348 0.7343
4361.1401 0.7339
4362.1436 0.7331
4363.1494 0.7333
4364.1528 0.7369
4365.1592 0.7404
4366.1636 0.7391
4367.1680 0.7286
4368.1753 0.7107
4369.1802 0.6958
4370.1875 0.6960
4371.1929 0.7084
4372.2007 0.7221
4373.2065 0.7257
4374.2129 0.7127
4375.2212 0.6901
4376.2280 0.6852
4377.2368 0.7058
4378.2441 0.7283
4379.2534 0.7383
4380.2612 0.7378
4381.2686 0.7357
4382.2793 0.7293
4383.2871 0.7075
4384.2979 0.6643
4385.3066 0.6233
4386.3179 0.6124
4387.3267 0.6371
4388.3359 0.6745
4389.3481 0.7042
4390.3579 0.7144
4391.3701 0.7107
4392.3804 0.7058
4393.3936 0.7019
4394.4043 0.6771
4395.4150 0.6345
4396.4287 0.6186
4397.4399 0.6442
4398.4541 0.6807
4399.4658 0.6820
4400.4805 0.6607
4401.4927 0.6553
4402.5054 0.6792
4403.5205 0.7047
4404.5337 0.7088
4405.5493 0.7020
4406.5625 0.7029
4407.5786 0.7100
4408.5928 0.7113
4409.6069 0.7059
4410.6240 0.6984
4411.6387 0.6925
4412.6558 0.6911
4413.6709 0.6919
4414.6885 0.6843
4415.7041 0.6617
4416.7227 0.6267
4417.7388 0.5935
4418.7549 0.5871
4419.7739 0.6194
4420.7905 0.6604
4421.8101 0.6809
4422.8271 0.6787
4423.8472 0.6765
4424.8647 0.6799
4425.8828 0.6829
4426.9033 0.6817
4427.9219 0.6768
4428.9429 0.6720
4429.9619 0.6711
4430.9834 0.6720
4432.0024 0.6716
4433.0220 0.6718
4434.0444 0.6734
4435.0645 0.6764
4436.0874 0.6807
4437.1079 0.6860
4438.1309 0.6912
4439.1519 0.6956
4440.1733 0.6975
4441.1968 0.6935
4442.2188 0.6797
4443.2432 0.6551
4444.2651 0.6259
4445.2900 0.6201
4446.3125 0.6463
4447.3354 0.6833
4448.3613 0.6994
4449.3843 0.6985
4450.4106 0.6834
4451.4341 0.6671
4452.4609 0.6679
4453.4849 0.6859
4454.5098 0.6983
4455.5366 0.6993
4456.5615 0.6985
4457.5894 0.7019
4458.6147 0.7065
4459.6431 0.7078
4460.6689 0.7051
4461.6953 0.6994
4462.7241 0.6945
4463.7505 0.6913
4464.7798 0.6860
4465.8071 0.6811
4466.8369 0.6832
4467.8643 0.6754
4468.8921 0.6483
4469.9229 0.6312
4470.9512 0.6398
4471.9819 0.6614
4473.0107 0.6718
4474.0425 0.6791
4475.0718 0.6907
4476.1011 0.7020
4477.1333 0.7083
4478.1631 0.7095
4479.1958 0.7060
4480.2266 0.6882
4481.2593 0.6490
4482.2905 0.6191
4483.3213 0.6303
4484.3555 0.6728
4485.3872 0.6994
4486.4214 0.7068
4487.4536 0.7010
4488.4883 0.6785
4489.5210 0.6511
4490.5537 0.6360
4491.5889 0.6392
4492.6226 0.6479
4493.6582 0.6657
4494.6919 0.6830
4495.7285 0.6938
4496.7627 0.6994
4497.7998 0.7039
4498.8345 0.7047
4499.8696 0.6984
4500.9072 0.6743
4501.9424 0.6468
4502.9805 0.6421
4504.0166 0.6693
4505.0552 0.6944
4506.0913 0.7033
4507.1279 0.6957
4508.1675 0.6713
4509.2046 0.6465
4510.2446 0.6525
4511.2822 0.6812
4512.3223 0.7005
4513.3604 0.7044
4514.3984 0.6927
4515.4395 0.6695
4516.4785 0.6501
4517.5200 0.6582
4518.5591 0.6747
4519.6011 0.6705
4520.6406 0.6493
4521.6807 0.6295
4522.7236 0.6206
4523.7642 0.6195
4524.8071 0.6394
4525.8481 0.6679
4526.8916 0.6864
4527.9331 0.6875
4528.9746 0.6781
4530.0190 0.6674
4531.0610 0.6689
4532.1060 0.6781
4533.1489 0.6713
4534.1938 0.6419
4535.2373 0.6203
4536.2803 0.6394
4537.3267 0.6749
4538.3701 0.6944
4539.4170 0.6946
4540.4609 0.6836
4541.5083 0.6656
4542.5527 0.6521
4543.5981 0.6570
4544.6455 0.6657
4545.6909 0.6688
4546.7393 0.6700
4547.7852 0.6732
4548.8340 0.6547
4549.8804 0.6105
4550.9272 0.5898
4551.9766 0.6134
4553.0239 0.6525
4554.0737 0.6567
4555.1216 0.6322
4556.1719 0.5996
4557.2197 0.5937
4558.2686 0.6063
4559.3193 0.6171
4560.3682 0.6283
4561.4199 0.6543
4562.4692 0.6695
4563.5215 0.6537
4564.5713 0.6256
4565.6211 0.6168
4566.6743 0.6375
4567.7246 0.6613
4568.7778 0.6735
4569.8291 0.6761
4570.8828 0.6660
4571.9341 0.6411
4572.9888 0.6158
4574.0405 0.6226
4575.0928 0.6461
4576.1479 0.6495
4577.2007 0.6389
4578.2559 0.6378
4579.3091 0.6490
4580.3652 0.6501
4581.4189 0.6432
4582.4731 0.6285
4583.5298 0.5962
4584.5840 0.5638
4585.6411 0.5760
4586.6963 0.6153
4587.7539 0.6316
4588.8091 0.6172
4589.8647 0.6018
4590.9233 0.6056
4591.9795 0.6162
4593.0386 0.6244
4594.0952 0.6355
4595.1543 0.6473
4596.2114 0.6532
4597.2690 0.6537
4598.3291 0.6573
4599.3867 0.6606
4600.4473 0.6604
4601.5059 0.6586
4602.5669 0.6584
4603.6255 0.6610
4604.6846 0.6639
4605.7466 0.6655
4606.8062 0.6658
4607.8687 0.6655
4608.9287 0.6649
4609.9912 0.6639
4611.0518 0.6629
4612.1128 0.6627
4613.1763 0.6632
4614.2373 0.6633
4615.3013 0.6597
4616.3633 0.6494
4617.4277 0.6329
4618.4897 0.6177
4619.5522 0.6053
4620.6177 0.6014
4621.6807 0.6115
4622.7466 0.6323
4623.8096 0.6501
4624.8760 0.6576
4625.9399 0.6569
4627.0044 0.6537
4628.0713 0.6448
4629.1357 0.6250
4630.2031 0.6026
4631.2686 0.6067
4632.3364 0.6295
4633.4023 0.6372
4634.4678 0.6236
4635.5366 0.6091
4636.6030 0.6155
4637.6724 0.6329
4638.7393 0.6464
4639.8091 0.6533
4640.8765 0.6563
4641.9438 0.6579
4643.0142 0.6585
4644.0825 0.6587
4645.1533 0.6580
4646.2222 0.6571
4647.2935 0.6557
4648.3623 0.6532
4649.4316 0.6499
4650.5039 0.6488
4651.5737 0.6503
4652.6465 0.6520
4653.7168 0.6527
4654.7900 0.6513
4655.8608 0.6459
4656.9346 0.6351
4658.0059 0.6255
4659.0771 0.6295
4660.1519 0.6415
4661.2236 0.6491
4662.2983 0.6476
4663.3711 0.6409
4664.4463 0.6332
4665.5195 0.6291
4666.5928 0.6228
4667.6689 0.6141
4668.7427 0.6143
4669.8193 0.6197
4670.8936 0.6192
4671.9707 0.6224
4673.0454 0.6322
4674.1206 0.6422
4675.1982 0.6462
4676.2739 0.6484
4677.3521 0.6494
4678.4282 0.6487
4679.5073 0.6473
4680.5835 0.6462
4681.6602 0.6461
4682.7397 0.6456
4683.8174 0.6446
4684.8975 0.6448
4685.9751 0.6458
4687.0557 0.6465
4688.1338 0.6465
4689.2124 0.6465
4690.2935 0.6468
4691.3726 0.6471
4692.4546 0.6472
4693.5342 0.6470
4694.6162 0.6462
4695.6963 0.6457
4696.7764 0.6456
4697.8594 0.6444
4698.9404 0.6421
4700.0239 0.6405
4701.1050 0.6412
4702.1890 0.6413
4703.2710 0.6381
4704.3530 0.6355
4705.4375 0.6375
4706.5200 0.6420
4707.6055 0.6412
4708.6885 0.6350
4709.7744 0.6281
4710.8579 0.6287
4711.9414 0.6343
4713.0283 0.6382
4714.1123 0.6383
4715.1992 0.6379
4716.2842 0.6381
4717.3716 0.6388
4718.4570 0.6388
4719.5425 0.6373
4720.6309 0.6350
4721.7168 0.6345
4722.8057 0.6353
4723.8921 0.6351
4724.9814 0.6334
4726.0684 0.6302
4727.1553 0.6255
4728.2456 0.6219
4729.3335 0.6211
4730.4238 0.6185
4731.5122 0.6098
4732.6030 0.6019
4733.6919 0.6091
4734.7808 0.6216
4735.8726 0.6275
4736.9624 0.6276
4738.0547 0.6259
4739.1445 0.6252
4740.2373 0.6259
4741.3276 0.6272
4742.4214 0.6280
4743.5122 0.6284
4744.6035 0.6284
4745.6973 0.6278
4746.7891 0.6268
4747.8838 0.6259
4748.9761 0.6242
4750.0713 0.6216
4751.1641 0.6160
4752.2568 0.6092
4753.3525 0.6078
4754.4463 0.6114
4755.5425 0.6122
4756.6367 0.6101
4757.7334 0.6084
4758.8281 0.6088
4759.9229 0.6082
4761.0205 0.6050
4762.1157 0.5988
4763.2139 0.5895
4764.3096 0.5806
4765.4082 0.5777
4766.5044 0.5838
4767.6011 0.5922
4768.7002 0.5969
4769.7974 0.5975
4770.8975 0.5978
4771.9951 0.6002
4773.0952 0.6034
4774.1934 0.6065
4775.2915 0.6094
4776.3926 0.6107
4777.4917 0.6108
4778.5933 0.6087
4779.6924 0.6011
4780.7949 0.5896
4781.8945 0.5887
4782.9946 0.5981
4784.0977 0.6074
4785.1982 0.6103
4786.3018 0.6111
4787.4028 0.6104
4788.5068 0.6101
4789.6084 0.6094
4790.7100 0.6086
4791.8149 0.6081
4792.9170 0.6081
4794.0225 0.6085
4795.1255 0.6100
4796.2310 0.6109
4797.3345 0.6100
4798.4380 0.6066
4799.5444 0.6020
4800.6489 0.6007
4801.7559 0.6027
4802.8604 0.6048
4803.9678 0.6015
4805.0732 0.5899
4806.1782 0.5767
4807.2866 0.5801
4808.3926 0.5943
4809.5015 0.6036
4810.6079 0.6044
4811.7173 0.6005
4812.8242 0.5945
4813.9312 0.5924
4815.0415 0.5965
4816.1489 0.6010
4817.2598 0.6023
4818.3677 0.6013
4819.4790 0.6008
4820.5879 0.6010
4821.6968 0.5999
4822.8086 0.5940
4823.9180 0.5781
4825.0303 0.5595
4826.1401 0.5596
4827.2534 0.5772
4828.3638 0.5906
4829.4771 0.5955
4830.5884 0.5956
4831.6992 0.5949
4832.8135 0.5939
4833.9253 0.5926
4835.0400 0.5910
4836.1523 0.5856
4837.2676 0.5802
4838.3804 0.5811
4839.4937 0.5877
4840.6094 0.5910
4841.7231 0.5914
4842.8394 0.5913
4843.9536 0.5913
4845.0708 0.5908
4846.1851 0.5893
4847.3003 0.5820
4848.4180 0.5645
4849.5332 0.5515
4850.6514 0.5552
4851.7676 0.5694
4852.8862 0.5743
4854.0024 0.5717
4855.1191 0.5602
4856.2388 0.5422
4857.3560 0.5259
4858.4761 0.5124
4859.5938 0.4872
4860.7144 0.4418
4861.8325 0.3883
4862.9512 0.3699
4864.0723 0.3975
4865.1914 0.4469
4866.3135 0.4862
4867.4326 0.5190
4868.5552 0.5417
4869.6753 0.5543
4870.7954 0.5577
4871.9189 0.5549
4873.0396 0.5514
4874.1631 0.5505
4875.2847 0.5486
4876.4087 0.5423
4877.5308 0.5376
4878.6528 0.5424
4879.7778 0.5549
4880.9004 0.5622
4882.0259 0.5636
4883.1489 0.5605
4884.2749 0.5537
4885.3984 0.5479
4886.5225 0.5510
4887.6494 0.5585
4888.7734 0.5634
4889.9009 0.5642
4891.0259 0.5605
4892.1538 0.5551
4893.2793 0.5545
4894.4048 0.5584
4895.5337 0.5633
4896.6597 0.5680
4897.7891 0.5707
4898.9155 0.5699
4900.0454 0.5666
4901.1724 0.5629
4902.2998 0.5625
4903.4307 0.5646
4904.5586 0.5667
4905.6895 0.5681
4906.8179 0.5700
4907.9497 0.5716
4909.0786 0.5718
4910.2080 0.5682
4911.3403 0.5596
4912.4702 0.5516
4913.6030 0.5545
4914.7334 0.5641
4915.8667 0.5710
4916.9976 0.5735
4918.1313 0.5719
4919.2627 0.5665
4920.3945 0.5585
4921.5288 0.5519
4922.6611 0.5470
4923.7964 0.5236
4924.9292 0.4968
4926.0649 0.4993
4927.1978 0.5368
4928.3315 0.5622
4929.4678 0.5708
4930.6021 0.5721
4931.7388 0.5712
4932.8735 0.5686
4934.0107 0.5644
4935.1460 0.5604
4936.2812 0.5625
4937.4194 0.5672
4938.5557 0.5696
4939.6943 0.5693
4940.8306 0.5702
4941.9702 0.5709
4943.1069 0.5704
4944.2441 0.5698
4945.3843 0.5693
4946.5220 0.5684
4947.6626 0.5667
4948.8008 0.5655
4949.9419 0.5649
4951.0806 0.5639
4952.2197 0.5621
4953.3618 0.5604
4954.5010 0.5608
4955.6436 0.5618
4956.7837 0.5595
4957.9268 0.5508
4959.0674 0.5456
4960.2080 0.5513
4961.3521 0.5596
4962.4932 0.5631
4963.6377 0.5625
4964.7793 0.5607
4965.9243 0.5595
4967.0669 0.5592
4968.2095 0.5583
4969.3550 0.5573
4970.4980 0.5573
4971.6445 0.5580
4972.7881 0.5586
4973.9351 0.5587
4975.0791 0.5590
4976.2236 0.5591
4977.3711 0.5586
4978.5161 0.5582
4979.6641 0.5578
4980.8096 0.5573
4981.9585 0.5560
4983.1045 0.5534
4984.2510 0.5508
4985.4004 0.5506
4986.5469 0.5533
4987.6968 0.5570
4988.8442 0.5587
4989.9946 0.5583
4991.1426 0.5554
4992.2910 0.5508
4993.4419 0.5458
4994.5908 0.5438
4995.7427 0.5491
4996.8921 0.5560
4998.0439 0.5584
4999.1938 0.5583
5000.3438 0.5555
5001.4971 0.5490
5002.6475 0.5418
5003.8013 0.5416
5004.9521 0.5448
5006.1064 0.5459
5007.2583 0.5468
5008.4126 0.5506
5009.5649 0.5536
5010.7173 0.5536
5011.8730 0.5528
5013.0259 0.5511
5014.1816 0.5478
5015.3354 0.5445
5016.4917 0.5434
5017.6460 0.5305
5018.8003 0.4925
5019.9575 0.4692
5021.1123 0.4864
5022.2700 0.5262
5023.4258 0.5443
5024.5840 0.5510
5025.7397 0.5543
5026.8960 0.5556
5028.0552 0.5551
5029.2119 0.5532
5030.3716 0.5492
5031.5288 0.5407
5032.6890 0.5373
5033.8472 0.5430
5035.0049 0.5485
5036.1660 0.5465
5037.3247 0.5438
5038.4863 0.5451
5039.6455 0.5467
5040.8076 0.5418
5041.9668 0.5356
5043.1270 0.5371
5044.2900 0.5454
5045.4502 0.5495
5046.6138 0.5507
5047.7749 0.5512
5048.9390 0.5510
5050.1001 0.5499
5051.2622 0.5489
5052.4268 0.5476
5053.5894 0.5470
5054.7544 0.5458
5055.9175 0.5389
5057.0830 0.5293
5058.2466 0.5321
5059.4102 0.5424
5060.5771 0.5480
5061.7412 0.5488
5062.9082 0.5489
5064.0732 0.5500
5065.2407 0.5502
5066.4062 0.5488
5067.5718 0.5480
5068.7402 0.5471
5069.9062 0.5462
5071.0752 0.5453
5072.2417 0.5429
5073.4116 0.5396
5074.5786 0.5401
5075.7461 0.5427
5076.9165 0.5458
5078.0845 0.5483
5079.2554 0.5490
5080.4238 0.5479
5081.5957 0.5472
5082.7646 0.5477
5083.9336 0.5489
5085.1060 0.5499
5086.2759 0.5498
5087.4487 0.5475
5088.6191 0.5452
5089.7925 0.5456
5090.9634 0.5475
5092.1348 0.5483
5093.3091 0.5474
5094.4805 0.5456
5095.6553 0.5456
5096.8276 0.5448
5098.0029 0.5422
5099.1758 0.5393
5100.3516 0.5370
5101.5249 0.5324
5102.6987 0.5327
5103.8750 0.5383
5105.0493 0.5437
5106.2266 0.5448
5107.4014 0.5438
5108.5791 0.5426
5109.7544 0.5422
5110.9297 0.5417
5112.1084 0.5412
5113.2842 0.5414
5114.4634 0.5421
5115.6401 0.5423
5116.8198 0.5400
5117.9966 0.5379
5119.1743 0.5382
5120.3545 0.5394
5121.5327 0.5383
5122.7134 0.5384
5123.8921 0.5390
5125.0737 0.5394
5126.2524 0.5394
5127.4321 0.5372
5128.6143 0.5295
5129.7939 0.5197
5130.9771 0.5200
5132.1572 0.5270
5133.3408 0.5312
5134.5220 0.5309
5135.7031 0.5344
5136.8872 0.5362
5138.0688 0.5358
5139.2539 0.5349
5140.4360 0.5343
5141.6216 0.5344
5142.8042 0.5358
5143.9873 0.5352
5145.1738 0.5331
5146.3574 0.5298
5147.5439 0.5283
5148.7280 0.5300
5149.9155 0.5310
5151.1001 0.5297
5152.2852 0.5288
5153.4731 0.5227
5154.6587 0.5137
5155.8477 0.5118
5157.0337 0.5226
5158.2227 0.5305
5159.4097 0.5329
5160.5962 0.5312
5161.7861 0.5278
5162.9736 0.5259
5164.1646 0.5283
5165.3525 0.5304
5166.5435 0.5254
5167.7319 0.5048
5168.9209 0.4693
5170.1128 0.4414
5171.3022 0.4550
5172.4946 0.4849
5173.6846 0.4967
5174.8779 0.5080
5176.0684 0.5227
5177.2588 0.5307
5178.4526 0.5320
5179.6440 0.5329
5180.8384 0.5322
5182.0303 0.5295
5183.2251 0.5190
5184.4175 0.5022
5185.6104 0.4962
5186.8062 0.5021
5187.9995 0.5064
5189.1958 0.5026
5190.3896 0.5011
5191.5864 0.5097
5192.7808 0.5173
5193.9780 0.5203
5195.1729 0.5219
5196.3682 0.5186
5197.5664 0.5048
5198.7622 0.4892
5199.9609 0.4955
5201.1572 0.5130
5202.3564 0.5221
5203.5532 0.5235
5204.7505 0.5220
5205.9507 0.5202
5207.1484 0.5194
5208.3491 0.5200
5209.5474 0.5203
5210.7485 0.5193
5211.9473 0.5176
5213.1460 0.5171
5214.3481 0.5196
5215.5479 0.5191
5216.7505 0.5157
5217.9507 0.5149
5219.1538 0.5178
5220.3545 0.5220
5221.5557 0.5245
5222.7598 0.5250
5223.9609 0.5233
5225.1655 0.5195
5226.3677 0.5076
5227.5728 0.4908
5228.7754 0.4901
5229.9785 0.5062
5231.1846 0.5176
5232.3877 0.5166
5233.5942 0.5028
5234.7983 0.4826
5236.0054 0.4706
5237.2100 0.4762
5238.4150 0.4851
5239.6230 0.4953
5240.8281 0.5053
5242.0366 0.5123
5243.2427 0.5162
5244.4517 0.5170
5245.6582 0.5166
5246.8652 0.5142
5248.0747 0.5110
5249.2822 0.5097
5250.4927 0.5108
5251.7007 0.5118
5252.9116 0.5130
5254.1201 0.5111
5255.3286 0.5049
5256.5405 0.4994
5257.7500 0.5027
5258.9624 0.5078
5260.1724 0.5092
5261.3853 0.5070
5262.5957 0.5038
5263.8062 0.4999
5265.0200 0.4921
5266.2310 0.4877
5267.4458 0.4948
5268.6572 0.5012
5269.8721 0.5005
5271.0845 0.4979
5272.2974 0.5014
5273.5132 0.5018
5274.7261 0.4934
5275.9424 0.4697
5277.1562 0.4547
5278.3730 0.4689
5279.5874 0.4906
5280.8047 0.4968
5282.0195 0.4998
5283.2349 0.4995
5284.4531 0.4927
5285.6689 0.4866
5286.8877 0.4964
5288.1040 0.5073
5289.3232 0.5117
5290.5400 0.5116
5291.7573 0.5097
5292.9775 0.5080
5294.1953 0.5078
5295.4160 0.5078
5296.6343 0.5075
5297.8555 0.5065
5299.0742 0.5053
5300.2935 0.5045
5301.5156 0.5040
5302.7354 0.5034
5303.9580 0.5033
5305.1782 0.5019
5306.4014 0.4977
5307.6221 0.4927
5308.8433 0.4918
5310.0674 0.4941
5311.2891 0.4976
5312.5137 0.4985
5313.7358 0.4954
5314.9614 0.4878
5316.1841 0.4735
5317.4072 0.4506
5318.6333 0.4511
5319.8569 0.4752
5321.0835 0.4977
5322.3076 0.5023
5323.5347 0.5014
5324.7598 0.4943
5325.9844 0.4852
5327.2129 0.4827
5328.4380 0.4854
5329.6670 0.4874
5330.8931 0.4897
5332.1221 0.4942
5333.3491 0.4974
5334.5757 0.4944
5335.8062 0.4862
5337.0337 0.4777
5338.2642 0.4730
5339.4922 0.4762
5340.7236 0.4844
5341.9521 0.4923
5343.1812 0.4973
5344.4131 0.4994
5345.6426 0.4986
5346.8755 0.4958
5348.1055 0.4947
5349.3389 0.4961
5350.5693 0.4977
5351.8003 0.4980
5353.0342 0.4988
5354.2656 0.4992
5355.5005 0.4993
5356.7324 0.4989
5357.9678 0.4982
5359.2002 0.4971
5360.4331 0.4953
5361.6694 0.4901
5362.9028 0.4757
5364.1392 0.4646
5365.3735 0.4685
5366.6108 0.4828
5367.8452 0.4888
5369.0801 0.4900
5370.3184 0.4884
5371.5537 0.4864
5372.7925 0.4871
5374.0283 0.4911
5375.2676 0.4946
5376.5039 0.4950
5377.7441 0.4936
5378.9810 0.4922
5380.2183 0.4893
5381.4590 0.4843
5382.6973 0.4817
5383.9385 0.4833
5385.1768 0.4858
5386.4189 0.4872
5387.6577 0.4874
5388.8975 0.4877
5390.1401 0.4890
5391.3799 0.4890
5392.6230 0.4882
5393.8638 0.4874
5395.1074 0.4863
5396.3486 0.4840
5397.5903 0.4817
5398.8350 0.4827
5400.0767 0.4851
5401.3223 0.4844
5402.5645 0.4813
5403.8105 0.4787
5405.0537 0.4759
5406.2969 0.4713
5407.5439 0.4706
5408.7876 0.4742
5410.0352 0.4783
5411.2798 0.4801
5412.5273 0.4805
5413.7725 0.4779
5415.0181 0.4720
5416.2666 0.4710
5417.5127 0.4745
5418.7617 0.4756
5420.0083 0.4726
5421.2583 0.4718
5422.5054 0.4737
5423.7529 0.4739
5425.0034 0.4690
5426.2515 0.4628
5427.5029 0.4661
5428.7515 0.4722
5430.0034 0.4734
5431.2524 0.4735
5432.5020 0.4728
5433.7549 0.4701
5435.0049 0.4696
5436.2578 0.4727
5437.5088 0.4748
5438.7627 0.4763
5440.0137 0.4771
5441.2651 0.4768
5442.5200 0.4761
5443.7720 0.4747
5445.0273 0.4725
5446.2798 0.4696
5447.5356 0.4678
5448.7891 0.4684
5450.0425 0.4694
5451.2993 0.4698
5452.5532 0.4699
5453.8105 0.4697
5455.0654 0.4690
5456.3232 0.4681
5457.5786 0.4689
5458.8340 0.4712
5460.0928 0.4717
5461.3486 0.4709
5462.6084 0.4700
5463.8647 0.4695
5465.1250 0.4688
5466.3823 0.4673
5467.6396 0.4662
5468.9004 0.4679
5470.1587 0.4704
5471.4199 0.4708
5472.6787 0.4696
5473.9404 0.4676
5475.1997 0.4665
5476.4624 0.4668
5477.7222 0.4656
5478.9824 0.4616
5480.2461 0.4597
5481.5068 0.4610
5482.7705 0.4646
5484.0322 0.4681
5485.2964 0.4699
5486.5586 0.4694
5487.8208 0.4670
5489.0859 0.4645
5490.3491 0.4650
5491.6147 0.4661
5492.8784 0.4665
5494.1450 0.4669
5495.4087 0.4686
5496.6729 0.4704
5497.9404 0.4708
5499.2056 0.4710
5500.4736 0.4711
5501.7388 0.4691
5503.0073 0.4633
5504.2734 0.4608
5505.5396 0.4634
5506.8096 0.4640
5508.0762 0.4616
5509.3462 0.4592
5510.6138 0.4583
5511.8843 0.4600
5513.1523 0.4641
5514.4209 0.4677
5515.6924 0.4698
5516.9614 0.4711
5518.2334 0.4714
5519.5029 0.4705
5520.7759 0.4690
5522.0459 0.4674
5523.3159 0.4664
5524.5898 0.4648
5525.8608 0.4599
5527.1348 0.4516
5528.4062 0.4464
5529.6812 0.4494
5530.9536 0.4570
5532.2256 0.4620
5533.5015 0.4605
5534.7744 0.4505
5536.0508 0.4402
5537.3242 0.4435
5538.6011 0.4546
5539.8755 0.4604
5541.1499 0.4616
5542.4277 0.4613
5543.7026 0.4605
5544.9810 0.4583
5546.2568 0.4565
5547.5356 0.4576
5548.8115 0.4599
5550.0884 0.4612
5551.3682 0.4615
5552.6450 0.4616
5553.9258 0.4618
5555.2031 0.4618
5556.4844 0.4612
5557.7627 0.4611
5559.0410 0.4611
5560.3232 0.4604
5561.6021 0.4597
5562.8848 0.4598
5564.1646 0.4597
5565.4473 0.4589
5566.7280 0.4581
5568.0083 0.4572
5569.2925 0.4564
5570.5737 0.4560
5571.8579 0.4554
5573.1401 0.4545
5574.4253 0.4543
5575.7075 0.4554
5576.9932 0.4562
5578.2764 0.4553
5579.5596 0.4548
5580.8462 0.4552
5582.1299 0.4554
5583.4170 0.4553
5584.7017 0.4549
5585.9893 0.4537
5587.2744 0.4508
5588.5601 0.4483
5589.8486 0.4492
5591.1348 0.4510
5592.4238 0.4516
5593.7104 0.4514
5595.0005 0.4514
5596.2876 0.4515
5597.5747 0.4519
5598.8657 0.4517
5600.1538 0.4516
5601.4448 0.4520
5602.7334 0.4517
5604.0254 0.4512
5605.3149 0.4510
5606.6045 0.4509
5607.8970 0.4509
5609.1870 0.4511
5610.4805 0.4506
5611.7715 0.4495
5613.0654 0.4490
5614.3569 0.4485
5615.6484 0.4469
5616.9434 0.4447
5618.2354 0.4451
5619.5308 0.4472
5620.8237 0.4486
5622.1201 0.4492
5623.4131 0.4490
5624.7070 0.4480
5626.0039 0.4472
5627.2983 0.4472
5628.5957 0.4472
5629.8906 0.4475
5631.1890 0.4478
5632.4844 0.4476
5633.7803 0.4473
5635.0791 0.4473
5636.3755 0.4475
5637.6753 0.4475
5638.9722 0.4472
5640.2725 0.4459
5641.5703 0.4434
5642.8682 0.4420
5644.1694 0.4428
5645.4678 0.4435
5646.7695 0.4441
5648.0684 0.4454
5649.3711 0.4456
5650.6704 0.4453
5651.9707 0.4455
5653.2739 0.4456
5654.5742 0.4452
5655.8784 0.4443
5657.1797 0.4413
5658.4839 0.4342
5659.7856 0.4310
5661.0879 0.4354
5662.3931 0.4405
5663.6958 0.4402
5665.0020 0.4404
5666.3052 0.4407
5667.6118 0.4395
5668.9155 0.4375
5670.2197 0.4369
5671.5273 0.4383
5672.8320 0.4402
5674.1401 0.4413
5675.4453 0.4408
5676.7539 0.4403
5678.0601 0.4403
5679.3696 0.4407
5680.6758 0.4412
5681.9829 0.4416
5683.2930 0.4405
5684.6006 0.4381
5685.9111 0.4371
5687.2192 0.4388
5688.5308 0.4400
5689.8394 0.4395
5691.1484 0.4394
5692.4609 0.4397
5693.7705 0.4400
5695.0835 0.4404
5696.3936 0.4408
5697.7070 0.4406
5699.0176 0.4398
5700.3286 0.4385
5701.6431 0.4377
5702.9551 0.4373
5704.2700 0.4360
5705.5825 0.4330
5706.8979 0.4303
5708.2109 0.4306
5709.5239 0.4332
5710.8408 0.4352
5712.1543 0.4357
5713.4717 0.4361
5714.7861 0.4373
5716.1040 0.4379
5717.4189 0.4373
5718.7339 0.4362
5720.0527 0.4355
5721.3687 0.4353
5722.6880 0.4360
5724.0044 0.4365
5725.3242 0.4362
5726.6416 0.4357
5727.9590 0.4358
5729.2798 0.4363
5730.5977 0.4364
5731.9194 0.4363
5733.2378 0.4358
5734.5601 0.4350
5735.8794 0.4354
5737.1987 0.4360
5738.5215 0.4357
5739.8418 0.4358
5741.1655 0.4359
5742.4863 0.4351
5743.8105 0.4342
5745.1318 0.4343
5746.4536 0.4341
5747.7783 0.4325
5749.1006 0.4311
5750.4268 0.4319
5751.7495 0.4328
5753.0757 0.4329
5754.3994 0.4335
5755.7231 0.4341
5757.0503 0.4342
5758.3745 0.4343
5759.7026 0.4344
5761.0273 0.4342
5762.3560 0.4335
5763.6816 0.4327
5765.0078 0.4323
5766.3369 0.4318
5767.6636 0.4305
5768.9937 0.4297
5770.3208 0.4291
5771.6514 0.4284
5772.9790 0.4274
5774.3071 0.4259
5775.6387 0.4247
5776.9673 0.4235
5778.2993 0.4219
5779.6289 0.4153
5780.9614 0.4010
5782.2915 0.3876
5783.6250 0.3940
5784.9556 0.4095
5786.2861 0.4187
5787.6206 0.4221
5788.9521 0.4232
5790.2871 0.4238
5791.6191 0.4249
5792.9546 0.4263
5794.2871 0.4261
5795.6201 0.4245
5796.9565 0.4205
5798.2900 0.4153
5799.6274 0.4156
5800.9614 0.4218
5802.2993 0.4264
5803.6338 0.4272
5804.9692 0.4265
5806.3076 0.4266
5807.6436 0.4267
5808.9824 0.4264
5810.3188 0.4260
5811.6587 0.4256
5812.9956 0.4247
5814.3330 0.4233
5815.6738 0.4235
5817.0117 0.4252
5818.3530 0.4262
5819.6914 0.4266
5821.0337 0.4265
5822.3726 0.4260
5823.7119 0.4252
5825.0552 0.4244
5826.3950 0.4239
5827.7388 0.4237
5829.0791 0.4237
5830.4233 0.4240
5831.7646 0.4239
5833.1064 0.4231
5834.4517 0.4230
5835.7935 0.4226
5837.1396 0.4223
5838.4824 0.4230
5839.8286 0.4238
5841.1719 0.4231
5842.5156 0.4214
5843.8633 0.4199
5845.2075 0.4185
5846.5552 0.4174
5847.9004 0.4184
5849.2490 0.4190
5850.5942 0.4168
5851.9404 0.4151
5853.2896 0.4156
5854.6362 0.4166
5855.9863 0.4171
5857.3335 0.4177
5858.6841 0.4178
5860.0322 0.4177
5861.3799 0.4175
5862.7319 0.4171
5864.0806 0.4168
5865.4326 0.4165
5866.7822 0.4162
5868.1348 0.4161
5869.4849 0.4159
5870.8350 0.4155
5872.1890 0.4153
5873.5400 0.4153
5874.8940 0.4152
5876.2456 0.4139
5877.6006 0.4132
5878.9531 0.4146
5880.3052 0.4157
5881.6611 0.4155
5883.0146 0.4150
5884.3711 0.4139
5885.7246 0.4123
5887.0820 0.4108
5888.4365 0.4056
5889.7939 0.3811
5891.1489 0.3338
5892.5044 0.3339
5893.8633 0.3761
5895.2192 0.3913
5896.5786 0.3566
5897.9351 0.3311
5899.2949 0.3625
5900.6523 0.3962
5902.0098 0.4043
5903.3706 0.4037
5904.7285 0.4050
5906.0903 0.4067
5907.4487 0.4073
5908.8110 0.4071
5910.1704 0.4062
5911.5303 0.4050
5912.8931 0.4043
5914.2534 0.4042
5915.6172 0.4041
5916.9780 0.4043
5918.3428 0.4042
5919.7041 0.4028
5921.0659 0.4012
5922.4312 0.4017
5923.7939 0.4020
5925.1597 0.4005
5926.5229 0.3995
5927.8896 0.4012
5929.2534 0.4022
5930.6172 0.4014
5931.9849 0.4012
5933.3496 0.4022
5934.7178 0.4035
5936.0830 0.4035
5937.4517 0.4031
5938.8179 0.4024
5940.1841 0.4022
5941.5537 0.4008
5942.9204 0.3986
5944.2910 0.3979
5945.6587 0.3989
5947.0298 0.3987
5948.3975 0.3970
5949.7661 0.3962
5951.1382 0.3967
5952.5073 0.3969
5953.8799 0.3963
5955.2495 0.3965
5956.6226 0.3958
5957.9932 0.3930
5959.3638 0.3905
5960.7378 0.3915
5962.1094 0.3935
5963.4839 0.3940
5964.8560 0.3950
5966.2314 0.3954
5967.6040 0.3943
5968.9766 0.3924
5970.3530 0.3916
5971.7266 0.3921
5973.1035 0.3924
5974.4780 0.3927
5975.8555 0.3927
5977.2305 0.3917
5978.6055 0.3893
5979.9839 0.3861
5981.3599 0.3876
5982.7388 0.3902
5984.1152 0.3909
5985.4951 0.3906
5986.8721 0.3913
5988.2495 0.3909
5989.6304 0.3900
5991.0083 0.3875
5992.3896 0.3843
5993.7681 0.3840
5995.1504 0.3873
5996.5298 0.3886
5997.9126 0.3888
5999.2920 0.3890
6000.6724 0.3891
6002.0562 0.3890
6003.4370 0.3888
6004.8213 0.3880
6006.2026 0.3871
6007.5874 0.3866
6008.9697 0.3860
6010.3521 0.3851
6011.7378 0.3840
6013.1211 0.3835
6014.5078 0.3845
6015.8911 0.3861
6017.2783 0.3871
6018.6626 0.3876
6020.0474 0.3880
6021.4355 0.3876
6022.8208 0.3870
6024.2095 0.3864
6025.5957 0.3861
6026.9849 0.3863
6028.3716 0.3857
6029.7583 0.3850
6031.1489 0.3855
6032.5361 0.3860
6033.9272 0.3857
6035.3154 0.3853
6036.7070 0.3848
6038.0957 0.3839
6039.4849 0.3835
6040.8774 0.3835
6042.2671 0.3837
6043.6606 0.3837
6045.0508 0.3838
6046.4448 0.3831
6047.8359 0.3825
6049.2271 0.3827
6050.6221 0.3837
6052.0142 0.3845
6053.4097 0.3842
6054.8022 0.3835
6056.1982 0.3840
6057.5918 0.3847
6058.9854 0.3850
6060.3823 0.3848
6061.7764 0.3842
6063.1743 0.3844
6064.5693 0.3847
6065.9678 0.3840
6067.3633 0.3831
6068.7588 0.3830
6070.1582 0.3826
6071.5547 0.3827
6072.9551 0.3833
6074.3521 0.3836
6075.7529 0.3835
6077.1504 0.3836
6078.5483 0.3834
6079.9502 0.3832
6081.3491 0.3834
6082.7515 0.3831
6084.1504 0.3811
6085.5537 0.3787
6086.9536 0.3801
6088.3540 0.3827
6089.7578 0.3827
6091.1587 0.3817
6092.5635 0.3820
6093.9648 0.3833
6095.3701 0.3831
6096.7725 0.3826
6098.1782 0.3829
6099.5811 0.3832
6100.9844 0.3832
6102.3911 0.3826
6103.7949 0.3814
6105.2026 0.3809
6106.6069 0.3822
6108.0151 0.3827
6109.4204 0.3821
6110.8257 0.3818
6112.2349 0.3815
6113.6411 0.3795
6115.0508 0.3779
6116.4575 0.3785
6117.8682 0.3800
6119.2754 0.3802
6120.6831 0.3806
6122.0947 0.3804
6123.5029 0.3803
6124.9150 0.3803
6126.3242 0.3804
6127.7368 0.3804
6129.1465 0.3799
6130.5566 0.3787
6131.9702 0.3785
6133.3809 0.3793
6134.7954 0.3801
6136.2065 0.3802
6137.6216 0.3792
6139.0337 0.3782
6140.4458 0.3781
6141.8618 0.3762
6143.2749 0.3745
6144.6914 0.3764
6146.1050 0.3778
6147.5220 0.3740
6148.9365 0.3634
6150.3511 0.3581
6151.7690 0.3639
6153.1846 0.3740
6154.6035 0.3769
6156.0190 0.3742
6157.4390 0.3671
6158.8555 0.3630
6160.2720 0.3656
6161.6929 0.3713
6163.1104 0.3723
6164.5312 0.3716
6165.9497 0.3713
6167.3711 0.3711
6168.7900 0.3707
6170.2095 0.3703
6171.6323 0.3700
6173.0518 0.3696
6174.4756 0.3692
6175.8960 0.3677
6177.3198 0.3664
6178.7412 0.3666
6180.1626 0.3660
6181.5874 0.3659
6183.0098 0.3674
6184.4355 0.3685
6185.8579 0.3685
6187.2847 0.3683
6188.7080 0.3680
6190.1318 0.3688
6191.5591 0.3700
6192.9834 0.3706
6194.4116 0.3707
6195.8364 0.3702
6197.2651 0.3678
6198.6909 0.3673
6200.1172 0.3688
6201.5469 0.3695
6202.9731 0.3670
6204.4038 0.3628
6205.8311 0.3614
6207.2622 0.3646
6208.6899 0.3674
6210.1216 0.3691
6211.5503 0.3697
6212.9795 0.3696
6214.4121 0.3695
6215.8418 0.3700
6217.2749 0.3707
6218.7056 0.3713
6220.1392 0.3714
6221.5703 0.3710
6223.0015 0.3707
6224.4365 0.3705
6225.8687 0.3701
6227.3042 0.3702
6228.7368 0.3704
6230.1729 0.3700
6231.6064 0.3693
6233.0400 0.3688
6234.4771 0.3680
6235.9116 0.3680
6237.3496 0.3665
6238.7842 0.3603
6240.2231 0.3532
6241.6587 0.3572
6243.0942 0.3645
6244.5342 0.3677
6245.9707 0.3653
6247.4111 0.3585
6248.8481 0.3491
6250.2891 0.3528
6251.7271 0.3627
6253.1650 0.3677
6254.6069 0.3672
6256.0459 0.3672
6257.4888 0.3668
6258.9282 0.3670
6260.3716 0.3669
6261.8115 0.3663
6263.2520 0.3661
6264.6963 0.3665
6266.1377 0.3665
6267.5825 0.3652
6269.0244 0.3632
6270.4702 0.3585
6271.9126 0.3542
6273.3555 0.3553
6274.8022 0.3593
6276.2456 0.3609
6277.6929 0.3566
6279.1372 0.3468
6280.5850 0.3388
6282.0298 0.3377
6283.4751 0.3352
6284.9238 0.3270
6286.3696 0.3237
6287.8193 0.3317
6289.2661 0.3440
6290.7163 0.3500
6292.1636 0.3528
6293.6108 0.3551
6295.0620 0.3569
6296.5103 0.3578
6297.9624 0.3583
6299.4111 0.3584
6300.8638 0.3578
6302.3135 0.3575
6303.7632 0.3566
6305.2168 0.3556
6306.6675 0.3549
6308.1216 0.3544
6309.5728 0.3547
6311.0278 0.3546
6312.4795 0.3549
6313.9316 0.3563
6315.3877 0.3572
6316.8403 0.3554
6318.2974 0.3511
6319.7510 0.3478
6321.2080 0.3505
6322.6621 0.3547
6324.1201 0.3570
6325.5752 0.3579
6327.0303 0.3583
6328.4893 0.3589
6329.9453 0.3586
6331.4048 0.3568
6332.8613 0.3550
6334.3218 0.3555
6335.7788 0.3571
6337.2363 0.3574
6338.6978 0.3572
6340.1558 0.3568
6341.6182 0.3565
6343.0767 0.3560
6344.5396 0.3546
6345.9990 0.3512
6347.4590 0.3331
6348.9229 0.3231
6350.3833 0.3335
6351.8477 0.3505
6353.3091 0.3533
6354.7739 0.3531
6356.2358 0.3532
6357.6982 0.3539
6359.1641 0.3542
6360.6270 0.3534
6362.0938 0.3529
6363.5576 0.3522
6365.0249 0.3519
6366.4893 0.3519
6367.9536 0.3516
6369.4224 0.3490
6370.8877 0.3412
6372.3564 0.3275
6373.8228 0.3303
6375.2925 0.3432
6376.7588 0.3509
6378.2261 0.3484
6379.6968 0.3469
6381.1646 0.3445
6382.6357 0.3466
6384.1040 0.3483
6385.5762 0.3477
6387.0454 0.3482
6388.5146 0.3504
6389.9878 0.3517
6391.4580 0.3523
6392.9316 0.3526
6394.4023 0.3521
6395.8770 0.3509
6397.3481 0.3504
6398.8198 0.3494
6400.2954 0.3488
6401.7681 0.3490
6403.2441 0.3498
6404.7173 0.3504
6406.1943 0.3504
6407.6680 0.3493
6409.1421 0.3486
6410.6196 0.3485
6412.0947 0.3481
6413.5732 0.3470
6415.0488 0.3467
6416.5278 0.3442
6418.0039 0.3396
6419.4805 0.3403
6420.9609 0.3453
6422.4380 0.3476
6423.9189 0.3485
6425.3970 0.3485
6426.8784 0.3481
6428.3569 0.3476
6429.8359 0.3472
6431.3184 0.3460
6432.7979 0.3428
6434.2812 0.3388
6435.7617 0.3407
6437.2456 0.3444
6438.7266 0.3452
6440.2114 0.3434
6441.6929 0.3421
6443.1748 0.3415
6444.6606 0.3415
6446.1431 0.3406
6447.6294 0.3394
6449.1128 0.3397
6450.6001 0.3408
6452.0840 0.3407
6453.5684 0.3403
6455.0566 0.3365
6456.5415 0.3258
6458.0303 0.3151
6459.5161 0.3239
6461.0054 0.3357
6462.4917 0.3391
6463.9785 0.3385
6465.4692 0.3384
6466.9565 0.3389
6468.4478 0.3391
6469.9360 0.3386
6471.4277 0.3385
6472.9165 0.3389
6474.4058 0.3390
6475.8984 0.3379
6477.3882 0.3362
6478.8818 0.3362
6480.3726 0.3373
6481.8667 0.3364
6483.3579 0.3338
6484.8496 0.3327
6486.3447 0.3343
6487.8369 0.3366
6489.3330 0.3373
6490.8262 0.3355
6492.3228 0.3320
6493.8164 0.3291
6495.3101 0.3296
6496.8081 0.3301
6498.3027 0.3303
6499.8013 0.3325
6501.2964 0.3355
6502.7954 0.3365
6504.2915 0.3371
6505.7876 0.3368
6507.2881 0.3358
6508.7852 0.3356
6510.2861 0.3363
6511.7837 0.3364
6513.2852 0.3360
6514.7837 0.3345
6516.2822 0.3280
6517.7852 0.3223
6519.2842 0.3238
6520.7876 0.3306
6522.2876 0.3318
6523.7920 0.3323
6525.2925 0.3319
6526.7939 0.3318
6528.2988 0.3321
6529.8008 0.3317
6531.3062 0.3306
6532.8091 0.3298
6534.3154 0.3291
6535.8184 0.3290
6537.3223 0.3293
6538.8296 0.3294
6540.3340 0.3301
6541.8423 0.3307
6543.3472 0.3304
6544.8560 0.3289
6546.3613 0.3271
6547.8677 0.3269
6549.3774 0.3279
6550.8843 0.3280
6552.3945 0.3281
6553.9019 0.3263
6555.4136 0.3229
6556.9214 0.3200
6558.4336 0.3163
6559.9424 0.3097
6561.4512 0.2994
6562.9644 0.2765
6564.4741 0.2592
6565.9878 0.2726
6567.4985 0.2955
6569.0127 0.3080
6570.5239 0.3145
6572.0356 0.3190
6573.5513 0.3224
6575.0635 0.3244
6576.5796 0.3256
6578.0923 0.3269
6579.6094 0.3279
6581.1230 0.3285
6582.6372 0.3285
6584.1548 0.3285
6585.6694 0.3283
6587.1885 0.3272
6588.7036 0.3258
6590.2231 0.3259
6591.7393 0.3267
6593.2554 0.3262
6594.7759 0.3262
6596.2930 0.3265
6597.8140 0.3271
6599.3320 0.3273
6600.8535 0.3272
6602.3721 0.3275
6603.8911 0.3281
6605.4141 0.3281
6606.9336 0.3273
6608.4570 0.3271
6609.9771 0.3279
6611.5015 0.3286
6613.0225 0.3264
6614.5439 0.3182
6616.0693 0.3129
6617.5913 0.3177
6619.1172 0.3254
6620.6396 0.3259
6622.1665 0.3262
6623.6899 0.3259
6625.2139 0.3258
6626.7417 0.3257
6628.2661 0.3253
6629.7944 0.3252
6631.3198 0.3253
6632.8486 0.3254
6634.3745 0.3251
6635.9009 0.3249
6637.4312 0.3249
6638.9580 0.3248
6640.4888 0.3245
6642.0166 0.3242
6643.5483 0.3236
6645.0767 0.3226
6646.6055 0.3218
6648.1382 0.3218
6649.6675 0.3223
6651.2007 0.3229
6652.7310 0.3226
6654.2651 0.3217
6655.7959 0.3213
6657.3271 0.3213
6658.8623 0.3207
6660.3940 0.3200
6661.9297 0.3183
6663.4624 0.3178
6664.9990 0.3187
6666.5322 0.3196
6668.0659 0.3203
6669.6035 0.3209
6671.1377 0.3206
6672.6763 0.3197
6674.2114 0.3191
6675.7505 0.3192
6677.2861 0.3196
6678.8257 0.3187
6680.3623 0.3177
6681.8989 0.3177
6683.4399 0.3184
6684.9775 0.3190
6686.5190 0.3188
6688.0571 0.3189
6689.5996 0.3190
6691.1382 0.3185
6692.6777 0.3180
6694.2212 0.3179
6695.7607 0.3172
6697.3052 0.3167
6698.8457 0.3161
6700.3906 0.3148
6701.9316 0.3139
6703.4736 0.3146
6705.0195 0.3156
6706.5620 0.3162
6708.1084 0.3163
6709.6519 0.3159
6711.1987 0.3154
6712.7427 0.3155
6714.2871 0.3154
6715.8354 0.3147
6717.3804 0.3143
6718.9292 0.3139
6720.4751 0.3136
6722.0249 0.3136
6723.5713 0.3134
6725.1177 0.3125
6726.6685 0.3127
6728.2163 0.3134
6729.7676 0.3137
6731.3159 0.3135
6732.8682 0.3135
6734.4170 0.3132
6735.9663 0.3128
6737.5195 0.3125
6739.0693 0.3125
6740.6235 0.3126
6742.1743 0.3126
6743.7290 0.3119
6745.2803 0.3112
6746.8320 0.3117
6748.3877 0.3123
6749.9404 0.3110
6751.4966 0.3107
6753.0498 0.3117
6754.6069 0.3125
6756.1611 0.3126
6757.7153 0.3115
6759.2734 0.3102
6760.8286 0.3117
6762.3877 0.3127
6763.9434 0.3128
6765.5029 0.3124
6767.0596 0.3121
6768.6162 0.3119
6770.1772 0.3120
6771.7344 0.3122
6773.2959 0.3122
6774.8540 0.3122
6776.4165 0.3122
6777.9756 0.3122
6779.5347 0.3122
6781.0981 0.3122
6782.6582 0.3120
6784.2222 0.3116
6785.7827 0.3108
6787.3477 0.3106
6788.9092 0.3113
6790.4707 0.3116
6792.0366 0.3114
6793.5991 0.3113
6795.1655 0.3114
6796.7290 0.3112
6798.2964 0.3110
6799.8604 0.3106
6801.4282 0.3104
6802.9927 0.3106
6804.5581 0.3108
6806.1270 0.3105
6807.6929 0.3105
6809.2627 0.3105
6810.8291 0.3100
6812.3994 0.3097
6813.9668 0.3096
6815.5342 0.3095
6817.1060 0.3095
6818.6743 0.3097
6820.2466 0.3094
6821.8154 0.3089
6823.3887 0.3087
6824.9585 0.3090
6826.5283 0.3089
6828.1025 0.3070
6829.6733 0.3041
6831.2485 0.3048
6832.8198 0.3079
6834.3955 0.3082
6835.9678 0.3082
6837.5405 0.3079
6839.1172 0.3077
6840.6904 0.3073
6842.2681 0.3064
6843.8418 0.3053
6845.4199 0.3055
6846.9946 0.3064
6848.5698 0.3069
6850.1494 0.3068
6851.7251 0.3067
6853.3052 0.3065
6854.8818 0.3060
6856.4624 0.3043
6858.0396 0.3036
6859.6177 0.3041
6861.1992 0.3047
6862.7778 0.3045
6864.3604 0.3049
6865.9395 0.3054
6867.5225 0.3055
6869.1025 0.3054
6870.6826 0.3051
6872.2671 0.3049
6873.8481 0.3048
6875.4331 0.3049
6877.0146 0.3048
6878.6006 0.3047
6880.1831 0.3046
6881.7656 0.3043
6883.3525 0.3037
6884.9360 0.3034
6886.5239 0.3035
6888.1079 0.3032
6889.6963 0.3030
6891.2812 0.3035
6892.8667 0.3037
6894.4561 0.3037
6896.0425 0.3035
6897.6323 0.3034
6899.2192 0.3033
6900.8105 0.3032
6902.3979 0.3031
6903.9858 0.3029
6905.5776 0.3026
6907.1665 0.3021
6908.7593 0.3018
6910.3486 0.3021
6911.9419 0.3020
6913.5322 0.3015
6915.1226 0.3010
6916.7173 0.3007
6918.3081 0.3007
6919.9038 0.3008
6921.4956 0.3006
6923.0918 0.3002
6924.6846 0.3004
6926.2812 0.3004
6927.8745 0.3003
6929.4683 0.3003
6931.0664 0.3003
6932.6606 0.3004
6934.2593 0.3004
6935.8545 0.3004
6937.4541 0.3005
6939.0498 0.3003
6940.6460 0.3000
6942.2466 0.2999
6943.8438 0.3000
6945.4448 0.2996
6947.0430 0.2988
6948.6445 0.2990
6950.2432 0.2994
6951.8423 0.2993
6953.4453 0.2990
6955.0449 0.2989
6956.6489 0.2989
6958.2490 0.2987
6959.8535 0.2987
6961.4546 0.2988
6963.0562 0.2979
6964.6621 0.2974
6966.2642 0.2977
6967.8706 0.2979
6969.4736 0.2980
6971.0806 0.2980
6972.6841 0.2976
6974.2886 0.2973
6975.8965 0.2973
6977.5015 0.2970
6979.1104 0.2961
6980.7158 0.2952
6982.3257 0.2956
6983.9321 0.2961
6985.5386 0.2963
6987.1494 0.2968
6988.7568 0.2969
6990.3687 0.2969
6991.9766 0.2969
6993.5889 0.2954
6995.1978 0.2933
6996.8071 0.2936
6998.4204 0.2952
7000.0303 0.2940
7001.6445 0.2925
7003.2554 0.2915
7004.8701 0.2914
7006.4819 0.2927
7008.0938 0.2941
7009.7095 0.2947
7011.3223 0.2947
7012.9390 0.2944
7014.5522 0.2940
7016.1699 0.2935
7017.7837 0.2932
7019.3984 0.2930
7021.0171 0.2927
7022.6323 0.2922
7024.2515 0.2921
7025.8677 0.2925
7027.4878 0.2921
7029.1045 0.2918
7030.7212 0.2915
7032.3428 0.2909
7033.9604 0.2907
7035.5825 0.2919
7037.2007 0.2920
7038.8237 0.2915
7040.4429 0.2915
7042.0664 0.2909
7043.6865 0.2899
7045.3066 0.2896
7046.9316 0.2902
7048.5527 0.2900
7050.1782 0.2900
7051.7998 0.2898
7053.4263 0.2896
7055.0488 0.2898
7056.6719 0.2889
7058.2988 0.2881
7059.9229 0.2887
7061.5508 0.2883
7063.1753 0.2867
7064.8037 0.2860
7066.4292 0.2862
7068.0547 0.2863
7069.6846 0.2864
7071.3110 0.2865
7072.9419 0.2867
7074.5688 0.2873
7076.2002 0.2873
7077.8281 0.2873
7079.4561 0.2870
7081.0889 0.2865
7082.7178 0.2864
7084.3511 0.2871
7085.9810 0.2871
7087.6147 0.2870
7089.2451 0.2867
7090.8760 0.2865
7092.5112 0.2867
7094.1431 0.2867
7095.7788 0.2864
7097.4111 0.2867
7099.0479 0.2872
7100.6812 0.2868
7102.3145 0.2861
7103.9521 0.2864
7105.5864 0.2869
7107.2251 0.2866
7108.8599 0.2858
7110.4995 0.2853
7112.1353 0.2845
7113.7715 0.2826
7115.4116 0.2817
7117.0483 0.2813
7118.6899 0.2818
7120.3271 0.2827
7121.9692 0.2829
7123.6079 0.2830
7125.2466 0.2843
7126.8896 0.2854
7128.5293 0.2855
7130.1729 0.2851
7131.8130 0.2843
7133.4580 0.2835
7135.0986 0.2841
7136.7402 0.2845
7138.3857 0.2846
7140.0283 0.2846
7141.6748 0.2847
7143.3174 0.2845
7144.9648 0.2839
7146.6084 0.2844
7148.2524 0.2828
7149.9009 0.2809
7151.5459 0.2816
7153.1948 0.2842
7154.8403 0.2844
7156.4902 0.2838
7158.1367 0.2833
7159.7832 0.2834
7161.4346 0.2839
7163.0820 0.2832
7164.7339 0.2815
7166.3818 0.2785
7168.0347 0.2793
7169.6836 0.2819
7171.3369 0.2833
7172.9863 0.2836
7174.6367 0.2837
7176.2910 0.2834
7177.9419 0.2827
7179.5972 0.2828
7181.2490 0.2828
7182.9048 0.2813
7184.5571 0.2816
7186.2100 0.2826
7187.8672 0.2807
7189.5210 0.2796
7191.1787 0.2810
7192.8330 0.2815
7194.4917 0.2791
7196.1465 0.2786
7197.8022 0.2795
7199.4619 0.2802
7201.1182 0.2796
7202.7788 0.2781
7204.4355 0.2764
7206.0972 0.2782
7207.7549 0.2769
7209.4131 0.2752
7211.0757 0.2762
7212.7344 0.2780
7214.3975 0.2775
7216.0571 0.2764
7217.7212 0.2767
7219.3818 0.2772
7221.0425 0.2771
7222.7075 0.2762
7224.3691 0.2744
7226.0352 0.2737
7227.6973 0.2748
7229.3643 0.2761
7231.0273 0.2765
7232.6909 0.2770
7234.3584 0.2771
7236.0229 0.2764
7237.6914 0.2760
7239.3564 0.2758
7241.0259 0.2749
7242.6919 0.2735
7244.3579 0.2740
7246.0283 0.2737
7247.6953 0.2743
7249.3667 0.2753
7251.0342 0.2750
7252.7065 0.2736
7254.3750 0.2743
7256.0439 0.2745
7257.7168 0.2747
7259.3867 0.2750
7261.0605 0.2748
7262.7310 0.2736
7264.4058 0.2734
7266.0771 0.2740
7267.7485 0.2742
7269.4243 0.2742
7271.0967 0.2742
7272.7734 0.2738
7274.4463 0.2734
7276.1240 0.2724
7277.7979 0.2720
7279.4722 0.2724
7281.1509 0.2727
7282.8257 0.2724
7284.5054 0.2716
7286.1812 0.2710
7287.8613 0.2712
7289.5376 0.2689
7291.2148 0.2661
7292.8960 0.2680
7294.5737 0.2694
7296.2559 0.2703
7297.9341 0.2711
7299.6172 0.2710
7301.2964 0.2704
7302.9800 0.2703
7304.6602 0.2706
7306.3408 0.2714
7308.0254 0.2706
7309.7065 0.2691
7311.3921 0.2688
7313.0742 0.2699
7314.7607 0.2714
7316.4434 0.2719
7318.1265 0.2718
7319.8140 0.2711
7321.4980 0.2699
7323.1860 0.2690
7324.8711 0.2701
7326.5601 0.2687
7328.2456 0.2671
7329.9312 0.2677
7331.6216 0.2689
7333.3081 0.2681
7334.9995 0.2686
7336.6865 0.2686
7338.3784 0.2687
7340.0669 0.2684
7341.7554 0.2679
7343.4482 0.2680
7345.1377 0.2679
7346.8315 0.2677
7348.5215 0.2674
7350.2163 0.2672
7351.9067 0.2669
7353.5981 0.2661
7355.2939 0.2655
7356.9858 0.2646
7358.6826 0.2650
7360.3755 0.2658
7362.0728 0.2658
7363.7661 0.2650
7365.4604 0.2647
7367.1587 0.2650
7368.8535 0.2650
7370.5527 0.2648
7372.2485 0.2648
7373.9487 0.2648
7375.6450 0.2645
7377.3418 0.2644
7379.0430 0.2646
7380.7402 0.2648
7382.4424 0.2647
7384.1406 0.2641
7385.8433 0.2634
7387.5425 0.2621
7389.2422 0.2614
7390.9458 0.2618
7392.6465 0.2627
7394.3511 0.2629
7396.0522 0.2627
7397.7573 0.2626
7399.4595 0.2627
7401.1616 0.2620
7402.8682 0.2612
7404.5713 0.2614
7406.2788 0.2609
7407.9824 0.2599
7409.6909 0.2595
7411.3955 0.2594
7413.1006 0.2593
7414.8101 0.2594
7416.5156 0.2582
7418.2261 0.2570
7419.9326 0.2579
7421.6436 0.2585
7423.3506 0.2568
7425.0586 0.2544
7426.7705 0.2552
7428.4795 0.2567
7430.1924 0.2574
7431.9014 0.2572
7433.6152 0.2567
7435.3257 0.2565
7437.0400 0.2570
7438.7510 0.2571
7440.4624 0.2576
7442.1777 0.2553
7443.8901 0.2519
7445.6064 0.2534
7447.3193 0.2568
7449.0366 0.2570
7450.7505 0.2553
7452.4644 0.2550
7454.1831 0.2566
7455.8979 0.2575
7457.6172 0.2576
7459.3325 0.2575
7461.0527 0.2576
7462.7690 0.2547
7464.4858 0.2515
7466.2070 0.2540
7467.9248 0.2544
7469.6470 0.2490
7471.3652 0.2498
7473.0884 0.2538
7474.8076 0.2557
7476.5269 0.2557
7478.2510 0.2554
7479.9712 0.2543
7481.6963 0.2535
7483.4175 0.2535
7485.1431 0.2541
7486.8652 0.2544
7488.5874 0.2551
7490.3145 0.2550
7492.0371 0.2549
7493.7651 0.2545
7495.4888 0.2533
7497.2173 0.2519
7498.9419 0.2526
7500.6670 0.2536
7502.3970 0.2540
7504.1226 0.2538
7505.8530 0.2533
7507.5801 0.2526
7509.3110 0.2524
7511.0386 0.2518
7512.7666 0.2504
7514.4990 0.2498
7516.2275 0.2498
7517.9609 0.2498
7519.6904 0.2513
7521.4243 0.2519
7523.1548 0.2509
7524.8853 0.2496
7526.6206 0.2493
7528.3521 0.2504
7530.0884 0.2507
7531.8203 0.2505
7533.5571 0.2495
7535.2905 0.2489
7537.0239 0.2493
7538.7617 0.2499
7540.4961 0.2498
7542.2349 0.2496
7543.9702 0.2493
7545.7095 0.2492
7547.4453 0.2491
7549.1816 0.2488
7550.9229 0.2488
7552.6597 0.2488
7554.4014 0.2487
7556.1392 0.2478
7557.8818 0.2470
7559.6201 0.2477
7561.3594 0.2474
7563.1030 0.2469
7564.8428 0.2467
7566.5874 0.2466
7568.3281 0.2464
7570.0732 0.2460
7571.8149 0.2457
7573.5610 0.2461
7575.3032 0.2455
7577.0459 0.2449
7578.7930 0.2453
7580.5366 0.2455
7582.2847 0.2452
7584.0288 0.2448
7585.7778 0.2438
7587.5229 0.2434
7589.2686 0.2440
7591.0186 0.2446
7592.7646 0.2446
7594.5156 0.2444
7596.2627 0.2441
7598.0142 0.2439
7599.7622 0.2439
7601.5107 0.2437
7603.2637 0.2431
7605.0127 0.2429
7606.7661 0.2430
7608.5161 0.2431
7610.2710 0.2430
7612.0215 0.2426
7613.7725 0.2422
7615.5283 0.2418
7617.2803 0.2401
7619.0366 0.2384
7620.7896 0.2380
7622.5469 0.2388
7624.3003 0.2398
7626.0542 0.2402
7627.8130 0.2403
7629.5679 0.2402
7631.3271 0.2401
7633.0825 0.2401
7634.8428 0.2400
7636.5991 0.2397
7638.3560 0.2397
7640.1172 0.2395
7641.8750 0.2392
7643.6372 0.2392
7645.3955 0.2392
7647.1587 0.2391
7648.9180 0.2390
7650.6772 0.2389
7652.4419 0.2388
7654.2021 0.2384
7655.9673 0.2371
7657.7285 0.2359
7659.4941 0.2345
7661.2563 0.2340
7663.0186 0.2344
7664.7856 0.2339
7666.5493 0.2324
7668.3169 0.2348
7670.0811 0.2366
7671.8496 0.2367
7673.6147 0.2366
7675.3799 0.2367
7677.1499 0.2365
7678.9160 0.2367
7680.6870 0.2355
7682.4536 0.2347
7684.2251 0.2353
7685.9932 0.2354
7687.7612 0.2344
7689.5342 0.2348
7691.3027 0.2350
7693.0767 0.2348
7694.8462 0.2347
7696.6206 0.2347
7698.3911 0.2339
7700.1621 0.2323
7701.9380 0.2326
7703.7100 0.2338
7705.4863 0.2342
7707.2588 0.2339
7709.0361 0.2336
7710.8096 0.2328
7712.5879 0.2299
7714.3618 0.2290
7716.1367 0.2309
7717.9160 0.2316
7719.6914 0.2311
7721.4717 0.2303
7723.2480 0.2294
7725.0288 0.2287
7726.8062 0.2285
7728.5835 0.2282
7730.3657 0.2283
7732.1440 0.2292
7733.9272 0.2296
7735.7065 0.2295
7737.4902 0.2296
7739.2700 0.2296
7741.0508 0.2296
7742.8354 0.2292
7744.6167 0.2287
7746.4028 0.2285
7748.1851 0.2281
7749.9717 0.2272
7751.7544 0.2276
7753.5376 0.2288
7755.3257 0.2293
7757.1099 0.2292
7758.8984 0.2291
7760.6836 0.2291
7762.4731 0.2288
7764.2588 0.2286
7766.0449 0.2288
7767.8359 0.2288
7769.6226 0.2285
7771.4146 0.2249
7773.2021 0.2101
7774.9946 0.1961
7776.7832 0.1948
7778.5723 0.2092
7780.3662 0.2256
7782.1558 0.2272
7783.9507 0.2282
7785.7412 0.2284
7787.5366 0.2283
7789.3281 0.2282
7791.1201 0.2283
7792.9165 0.2286
7794.7095 0.2287
7796.5068 0.2281
7798.3003 0.2279
7800.0986 0.2280
7801.8931 0.2278
7803.6880 0.2275
7805.4873 0.2279
7807.2832 0.2278
7809.0835 0.2279
7810.8799 0.2280
7812.6812 0.2280
7814.4785 0.2281
7816.2759 0.2282
7818.0786 0.2281
7819.8770 0.2275
7821.6802 0.2273
7823.4795 0.2275
7825.2837 0.2273
7827.0840 0.2270
7828.8843 0.2264
7830.6899 0.2251
7832.4912 0.2244
7834.2974 0.2246
7836.0996 0.2248
7837.9067 0.2256
7839.7100 0.2259
7841.5132 0.2255
7843.3213 0.2249
7845.1260 0.2249
7846.9351 0.2250
7848.7402 0.2249
7850.5498 0.2244
7852.3560 0.2242
7854.1665 0.2244
7855.9736 0.2245
7857.7808 0.2238
7859.5928 0.2236
7861.4009 0.2235
7863.2139 0.2233
7865.0225 0.2230
7866.8364 0.2227
7868.6460 0.2223
7870.4561 0.2225
7872.2710 0.2225
7874.0820 0.2226
7875.8979 0.2220
7877.7100 0.2195
7879.5264 0.2168
7881.3389 0.2205
7883.1519 0.2216
7884.9697 0.2215
7886.7837 0.2214
7888.6025 0.2210
7890.4175 0.2203
7892.2368 0.2205
7894.0522 0.2203
7895.8687 0.2166
7897.6890 0.2117
7899.5059 0.2118
7901.3276 0.2188
7903.1455 0.2197
7904.9678 0.2179
7906.7861 0.2186
7908.6055 0.2203
7910.4292 0.2199
7912.2485 0.2176
7914.0732 0.2176
7915.8940 0.2189
7917.7192 0.2188
7919.5405 0.2179
7921.3628 0.2174
7923.1895 0.2168
7925.0122 0.2156
7926.8394 0.2161
7928.6631 0.2169
7930.4912 0.2162
7932.3159 0.2150
7934.1406 0.2158
7935.9702 0.2170
7937.7959 0.2174
7939.6265 0.2178
7941.4526 0.2182
7943.2842 0.2179
7945.1113 0.2166
7946.9390 0.2160
7948.7720 0.2153
7950.6006 0.2149
7952.4336 0.2148
7954.2632 0.2150
7956.0977 0.2160
7957.9277 0.2165
7959.7583 0.2166
7961.5938 0.2151
7963.4253 0.2133
7965.2617 0.2126
7967.0942 0.2134
7968.9316 0.2153
7970.7646 0.2152
7972.5981 0.2150
7974.4370 0.2151
7976.2715 0.2148
7978.1108 0.2142
7979.9458 0.2143
7981.7861 0.2146
7983.6226 0.2146
7985.4590 0.2145
7987.3003 0.2141
7989.1377 0.2137
7990.9800 0.2146
7992.8184 0.2150
7994.6616 0.2145
7996.5005 0.2142
7998.3447 0.2142
8000.1846 0.2133
8002.0249 0.2117
8003.8706 0.2108
8005.7114 0.2116
8007.5576 0.2123
8009.3999 0.2113
8011.2471 0.2102
8013.0898 0.2123
8014.9331 0.2122
8016.7812 0.2113
8018.6255 0.2119
8020.4746 0.2132
8022.3198 0.2127
8024.1699 0.2119
8026.0156 0.2104
8027.8623 0.2100
8029.7134 0.2102
8031.5605 0.2105
8033.4126 0.2107
8035.2607 0.2114
8037.1138 0.2106
8038.9624 0.2102
8040.8120 0.2105
8042.6660 0.2107
8044.5161 0.2103
8046.3711 0.2090
8048.2222 0.2081
8050.0781 0.2088
8051.9302 0.2099
8053.7827 0.2103
8055.6396 0.2102
8057.4927 0.2098
8059.3511 0.2096
8061.2051 0.2094
8063.0640 0.2094
8064.9189 0.2094
8066.7739 0.2092
8068.6343 0.2091
8070.4902 0.2088
8072.3516 0.2081
8074.2085 0.2080
8076.0703 0.2086
8077.9282 0.2087
8079.7866 0.2085
8081.6499 0.2078
8083.5088 0.2077
8085.3730 0.2069
8087.2329 0.2059
8089.0981 0.2065
8090.9590 0.2071
8092.8203 0.2068
8094.6865 0.2064
8096.5483 0.2063
8098.4155 0.2061
8100.2788 0.2054
8102.1465 0.2058
8104.0103 0.2063
8105.8745 0.2064
8107.7441 0.2062
8109.6089 0.2062
8111.4790 0.2060
8113.3452 0.2059
8115.2163 0.2058
8117.0830 0.2056
8118.9502 0.2055
8120.8228 0.2055
8122.6909 0.2054
8124.5640 0.2053
8126.4326 0.2051
8128.3066 0.2050
8130.1768 0.2049
8132.0513 0.2047
8133.9224 0.2045
8135.7935 0.2043
8137.6694 0.2043
8139.5415 0.2042
8141.4185 0.2040
8143.2915 0.2039
8145.1694 0.2038
8147.0430 0.2037
8148.9175 0.2037
8150.7964 0.2034
8152.6714 0.2032
8154.5513 0.2032
8156.4272 0.2031
8158.3081 0.2029
8160.1851 0.2028
8162.0625 0.2025
8163.9443 0.2021
8165.8228 0.2020
8167.7056 0.2022
8169.5845 0.2021
8171.4683 0.2021
8173.3481 0.2020
8175.2285 0.2018
8177.1138 0.2017
8178.9951 0.2015
8180.8809 0.2013
8182.7632 0.2009
8184.6499 0.1983
8186.5327 0.1975
8188.4160 0.1992
8190.3042 0.1995
8192.1885 0.2002
8194.0771 0.2003
8195.9629 0.1975
8197.8525 0.1966
8199.7383 0.1987
8201.6250 0.1981
8203.5156 0.1962
8205.4033 0.1976
8207.2959 0.1990
8209.1836 0.1990
8211.0762 0.1985
8212.9658 0.1983
8214.8545 0.1977
8216.7490 0.1964
8218.6396 0.1965
8220.5342 0.1963
8222.4258 0.1952
8224.3223 0.1953
8226.2139 0.1970
8228.1064 0.1978
8230.0039 0.1973
8231.8965 0.1958
8233.7949 0.1948
8235.6895 0.1951
8237.5889 0.1954
8239.4834 0.1964
8241.3789 0.1967
8243.2793 0.1960
8245.1758 0.1958
8247.0771 0.1963
8248.9746 0.1949
8250.8770 0.1920
8252.7744 0.1939
8254.6729 0.1956
8256.5771 0.1943
8258.4766 0.1949
8260.3809 0.1955
8262.2812 0.1958
8264.1865 0.1958
8266.0869 0.1956
8267.9893 0.1956
8269.8955 0.1958
8271.7979 0.1957
8273.7051 0.1955
8275.6084 0.1953
8277.5166 0.1949
8279.4209 0.1947
8281.3301 0.1949
8283.2354 0.1945
8285.1416 0.1943
8287.0518 0.1939
8288.9580 0.1933
8290.8691 0.1933
8292.7773 0.1938
8294.6895 0.1931
8296.5977 0.1935
8298.5059 0.1934
8300.4199 0.1928
8302.3291 0.1930
8304.2432 0.1943
8306.1543 0.1931
8308.0693 0.1907
8309.9805 0.1921
8311.8926 0.1946
8313.8086 0.1933
8315.7217 0.1890
8317.6396 0.1892
8319.5527 0.1932
8321.4707 0.1946
8323.3857 0.1908
8325.2998 0.1863
8327.2197 0.1881
8329.1357 0.1931
8331.0566 0.1945
8332.9727 0.1911
8334.8945 0.1836
8336.8115 0.1800
8338.7295 0.1881
8340.6523 0.1943
8342.5713 0.1946
8344.4951 0.1903
8346.4150 0.1829
8348.3398 0.1796
8350.2598 0.1875
8352.1807 0.1932
8354.1074 0.1949
8356.0293 0.1940
8357.9561 0.1883
8359.8789 0.1793
8361.8066 0.1763
8363.7295 0.1847
8365.6543 0.1918
8367.5830 0.1947
8369.5078 0.1947
8371.4375 0.1922
8373.3643 0.1858
8375.2949 0.1752
8377.2217 0.1720
8379.1484 0.1805
8381.0811 0.1898
8383.0088 0.1930
8384.9424 0.1945
8386.8711 0.1936
8388.8047 0.1903
8390.7344 0.1844
8392.6650 0.1742
8394.6006 0.1667
8396.5312 0.1732
8398.4678 0.1823
8400.3994 0.1884
8402.3369 0.1918
8404.2695 0.1937
8406.2031 0.1934
8408.1416 0.1893
8410.0762 0.1840
8412.0156 0.1766
8413.9502 0.1656
8415.8906 0.1622
8417.8271 0.1708
8419.7637 0.1802
8421.7051 0.1857
8423.6426 0.1900
8425.5850 0.1921
8427.5234 0.1927
8429.4668 0.1922
8431.4053 0.1900
8433.3496 0.1859
8435.2900 0.1813
8437.2305 0.1724
8439.1758 0.1611
8441.1172 0.1577
8443.0645 0.1701
8445.0059 0.1789
8446.9541 0.1681
8448.8965 0.1605
8450.8408 0.1721
8452.7891 0.1895
8454.7344 0.1880
8456.6836 0.1892
8458.6289 0.1885
8460.5791 0.1866
8462.5254 0.1831
8464.4727 0.1772
8466.4248 0.1688
8468.3721 0.1567
8470.3252 0.1556
8472.2734 0.1665
8474.2275 0.1774
8476.1768 0.1823
8478.1270 0.1853
8480.0820 0.1866
8482.0322 0.1867
8483.9883 0.1868
8485.9404 0.1870
8487.8975 0.1864
8489.8496 0.1852
8491.8027 0.1839
8493.7607 0.1826
8495.7148 0.1831
8497.6738 0.1741
8499.6289 0.1566
8501.5889 0.1496
8503.5449 0.1496
8505.5010 0.1503
8507.4619 0.1608
8509.4199 0.1719
8511.3818 0.1761
8513.3398 0.1797
8515.3027 0.1796
8517.2617 0.1811
8519.2217 0.1835
8521.1855 0.1842
8523.1465 0.1832
8525.1113 0.1832
8527.0723 0.1834
8529.0391 0.1839
8531.0010 0.1838
8532.9639 0.1832
8534.9316 0.1823
8536.8945 0.1808
8538.8633 0.1773
8540.8281 0.1731
8542.7969 0.1518
8544.7627 0.1336
8546.7285 0.1358
8548.6992 0.1468
8550.6660 0.1600
8552.6377 0.1691
8554.6045 0.1739
8556.5771 0.1758
8558.5459 0.1767
8560.5146 0.1781
8562.4893 0.1789
8564.4590 0.1794
8566.4336 0.1797
8568.4043 0.1785
8570.3799 0.1770
8572.3516 0.1785
8574.3242 0.1785
8576.3008 0.1784
8578.2744 0.1783
8580.2520 0.1783
8582.2256 0.1783
8584.2051 0.1782
8586.1797 0.1772
8588.1602 0.1759
8590.1357 0.1753
8592.1113 0.1738
8594.0928 0.1690
8596.0703 0.1616
8598.0527 0.1533
8600.0303 0.1425
8602.0137 0.1457
8603.9922 0.1579
8605.9717 0.1672
8607.9561 0.1715
8609.9365 0.1736
8611.9219 0.1748
8613.9033 0.1753
8615.8896 0.1757
8617.8711 0.1759
8619.8535 0.1751
8621.8418 0.1738
8623.8252 0.1738
8625.8135 0.1751
8627.7979 0.1754
8629.7881 0.1729
8631.7725 0.1696
8633.7588 0.1736
8635.7500 0.1753
8637.7363 0.1754
8639.7285 0.1752
8641.7158 0.1749
8643.7080 0.1747
8645.6973 0.1743
8647.6855 0.1739
8649.6797 0.1735
8651.6699 0.1733
8653.6650 0.1730
8655.6553 0.1719
8657.6514 0.1689
8659.6436 0.1686
8661.6357 0.1598
8663.6328 0.1406
8665.6260 0.1263
8667.6240 0.1347
8669.6182 0.1490
8671.6172 0.1602
8673.6123 0.1663
8675.6074 0.1694
8677.6084 0.1718
8679.6045 0.1713
8681.6055 0.1625
8683.6025 0.1593
8685.6055 0.1607
8687.6035 0.1640
8689.6025 0.1683
8691.6055 0.1727
8693.6055 0.1745
8695.6104 0.1739
8697.6104 0.1733
8699.6162 0.1739
8701.6172 0.1741
8703.6191 0.1712
8705.6260 0.1674
8707.6289 0.1708
8709.6367 0.1740
8711.6406 0.1714
8713.6494 0.1672
8715.6543 0.1700
8717.6592 0.1736
8719.6699 0.1696
8721.6758 0.1680
8723.6865 0.1706
8725.6934 0.1729
8727.7061 0.1721
8729.7129 0.1707
8731.7217 0.1697
8733.7354 0.1707
8735.7441 0.1714
8737.7588 0.1703
8739.7686 0.1698
8741.7842 0.1687
8743.7949 0.1672
8745.8115 0.1647
8747.8232 0.1600
8749.8359 0.1502
8751.8535 0.1368
8753.8672 0.1369
8755.8857 0.1503
8757.9004 0.1600
8759.9199 0.1643
8761.9346 0.1676
8763.9502 0.1686
8765.9717 0.1686
8767.9883 0.1693
8770.0098 0.1697
8772.0273 0.1696
8774.0498 0.1696
8776.0684 0.1694
8778.0879 0.1698
8780.1113 0.1697
8782.1318 0.1691
8784.1562 0.1689
8786.1777 0.1692
8788.2031 0.1692
8790.2256 0.1690
8792.2471 0.1691
8794.2754 0.1691
8796.2979 0.1690
8798.3262 0.1690
8800.3506 0.1689
8802.3799 0.1683
8804.4053 0.1685
8806.4307 0.1669
8808.4609 0.1647
8810.4873 0.1645
8812.5195 0.1664
8814.5459 0.1660
8816.5791 0.1658
8818.6074 0.1665
8820.6357 0.1661
8822.6699 0.1645
8824.6992 0.1644
8826.7344 0.1648
8828.7646 0.1656
8830.8008 0.1658
8832.8330 0.1653
8834.8643 0.1645
8836.9014 0.1644
8838.9346 0.1640
8840.9727 0.1635
8843.0068 0.1634
8845.0459 0.1633
8847.0811 0.1627
8849.1162 0.1617
8851.1562 0.1607
8853.1924 0.1597
8855.2344 0.1577
8857.2715 0.1552
8859.3145 0.1519
8861.3516 0.1457
8863.3906 0.1360
8865.4346 0.1310
8867.4736 0.1374
8869.5186 0.1464
8871.5596 0.1506
8873.6045 0.1538
8875.6465 0.1543
8877.6885 0.1559
8879.7354 0.1575
8881.7783 0.1579
8883.8262 0.1573
8885.8701 0.1577
8887.9189 0.1591
8889.9639 0.1602
8892.0088 0.1605
8894.0596 0.1602
8896.1055 0.1602
8898.1562 0.1611
8900.2041 0.1612
8902.2559 0.1613
8904.3037 0.1617
8906.3574 0.1619
8908.4062 0.1618
8910.4561 0.1618
8912.5107 0.1600
8914.5605 0.1572
8916.6162 0.1595
8918.6680 0.1621
8920.7246 0.1611
8922.7764 0.1608
8924.8291 0.1608
8926.8867 0.1598
8928.9404 0.1563
8931.0000 0.1560
8933.0547 0.1602
8935.1143 0.1609
8937.1699 0.1609
8939.2256 0.1608
8941.2871 0.1607
8943.3438 0.1605
8945.4062 0.1599
8947.4639 0.1588
8949.5273 0.1589
8951.5859 0.1590
8953.6455 0.1594
8955.7100 0.1596
8957.7705 0.1594
8959.8359 0.1592
8961.8975 0.1589
8963.9639 0.1588
8966.0264 0.1580
8968.0889 0.1569
8970.1572 0.1566
8972.2207 0.1570
8974.2891 0.1569
8976.3535 0.1565
8978.4238 0.1553
8980.4893 0.1546
8982.5557 0.1550
8984.6270 0.1552
8986.6934 0.1547
8988.7656 0.1542
8990.8340 0.1536
8992.9072 0.1528
8994.9756 0.1521
8997.0449 0.1513
8999.1201 0.1501
9001.1904 0.1478
9003.2656 0.1467
9005.3369 0.1462
9007.4131 0.1444
9009.4854 0.1415
9011.5586 0.1377
9013.6357 0.1334
9015.7100 0.1260
9017.7891 0.1230
9019.8633 0.1284
9021.9434 0.1347
9024.0186 0.1382
9026.0947 0.1411
9028.1758 0.1433
9030.2529 0.1448
9032.3350 0.1460
9034.4131 0.1471
9036.4971 0.1476
9038.5752 0.1474
9040.6543 0.1482
9042.7393 0.1494
9044.8193 0.1498
9046.9053 0.1500
9048.9863 0.1502
9051.0732 0.1503
9053.1553 0.1503
9055.2383 0.1505
9057.3262 0.1510
9059.4102 0.1509
9061.4990 0.1493
9063.5840 0.1410
9065.6738 0.1427
9067.7588 0.1495
9069.8506 0.1513
9071.9365 0.1509
9074.0234 0.1506
9076.1162 0.1511
9078.2041 0.1487
9080.2979 0.1456
9082.3867 0.1461
9084.4805 0.1501
9086.5703 0.1506
9088.6611 0.1483
9090.7568 0.1440
9092.8486 0.1451
9094.9453 0.1484
9097.0371 0.1419
9099.1348 0.1458
9101.2285 0.1487
9103.3223 0.1491
9105.4209 0.1489
9107.5156 0.1488
9109.6162 0.1487
9111.7119 0.1477
9113.8125 0.1427
9115.9092 0.1445
9118.0068 0.1481
9120.1094 0.1474
9122.2070 0.1474
9124.3105 0.1473
9126.4102 0.1470
9128.5146 0.1469
9130.6143 0.1471
9132.7148 0.1472
9134.8213 0.1468
9136.9219 0.1470
9139.0293 0.1469
9141.1318 0.1468
9143.2393 0.1467
9145.3428 0.1465
9147.4473 0.1461
9149.5566 0.1453
9151.6611 0.1456
9153.7715 0.1458
9155.8770 0.1455
9157.9883 0.1452
9160.0957 0.1452
9162.2031 0.1451
9164.3154 0.1448
9166.4238 0.1443
9168.5371 0.1442
9170.6465 0.1442
9172.7617 0.1438
9174.8711 0.1434
9176.9824 0.1424
9179.0986 0.1417
9181.2100 0.1419
9183.3271 0.1418
9185.4395 0.1406
9187.5576 0.1413
9189.6719 0.1411
9191.7852 0.1410
9193.9053 0.1409
9196.0205 0.1405
9198.1406 0.1400
9200.2568 0.1392
9202.3789 0.1387
9204.4951 0.1378
9206.6133 0.1368
9208.7363 0.1363
9210.8545 0.1354
9212.9785 0.1334
9215.0977 0.1300
9217.2227 0.1300
9219.3428 0.1294
9221.4639 0.1262
9223.5908 0.1262
9225.7129 0.1232
9227.8398 0.1184
9229.9629 0.1103
9232.0908 0.1076
9234.2148 0.1142
9236.3447 0.1202
9238.4688 0.1224
9240.5947 0.1238
9242.7256 0.1274
9244.8516 0.1290
9246.9834 0.1278
9249.1104 0.1305
9251.2432 0.1323
9253.3721 0.1328
9255.5010 0.1320
9257.6348 0.1314
9259.7646 0.1319
9261.8994 0.1319
9264.0303 0.1296
9266.1670 0.1300
9268.2988 0.1312
9270.4307 0.1332
9272.5684 0.1355
9274.7012 0.1353
9276.8398 0.1355
9278.9746 0.1355
9281.1143 0.1355
9283.2490 0.1355
9285.3848 0.1354
9287.5264 0.1354
9289.6621 0.1353
9291.8047 0.1349
9293.9424 0.1349
9296.0850 0.1349
9298.2236 0.1347
9300.3633 0.1347
9302.5078 0.1348
9304.6475 0.1346
9306.7930 0.1344
9308.9346 0.1343
9311.0811 0.1343
9313.2227 0.1340
9315.3652 0.1340
9317.5137 0.1340
9319.6572 0.1332
9321.8057 0.1327
9323.9502 0.1332
9326.1006 0.1333
9328.2461 0.1331
9330.3916 0.1330
9332.5439 0.1331
9334.6904 0.1330
9336.8428 0.1327
9338.9912 0.1327
9341.1445 0.1326
9343.2939 0.1324
9345.4434 0.1320
9347.5977 0.1319
9349.7480 0.1319
9351.9043 0.1312
9354.0557 0.1310
9356.2129 0.1313
9358.3652 0.1313
9360.5186 0.1310
9362.6768 0.1308
9364.8301 0.1307
9366.9902 0.1307
9369.1445 0.1306
9371.3057 0.1305
9373.4609 0.1302
9375.6172 0.1297
9377.7793 0.1299
9379.9365 0.1298
9382.0996 0.1295
9384.2578 0.1295
9386.4219 0.1292
9388.5820 0.1281
9390.7461 0.1280
9392.9072 0.1284
9395.0674 0.1270
9397.2344 0.1274
9399.3965 0.1285
9401.5635 0.1280
9403.7266 0.1272
9405.8945 0.1258
9408.0586 0.1205
9410.2227 0.1230
9412.3926 0.1269
9414.5586 0.1233
9416.7295 0.1191
9418.8955 0.1239
9421.0674 0.1264
9423.2344 0.1251
9425.4023 0.1246
9427.5762 0.1261
9429.7451 0.1258
9431.9189 0.1251
9434.0889 0.1246
9436.2646 0.1247
9438.4355 0.1234
9440.6064 0.1215
9442.7832 0.1236
9444.9561 0.1241
9447.1338 0.1231
9449.3076 0.1233
9451.4863 0.1241
9453.6602 0.1241
9455.8350 0.1237
9458.0156 0.1235
9460.1914 0.1236
9462.3730 0.1233
9464.5498 0.1228
9466.7324 0.1226
9468.9102 0.1227
9471.0889 0.1227
9473.2725 0.1225
9475.4521 0.1223
9477.6367 0.1221
9479.8174 0.1220
9482.0029 0.1218
9484.1846 0.1214
9486.3662 0.1211
9488.5537 0.1210
9490.7363 0.1208
9492.9258 0.1205
9495.1094 0.1202
9497.2988 0.1198
9499.4834 0.1195
9501.6689 0.1192
9503.8604 0.1190
9506.0459 0.1184
9508.2383 0.1176
9510.4258 0.1177
9512.6191 0.1175
9514.8076 0.1171
9516.9961 0.1166
9519.1904 0.1161
9521.3809 0.1155
9523.5762 0.1148
9525.7666 0.1141
9527.9639 0.1132
9530.1553 0.1122
9532.3477 0.1111
9534.5459 0.1098
9536.7393 0.1082
9538.9385 0.1064
9541.1328 0.1039
9543.3330 0.1006
9545.5283 0.0954
9547.7246 0.0883
9549.9268 0.0892
9552.1230 0.0955
9554.3262 0.1004
9556.5234 0.1031
9558.7275 0.1053
9560.9268 0.1067
9563.1309 0.1079
9565.3311 0.1087
9567.5322 0.1096
9569.7383 0.1101
9571.9395 0.1101
9574.1465 0.1104
9576.3496 0.1110
9578.5576 0.1115
9580.7607 0.1119
9582.9648 0.1121
9585.1748 0.1122
9587.3799 0.1122
9589.5908 0.1123
9591.7969 0.1124
9594.0088 0.1122
9596.2158 0.1119
9598.4238 0.1121
9600.6367 0.1122
9602.8457 0.1116
9605.0596 0.1086
9607.2695 0.1092
9609.4854 0.1114
9611.6953 0.1116
9613.9062 0.1120
9616.1240 0.1116
9618.3359 0.1122
9620.5537 0.1103
9622.7666 0.1076
9624.9863 0.1080
9627.2002 0.1107
9629.4150 0.1098
9631.6357 0.1104
9633.8516 0.1091
9636.0723 0.1079
9638.2891 0.1094
9640.5117 0.1101
9642.7295 0.1102
9644.9482 0.1100
9647.1719 0.1102
9649.3916 0.1094
9651.6172 0.1074
9653.8369 0.1075
9656.0635 0.1089
9658.2842 0.1077
9660.5068 0.1045
9662.7344 0.1050
9664.9570 0.1089
9667.1855 0.1082
9669.4102 0.1085
9671.6396 0.1082
9673.8643 0.1069
9676.0898 0.1065
9678.3213 0.1071
9680.5479 0.1064
9682.7803 0.1049
9685.0078 0.1059
9687.2412 0.1066
9689.4697 0.1063
9691.6982 0.1057
9693.9336 0.1047
9696.1631 0.1049
9698.3994 0.1056
9700.6299 0.1059
9702.8672 0.1059
9705.0996 0.1059
9707.3320 0.1057
9709.5703 0.1056
9711.8047 0.1055
9714.0439 0.1054
9716.2783 0.1052
9718.5186 0.1051
9720.7549 0.1049
9722.9912 0.1047
9725.2334 0.1042
9727.4707 0.1040
9729.7139 0.1041
9731.9521 0.1040
9734.1963 0.1038
9736.4355 0.1036
9738.6807 0.1020
9740.9209 0.1002
9743.1621 0.1005
9745.4082 0.1024
9747.6504 0.1025
9749.8984 0.1020
9752.1416 0.1022
9754.3896 0.1023
9756.6338 0.1022
9758.8789 0.1021
9761.1289 0.1018
9763.3740 0.1016
9765.6260 0.1008
9767.8721 0.1008
9770.1250 0.1011
9772.3721 0.1009
9774.6201 0.1009
9776.8750 0.1008
9779.1240 0.1006
9781.3789 0.1005
9783.6289 0.1003
9785.8848 0.0999
9788.1367 0.0996
9790.3877 0.0993
9792.6455 0.0993
9794.8984 0.0994
9797.1572 0.0991
9799.4111 0.0985
9801.6709 0.0982
9803.9258 0.0982
9806.1807 0.0985
9808.4424 0.0985
9810.6982 0.0982
9812.9609 0.0979
9815.2188 0.0977
9817.4814 0.0977
9819.7402 0.0977
9821.9990 0.0972
9824.2646 0.0968
9826.5244 0.0967
9828.7900 0.0964
9831.0518 0.0964
9833.3184 0.0964
9835.5801 0.0961
9837.8428 0.0958
9840.1113 0.0959
9842.3750 0.0957
9844.6455 0.0953
9846.9102 0.0954
9849.1807 0.0954
9851.4463 0.0951
9853.7129 0.0944
9855.9844 0.0930
9858.2520 0.0929
9860.5254 0.0929
9862.7939 0.0924
9865.0684 0.0927
9867.3379 0.0937
9869.6074 0.0938
9871.8838 0.0936
9874.1543 0.0933
9876.4316 0.0932
9878.7031 0.0931
9880.9814 0.0930
9883.2549 0.0928
9885.5283 0.0924
9887.8076 0.0926
9890.0830 0.0912
9892.3633 0.0889
9894.6387 0.0887
9896.9209 0.0913
9899.1973 0.0914
9901.4746 0.0903
9903.7578 0.0904
9906.0361 0.0910
9908.3203 0.0906
9910.5996 0.0905
9912.8857 0.0901
9915.1660 0.0892
9917.4521 0.0884
9919.7334 0.0888
9922.0156 0.0899
9924.3037 0.0897
9926.5869 0.0893
9928.8760 0.0896
9931.1602 0.0883
9933.4502 0.0865
9935.7354 0.0868
9938.0205 0.0886
9940.3125 0.0885
9942.5996 0.0873
9944.8926 0.0870
9947.1797 0.0875
9949.4736 0.0876
9951.7627 0.0871
9954.0518 0.0868
9956.3477 0.0869
9958.6377 0.0867
9960.9346 0.0863
9963.2256 0.0862
9965.5234 0.0860
9967.8154 0.0861
9970.1094 0.0859
9972.4082 0.0856
9974.7021 0.0854
9977.0020 0.0853
9979.2979 0.0849
9981.5986 0.0848
9983.8945 0.0845
9986.1914 0.0843
9988.4941 0.0840
9990.7920 0.0838
9993.0967 0.0837
9995.3955 0.0832
9997.7002 0.0826
10000.0000 0.0818
10002.3057 0.0818
10004.6016 0.0823
10006.9082 0.0819
10009.2158 0.0817
10011.5244 0.0813
10013.8223 0.0809
10016.1309 0.0806
10018.4404 0.0801
10020.7402 0.0795
10023.0508 0.0791
10025.3623 0.0785
10027.6738 0.0777
10029.9756 0.0769
10032.2881 0.0762
10034.6016 0.0752
10036.9043 0.0742
10039.2188 0.0730
10041.5342 0.0714
10043.8496 0.0693
10046.1543 0.0666
10048.4707 0.0626
10050.7881 0.0560
10053.0947 0.0552
10055.4131 0.0602
10057.7324 0.0654
10060.0508 0.0673
10062.3604 0.0694
10064.6807 0.0707
10067.0010 0.0717
10069.3115 0.0724
10071.6338 0.0729
10073.9561 0.0736
10076.2793 0.0741
10078.5918 0.0743
10080.9160 0.0745
10083.2402 0.0747
10085.5547 0.0748
10087.8799 0.0748
10090.2061 0.0751
10092.5332 0.0751
10094.8496 0.0752
10097.1777 0.0752
10099.5059 0.0751
10101.8232 0.0751
10104.1533 0.0750
10106.4834 0.0747
10108.8135 0.0744
10111.1338 0.0743
10113.4648 0.0740
10115.7969 0.0735
10118.1191 0.0736
10120.4521 0.0741
10122.7861 0.0743
10125.1201 0.0719
10127.4434 0.0708
10129.7793 0.0732
10132.1152 0.0736
10134.4404 0.0735
10136.7773 0.0734
10139.1152 0.0733
10141.4531 0.0731
10143.7803 0.0730
10146.1191 0.0725
10148.4590 0.0716
10150.7881 0.0720
10153.1289 0.0724
10155.4707 0.0721
10157.8125 0.0718
10160.1436 0.0717
10162.4863 0.0718
10164.8301 0.0708
10167.1621 0.0701
10169.5068 0.0706
10171.8525 0.0712
10174.1973 0.0707
10176.5322 0.0705
10178.8789 0.0703
10181.2266 0.0705
10183.5742 0.0699
10185.9111 0.0684
10188.2607 0.0687
10190.6094 0.0695
10192.9482 0.0694
10195.2988 0.0691
10197.6504 0.0691
10200.0020 0.0689
10202.3428 0.0687
10204.6953 0.0685
10207.0479 0.0684
10209.3906 0.0682
10211.7451 0.0680
10214.0996 0.0679
10216.4551 0.0676
10218.7998 0.0665
10221.1562 0.0668
10223.5137 0.0672
10225.8594 0.0670
10228.2178 0.0669
10230.5762 0.0667
10232.9355 0.0665
10235.2842 0.0664
10237.6436 0.0662
10240.0049 0.0658
10242.3545 0.0656
10244.7168 0.0657
10247.0791 0.0654
10249.4424 0.0652
10251.7939 0.0651
10254.1582 0.0650
10256.5234 0.0648
10258.8770 0.0646
10261.2422 0.0644
10263.6084 0.0643
10265.9756 0.0641
10268.3311 0.0639
10270.6992 0.0638
10273.0674 0.0636
10275.4258 0.0633
10277.7949 0.0630
10280.1650 0.0629
10282.5352 0.0629
10284.8955 0.0627
10287.2666 0.0625
10289.6396 0.0618
10292.0010 0.0610
10294.3740 0.0614
10296.7480 0.0620
10299.1221 0.0615
10301.4863 0.0614
10303.8613 0.0610
10306.2373 0.0609
10308.6025 0.0609
10310.9795 0.0607
10313.3574 0.0603
10315.7363 0.0599
10318.1035 0.0601
10320.4824 0.0600
10322.8623 0.0597
10325.2314 0.0596
10327.6123 0.0594
10329.9941 0.0592
10332.3760 0.0589
10334.7471 0.0584
10337.1309 0.0584
10339.5146 0.0586
10341.8877 0.0583
10344.2725 0.0578
10346.6572 0.0569
10349.0430 0.0573
10351.4189 0.0576
10353.8057 0.0573
10356.1934 0.0572
10358.5693 0.0570
