3588.3923 0.1113
3589.2200 0.1060
3590.0457 0.1033
3590.8735 0.1058
3591.6995 0.1109
3592.5259 0.1144
3593.3542 0.1145
3594.1809 0.1120
3595.0098 0.1090
3595.8367 0.1073
3596.6660 0.1065
3597.4934 0.1038
3598.3208 0.0969
3599.1506 0.0885
3599.9788 0.0846
3600.8088 0.0896
3601.6372 0.0992
3602.4678 0.1069
3603.2964 0.1090
3604.1252 0.1070
3604.9565 0.1042
3605.7859 0.1031
3606.6172 0.1036
3607.4470 0.1050
3608.2788 0.1064
3609.1089 0.1062
3609.9392 0.1038
3610.7717 0.1011
3611.6023 0.1019
3612.4351 0.1056
3613.2661 0.1083
3614.0994 0.1074
3614.9307 0.1012
3615.7625 0.0895
3616.5962 0.0764
3617.4282 0.0704
3618.2625 0.0759
3619.0947 0.0877
3619.9292 0.0986
3620.7620 0.1046
3621.5969 0.1064
3622.4302 0.1060
3623.2634 0.1056
3624.0989 0.1052
3624.9326 0.1030
3625.7686 0.0973
3626.6028 0.0884
3627.4390 0.0798
3628.2734 0.0757
3629.1082 0.0772
3629.9451 0.0814
3630.7800 0.0847
3631.6174 0.0870
3632.4529 0.0886
3633.2903 0.0889
3634.1262 0.0890
3634.9622 0.0894
3635.8005 0.0899
3636.6370 0.0891
3637.4756 0.0883
3638.3123 0.0900
3639.1514 0.0931
3639.9885 0.0953
3640.8259 0.0957
3641.6653 0.0952
3642.5032 0.0939
3643.3430 0.0918
3644.1812 0.0887
3645.0215 0.0857
3645.8601 0.0839
3646.6990 0.0836
3647.5398 0.0837
3648.3789 0.0843
3649.2202 0.0860
3650.0596 0.0883
3650.9014 0.0903
3651.7412 0.0925
3652.5813 0.0952
3653.4236 0.0975
3654.2642 0.0991
3655.1067 0.1006
3655.9475 0.1027
3656.7908 0.1051
3657.6318 0.1075
3658.4734 0.1089
3659.3169 0.1100
3660.1587 0.1113
3661.0029 0.1104
3661.8450 0.1031
3662.6895 0.0933
3663.5320 0.0881
3664.3748 0.0910
3665.2197 0.1040
3666.0630 0.1234
3666.9084 0.1363
3667.7520 0.1331
3668.5977 0.1227
3669.4417 0.1154
3670.2859 0.1091
3671.1321 0.0993
3671.9768 0.0965
3672.8235 0.1135
3673.6685 0.1500
3674.5156 0.1825
3675.3608 0.1889
3676.2063 0.1673
3677.0542 0.1451
3677.8999 0.1493
3678.7480 0.1804
3679.5945 0.2120
3680.4429 0.2191
3681.2896 0.1946
3682.1365 0.1571
3682.9856 0.1378
3683.8328 0.1580
3684.6824 0.2031
3685.5300 0.2439
3686.3799 0.2571
3687.2278 0.2402
3688.0781 0.1995
3688.9265 0.1525
3689.7751 0.1233
3690.6260 0.1240
3691.4751 0.1524
3692.3264 0.1981
3693.1758 0.2419
3694.0273 0.2587
3694.8772 0.2407
3695.7273 0.1973
3696.5793 0.1482
3697.4299 0.1154
3698.2825 0.1181
3699.1333 0.1544
3699.9863 0.1989
3700.8374 0.2393
3701.6887 0.2779
3702.5425 0.3105
3703.3943 0.3188
3704.2483 0.2936
3705.1003 0.2422
3705.9548 0.1816
3706.8074 0.1328
3707.6599 0.1157
3708.5149 0.1398
3709.3682 0.1931
3710.2234 0.2492
3711.0771 0.2862
3711.9329 0.2969
3712.7866 0.2955
3713.6409 0.3039
3714.4973 0.3237
3715.3518 0.3342
3716.2085 0.3192
3717.0635 0.2762
3717.9204 0.2134
3718.7759 0.1480
3719.6313 0.1039
3720.4890 0.0956
3721.3450 0.1167
3722.2031 0.1514
3723.0593 0.1964
3723.9180 0.2501
3724.7747 0.2978
3725.6316 0.3188
3726.4905 0.3128
3727.3479 0.2997
3728.2073 0.2987
3729.0649 0.3036
3729.9250 0.2956
3730.7830 0.2707
3731.6414 0.2385
3732.5017 0.2060
3733.3604 0.1636
3734.2214 0.1154
3735.0803 0.0846
3735.9417 0.0926
3736.8013 0.1390
3737.6609 0.2017
3738.5227 0.2517
3739.3828 0.2772
3740.2451 0.2869
3741.1055 0.2877
3741.9683 0.2731
3742.8291 0.2383
3743.6899 0.2009
3744.5532 0.1811
3745.4148 0.1799
3746.2786 0.1865
3747.1404 0.2007
3748.0044 0.2263
3748.8667 0.2527
3749.7290 0.2705
3750.5938 0.2793
3751.4565 0.2766
3752.3215 0.2611
3753.1848 0.2318
3754.0503 0.1868
3754.9138 0.1346
3755.7798 0.1025
3756.6438 0.1138
3757.5081 0.1610
3758.3745 0.2135
3759.2390 0.2496
3760.1060 0.2710
3760.9709 0.2887
3761.8381 0.3093
3762.7036 0.3293
3763.5693 0.3419
3764.4370 0.3486
3765.3032 0.3553
3766.1714 0.3601
3767.0378 0.3558
3767.9065 0.3452
3768.7732 0.3394
3769.6401 0.3445
3770.5095 0.3488
3771.3770 0.3412
3772.2466 0.3301
3773.1145 0.3262
3773.9844 0.3333
3774.8528 0.3458
3775.7209 0.3559
3776.5918 0.3577
3777.4604 0.3499
3778.3315 0.3318
3779.2009 0.3025
3780.0723 0.2621
3780.9419 0.2129
3781.8118 0.1571
3782.6838 0.1124
3783.5540 0.1017
3784.4265 0.1353
3785.2971 0.1939
3786.1699 0.2531
3787.0410 0.2993
3787.9121 0.3304
3788.7856 0.3482
3789.6572 0.3548
3790.5310 0.3543
3791.4031 0.3529
3792.2773 0.3555
3793.1499 0.3630
3794.0225 0.3720
3794.8972 0.3779
3795.7703 0.3770
3796.6455 0.3634
3797.5190 0.3309
3798.3948 0.2885
3799.2686 0.2577
3800.1426 0.2578
3801.0188 0.2849
3801.8933 0.3215
3802.7700 0.3482
3803.6448 0.3537
3804.5220 0.3397
3805.3972 0.3201
3806.2727 0.3135
3807.1504 0.3228
3808.0261 0.3299
3808.9043 0.3164
3809.7805 0.2889
3810.6589 0.2701
3811.5356 0.2702
3812.4126 0.2797
3813.2917 0.2882
3814.1689 0.2942
3815.0483 0.2965
3815.9260 0.2879
3816.8059 0.2593
3817.6841 0.2152
3818.5623 0.1673
3819.4429 0.1215
3820.3215 0.0930
3821.2024 0.0994
3822.0815 0.1371
3822.9629 0.1831
3823.8423 0.2243
3824.7241 0.2565
3825.6040 0.2819
3826.4841 0.3049
3827.3665 0.3265
3828.2468 0.3397
3829.1296 0.3443
3830.0105 0.3465
3830.8938 0.3511
3831.7751 0.3567
3832.6565 0.3569
3833.5403 0.3487
3834.4224 0.3378
3835.3064 0.3383
3836.1887 0.3511
3837.0735 0.3624
3837.9561 0.3602
3838.8391 0.3496
3839.7244 0.3350
3840.6077 0.3198
3841.4932 0.3158
3842.3770 0.3298
3843.2629 0.3421
3844.1472 0.3402
3845.0315 0.3377
3845.9182 0.3398
3846.8030 0.3400
3847.6899 0.3343
3848.5752 0.3360
3849.4626 0.3436
3850.3481 0.3485
3851.2339 0.3554
3852.1221 0.3693
3853.0083 0.3871
3853.8967 0.3997
3854.7832 0.4029
3855.6721 0.3952
3856.5591 0.3774
3857.4463 0.3613
3858.3359 0.3619
3859.2234 0.3775
3860.1135 0.3914
3861.0015 0.3925
3861.8918 0.3769
3862.7803 0.3549
3863.6687 0.3452
3864.5598 0.3566
3865.4487 0.3710
3866.3401 0.3702
3867.2297 0.3607
3868.1213 0.3518
3869.0112 0.3409
3869.9014 0.3154
3870.7937 0.2734
3871.6841 0.2225
3872.5769 0.1686
3873.4678 0.1272
3874.3611 0.1218
3875.2524 0.1635
3876.1438 0.2286
3877.0376 0.2865
3877.9297 0.3258
3878.8237 0.3468
3879.7161 0.3544
3880.6108 0.3575
3881.5037 0.3635
3882.3965 0.3656
3883.2917 0.3506
3884.1851 0.3221
3885.0808 0.3013
3885.9746 0.3090
3886.8706 0.3355
3887.7649 0.3554
3888.6592 0.3619
3889.5559 0.3584
3890.4507 0.3547
3891.3479 0.3649
3892.2429 0.3898
3893.1406 0.4129
3894.0361 0.4253
3894.9341 0.4269
3895.8301 0.4180
3896.7263 0.3923
3897.6250 0.3508
3898.5215 0.3187
3899.4207 0.3219
3900.3176 0.3524
3901.2170 0.3809
3902.1145 0.3985
3903.0122 0.4073
3903.9121 0.4092
3904.8103 0.4096
3905.7107 0.4121
3906.6094 0.4164
3907.5100 0.4194
3908.4089 0.4238
3909.3081 0.4292
3910.2097 0.4302
3911.1091 0.4237
3912.0110 0.4114
3912.9111 0.3967
3913.8132 0.3773
3914.7136 0.3482
3915.6143 0.3050
3916.5171 0.2428
3917.4182 0.1702
3918.3215 0.1284
3919.2229 0.1529
3920.1267 0.2281
3921.0286 0.3033
3921.9307 0.3483
3922.8350 0.3681
3923.7373 0.3871
3924.6421 0.4134
3925.5452 0.4346
3926.4502 0.4427
3927.3535 0.4376
3928.2571 0.4247
3929.1628 0.4138
3930.0667 0.4161
3930.9731 0.4287
3931.8774 0.4396
3932.7839 0.4435
3933.6887 0.4432
3934.5938 0.4403
3935.5010 0.4359
3936.4062 0.4346
3937.3142 0.4418
3938.2200 0.4543
3939.1279 0.4623
3940.0342 0.4609
3940.9407 0.4541
3941.8494 0.4482
3942.7561 0.4478
3943.6653 0.4497
3944.5725 0.4460
3945.4822 0.4345
3946.3899 0.4254
3947.2979 0.4243
3948.2080 0.4200
3949.1162 0.4025
3950.0269 0.3661
3950.9355 0.3045
3951.8467 0.2166
3952.7559 0.1250
3953.6650 0.0703
3954.5769 0.0760
3955.4866 0.1352
3956.3987 0.2163
3957.3088 0.2855
3958.2214 0.3322
3959.1321 0.3708
3960.0449 0.4079
3960.9561 0.4361
3961.8672 0.4500
3962.7808 0.4548
3963.6924 0.4567
3964.6064 0.4554
3965.5186 0.4493
3966.4329 0.4424
3967.3455 0.4475
3968.2581 0.4635
3969.1731 0.4774
3970.0862 0.4823
3971.0017 0.4806
3971.9153 0.4795
3972.8313 0.4830
3973.7451 0.4878
3974.6592 0.4887
3975.5759 0.4889
3976.4905 0.4927
3977.4075 0.5000
3978.3225 0.5051
3979.2397 0.5046
3980.1553 0.4972
3981.0708 0.4856
3981.9888 0.4768
3982.9050 0.4770
3983.8232 0.4827
3984.7397 0.4845
3985.6587 0.4738
3986.5757 0.4600
3987.4927 0.4543
3988.4121 0.4571
3989.3298 0.4563
3990.2498 0.4586
3991.1677 0.4735
3992.0879 0.4909
3993.0063 0.5011
3993.9250 0.5026
3994.8459 0.4952
3995.7649 0.4755
3996.6863 0.4566
3997.6057 0.4566
3998.5276 0.4727
3999.4475 0.4877
4000.3674 0.4995
4001.2900 0.5104
4002.2104 0.5188
4003.1333 0.5249
4004.0544 0.5289
4004.9775 0.5287
4005.8989 0.5194
4006.8206 0.4991
4007.7446 0.4709
4008.6665 0.4499
4009.5908 0.4502
4010.5132 0.4694
4011.4380 0.4812
4012.3608 0.4762
4013.2839 0.4730
4014.2095 0.4790
4015.1328 0.4887
4016.0588 0.4936
4016.9827 0.4958
4017.9089 0.4977
4018.8333 0.4984
4019.7578 0.4983
4020.6848 0.5009
4021.6096 0.5092
4022.5371 0.5185
4023.4624 0.5253
4024.3901 0.5288
4025.3162 0.5309
4026.2422 0.5318
4027.1704 0.5282
4028.0969 0.5154
4029.0259 0.4951
4029.9526 0.4813
4030.8821 0.4865
4031.8093 0.5021
4032.7390 0.5097
4033.6667 0.5106
4034.5947 0.5094
4035.5251 0.5018
4036.4534 0.4866
4037.3843 0.4712
4038.3130 0.4681
4039.2441 0.4841
4040.1736 0.5067
4041.1030 0.5214
4042.0347 0.5300
4042.9646 0.5369
4043.8970 0.5418
4044.8271 0.5407
4045.7600 0.5314
4046.6907 0.5126
4047.6216 0.4974
4048.5549 0.4962
4049.4863 0.5052
4050.4202 0.5069
4051.3521 0.5044
4052.2861 0.5098
4053.2185 0.5152
4054.1509 0.5097
4055.0857 0.4948
4056.0186 0.4885
4056.9539 0.4992
4057.8872 0.5149
4058.8230 0.5190
4059.7566 0.5050
4060.6907 0.4806
4061.6270 0.4654
4062.5613 0.4773
4063.4983 0.5059
4064.4331 0.5278
4065.3701 0.5343
4066.3054 0.5324
4067.2410 0.5283
4068.1787 0.5242
4069.1147 0.5192
4070.0530 0.5151
4070.9893 0.5149
4071.9280 0.5193
4072.8647 0.5246
4073.8018 0.5280
4074.7412 0.5298
4075.6787 0.5299
4076.6184 0.5274
4077.5562 0.5221
4078.4966 0.5143
4079.4348 0.5025
4080.3733 0.4846
4081.3142 0.4593
4082.2532 0.4232
4083.1943 0.3706
4084.1338 0.2985
4085.0757 0.2248
4086.0154 0.1952
4086.9553 0.2314
4087.8977 0.3093
4088.8381 0.3826
4089.7810 0.4355
4090.7219 0.4679
4091.6653 0.4864
4092.6064 0.4941
4093.5481 0.4928
4094.4919 0.4870
4095.4338 0.4870
4096.3784 0.4956
4097.3208 0.5075
4098.2656 0.5190
4099.2085 0.5282
4100.1514 0.5337
4101.0967 0.5329
4102.0400 0.5260
4102.9863 0.5184
4103.9302 0.5149
4104.8765 0.5102
4105.8208 0.4975
4106.7676 0.4865
4107.7124 0.4895
4108.6572 0.5003
4109.6045 0.5051
4110.5503 0.4935
4111.4980 0.4671
4112.4438 0.4467
4113.3921 0.4486
4114.3384 0.4575
4115.2852 0.4654
4116.2339 0.4774
4117.1807 0.4985
4118.1304 0.5165
4119.0776 0.5259
4120.0273 0.5286
4120.9751 0.5273
4121.9233 0.5257
4122.8740 0.5273
4123.8223 0.5319
4124.7734 0.5344
4125.7222 0.5293
4126.6733 0.5145
4127.6230 0.4968
4128.5723 0.4883
4129.5244 0.4920
4130.4746 0.5002
4131.4268 0.5045
4132.3774 0.5012
4133.3301 0.4960
4134.2812 0.4978
4135.2324 0.5050
4136.1855 0.5113
4137.1372 0.5112
4138.0913 0.5078
4139.0435 0.5054
4139.9976 0.5060
4140.9502 0.5087
4141.9028 0.5114
4142.8579 0.5099
4143.8110 0.4997
4144.7666 0.4838
4145.7202 0.4703
4146.6758 0.4626
4147.6299 0.4650
4148.5840 0.4825
4149.5405 0.5019
4150.4951 0.5119
4151.4526 0.5128
4152.4072 0.5107
4153.3647 0.5009
4154.3203 0.4774
4155.2764 0.4406
4156.2344 0.4052
4157.1904 0.3946
4158.1489 0.4175
4159.1055 0.4495
4160.0649 0.4529
4161.0220 0.4220
4161.9790 0.3872
4162.9390 0.3884
4163.8965 0.4270
4164.8564 0.4665
4165.8149 0.4839
4166.7754 0.4848
4167.7339 0.4829
4168.6929 0.4854
4169.6538 0.4882
4170.6133 0.4853
4171.5752 0.4832
4172.5347 0.4873
4173.4971 0.4934
4174.4570 0.4950
4175.4175 0.4974
4176.3799 0.5026
4177.3408 0.5079
4178.3042 0.5098
4179.2651 0.5084
4180.2290 0.5051
4181.1909 0.4985
4182.1548 0.4921
4183.1172 0.4924
4184.0796 0.4920
4185.0444 0.4854
4186.0068 0.4776
4186.9722 0.4779
4187.9355 0.4785
4188.9014 0.4788
4189.8647 0.4844
4190.8286 0.4924
4191.7949 0.4947
4192.7593 0.4931
4193.7261 0.4944
4194.6909 0.4980
4195.6582 0.5017
4196.6235 0.5016
4197.5889 0.4933
4198.5571 0.4775
4199.5229 0.4702
4200.4912 0.4806
4201.4575 0.4952
4202.4263 0.5035
4203.3931 0.5066
4204.3599 0.5082
4205.3296 0.5068
4206.2969 0.5001
4207.2671 0.4894
4208.2349 0.4769
4209.2051 0.4653
4210.1738 0.4595
4211.1421 0.4670
4212.1133 0.4861
4213.0820 0.5016
4214.0537 0.4986
4215.0229 0.4709
4215.9951 0.4277
4216.9648 0.4057
4217.9351 0.4265
4218.9077 0.4608
4219.8784 0.4832
4220.8516 0.4928
4221.8223 0.4956
4222.7959 0.4963
4223.7676 0.4943
4224.7393 0.4828
4225.7134 0.4693
4226.6855 0.4701
4227.6602 0.4788
4228.6328 0.4736
4229.6079 0.4514
4230.5806 0.4417
4231.5542 0.4558
4232.5298 0.4737
4233.5034 0.4749
4234.4800 0.4704
4235.4541 0.4693
4236.4307 0.4715
4237.4053 0.4763
4238.3799 0.4841
4239.3574 0.4892
4240.3325 0.4821
4241.3105 0.4672
4242.2861 0.4581
4243.2642 0.4561
4244.2407 0.4529
4245.2168 0.4549
4246.1958 0.4686
4247.1729 0.4851
4248.1519 0.4966
4249.1294 0.5018
4250.1094 0.5029
4251.0869 0.4988
4252.0649 0.4888
4253.0454 0.4747
4254.0239 0.4570
4255.0049 0.4408
4255.9834 0.4343
4256.9648 0.4382
4257.9443 0.4456
4258.9263 0.4554
4259.9058 0.4653
4260.8857 0.4724
4261.8687 0.4777
4262.8491 0.4869
4263.8320 0.4934
4264.8130 0.4913
4265.7964 0.4822
4266.7778 0.4732
4267.7593 0.4715
4268.7432 0.4770
4269.7256 0.4758
4270.7100 0.4635
4271.6924 0.4455
4272.6772 0.4295
4273.6606 0.4256
4274.6436 0.4424
4275.6294 0.4550
4276.6128 0.4398
4277.5991 0.4217
4278.5830 0.4210
4279.5698 0.4322
4280.5542 0.4434
4281.5391 0.4424
4282.5264 0.4150
4283.5117 0.3856
4284.4990 0.3721
4285.4849 0.3729
4286.4731 0.3897
4287.4590 0.4263
4288.4453 0.4575
4289.4346 0.4622
4290.4214 0.4472
4291.4106 0.4405
4292.3979 0.4572
4293.3877 0.4777
4294.3755 0.4742
4295.3633 0.4392
4296.3535 0.3912
4297.3423 0.3644
4298.3330 0.3797
4299.3218 0.4226
4300.3135 0.4600
4301.3027 0.4779
4302.2920 0.4743
4303.2842 0.4565
4304.2744 0.4483
4305.2666 0.4626
4306.2573 0.4745
4307.2500 0.4620
4308.2412 0.4381
4309.2319 0.4374
4310.2261 0.4625
4311.2173 0.4836
4312.2114 0.4809
4313.2036 0.4663
4314.1982 0.4591
4315.1904 0.4663
4316.1836 0.4727
4317.1787 0.4693
4318.1719 0.4534
4319.1675 0.4178
4320.1611 0.3618
4321.1572 0.2961
4322.1514 0.2364
4323.1460 0.1938
4324.1426 0.1990
4325.1377 0.2512
4326.1348 0.3184
4327.1299 0.3676
4328.1279 0.4084
4329.1235 0.4427
4330.1196 0.4650
4331.1182 0.4761
4332.1143 0.4734
4333.1133 0.4509
4334.1104 0.4159
4335.1099 0.4045
4336.1069 0.4316
4337.1069 0.4677
4338.1045 0.4895
4339.1025 0.4979
4340.1030 0.4976
4341.1016 0.4948
4342.1025 0.4938
4343.1016 0.4936
4344.1030 0.4930
4345.1025 0.4937
4346.1021 0.4976
4347.1040 0.5013
4348.1040 0.4998
4349.1069 0.4888
4350.1074 0.4708
4351.1104 0.4566
4352.1113 0.4578
4353.1128 0.4710
4354.1167 0.4849
4355.1182 0.4879
4356.1226 0.4741
4357.1245 0.4518
4358.1294 0.4483
4359.1318 0.4704
4360.1348 0.4930
4361.1401 0.5025
4362.1436 0.5021
4363.1494 0.5000
4364.1528 0.4933
4365.1592 0.4704
4366.1636 0.4259
4367.1680 0.3859
4368.1753 0.3772
4369.1802 0.4036
4370.1875 0.4418
4371.1929 0.4714
4372.2007 0.4808
4373.2065 0.4770
4374.2129 0.4725
4375.2212 0.4682
4376.2280 0.4421
4377.2368 0.3991
4378.2441 0.3857
4379.2534 0.4138
4380.2612 0.4495
4381.2686 0.4495
4382.2793 0.4280
4383.2871 0.4242
4384.2979 0.4501
4385.3066 0.4749
4386.3179 0.4783
4387.3267 0.4718
4388.3359 0.4733
4389.3481 0.4808
4390.3579 0.4819
4391.3701 0.4765
4392.3804 0.4692
4393.3936 0.4636
4394.4043 0.4626
4395.4150 0.4636
4396.4287 0.4554
4397.4399 0.4319
4398.4541 0.3963
4399.4658 0.3638
4400.4805 0.3594
4401.4927 0.3940
4402.5054 0.4354
4403.5205 0.4546
4404.5337 0.4523
4405.5493 0.4506
4406.5625 0.4543
4407.5786 0.4576
4408.5928 0.4563
4409.6069 0.4515
4410.6240 0.4470
4411.6387 0.4465
4412.6558 0.4476
4413.6709 0.4474
4414.6885 0.4480
4415.7041 0.4499
4416.7227 0.4533
4417.7388 0.4580
4418.7549 0.4636
4419.7739 0.4691
4420.7905 0.4737
4421.8101 0.4757
4422.8271 0.4714
4423.8472 0.4571
4424.8647 0.4320
4425.8828 0.4029
4426.9033 0.3992
4427.9219 0.4275
4428.9429 0.4644
4429.9619 0.4799
4430.9834 0.4784
4432.0024 0.4629
4433.0220 0.4469
4434.0444 0.4495
4435.0645 0.4680
4436.0874 0.4803
4437.1079 0.4812
4438.1309 0.4806
4439.1519 0.4847
4440.1733 0.4894
4441.1968 0.4907
4442.2188 0.4881
4443.2432 0.4824
4444.2651 0.4779
4445.2900 0.4749
4446.3125 0.4695
4447.3354 0.4653
4448.3613 0.4675
4449.3843 0.4590
4450.4106 0.4313
4451.4341 0.4155
4452.4609 0.4259
4453.4849 0.4476
4454.5098 0.4579
4455.5366 0.4657
4456.5615 0.4779
4457.5894 0.4894
4458.6147 0.4957
4459.6431 0.4970
4460.6689 0.4931
4461.6953 0.4743
4462.7241 0.4342
4463.7505 0.4055
4464.7798 0.4202
4465.8071 0.4632
4466.8369 0.4893
4467.8643 0.4962
4468.8921 0.4898
4469.9229 0.4664
4470.9512 0.4393
4471.9819 0.4253
4473.0107 0.4293
4474.0425 0.4388
4475.0718 0.4574
4476.1011 0.4749
4477.1333 0.4857
4478.1631 0.4915
4479.1958 0.4962
4480.2266 0.4970
4481.2593 0.4903
4482.2905 0.4651
4483.3213 0.4381
4484.3555 0.4356
4485.3872 0.4641
4486.4214 0.4892
4487.4536 0.4975
4488.4883 0.4892
4489.5210 0.4637
4490.5537 0.4402
4491.5889 0.4481
4492.6226 0.4778
4493.6582 0.4967
4494.6919 0.5001
4495.7285 0.4877
4496.7627 0.4642
4497.7998 0.4458
4498.8345 0.4553
4499.8696 0.4720
4500.9072 0.4664
4501.9424 0.4450
4502.9805 0.4257
4504.0166 0.4174
4505.0552 0.4173
4506.0913 0.4387
4507.1279 0.4678
4508.1675 0.4858
4509.2046 0.4864
4510.2446 0.4769
4511.2822 0.4666
4512.3223 0.4690
4513.3604 0.4787
4514.3984 0.4703
4515.4395 0.4404
4516.4785 0.4205
4517.5200 0.4417
4518.5591 0.4780
4519.6011 0.4965
4520.6406 0.4963
4521.6807 0.4849
4522.7236 0.4669
4523.7642 0.4542
4524.8071 0.4601
4525.8481 0.4690
4526.8916 0.4720
4527.9331 0.4738
4528.9746 0.4767
4530.0190 0.4568
4531.0610 0.4118
4532.1060 0.3934
4533.1489 0.4199
4534.1938 0.4584
4535.2373 0.4612
4536.2803 0.4356
4537.3267 0.4032
4538.3701 0.3995
4539.4170 0.4125
4540.4609 0.4234
4541.5083 0.4357
4542.5527 0.4625
4543.5981 0.4770
4544.6455 0.4593
4545.6909 0.4316
4546.7393 0.4247
4547.7852 0.4468
4548.8340 0.4708
4549.8804 0.4827
4550.9272 0.4852
4551.9766 0.4743
4553.0239 0.4488
4554.0737 0.4246
4555.1216 0.4331
4556.1719 0.4573
4557.2197 0.4592
4558.2686 0.4490
4559.3193 0.4490
4560.3682 0.4605
4561.4199 0.4613
4562.4692 0.4542
4563.5215 0.4391
4564.5713 0.4053
4565.6211 0.3747
4566.6743 0.3893
4567.7246 0.4295
4568.7778 0.4446
4569.8291 0.4288
4570.8828 0.4147
4571.9341 0.4195
4572.9888 0.4305
4574.0405 0.4390
4575.0928 0.4507
4576.1479 0.4628
4577.2007 0.4685
4578.2559 0.4694
4579.3091 0.4734
4580.3652 0.4768
4581.4189 0.4768
4582.4731 0.4751
4583.5298 0.4755
4584.5840 0.4784
4585.6411 0.4815
4586.6963 0.4833
4587.7539 0.4838
4588.8091 0.4838
4589.8647 0.4834
4590.9233 0.4826
4591.9795 0.4819
4593.0386 0.4820
4594.0952 0.4828
4595.1543 0.4831
4596.2114 0.4794
4597.2690 0.4688
4598.3291 0.4522
4599.3867 0.4372
4600.4473 0.4252
4601.5059 0.4220
4602.5669 0.4334
4603.6255 0.4549
4604.6846 0.4727
4605.7466 0.4801
4606.8062 0.4793
4607.8687 0.4763
4608.9287 0.4669
4609.9912 0.4466
4611.0518 0.4250
4612.1128 0.4307
4613.1763 0.4544
4614.2373 0.4609
4615.3013 0.4467
4616.3633 0.4333
4617.4277 0.4408
4618.4897 0.4589
4619.5522 0.4725
4620.6177 0.4794
4621.6807 0.4826
4622.7466 0.4844
4623.8096 0.4853
4624.8760 0.4857
4625.9399 0.4852
4627.0044 0.4845
4628.0713 0.4833
4629.1357 0.4809
4630.2031 0.4780
4631.2686 0.4773
4632.3364 0.4791
4633.4023 0.4811
4634.4678 0.4819
4635.5366 0.4806
4636.6030 0.4751
4637.6724 0.4643
4638.7393 0.4552
4639.8091 0.4604
4640.8765 0.4727
4641.9438 0.4802
4643.0142 0.4786
4644.0825 0.4719
4645.1533 0.4645
4646.2222 0.4608
4647.2935 0.4542
4648.3623 0.4461
4649.4316 0.4469
4650.5039 0.4526
4651.5737 0.4521
4652.6465 0.4561
4653.7168 0.4665
4654.7900 0.4766
4655.8608 0.4807
4656.9346 0.4832
4658.0059 0.4843
4659.0771 0.4838
4660.1519 0.4826
4661.2236 0.4818
4662.2983 0.4820
4663.3711 0.4817
4664.4463 0.4810
4665.5195 0.4815
4666.5928 0.4828
4667.6689 0.4837
4668.7427 0.4840
4669.8193 0.4843
4670.8936 0.4848
4671.9707 0.4854
4673.0454 0.4858
4674.1206 0.4858
4675.1982 0.4852
4676.2739 0.4850
4677.3521 0.4852
4678.4282 0.4841
4679.5073 0.4820
4680.5835 0.4808
4681.6602 0.4818
4682.7397 0.4820
4683.8174 0.4789
4684.8975 0.4767
4685.9751 0.4794
4687.0557 0.4840
4688.1338 0.4832
4689.2124 0.4769
4690.2935 0.4704
4691.3726 0.4718
4692.4546 0.4777
4693.5342 0.4817
4694.6162 0.4819
4695.6963 0.4818
4696.7764 0.4824
4697.8594 0.4834
4698.9404 0.4835
4700.0239 0.4821
4701.1050 0.4801
4702.1890 0.4800
4703.2710 0.4810
4704.3530 0.4811
4705.4375 0.4795
4706.5200 0.4764
4707.6055 0.4719
4708.6885 0.4686
4709.7744 0.4683
4710.8579 0.4656
4711.9414 0.4566
4713.0283 0.4496
4714.1123 0.4578
4715.1992 0.4707
4716.2842 0.4765
4717.3716 0.4766
4718.4570 0.4752
4719.5425 0.4748
4720.6309 0.4758
4721.7168 0.4774
4722.8057 0.4784
4723.8921 0.4791
4724.9814 0.4793
4726.0684 0.4790
4727.1553 0.4782
4728.2456 0.4775
4729.3335 0.4760
4730.4238 0.4736
4731.5122 0.4680
4732.6030 0.4615
4733.6919 0.4607
4734.7808 0.4646
4735.8726 0.4655
4736.9624 0.4635
4738.0547 0.4623
4739.1445 0.4629
4740.2373 0.4625
4741.3276 0.4593
4742.4214 0.4532
4743.5122 0.4439
4744.6035 0.4354
4745.6973 0.4332
4746.7891 0.4399
4747.8838 0.4486
4748.9761 0.4533
4750.0713 0.4541
4751.1641 0.4548
4752.2568 0.4575
4753.3525 0.4611
4754.4463 0.4644
4755.5425 0.4676
4756.6367 0.4691
4757.7334 0.4694
4758.8281 0.4673
4759.9229 0.4596
4761.0205 0.4484
4762.1157 0.4484
4763.2139 0.4587
4764.3096 0.4679
4765.4082 0.4709
4766.5044 0.4719
4767.6011 0.4714
4768.7002 0.4714
4769.7974 0.4709
4770.8975 0.4703
4771.9951 0.4702
4773.0952 0.4704
4774.1934 0.4712
4775.2915 0.4730
4776.3926 0.4741
4777.4917 0.4733
4778.5933 0.4700
4779.6924 0.4656
4780.7949 0.4648
4781.8945 0.4673
4782.9946 0.4696
4784.0977 0.4660
4785.1982 0.4541
4786.3018 0.4416
4787.4028 0.4461
4788.5068 0.4610
4789.6084 0.4700
4790.7100 0.4709
4791.8149 0.4670
4792.9170 0.4613
4794.0225 0.4596
4795.1255 0.4643
4796.2310 0.4690
4797.3345 0.4704
4798.4380 0.4697
4799.5444 0.4694
4800.6489 0.4699
4801.7559 0.4689
4802.8604 0.4629
4803.9678 0.4463
4805.0732 0.4284
4806.1782 0.4299
4807.2866 0.4483
4808.3926 0.4617
4809.5015 0.4665
4810.6079 0.4669
4811.7173 0.4664
4812.8242 0.4656
4813.9312 0.4646
4815.0415 0.4631
4816.1489 0.4576
4817.2598 0.4527
4818.3677 0.4543
4819.4790 0.4612
4820.5879 0.4647
4821.6968 0.4652
4822.8086 0.4655
4823.9180 0.4656
4825.0303 0.4655
4826.1401 0.4640
4827.2534 0.4565
4828.3638 0.4386
4829.4771 0.4264
4830.5884 0.4315
4831.6992 0.4459
4832.8135 0.4507
4833.9253 0.4479
4835.0400 0.4361
4836.1523 0.4178
4837.2676 0.4021
4838.3804 0.3883
4839.4937 0.3621
4840.6094 0.3155
4841.7231 0.2620
4842.8394 0.2465
4843.9536 0.2768
4845.0708 0.3268
4846.1851 0.3665
4847.3003 0.3996
4848.4180 0.4223
4849.5332 0.4348
4850.6514 0.4381
4851.7676 0.4354
4852.8862 0.4322
4854.0024 0.4316
4855.1191 0.4297
4856.2388 0.4234
4857.3560 0.4194
4858.4761 0.4250
4859.5938 0.4380
4860.7144 0.4453
4861.8325 0.4467
4862.9512 0.4436
4864.0723 0.4368
4865.1914 0.4316
4866.3135 0.4354
4867.4326 0.4433
4868.5552 0.4483
4869.6753 0.4491
4870.7954 0.4454
4871.9189 0.4405
4873.0396 0.4403
4874.1631 0.4448
4875.2847 0.4499
4876.4087 0.4550
4877.5308 0.4577
4878.6528 0.4570
4879.7778 0.4539
4880.9004 0.4505
4882.0259 0.4506
4883.1489 0.4530
4884.2749 0.4554
4885.3984 0.4571
4886.5225 0.4593
4887.6494 0.4611
4888.7734 0.4615
4889.9009 0.4578
4891.0259 0.4491
4892.1538 0.4418
4893.2793 0.4455
4894.4048 0.4556
4895.5337 0.4626
4896.6597 0.4652
4897.7891 0.4637
4898.9155 0.4583
4900.0454 0.4504
4901.1724 0.4440
4902.2998 0.4391
4903.4307 0.4143
4904.5586 0.3885
4905.6895 0.3936
4906.8179 0.4322
4907.9497 0.4573
4909.0786 0.4656
4910.2080 0.4670
4911.3403 0.4662
4912.4702 0.4638
4913.6030 0.4598
4914.7334 0.4562
4915.8667 0.4588
4916.9976 0.4639
4918.1313 0.4664
4919.2627 0.4663
4920.3945 0.4675
4921.5288 0.4684
4922.6611 0.4682
4923.7964 0.4679
4924.9292 0.4677
4926.0649 0.4670
4927.1978 0.4655
4928.3315 0.4646
4929.4678 0.4643
4930.6021 0.4635
4931.7388 0.4618
4932.8735 0.4605
4934.0107 0.4612
4935.1460 0.4625
4936.2812 0.4601
4937.4194 0.4512
4938.5557 0.4470
4939.6943 0.4534
4940.8306 0.4620
4941.9702 0.4655
4943.1069 0.4651
4944.2441 0.4634
4945.3843 0.4626
4946.5220 0.4626
4947.6626 0.4619
4948.8008 0.4612
4949.9419 0.4615
4951.0806 0.4625
4952.2197 0.4633
4953.3618 0.4637
4954.5010 0.4643
4955.6436 0.4646
4956.7837 0.4644
4957.9268 0.4642
4959.0674 0.4642
4960.2080 0.4639
4961.3521 0.4628
4962.4932 0.4604
4963.6377 0.4580
4964.7793 0.4583
4965.9243 0.4615
4967.0669 0.4654
4968.2095 0.4673
4969.3550 0.4670
4970.4980 0.4642
4971.6445 0.4598
4972.7881 0.4550
4973.9351 0.4536
4975.0791 0.4595
4976.2236 0.4667
4977.3711 0.4691
4978.5161 0.4692
4979.6641 0.4665
4980.8096 0.4600
4981.9585 0.4532
4983.1045 0.4535
4984.2510 0.4572
4985.4004 0.4582
4986.5469 0.4597
4987.6968 0.4638
4988.8442 0.4671
4989.9946 0.4672
4991.1426 0.4666
4992.2910 0.4652
4993.4419 0.4619
4994.5908 0.4591
4995.7427 0.4579
4996.8921 0.4442
4998.0439 0.4051
4999.1938 0.3837
5000.3438 0.4038
5001.4971 0.4436
5002.6475 0.4614
5003.8013 0.4681
5004.9521 0.4716
5006.1064 0.4730
5007.2583 0.4727
5008.4126 0.4710
5009.5649 0.4670
5010.7173 0.4587
5011.8730 0.4560
5013.0259 0.4625
5014.1816 0.4678
5015.3354 0.4659
5016.4917 0.4635
5017.6460 0.4652
5018.8003 0.4670
5019.9575 0.4618
5021.1123 0.4562
5022.2700 0.4585
5023.4258 0.4672
5024.5840 0.4714
5025.7397 0.4728
5026.8960 0.4736
5028.0552 0.4735
5029.2119 0.4727
5030.3716 0.4719
5031.5288 0.4709
5032.6890 0.4706
5033.8472 0.4696
5035.0049 0.4623
5036.1660 0.4533
5037.3247 0.4570
5038.4863 0.4678
5039.6455 0.4733
5040.8076 0.4743
5041.9668 0.4748
5043.1270 0.4762
5044.2900 0.4765
5045.4502 0.4754
5046.6138 0.4748
5047.7749 0.4742
5048.9390 0.4736
5050.1001 0.4729
5051.2622 0.4706
5052.4268 0.4677
5053.5894 0.4686
5054.7544 0.4716
5055.9175 0.4750
5057.0830 0.4778
5058.2466 0.4786
5059.4102 0.4777
5060.5771 0.4774
5061.7412 0.4782
5062.9082 0.4797
5064.0732 0.4810
5065.2407 0.4810
5066.4062 0.4789
5067.5718 0.4769
5068.7402 0.4777
5069.9062 0.4799
5071.0752 0.4809
5072.2417 0.4802
5073.4116 0.4787
5074.5786 0.4791
5075.7461 0.4784
5076.9165 0.4759
5078.0845 0.4733
5079.2554 0.4712
5080.4238 0.4669
5081.5957 0.4678
5082.7646 0.4740
5083.9336 0.4794
5085.1060 0.4806
5086.2759 0.4798
5087.4487 0.4789
5088.6191 0.4788
5089.7925 0.4786
5090.9634 0.4784
5092.1348 0.4789
5093.3091 0.4799
5094.4805 0.4803
5095.6553 0.4781
5096.8276 0.4763
5098.0029 0.4770
5099.1758 0.4784
5100.3516 0.4776
5101.5249 0.4780
5102.6987 0.4789
5103.8750 0.4796
5105.0493 0.4798
5106.2266 0.4776
5107.4014 0.4698
5108.5791 0.4604
5109.7544 0.4615
5110.9297 0.4691
5112.1084 0.4731
5113.2842 0.4733
5114.4634 0.4771
5115.6401 0.4791
5116.8198 0.4789
5117.9966 0.4783
5119.1743 0.4779
5120.3545 0.4784
5121.5327 0.4800
5122.7134 0.4796
5123.8921 0.4777
5125.0737 0.4745
5126.2524 0.4736
5127.4321 0.4756
5128.6143 0.4768
5129.7939 0.4757
5130.9771 0.4750
5132.1572 0.4687
5133.3408 0.4600
5134.5220 0.4591
5135.7031 0.4704
5136.8872 0.4784
5138.0688 0.4809
5139.2539 0.4793
5140.4360 0.4761
5141.6216 0.4747
5142.8042 0.4775
5143.9873 0.4797
5145.1738 0.4743
5146.3574 0.4528
5147.5439 0.4165
5148.7280 0.3905
5149.9155 0.4061
5151.1001 0.4366
5152.2852 0.4478
5153.4731 0.4602
5154.6587 0.4750
5155.8477 0.4830
5157.0337 0.4844
5158.2227 0.4856
5159.4097 0.4851
5160.5962 0.4825
5161.7861 0.4713
5162.9736 0.4550
5164.1646 0.4498
5165.3525 0.4563
5166.5435 0.4607
5167.7319 0.4566
5168.9209 0.4561
5170.1128 0.4652
5171.3022 0.4730
5172.4946 0.4762
5173.6846 0.4779
5174.8779 0.4745
5176.0684 0.4600
5177.2588 0.4454
5178.4526 0.4531
5179.6440 0.4712
5180.8384 0.4800
5182.0303 0.4814
5183.2251 0.4801
5184.4175 0.4786
5185.6104 0.4782
5186.8062 0.4791
5187.9995 0.4796
5189.1958 0.4788
5190.3896 0.4773
5191.5864 0.4773
5192.7808 0.4801
5193.9780 0.4796
5195.1729 0.4765
5196.3682 0.4762
5197.5664 0.4796
5198.7622 0.4840
5199.9609 0.4867
5201.1572 0.4874
5202.3564 0.4858
5203.5532 0.4821
5204.7505 0.4696
5205.9507 0.4534
5207.1484 0.4539
5208.3491 0.4708
5209.5474 0.4821
5210.7485 0.4806
5211.9473 0.4662
5213.1460 0.4463
5214.3481 0.4352
5215.5479 0.4417
5216.7505 0.4510
5217.9507 0.4618
5219.1538 0.4720
5220.3545 0.4792
5221.5557 0.4832
5222.7598 0.4842
5223.9609 0.4840
5225.1655 0.4817
5226.3677 0.4788
5227.5728 0.4779
5228.7754 0.4794
5229.9785 0.4806
5231.1846 0.4821
5232.3877 0.4802
5233.5942 0.4740
5234.7983 0.4691
5236.0054 0.4730
5237.2100 0.4783
5238.4150 0.4798
5239.6230 0.4777
5240.8281 0.4748
5242.0366 0.4709
5243.2427 0.4633
5244.4517 0.4595
5245.6582 0.4675
5246.8652 0.4738
5248.0747 0.4730
5249.2822 0.4710
5250.4927 0.4748
5251.7007 0.4752
5252.9116 0.4663
5254.1201 0.4417
5255.3286 0.4288
5256.5405 0.4443
5257.7500 0.4662
5258.9624 0.4720
5260.1724 0.4754
5261.3853 0.4751
5262.5957 0.4680
5263.8062 0.4629
5265.0200 0.4736
5266.2310 0.4846
5267.4458 0.4890
5268.6572 0.4891
5269.8721 0.4874
5271.0845 0.4859
5272.2974 0.4861
5273.5132 0.4863
5274.7261 0.4863
5275.9424 0.4856
5277.1562 0.4846
5278.3730 0.4841
5279.5874 0.4839
5280.8047 0.4835
5282.0195 0.4837
5283.2349 0.4824
5284.4531 0.4783
5285.6689 0.4737
5286.8877 0.4732
5288.1040 0.4760
5289.3232 0.4798
5290.5400 0.4807
5291.7573 0.4776
5292.9775 0.4699
5294.1953 0.4552
5295.4160 0.4325
5296.6343 0.4349
5297.8555 0.4606
5299.0742 0.4824
5300.2935 0.4869
5301.5156 0.4859
5302.7354 0.4788
5303.9580 0.4699
5305.1782 0.4682
5306.4014 0.4711
5307.6221 0.4734
5308.8433 0.4762
5310.0674 0.4810
5311.2891 0.4844
5312.5137 0.4811
5313.7358 0.4730
5314.9614 0.4648
5316.1841 0.4606
5317.4072 0.4646
5318.6333 0.4733
5319.8569 0.4813
5321.0835 0.4866
5322.3076 0.4888
5323.5347 0.4881
5324.7598 0.4856
5325.9844 0.4849
5327.2129 0.4867
5328.4380 0.4884
5329.6670 0.4890
5330.8931 0.4901
5332.1221 0.4908
5333.3491 0.4911
5334.5757 0.4909
5335.8062 0.4905
5337.0337 0.4897
5338.2642 0.4880
5339.4922 0.4827
5340.7236 0.4680
5341.9521 0.4576
5343.1812 0.4628
5344.4131 0.4774
5345.6426 0.4834
5346.8755 0.4847
5348.1055 0.4833
5349.3389 0.4815
5350.5693 0.4827
5351.8003 0.4871
5353.0342 0.4908
5354.2656 0.4913
5355.5005 0.4901
5356.7324 0.4890
5357.9678 0.4862
5359.2002 0.4814
5360.4331 0.4792
5361.6694 0.4813
5362.9028 0.4841
5364.1392 0.4857
5365.3735 0.4861
5366.6108 0.4867
5367.8452 0.4883
5369.0801 0.4885
5370.3184 0.4879
5371.5537 0.4875
5372.7925 0.4866
5374.0283 0.4844
5375.2676 0.4825
5376.5039 0.4840
5377.7441 0.4866
5378.9810 0.4859
5380.2183 0.4831
5381.4590 0.4808
5382.6973 0.4781
5383.9385 0.4737
5385.1768 0.4735
5386.4189 0.4777
5387.6577 0.4819
5388.8975 0.4839
5390.1401 0.4846
5391.3799 0.4820
5392.6230 0.4762
5393.8638 0.4760
5395.1074 0.4798
5396.3486 0.4809
5397.5903 0.4781
5398.8350 0.4778
5400.0767 0.4800
5401.3223 0.4803
5402.5645 0.4752
5403.8105 0.4696
5405.0537 0.4736
5406.2969 0.4799
5407.5439 0.4811
5408.7876 0.4817
5410.0352 0.4810
5411.2798 0.4785
5412.5273 0.4786
5413.7725 0.4820
5415.0181 0.4844
5416.2666 0.4861
5417.5127 0.4871
5418.7617 0.4871
5420.0083 0.4866
5421.2583 0.4854
5422.5054 0.4834
5423.7529 0.4807
5425.0034 0.4793
5426.2515 0.4802
5427.5029 0.4815
5428.7515 0.4821
5430.0034 0.4825
5431.2524 0.4826
5432.5020 0.4821
5433.7549 0.4815
5435.0049 0.4827
5436.2578 0.4853
5437.5088 0.4859
5438.7627 0.4854
5440.0137 0.4848
5441.2651 0.4846
5442.5200 0.4840
5443.7720 0.4828
5445.0273 0.4820
5446.2798 0.4842
5447.5356 0.4869
5448.7891 0.4875
5450.0425 0.4865
5451.2993 0.4847
5452.5532 0.4839
5453.8105 0.4846
5455.0654 0.4834
5456.3232 0.4797
5457.5786 0.4781
5458.8340 0.4798
5460.0928 0.4838
5461.3486 0.4876
5462.6084 0.4896
5463.8647 0.4893
5465.1250 0.4870
5466.3823 0.4849
5467.6396 0.4858
5468.9004 0.4871
5470.1587 0.4877
5471.4199 0.4884
5472.6787 0.4905
5473.9404 0.4926
5475.1997 0.4932
5476.4624 0.4936
5477.7222 0.4940
5478.9824 0.4920
5480.2461 0.4864
5481.5068 0.4844
5482.7705 0.4874
5484.0322 0.4881
5485.2964 0.4858
5486.5586 0.4838
5487.8208 0.4832
5489.0859 0.4853
5490.3491 0.4899
5491.6147 0.4937
5492.8784 0.4961
5494.1450 0.4975
5495.4087 0.4981
5496.6729 0.4974
5497.9404 0.4961
5499.2056 0.4948
5500.4736 0.4940
5501.7388 0.4926
5503.0073 0.4876
5504.2734 0.4795
5505.5396 0.4749
5506.8096 0.4786
5508.0762 0.4865
5509.3462 0.4916
5510.6138 0.4899
5511.8843 0.4798
5513.1523 0.4700
5514.4209 0.4746
5515.6924 0.4858
5516.9614 0.4916
5518.2334 0.4931
5519.5029 0.4930
5520.7759 0.4924
5522.0459 0.4903
5523.3159 0.4890
5524.5898 0.4904
5525.8608 0.4930
5527.1348 0.4945
5528.4062 0.4951
5529.6812 0.4955
5530.9536 0.4960
5532.2256 0.4962
5533.5015 0.4958
5534.7744 0.4960
5536.0508 0.4962
5537.3242 0.4957
5538.6011 0.4954
5539.8755 0.4958
5541.1499 0.4959
5542.4277 0.4953
5543.7026 0.4948
5544.9810 0.4941
5546.2568 0.4936
5547.5356 0.4934
5548.8115 0.4931
5550.0884 0.4925
5551.3682 0.4926
5552.6450 0.4940
5553.9258 0.4950
5555.2031 0.4943
5556.4844 0.4941
5557.7627 0.4949
5559.0410 0.4953
5560.3232 0.4954
5561.6021 0.4953
5562.8848 0.4943
5564.1646 0.4916
5565.4473 0.4894
5566.7280 0.4908
5568.0083 0.4928
5569.2925 0.4936
5570.5737 0.4936
5571.8579 0.4939
5573.1401 0.4943
5574.4253 0.4950
5575.7075 0.4950
5576.9932 0.4952
5578.2764 0.4958
5579.5596 0.4958
5580.8462 0.4956
5582.1299 0.4957
5583.4170 0.4958
5584.7017 0.4961
5585.9893 0.4966
5587.2744 0.4963
5588.5601 0.4954
5589.8486 0.4952
5591.1348 0.4950
5592.4238 0.4935
5593.7104 0.4916
5595.0005 0.4924
5596.2876 0.4949
5597.5747 0.4965
5598.8657 0.4974
5600.1538 0.4973
5601.4448 0.4965
5602.7334 0.4961
5604.0254 0.4964
5605.3149 0.4966
5606.6045 0.4972
5607.8970 0.4978
5609.1870 0.4978
5610.4805 0.4978
5611.7715 0.4981
5613.0654 0.4985
5614.3569 0.4988
5615.6484 0.4987
5616.9434 0.4975
5618.2354 0.4953
5619.5308 0.4942
5620.8237 0.4954
5622.1201 0.4963
5623.4131 0.4973
5624.7070 0.4988
5626.0039 0.4992
5627.2983 0.4992
5628.5957 0.4997
5629.8906 0.5000
5631.1890 0.4999
5632.4844 0.4992
5633.7803 0.4962
5635.0791 0.4893
5636.3755 0.4866
5637.6753 0.4918
5638.9722 0.4968
5640.2725 0.4966
5641.5703 0.4972
5642.8682 0.4978
5644.1694 0.4966
5645.4678 0.4949
5646.7695 0.4947
5648.0684 0.4965
5649.3711 0.4987
5650.6704 0.4999
5651.9707 0.4997
5653.2739 0.4994
5654.5742 0.4998
5655.8784 0.5004
5657.1797 0.5012
5658.4839 0.5018
5659.7856 0.5008
5661.0879 0.4986
5662.3931 0.4981
5663.6958 0.5002
5665.0020 0.5015
5666.3052 0.5012
5667.6118 0.5014
5668.9155 0.5020
5670.2197 0.5026
5671.5273 0.5033
5672.8320 0.5039
5674.1401 0.5040
5675.4453 0.5034
5676.7539 0.5024
5678.0601 0.5018
5679.3696 0.5016
5680.6758 0.5005
5681.9829 0.4977
5683.2930 0.4953
5684.6006 0.4961
5685.9111 0.4990
5687.2192 0.5012
5688.5308 0.5020
5689.8394 0.5026
5691.1484 0.5042
5692.4609 0.5049
5693.7705 0.5045
5695.0835 0.5037
5696.3936 0.5032
5697.7070 0.5034
5699.0176 0.5044
5700.3286 0.5051
5701.6431 0.5050
5702.9551 0.5048
5704.2700 0.5052
5705.5825 0.5060
5706.8979 0.5063
5708.2109 0.5064
5709.5239 0.5061
5710.8408 0.5057
5712.1543 0.5063
5713.4717 0.5073
5714.7861 0.5072
5716.1040 0.5075
5717.4189 0.5079
5718.7339 0.5073
5720.0527 0.5067
5721.3687 0.5071
5722.6880 0.5071
5724.0044 0.5056
5725.3242 0.5046
5726.6416 0.5057
5727.9590 0.5069
5729.2798 0.5073
5730.5977 0.5081
5731.9194 0.5089
5733.2378 0.5094
5734.5601 0.5097
5735.8794 0.5100
5737.1987 0.5100
5738.5215 0.5096
5739.8418 0.5091
5741.1655 0.5090
5742.4863 0.5087
5743.8105 0.5076
5745.1318 0.5071
5746.4536 0.5067
5747.7783 0.5063
5749.1006 0.5055
5750.4268 0.5042
5751.7495 0.5033
5753.0757 0.5024
5754.3994 0.5009
5755.7231 0.4941
5757.0503 0.4794
5758.3745 0.4669
5759.7026 0.4745
5761.0273 0.4906
5762.3560 0.4997
5763.6816 0.5031
5765.0078 0.5044
5766.3369 0.5053
5767.6636 0.5068
5768.9937 0.5084
5770.3208 0.5083
5771.6514 0.5069
5772.9790 0.5029
5774.3071 0.4981
5775.6387 0.4990
5776.9673 0.5057
5778.2993 0.5105
5779.6289 0.5113
5780.9614 0.5109
5782.2915 0.5112
5783.6250 0.5116
5784.9556 0.5116
5786.2861 0.5114
5787.6206 0.5112
5788.9521 0.5105
5790.2871 0.5094
5791.6191 0.5100
5792.9546 0.5120
5794.2871 0.5132
5795.6201 0.5138
5796.9565 0.5140
5798.2900 0.5137
5799.6274 0.5131
5800.9614 0.5127
5802.2993 0.5124
5803.6338 0.5124
5804.9692 0.5128
5806.3076 0.5133
5807.6436 0.5134
5808.9824 0.5129
5810.3188 0.5131
5811.6587 0.5129
5812.9956 0.5129
5814.3330 0.5139
5815.6738 0.5149
5817.0117 0.5143
5818.3530 0.5129
5819.6914 0.5116
5821.0337 0.5104
5822.3726 0.5098
5823.7119 0.5110
5825.0552 0.5118
5826.3950 0.5097
5827.7388 0.5084
5829.0791 0.5092
5830.4233 0.5105
5831.7646 0.5112
5833.1064 0.5121
5834.4517 0.5124
5835.7935 0.5126
5837.1396 0.5126
5838.4824 0.5125
5839.8286 0.5124
5841.1719 0.5124
5842.5156 0.5124
5843.8633 0.5125
5845.2075 0.5125
5846.5552 0.5124
5847.9004 0.5125
5849.2490 0.5127
5850.5942 0.5128
5851.9404 0.5117
5853.2896 0.5114
5854.6362 0.5131
5855.9863 0.5144
5857.3335 0.5144
5858.6841 0.5142
5860.0322 0.5133
5861.3799 0.5120
5862.7319 0.5107
5864.0806 0.5049
5865.4326 0.4792
5866.7822 0.4313
5868.1348 0.4364
5869.4849 0.4787
5870.8350 0.4916
5872.1890 0.4557
5873.5400 0.4320
5874.8940 0.4668
5876.2456 0.4992
5877.6006 0.5070
5878.9531 0.5066
5880.3052 0.5083
5881.6611 0.5102
5883.0146 0.5110
5884.3711 0.5110
5885.7246 0.5103
5887.0820 0.5094
5888.4365 0.5090
5889.7939 0.5091
5891.1489 0.5093
5892.5044 0.5098
5893.8633 0.5098
5895.2192 0.5087
5896.5786 0.5074
5897.9351 0.5082
5899.2949 0.5087
5900.6523 0.5073
5902.0098 0.5067
5903.3706 0.5087
5904.7285 0.5099
5906.0903 0.5093
5907.4487 0.5094
5908.8110 0.5108
5910.1704 0.5123
5911.5303 0.5125
5912.8931 0.5123
5914.2534 0.5119
5915.6172 0.5119
5916.9780 0.5106
5918.3428 0.5088
5919.7041 0.5084
5921.0659 0.5096
5922.4312 0.5097
5923.7939 0.5081
5925.1597 0.5076
5926.5229 0.5084
5927.8896 0.5089
5929.2534 0.5085
5930.6172 0.5089
5931.9849 0.5085
5933.3496 0.5057
5934.7178 0.5037
5936.0830 0.5050
5937.4517 0.5073
5938.8179 0.5080
5940.1841 0.5092
5941.5537 0.5099
5942.9204 0.5089
5944.2910 0.5072
5945.6587 0.5067
5947.0298 0.5075
5948.3975 0.5081
5949.7661 0.5086
5951.1382 0.5088
5952.5073 0.5080
5953.8799 0.5058
5955.2495 0.5029
5956.6226 0.5049
5957.9932 0.5077
5959.3638 0.5086
5960.7378 0.5085
5962.1094 0.5095
5963.4839 0.5092
5964.8560 0.5086
5966.2314 0.5061
5967.6040 0.5033
5968.9766 0.5034
5970.3530 0.5071
5971.7266 0.5085
5973.1035 0.5090
5974.4780 0.5094
5975.8555 0.5097
5977.2305 0.5099
5978.6055 0.5099
5979.9839 0.5094
5981.3599 0.5087
5982.7388 0.5084
5984.1152 0.5081
5985.4951 0.5074
5986.8721 0.5066
5988.2495 0.5063
5989.6304 0.5077
5991.0083 0.5095
5992.3896 0.5108
5993.7681 0.5115
5995.1504 0.5121
5996.5298 0.5119
5997.9126 0.5116
5999.2920 0.5112
6000.6724 0.5112
6002.0562 0.5117
6003.4370 0.5113
6004.8213 0.5108
6006.2026 0.5117
6007.5874 0.5123
6008.9697 0.5123
6010.3521 0.5121
6011.7378 0.5118
6013.1211 0.5112
6014.5078 0.5110
6015.8911 0.5114
6017.2783 0.5118
6018.6626 0.5120
6020.0474 0.5123
6021.4355 0.5118
6022.8208 0.5115
6024.2095 0.5121
6025.5957 0.5133
6026.9849 0.5143
6028.3716 0.5143
6029.7583 0.5138
6031.1489 0.5146
6032.5361 0.5155
6033.9272 0.5160
6035.3154 0.5161
6036.7070 0.5157
6038.0957 0.5162
6039.4849 0.5167
6040.8774 0.5161
6042.2671 0.5156
6043.6606 0.5157
6045.0508 0.5156
6046.4448 0.5159
6047.8359 0.5168
6049.2271 0.5173
6050.6221 0.5175
6052.0142 0.5178
6053.4097 0.5178
6054.8022 0.5179
6056.1982 0.5184
6057.5918 0.5183
6058.9854 0.5164
6060.3823 0.5143
6061.7764 0.5161
6063.1743 0.5190
6064.5693 0.5191
6065.9678 0.5183
6067.3633 0.5190
6068.7588 0.5205
6070.1582 0.5205
6071.5547 0.5203
6072.9551 0.5208
6074.3521 0.5214
6075.7529 0.5215
6077.1504 0.5212
6078.5483 0.5202
6079.9502 0.5201
6081.3491 0.5216
6082.7515 0.5223
6084.1504 0.5219
6085.5537 0.5219
6086.9536 0.5217
6088.3540 0.5199
6089.7578 0.5186
6091.1587 0.5196
6092.5635 0.5213
6093.9648 0.5218
6095.3701 0.5224
6096.7725 0.5224
6098.1782 0.5225
6099.5811 0.5228
6100.9844 0.5231
6102.3911 0.5234
6103.7949 0.5231
6105.2026 0.5221
6106.6069 0.5222
6108.0151 0.5233
6109.4204 0.5244
6110.8257 0.5246
6112.2349 0.5238
6113.6411 0.5231
6115.0508 0.5233
6116.4575 0.5214
6117.8682 0.5201
6119.2754 0.5224
6120.6831 0.5238
6122.0947 0.5199
6123.5029 0.5092
6124.9150 0.5048
6126.3242 0.5114
6127.7368 0.5216
6129.1465 0.5244
6130.5566 0.5217
6131.9702 0.5146
6133.3809 0.5110
6134.7954 0.5143
6136.2065 0.5201
6137.6216 0.5212
6139.0337 0.5207
6140.4458 0.5207
6141.8618 0.5207
6143.2749 0.5205
6144.6914 0.5204
6146.1050 0.5203
6147.5220 0.5201
6148.9365 0.5199
6150.3511 0.5186
6151.7690 0.5176
6153.1846 0.5181
6154.6035 0.5177
6156.0190 0.5179
6157.4390 0.5197
6158.8555 0.5210
6160.2720 0.5213
6161.6929 0.5213
6163.1104 0.5212
6164.5312 0.5223
6165.9497 0.5237
6167.3711 0.5245
6168.7900 0.5249
6170.2095 0.5245
6171.6323 0.5224
6173.0518 0.5222
6174.4756 0.5240
6175.8960 0.5248
6177.3198 0.5224
6178.7412 0.5183
6180.1626 0.5175
6181.5874 0.5211
6183.0098 0.5241
6184.4355 0.5259
6185.8579 0.5268
6187.2847 0.5268
6188.7080 0.5270
6190.1318 0.5278
6191.5591 0.5287
6192.9834 0.5295
6194.4116 0.5299
6195.8364 0.5297
6197.2651 0.5296
6198.6909 0.5296
6200.1172 0.5295
6201.5469 0.5299
6202.9731 0.5303
6204.4038 0.5301
6205.8311 0.5296
6207.2622 0.5294
6208.6899 0.5288
6210.1216 0.5291
6211.5503 0.5275
6212.9795 0.5213
6214.4121 0.5147
6215.8418 0.5194
6217.2749 0.5270
6218.7056 0.5301
6220.1392 0.5277
6221.5703 0.5208
6223.0015 0.5118
6224.4365 0.5164
6225.8687 0.5268
6227.3042 0.5315
6228.7368 0.5313
6230.1729 0.5315
6231.6064 0.5313
6233.0400 0.5318
6234.4771 0.5319
6235.9116 0.5315
6237.3496 0.5316
6238.7842 0.5322
6240.2231 0.5324
6241.6587 0.5313
6243.0942 0.5295
6244.5342 0.5247
6245.9707 0.5208
6247.4111 0.5225
6248.8481 0.5267
6250.2891 0.5283
6251.7271 0.5239
6253.1650 0.5140
6254.6069 0.5065
6256.0459 0.5058
6257.4888 0.5032
6258.9282 0.4951
6260.3716 0.4924
6261.8115 0.5015
6263.2520 0.5139
6264.6963 0.5199
6266.1377 0.5229
6267.5825 0.5254
6269.0244 0.5275
6270.4702 0.5286
6271.9126 0.5292
6273.3555 0.5296
6274.8022 0.5291
6276.2456 0.5292
6277.6929 0.5284
6279.1372 0.5276
6280.5850 0.5272
6282.0298 0.5270
6283.4751 0.5275
6284.9238 0.5276
6286.3696 0.5281
6287.8193 0.5299
6289.2661 0.5309
6290.7163 0.5291
6292.1636 0.5250
6293.6108 0.5221
6295.0620 0.5253
6296.5103 0.5297
6297.9624 0.5322
6299.4111 0.5333
6300.8638 0.5339
6302.3135 0.5347
6303.7632 0.5346
6305.2168 0.5329
6306.6675 0.5314
6308.1216 0.5322
6309.5728 0.5341
6311.0278 0.5346
6312.4795 0.5346
6313.9316 0.5344
6315.3877 0.5343
6316.8403 0.5340
6318.2974 0.5328
6319.7510 0.5291
6321.2080 0.5104
6322.6621 0.5018
6324.1201 0.5134
6325.5752 0.5304
6327.0303 0.5330
6328.4893 0.5330
6329.9453 0.5333
6331.4048 0.5342
6332.8613 0.5347
6334.3218 0.5341
6335.7788 0.5339
6337.2363 0.5334
6338.6978 0.5333
6340.1558 0.5336
6341.6182 0.5334
6343.0767 0.5308
6344.5396 0.5228
6345.9990 0.5094
6347.4590 0.5135
6348.9229 0.5269
6350.3833 0.5341
6351.8477 0.5318
6353.3091 0.5304
6354.7739 0.5283
6356.2358 0.5310
6357.6982 0.5326
6359.1641 0.5322
6360.6270 0.5331
6362.0938 0.5356
6363.5576 0.5370
6365.0249 0.5378
6366.4893 0.5383
6367.9536 0.5380
6369.4224 0.5370
6370.8877 0.5367
6372.3564 0.5360
6373.8228 0.5356
6375.2925 0.5361
6376.7588 0.5371
6378.2261 0.5379
6379.6968 0.5381
6381.1646 0.5372
6382.6357 0.5367
6384.1040 0.5369
6385.5762 0.5366
6387.0454 0.5358
6388.5146 0.5356
6389.9878 0.5333
6391.4580 0.5287
6392.9316 0.5302
6394.4023 0.5354
6395.8770 0.5379
6397.3481 0.5389
6398.8198 0.5391
6400.2954 0.5389
6401.7681 0.5387
6403.2441 0.5385
6404.7173 0.5374
6406.1943 0.5343
6407.6680 0.5305
6409.1421 0.5330
6410.6196 0.5369
6412.0947 0.5378
6413.5732 0.5361
6415.0488 0.5351
6416.5278 0.5347
6418.0039 0.5349
6419.4805 0.5341
6420.9609 0.5332
6422.4380 0.5338
6423.9189 0.5351
6425.3970 0.5352
6426.8784 0.5350
6428.3569 0.5310
6429.8359 0.5199
6431.3184 0.5102
6432.7979 0.5200
6434.2812 0.5319
6435.7617 0.5351
6437.2456 0.5347
6438.7266 0.5349
6440.2114 0.5356
6441.6929 0.5360
6443.1748 0.5357
6444.6606 0.5358
6446.1431 0.5365
6447.6294 0.5368
6449.1128 0.5359
6450.6001 0.5343
6452.0840 0.5347
6453.5684 0.5360
6455.0566 0.5351
6456.5415 0.5327
6458.0303 0.5320
6459.5161 0.5339
6461.0054 0.5365
6462.4917 0.5372
6463.9785 0.5355
6465.4692 0.5321
6466.9565 0.5295
6468.4478 0.5304
6469.9360 0.5311
6471.4277 0.5316
6472.9165 0.5342
6474.4058 0.5372
6475.8984 0.5384
6477.3882 0.5393
6478.8818 0.5392
6480.3726 0.5383
6481.8667 0.5384
6483.3579 0.5393
6484.8496 0.5396
6486.3447 0.5393
6487.8369 0.5379
6489.3330 0.5313
6490.8262 0.5260
6492.3228 0.5283
6493.8164 0.5352
6495.3101 0.5365
6496.8081 0.5372
6498.3027 0.5370
6499.8013 0.5371
6501.2964 0.5376
6502.7954 0.5374
6504.2915 0.5365
6505.7876 0.5359
6507.2881 0.5354
6508.7852 0.5356
6510.2861 0.5361
6511.7837 0.5364
6513.2852 0.5374
6514.7837 0.5381
6516.2822 0.5380
6517.7852 0.5366
6519.2842 0.5351
6520.7876 0.5352
6522.2876 0.5364
6523.7920 0.5366
6525.2925 0.5370
6526.7939 0.5352
6528.2988 0.5320
6529.8008 0.5293
6531.3062 0.5256
6532.8091 0.5190
6534.3154 0.5084
6535.8184 0.4845
6537.3223 0.4690
6538.8296 0.4838
6540.3340 0.5071
6541.8423 0.5194
6543.3472 0.5260
6544.8560 0.5307
6546.3613 0.5343
6547.8677 0.5365
6549.3774 0.5380
6550.8843 0.5394
6552.3945 0.5407
6553.9019 0.5414
6555.4136 0.5417
6556.9214 0.5418
6558.4336 0.5418
6559.9424 0.5409
6561.4512 0.5397
6562.9644 0.5401
6564.4741 0.5410
6565.9878 0.5408
6567.4985 0.5410
6569.0127 0.5415
6570.5239 0.5423
6572.0356 0.5427
6573.5513 0.5429
6575.0635 0.5434
6576.5796 0.5442
6578.0923 0.5443
6579.6094 0.5437
6581.1230 0.5438
6582.6372 0.5448
6584.1548 0.5456
6585.6694 0.5434
6587.1885 0.5352
6588.7036 0.5304
6590.2231 0.5361
6591.7393 0.5437
6593.2554 0.5443
6594.7759 0.5447
6596.2930 0.5446
6597.8140 0.5448
6599.3320 0.5448
6600.8535 0.5447
6602.3721 0.5447
6603.8911 0.5451
6605.4141 0.5453
6606.9336 0.5452
6608.4570 0.5453
6609.9771 0.5455
6611.5015 0.5456
6613.0225 0.5455
6614.5439 0.5454
6616.0693 0.5449
6617.5913 0.5441
6619.1172 0.5436
6620.6396 0.5438
6622.1665 0.5446
6623.6899 0.5454
6625.2139 0.5451
6626.7417 0.5445
6628.2661 0.5443
6629.7944 0.5445
6631.3198 0.5441
6632.8486 0.5435
6634.3745 0.5420
6635.9009 0.5418
6637.4312 0.5429
6638.9580 0.5441
6640.4888 0.5450
6642.0166 0.5457
6643.5483 0.5456
6645.0767 0.5449
6646.6055 0.5445
6648.1382 0.5448
6649.6675 0.5454
6651.2007 0.5447
6652.7310 0.5439
6654.2651 0.5441
6655.7959 0.5451
6657.3271 0.5459
6658.8623 0.5459
6660.3940 0.5462
6661.9297 0.5464
6663.4624 0.5461
6664.9990 0.5459
6666.5322 0.5459
6668.0659 0.5454
6669.6035 0.5451
6671.1377 0.5447
6672.6763 0.5435
6674.2114 0.5429
6675.7505 0.5439
6677.2861 0.5451
6678.8257 0.5459
6680.3623 0.5461
6681.8989 0.5459
6683.4399 0.5456
6684.9775 0.5459
6686.5190 0.5460
6688.0571 0.5455
6689.5996 0.5453
6691.1382 0.5451
6692.6777 0.5450
6694.2212 0.5452
6695.7607 0.5451
6697.3052 0.5445
6698.8457 0.5449
6700.3906 0.5458
6701.9316 0.5463
6703.4736 0.5463
6705.0195 0.5465
6706.5620 0.5464
6708.1084 0.5462
6709.6519 0.5461
6711.1987 0.5463
6712.7427 0.5466
6714.2871 0.5467
6715.8354 0.5462
6717.3804 0.5457
6718.9292 0.5465
6720.4751 0.5472
6722.0249 0.5461
6723.5713 0.5461
6725.1177 0.5473
6726.6685 0.5483
6728.2163 0.5485
6729.7676 0.5475
6731.3159 0.5465
6732.8682 0.5483
6734.4170 0.5494
6735.9663 0.5497
6737.5195 0.5495
6739.0693 0.5493
6740.6235 0.5494
6742.1743 0.5497
6743.7290 0.5501
6745.2803 0.5503
6746.8320 0.5504
6748.3877 0.5506
6749.9404 0.5508
6751.4966 0.5511
6753.0498 0.5512
6754.6069 0.5513
6756.1611 0.5509
6757.7153 0.5504
6759.2734 0.5504
6760.8286 0.5513
6762.3877 0.5518
6763.9434 0.5518
6765.5029 0.5519
6767.0596 0.5521
6768.6162 0.5521
6770.1772 0.5521
6771.7344 0.5519
6773.2959 0.5519
6774.8540 0.5524
6776.4165 0.5527
6777.9756 0.5526
6779.5347 0.5528
6781.0981 0.5530
6782.6582 0.5526
6784.2222 0.5525
6785.7827 0.5527
6787.3477 0.5527
6788.9092 0.5530
6790.4707 0.5533
6792.0366 0.5532
6793.5991 0.5529
6795.1655 0.5529
6796.7290 0.5534
6798.2964 0.5534
6799.8604 0.5516
6801.4282 0.5489
6802.9927 0.5502
6804.5581 0.5533
6806.1270 0.5537
6807.6929 0.5538
6809.2627 0.5538
6810.8291 0.5538
6812.3994 0.5535
6813.9668 0.5527
6815.5342 0.5519
6817.1060 0.5523
6818.6743 0.5534
6820.2466 0.5540
6821.8154 0.5542
6823.3887 0.5542
6824.9585 0.5543
6826.5283 0.5539
6828.1025 0.5523
6829.6733 0.5518
6831.2485 0.5526
6832.8198 0.5534
6834.3955 0.5533
6835.9678 0.5539
6837.5405 0.5547
6839.1172 0.5549
6840.6904 0.5550
6842.2681 0.5549
6843.8418 0.5549
6845.4199 0.5550
6846.9946 0.5552
6848.5698 0.5553
6850.1494 0.5554
6851.7251 0.5555
6853.3052 0.5553
6854.8818 0.5549
6856.4624 0.5548
6858.0396 0.5551
6859.6177 0.5550
6861.1992 0.5549
6862.7778 0.5557
6864.3604 0.5561
6865.9395 0.5562
6867.5225 0.5562
6869.1025 0.5563
6870.6826 0.5563
6872.2671 0.5564
6873.8481 0.5565
6875.4331 0.5566
6877.0146 0.5564
6878.6006 0.5560
6880.1831 0.5560
6881.7656 0.5565
6883.3525 0.5565
6884.9360 0.5561
6886.5239 0.5559
6888.1079 0.5558
6889.6963 0.5559
6891.2812 0.5562
6892.8667 0.5561
6894.4561 0.5559
6896.0425 0.5563
6897.6323 0.5565
6899.2192 0.5566
6900.8105 0.5568
6902.3979 0.5570
6903.9858 0.5572
6905.5776 0.5574
6907.1665 0.5576
6908.7593 0.5579
6910.3486 0.5579
6911.9419 0.5577
6913.5322 0.5578
6915.1226 0.5581
6916.7173 0.5578
6918.3081 0.5573
6919.9038 0.5576
6921.4956 0.5582
6923.0918 0.5583
6924.6846 0.5581
6926.2812 0.5582
6927.8745 0.5584
6929.4683 0.5584
6931.0664 0.5586
6932.6606 0.5588
6934.2593 0.5580
6935.8545 0.5578
6937.4541 0.5583
6939.0498 0.5587
6940.6460 0.5589
6942.2466 0.5591
6943.8438 0.5589
6945.4448 0.5587
6947.0430 0.5589
6948.6445 0.5588
6950.2432 0.5580
6951.8423 0.5573
6953.4453 0.5580
6955.0449 0.5586
6956.6489 0.5590
6958.2490 0.5596
6959.8535 0.5600
6961.4546 0.5601
6963.0562 0.5602
6964.6621 0.5587
6966.2642 0.5570
6967.8706 0.5575
6969.4736 0.5592
6971.0806 0.5581
6972.6841 0.5568
6974.2886 0.5560
6975.8965 0.5561
6977.5015 0.5577
6979.1104 0.5592
6980.7158 0.5600
6982.3257 0.5601
6983.9321 0.5600
6985.5386 0.5597
6987.1494 0.5594
6988.7568 0.5592
6990.3687 0.5593
6991.9766 0.5591
6993.5889 0.5588
6995.1978 0.5589
6996.8071 0.5595
6998.4204 0.5592
7000.0303 0.5591
7001.6445 0.5590
7003.2554 0.5584
7004.8701 0.5585
7006.4819 0.5599
7008.0938 0.5601
7009.7095 0.5598
7011.3223 0.5599
7012.9390 0.5595
7014.5522 0.5586
7016.1699 0.5586
7017.7837 0.5593
7019.3984 0.5593
7021.0171 0.5595
7022.6323 0.5594
7024.2515 0.5594
7025.8677 0.5597
7027.4878 0.5590
7029.1045 0.5584
7030.7212 0.5592
7032.3428 0.5588
7033.9604 0.5574
7035.5825 0.5569
7037.2007 0.5573
7038.8237 0.5575
7040.4429 0.5579
7042.0664 0.5581
7043.6865 0.5585
7045.3066 0.5593
7046.9316 0.5594
7048.5527 0.5596
7050.1782 0.5594
7051.7998 0.5590
7053.4263 0.5592
7055.0488 0.5601
7056.6719 0.5602
7058.2988 0.5603
7059.9229 0.5601
7061.5508 0.5601
7063.1753 0.5604
7064.8037 0.5606
7066.4292 0.5605
7068.0547 0.5610
7069.6846 0.5616
7071.3110 0.5613
7072.9419 0.5608
7074.5688 0.5613
7076.2002 0.5620
7077.8281 0.5618
7079.4561 0.5611
7081.0889 0.5608
7082.7178 0.5601
7084.3511 0.5584
7085.9810 0.5576
7087.6147 0.5574
7089.2451 0.5582
7090.8760 0.5592
7092.5112 0.5596
7094.1431 0.5598
7095.7788 0.5614
7097.4111 0.5626
7099.0479 0.5629
7100.6812 0.5626
7102.3145 0.5619
7103.9521 0.5613
7105.5864 0.5621
7107.2251 0.5627
7108.8599 0.5629
7110.4995 0.5631
7112.1353 0.5633
7113.7715 0.5632
7115.4116 0.5628
7117.0483 0.5635
7118.6899 0.5618
7120.3271 0.5602
7121.9692 0.5613
7123.6079 0.5640
7125.2466 0.5642
7126.8896 0.5638
7128.5293 0.5634
7130.1729 0.5638
7131.8130 0.5644
7133.4580 0.5638
7135.0986 0.5622
7136.7402 0.5593
7138.3857 0.5605
7140.0283 0.5633
7141.6748 0.5648
7143.3174 0.5652
7144.9648 0.5655
7146.6084 0.5653
7148.2524 0.5647
7149.9009 0.5650
7151.5459 0.5651
7153.1948 0.5638
7154.8403 0.5644
7156.4902 0.5655
7158.1367 0.5635
7159.7832 0.5627
7161.4346 0.5644
7163.0820 0.5648
7164.7339 0.5626
7166.3818 0.5624
7168.0347 0.5635
7169.6836 0.5642
7171.3369 0.5638
7172.9863 0.5623
7174.6367 0.5609
7176.2910 0.5629
7177.9419 0.5615
7179.5972 0.5601
7181.2490 0.5614
7182.9048 0.5633
7184.5571 0.5628
7186.2100 0.5619
7187.8672 0.5624
7189.5210 0.5631
7191.1787 0.5631
7192.8330 0.5623
7194.4917 0.5606
7196.1465 0.5601
7197.8022 0.5615
7199.4619 0.5628
7201.1182 0.5634
7202.7788 0.5641
7204.4355 0.5643
7206.0972 0.5637
7207.7549 0.5635
7209.4131 0.5634
7211.0757 0.5626
7212.7344 0.5614
7214.3975 0.5621
7216.0571 0.5619
7217.7212 0.5627
7219.3818 0.5639
7221.0425 0.5636
7222.7075 0.5624
7224.3691 0.5633
7226.0352 0.5636
7227.6973 0.5640
7229.3643 0.5645
7231.0273 0.5643
7232.6909 0.5632
7234.3584 0.5633
7236.0229 0.5640
7237.6914 0.5643
7239.3564 0.5645
7241.0259 0.5646
7242.6919 0.5644
7244.3579 0.5641
7246.0283 0.5632
7247.6953 0.5630
7249.3667 0.5635
7251.0342 0.5640
7252.7065 0.5638
7254.3750 0.5631
7256.0439 0.5626
7257.7168 0.5631
7259.3867 0.5606
7261.0605 0.5582
7262.7310 0.5603
7264.4058 0.5618
7266.0771 0.5629
7267.7485 0.5638
7269.4243 0.5638
7271.0967 0.5634
7272.7734 0.5635
7274.4463 0.5639
7276.1240 0.5648
7277.7979 0.5640
7279.4722 0.5628
7281.1509 0.5626
7282.8257 0.5639
7284.5054 0.5656
7286.1812 0.5662
7287.8613 0.5662
7289.5376 0.5657
7291.2148 0.5646
7292.8960 0.5639
7294.5737 0.5651
7296.2559 0.5637
7297.9341 0.5623
7299.6172 0.5632
7301.2964 0.5644
7302.9800 0.5638
7304.6602 0.5644
7306.3408 0.5646
7308.0254 0.5648
7309.7065 0.5646
7311.3921 0.5643
7313.0742 0.5645
7314.7607 0.5645
7316.4434 0.5645
7318.1265 0.5643
7319.8140 0.5643
7321.4980 0.5640
7323.1860 0.5634
7324.8711 0.5629
7326.5601 0.5622
7328.2456 0.5627
7329.9312 0.5637
7331.6216 0.5638
7333.3081 0.5631
7334.9995 0.5630
7336.6865 0.5634
7338.3784 0.5635
7340.0669 0.5634
7341.7554 0.5636
7343.4482 0.5638
7345.1377 0.5636
7346.8315 0.5636
7348.5215 0.5640
7350.2163 0.5643
7351.9067 0.5642
7353.5981 0.5638
7355.2939 0.5632
7356.9858 0.5620
7358.6826 0.5615
7360.3755 0.5621
7362.0728 0.5631
7363.7661 0.5635
7365.4604 0.5633
7367.1587 0.5634
7368.8535 0.5636
7370.5527 0.5630
7372.2485 0.5624
7373.9487 0.5627
7375.6450 0.5623
7377.3418 0.5614
7379.0430 0.5612
7380.7402 0.5612
7382.4424 0.5613
7384.1406 0.5615
7385.8433 0.5603
7387.5425 0.5593
7389.2422 0.5604
7390.9458 0.5610
7392.6465 0.5593
7394.3511 0.5572
7396.0522 0.5582
7397.7573 0.5599
7399.4595 0.5606
7401.1616 0.5605
7402.8682 0.5602
7404.5713 0.5601
7406.2788 0.5608
7407.9824 0.5609
7409.6909 0.5616
7411.3955 0.5591
7413.1006 0.5561
7414.8101 0.5579
7416.5156 0.5614
7418.2261 0.5616
7419.9326 0.5599
7421.6436 0.5600
7423.3506 0.5617
7425.0586 0.5626
7426.7705 0.5629
7428.4795 0.5629
7430.1924 0.5631
7431.9014 0.5600
7433.6152 0.5572
7435.3257 0.5600
7437.0400 0.5602
7438.7510 0.5549
7440.4624 0.5563
7442.1777 0.5604
7443.8901 0.5623
7445.6064 0.5624
7447.3193 0.5622
7449.0366 0.5612
7450.7505 0.5605
7452.4644 0.5607
7454.1831 0.5613
7455.8979 0.5618
7457.6172 0.5626
7459.3325 0.5626
7461.0527 0.5626
7462.7690 0.5624
7464.4858 0.5612
7466.2070 0.5599
7467.9248 0.5609
7469.6470 0.5620
7471.3652 0.5625
7473.0884 0.5624
7474.8076 0.5619
7476.5269 0.5614
7478.2510 0.5613
7479.9712 0.5608
7481.6963 0.5595
7483.4175 0.5590
7485.1431 0.5592
7486.8652 0.5593
7488.5874 0.5610
7490.3145 0.5616
7492.0371 0.5607
7493.7651 0.5595
7495.4888 0.5594
7497.2173 0.5606
7498.9419 0.5611
7500.6670 0.5609
7502.3970 0.5600
7504.1226 0.5596
7505.8530 0.5601
7507.5801 0.5608
7509.3110 0.5609
7511.0386 0.5608
7512.7666 0.5606
7514.4990 0.5606
7516.2275 0.5606
7517.9609 0.5605
7519.6904 0.5606
7521.4243 0.5606
7523.1548 0.5606
7524.8853 0.5598
7526.6206 0.5592
7528.3521 0.5600
7530.0884 0.5598
7531.8203 0.5595
7533.5571 0.5594
7535.2905 0.5594
7537.0239 0.5593
7538.7617 0.5589
7540.4961 0.5588
7542.2349 0.5594
7543.9702 0.5587
7545.7095 0.5584
7547.4453 0.5589
7549.1816 0.5592
7550.9229 0.5590
7552.6597 0.5586
7554.4014 0.5578
7556.1392 0.5576
7557.8818 0.5582
7559.6201 0.5590
7561.3594 0.5590
7563.1030 0.5590
7564.8428 0.5588
7566.5874 0.5587
7568.3281 0.5588
7570.0732 0.5587
7571.8149 0.5582
7573.5610 0.5581
7575.3032 0.5584
7577.0459 0.5586
7578.7930 0.5585
7580.5366 0.5583
7582.2847 0.5579
7584.0288 0.5576
7585.7778 0.5560
7587.5229 0.5544
7589.2686 0.5542
7591.0186 0.5551
7592.7646 0.5562
7594.5156 0.5567
7596.2627 0.5568
7598.0142 0.5569
7599.7622 0.5569
7601.5107 0.5570
7603.2637 0.5570
7605.0127 0.5569
7606.7661 0.5569
7608.5161 0.5568
7610.2710 0.5566
7612.0215 0.5567
7613.7725 0.5569
7615.5283 0.5568
7617.2803 0.5569
7619.0366 0.5569
7620.7896 0.5569
7622.5469 0.5565
7624.3003 0.5553
7626.0542 0.5542
7627.8130 0.5529
7629.5679 0.5526
7631.3271 0.5530
7633.0825 0.5526
7634.8428 0.5513
7636.5991 0.5539
7638.3560 0.5557
7640.1172 0.5559
7641.8750 0.5559
7643.6372 0.5561
7645.3955 0.5560
7647.1587 0.5563
7648.9180 0.5550
7650.6772 0.5545
7652.4419 0.5552
7654.2021 0.5553
7655.9673 0.5544
7657.7285 0.5550
7659.4941 0.5552
7661.2563 0.5551
7663.0186 0.5552
7664.7856 0.5552
7666.5493 0.5545
7668.3169 0.5530
7670.0811 0.5535
7671.8496 0.5548
7673.6147 0.5553
7675.3799 0.5550
7677.1499 0.5549
7678.9160 0.5541
7680.6870 0.5511
7682.4536 0.5506
7684.2251 0.5526
7685.9932 0.5533
7687.7612 0.5529
7689.5342 0.5522
7691.3027 0.5513
7693.0767 0.5508
7694.8462 0.5506
7696.6206 0.5504
7698.3911 0.5507
7700.1621 0.5517
7701.9380 0.5521
7703.7100 0.5522
7705.4863 0.5524
7707.2588 0.5525
7709.0361 0.5525
7710.8096 0.5522
7712.5879 0.5518
7714.3618 0.5517
7716.1367 0.5514
7717.9160 0.5506
7719.6914 0.5512
7721.4717 0.5525
7723.2480 0.5530
7725.0288 0.5530
7726.8062 0.5530
7728.5835 0.5530
7730.3657 0.5528
7732.1440 0.5528
7733.9272 0.5531
7735.7065 0.5532
7737.4902 0.5529
7739.2700 0.5488
7741.0508 0.5337
7742.8354 0.5199
7744.6167 0.5195
7746.4028 0.5350
7748.1851 0.5509
7749.9717 0.5523
7751.7544 0.5534
7753.5376 0.5537
7755.3257 0.5536
7757.1099 0.5536
7758.8984 0.5538
7760.6836 0.5542
7762.4731 0.5544
7764.2588 0.5538
7766.0449 0.5538
7767.8359 0.5539
7769.6226 0.5538
7771.4146 0.5537
7773.2021 0.5541
7774.9946 0.5541
7776.7832 0.5543
7778.5723 0.5545
7780.3662 0.5546
7782.1558 0.5548
7783.9507 0.5549
7785.7412 0.5549
7787.5366 0.5544
7789.3281 0.5543
7791.1201 0.5546
7792.9165 0.5544
7794.7095 0.5542
7796.5068 0.5536
7798.3003 0.5524
7800.0986 0.5519
7801.8931 0.5521
7803.6880 0.5525
7805.4873 0.5534
7807.2832 0.5538
7809.0835 0.5533
7810.8799 0.5529
7812.6812 0.5529
7814.4785 0.5532
7816.2759 0.5531
7818.0786 0.5527
7819.8770 0.5526
7821.6802 0.5529
7823.4795 0.5531
7825.2837 0.5524
7827.0840 0.5523
7828.8843 0.5523
7830.6899 0.5521
7832.4912 0.5519
7834.2974 0.5517
7836.0996 0.5514
7837.9067 0.5517
7839.7100 0.5517
7841.5132 0.5519
7843.3213 0.5513
7845.1260 0.5487
7846.9351 0.5464
7848.7402 0.5502
7850.5498 0.5513
7852.3560 0.5513
7854.1665 0.5513
7855.9736 0.5509
7857.7808 0.5503
7859.5928 0.5506
7861.4009 0.5504
7863.2139 0.5465
7865.0225 0.5417
7866.8364 0.5424
7868.6460 0.5495
7870.4561 0.5501
7872.2710 0.5484
7874.0820 0.5494
7875.8979 0.5511
7877.7100 0.5507
7879.5264 0.5485
7881.3389 0.5486
7883.1519 0.5500
7884.9697 0.5499
7886.7837 0.5491
7888.6025 0.5486
7890.4175 0.5481
7892.2368 0.5470
7894.0522 0.5476
7895.8687 0.5484
7897.6890 0.5477
7899.5059 0.5467
7901.3276 0.5476
7903.1455 0.5489
7904.9678 0.5493
7906.7861 0.5498
7908.6055 0.5503
7910.4292 0.5500
7912.2485 0.5488
7914.0732 0.5482
7915.8940 0.5476
7917.7192 0.5473
7919.5405 0.5472
7921.3628 0.5476
7923.1895 0.5486
7925.0122 0.5493
7926.8394 0.5493
7928.6631 0.5478
7930.4912 0.5461
7932.3159 0.5455
7934.1406 0.5465
7935.9702 0.5485
7937.7959 0.5484
7939.6265 0.5483
7941.4526 0.5484
7943.2842 0.5481
7945.1113 0.5476
7946.9390 0.5478
7948.7720 0.5482
7950.6006 0.5482
7952.4336 0.5482
7954.2632 0.5478
7956.0977 0.5475
7957.9277 0.5486
7959.7583 0.5489
7961.5938 0.5484
7963.4253 0.5483
7965.2617 0.5483
7967.0942 0.5474
7968.9316 0.5459
7970.7646 0.5450
7972.5981 0.5460
7974.4370 0.5467
7976.2715 0.5457
7978.1108 0.5448
7979.9458 0.5470
7981.7861 0.5468
7983.6226 0.5460
7985.4590 0.5468
7987.3003 0.5481
7989.1377 0.5476
7990.9800 0.5468
7992.8184 0.5454
7994.6616 0.5451
7996.5005 0.5454
7998.3447 0.5457
8000.1846 0.5460
8002.0249 0.5468
8003.8706 0.5459
8005.7114 0.5457
8007.5576 0.5461
8009.3999 0.5463
8011.2471 0.5459
8013.0898 0.5447
8014.9331 0.5438
8016.7812 0.5447
8018.6255 0.5458
8020.4746 0.5463
8022.3198 0.5462
8024.1699 0.5459
8026.0156 0.5457
8027.8623 0.5455
8029.7134 0.5456
8031.5605 0.5457
8033.4126 0.5455
8035.2607 0.5454
8037.1138 0.5452
8038.9624 0.5446
8040.8120 0.5446
8042.6660 0.5452
8044.5161 0.5454
8046.3711 0.5451
8048.2222 0.5445
8050.0781 0.5445
8051.9302 0.5437
8053.7827 0.5428
8055.6396 0.5435
8057.4927 0.5441
8059.3511 0.5439
8061.2051 0.5435
8063.0640 0.5435
8064.9189 0.5433
8066.7739 0.5426
8068.6343 0.5431
8070.4902 0.5437
8072.3516 0.5438
8074.2085 0.5437
8076.0703 0.5437
8077.9282 0.5435
8079.7866 0.5435
8081.6499 0.5435
8083.5088 0.5433
8085.3730 0.5432
8087.2329 0.5433
8089.0981 0.5432
8090.9590 0.5432
8092.8203 0.5431
8094.6865 0.5430
8096.5483 0.5429
8098.4155 0.5428
8100.2788 0.5426
8102.1465 0.5425
8104.0103 0.5426
8105.8745 0.5425
8107.7441 0.5423
8109.6089 0.5422
8111.4790 0.5422
8113.3452 0.5422
8115.2163 0.5422
8117.0830 0.5419
8118.9502 0.5418
8120.8228 0.5418
8122.6909 0.5418
8124.5640 0.5416
8126.4326 0.5416
8128.3066 0.5413
8130.1768 0.5409
8132.0513 0.5409
8133.9224 0.5412
8135.7935 0.5411
8137.6694 0.5411
8139.5415 0.5410
8141.4185 0.5409
8143.2915 0.5408
8145.1694 0.5407
8147.0430 0.5405
8148.9175 0.5401
8150.7964 0.5374
8152.6714 0.5369
8154.5513 0.5386
8156.4272 0.5389
8158.3081 0.5397
8160.1851 0.5397
8162.0625 0.5368
8163.9443 0.5363
8165.8228 0.5383
8167.7056 0.5376
8169.5845 0.5358
8171.4683 0.5374
8173.3481 0.5388
8175.2285 0.5388
8177.1138 0.5383
8178.9951 0.5381
8180.8809 0.5376
8182.7632 0.5363
8184.6499 0.5365
8186.5327 0.5363
8188.4160 0.5352
8190.3042 0.5355
8192.1885 0.5372
8194.0771 0.5380
8195.9629 0.5374
8197.8525 0.5359
8199.7383 0.5350
8201.6250 0.5354
8203.5156 0.5357
8205.4033 0.5368
8207.2959 0.5370
8209.1836 0.5364
8211.0762 0.5363
8212.9658 0.5368
8214.8545 0.5353
8216.7490 0.5324
8218.6396 0.5347
8220.5342 0.5361
8222.4258 0.5349
8224.3223 0.5356
8226.2139 0.5363
8228.1064 0.5365
8230.0039 0.5365
8231.8965 0.5364
8233.7949 0.5365
8235.6895 0.5367
8237.5889 0.5366
8239.4834 0.5364
8241.3789 0.5362
8243.2793 0.5359
8245.1758 0.5357
8247.0771 0.5360
8248.9746 0.5356
8250.8770 0.5354
8252.7744 0.5350
8254.6729 0.5345
8256.5771 0.5345
8258.4766 0.5350
8260.3809 0.5344
8262.2812 0.5348
8264.1865 0.5347
8266.0869 0.5341
8267.9893 0.5344
8269.8955 0.5357
8271.7979 0.5344
8273.7051 0.5320
8275.6084 0.5338
8277.5166 0.5362
8279.4209 0.5346
8281.3301 0.5303
8283.2354 0.5309
8285.1416 0.5350
8287.0518 0.5362
8288.9580 0.5320
8290.8691 0.5278
8292.7773 0.5300
8294.6895 0.5350
8296.5977 0.5362
8298.5059 0.5325
8300.4199 0.5248
8302.3291 0.5218
8304.2432 0.5302
8306.1543 0.5363
8308.0693 0.5363
8309.9805 0.5318
8311.8926 0.5243
8313.8086 0.5216
8315.7217 0.5298
8317.6396 0.5354
8319.5527 0.5369
8321.4707 0.5359
8323.3857 0.5298
8325.2998 0.5208
8327.2197 0.5183
8329.1357 0.5271
8331.0566 0.5342
8332.9727 0.5369
8334.8945 0.5368
8336.8115 0.5341
8338.7295 0.5274
8340.6523 0.5167
8342.5713 0.5141
8344.4951 0.5233
8346.4150 0.5322
8348.3398 0.5354
8350.2598 0.5369
8352.1807 0.5358
8354.1074 0.5323
8356.0293 0.5262
8357.9561 0.5156
8359.8789 0.5088
8361.8066 0.5157
8363.7295 0.5249
8365.6543 0.5309
8367.5830 0.5344
8369.5078 0.5363
8371.4375 0.5357
8373.3643 0.5315
8375.2949 0.5260
8377.2217 0.5184
8379.1484 0.5071
8381.0811 0.5047
8383.0088 0.5136
8384.9424 0.5230
8386.8711 0.5284
8388.8047 0.5327
8390.7344 0.5347
8392.6650 0.5353
8394.6006 0.5347
8396.5312 0.5324
8398.4678 0.5282
8400.3994 0.5234
8402.3369 0.5142
8404.2695 0.5027
8406.2031 0.5003
8408.1416 0.5131
8410.0762 0.5214
8412.0156 0.5097
8413.9502 0.5028
8415.8906 0.5159
8417.8271 0.5324
8419.7637 0.5306
8421.7051 0.5320
8423.6426 0.5311
8425.5850 0.5292
8427.5234 0.5254
8429.4668 0.5194
8431.4053 0.5106
8433.3496 0.4985
8435.2900 0.4982
8437.2305 0.5097
8439.1758 0.5204
8441.1172 0.5251
8443.0645 0.5281
8445.0059 0.5294
8446.9541 0.5294
8448.8965 0.5296
8450.8408 0.5297
8452.7891 0.5291
8454.7344 0.5278
8456.6836 0.5266
8458.6289 0.5252
8460.5791 0.5258
8462.5254 0.5156
8464.4727 0.4983
8466.4248 0.4917
8468.3721 0.4919
8470.3252 0.4928
8472.2734 0.5041
8474.2275 0.5147
8476.1768 0.5190
8478.1270 0.5224
8480.0820 0.5223
8482.0322 0.5239
8483.9883 0.5263
8485.9404 0.5269
8487.8975 0.5259
8489.8496 0.5259
8491.8027 0.5261
8493.7607 0.5266
8495.7148 0.5265
8497.6738 0.5258
8499.6289 0.5250
8501.5889 0.5233
8503.5449 0.5197
8505.5010 0.5151
8507.4619 0.4924
8509.4199 0.4754
8511.3818 0.4783
8513.3398 0.4896
8515.3027 0.5030
8517.2617 0.5119
8519.2217 0.5165
8521.1855 0.5184
8523.1465 0.5193
8525.1113 0.5207
8527.0723 0.5215
8529.0391 0.5220
8531.0010 0.5223
8532.9639 0.5209
8534.9316 0.5196
8536.8945 0.5211
8538.8633 0.5210
8540.8281 0.5209
8542.7969 0.5208
8544.7627 0.5208
8546.7285 0.5208
8548.6992 0.5206
8550.6660 0.5196
8552.6377 0.5183
8554.6045 0.5177
8556.5771 0.5160
8558.5459 0.5110
8560.5146 0.5034
8562.4893 0.4949
8564.4590 0.4840
8566.4336 0.4883
8568.4043 0.5006
8570.3799 0.5097
8572.3516 0.5139
8574.3242 0.5160
8576.3008 0.5171
8578.2744 0.5176
8580.2520 0.5179
8582.2256 0.5181
8584.2051 0.5173
8586.1797 0.5160
8588.1602 0.5160
8590.1357 0.5173
8592.1113 0.5176
8594.0928 0.5148
8596.0703 0.5118
8598.0527 0.5159
8600.0303 0.5174
8602.0137 0.5175
8603.9922 0.5172
8605.9717 0.5169
8607.9561 0.5168
8609.9365 0.5163
8611.9219 0.5158
8613.9033 0.5155
8615.8896 0.5152
8617.8711 0.5149
8619.8535 0.5137
8621.8418 0.5106
8623.8252 0.5102
8625.8135 0.5006
8627.7979 0.4807
8629.7881 0.4675
8631.7725 0.4767
8633.7588 0.4912
8635.7500 0.5023
8637.7363 0.5081
8639.7285 0.5112
8641.7158 0.5135
8643.7080 0.5127
8645.6973 0.5036
8647.6855 0.5007
8649.6797 0.5023
8651.6699 0.5056
8653.6650 0.5101
8655.6553 0.5144
8657.6514 0.5161
8659.6436 0.5153
8661.6357 0.5148
8663.6328 0.5154
8665.6260 0.5154
8667.6240 0.5123
8669.6182 0.5087
8671.6172 0.5124
8673.6123 0.5153
8675.6074 0.5123
8677.6084 0.5084
8679.6045 0.5114
8681.6055 0.5148
8683.6025 0.5104
8685.6055 0.5092
8687.6035 0.5119
8689.6025 0.5140
8691.6055 0.5131
8693.6055 0.5116
8695.6104 0.5106
8697.6104 0.5118
8699.6162 0.5123
8701.6172 0.5112
8703.6191 0.5106
8705.6260 0.5094
8707.6289 0.5078
8709.6367 0.5052
8711.6406 0.5002
8713.6494 0.4899
8715.6543 0.4766
8717.6592 0.4775
8719.6699 0.4914
8721.6758 0.5006
8723.6865 0.5050
8725.6934 0.5081
8727.7061 0.5091
8729.7129 0.5090
8731.7217 0.5097
8733.7354 0.5100
8735.7441 0.5100
8737.7588 0.5099
8739.7686 0.5097
8741.7842 0.5101
8743.7949 0.5099
8745.8115 0.5092
8747.8232 0.5090
8749.8359 0.5093
8751.8535 0.5092
8753.8672 0.5090
8755.8857 0.5090
8757.9004 0.5090
8759.9199 0.5089
8761.9346 0.5089
8763.9502 0.5087
8765.9717 0.5081
8767.9883 0.5082
8770.0098 0.5064
8772.0273 0.5042
8774.0498 0.5042
8776.0684 0.5060
8778.0879 0.5055
8780.1113 0.5053
8782.1318 0.5060
8784.1562 0.5054
8786.1777 0.5038
8788.2031 0.5037
8790.2256 0.5041
8792.2471 0.5048
8794.2754 0.5050
8796.2979 0.5043
8798.3262 0.5035
8800.3506 0.5034
8802.3799 0.5029
8804.4053 0.5025
8806.4307 0.5023
8808.4609 0.5021
8810.4873 0.5014
8812.5195 0.5004
8814.5459 0.4993
8816.5791 0.4982
8818.6074 0.4961
8820.6357 0.4935
8822.6699 0.4900
8824.6992 0.4835
8826.7344 0.4737
8828.7646 0.4690
8830.8008 0.4761
8832.8330 0.4847
8834.8643 0.4889
8836.9014 0.4919
8838.9346 0.4924
8840.9727 0.4940
8843.0068 0.4956
8845.0459 0.4958
8847.0811 0.4952
8849.1162 0.4956
8851.1562 0.4969
8853.1924 0.4980
8855.2344 0.4982
8857.2715 0.4978
8859.3145 0.4979
8861.3516 0.4987
8863.3906 0.4987
8865.4346 0.4988
8867.4736 0.4991
8869.5186 0.4992
8871.5596 0.4992
8873.6045 0.4990
8875.6465 0.4971
8877.6885 0.4943
8879.7354 0.4969
8881.7783 0.4991
8883.8262 0.4980
8885.8701 0.4978
8887.9189 0.4976
8889.9639 0.4965
8892.0088 0.4928
8894.0596 0.4929
8896.1055 0.4969
8898.1562 0.4976
8900.2041 0.4974
8902.2559 0.4973
8904.3037 0.4971
8906.3574 0.4969
8908.4062 0.4962
8910.4561 0.4950
8912.5107 0.4951
8914.5605 0.4952
8916.6162 0.4955
8918.6680 0.4956
8920.7246 0.4953
8922.7764 0.4951
8924.8291 0.4947
8926.8867 0.4946
8928.9404 0.4936
8931.0000 0.4925
8933.0547 0.4922
8935.1143 0.4926
8937.1699 0.4924
8939.2256 0.4919
8941.2871 0.4905
8943.3438 0.4898
8945.4062 0.4902
8947.4639 0.4903
8949.5273 0.4897
8951.5859 0.4891
8953.6455 0.4884
8955.7100 0.4876
8957.7705 0.4868
8959.8359 0.4860
8961.8975 0.4846
8963.9639 0.4821
8966.0264 0.4812
8968.0889 0.4805
8970.1572 0.4785
8972.2207 0.4755
8974.2891 0.4715
8976.3535 0.4670
8978.4238 0.4593
8980.4893 0.4568
8982.5557 0.4624
8984.6270 0.4686
8986.6934 0.4720
8988.7656 0.4749
8990.8340 0.4770
8992.9072 0.4784
8994.9756 0.4796
8997.0449 0.4806
8999.1201 0.4809
9001.1904 0.4807
9003.2656 0.4815
9005.3369 0.4826
9007.4131 0.4829
9009.4854 0.4830
9011.5586 0.4832
9013.6357 0.4832
9015.7100 0.4831
9017.7891 0.4832
9019.8633 0.4837
9021.9434 0.4835
9024.0186 0.4815
9026.0947 0.4730
9028.1758 0.4755
9030.2529 0.4820
9032.3350 0.4835
9034.4131 0.4830
9036.4971 0.4827
9038.5752 0.4831
9040.6543 0.4804
9042.7393 0.4773
9044.8193 0.4780
9046.9053 0.4819
9048.9863 0.4822
9051.0732 0.4796
9053.1553 0.4751
9055.2383 0.4768
9057.3262 0.4795
9059.4102 0.4730
9061.4990 0.4771
9063.5840 0.4798
9065.6738 0.4801
9067.7588 0.4797
9069.8506 0.4796
9071.9365 0.4795
9074.0234 0.4782
9076.1162 0.4730
9078.2041 0.4753
9080.2979 0.4785
9082.3867 0.4777
9084.4805 0.4776
9086.5703 0.4774
9088.6611 0.4771
9090.7568 0.4769
9092.8486 0.4770
9094.9453 0.4770
9097.0371 0.4765
9099.1348 0.4766
9101.2285 0.4765
9103.3223 0.4763
9105.4209 0.4761
9107.5156 0.4758
9109.6162 0.4752
9111.7119 0.4744
9113.8125 0.4746
9115.9092 0.4747
9118.0068 0.4744
9120.1094 0.4740
9122.2070 0.4738
9124.3105 0.4736
9126.4102 0.4732
9128.5146 0.4727
9130.6143 0.4725
9132.7148 0.4724
9134.8213 0.4720
9136.9219 0.4714
9139.0293 0.4703
9141.1318 0.4696
9143.2393 0.4697
9145.3428 0.4694
9147.4473 0.4682
9149.5566 0.4688
9151.6611 0.4685
9153.7715 0.4683
9155.8770 0.4681
9157.9883 0.4675
9160.0957 0.4669
9162.2031 0.4661
9164.3154 0.4655
9166.4238 0.4644
9168.5371 0.4634
9170.6465 0.4628
9172.7617 0.4617
9174.8711 0.4595
9176.9824 0.4559
9179.0986 0.4562
9181.2100 0.4551
9183.3271 0.4520
9185.4395 0.4518
9187.5576 0.4486
9189.6719 0.4435
9191.7852 0.4350
9193.9053 0.4329
9196.0205 0.4396
9198.1406 0.4454
9200.2568 0.4475
9202.3789 0.4488
9204.4951 0.4525
9206.6133 0.4536
9208.7363 0.4525
9210.8545 0.4552
9212.9785 0.4569
9215.0977 0.4572
9217.2227 0.4562
9219.3428 0.4556
9221.4639 0.4560
9223.5908 0.4558
9225.7129 0.4534
9227.8398 0.4539
9229.9629 0.4549
9232.0908 0.4570
9234.2148 0.4591
9236.3447 0.4587
9238.4688 0.4588
9240.5947 0.4588
9242.7256 0.4586
9244.8516 0.4585
9246.9834 0.4583
9249.1104 0.4582
9251.2432 0.4580
9253.3721 0.4575
9255.5010 0.4573
9257.6348 0.4572
9259.7646 0.4569
9261.8994 0.4569
9264.0303 0.4569
9266.1670 0.4565
9268.2988 0.4562
9270.4307 0.4561
9272.5684 0.4558
9274.7012 0.4555
9276.8398 0.4554
9278.9746 0.4553
9281.1143 0.4543
9283.2490 0.4538
9285.3848 0.4542
9287.5264 0.4541
9289.6621 0.4538
9291.8047 0.4537
9293.9424 0.4536
9296.0850 0.4533
9298.2236 0.4530
9300.3633 0.4528
9302.5078 0.4526
9304.6475 0.4523
9306.7930 0.4518
9308.9346 0.4516
9311.0811 0.4514
9313.2227 0.4506
9315.3652 0.4503
9317.5137 0.4505
9319.6572 0.4504
9321.8057 0.4500
9323.9502 0.4497
9326.1006 0.4494
9328.2461 0.4494
9330.3916 0.4492
9332.5439 0.4489
9334.6904 0.4484
9336.8428 0.4479
9338.9912 0.4479
9341.1445 0.4478
9343.2939 0.4473
9345.4434 0.4472
9347.5977 0.4467
9349.7480 0.4455
9351.9043 0.4453
9354.0557 0.4455
9356.2129 0.4439
9358.3652 0.4444
9360.5186 0.4453
9362.6768 0.4447
9364.8301 0.4438
9366.9902 0.4420
9369.1445 0.4365
9371.3057 0.4396
9373.4609 0.4430
9375.6172 0.4389
9377.7793 0.4349
9379.9365 0.4398
9382.0996 0.4420
9384.2578 0.4405
9386.4219 0.4400
9388.5820 0.4414
9390.7461 0.4409
9392.9072 0.4400
9395.0674 0.4394
9397.2344 0.4394
9399.3965 0.4377
9401.5635 0.4360
9403.7266 0.4380
9405.8945 0.4383
9408.0586 0.4371
9410.2227 0.4373
9412.3926 0.4379
9414.5586 0.4378
9416.7295 0.4373
9418.8955 0.4369
9421.0674 0.4368
9423.2344 0.4364
9425.4023 0.4358
9427.5762 0.4355
9429.7451 0.4354
9431.9189 0.4353
9434.0889 0.4350
9436.2646 0.4346
9438.4355 0.4343
9440.6064 0.4340
9442.7832 0.4337
9444.9561 0.4332
9447.1338 0.4328
9449.3076 0.4325
9451.4863 0.4322
9453.6602 0.4318
9455.8350 0.4313
9458.0156 0.4308
9460.1914 0.4303
9462.3730 0.4299
9464.5498 0.4295
9466.7324 0.4288
9468.9102 0.4279
9471.0889 0.4279
9473.2725 0.4275
9475.4521 0.4269
9477.6367 0.4263
9479.8174 0.4257
9482.0029 0.4249
9484.1846 0.4240
9486.3662 0.4232
9488.5537 0.4221
9490.7363 0.4209
9492.9258 0.4197
9495.1094 0.4183
9497.2988 0.4165
9499.4834 0.4145
9501.6689 0.4118
9503.8604 0.4083
9506.0459 0.4026
9508.2383 0.3955
9510.4258 0.3967
9512.6191 0.4031
9514.8076 0.4077
9516.9961 0.4102
9519.1904 0.4123
9521.3809 0.4136
9523.5762 0.4146
9525.7666 0.4153
9527.9639 0.4160
9530.1553 0.4164
9532.3477 0.4162
9534.5459 0.4164
9536.7393 0.4168
9538.9385 0.4172
9541.1328 0.4175
9543.3330 0.4175
9545.5283 0.4175
9547.7246 0.4173
9549.9268 0.4173
9552.1230 0.4172
9554.3262 0.4168
9556.5234 0.4165
9558.7275 0.4165
9560.9268 0.4164
9563.1309 0.4155
9565.3311 0.4123
9567.5322 0.4131
9569.7383 0.4150
9571.9395 0.4151
9574.1465 0.4153
9576.3496 0.4148
9578.5576 0.4152
9580.7607 0.4129
9582.9648 0.4102
9585.1748 0.4106
9587.3799 0.4131
9589.5908 0.4120
9591.7969 0.4125
9594.0088 0.4108
9596.2158 0.4097
9598.4238 0.4111
9600.6367 0.4115
9602.8457 0.4115
9605.0596 0.4112
9607.2695 0.4112
9609.4854 0.4101
9611.6953 0.4080
9613.9062 0.4080
9616.1240 0.4093
9618.3359 0.4077
9620.5537 0.4043
9622.7666 0.4051
9624.9863 0.4087
9627.2002 0.4077
9629.4150 0.4079
9631.6357 0.4073
9633.8516 0.4059
9636.0723 0.4054
9638.2891 0.4059
9640.5117 0.4049
9642.7295 0.4033
9644.9482 0.4042
9647.1719 0.4047
9649.3916 0.4042
9651.6172 0.4034
9653.8369 0.4022
9656.0635 0.4024
9658.2842 0.4029
9660.5068 0.4030
9662.7344 0.4028
9664.9570 0.4026
9667.1855 0.4023
9669.4102 0.4021
9671.6396 0.4018
9673.8643 0.4015
9676.0898 0.4011
9678.3213 0.4008
9680.5479 0.4005
9682.7803 0.4001
9685.0078 0.3994
9687.2412 0.3991
9689.4697 0.3990
9691.6982 0.3987
9693.9336 0.3984
9696.1631 0.3979
9698.3994 0.3961
9700.6299 0.3942
9702.8672 0.3944
9705.0996 0.3961
9707.3320 0.3960
9709.5703 0.3954
9711.8047 0.3954
9714.0439 0.3953
9716.2783 0.3951
9718.5186 0.3947
9720.7549 0.3943
9722.9912 0.3939
9725.2334 0.3929
9727.4707 0.3928
9729.7139 0.3929
9731.9521 0.3925
9734.1963 0.3924
9736.4355 0.3921
9738.6807 0.3917
9740.9209 0.3914
9743.1621 0.3910
9745.4082 0.3905
9747.6504 0.3900
9749.8984 0.3895
9752.1416 0.3893
9754.3896 0.3892
9756.6338 0.3888
9758.8789 0.3880
9761.1289 0.3875
9763.3740 0.3873
9765.6260 0.3875
9767.8721 0.3873
9770.1250 0.3868
9772.3721 0.3863
9774.6201 0.3859
9776.8750 0.3857
9779.1240 0.3855
9781.3789 0.3849
9783.6289 0.3843
9785.8848 0.3839
9788.1367 0.3835
9790.3877 0.3833
9792.6455 0.3832
9794.8984 0.3826
9797.1572 0.3822
9799.4111 0.3821
9801.6709 0.3817
9803.9258 0.3811
9806.1807 0.3810
9808.4424 0.3808
9810.6982 0.3804
9812.9609 0.3794
9815.2188 0.3779
9817.4814 0.3776
9819.7402 0.3774
9821.9990 0.3767
9824.2646 0.3768
9826.5244 0.3777
9828.7900 0.3775
9831.0518 0.3771
9833.3184 0.3767
9835.5801 0.3764
9837.8428 0.3761
9840.1113 0.3758
9842.3750 0.3754
9844.6455 0.3748
9846.9102 0.3748
9849.1807 0.3730
9851.4463 0.3706
9853.7129 0.3703
9855.9844 0.3728
9858.2520 0.3726
9860.5254 0.3713
9862.7939 0.3713
9865.0684 0.3716
9867.3379 0.3710
9869.6074 0.3707
9871.8838 0.3701
9874.1543 0.3690
9876.4316 0.3681
9878.7031 0.3683
9880.9814 0.3692
9883.2549 0.3688
9885.5283 0.3682
9887.8076 0.3683
9890.0830 0.3666
9892.3633 0.3647
9894.6387 0.3649
9896.9209 0.3665
9899.1973 0.3661
9901.4746 0.3647
9903.7578 0.3643
9906.0361 0.3646
9908.3203 0.3645
9910.5996 0.3637
9912.8857 0.3633
9915.1660 0.3632
9917.4521 0.3627
9919.7334 0.3622
9922.0156 0.3618
9924.3037 0.3614
9926.5869 0.3613
9928.8760 0.3609
9931.1602 0.3604
9933.4502 0.3600
9935.7354 0.3597
9938.0205 0.3591
9940.3125 0.3587
9942.5996 0.3583
9944.8926 0.3578
9947.1797 0.3574
9949.4736 0.3570
9951.7627 0.3566
9954.0518 0.3560
9956.3477 0.3550
9958.6377 0.3540
9960.9346 0.3539
9963.2256 0.3542
9965.5234 0.3536
9967.8154 0.3532
9970.1094 0.3526
9972.4082 0.3520
9974.7021 0.3514
9977.0020 0.3507
9979.2979 0.3499
9981.5986 0.3492
9983.8945 0.3484
9986.1914 0.3474
9988.4941 0.3464
9990.7920 0.3455
9993.0967 0.3442
9995.3955 0.3430
9997.7002 0.3415
10000.0000 0.3397
10002.3057 0.3374
10004.6016 0.3343
10006.9082 0.3299
10009.2158 0.3230
10011.5244 0.3224
10013.8223 0.3276
10016.1309 0.3323
10018.4404 0.3341
10020.7402 0.3359
10023.0508 0.3369
10025.3623 0.3378
10027.6738 0.3382
10029.9756 0.3386
10032.2881 0.3390
10034.6016 0.3393
10036.9043 0.3393
10039.2188 0.3393
10041.5342 0.3393
10043.8496 0.3391
10046.1543 0.3389
10048.4707 0.3390
10050.7881 0.3388
10053.0947 0.3386
10055.4131 0.3384
10057.7324 0.3381
10060.0508 0.3379
10062.3604 0.3376
10064.6807 0.3371
10067.0010 0.3365
10069.3115 0.3362
10071.6338 0.3356
10073.9561 0.3349
10076.2793 0.3348
10078.5918 0.3351
10080.9160 0.3350
10083.2402 0.3322
10085.5547 0.3312
10087.8799 0.3333
10090.2061 0.3335
10092.5332 0.3331
10094.8496 0.3328
10097.1777 0.3324
10099.5059 0.3320
10101.8232 0.3316
10104.1533 0.3309
10106.4834 0.3297
10108.8135 0.3301
10111.1338 0.3301
10113.4648 0.3296
10115.7969 0.3291
10118.1191 0.3288
10120.4521 0.3286
10122.7861 0.3273
10125.1201 0.3265
10127.4434 0.3268
10129.7793 0.3271
10132.1152 0.3264
10134.4404 0.3259
10136.7773 0.3255
10139.1152 0.3255
10141.4531 0.3245
10143.7803 0.3229
10146.1191 0.3230
10148.4590 0.3235
10150.7881 0.3232
10153.1289 0.3227
10155.4707 0.3223
10157.8125 0.3220
10160.1436 0.3215
10162.4863 0.3211
10164.8301 0.3207
10167.1621 0.3202
10169.5068 0.3198
10171.8525 0.3195
10174.1973 0.3190
10176.5322 0.3175
10178.8789 0.3177
10181.2266 0.3178
10183.5742 0.3174
10185.9111 0.3170
10188.2607 0.3166
10190.6094 0.3162
10192.9482 0.3158
10195.2988 0.3153
10197.6504 0.3147
10200.0020 0.3143
10202.3428 0.3141
10204.6953 0.3136
10207.0479 0.3132
10209.3906 0.3128
10211.7451 0.3125
10214.0996 0.3120
10216.4551 0.3116
10218.7998 0.3112
10221.1562 0.3107
10223.5137 0.3103
10225.8594 0.3099
10228.2178 0.3095
10230.5762 0.3090
10232.9355 0.3085
10235.2842 0.3079
10237.6436 0.3077
10240.0049 0.3074
10242.3545 0.3069
10244.7168 0.3065
10247.0791 0.3055
10249.4424 0.3044
10251.7939 0.3047
10254.1582 0.3049
10256.5234 0.3042
10258.8770 0.3038
10261.2422 0.3032
10263.6084 0.3029
10265.9756 0.3025
10268.3311 0.3021
10270.6992 0.3014
10273.0674 0.3008
10275.4258 0.3007
10277.7949 0.3004
10280.1650 0.2999
10282.5352 0.2995
10284.8955 0.2990
10287.2666 0.2985
10289.6396 0.2980
10292.0010 0.2973
10294.3740 0.2970
10296.7480 0.2969
10299.1221 0.2964
10301.4863 0.2956
10303.8613 0.2944
10306.2373 0.2947
10308.6025 0.2946
10310.9795 0.2941
10313.3574 0.2937
10315.7363 0.2933
10318.1035 0.2928
10320.4824 0.2925
10322.8623 0.2917
10325.2314 0.2913
10327.6123 0.2908
10329.9941 0.2891
10332.3760 0.2887
10334.7471 0.2894
10337.1309 0.2891
10339.5146 0.2885
10341.8877 0.2884
10344.2725 0.2879
10346.6572 0.2875
10349.0430 0.2870
10351.4189 0.2865
10353.8057 0.2860
10356.1934 0.2855
10358.5693 0.2852
10360.9580 0.2847
10363.3477 0.2842
10365.7373 0.2835
10368.1162 0.2830
10370.5068 0.2829
10372.8984 0.2825
10375.2793 0.2820
10377.6719 0.2816
