3578.4915 0.2690
3579.3167 0.2701
3580.1399 0.2727
3580.9636 0.2752
3581.7893 0.2759
3582.6133 0.2747
3583.4395 0.2745
3584.2639 0.2765
3585.0903 0.2782
3585.9150 0.2776
3586.7400 0.2749
3587.5671 0.2716
3588.3923 0.2679
3589.2200 0.2629
3590.0457 0.2578
3590.8735 0.2559
3591.6995 0.2579
3592.5259 0.2612
3593.3542 0.2627
3594.1809 0.2614
3595.0098 0.2582
3595.8367 0.2552
3596.6660 0.2532
3597.4934 0.2515
3598.3208 0.2479
3599.1506 0.2407
3599.9788 0.2331
3600.8088 0.2311
3601.6372 0.2356
3602.4678 0.2428
3603.2964 0.2475
3604.1252 0.2473
3604.9565 0.2444
3605.7859 0.2416
3606.6172 0.2403
3607.4470 0.2401
3608.2788 0.2405
3609.1089 0.2407
3609.9392 0.2393
3610.7717 0.2362
3611.6023 0.2338
3612.4351 0.2343
3613.2661 0.2367
3614.0994 0.2376
3614.9307 0.2352
3615.7625 0.2280
3616.5962 0.2169
3617.4282 0.2062
3618.2625 0.2024
3619.0947 0.2082
3619.9292 0.2175
3620.7620 0.2247
3621.5969 0.2280
3622.4302 0.2281
3623.2634 0.2269
3624.0989 0.2258
3624.9326 0.2246
3625.7686 0.2214
3626.6028 0.2152
3627.4390 0.2068
3628.2734 0.1995
3629.1082 0.1965
3629.9451 0.1979
3630.7800 0.2005
3631.6174 0.2022
3632.4529 0.2032
3633.2903 0.2036
3634.1262 0.2029
3634.9622 0.2022
3635.8005 0.2020
3636.6370 0.2013
3637.4756 0.1998
3638.3123 0.1987
3639.1514 0.1998
3639.9885 0.2016
3640.8259 0.2023
3641.6653 0.2016
3642.5032 0.2003
3643.3430 0.1983
3644.1812 0.1957
3645.0215 0.1923
3645.8601 0.1892
3646.6990 0.1873
3647.5398 0.1865
3648.3789 0.1859
3649.2202 0.1858
3650.0596 0.1867
3650.9014 0.1877
3651.7412 0.1886
3652.5813 0.1898
3653.4236 0.1913
3654.2642 0.1923
3655.1067 0.1928
3655.9475 0.1935
3656.7908 0.1945
3657.6318 0.1958
3658.4734 0.1969
3659.3169 0.1972
3660.1587 0.1975
3661.0029 0.1977
3661.8450 0.1950
3662.6895 0.1874
3663.5320 0.1790
3664.3748 0.1753
3665.2197 0.1789
3666.0630 0.1910
3666.9084 0.2057
3667.7520 0.2129
3668.5977 0.2072
3669.4417 0.1977
3670.2859 0.1922
3671.1321 0.1850
3671.9768 0.1768
3672.8235 0.1769
3673.6685 0.1943
3674.5156 0.2255
3675.3608 0.2480
3676.2063 0.2453
3677.0542 0.2250
3677.8999 0.2096
3678.7480 0.2179
3679.5945 0.2460
3680.4429 0.2682
3681.2896 0.2662
3682.1365 0.2412
3682.9856 0.2110
3683.8328 0.2007
3684.6824 0.2238
3685.5300 0.2624
3686.3799 0.2903
3687.2278 0.2945
3688.0781 0.2746
3688.9265 0.2376
3689.7751 0.1994
3690.6260 0.1804
3691.4751 0.1862
3692.3264 0.2131
3693.1758 0.2512
3694.0273 0.2833
3694.8772 0.2898
3695.7273 0.2677
3696.5793 0.2286
3697.4299 0.1893
3698.2825 0.1675
3699.1333 0.1760
3699.9863 0.2097
3700.8374 0.2446
3701.6887 0.2769
3702.5425 0.3076
3703.3943 0.3303
3704.2483 0.3304
3705.1003 0.3027
3705.9548 0.2560
3706.8074 0.2062
3707.6599 0.1706
3708.5149 0.1634
3709.3682 0.1896
3710.2234 0.2361
3711.0771 0.2794
3711.9329 0.3033
3712.7866 0.3080
3713.6409 0.3068
3714.4973 0.3155
3715.3518 0.3317
3716.2085 0.3353
3717.0635 0.3164
3717.9204 0.2757
3718.7759 0.2214
3719.6313 0.1690
3720.4890 0.1380
3721.3450 0.1382
3722.2031 0.1579
3723.0593 0.1880
3723.9180 0.2263
3724.7747 0.2701
3725.6316 0.3055
3726.4905 0.3154
3727.3479 0.3068
3728.2073 0.2973
3729.0649 0.2976
3729.9250 0.3000
3730.7830 0.2893
3731.6414 0.2653
3732.5017 0.2388
3733.3604 0.2095
3734.2214 0.1722
3735.0803 0.1333
3735.9417 0.1130
3736.8013 0.1280
3737.6609 0.1709
3738.5227 0.2207
3739.3828 0.2571
3740.2451 0.2735
3741.1055 0.2787
3741.9683 0.2771
3742.8291 0.2595
3743.6899 0.2284
3744.5532 0.1992
3745.4148 0.1860
3746.2786 0.1871
3747.1404 0.1925
3748.0044 0.2064
3748.8667 0.2277
3749.7290 0.2477
3750.5938 0.2599
3751.4565 0.2646
3752.3215 0.2592
3753.1848 0.2434
3754.0503 0.2154
3754.9138 0.1754
3755.7798 0.1333
3756.6438 0.1128
3757.5081 0.1314
3758.3745 0.1725
3759.2390 0.2126
3760.1060 0.2386
3760.9709 0.2540
3761.8381 0.2681
3762.7036 0.2853
3763.5693 0.2997
3764.4370 0.3081
3765.3032 0.3127
3766.1714 0.3175
3767.0378 0.3198
3767.9065 0.3134
3768.7732 0.3043
3769.6401 0.3012
3770.5095 0.3055
3771.3770 0.3069
3772.2466 0.2981
3773.1145 0.2890
3773.9844 0.2877
3774.8528 0.2943
3775.7209 0.3041
3776.5918 0.3106
3777.4604 0.3096
3778.3315 0.3007
3779.2009 0.2830
3780.0723 0.2560
3780.9419 0.2202
3781.8118 0.1775
3782.6838 0.1311
3783.5540 0.0981
3784.4265 0.0984
3785.2971 0.1317
3786.1699 0.1812
3787.0410 0.2279
3787.9121 0.2623
3788.7856 0.2846
3789.6572 0.2963
3790.5310 0.2994
3791.4031 0.2979
3792.2773 0.2965
3793.1499 0.2991
3794.0225 0.3055
3794.8972 0.3119
3795.7703 0.3152
3796.6455 0.3118
3797.5190 0.2967
3798.3948 0.2662
3799.2686 0.2303
3800.1426 0.2104
3801.0188 0.2158
3801.8933 0.2407
3802.7700 0.2699
3803.6448 0.2879
3804.5220 0.2872
3805.3972 0.2726
3806.2727 0.2577
3807.1504 0.2548
3808.0261 0.2632
3808.9043 0.2660
3809.7805 0.2492
3810.6589 0.2266
3811.5356 0.2143
3812.4126 0.2163
3813.2917 0.2242
3814.1689 0.2300
3815.0483 0.2340
3815.9260 0.2340
3816.8059 0.2226
3817.6841 0.1950
3818.5623 0.1564
3819.4429 0.1164
3820.3215 0.0792
3821.2024 0.0618
3822.0815 0.0735
3822.9629 0.1072
3823.8423 0.1445
3824.7241 0.1763
3825.6040 0.2005
3826.4841 0.2203
3827.3665 0.2386
3828.2468 0.2547
3829.1296 0.2633
3830.0105 0.2653
3830.8938 0.2669
3831.7751 0.2708
3832.6565 0.2742
3833.5403 0.2722
3834.4224 0.2639
3835.3064 0.2551
3836.1887 0.2585
3837.0735 0.2692
3837.9561 0.2756
3838.8391 0.2712
3839.7244 0.2608
3840.6077 0.2478
3841.4932 0.2352
3842.3770 0.2361
3843.2629 0.2479
3844.1472 0.2553
3845.0315 0.2517
3845.9182 0.2499
3846.8030 0.2519
3847.6899 0.2494
3848.5752 0.2453
3849.4626 0.2475
3850.3481 0.2535
3851.2339 0.2565
3852.1221 0.2630
3853.0083 0.2753
3853.8967 0.2889
3854.7832 0.2971
3855.6721 0.2972
3856.5591 0.2883
3857.4463 0.2715
3858.3359 0.2608
3859.2234 0.2643
3860.1135 0.2775
3861.0015 0.2867
3861.8918 0.2840
3862.7803 0.2675
3863.6687 0.2503
3864.5598 0.2461
3865.4487 0.2570
3866.3401 0.2668
3867.2297 0.2625
3868.1213 0.2540
3869.0112 0.2466
3869.9014 0.2347
3870.7937 0.2100
3871.6841 0.1724
3872.5769 0.1289
3873.4678 0.0841
3874.3611 0.0553
3875.2524 0.0599
3876.1438 0.1001
3877.0376 0.1543
3877.9297 0.1983
3878.8237 0.2264
3879.7161 0.2400
3880.6108 0.2444
3881.5037 0.2467
3882.3965 0.2511
3883.2917 0.2502
3884.1851 0.2331
3885.0808 0.2089
3885.9746 0.1964
3886.8706 0.2069
3887.7649 0.2291
3888.6592 0.2423
3889.5559 0.2447
3890.4507 0.2403
3891.3479 0.2389
3892.2429 0.2499
3893.1406 0.2711
3894.0361 0.2880
3894.9341 0.2953
3895.8301 0.2945
3896.7263 0.2836
3897.6250 0.2586
3898.5215 0.2234
3899.4207 0.2012
3900.3176 0.2120
3901.2170 0.2370
3902.1145 0.2582
3903.0122 0.2703
3903.9121 0.2756
3904.8103 0.2758
3905.7107 0.2760
3906.6094 0.2782
3907.5100 0.2810
3908.4089 0.2831
3909.3081 0.2865
3910.2097 0.2903
3911.1091 0.2891
3912.0110 0.2819
3912.9111 0.2708
3913.8132 0.2574
3914.7136 0.2395
3915.6143 0.2126
3916.5171 0.1734
3917.4182 0.1170
3918.3215 0.0603
3919.2229 0.0364
3920.1267 0.0680
3921.0286 0.1348
3921.9307 0.1910
3922.8350 0.2210
3923.7373 0.2357
3924.6421 0.2521
3925.5452 0.2736
3926.4502 0.2884
3927.3535 0.2918
3928.2571 0.2850
3929.1628 0.2736
3930.0667 0.2662
3930.9731 0.2700
3931.8774 0.2809
3932.7839 0.2878
3933.6887 0.2897
3934.5938 0.2884
3935.5010 0.2852
3936.4062 0.2813
3937.3142 0.2809
3938.2200 0.2885
3939.1279 0.2979
3940.0342 0.3022
3940.9407 0.2993
3941.8494 0.2929
3942.7561 0.2884
3943.6653 0.2889
3944.5725 0.2892
3945.4822 0.2839
3946.3899 0.2738
3947.2979 0.2671
3948.2080 0.2666
3949.1162 0.2605
3950.0269 0.2423
3950.9355 0.2073
3951.8467 0.1507
3952.7559 0.0749
3953.6650 0.0021
3954.5769 -0.0320
3955.4866 -0.0154
3956.3987 0.0393
3957.3088 0.1056
3958.2214 0.1584
3959.1321 0.1929
3960.0449 0.2247
3960.9561 0.2536
3961.8672 0.2737
3962.7808 0.2825
3963.6924 0.2850
3964.6064 0.2858
3965.5186 0.2835
3966.4329 0.2769
3967.3455 0.2728
3968.2581 0.2789
3969.1731 0.2925
3970.0862 0.3021
3971.0017 0.3037
3971.9153 0.3017
3972.8313 0.3013
3973.7451 0.3043
3974.6592 0.3074
3975.5759 0.3071
3976.4905 0.3073
3977.4075 0.3111
3978.3225 0.3166
3979.2397 0.3195
3980.1553 0.3174
3981.0708 0.3097
3981.9888 0.2994
3982.9050 0.2936
3983.8232 0.2949
3984.7397 0.2990
3985.6587 0.2983
3986.5757 0.2871
3987.4927 0.2762
3988.4121 0.2737
3989.3298 0.2752
3990.2498 0.2742
3991.1677 0.2774
3992.0879 0.2914
3993.0063 0.3041
3993.9250 0.3105
3994.8459 0.3097
3995.7649 0.3009
3996.6863 0.2831
3997.6057 0.2692
3998.5276 0.2740
3999.4475 0.2869
4000.3674 0.2983
4001.2900 0.3073
4002.2104 0.3155
4003.1333 0.3216
4004.0544 0.3259
4004.9775 0.3283
4005.8989 0.3262
4006.8206 0.3161
4007.7446 0.2971
4008.6665 0.2732
4009.5908 0.2588
4010.5132 0.2641
4011.4380 0.2793
4012.3608 0.2857
4013.2839 0.2797
4014.2095 0.2784
4015.1328 0.2848
4016.0588 0.2914
4016.9827 0.2944
4017.9089 0.2957
4018.8333 0.2967
4019.7578 0.2967
4020.6848 0.2962
4021.6096 0.2994
4022.5371 0.3063
4023.4624 0.3133
4024.3901 0.3180
4025.3162 0.3200
4026.2422 0.3214
4027.1704 0.3212
4028.0969 0.3162
4029.0259 0.3036
4029.9526 0.2864
4030.8821 0.2774
4031.8093 0.2858
4032.7390 0.2968
4033.6667 0.3012
4034.5947 0.3010
4035.5251 0.2988
4036.4534 0.2906
4037.3843 0.2765
4038.3130 0.2652
4039.2441 0.2661
4040.1736 0.2812
4041.1030 0.2991
4042.0347 0.3090
4042.9646 0.3153
4043.8970 0.3205
4044.8271 0.3232
4045.7600 0.3205
4046.6907 0.3107
4047.6216 0.2939
4048.5549 0.2835
4049.4863 0.2854
4050.4202 0.2915
4051.3521 0.2914
4052.2861 0.2895
4053.2185 0.2951
4054.1509 0.2976
4055.0857 0.2898
4056.0186 0.2780
4056.9539 0.2753
4057.8872 0.2860
4058.8230 0.2979
4059.7566 0.2972
4060.6907 0.2821
4061.6270 0.2623
4062.5613 0.2537
4063.4983 0.2677
4064.4331 0.2919
4065.3701 0.3060
4066.3054 0.3090
4067.2410 0.3064
4068.1787 0.3026
4069.1147 0.2988
4070.0530 0.2943
4070.9893 0.2911
4071.9280 0.2917
4072.8647 0.2955
4073.8018 0.2993
4074.7412 0.3014
4075.6787 0.3022
4076.6184 0.3016
4077.5562 0.2986
4078.4966 0.2935
4079.4348 0.2861
4080.3733 0.2749
4081.3142 0.2585
4082.2532 0.2357
4083.1943 0.2028
4084.1338 0.1550
4085.0757 0.0933
4086.0154 0.0369
4086.9553 0.0241
4087.8977 0.0668
4088.8381 0.1312
4089.7810 0.1879
4090.7219 0.2271
4091.6653 0.2502
4092.6064 0.2629
4093.5481 0.2670
4094.4919 0.2641
4095.4338 0.2597
4096.3784 0.2610
4097.3208 0.2689
4098.2656 0.2786
4099.2085 0.2874
4100.1514 0.2942
4101.0967 0.2973
4102.0400 0.2951
4102.9863 0.2884
4103.9302 0.2824
4104.8765 0.2801
4105.8208 0.2739
4106.7676 0.2628
4107.7124 0.2554
4108.6572 0.2599
4109.6045 0.2687
4110.5503 0.2698
4111.4980 0.2557
4112.4438 0.2336
4113.3921 0.2200
4114.3384 0.2243
4115.2852 0.2314
4116.2339 0.2374
4117.1807 0.2496
4118.1304 0.2666
4119.0776 0.2798
4120.0273 0.2857
4120.9751 0.2866
4121.9233 0.2848
4122.8740 0.2838
4123.8223 0.2856
4124.7734 0.2890
4125.7222 0.2898
4126.6733 0.2835
4127.6230 0.2691
4128.5723 0.2557
4129.5244 0.2509
4130.4746 0.2551
4131.4268 0.2615
4132.3774 0.2635
4133.3301 0.2590
4134.2812 0.2558
4135.2324 0.2583
4136.1855 0.2642
4137.1372 0.2683
4138.0913 0.2668
4139.0435 0.2636
4139.9976 0.2620
4140.9502 0.2627
4141.9028 0.2649
4142.8579 0.2664
4143.8110 0.2635
4144.7666 0.2528
4145.7202 0.2397
4146.6758 0.2293
4147.6299 0.2243
4148.5840 0.2286
4149.5405 0.2450
4150.4951 0.2592
4151.4526 0.2649
4152.4072 0.2647
4153.3647 0.2616
4154.3203 0.2510
4155.2764 0.2285
4156.2344 0.1958
4157.1904 0.1703
4158.1489 0.1682
4159.1055 0.1906
4160.0649 0.2142
4161.0220 0.2093
4161.9790 0.1782
4162.9390 0.1556
4163.8965 0.1646
4164.8564 0.1990
4165.8149 0.2285
4166.7754 0.2380
4167.7339 0.2370
4168.6929 0.2362
4169.6538 0.2384
4170.6133 0.2396
4171.5752 0.2364
4172.5347 0.2354
4173.4971 0.2400
4174.4570 0.2436
4175.4175 0.2445
4176.3799 0.2467
4177.3408 0.2511
4178.3042 0.2549
4179.2651 0.2553
4180.2290 0.2536
4181.1909 0.2500
4182.1548 0.2441
4183.1172 0.2393
4184.0796 0.2404
4185.0444 0.2384
4186.0068 0.2318
4186.9722 0.2266
4187.9355 0.2273
4188.9014 0.2274
4189.8647 0.2278
4190.8286 0.2337
4191.7949 0.2390
4192.7593 0.2396
4193.7261 0.2382
4194.6909 0.2397
4195.6582 0.2426
4196.6235 0.2452
4197.5889 0.2435
4198.5571 0.2345
4199.5229 0.2217
4200.4912 0.2184
4201.4575 0.2294
4202.4263 0.2400
4203.3931 0.2454
4204.3599 0.2474
4205.3296 0.2480
4206.2969 0.2458
4207.2671 0.2391
4208.2349 0.2295
4209.2051 0.2189
4210.1738 0.2099
4211.1421 0.2070
4212.1133 0.2155
4213.0820 0.2321
4214.0537 0.2420
4215.0229 0.2343
4215.9951 0.2069
4216.9648 0.1727
4217.9351 0.1613
4218.9077 0.1851
4219.8784 0.2113
4220.8516 0.2267
4221.8223 0.2327
4222.7959 0.2341
4223.7676 0.2341
4224.7393 0.2312
4225.7134 0.2190
4226.6855 0.2106
4227.6602 0.2134
4228.6328 0.2191
4229.6079 0.2112
4230.5806 0.1916
4231.5542 0.1895
4232.5298 0.2032
4233.5034 0.2150
4234.4800 0.2137
4235.4541 0.2098
4236.4307 0.2097
4237.4053 0.2117
4238.3799 0.2163
4239.3574 0.2224
4240.3325 0.2247
4241.3105 0.2165
4242.2861 0.2038
4243.2642 0.1986
4244.2407 0.1962
4245.2168 0.1941
4246.1958 0.1975
4247.1729 0.2100
4248.1519 0.2231
4249.1294 0.2308
4250.1094 0.2342
4251.0869 0.2340
4252.0649 0.2292
4253.0454 0.2198
4254.0239 0.2074
4255.0049 0.1919
4255.9834 0.1801
4256.9648 0.1768
4257.9443 0.1810
4258.9263 0.1874
4259.9058 0.1956
4260.8857 0.2032
4261.8687 0.2081
4262.8491 0.2131
4263.8320 0.2204
4264.8130 0.2244
4265.7964 0.2207
4266.7778 0.2122
4267.7593 0.2059
4268.7432 0.2061
4269.7256 0.2101
4270.7100 0.2069
4271.6924 0.1948
4272.6772 0.1795
4273.6606 0.1676
4274.6436 0.1686
4275.6294 0.1834
4276.6128 0.1899
4277.5991 0.1727
4278.5830 0.1613
4279.5698 0.1636
4280.5542 0.1734
4281.5391 0.1809
4282.5264 0.1759
4283.5117 0.1492
4284.4990 0.1281
4285.4849 0.1196
4286.4731 0.1230
4287.4590 0.1405
4288.4453 0.1719
4289.4346 0.1938
4290.4214 0.1911
4291.4106 0.1789
4292.3979 0.1777
4293.3877 0.1937
4294.3755 0.2080
4295.3633 0.1987
4296.3535 0.1639
4297.3423 0.1267
4298.3330 0.1122
4299.3218 0.1314
4300.3135 0.1684
4301.3027 0.1957
4302.2920 0.2061
4303.2842 0.1988
4304.2744 0.1846
4305.2666 0.1815
4306.2573 0.1952
4307.2500 0.2017
4308.2412 0.1852
4309.2319 0.1692
4310.2261 0.1742
4311.2173 0.1961
4312.2114 0.2101
4313.2036 0.2033
4314.1982 0.1912
4315.1904 0.1888
4316.1836 0.1952
4317.1787 0.1990
4318.1719 0.1938
4319.1675 0.1775
4320.1611 0.1433
4321.1572 0.0941
4322.1514 0.0401
4323.1460 -0.0068
4324.1426 -0.0355
4325.1377 -0.0208
4326.1348 0.0294
4327.1299 0.0808
4328.1279 0.1192
4329.1235 0.1514
4330.1196 0.1778
4331.1182 0.1935
4332.1143 0.2006
4333.1133 0.1944
4334.1104 0.1720
4335.1099 0.1451
4336.1069 0.1423
4337.1069 0.1704
4338.1045 0.1974
4339.1025 0.2123
4340.1030 0.2171
4341.1016 0.2159
4342.1025 0.2135
4343.1016 0.2130
4344.1030 0.2125
4345.1025 0.2120
4346.1021 0.2131
4347.1040 0.2165
4348.1040 0.2188
4349.1069 0.2160
4350.1074 0.2046
4351.1104 0.1895
4352.1113 0.1803
4353.1128 0.1839
4354.1167 0.1958
4355.1182 0.2061
4356.1226 0.2052
4357.1245 0.1903
4358.1294 0.1743
4359.1318 0.1762
4360.1348 0.1968
4361.1401 0.2133
4362.1436 0.2181
4363.1494 0.2173
4364.1528 0.2150
4365.1592 0.2070
4366.1636 0.1841
4367.1680 0.1447
4368.1753 0.1164
4369.1802 0.1173
4370.1875 0.1427
4371.1929 0.1738
4372.2007 0.1949
4373.2065 0.1987
4374.2129 0.1943
4375.2212 0.1920
4376.2280 0.1849
4377.2368 0.1592
4378.2441 0.1251
4379.2534 0.1226
4380.2612 0.1527
4381.2686 0.1748
4382.2793 0.1689
4383.2871 0.1519
4384.2979 0.1540
4385.3066 0.1792
4386.3179 0.1948
4387.3267 0.1944
4388.3359 0.1898
4389.3481 0.1925
4390.3579 0.1984
4391.3701 0.1975
4392.3804 0.1922
4393.3936 0.1862
4394.4043 0.1824
4395.4150 0.1821
4396.4287 0.1821
4397.4399 0.1725
4398.4541 0.1498
4399.4658 0.1194
4400.4805 0.0968
4401.4927 0.1004
4402.5054 0.1333
4403.5205 0.1653
4404.5337 0.1744
4405.5493 0.1721
4406.5625 0.1716
4407.5786 0.1750
4408.5928 0.1770
4409.6069 0.1749
4410.6240 0.1705
4411.6387 0.1676
4412.6558 0.1675
4413.6709 0.1683
4414.6885 0.1680
4415.7041 0.1687
4416.7227 0.1705
4417.7388 0.1735
4418.7549 0.1775
4419.7739 0.1821
4420.7905 0.1865
4421.8101 0.1899
4422.8271 0.1906
4423.8472 0.1852
4424.8647 0.1711
4425.8828 0.1489
4426.9033 0.1271
4427.9219 0.1307
4428.9429 0.1594
4429.9619 0.1855
4430.9834 0.1947
4432.0024 0.1903
4433.0220 0.1762
4434.0444 0.1647
4435.0645 0.1722
4436.0874 0.1868
4437.1079 0.1946
4438.1309 0.1942
4439.1519 0.1942
4440.1733 0.1983
4441.1968 0.2016
4442.2188 0.2018
4443.2432 0.1989
4444.2651 0.1941
4445.2900 0.1906
4446.3125 0.1882
4447.3354 0.1827
4448.3613 0.1814
4449.3843 0.1820
4450.4106 0.1714
4451.4341 0.1477
4452.4609 0.1394
4453.4849 0.1531
4454.5098 0.1684
4455.5366 0.1759
4456.5615 0.1827
4457.5894 0.1932
4458.6147 0.2019
4459.6431 0.2058
4460.6689 0.2063
4461.6953 0.2008
4462.7241 0.1812
4463.7505 0.1471
4464.7798 0.1293
4465.8071 0.1521
4466.8369 0.1848
4467.8643 0.2024
4468.8921 0.2051
4469.9229 0.1969
4470.9512 0.1749
4471.9819 0.1540
4473.0107 0.1467
4474.0425 0.1514
4475.0718 0.1608
4476.1011 0.1769
4477.1333 0.1902
4478.1631 0.1976
4479.1958 0.2023
4480.2266 0.2055
4481.2593 0.2050
4482.2905 0.1968
4483.3213 0.1730
4484.3555 0.1535
4485.3872 0.1594
4486.4214 0.1839
4487.4536 0.2020
4488.4883 0.2054
4489.5210 0.1953
4490.5537 0.1711
4491.5889 0.1579
4492.6226 0.1698
4493.6582 0.1944
4494.6919 0.2069
4495.7285 0.2066
4496.7627 0.1933
4497.7998 0.1731
4498.8345 0.1630
4499.8696 0.1740
4500.9072 0.1858
4501.9424 0.1761
4502.9805 0.1576
4504.0166 0.1441
4505.0552 0.1385
4506.0913 0.1419
4507.1279 0.1626
4508.1675 0.1860
4509.2046 0.1969
4510.2446 0.1949
4511.2822 0.1862
4512.3223 0.1793
4513.3604 0.1835
4514.3984 0.1908
4515.4395 0.1773
4516.4785 0.1522
4517.5200 0.1432
4518.5591 0.1659
4519.6011 0.1950
4520.6406 0.2054
4521.6807 0.2029
4522.7236 0.1915
4523.7642 0.1769
4524.8071 0.1693
4525.8481 0.1765
4526.8916 0.1830
4527.9331 0.1841
4528.9746 0.1871
4530.0190 0.1861
4531.0610 0.1645
4532.1060 0.1275
4533.1489 0.1214
4534.1938 0.1513
4535.2373 0.1761
4536.2803 0.1721
4537.3267 0.1479
4538.3701 0.1238
4539.4170 0.1270
4540.4609 0.1376
4541.5083 0.1458
4542.5527 0.1589
4543.5981 0.1807
4544.6455 0.1877
4545.6909 0.1677
4546.7393 0.1470
4547.7852 0.1485
4548.8340 0.1684
4549.8804 0.1867
4550.9272 0.1942
4551.9766 0.1944
4553.0239 0.1820
4554.0737 0.1591
4555.1216 0.1446
4556.1719 0.1563
4557.2197 0.1752
4558.2686 0.1715
4559.3193 0.1641
4560.3682 0.1678
4561.4199 0.1760
4562.4692 0.1748
4563.5215 0.1675
4564.5713 0.1527
4565.6211 0.1202
4566.6743 0.1043
4567.7246 0.1233
4568.7778 0.1550
4569.8291 0.1611
4570.8828 0.1444
4571.9341 0.1376
4572.9888 0.1434
4574.0405 0.1522
4575.0928 0.1595
4576.1479 0.1697
4577.2007 0.1791
4578.2559 0.1819
4579.3091 0.1834
4580.3652 0.1868
4581.4189 0.1891
4582.4731 0.1886
4583.5298 0.1873
4584.5840 0.1883
4585.6411 0.1909
4586.6963 0.1933
4587.7539 0.1946
4588.8091 0.1948
4589.8647 0.1948
4590.9233 0.1944
4591.9795 0.1937
4593.0386 0.1933
4594.0952 0.1936
4595.1543 0.1943
4596.2114 0.1942
4597.2690 0.1900
4598.3291 0.1796
4599.3867 0.1660
4600.4473 0.1541
4601.5059 0.1454
4602.5669 0.1452
4603.6255 0.1580
4604.6846 0.1755
4605.7466 0.1884
4606.8062 0.1928
4607.8687 0.1912
4608.9287 0.1883
4609.9912 0.1785
4611.0518 0.1596
4612.1128 0.1462
4613.1763 0.1555
4614.2373 0.1750
4615.3013 0.1751
4616.3633 0.1610
4617.4277 0.1544
4618.4897 0.1635
4619.5522 0.1786
4620.6177 0.1885
4621.6807 0.1932
4622.7466 0.1955
4623.8096 0.1968
4624.8760 0.1975
4625.9399 0.1978
4627.0044 0.1973
4628.0713 0.1968
4629.1357 0.1957
4630.2031 0.1934
4631.2686 0.1914
4632.3364 0.1913
4633.4023 0.1932
4634.4678 0.1947
4635.5366 0.1952
4636.6030 0.1934
4637.6724 0.1878
4638.7393 0.1788
4639.8091 0.1730
4640.8765 0.1802
4641.9438 0.1901
4643.0142 0.1944
4644.0825 0.1918
4645.1533 0.1859
4646.2222 0.1803
4647.2935 0.1777
4648.3623 0.1708
4649.4316 0.1659
4650.5039 0.1681
4651.5737 0.1723
4652.6465 0.1716
4653.7168 0.1766
4654.7900 0.1861
4655.8608 0.1930
4656.9346 0.1960
4658.0059 0.1978
4659.0771 0.1985
4660.1519 0.1979
4661.2236 0.1970
4662.2983 0.1967
4663.3711 0.1968
4664.4463 0.1966
4665.5195 0.1962
4666.5928 0.1969
4667.6689 0.1981
4668.7427 0.1987
4669.8193 0.1990
4670.8936 0.1994
4671.9707 0.1999
4673.0454 0.2004
4674.1206 0.2008
4675.1982 0.2007
4676.2739 0.2003
4677.3521 0.2003
4678.4282 0.2005
4679.5073 0.1993
4680.5835 0.1976
4681.6602 0.1973
4682.7397 0.1982
4683.8174 0.1980
4684.8975 0.1952
4685.9751 0.1941
4687.0557 0.1976
4688.1338 0.2005
4689.2124 0.1988
4690.2935 0.1932
4691.3726 0.1888
4692.4546 0.1917
4693.5342 0.1966
4694.6162 0.1991
4695.6963 0.1991
4696.7764 0.1992
4697.8594 0.1999
4698.9404 0.2007
4700.0239 0.2006
4701.1050 0.1993
4702.1890 0.1980
4703.2710 0.1983
4704.3530 0.1993
4705.4375 0.1990
4706.5200 0.1976
4707.6055 0.1947
4708.6885 0.1912
4709.7744 0.1891
4710.8579 0.1889
4711.9414 0.1859
4713.0283 0.1771
4714.1123 0.1748
4715.1992 0.1833
4716.2842 0.1934
4717.3716 0.1968
4718.4570 0.1963
4719.5425 0.1954
4720.6309 0.1955
4721.7168 0.1966
4722.8057 0.1980
4723.8921 0.1988
4724.9814 0.1994
4726.0684 0.1996
4727.1553 0.1993
4728.2456 0.1988
4729.3335 0.1982
4730.4238 0.1969
4731.5122 0.1946
4732.6030 0.1892
4733.6919 0.1850
4734.7808 0.1856
4735.8726 0.1889
4736.9624 0.1891
4738.0547 0.1872
4739.1445 0.1869
4740.2373 0.1875
4741.3276 0.1868
4742.4214 0.1837
4743.5122 0.1781
4744.6035 0.1702
4745.6973 0.1640
4746.7891 0.1644
4747.8838 0.1709
4748.9761 0.1778
4750.0713 0.1809
4751.1641 0.1811
4752.2568 0.1824
4753.3525 0.1850
4754.4463 0.1880
4755.5425 0.1908
4756.6367 0.1934
4757.7334 0.1944
4758.8281 0.1947
4759.9229 0.1920
4761.0205 0.1846
4762.1157 0.1767
4763.2139 0.1791
4764.3096 0.1889
4765.4082 0.1949
4766.5044 0.1971
4767.6011 0.1976
4768.7002 0.1974
4769.7974 0.1975
4770.8975 0.1971
4771.9951 0.1968
4773.0952 0.1969
4774.1934 0.1973
4775.2915 0.1982
4776.3926 0.1999
4777.4917 0.2006
4778.5933 0.1996
4779.6924 0.1965
4780.7949 0.1935
4781.8945 0.1937
4782.9946 0.1961
4784.0977 0.1976
4785.1982 0.1930
4786.3018 0.1820
4787.4028 0.1745
4788.5068 0.1811
4789.6084 0.1938
4790.7100 0.1993
4791.8149 0.1991
4792.9170 0.1953
4794.0225 0.1912
4795.1255 0.1912
4796.2310 0.1958
4797.3345 0.1992
4798.4380 0.1998
4799.5444 0.1994
4800.6489 0.1995
4801.7559 0.2000
4802.8604 0.1986
4803.9678 0.1922
4805.0732 0.1762
4806.1782 0.1651
4807.2866 0.1704
4808.3926 0.1863
4809.5015 0.1957
4810.6079 0.1984
4811.7173 0.1986
4812.8242 0.1983
4813.9312 0.1978
4815.0415 0.1970
4816.1489 0.1955
4817.2598 0.1904
4818.3677 0.1876
4819.4790 0.1906
4820.5879 0.1962
4821.6968 0.1985
4822.8086 0.1988
4823.9180 0.1992
4825.0303 0.1994
4826.1401 0.1994
4827.2534 0.1974
4828.3638 0.1895
4829.4771 0.1744
4830.5884 0.1672
4831.6992 0.1755
4832.8135 0.1857
4833.9253 0.1883
4835.0400 0.1844
4836.1523 0.1733
4837.2676 0.1578
4838.3804 0.1467
4839.4937 0.1337
4840.6094 0.1083
4841.7231 0.0674
4842.8394 0.0267
4843.9536 0.0242
4845.0708 0.0568
4846.1851 0.0961
4847.3003 0.1276
4848.4180 0.1534
4849.5332 0.1701
4850.6514 0.1787
4851.7676 0.1799
4852.8862 0.1775
4854.0024 0.1755
4855.1191 0.1752
4856.2388 0.1732
4857.3560 0.1675
4858.4761 0.1661
4859.5938 0.1731
4860.7144 0.1834
4861.8325 0.1884
4862.9512 0.1887
4864.0723 0.1856
4865.1914 0.1795
4866.3135 0.1773
4867.4326 0.1817
4868.5552 0.1883
4869.6753 0.1918
4870.7954 0.1918
4871.9189 0.1880
4873.0396 0.1849
4874.1631 0.1860
4875.2847 0.1902
4876.4087 0.1946
4877.5308 0.1988
4878.6528 0.2005
4879.7778 0.1995
4880.9004 0.1969
4882.0259 0.1947
4883.1489 0.1956
4884.2749 0.1979
4885.3984 0.1998
4886.5225 0.2015
4887.6494 0.2035
4888.7734 0.2049
4889.9009 0.2048
4891.0259 0.2010
4892.1538 0.1931
4893.2793 0.1895
4894.4048 0.1944
4895.5337 0.2029
4896.6597 0.2080
4897.7891 0.2095
4898.9155 0.2076
4900.0454 0.2026
4901.1724 0.1964
4902.2998 0.1918
4903.4307 0.1861
4904.5586 0.1620
4905.6895 0.1451
4906.8179 0.1586
4907.9497 0.1901
4909.0786 0.2076
4910.2080 0.2123
4911.3403 0.2131
4912.4702 0.2123
4913.6030 0.2101
4914.7334 0.2069
4915.8667 0.2049
4916.9976 0.2082
4918.1313 0.2125
4919.2627 0.2138
4920.3945 0.2142
4921.5288 0.2154
4922.6611 0.2162
4923.7964 0.2160
4924.9292 0.2160
4926.0649 0.2160
4927.1978 0.2154
4928.3315 0.2145
4929.4678 0.2140
4930.6021 0.2139
4931.7388 0.2133
4932.8735 0.2120
4934.0107 0.2115
4935.1460 0.2126
4936.2812 0.2134
4937.4194 0.2105
4938.5557 0.2027
4939.6943 0.2022
4940.8306 0.2086
4941.9702 0.2151
4943.1069 0.2173
4944.2441 0.2167
4945.3843 0.2155
4946.5220 0.2153
4947.6626 0.2154
4948.8008 0.2150
4949.9419 0.2147
4951.0806 0.2153
4952.2197 0.2164
4953.3618 0.2172
4954.5010 0.2177
4955.6436 0.2184
4956.7837 0.2188
4957.9268 0.2187
4959.0674 0.2188
4960.2080 0.2190
4961.3521 0.2188
4962.4932 0.2179
4963.6377 0.2159
4964.7793 0.2145
4965.9243 0.2156
4967.0669 0.2188
4968.2095 0.2219
4969.3550 0.2233
4970.4980 0.2228
4971.6445 0.2203
4972.7881 0.2166
4973.9351 0.2130
4975.0791 0.2137
4976.2236 0.2194
4977.3711 0.2250
4978.5161 0.2264
4979.6641 0.2264
4980.8096 0.2235
4981.9585 0.2178
4983.1045 0.2136
4984.2510 0.2151
4985.4004 0.2183
4986.5469 0.2188
4987.6968 0.2210
4988.8442 0.2246
4989.9946 0.2269
4991.1426 0.2269
4992.2910 0.2265
4993.4419 0.2253
4994.5908 0.2224
4995.7427 0.2213
4996.8921 0.2190
4998.0439 0.2035
4999.1938 0.1705
5000.3438 0.1604
5001.4971 0.1859
5002.6475 0.2145
5003.8013 0.2265
5004.9521 0.2312
5006.1064 0.2339
5007.2583 0.2349
5008.4126 0.2346
5009.5649 0.2331
5010.7173 0.2291
5011.8730 0.2228
5013.0259 0.2224
5014.1816 0.2293
5015.3354 0.2319
5016.4917 0.2301
5017.6460 0.2291
5018.8003 0.2310
5019.9575 0.2320
5021.1123 0.2266
5022.2700 0.2235
5023.4258 0.2276
5024.5840 0.2345
5025.7397 0.2374
5026.8960 0.2386
5028.0552 0.2394
5029.2119 0.2393
5030.3716 0.2388
5031.5288 0.2384
5032.6890 0.2378
5033.8472 0.2378
5035.0049 0.2367
5036.1660 0.2289
5037.3247 0.2243
5038.4863 0.2294
5039.6455 0.2384
5040.8076 0.2420
5041.9668 0.2426
5043.1270 0.2436
5044.2900 0.2448
5045.4502 0.2450
5046.6138 0.2442
5047.7749 0.2441
5048.9390 0.2437
5050.1001 0.2436
5051.2622 0.2430
5052.4268 0.2411
5053.5894 0.2393
5054.7544 0.2410
5055.9175 0.2439
5057.0830 0.2469
5058.2466 0.2490
5059.4102 0.2496
5060.5771 0.2490
5061.7412 0.2492
5062.9082 0.2503
5064.0732 0.2518
5065.2407 0.2529
5066.4062 0.2528
5067.5718 0.2511
5068.7402 0.2500
5069.9062 0.2515
5071.0752 0.2534
5072.2417 0.2541
5073.4116 0.2535
5074.5786 0.2527
5075.7461 0.2534
5076.9165 0.2527
5078.0845 0.2506
5079.2554 0.2490
5080.4238 0.2471
5081.5957 0.2442
5082.7646 0.2464
5083.9336 0.2523
5085.1060 0.2560
5086.2759 0.2568
5087.4487 0.2562
5088.6191 0.2558
5089.7925 0.2561
5090.9634 0.2560
5092.1348 0.2563
5093.3091 0.2571
5094.4805 0.2581
5095.6553 0.2583
5096.8276 0.2565
5098.0029 0.2557
5099.1758 0.2571
5100.3516 0.2579
5101.5249 0.2575
5102.6987 0.2583
5103.8750 0.2593
5105.0493 0.2600
5106.2266 0.2603
5107.4014 0.2576
5108.5791 0.2507
5109.7544 0.2444
5110.9297 0.2475
5112.1084 0.2543
5113.2842 0.2561
5114.4634 0.2574
5115.6401 0.2607
5116.8198 0.2622
5117.9966 0.2620
5119.1743 0.2618
5120.3545 0.2618
5121.5327 0.2629
5122.7134 0.2642
5123.8921 0.2638
5125.0737 0.2621
5126.2524 0.2598
5127.4321 0.2602
5128.6143 0.2621
5129.7939 0.2629
5130.9771 0.2621
5132.1572 0.2614
5133.3408 0.2551
5134.5220 0.2488
5135.7031 0.2515
5136.8872 0.2612
5138.0688 0.2670
5139.2539 0.2684
5140.4360 0.2668
5141.6216 0.2644
5142.8042 0.2645
5143.9873 0.2673
5145.1738 0.2684
5146.3574 0.2618
5147.5439 0.2408
5148.7280 0.2091
5149.9155 0.1969
5151.1001 0.2149
5152.2852 0.2388
5153.4731 0.2458
5154.6587 0.2581
5155.8477 0.2694
5157.0337 0.2747
5158.2227 0.2758
5159.4097 0.2769
5160.5962 0.2763
5161.7861 0.2736
5162.9736 0.2620
5164.1646 0.2507
5165.3525 0.2492
5166.5435 0.2555
5167.7319 0.2581
5168.9209 0.2538
5170.1128 0.2566
5171.3022 0.2645
5172.4946 0.2703
5173.6846 0.2727
5174.8779 0.2739
5176.0684 0.2696
5177.2588 0.2553
5178.4526 0.2481
5179.6440 0.2577
5180.8384 0.2725
5182.0303 0.2780
5183.2251 0.2786
5184.4175 0.2776
5185.6104 0.2768
5186.8062 0.2771
5187.9995 0.2781
5189.1958 0.2786
5190.3896 0.2780
5191.5864 0.2770
5192.7808 0.2781
5193.9780 0.2803
5195.1729 0.2796
5196.3682 0.2773
5197.5664 0.2783
5198.7622 0.2818
5199.9609 0.2854
5201.1572 0.2876
5202.3564 0.2880
5203.5532 0.2865
5204.7505 0.2830
5205.9507 0.2702
5207.1484 0.2600
5208.3491 0.2643
5209.5474 0.2792
5210.7485 0.2865
5211.9473 0.2829
5213.1460 0.2690
5214.3481 0.2538
5215.5479 0.2484
5216.7505 0.2557
5217.9507 0.2638
5219.1538 0.2732
5220.3545 0.2813
5221.5557 0.2869
5222.7598 0.2899
5223.9609 0.2906
5225.1655 0.2905
5226.3677 0.2884
5227.5728 0.2866
5228.7754 0.2868
5229.9785 0.2883
5231.1846 0.2896
5232.3877 0.2909
5233.5942 0.2887
5234.7983 0.2831
5236.0054 0.2814
5237.2100 0.2856
5238.4150 0.2899
5239.6230 0.2906
5240.8281 0.2886
5242.0366 0.2868
5243.2427 0.2829
5244.4517 0.2771
5245.6582 0.2761
5246.8652 0.2842
5248.0747 0.2882
5249.2822 0.2866
5250.4927 0.2867
5251.7007 0.2900
5252.9116 0.2892
5254.1201 0.2796
5255.3286 0.2578
5256.5405 0.2546
5257.7500 0.2705
5258.9624 0.2864
5260.1724 0.2899
5261.3853 0.2927
5262.5957 0.2916
5263.8062 0.2846
5265.0200 0.2844
5266.2310 0.2944
5267.4458 0.3029
5268.6572 0.3056
5269.8721 0.3055
5271.0845 0.3042
5272.2974 0.3037
5273.5132 0.3043
5274.7261 0.3047
5275.9424 0.3049
5277.1562 0.3044
5278.3730 0.3041
5279.5874 0.3040
5280.8047 0.3041
5282.0195 0.3042
5283.2349 0.3045
5284.4531 0.3033
5285.6689 0.2996
5286.8877 0.2969
5288.1040 0.2975
5289.3232 0.3005
5290.5400 0.3037
5291.7573 0.3040
5292.9775 0.3009
5294.1953 0.2938
5295.4160 0.2798
5296.6343 0.2639
5297.8555 0.2716
5299.0742 0.2956
5300.2935 0.3092
5301.5156 0.3121
5302.7354 0.3103
5303.9580 0.3040
5305.1782 0.2976
5306.4014 0.2983
5307.6221 0.3008
5308.8433 0.3030
5310.0674 0.3059
5311.2891 0.3103
5312.5137 0.3125
5313.7358 0.3087
5314.9614 0.3020
5316.1841 0.2960
5317.4072 0.2943
5318.6333 0.2992
5319.8569 0.3070
5321.0835 0.3134
5322.3076 0.3175
5323.5347 0.3190
5324.7598 0.3183
5325.9844 0.3166
5327.2129 0.3168
5328.4380 0.3190
5329.6670 0.3203
5330.8931 0.3212
5332.1221 0.3224
5333.3491 0.3232
5334.5757 0.3237
5335.8062 0.3238
5337.0337 0.3237
5338.2642 0.3233
5339.4922 0.3217
5340.7236 0.3162
5341.9521 0.3037
5343.1812 0.2979
5344.4131 0.3062
5345.6426 0.3169
5346.8755 0.3211
5348.1055 0.3218
5349.3389 0.3207
5350.5693 0.3198
5351.8003 0.3220
5353.0342 0.3260
5354.2656 0.3288
5355.5005 0.3292
5356.7324 0.3284
5357.9678 0.3278
5359.2002 0.3249
5360.4331 0.3217
5361.6694 0.3210
5362.9028 0.3235
5364.1392 0.3260
5365.3735 0.3274
5366.6108 0.3279
5367.8452 0.3290
5369.0801 0.3305
5370.3184 0.3308
5371.5537 0.3306
5372.7925 0.3306
5374.0283 0.3298
5375.2676 0.3283
5376.5039 0.3276
5377.7441 0.3295
5378.9810 0.3318
5380.2183 0.3306
5381.4590 0.3288
5382.6973 0.3273
5383.9385 0.3250
5385.1768 0.3221
5386.4189 0.3232
5387.6577 0.3275
5388.8975 0.3308
5390.1401 0.3326
5391.3799 0.3329
5392.6230 0.3304
5393.8638 0.3261
5395.1074 0.3279
5396.3486 0.3311
5397.5903 0.3313
5398.8350 0.3294
5400.0767 0.3301
5401.3223 0.3323
5402.5645 0.3320
5403.8105 0.3269
5405.0537 0.3247
5406.2969 0.3292
5407.5439 0.3343
5408.7876 0.3349
5410.0352 0.3358
5411.2798 0.3349
5412.5273 0.3335
5413.7725 0.3346
5415.0181 0.3379
5416.2666 0.3399
5417.5127 0.3417
5418.7617 0.3425
5420.0083 0.3427
5421.2583 0.3426
5422.5054 0.3418
5423.7529 0.3403
5425.0034 0.3384
5426.2515 0.3382
5427.5029 0.3394
5428.7515 0.3407
5430.0034 0.3415
5431.2524 0.3421
5432.5020 0.3424
5433.7549 0.3422
5435.0049 0.3423
5436.2578 0.3440
5437.5088 0.3464
5438.7627 0.3468
5440.0137 0.3466
5441.2651 0.3466
5442.5200 0.3467
5443.7720 0.3465
5445.0273 0.3458
5446.2798 0.3459
5447.5356 0.3486
5448.7891 0.3507
5450.0425 0.3511
5451.2993 0.3504
5452.5532 0.3494
5453.8105 0.3494
5455.0654 0.3504
5456.3232 0.3488
5457.5786 0.3464
5458.8340 0.3460
5460.0928 0.3483
5461.3486 0.3522
5462.6084 0.3553
5463.8647 0.3569
5465.1250 0.3565
5466.3823 0.3548
5467.6396 0.3538
5468.9004 0.3553
5470.1587 0.3566
5471.4199 0.3573
5472.6787 0.3585
5473.9404 0.3607
5475.1997 0.3626
5476.4624 0.3632
5477.7222 0.3640
5478.9824 0.3645
5480.2461 0.3622
5481.5068 0.3582
5482.7705 0.3579
5484.0322 0.3611
5485.2964 0.3610
5486.5586 0.3594
5487.8208 0.3583
5489.0859 0.3586
5490.3491 0.3612
5491.6147 0.3655
5492.8784 0.3687
5494.1450 0.3708
5495.4087 0.3722
5496.6729 0.3727
5497.9404 0.3723
5499.2056 0.3716
5500.4736 0.3709
5501.7388 0.3708
5503.0073 0.3693
5504.2734 0.3648
5505.5396 0.3586
5506.8096 0.3565
5508.0762 0.3615
5509.3462 0.3682
5510.6138 0.3716
5511.8843 0.3688
5513.1523 0.3602
5514.4209 0.3539
5515.6924 0.3613
5516.9614 0.3698
5518.2334 0.3740
5519.5029 0.3751
5520.7759 0.3752
5522.0459 0.3749
5523.3159 0.3733
5524.5898 0.3732
5525.8608 0.3751
5527.1348 0.3774
5528.4062 0.3788
5529.6812 0.3796
5530.9536 0.3803
5532.2256 0.3810
5533.5015 0.3814
5534.7744 0.3815
5536.0508 0.3821
5537.3242 0.3826
5538.6011 0.3824
5539.8755 0.3827
5541.1499 0.3834
5542.4277 0.3837
5543.7026 0.3835
5544.9810 0.3834
5546.2568 0.3832
5547.5356 0.3833
5548.8115 0.3835
5550.0884 0.3835
5551.3682 0.3834
5552.6450 0.3840
5553.9258 0.3858
5555.2031 0.3865
5556.4844 0.3863
5557.7627 0.3867
5559.0410 0.3877
5560.3232 0.3884
5561.6021 0.3888
5562.8848 0.3890
5564.1646 0.3881
5565.4473 0.3862
5566.7280 0.3853
5568.0083 0.3872
5569.2925 0.3890
5570.5737 0.3898
5571.8579 0.3902
5573.1401 0.3909
5574.4253 0.3916
5575.7075 0.3925
5576.9932 0.3928
5578.2764 0.3935
5579.5596 0.3942
5580.8462 0.3945
5582.1299 0.3947
5583.4170 0.3952
5584.7017 0.3957
5585.9893 0.3964
5587.2744 0.3970
5588.5601 0.3970
5589.8486 0.3967
5591.1348 0.3970
5592.4238 0.3970
5593.7104 0.3958
5595.0005 0.3951
5596.2876 0.3966
5597.5747 0.3990
5598.8657 0.4005
5600.1538 0.4014
5601.4448 0.4015
5602.7334 0.4013
5604.0254 0.4014
5605.3149 0.4021
5606.6045 0.4026
5607.8970 0.4036
5609.1870 0.4043
5610.4805 0.4047
5611.7715 0.4051
5613.0654 0.4057
5614.3569 0.4064
5615.6484 0.4070
5616.9434 0.4071
5618.2354 0.4063
5619.5308 0.4049
5620.8237 0.4048
5622.1201 0.4063
5623.4131 0.4073
5624.7070 0.4087
5626.0039 0.4101
5627.2983 0.4107
5628.5957 0.4111
5629.8906 0.4119
5631.1890 0.4125
5632.4844 0.4127
5633.7803 0.4122
5635.0791 0.4093
5636.3755 0.4041
5637.6753 0.4036
5638.9722 0.4095
5640.2725 0.4124
5641.5703 0.4127
5642.8682 0.4136
5644.1694 0.4143
5645.4678 0.4135
5646.7695 0.4125
5648.0684 0.4132
5649.3711 0.4152
5650.6704 0.4173
5651.9707 0.4184
5653.2739 0.4184
5654.5742 0.4188
5655.8784 0.4195
5657.1797 0.4204
5658.4839 0.4215
5659.7856 0.4222
5661.0879 0.4214
5662.3931 0.4199
5663.6958 0.4207
5665.0020 0.4227
5666.3052 0.4239
5667.6118 0.4239
5668.9155 0.4247
5670.2197 0.4255
5671.5273 0.4264
5672.8320 0.4273
5674.1401 0.4281
5675.4453 0.4285
5676.7539 0.4282
5678.0601 0.4278
5679.3696 0.4279
5680.6758 0.4280
5681.9829 0.4271
5683.2930 0.4251
5684.6006 0.4239
5685.9111 0.4257
5687.2192 0.4284
5688.5308 0.4303
5689.8394 0.4312
5691.1484 0.4322
5692.4609 0.4339
5693.7705 0.4346
5695.0835 0.4346
5696.3936 0.4343
5697.7070 0.4344
5699.0176 0.4351
5700.3286 0.4363
5701.6431 0.4371
5702.9551 0.4374
5704.2700 0.4377
5705.5825 0.4384
5706.8979 0.4395
5708.2109 0.4400
5709.5239 0.4405
5710.8408 0.4405
5712.1543 0.4407
5713.4717 0.4418
5714.7861 0.4428
5716.1040 0.4430
5717.4189 0.4439
5718.7339 0.4443
5720.0527 0.4442
5721.3687 0.4442
5722.6880 0.4449
5724.0044 0.4451
5725.3242 0.4440
5726.6416 0.4442
5727.9590 0.4456
5729.2798 0.4468
5730.5977 0.4475
5731.9194 0.4487
5733.2378 0.4496
5734.5601 0.4503
5735.8794 0.4510
5737.1987 0.4516
5738.5215 0.4519
5739.8418 0.4519
5741.1655 0.4520
5742.4863 0.4523
5743.8105 0.4522
5745.1318 0.4518
5746.4536 0.4518
5747.7783 0.4519
5749.1006 0.4519
5750.4268 0.4515
5751.7495 0.4509
5753.0757 0.4505
5754.3994 0.4501
5755.7231 0.4487
5757.0503 0.4420
5758.3745 0.4287
5759.7026 0.4229
5761.0273 0.4321
5762.3560 0.4455
5763.6816 0.4518
5765.0078 0.4544
5766.3369 0.4557
5767.6636 0.4570
5768.9937 0.4586
5770.3208 0.4602
5771.6514 0.4602
5772.9790 0.4591
5774.3071 0.4554
5775.6387 0.4528
5776.9673 0.4552
5778.2993 0.4614
5779.6289 0.4649
5780.9614 0.4654
5782.2915 0.4656
5783.6250 0.4664
5784.9556 0.4670
5786.2861 0.4673
5787.6206 0.4676
5788.9521 0.4678
5790.2871 0.4674
5791.6191 0.4672
5792.9546 0.4683
5794.2871 0.4705
5795.6201 0.4716
5796.9565 0.4725
5798.2900 0.4729
5799.6274 0.4730
5800.9614 0.4729
5802.2993 0.4729
5803.6338 0.4732
5804.9692 0.4736
5806.3076 0.4744
5807.6436 0.4752
5808.9824 0.4755
5810.3188 0.4756
5811.6587 0.4762
5812.9956 0.4763
5814.3330 0.4769
5815.6738 0.4782
5817.0117 0.4792
5818.3530 0.4789
5819.6914 0.4780
5821.0337 0.4775
5822.3726 0.4769
5823.7119 0.4771
5825.0552 0.4787
5826.3950 0.4793
5827.7388 0.4776
5829.0791 0.4775
5830.4233 0.4788
5831.7646 0.4801
5833.1064 0.4811
5834.4517 0.4822
5835.7935 0.4828
5837.1396 0.4833
5838.4824 0.4837
5839.8286 0.4840
5841.1719 0.4843
5842.5156 0.4847
5843.8633 0.4851
5845.2075 0.4856
5846.5552 0.4860
5847.9004 0.4864
5849.2490 0.4868
5850.5942 0.4875
5851.9404 0.4878
5853.2896 0.4871
5854.6362 0.4878
5855.9863 0.4897
5857.3335 0.4909
5858.6841 0.4912
5860.0322 0.4913
5861.3799 0.4908
5862.7319 0.4902
5864.0806 0.4894
5865.4326 0.4820
5866.7822 0.4566
5868.1348 0.4198
5869.4849 0.4393
5870.8350 0.4721
5872.1890 0.4714
5873.5400 0.4407
5874.8940 0.4301
5876.2456 0.4662
5877.6006 0.4869
5878.9531 0.4910
5880.3052 0.4914
5881.6611 0.4934
5883.0146 0.4953
5884.3711 0.4962
5885.7246 0.4964
5887.0820 0.4961
5888.4365 0.4958
5889.7939 0.4960
5891.1489 0.4966
5892.5044 0.4971
5893.8633 0.4980
5895.2192 0.4982
5896.5786 0.4975
5897.9351 0.4971
5899.2949 0.4984
5900.6523 0.4989
5902.0098 0.4979
5903.3706 0.4986
5904.7285 0.5006
5906.0903 0.5017
5907.4487 0.5015
5908.8110 0.5022
5910.1704 0.5040
5911.5303 0.5053
5912.8931 0.5058
5914.2534 0.5060
5915.6172 0.5061
5916.9780 0.5065
5918.3428 0.5055
5919.7041 0.5045
5921.0659 0.5051
5922.4312 0.5064
5923.7939 0.5066
5925.1597 0.5056
5926.5229 0.5060
5927.8896 0.5071
5929.2534 0.5077
5930.6172 0.5078
5931.9849 0.5086
5933.3496 0.5083
5934.7178 0.5060
5936.0830 0.5056
5937.4517 0.5074
5938.8179 0.5095
5940.1841 0.5104
5941.5537 0.5119
5942.9204 0.5126
5944.2910 0.5119
5945.6587 0.5111
5947.0298 0.5114
5948.3975 0.5125
5949.7661 0.5133
5951.1382 0.5142
5952.5073 0.5146
5953.8799 0.5141
5955.2495 0.5124
5956.6226 0.5109
5957.9932 0.5137
5959.3638 0.5161
5960.7378 0.5168
5962.1094 0.5174
5963.4839 0.5185
5964.8560 0.5186
5966.2314 0.5183
5967.6040 0.5162
5968.9766 0.5147
5970.3530 0.5162
5971.7266 0.5194
5973.1035 0.5207
5974.4780 0.5214
5975.8555 0.5222
5977.2305 0.5228
5978.6055 0.5234
5979.9839 0.5237
5981.3599 0.5236
5982.7388 0.5235
5984.1152 0.5237
5985.4951 0.5238
5986.8721 0.5236
5988.2495 0.5234
5989.6304 0.5238
5991.0083 0.5256
5992.3896 0.5275
5993.7681 0.5287
5995.1504 0.5298
5996.5298 0.5306
5997.9126 0.5307
5999.2920 0.5309
6000.6724 0.5309
6002.0562 0.5316
6003.4370 0.5322
6004.8213 0.5322
6006.2026 0.5324
6007.5874 0.5337
6008.9697 0.5344
6010.3521 0.5348
6011.7378 0.5350
6013.1211 0.5351
6014.5078 0.5351
6015.8911 0.5354
6017.2783 0.5362
6018.6626 0.5369
6020.0474 0.5376
6021.4355 0.5381
6022.8208 0.5380
6024.2095 0.5383
6025.5957 0.5394
6026.9849 0.5409
6028.3716 0.5419
6029.7583 0.5421
6031.1489 0.5423
6032.5361 0.5435
6033.9272 0.5446
6035.3154 0.5454
6036.7070 0.5457
6038.0957 0.5459
6039.4849 0.5468
6040.8774 0.5476
6042.2671 0.5473
6043.6606 0.5475
6045.0508 0.5480
6046.4448 0.5483
6047.8359 0.5492
6049.2271 0.5503
6050.6221 0.5510
6052.0142 0.5516
6053.4097 0.5522
6054.8022 0.5527
6056.1982 0.5532
6057.5918 0.5540
6058.9854 0.5541
6060.3823 0.5525
6061.7764 0.5520
6063.1743 0.5543
6064.5693 0.5568
6065.9678 0.5568
6067.3633 0.5568
6068.7588 0.5582
6070.1582 0.5595
6071.5547 0.5598
6072.9551 0.5601
6074.3521 0.5611
6075.7529 0.5619
6077.1504 0.5624
6078.5483 0.5623
6079.9502 0.5620
6081.3491 0.5626
6082.7515 0.5644
6084.1504 0.5650
6085.5537 0.5652
6086.9536 0.5656
6088.3540 0.5656
6089.7578 0.5645
6091.1587 0.5641
6092.5635 0.5659
6093.9648 0.5673
6095.3701 0.5681
6096.7725 0.5690
6098.1782 0.5694
6099.5811 0.5699
6100.9844 0.5706
6102.3911 0.5713
6103.7949 0.5719
6105.2026 0.5718
6106.6069 0.5716
6108.0151 0.5723
6109.4204 0.5737
6110.8257 0.5749
6112.2349 0.5752
6113.6411 0.5749
6115.0508 0.5749
6116.4575 0.5754
6117.8682 0.5738
6119.2754 0.5741
6120.6831 0.5765
6122.0947 0.5774
6123.5029 0.5733
6124.9150 0.5646
6126.3242 0.5638
6127.7368 0.5715
6129.1465 0.5790
6130.5566 0.5805
6131.9702 0.5777
6133.3809 0.5722
6134.7954 0.5711
6136.2065 0.5754
6137.6216 0.5797
6139.0337 0.5805
6140.4458 0.5804
6141.8618 0.5810
6143.2749 0.5813
6144.6914 0.5816
6146.1050 0.5819
6147.5220 0.5823
6148.9365 0.5826
6150.3511 0.5827
6151.7690 0.5817
6153.1846 0.5819
6154.6035 0.5825
6156.0190 0.5827
6157.4390 0.5835
6158.8555 0.5855
6160.2720 0.5867
6161.6929 0.5873
6163.1104 0.5877
6164.5312 0.5882
6165.9497 0.5897
6167.3711 0.5913
6168.7900 0.5921
6170.2095 0.5929
6171.6323 0.5926
6173.0518 0.5914
6174.4756 0.5921
6175.8960 0.5941
6177.3198 0.5946
6178.7412 0.5923
6180.1626 0.5899
6181.5874 0.5905
6183.0098 0.5942
6184.4355 0.5968
6185.8579 0.5985
6187.2847 0.5994
6188.7080 0.5999
6190.1318 0.6006
6191.5591 0.6017
6192.9834 0.6029
6194.4116 0.6039
6195.8364 0.6045
6197.2651 0.6048
6198.6909 0.6051
6200.1172 0.6055
6201.5469 0.6059
6202.9731 0.6067
6204.4038 0.6074
6205.8311 0.6075
6207.2622 0.6076
6208.6899 0.6078
6210.1216 0.6078
6211.5503 0.6086
6212.9795 0.6067
6214.4121 0.6013
6215.8418 0.5979
6217.2749 0.6037
6218.7056 0.6100
6220.1392 0.6117
6221.5703 0.6094
6223.0015 0.6029
6224.4365 0.5979
6225.8687 0.6040
6227.3042 0.6129
6228.7368 0.6154
6230.1729 0.6159
6231.6064 0.6163
6233.0400 0.6167
6234.4771 0.6175
6235.9116 0.6179
6237.3496 0.6180
6238.7842 0.6187
6240.2231 0.6196
6241.6587 0.6199
6243.0942 0.6192
6244.5342 0.6179
6245.9707 0.6138
6247.4111 0.6122
6248.8481 0.6148
6250.2891 0.6185
6251.7271 0.6193
6253.1650 0.6149
6254.6069 0.6064
6256.0459 0.6027
6257.4888 0.6026
6258.9282 0.5998
6260.3716 0.5936
6261.8115 0.5938
6263.2520 0.6039
6264.6963 0.6131
6266.1377 0.6177
6267.5825 0.6203
6269.0244 0.6228
6270.4702 0.6247
6271.9126 0.6259
6273.3555 0.6269
6274.8022 0.6274
6276.2456 0.6275
6277.6929 0.6279
6279.1372 0.6275
6280.5850 0.6274
6282.0298 0.6275
6283.4751 0.6279
6284.9238 0.6287
6286.3696 0.6292
6287.8193 0.6303
6289.2661 0.6323
6290.7163 0.6331
6292.1636 0.6314
6293.6108 0.6284
6295.0620 0.6273
6296.5103 0.6313
6297.9624 0.6349
6299.4111 0.6371
6300.8638 0.6382
6302.3135 0.6392
6303.7632 0.6402
6305.2168 0.6403
6306.6675 0.6390
6308.1216 0.6387
6309.5728 0.6401
6311.0278 0.6420
6312.4795 0.6426
6313.9316 0.6429
6315.3877 0.6432
6316.8403 0.6436
6318.2974 0.6436
6319.7510 0.6428
6321.2080 0.6382
6322.6621 0.6220
6324.1201 0.6200
6325.5752 0.6331
6327.0303 0.6446
6328.4893 0.6459
6329.9453 0.6463
6331.4048 0.6471
6332.8613 0.6484
6334.3218 0.6488
6335.7788 0.6489
6337.2363 0.6491
6338.6978 0.6491
6340.1558 0.6495
6341.6182 0.6502
6343.0767 0.6503
6344.5396 0.6476
6345.9990 0.6400
6347.4590 0.6310
6348.9229 0.6382
6350.3833 0.6497
6351.8477 0.6532
6353.3091 0.6517
6354.7739 0.6509
6356.2358 0.6501
6357.6982 0.6533
6359.1641 0.6543
6360.6270 0.6546
6362.0938 0.6561
6363.5576 0.6585
6365.0249 0.6599
6366.4893 0.6610
6367.9536 0.6617
6369.4224 0.6616
6370.8877 0.6614
6372.3564 0.6615
6373.8228 0.6613
6375.2925 0.6616
6376.7588 0.6626
6378.2261 0.6638
6379.6968 0.6648
6381.1646 0.6652
6382.6357 0.6648
6384.1040 0.6650
6385.5762 0.6656
6387.0454 0.6655
6388.5146 0.6655
6389.9878 0.6655
6391.4580 0.6635
6392.9316 0.6604
6394.4023 0.6638
6395.8770 0.6679
6397.3481 0.6700
6398.8198 0.6711
6400.2954 0.6716
6401.7681 0.6718
6403.2441 0.6720
6404.7173 0.6722
6406.1943 0.6714
6407.6680 0.6689
6409.1421 0.6669
6410.6196 0.6704
6412.0947 0.6736
6413.5732 0.6740
6415.0488 0.6731
6416.5278 0.6727
6418.0039 0.6730
6419.4805 0.6736
6420.9609 0.6730
6422.4380 0.6730
6423.9189 0.6742
6425.3970 0.6755
6426.8784 0.6759
6428.3569 0.6758
6429.8359 0.6718
6431.3184 0.6614
6432.7979 0.6578
6434.2812 0.6679
6435.7617 0.6772
6437.2456 0.6787
6438.7266 0.6788
6440.2114 0.6796
6441.6929 0.6806
6443.1748 0.6812
6444.6606 0.6813
6446.1431 0.6820
6447.6294 0.6830
6449.1128 0.6834
6450.6001 0.6829
6452.0840 0.6823
6453.5684 0.6833
6455.0566 0.6847
6456.5415 0.6837
6458.0303 0.6823
6459.5161 0.6827
6461.0054 0.6850
6462.4917 0.6874
6463.9785 0.6880
6465.4692 0.6865
6466.9565 0.6840
6468.4478 0.6830
6469.9360 0.6843
6471.4277 0.6852
6472.9165 0.6862
6474.4058 0.6893
6475.8984 0.6917
6477.3882 0.6930
6478.8818 0.6940
6480.3726 0.6942
6481.8667 0.6939
6483.3579 0.6947
6484.8496 0.6957
6486.3447 0.6963
6487.8369 0.6964
6489.3330 0.6949
6490.8262 0.6893
6492.3228 0.6865
6493.8164 0.6907
6495.3101 0.6957
6496.8081 0.6968
6498.3027 0.6977
6499.8013 0.6979
6501.2964 0.6986
6502.7954 0.6993
6504.2915 0.6994
6505.7876 0.6990
6507.2881 0.6990
6508.7852 0.6991
6510.2861 0.6998
6511.7837 0.7006
6513.2852 0.7014
6514.7837 0.7026
6516.2822 0.7035
6517.7852 0.7036
6519.2842 0.7026
6520.7876 0.7021
6522.2876 0.7029
6523.7920 0.7042
6525.2925 0.7048
6526.7939 0.7053
6528.2988 0.7037
6529.8008 0.7017
6531.3062 0.6997
6532.8091 0.6967
6534.3154 0.6910
6535.8184 0.6811
6537.3223 0.6592
6538.8296 0.6543
6540.3340 0.6698
6541.8423 0.6883
6543.3472 0.6971
6544.8560 0.7023
6546.3613 0.7065
6547.8677 0.7096
6549.3774 0.7116
6550.8843 0.7132
6552.3945 0.7148
6553.9019 0.7162
6555.4136 0.7171
6556.9214 0.7177
6558.4336 0.7182
6559.9424 0.7185
6561.4512 0.7180
6562.9644 0.7176
6564.4741 0.7188
6565.9878 0.7195
6567.4985 0.7198
6569.0127 0.7205
6570.5239 0.7214
6572.0356 0.7224
6573.5513 0.7230
6575.0635 0.7237
6576.5796 0.7246
6578.0923 0.7256
6579.6094 0.7260
6581.1230 0.7259
6582.6372 0.7266
6584.1548 0.7280
6585.6694 0.7287
6587.1885 0.7261
6588.7036 0.7196
6590.2231 0.7176
6591.7393 0.7248
6593.2554 0.7295
6594.7759 0.7302
6596.2930 0.7309
6597.8140 0.7312
6599.3320 0.7319
6600.8535 0.7322
6602.3721 0.7325
6603.8911 0.7331
6605.4141 0.7338
6606.9336 0.7343
6608.4570 0.7346
6609.9771 0.7351
6611.5015 0.7357
6613.0225 0.7362
6614.5439 0.7365
6616.0693 0.7368
6617.5913 0.7367
6619.1172 0.7364
6620.6396 0.7365
6622.1665 0.7373
6623.6899 0.7384
6625.2139 0.7393
6626.7417 0.7394
6628.2661 0.7393
6629.7944 0.7397
6631.3198 0.7401
6632.8486 0.7402
6634.3745 0.7400
6635.9009 0.7392
6637.4312 0.7398
6638.9580 0.7412
6640.4888 0.7425
6642.0166 0.7436
6643.5483 0.7446
6645.0767 0.7447
6646.6055 0.7445
6648.1382 0.7448
6649.6675 0.7456
6651.2007 0.7462
6652.7310 0.7459
6654.2651 0.7458
6655.7959 0.7467
6657.3271 0.7479
6658.8623 0.7488
6660.3940 0.7492
6661.9297 0.7498
6663.4624 0.7504
6664.9990 0.7505
6666.5322 0.7508
6668.0659 0.7512
6669.6035 0.7511
6671.1377 0.7513
6672.6763 0.7513
6674.2114 0.7506
6675.7505 0.7509
6677.2861 0.7522
6678.8257 0.7536
6680.3623 0.7545
6681.8989 0.7551
6683.4399 0.7552
6684.9775 0.7555
6686.5190 0.7561
6688.0571 0.7565
6689.5996 0.7565
6691.1382 0.7568
6692.6777 0.7570
6694.2212 0.7574
6695.7607 0.7580
6697.3052 0.7582
6698.8457 0.7581
6700.3906 0.7591
6701.9316 0.7603
6703.4736 0.7609
6705.0195 0.7614
6706.5620 0.7619
6708.1084 0.7622
6709.6519 0.7624
6711.1987 0.7628
6712.7427 0.7634
6714.2871 0.7641
6715.8354 0.7645
6717.3804 0.7644
6718.9292 0.7645
6720.4751 0.7659
6722.0249 0.7663
6723.5713 0.7659
6725.1177 0.7666
6726.6685 0.7681
6728.2163 0.7691
6729.7676 0.7695
6731.3159 0.7688
6732.8682 0.7690
6734.4170 0.7710
6735.9663 0.7721
6737.5195 0.7726
6739.0693 0.7728
6740.6235 0.7731
6742.1743 0.7736
6743.7290 0.7743
6745.2803 0.7750
6746.8320 0.7755
6748.3877 0.7761
6749.9404 0.7767
6751.4966 0.7772
6753.0498 0.7778
6754.6069 0.7783
6756.1611 0.7787
6757.7153 0.7788
6759.2734 0.7788
6760.8286 0.7794
6762.3877 0.7805
6763.9434 0.7813
6765.5029 0.7816
6767.0596 0.7822
6768.6162 0.7827
6770.1772 0.7831
6771.7344 0.7835
6773.2959 0.7837
6774.8540 0.7841
6776.4165 0.7850
6777.9756 0.7856
6779.5347 0.7859
6781.0981 0.7865
6782.6582 0.7870
6784.2222 0.7870
6785.7827 0.7874
6787.3477 0.7879
6788.9092 0.7884
6790.4707 0.7890
6792.0366 0.7897
6793.5991 0.7899
6795.1655 0.7900
6796.7290 0.7906
6798.2964 0.7914
6799.8604 0.7915
6801.4282 0.7902
6802.9927 0.7885
6804.5581 0.7911
6806.1270 0.7934
6807.6929 0.7940
6809.2627 0.7945
6810.8291 0.7948
6812.3994 0.7952
6813.9668 0.7953
6815.5342 0.7949
6817.1060 0.7948
6818.6743 0.7958
6820.2466 0.7971
6821.8154 0.7979
6823.3887 0.7983
6824.9585 0.7988
6826.5283 0.7992
6828.1025 0.7990
6829.6733 0.7981
6831.2485 0.7984
6832.8198 0.7997
6834.3955 0.8004
6835.9678 0.8009
6837.5405 0.8018
6839.1172 0.8028
6840.6904 0.8033
6842.2681 0.8037
6843.8418 0.8040
6845.4199 0.8044
6846.9946 0.8049
6848.5698 0.8055
6850.1494 0.8060
6851.7251 0.8064
6853.3052 0.8069
6854.8818 0.8071
6856.4624 0.8071
6858.0396 0.8076
6859.6177 0.8082
6861.1992 0.8083
6862.7778 0.8089
6864.3604 0.8099
6865.9395 0.8105
6867.5225 0.8110
6869.1025 0.8114
6870.6826 0.8119
6872.2671 0.8123
6873.8481 0.8128
6875.4331 0.8132
6877.0146 0.8136
6878.6006 0.8138
6880.1831 0.8139
6881.7656 0.8145
6883.3525 0.8152
6884.9360 0.8155
6886.5239 0.8156
6888.1079 0.8158
6889.6963 0.8161
6891.2812 0.8167
6892.8667 0.8173
6894.4561 0.8176
6896.0425 0.8178
6897.6323 0.8186
6899.2192 0.8191
6900.8105 0.8196
6902.3979 0.8201
6903.9858 0.8207
6905.5776 0.8213
6907.1665 0.8218
6908.7593 0.8224
6910.3486 0.8229
6911.9419 0.8233
6913.5322 0.8236
6915.1226 0.8241
6916.7173 0.8247
6918.3081 0.8246
6919.9038 0.8248
6921.4956 0.8255
6923.0918 0.8263
6924.6846 0.8267
6926.2812 0.8270
6927.8745 0.8275
6929.4683 0.8280
6931.0664 0.8284
6932.6606 0.8290
6934.2593 0.8294
6935.8545 0.8291
6937.4541 0.8295
6939.0498 0.8303
6940.6460 0.8310
6942.2466 0.8315
6943.8438 0.8320
6945.4448 0.8322
6947.0430 0.8325
6948.6445 0.8330
6950.2432 0.8332
6951.8423 0.8329
6953.4453 0.8329
6955.0449 0.8340
6956.6489 0.8347
6958.2490 0.8355
6959.8535 0.8364
6961.4546 0.8370
6963.0562 0.8375
6964.6621 0.8378
6966.2642 0.8365
6967.8706 0.8360
6969.4736 0.8372
6971.0806 0.8386
6972.6841 0.8378
6974.2886 0.8372
6975.8965 0.8370
6977.5015 0.8378
6979.1104 0.8396
6980.7158 0.8411
6982.3257 0.8420
6983.9321 0.8424
6985.5386 0.8426
6987.1494 0.8428
6988.7568 0.8429
6990.3687 0.8432
6991.9766 0.8436
6993.5889 0.8438
6995.1978 0.8439
6996.8071 0.8446
6998.4204 0.8453
7000.0303 0.8454
7001.6445 0.8457
7003.2554 0.8459
7004.8701 0.8458
7006.4819 0.8467
7008.0938 0.8480
7009.7095 0.8484
7011.3223 0.8485
7012.9390 0.8491
7014.5522 0.8488
7016.1699 0.8486
7017.7837 0.8492
7019.3984 0.8501
7021.0171 0.8504
7022.6323 0.8509
7024.2515 0.8511
7025.8677 0.8517
7027.4878 0.8521
7029.1045 0.8518
7030.7212 0.8519
7032.3428 0.8530
7033.9604 0.8526
7035.5825 0.8520
7037.2007 0.8522
7038.8237 0.8530
7040.4429 0.8535
7042.0664 0.8541
7043.6865 0.8546
7045.3066 0.8555
7046.9316 0.8564
7048.5527 0.8569
7050.1782 0.8574
7051.7998 0.8575
7053.4263 0.8576
7055.0488 0.8584
7056.6719 0.8593
7058.2988 0.8597
7059.9229 0.8601
7061.5508 0.8603
7063.1753 0.8608
7064.8037 0.8614
7066.4292 0.8618
7068.0547 0.8622
7069.6846 0.8631
7071.3110 0.8639
7072.9419 0.8637
7074.5688 0.8640
7076.2002 0.8648
7077.8281 0.8656
7079.4561 0.8657
7081.0889 0.8655
7082.7178 0.8658
7084.3511 0.8652
7085.9810 0.8642
7087.6147 0.8641
7089.2451 0.8645
7090.8760 0.8656
7092.5112 0.8667
7094.1431 0.8673
7095.7788 0.8681
7097.4111 0.8698
7099.0479 0.8710
7100.6812 0.8714
7102.3145 0.8715
7103.9521 0.8712
7105.5864 0.8713
7107.2251 0.8724
7108.8599 0.8732
7110.4995 0.8737
7112.1353 0.8742
7113.7715 0.8747
7115.4116 0.8749
7117.0483 0.8751
7118.6899 0.8759
7120.3271 0.8745
7121.9692 0.8739
7123.6079 0.8758
7125.2466 0.8780
7126.8896 0.8783
7128.5293 0.8783
7130.1729 0.8784
7131.8130 0.8793
7133.4580 0.8799
7135.0986 0.8796
7136.7402 0.8783
7138.3857 0.8767
7140.0283 0.8788
7141.6748 0.8813
7143.3174 0.8826
7144.9648 0.8832
7146.6084 0.8837
7148.2524 0.8838
7149.9009 0.8838
7151.5459 0.8846
7153.1948 0.8845
7154.8403 0.8841
7156.4902 0.8852
7158.1367 0.8861
7159.7832 0.8845
7161.4346 0.8850
7163.0820 0.8867
7164.7339 0.8868
7166.3818 0.8854
7168.0347 0.8859
7169.6836 0.8873
7171.3369 0.8880
7172.9863 0.8878
7174.6367 0.8868
7176.2910 0.8865
7177.9419 0.8885
7179.5972 0.8870
7181.2490 0.8868
7182.9048 0.8887
7184.5571 0.8902
7186.2100 0.8899
7187.8672 0.8896
7189.5210 0.8906
7191.1787 0.8914
7192.8330 0.8916
7194.4917 0.8911
7196.1465 0.8902
7197.8022 0.8904
7199.4619 0.8922
7201.1182 0.8933
7202.7788 0.8942
7204.4355 0.8950
7206.0972 0.8954
7207.7549 0.8953
7209.4131 0.8955
7211.0757 0.8958
7212.7344 0.8952
7214.3975 0.8949
7216.0571 0.8958
7217.7212 0.8960
7219.3818 0.8973
7221.0425 0.8984
7222.7075 0.8981
7224.3691 0.8979
7226.0352 0.8989
7227.6973 0.8995
7229.3643 0.9002
7231.0273 0.9010
7232.6909 0.9008
7234.3584 0.9005
7236.0229 0.9010
7237.6914 0.9020
7239.3564 0.9025
7241.0259 0.9030
7242.6919 0.9034
7244.3579 0.9035
7246.0283 0.9035
7247.6953 0.9032
7249.3667 0.9035
7251.0342 0.9044
7252.7065 0.9049
7254.3750 0.9050
7256.0439 0.9048
7257.7168 0.9049
7259.3867 0.9054
7261.0605 0.9029
7262.7310 0.9025
7264.4058 0.9047
7266.0771 0.9061
7267.7485 0.9073
7269.4243 0.9083
7271.0967 0.9084
7272.7734 0.9085
7274.4463 0.9090
7276.1240 0.9098
7277.7979 0.9108
7279.4722 0.9101
7281.1509 0.9096
7282.8257 0.9101
7284.5054 0.9117
7286.1812 0.9133
7287.8613 0.9140
7289.5376 0.9142
7291.2148 0.9140
7292.8960 0.9133
7294.5737 0.9135
7296.2559 0.9146
7297.9341 0.9135
7299.6172 0.9130
7301.2964 0.9146
7302.9800 0.9153
7304.6602 0.9153
7306.3408 0.9162
7308.0254 0.9166
7309.7065 0.9171
7311.3921 0.9171
7313.0742 0.9174
7314.7607 0.9179
7316.4434 0.9182
7318.1265 0.9185
7319.8140 0.9187
7321.4980 0.9190
7323.1860 0.9190
7324.8711 0.9188
7326.5601 0.9187
7328.2456 0.9186
7329.9312 0.9196
7331.6216 0.9206
7333.3081 0.9208
7334.9995 0.9206
7336.6865 0.9209
7338.3784 0.9216
7340.0669 0.9220
7341.7554 0.9223
7343.4482 0.9228
7345.1377 0.9232
7346.8315 0.9233
7348.5215 0.9238
7350.2163 0.9244
7351.9067 0.9250
7353.5981 0.9252
7355.2939 0.9251
7356.9858 0.9248
7358.6826 0.9242
7360.3755 0.9243
7362.0728 0.9253
7363.7661 0.9263
7365.4604 0.9268
7367.1587 0.9270
7368.8535 0.9275
7370.5527 0.9279
7372.2485 0.9275
7373.9487 0.9276
7375.6450 0.9281
7377.3418 0.9280
7379.0430 0.9276
7380.7402 0.9279
7382.4424 0.9282
7384.1406 0.9287
7385.8433 0.9289
7387.5425 0.9282
7389.2422 0.9280
7390.9458 0.9295
7392.6465 0.9298
7394.3511 0.9283
7396.0522 0.9275
7397.7573 0.9289
7399.4595 0.9306
7401.1616 0.9312
7402.8682 0.9314
7404.5713 0.9315
7406.2788 0.9319
7407.9824 0.9327
7409.6909 0.9332
7411.3955 0.9339
7413.1006 0.9312
7414.8101 0.9301
7416.5156 0.9326
7418.2261 0.9354
7419.9326 0.9353
7421.6436 0.9342
7423.3506 0.9352
7425.0586 0.9368
7426.7705 0.9377
7428.4795 0.9382
7430.1924 0.9385
7431.9014 0.9388
7433.6152 0.9356
7435.3257 0.9352
7437.0400 0.9377
7438.7510 0.9372
7440.4624 0.9333
7442.1777 0.9362
7443.8901 0.9395
7445.6064 0.9409
7447.3193 0.9412
7449.0366 0.9412
7450.7505 0.9406
7452.4644 0.9405
7454.1831 0.9412
7455.8979 0.9420
7457.6172 0.9428
7459.3325 0.9436
7461.0527 0.9438
7462.7690 0.9442
7464.4858 0.9441
7466.2070 0.9432
7467.9248 0.9430
7469.6470 0.9442
7471.3652 0.9453
7473.0884 0.9459
7474.8076 0.9461
7476.5269 0.9459
7478.2510 0.9459
7479.9712 0.9461
7481.6963 0.9458
7483.4175 0.9451
7485.1431 0.9453
7486.8652 0.9455
7488.5874 0.9463
7490.3145 0.9480
7492.0371 0.9485
7493.7651 0.9478
7495.4888 0.9472
7497.2173 0.9479
7498.9419 0.9491
7500.6670 0.9496
7502.3970 0.9497
7504.1226 0.9491
7505.8530 0.9493
7507.5801 0.9502
7509.3110 0.9509
7511.0386 0.9512
7512.7666 0.9514
7514.4990 0.9516
7516.2275 0.9519
7517.9609 0.9521
7519.6904 0.9524
7521.4243 0.9528
7523.1548 0.9531
7524.8853 0.9533
7526.6206 0.9527
7528.3521 0.9530
7530.0884 0.9538
7531.8203 0.9538
7533.5571 0.9539
7535.2905 0.9541
7537.0239 0.9544
7538.7617 0.9546
7540.4961 0.9546
7542.2349 0.9549
7543.9702 0.9556
7545.7095 0.9552
7547.4453 0.9555
7549.1816 0.9562
7550.9229 0.9566
7552.6597 0.9567
7554.4014 0.9566
7556.1392 0.9562
7557.8818 0.9565
7559.6201 0.9574
7561.3594 0.9582
7563.1030 0.9585
7564.8428 0.9587
7566.5874 0.9589
7568.3281 0.9591
7570.0732 0.9595
7571.8149 0.9596
7573.5610 0.9595
7575.3032 0.9598
7577.0459 0.9603
7578.7930 0.9607
7580.5366 0.9609
7582.2847 0.9610
7584.0288 0.9610
7585.7778 0.9609
7587.5229 0.9596
7589.2686 0.9588
7591.0186 0.9592
7592.7646 0.9603
7594.5156 0.9615
7596.2627 0.9621
7598.0142 0.9624
7599.7622 0.9627
7601.5107 0.9631
7603.2637 0.9634
7605.0127 0.9636
7606.7661 0.9638
7608.5161 0.9642
7610.2710 0.9643
7612.0215 0.9645
7613.7725 0.9649
7615.5283 0.9653
7617.2803 0.9655
7619.0366 0.9658
7620.7896 0.9661
7622.5469 0.9663
7624.3003 0.9661
7626.0542 0.9654
7627.8130 0.9647
7629.5679 0.9640
7631.3271 0.9643
7633.0825 0.9649
7634.8428 0.9645
7636.5991 0.9642
7638.3560 0.9670
7640.1172 0.9682
7641.8750 0.9686
7643.6372 0.9689
7645.3955 0.9693
7647.1587 0.9695
7648.9180 0.9699
7650.6772 0.9689
7652.4419 0.9692
7654.2021 0.9700
7655.9673 0.9701
7657.7285 0.9698
7659.4941 0.9706
7661.2563 0.9710
7663.0186 0.9712
7664.7856 0.9715
7666.5493 0.9717
7668.3169 0.9712
7670.0811 0.9704
7671.8496 0.9715
7673.6147 0.9727
7675.3799 0.9732
7677.1499 0.9732
7678.9160 0.9733
7680.6870 0.9726
7682.4536 0.9703
7684.2251 0.9711
7685.9932 0.9728
7687.7612 0.9734
7689.5342 0.9733
7691.3027 0.9728
7693.0767 0.9724
7694.8462 0.9724
7696.6206 0.9725
7698.3911 0.9726
7700.1621 0.9733
7701.9380 0.9744
7703.7100 0.9748
7705.4863 0.9752
7707.2588 0.9756
7709.0361 0.9759
7710.8096 0.9762
7712.5879 0.9761
7714.3618 0.9761
7716.1367 0.9763
7717.9160 0.9761
7719.6914 0.9759
7721.4717 0.9768
7723.2480 0.9781
7725.0288 0.9787
7726.8062 0.9789
7728.5835 0.9792
7730.3657 0.9794
7732.1440 0.9795
7733.9272 0.9798
7735.7065 0.9803
7737.4902 0.9805
7739.2700 0.9805
7741.0508 0.9751
7742.8354 0.9622
7744.6167 0.9529
7746.4028 0.9560
7748.1851 0.9716
7749.9717 0.9812
7751.7544 0.9821
7753.5376 0.9832
7755.3257 0.9835
7757.1099 0.9837
7758.8984 0.9840
7760.6836 0.9844
7762.4731 0.9850
7764.2588 0.9853
7766.0449 0.9851
7767.8359 0.9854
7769.6226 0.9857
7771.4146 0.9858
7773.2021 0.9861
7774.9946 0.9866
7776.7832 0.9868
7778.5723 0.9873
7780.3662 0.9877
7782.1558 0.9880
7783.9507 0.9884
7785.7412 0.9887
7787.5366 0.9889
7789.3281 0.9887
7791.1201 0.9891
7792.9165 0.9894
7794.7095 0.9895
7796.5068 0.9895
7798.3003 0.9892
7800.0986 0.9884
7801.8931 0.9885
7803.6880 0.9889
7805.4873 0.9895
7807.2832 0.9905
7809.0835 0.9909
7810.8799 0.9907
7812.6812 0.9906
7814.4785 0.9910
7816.2759 0.9914
7818.0786 0.9915
7819.8770 0.9914
7821.6802 0.9916
7823.4795 0.9922
7825.2837 0.9923
7827.0840 0.9921
7828.8843 0.9923
7830.6899 0.9925
7832.4912 0.9926
7834.2974 0.9927
7836.0996 0.9927
7837.9067 0.9928
7839.7100 0.9932
7841.5132 0.9935
7843.3213 0.9938
7845.1260 0.9933
7846.9351 0.9909
7848.7402 0.9904
7850.5498 0.9939
7852.3560 0.9945
7854.1665 0.9947
7855.9736 0.9949
7857.7808 0.9947
7859.5928 0.9946
7861.4009 0.9951
7863.2139 0.9947
7865.0225 0.9911
7866.8364 0.9877
7868.6460 0.9907
7870.4561 0.9958
7872.2710 0.9958
7874.0820 0.9947
7875.8979 0.9963
7877.7100 0.9977
7879.5264 0.9969
7881.3389 0.9956
7883.1519 0.9963
7884.9697 0.9976
7886.7837 0.9974
7888.6025 0.9970
7890.4175 0.9969
7892.2368 0.9966
7894.0522 0.9961
7895.8687 0.9970
7897.6890 0.9977
7899.5059 0.9969
7901.3276 0.9968
7903.1455 0.9980
7904.9678 0.9991
7906.7861 0.9996
7908.6055 1.0003
7910.4292 1.0008
7912.2485 1.0005
7914.0732 0.9998
7915.8940 0.9996
7917.7192 0.9993
7919.5405 0.9994
7921.3628 0.9995
7923.1895 1.0003
7925.0122 1.0013
7926.8394 1.0019
7928.6631 1.0019
7930.4912 1.0007
7932.3159 0.9996
7934.1406 0.9997
7935.9702 1.0010
7937.7959 1.0026
7939.6265 1.0025
7941.4526 1.0028
7943.2842 1.0030
7945.1113 1.0029
7946.9390 1.0028
7948.7720 1.0032
7950.6006 1.0037
7952.4336 1.0039
7954.2632 1.0041
7956.0977 1.0039
7957.9277 1.0041
7959.7583 1.0052
7961.5938 1.0055
7963.4253 1.0052
7965.2617 1.0055
7967.0942 1.0055
7968.9316 1.0048
7970.7646 1.0038
7972.5981 1.0036
7974.4370 1.0048
7976.2715 1.0052
7978.1108 1.0043
7979.9458 1.0045
7981.7861 1.0064
7983.6226 1.0060
7985.4590 1.0057
7987.3003 1.0070
7989.1377 1.0078
7990.9800 1.0075
7992.8184 1.0069
7994.6616 1.0060
7996.5005 1.0062
7998.3447 1.0067
8000.1846 1.0071
8002.0249 1.0077
8003.8706 1.0083
8005.7114 1.0077
8007.5576 1.0079
8009.3999 1.0084
8011.2471 1.0087
8013.0898 1.0083
8014.9331 1.0075
8016.7812 1.0073
8018.6255 1.0084
8020.4746 1.0094
8022.3198 1.0099
8024.1699 1.0099
8026.0156 1.0098
8027.8623 1.0099
8029.7134 1.0100
8031.5605 1.0103
8033.4126 1.0104
8035.2607 1.0105
8037.1138 1.0106
8038.9624 1.0106
8040.8120 1.0102
8042.6660 1.0107
8044.5161 1.0113
8046.3711 1.0115
8048.2222 1.0114
8050.0781 1.0111
8051.9302 1.0113
8053.7827 1.0106
8055.6396 1.0104
8057.4927 1.0112
8059.3511 1.0118
8061.2051 1.0117
8063.0640 1.0116
8064.9189 1.0118
8066.7739 1.0116
8068.6343 1.0115
8070.4902 1.0121
8072.3516 1.0127
8074.2085 1.0129
8076.0703 1.0131
8077.9282 1.0132
8079.7866 1.0132
8081.6499 1.0134
8083.5088 1.0135
8085.3730 1.0136
8087.2329 1.0137
8089.0981 1.0139
8090.9590 1.0140
8092.8203 1.0142
8094.6865 1.0143
8096.5483 1.0143
8098.4155 1.0145
8100.2788 1.0145
8102.1465 1.0146
8104.0103 1.0146
8105.8745 1.0149
8107.7441 1.0150
8109.6089 1.0150
8111.4790 1.0151
8113.3452 1.0153
8115.2163 1.0154
8117.0830 1.0155
8118.9502 1.0155
8120.8228 1.0156
8122.6909 1.0158
8124.5640 1.0159
8126.4326 1.0159
8128.3066 1.0160
8130.1768 1.0159
8132.0513 1.0158
8133.9224 1.0161
8135.7935 1.0164
8137.6694 1.0165
8139.5415 1.0167
8141.4185 1.0167
8143.2915 1.0168
8145.1694 1.0169
8147.0430 1.0170
8148.9175 1.0169
8150.7964 1.0165
8152.6714 1.0142
8154.5513 1.0149
8156.4272 1.0161
8158.3081 1.0166
8160.1851 1.0173
8162.0625 1.0171
8163.9443 1.0146
8165.8228 1.0155
8167.7056 1.0167
8169.5845 1.0160
8171.4683 1.0150
8173.3481 1.0168
8175.2285 1.0178
8177.1138 1.0178
8178.9951 1.0176
8180.8809 1.0176
8182.7632 1.0171
8184.6499 1.0163
8186.5327 1.0169
8188.4160 1.0164
8190.3042 1.0159
8192.1885 1.0166
8194.0771 1.0181
8195.9629 1.0187
8197.8525 1.0181
8199.7383 1.0170
8201.6250 1.0168
8203.5156 1.0172
8205.4033 1.0177
8207.2959 1.0188
8209.1836 1.0189
8211.0762 1.0184
8212.9658 1.0188
8214.8545 1.0190
8216.7490 1.0176
8218.6396 1.0157
8220.5342 1.0186
8222.4258 1.0188
8224.3223 1.0184
8226.2139 1.0192
8228.1064 1.0198
8230.0039 1.0201
8231.8965 1.0202
8233.7949 1.0203
8235.6895 1.0205
8237.5889 1.0208
8239.4834 1.0208
8241.3789 1.0208
8243.2793 1.0207
8245.1758 1.0206
8247.0771 1.0207
8248.9746 1.0210
8250.8770 1.0208
8252.7744 1.0208
8254.6729 1.0204
8256.5771 1.0202
8258.4766 1.0206
8260.3809 1.0209
8262.2812 1.0206
8264.1865 1.0211
8266.0869 1.0210
8267.9893 1.0207
8269.8955 1.0215
8271.7979 1.0223
8273.7051 1.0209
8275.6084 1.0194
8277.5166 1.0218
8279.4209 1.0233
8281.3301 1.0211
8283.2354 1.0184
8285.1416 1.0198
8287.0518 1.0234
8288.9580 1.0234
8290.8691 1.0192
8292.7773 1.0172
8294.6895 1.0200
8296.5977 1.0239
8298.5059 1.0242
8300.4199 1.0203
8302.3291 1.0136
8304.2432 1.0143
8306.1543 1.0215
8308.0693 1.0256
8309.9805 1.0247
8311.8926 1.0204
8313.8086 1.0140
8315.7217 1.0149
8317.6396 1.0217
8319.5527 1.0257
8321.4707 1.0264
8323.3857 1.0251
8325.2998 1.0188
8327.2197 1.0123
8329.1357 1.0127
8331.0566 1.0207
8332.9727 1.0258
8334.8945 1.0274
8336.8115 1.0270
8338.7295 1.0243
8340.6523 1.0177
8342.5713 1.0098
8344.4951 1.0099
8346.4150 1.0191
8348.3398 1.0249
8350.2598 1.0273
8352.1807 1.0282
8354.1074 1.0269
8356.0293 1.0237
8357.9561 1.0181
8359.8789 1.0085
8361.8066 1.0064
8363.7295 1.0132
8365.6543 1.0206
8367.5830 1.0250
8369.5078 1.0275
8371.4375 1.0290
8373.3643 1.0277
8375.2949 1.0241
8377.2217 1.0193
8379.1484 1.0125
8381.0811 1.0034
8383.0088 1.0048
8384.9424 1.0128
8386.8711 1.0199
8388.8047 1.0241
8390.7344 1.0274
8392.6650 1.0287
8394.6006 1.0291
8396.5312 1.0284
8398.4678 1.0262
8400.3994 1.0227
8402.3369 1.0183
8404.2695 1.0099
8406.2031 1.0008
8408.1416 1.0030
8410.0762 1.0139
8412.0156 1.0177
8413.9502 1.0066
8415.8906 1.0041
8417.8271 1.0193
8419.7637 1.0280
8421.7051 1.0266
8423.6426 1.0278
8425.5850 1.0268
8427.5234 1.0251
8429.4668 1.0216
8431.4053 1.0163
8433.3496 1.0082
8435.2900 0.9996
8437.2305 1.0020
8439.1758 1.0128
8441.1172 1.0200
8443.0645 1.0237
8445.0059 1.0259
8446.9541 1.0267
8448.8965 1.0267
8450.8408 1.0270
8452.7891 1.0271
8454.7344 1.0265
8456.6836 1.0255
8458.6289 1.0245
8460.5791 1.0237
8462.5254 1.0238
8464.4727 1.0118
8466.4248 0.9998
8468.3721 0.9961
8470.3252 0.9968
8472.2734 0.9986
8474.2275 1.0098
8476.1768 1.0165
8478.1270 1.0201
8480.0820 1.0223
8482.0322 1.0223
8483.9883 1.0240
8485.9404 1.0260
8487.8975 1.0259
8489.8496 1.0254
8491.8027 1.0255
8493.7607 1.0258
8495.7148 1.0263
8497.6738 1.0260
8499.6289 1.0255
8501.5889 1.0248
8503.5449 1.0231
8505.5010 1.0201
8507.4619 1.0144
8509.4199 0.9932
8511.3818 0.9842
8513.3398 0.9887
8515.3027 0.9990
8517.2617 1.0096
8519.2217 1.0160
8521.1855 1.0192
8523.1465 1.0204
8525.1113 1.0214
8527.0723 1.0226
8529.0391 1.0232
8531.0010 1.0236
8532.9639 1.0238
8534.9316 1.0221
8536.8945 1.0220
8538.8633 1.0231
8540.8281 1.0230
8542.7969 1.0229
8544.7627 1.0229
8546.7285 1.0230
8548.6992 1.0231
8550.6660 1.0228
8552.6377 1.0219
8554.6045 1.0209
8556.5771 1.0206
8558.5459 1.0186
8560.5146 1.0139
8562.4893 1.0075
8564.4590 1.0000
8566.4336 0.9924
8568.4043 0.9992
8570.3799 1.0091
8572.3516 1.0156
8574.3242 1.0185
8576.3008 1.0200
8578.2744 1.0209
8580.2520 1.0212
8582.2256 1.0216
8584.2051 1.0216
8586.1797 1.0208
8588.1602 1.0199
8590.1357 1.0203
8592.1113 1.0214
8594.0928 1.0211
8596.0703 1.0182
8598.0527 1.0172
8600.0303 1.0208
8602.0137 1.0215
8603.9922 1.0215
8605.9717 1.0213
8607.9561 1.0211
8609.9365 1.0210
8611.9219 1.0206
8613.9033 1.0203
8615.8896 1.0201
8617.8711 1.0199
8619.8535 1.0196
8621.8418 1.0182
8623.8252 1.0159
8625.8135 1.0151
8627.7979 1.0047
8629.7881 0.9871
8631.7725 0.9816
8633.7588 0.9911
8635.7500 1.0029
8637.7363 1.0111
8639.7285 1.0151
8641.7158 1.0175
8643.7080 1.0193
8645.6973 1.0168
8647.6855 1.0096
8649.6797 1.0085
8651.6699 1.0103
8653.6650 1.0133
8655.6553 1.0172
8657.6514 1.0203
8659.6436 1.0212
8661.6357 1.0204
8663.6328 1.0202
8665.6260 1.0210
8667.6240 1.0203
8669.6182 1.0174
8671.6172 1.0154
8673.6123 1.0192
8675.6074 1.0207
8677.6084 1.0169
8679.6045 1.0153
8681.6055 1.0184
8683.6025 1.0201
8685.6055 1.0160
8687.6035 1.0161
8689.6025 1.0187
8691.6055 1.0197
8693.6055 1.0188
8695.6104 1.0176
8697.6104 1.0170
8699.6162 1.0183
8701.6172 1.0181
8703.6191 1.0174
8705.6260 1.0168
8707.6289 1.0157
8709.6367 1.0143
8711.6406 1.0118
8713.6494 1.0071
8715.6543 0.9969
8717.6592 0.9881
8719.6699 0.9916
8721.6758 1.0039
8723.6865 1.0097
8725.6934 1.0132
8727.7061 1.0154
8729.7129 1.0158
8731.7217 1.0158
8733.7354 1.0165
8735.7441 1.0166
8737.7588 1.0165
8739.7686 1.0164
8741.7842 1.0164
8743.7949 1.0166
8745.8115 1.0164
8747.8232 1.0158
8749.8359 1.0158
8751.8535 1.0160
8753.8672 1.0158
8755.8857 1.0157
8757.9004 1.0157
8759.9199 1.0157
8761.9346 1.0156
8763.9502 1.0155
8765.9717 1.0153
8767.9883 1.0149
8770.0098 1.0148
8772.0273 1.0129
8774.0498 1.0114
8776.0684 1.0120
8778.0879 1.0132
8780.1113 1.0126
8782.1318 1.0125
8784.1562 1.0132
8786.1777 1.0121
8788.2031 1.0111
8790.2256 1.0111
8792.2471 1.0115
8794.2754 1.0121
8796.2979 1.0121
8798.3262 1.0113
8800.3506 1.0109
8802.3799 1.0107
8804.4053 1.0102
8806.4307 1.0099
8808.4609 1.0098
8810.4873 1.0095
8812.5195 1.0088
8814.5459 1.0079
8816.5791 1.0070
8818.6074 1.0060
8820.6357 1.0040
8822.6699 1.0018
8824.6992 0.9985
8826.7344 0.9922
8828.7646 0.9844
8830.8008 0.9824
8832.8330 0.9901
8834.8643 0.9958
8836.9014 0.9991
8838.9346 1.0010
8840.9727 1.0013
8843.0068 1.0028
8845.0459 1.0039
8847.0811 1.0037
8849.1162 1.0033
8851.1562 1.0038
8853.1924 1.0050
8855.2344 1.0057
8857.2715 1.0056
8859.3145 1.0052
8861.3516 1.0055
8863.3906 1.0060
8865.4346 1.0059
8867.4736 1.0060
8869.5186 1.0063
8871.5596 1.0062
8873.6045 1.0062
8875.6465 1.0057
8877.6885 1.0038
8879.7354 1.0019
8881.7783 1.0050
8883.8262 1.0056
8885.8701 1.0048
8887.9189 1.0047
8889.9639 1.0044
8892.0088 1.0030
8894.0596 0.9997
8896.1055 1.0015
8898.1562 1.0040
8900.2041 1.0042
8902.2559 1.0040
8904.3037 1.0039
8906.3574 1.0037
8908.4062 1.0034
8910.4561 1.0025
8912.5107 1.0017
8914.5605 1.0018
8916.6162 1.0018
8918.6680 1.0021
8920.7246 1.0020
8922.7764 1.0017
8924.8291 1.0014
8926.8867 1.0011
8928.9404 1.0009
8931.0000 0.9998
8933.0547 0.9990
8935.1143 0.9989
8937.1699 0.9991
8939.2256 0.9988
8941.2871 0.9982
8943.3438 0.9969
8945.4062 0.9966
8947.4639 0.9968
8949.5273 0.9968
8951.5859 0.9961
8953.6455 0.9956
8955.7100 0.9949
8957.7705 0.9942
8959.8359 0.9935
8961.8975 0.9926
8963.9639 0.9912
8966.0264 0.9892
8968.0889 0.9886
8970.1572 0.9877
8972.2207 0.9858
8974.2891 0.9830
8976.3535 0.9796
8978.4238 0.9754
8980.4893 0.9688
8982.5557 0.9690
8984.6270 0.9739
8986.6934 0.9785
8988.7656 0.9809
8990.8340 0.9831
8992.9072 0.9846
8994.9756 0.9856
8997.0449 0.9865
8999.1201 0.9872
9001.1904 0.9872
9003.2656 0.9870
9005.3369 0.9878
9007.4131 0.9884
9009.4854 0.9886
9011.5586 0.9886
9013.6357 0.9886
9015.7100 0.9885
9017.7891 0.9883
9019.8633 0.9885
9021.9434 0.9887
9024.0186 0.9882
9026.0947 0.9855
9028.1758 0.9787
9030.2529 0.9833
9032.3350 0.9873
9034.4131 0.9879
9036.4971 0.9873
9038.5752 0.9872
9040.6543 0.9872
9042.7393 0.9842
9044.8193 0.9821
9046.9053 0.9837
9048.9863 0.9863
9051.0732 0.9858
9053.1553 0.9831
9055.2383 0.9795
9057.3262 0.9830
9059.4102 0.9820
9061.4990 0.9782
9063.5840 0.9821
9065.6738 0.9836
9067.7588 0.9835
9069.8506 0.9832
9071.9365 0.9830
9074.0234 0.9827
9076.1162 0.9809
9078.2041 0.9768
9080.2979 0.9802
9082.3867 0.9814
9084.4805 0.9808
9086.5703 0.9806
9088.6611 0.9802
9090.7568 0.9799
9092.8486 0.9796
9094.9453 0.9797
9097.0371 0.9794
9099.1348 0.9790
9101.2285 0.9790
9103.3223 0.9787
9105.4209 0.9784
9107.5156 0.9781
9109.6162 0.9778
9111.7119 0.9771
9113.8125 0.9764
9115.9092 0.9766
9118.0068 0.9764
9120.1094 0.9760
9122.2070 0.9756
9124.3105 0.9754
9126.4102 0.9751
9128.5146 0.9746
9130.6143 0.9740
9132.7148 0.9738
9134.8213 0.9735
9136.9219 0.9730
9139.0293 0.9724
9141.1318 0.9712
9143.2393 0.9707
9145.3428 0.9708
9147.4473 0.9701
9149.5566 0.9692
9151.6611 0.9696
9153.7715 0.9691
9155.8770 0.9689
9157.9883 0.9685
9160.0957 0.9679
9162.2031 0.9672
9164.3154 0.9664
9166.4238 0.9658
9168.5371 0.9646
9170.6465 0.9638
9172.7617 0.9631
9174.8711 0.9620
9176.9824 0.9597
9179.0986 0.9569
9181.2100 0.9576
9183.3271 0.9554
9185.4395 0.9535
9187.5576 0.9529
9189.6719 0.9496
9191.7852 0.9448
9193.9053 0.9375
9196.0205 0.9384
9198.1406 0.9438
9200.2568 0.9478
9202.3789 0.9489
9204.4951 0.9502
9206.6133 0.9533
9208.7363 0.9528
9210.8545 0.9527
9212.9785 0.9548
9215.0977 0.9557
9217.2227 0.9556
9219.3428 0.9545
9221.4639 0.9541
9223.5908 0.9543
9225.7129 0.9535
9227.8398 0.9516
9229.9629 0.9523
9232.0908 0.9530
9234.2148 0.9549
9236.3447 0.9559
9238.4688 0.9554
9240.5947 0.9553
9242.7256 0.9551
9244.8516 0.9548
9246.9834 0.9545
9249.1104 0.9542
9251.2432 0.9539
9253.3721 0.9536
9255.5010 0.9530
9257.6348 0.9528
9259.7646 0.9525
9261.8994 0.9521
9264.0303 0.9519
9266.1670 0.9517
9268.2988 0.9512
9270.4307 0.9508
9272.5684 0.9506
9274.7012 0.9502
9276.8398 0.9497
9278.9746 0.9495
9281.1143 0.9491
9283.2490 0.9480
9285.3848 0.9478
9287.5264 0.9479
9289.6621 0.9476
9291.8047 0.9471
9293.9424 0.9469
9296.0850 0.9466
9298.2236 0.9462
9300.3633 0.9458
9302.5078 0.9454
9304.6475 0.9450
9306.7930 0.9446
9308.9346 0.9440
9311.0811 0.9438
9313.2227 0.9433
9315.3652 0.9424
9317.5137 0.9422
9319.6572 0.9421
9321.8057 0.9417
9323.9502 0.9412
9326.1006 0.9408
9328.2461 0.9405
9330.3916 0.9402
9332.5439 0.9398
9334.6904 0.9394
9336.8428 0.9387
9338.9912 0.9383
9341.1445 0.9381
9343.2939 0.9377
9345.4434 0.9371
9347.5977 0.9369
9349.7480 0.9360
9351.9043 0.9350
9354.0557 0.9348
9356.2129 0.9346
9358.3652 0.9331
9360.5186 0.9338
9362.6768 0.9339
9364.8301 0.9331
9366.9902 0.9321
9369.1445 0.9299
9371.3057 0.9256
9373.4609 0.9297
9375.6172 0.9303
9377.7793 0.9261
9379.9365 0.9243
9382.0996 0.9284
9384.2578 0.9291
9386.4219 0.9273
9388.5820 0.9276
9390.7461 0.9281
9392.9072 0.9273
9395.0674 0.9264
9397.2344 0.9257
9399.3965 0.9256
9401.5635 0.9233
9403.7266 0.9227
9405.8945 0.9240
9408.0586 0.9237
9410.2227 0.9225
9412.3926 0.9228
9414.5586 0.9229
9416.7295 0.9225
9418.8955 0.9218
9421.0674 0.9214
9423.2344 0.9211
9425.4023 0.9204
9427.5762 0.9198
9429.7451 0.9193
9431.9189 0.9191
9434.0889 0.9187
9436.2646 0.9182
9438.4355 0.9177
9440.6064 0.9172
9442.7832 0.9168
9444.9561 0.9162
9447.1338 0.9156
9449.3076 0.9150
9451.4863 0.9146
9453.6602 0.9141
9455.8350 0.9135
9458.0156 0.9129
9460.1914 0.9122
9462.3730 0.9116
9464.5498 0.9111
9466.7324 0.9105
9468.9102 0.9095
9471.0889 0.9087
9473.2725 0.9085
9475.4521 0.9078
9477.6367 0.9071
9479.8174 0.9064
9482.0029 0.9056
9484.1846 0.9047
9486.3662 0.9038
9488.5537 0.9028
9490.7363 0.9016
9492.9258 0.9004
9495.1094 0.8991
9497.2988 0.8976
9499.4834 0.8958
9501.6689 0.8939
9503.8604 0.8912
9506.0459 0.8879
9508.2383 0.8821
9510.4258 0.8773
9512.6191 0.8793
9514.8076 0.8847
9516.9961 0.8875
9519.1904 0.8893
9521.3809 0.8906
9523.5762 0.8913
9525.7666 0.8919
9527.9639 0.8921
9530.1553 0.8925
9532.3477 0.8923
9534.5459 0.8920
9536.7393 0.8920
9538.9385 0.8921
9541.1328 0.8921
9543.3330 0.8920
9545.5283 0.8918
9547.7246 0.8914
9549.9268 0.8911
9552.1230 0.8908
9554.3262 0.8904
9556.5234 0.8897
9558.7275 0.8893
9560.9268 0.8891
9563.1309 0.8886
9565.3311 0.8873
9567.5322 0.8845
9569.7383 0.8858
9571.9395 0.8865
9574.1465 0.8864
9576.3496 0.8861
9578.5576 0.8855
9580.7607 0.8855
9582.9648 0.8827
9585.1748 0.8807
9587.3799 0.8815
9589.5908 0.8827
9591.7969 0.8815
9594.0088 0.8817
9596.2158 0.8795
9598.4238 0.8792
9600.6367 0.8798
9602.8457 0.8798
9605.0596 0.8794
9607.2695 0.8789
9609.4854 0.8787
9611.6953 0.8769
9613.9062 0.8753
9616.1240 0.8754
9618.3359 0.8759
9620.5537 0.8737
9622.7666 0.8708
9624.9863 0.8727
9627.2002 0.8742
9629.4150 0.8732
9631.6357 0.8731
9633.8516 0.8721
9636.0723 0.8706
9638.2891 0.8703
9640.5117 0.8701
9642.7295 0.8688
9644.9482 0.8675
9647.1719 0.8682
9649.3916 0.8680
9651.6172 0.8673
9653.8369 0.8661
9656.0635 0.8651
9658.2842 0.8651
9660.5068 0.8652
9662.7344 0.8648
9664.9570 0.8644
9667.1855 0.8639
9669.4102 0.8633
9671.6396 0.8629
9673.8643 0.8623
9676.0898 0.8617
9678.3213 0.8612
9680.5479 0.8606
9682.7803 0.8600
9685.0078 0.8593
9687.2412 0.8584
9689.4697 0.8580
9691.6982 0.8576
9693.9336 0.8570
9696.1631 0.8564
9698.3994 0.8555
9700.6299 0.8535
9702.8672 0.8518
9705.0996 0.8524
9707.3320 0.8531
9709.5703 0.8525
9711.8047 0.8517
9714.0439 0.8515
9716.2783 0.8511
9718.5186 0.8505
9720.7549 0.8499
9722.9912 0.8492
9725.2334 0.8485
9727.4707 0.8474
9729.7139 0.8472
9731.9521 0.8467
9734.1963 0.8462
9736.4355 0.8457
9738.6807 0.8451
9740.9209 0.8445
9743.1621 0.8439
9745.4082 0.8432
9747.6504 0.8424
9749.8984 0.8417
9752.1416 0.8410
9754.3896 0.8405
9756.6338 0.8401
9758.8789 0.8393
9761.1289 0.8384
9763.3740 0.8377
9765.6260 0.8372
9767.8721 0.8371
9770.1250 0.8364
9772.3721 0.8357
9774.6201 0.8349
9776.8750 0.8343
9779.1240 0.8339
9781.3789 0.8333
9783.6289 0.8324
9785.8848 0.8316
9788.1367 0.8310
9790.3877 0.8303
9792.6455 0.8298
9794.8984 0.8293
9797.1572 0.8285
9799.4111 0.8279
9801.6709 0.8274
9803.9258 0.8266
9806.1807 0.8259
9808.4424 0.8255
9810.6982 0.8249
9812.9609 0.8241
9815.2188 0.8228
9817.4814 0.8213
9819.7402 0.8209
9821.9990 0.8203
9824.2646 0.8193
9826.5244 0.8194
9828.7900 0.8196
9831.0518 0.8190
9833.3184 0.8183
9835.5801 0.8175
9837.8428 0.8170
9840.1113 0.8164
9842.3750 0.8157
9844.6455 0.8150
9846.9102 0.8142
9849.1807 0.8138
9851.4463 0.8115
9853.7129 0.8093
9855.9844 0.8096
9858.2520 0.8109
9860.5254 0.8100
9862.7939 0.8086
9865.0684 0.8086
9867.3379 0.8082
9869.6074 0.8074
9871.8838 0.8067
9874.1543 0.8058
9876.4316 0.8044
9878.7031 0.8034
9880.9814 0.8036
9883.2549 0.8036
9885.5283 0.8028
9887.8076 0.8021
9890.0830 0.8017
9892.3633 0.7995
9894.6387 0.7979
9896.9209 0.7982
9899.1973 0.7988
9901.4746 0.7978
9903.7578 0.7963
9906.0361 0.7958
9908.3203 0.7957
9910.5996 0.7950
9912.8857 0.7940
9915.1660 0.7933
9917.4521 0.7929
9919.7334 0.7920
9922.0156 0.7913
9924.3037 0.7905
9926.5869 0.7899
9928.8760 0.7893
9931.1602 0.7886
9933.4502 0.7878
9935.7354 0.7871
9938.0205 0.7863
9940.3125 0.7855
9942.5996 0.7848
9944.8926 0.7840
9947.1797 0.7833
9949.4736 0.7825
9951.7627 0.7818
9954.0518 0.7810
9956.3477 0.7800
9958.6377 0.7788
9960.9346 0.7776
9963.2256 0.7774
9965.5234 0.7770
9967.8154 0.7761
9970.1094 0.7753
9972.4082 0.7744
9974.7021 0.7735
9977.0020 0.7726
9979.2979 0.7716
9981.5986 0.7705
9983.8945 0.7695
9986.1914 0.7684
9988.4941 0.7671
9990.7920 0.7660
9993.0967 0.7647
9995.3955 0.7632
9997.7002 0.7618
10000.0000 0.7601
10002.3057 0.7581
10004.6016 0.7556
10006.9082 0.7525
10009.2158 0.7478
10011.5244 0.7423
10013.8223 0.7427
10016.1309 0.7472
10018.4404 0.7497
10020.7402 0.7508
10023.0508 0.7518
10025.3623 0.7521
10027.6738 0.7523
10029.9756 0.7522
10032.2881 0.7521
10034.6016 0.7520
10036.9043 0.7517
10039.2188 0.7513
10041.5342 0.7508
10043.8496 0.7503
10046.1543 0.7497
10048.4707 0.7492
10050.7881 0.7488
10053.0947 0.7482
10055.4131 0.7476
10057.7324 0.7470
10060.0508 0.7463
10062.3604 0.7456
10064.6807 0.7449
10067.0010 0.7440
10069.3115 0.7431
10071.6338 0.7425
10073.9561 0.7414
10076.2793 0.7405
10078.5918 0.7401
10080.9160 0.7399
10083.2402 0.7390
10085.5547 0.7358
10087.8799 0.7358
10090.2061 0.7367
10092.5332 0.7362
10094.8496 0.7354
10097.1777 0.7347
10099.5059 0.7339
10101.8232 0.7331
10104.1533 0.7323
10106.4834 0.7311
10108.8135 0.7299
10111.1338 0.7298
10113.4648 0.7292
10115.7969 0.7283
10118.1191 0.7274
10120.4521 0.7268
10122.7861 0.7261
10125.1201 0.7244
10127.4434 0.7235
10129.7793 0.7235
10132.1152 0.7230
10134.4404 0.7219
10136.7773 0.7211
10139.1152 0.7203
10141.4531 0.7199
10143.7803 0.7182
10146.1191 0.7167
10148.4590 0.7165
10150.7881 0.7164
10153.1289 0.7154
10155.4707 0.7146
10157.8125 0.7139
10160.1436 0.7131
10162.4863 0.7122
10164.8301 0.7114
10167.1621 0.7106
10169.5068 0.7097
10171.8525 0.7089
10174.1973 0.7082
10176.5322 0.7070
10178.8789 0.7055
10181.2266 0.7054
10183.5742 0.7048
10185.9111 0.7040
10188.2607 0.7032
10190.6094 0.7023
10192.9482 0.7015
10195.2988 0.7007
10197.6504 0.6998
10200.0020 0.6988
10202.3428 0.6980
10204.6953 0.6973
10207.0479 0.6963
10209.3906 0.6955
10211.7451 0.6948
10214.0996 0.6939
10216.4551 0.6931
10218.7998 0.6922
10221.1562 0.6914
10223.5137 0.6905
10225.8594 0.6896
10228.2178 0.6888
10230.5762 0.6880
10232.9355 0.6871
10235.2842 0.6861
10237.6436 0.6852
10240.0049 0.6845
10242.3545 0.6836
10244.7168 0.6828
10247.0791 0.6818
10249.4424 0.6805
10251.7939 0.6792
10254.1582 0.6792
10256.5234 0.6785
10258.8770 0.6775
10261.2422 0.6766
10263.6084 0.6756
10265.9756 0.6748
10268.3311 0.6740
10270.6992 0.6731
10273.0674 0.6720
10275.4258 0.6710
10277.7949 0.6705
10280.1650 0.6696
10282.5352 0.6687
10284.8955 0.6678
10287.2666 0.6669
10289.6396 0.6660
10292.0010 0.6649
10294.3740 0.6639
10296.7480 0.6633
10299.1221 0.6625
10301.4863 0.6615
10303.8613 0.6602
10306.2373 0.6589
10308.6025 0.6587
10310.9795 0.6579
10313.3574 0.6570
10315.7363 0.6561
10318.1035 0.6552
10320.4824 0.6543
10322.8623 0.6535
10325.2314 0.6523
10327.6123 0.6515
10329.9941 0.6502
10332.3760 0.6484
10334.7471 0.6478
10337.1309 0.6479
10339.5146 0.6467
10341.8877 0.6459
10344.2725 0.6452
10346.6572 0.6442
10349.0430 0.6434
10351.4189 0.6424
10353.8057 0.6415
