3557.9507 1.0750
3558.7710 1.0783
3559.5898 1.0796
3560.4106 1.0796
3561.2297 1.0796
3562.0508 1.0794
3562.8704 1.0758
3563.6899 1.0675
3564.5117 1.0588
3565.3318 1.0546
3566.1538 1.0562
3566.9744 1.0605
3567.7969 1.0620
3568.6177 1.0606
3569.4385 1.0577
3570.2617 1.0539
3571.0830 1.0501
3571.9065 1.0488
3572.7283 1.0526
3573.5520 1.0562
3574.3740 1.0548
3575.1963 1.0503
3576.0208 1.0476
3576.8435 1.0502
3577.6682 1.0547
3578.4915 1.0548
3579.3167 1.0500
3580.1399 1.0454
3580.9636 1.0460
3581.7893 1.0509
3582.6133 1.0505
3583.4395 1.0424
3584.2639 1.0339
3585.0903 1.0308
3585.9150 1.0334
3586.7400 1.0373
3587.5671 1.0371
3588.3923 1.0334
3589.2200 1.0307
3590.0457 1.0314
3590.8735 1.0340
3591.6995 1.0356
3592.5259 1.0365
3593.3542 1.0381
3594.1809 1.0391
3595.0098 1.0395
3595.8367 1.0405
3596.6660 1.0431
3597.4934 1.0447
3598.3208 1.0429
3599.1506 1.0388
3599.9788 1.0342
3600.8088 1.0298
3601.6372 1.0253
3602.4678 1.0215
3603.2964 1.0211
3604.1252 1.0232
3604.9565 1.0259
3605.7859 1.0276
3606.6172 1.0267
3607.4470 1.0223
3608.2788 1.0172
3609.1089 1.0136
3609.9392 1.0116
3610.7717 1.0090
3611.6023 1.0040
3612.4351 0.9980
3613.2661 0.9984
3614.0994 1.0052
3614.9307 1.0131
3615.7625 1.0164
3616.5962 1.0129
3617.4282 1.0063
3618.2625 1.0021
3619.0947 1.0012
3619.9292 1.0021
3620.7620 1.0035
3621.5969 1.0047
3622.4302 1.0043
3623.2634 1.0021
3624.0989 1.0012
3624.9326 1.0030
3625.7686 1.0053
3626.6028 1.0048
3627.4390 1.0010
3628.2734 0.9932
3629.1082 0.9819
3629.9451 0.9716
3630.7800 0.9685
3631.6174 0.9748
3632.4529 0.9841
3633.2903 0.9902
3634.1262 0.9926
3634.9622 0.9925
3635.8005 0.9913
3636.6370 0.9902
3637.4756 0.9890
3638.3123 0.9860
3639.1514 0.9803
3639.9885 0.9727
3640.8259 0.9655
3641.6653 0.9612
3642.5032 0.9606
3643.3430 0.9613
3644.1812 0.9619
3645.0215 0.9625
3645.8601 0.9630
3646.6990 0.9628
3647.5398 0.9624
3648.3789 0.9618
3649.2202 0.9603
3650.0596 0.9585
3650.9014 0.9580
3651.7412 0.9601
3652.5813 0.9628
3653.4236 0.9635
3654.2642 0.9626
3655.1067 0.9612
3655.9475 0.9599
3656.7908 0.9576
3657.6318 0.9533
3658.4734 0.9487
3659.3169 0.9457
3660.1587 0.9441
3661.0029 0.9432
3661.8450 0.9430
3662.6895 0.9435
3663.5320 0.9434
3664.3748 0.9432
3665.2197 0.9434
3666.0630 0.9438
3666.9084 0.9434
3667.7520 0.9423
3668.5977 0.9423
3669.4417 0.9431
3670.2859 0.9439
3671.1321 0.9442
3671.9768 0.9435
3672.8235 0.9421
3673.6685 0.9409
3674.5156 0.9372
3675.3608 0.9306
3676.2063 0.9239
3677.0542 0.9211
3677.8999 0.9226
3678.7480 0.9322
3679.5945 0.9444
3680.4429 0.9493
3681.2896 0.9431
3682.1365 0.9346
3682.9856 0.9343
3683.8328 0.9313
3684.6824 0.9235
3685.5300 0.9205
3686.3799 0.9330
3687.2278 0.9608
3688.0781 0.9820
3688.9265 0.9769
3689.7751 0.9559
3690.6260 0.9422
3691.4751 0.9520
3692.3264 0.9806
3693.1758 1.0011
3694.0273 0.9956
3694.8772 0.9680
3695.7273 0.9383
3696.5793 0.9307
3697.4299 0.9578
3698.2825 1.0011
3699.1333 1.0295
3699.9863 1.0303
3700.8374 1.0044
3701.6887 0.9620
3702.5425 0.9223
3703.3943 0.9077
3704.2483 0.9224
3705.1003 0.9586
3705.9548 1.0023
3706.8074 1.0346
3707.6599 1.0374
3708.5149 1.0076
3709.3682 0.9603
3710.2234 0.9165
3711.0771 0.8965
3711.9329 0.9116
3712.7866 0.9558
3713.6409 1.0050
3714.4973 1.0502
3715.3518 1.0880
3716.2085 1.1084
3717.0635 1.1000
3717.9204 1.0596
3718.7759 0.9987
3719.6313 0.9363
3720.4890 0.8930
3721.3450 0.8844
3722.2031 0.9148
3723.0593 0.9718
3723.9180 1.0316
3724.7747 1.0729
3725.6316 1.0924
3726.4905 1.1026
3727.3479 1.1157
3728.2073 1.1276
3729.0649 1.1153
3729.9250 1.0741
3730.7830 1.0123
3731.6414 0.9434
3732.5017 0.8840
3733.3604 0.8517
3734.2214 0.8561
3735.0803 0.8856
3735.9417 0.9326
3736.8013 0.9934
3737.6609 1.0603
3738.5227 1.1166
3739.3828 1.1457
3740.2451 1.1505
3741.1055 1.1443
3741.9683 1.1350
3742.8291 1.1212
3743.6899 1.0947
3744.5532 1.0520
3745.4148 1.0058
3746.2786 0.9560
3747.1404 0.9016
3748.0044 0.8507
3748.8667 0.8233
3749.7290 0.8358
3750.5938 0.8812
3751.4565 0.9401
3752.3215 0.9965
3753.1848 1.0434
3754.0503 1.0815
3754.9138 1.1087
3755.7798 1.1111
3756.6438 1.0924
3757.5081 1.0692
3758.3745 1.0568
3759.2390 1.0572
3760.1060 1.0608
3760.9709 1.0728
3761.8381 1.0878
3762.7036 1.0953
3763.5693 1.0888
3764.4370 1.0684
3765.3032 1.0324
3766.1714 0.9868
3767.0378 0.9360
3767.9065 0.8831
3768.7732 0.8365
3769.6401 0.8145
3770.5095 0.8330
3771.3770 0.8772
3772.2466 0.9259
3773.1145 0.9688
3773.9844 1.0071
3774.8528 1.0470
3775.7209 1.0895
3776.5918 1.1253
3777.4604 1.1516
3778.3315 1.1713
3779.2009 1.1877
3780.0723 1.1985
3780.9419 1.1974
3781.8118 1.1910
3782.6838 1.1889
3783.5540 1.1883
3784.4265 1.1790
3785.2971 1.1575
3786.1699 1.1397
3787.0410 1.1324
3787.9121 1.1316
3788.7856 1.1308
3789.6572 1.1246
3790.5310 1.1080
3791.4031 1.0770
3792.2773 1.0329
3793.1499 0.9803
3794.0225 0.9243
3794.8972 0.8681
3795.7703 0.8162
3796.6455 0.7824
3797.5190 0.7851
3798.3948 0.8216
3799.2686 0.8773
3800.1426 0.9365
3801.0188 0.9901
3801.8933 1.0361
3802.7700 1.0703
3803.6448 1.0909
3804.5220 1.1011
3805.3972 1.1082
3806.2727 1.1202
3807.1504 1.1400
3808.0261 1.1597
3808.9043 1.1719
3809.7805 1.1713
3810.6589 1.1536
3811.5356 1.1187
3812.4126 1.0818
3813.2917 1.0664
3814.1689 1.0762
3815.0483 1.1024
3815.9260 1.1305
3816.8059 1.1468
3817.6841 1.1451
3818.5623 1.1285
3819.4429 1.1117
3820.3215 1.1066
3821.2024 1.1114
3822.0815 1.1080
3822.9629 1.0820
3823.8423 1.0550
3824.7241 1.0403
3825.6040 1.0348
3826.4841 1.0287
3827.3665 1.0168
3828.2468 1.0006
3829.1296 0.9788
3830.0105 0.9448
3830.8938 0.8973
3831.7751 0.8430
3832.6565 0.7926
3833.5403 0.7524
3834.4224 0.7368
3835.3064 0.7523
3836.1887 0.7903
3837.0735 0.8365
3837.9561 0.8807
3838.8391 0.9201
3839.7244 0.9579
3840.6077 0.9945
3841.4932 1.0253
3842.3770 1.0467
3843.2629 1.0615
3844.1472 1.0739
3845.0315 1.0844
3845.9182 1.0925
3846.8030 1.0954
3847.6899 1.0909
3848.5752 1.0828
3849.4626 1.0872
3850.3481 1.1019
3851.2339 1.1121
3852.1221 1.1123
3853.0083 1.1049
3853.8967 1.0926
3854.7832 1.0784
3855.6721 1.0791
3856.5591 1.0872
3857.4463 1.0898
3858.3359 1.0862
3859.2234 1.0894
3860.1135 1.0987
3861.0015 1.0981
3861.8918 1.0928
3862.7803 1.0901
3863.6687 1.0899
3864.5598 1.0885
3865.4487 1.0933
3866.3401 1.1074
3867.2297 1.1227
3868.1213 1.1310
3869.0112 1.1281
3869.9014 1.1131
3870.7937 1.0889
3871.6841 1.0754
3872.5769 1.0812
3873.4678 1.0969
3874.3611 1.1059
3875.2524 1.0969
3876.1438 1.0688
3877.0376 1.0401
3877.9297 1.0315
3878.8237 1.0393
3879.7161 1.0426
3880.6108 1.0248
3881.5037 0.9961
3882.3965 0.9658
3883.2917 0.9301
3884.1851 0.8854
3885.0808 0.8337
3885.9746 0.7812
3886.8706 0.7347
3887.7649 0.7093
3888.6592 0.7175
3889.5559 0.7560
3890.4507 0.8090
3891.3479 0.8599
3892.2429 0.9024
3893.1406 0.9347
3894.0361 0.9586
3894.9341 0.9787
3895.8301 0.9973
3896.7263 1.0087
3897.6250 1.0052
3898.5215 0.9990
3899.4207 1.0058
3900.3176 1.0249
3901.2170 1.0419
3902.1145 1.0446
3903.0122 1.0432
3903.9121 1.0387
3904.8103 1.0397
3905.7107 1.0543
3906.6094 1.0800
3907.5100 1.1015
3908.4089 1.1112
3909.3081 1.1135
3910.2097 1.1055
3911.1091 1.0828
3912.0110 1.0500
3912.9111 1.0277
3913.8132 1.0351
3914.7136 1.0513
3915.6143 1.0633
3916.5171 1.0694
3917.4182 1.0719
3918.3215 1.0726
3919.2229 1.0752
3920.1267 1.0806
3921.0286 1.0853
3921.9307 1.0894
3922.8350 1.0937
3923.7373 1.0948
3924.6421 1.0865
3925.5452 1.0726
3926.4502 1.0553
3927.3535 1.0334
3928.2571 1.0025
3929.1628 0.9551
3930.0667 0.8849
3930.9731 0.7937
3931.8774 0.7154
3932.7839 0.6901
3933.6887 0.7370
3934.5938 0.8322
3935.5010 0.9206
3936.4062 0.9776
3937.3142 1.0135
3938.2200 1.0424
3939.1279 1.0680
3940.0342 1.0828
3940.9407 1.0848
3941.8494 1.0773
3942.7561 1.0681
3943.6653 1.0660
3944.5725 1.0736
3945.4822 1.0815
3946.3899 1.0789
3947.2979 1.0737
3948.2080 1.0702
3949.1162 1.0679
3950.0269 1.0661
3950.9355 1.0675
3951.8467 1.0780
3952.7559 1.0888
3953.6650 1.0882
3954.5769 1.0752
3955.4866 1.0593
3956.3987 1.0530
3957.3088 1.0565
3958.2214 1.0554
3959.1321 1.0410
3960.0449 1.0171
3960.9561 0.9934
3961.8672 0.9738
3962.7808 0.9461
3963.6924 0.9022
3964.6064 0.8389
3965.5186 0.7596
3966.4329 0.6776
3967.3455 0.6169
3968.2581 0.5997
3969.1731 0.6238
3970.0862 0.6749
3971.0017 0.7354
3971.9153 0.7922
3972.8313 0.8423
3973.7451 0.8919
3974.6592 0.9364
3975.5759 0.9714
3976.4905 0.9981
3977.4075 1.0201
3978.3225 1.0375
3979.2397 1.0448
3980.1553 1.0419
3981.0708 1.0417
3981.9888 1.0525
3982.9050 1.0708
3983.8232 1.0843
3984.7397 1.0871
3985.6587 1.0868
3986.5757 1.0900
3987.4927 1.0967
3988.4121 1.1025
3989.3298 1.1051
3990.2498 1.1103
3991.1677 1.1187
3992.0879 1.1250
3993.0063 1.1252
3993.9250 1.1179
3994.8459 1.1041
3995.7649 1.0879
3996.6863 1.0813
3997.6057 1.0875
3998.5276 1.0995
3999.4475 1.1047
4000.3674 1.0957
4001.2900 1.0841
4002.2104 1.0799
4003.1333 1.0757
4004.0544 1.0711
4004.9775 1.0758
4005.8989 1.0953
4006.8206 1.1127
4007.7446 1.1204
4008.6665 1.1201
4009.5908 1.1124
4010.5132 1.0984
4011.4380 1.0866
4012.3608 1.0889
4013.2839 1.0965
4014.2095 1.1052
4015.1328 1.1138
4016.0588 1.1219
4016.9827 1.1283
4017.9089 1.1304
4018.8333 1.1245
4019.7578 1.1177
4020.6848 1.1122
4021.6096 1.1024
4022.5371 1.0843
4023.4624 1.0725
4024.3901 1.0817
4025.3162 1.0988
4026.2422 1.1064
4027.1704 1.0990
4028.0969 1.0884
4029.0259 1.0828
4029.9526 1.0826
4030.8821 1.0858
4031.8093 1.0906
4032.7390 1.0952
4033.6667 1.0991
4034.5947 1.1031
4035.5251 1.1119
4036.4534 1.1222
4037.3843 1.1294
4038.3130 1.1315
4039.2441 1.1302
4040.1736 1.1303
4041.1030 1.1314
4042.0347 1.1262
4042.9646 1.1108
4043.8970 1.0909
4044.8271 1.0825
4045.7600 1.0947
4046.6907 1.1048
4047.6216 1.1078
4048.5549 1.1081
4049.4863 1.1076
4050.4202 1.1010
4051.3521 1.0870
4052.2861 1.0753
4053.2185 1.0768
4054.1509 1.0900
4055.0857 1.1039
4056.0186 1.1104
4056.9539 1.1179
4057.8872 1.1283
4058.8230 1.1347
4059.7566 1.1308
4060.6907 1.1151
4061.6270 1.0932
4062.5613 1.0820
4063.4983 1.0880
4064.4331 1.0956
4065.3701 1.0956
4066.3054 1.0935
4067.2410 1.1002
4068.1787 1.1036
4069.1147 1.0921
4070.0530 1.0775
4070.9893 1.0744
4071.9280 1.0853
4072.8647 1.0958
4073.8018 1.0888
4074.7412 1.0658
4075.6787 1.0430
4076.6184 1.0391
4077.5562 1.0597
4078.4966 1.0878
4079.4348 1.1013
4080.3733 1.1032
4081.3142 1.0989
4082.2532 1.0916
4083.1943 1.0834
4084.1338 1.0756
4085.0757 1.0714
4086.0154 1.0716
4086.9553 1.0729
4087.8977 1.0719
4088.8381 1.0677
4089.7810 1.0613
4090.7219 1.0519
4091.6653 1.0372
4092.6064 1.0168
4093.5481 0.9902
4094.4919 0.9563
4095.4338 0.9148
4096.3784 0.8667
4097.3208 0.8116
4098.2656 0.7477
4099.2085 0.6814
4100.1514 0.6319
4101.0967 0.6275
4102.0400 0.6745
4102.9863 0.7408
4103.9302 0.8058
4104.8765 0.8613
4105.8208 0.9053
4106.7676 0.9385
4107.7124 0.9600
4108.6572 0.9739
4109.6045 0.9876
4110.5503 1.0043
4111.4980 1.0224
4112.4438 1.0395
4113.3921 1.0563
4114.3384 1.0692
4115.2852 1.0739
4116.2339 1.0695
4117.1807 1.0604
4118.1304 1.0561
4119.0776 1.0597
4120.0273 1.0579
4120.9751 1.0506
4121.9233 1.0466
4122.8740 1.0514
4123.8223 1.0583
4124.7734 1.0562
4125.7222 1.0376
4126.6733 1.0141
4127.6230 1.0030
4128.5723 1.0090
4129.5244 1.0156
4130.4746 1.0162
4131.4268 1.0257
4132.3774 1.0422
4133.3301 1.0577
4134.2812 1.0671
4135.2324 1.0698
4136.1855 1.0682
4137.1372 1.0691
4138.0913 1.0744
4139.0435 1.0801
4139.9976 1.0788
4140.9502 1.0647
4141.9028 1.0420
4142.8579 1.0313
4143.8110 1.0360
4144.7666 1.0470
4145.7202 1.0539
4146.6758 1.0527
4147.6299 1.0458
4148.5840 1.0434
4149.5405 1.0469
4150.4951 1.0518
4151.4526 1.0519
4152.4072 1.0442
4153.3647 1.0361
4154.3203 1.0341
4155.2764 1.0361
4156.2344 1.0401
4157.1904 1.0441
4158.1489 1.0433
4159.1055 1.0309
4160.0649 1.0171
4161.0220 1.0108
4161.9790 1.0131
4162.9390 1.0227
4163.8965 1.0385
4164.8564 1.0466
4165.8149 1.0457
4166.7754 1.0441
4167.7339 1.0417
4168.6929 1.0299
4169.6538 1.0012
4170.6133 0.9643
4171.5752 0.9408
4172.5347 0.9437
4173.4971 0.9667
4174.4570 0.9869
4175.4175 0.9791
4176.3799 0.9500
4177.3408 0.9352
4178.3042 0.9492
4179.2651 0.9778
4180.2290 0.9969
4181.1909 0.9967
4182.1548 0.9914
4183.1172 0.9919
4184.0796 0.9959
4185.0444 0.9952
4186.0068 0.9887
4186.9722 0.9889
4187.9355 0.9988
4188.9014 1.0021
4189.8647 1.0012
4190.8286 1.0042
4191.7949 1.0125
4192.7593 1.0162
4193.7261 1.0093
4194.6909 1.0017
4195.6582 0.9925
4196.6235 0.9803
4197.5889 0.9710
4198.5571 0.9746
4199.5229 0.9764
4200.4912 0.9689
4201.4575 0.9639
4202.4263 0.9647
4203.3931 0.9658
4204.3599 0.9664
4205.3296 0.9738
4206.2969 0.9792
4207.2671 0.9786
4208.2349 0.9761
4209.2051 0.9773
4210.1738 0.9833
4211.1421 0.9892
4212.1133 0.9878
4213.0820 0.9744
4214.0537 0.9570
4215.0229 0.9514
4215.9951 0.9636
4216.9648 0.9742
4217.9351 0.9775
4218.9077 0.9779
4219.8784 0.9772
4220.8516 0.9737
4221.8223 0.9656
4222.7959 0.9513
4223.7676 0.9328
4224.7393 0.9166
4225.7134 0.9131
4226.6855 0.9297
4227.6602 0.9591
4228.6328 0.9754
4229.6079 0.9690
4230.5806 0.9399
4231.5542 0.9062
4232.5298 0.8940
4233.5034 0.9135
4234.4800 0.9325
4235.4541 0.9445
4236.4307 0.9497
4237.4053 0.9505
4238.3799 0.9501
4239.3574 0.9507
4240.3325 0.9428
4241.3105 0.9373
4242.2861 0.9394
4243.2642 0.9405
4244.2407 0.9281
4245.2168 0.9061
4246.1958 0.9047
4247.1729 0.9180
4248.1519 0.9225
4249.1294 0.9152
4250.1094 0.9096
4251.0869 0.9130
4252.0649 0.9157
4253.0454 0.9214
4254.0239 0.9307
4255.0049 0.9355
4255.9834 0.9274
4256.9648 0.9108
4257.9443 0.9030
4258.9263 0.8992
4259.9058 0.8997
4260.8857 0.9080
4261.8687 0.9233
4262.8491 0.9370
4263.8320 0.9436
4264.8130 0.9441
4265.7964 0.9389
4266.7778 0.9288
4267.7593 0.9157
4268.7432 0.9006
4269.7256 0.8808
4270.7100 0.8696
4271.6924 0.8709
4272.6772 0.8777
4273.6606 0.8835
4274.6436 0.8917
4275.6294 0.9014
4276.6128 0.9067
4277.5991 0.9118
4278.5830 0.9168
4279.5698 0.9159
4280.5542 0.9056
4281.5391 0.8942
4282.5264 0.8910
4283.5117 0.8951
4284.4990 0.8986
4285.4849 0.8931
4286.4731 0.8777
4287.4590 0.8579
4288.4453 0.8447
4289.4346 0.8521
4290.4214 0.8722
4291.4106 0.8805
4292.3979 0.8638
4293.3877 0.8526
4294.3755 0.8555
4295.3633 0.8637
4296.3535 0.8662
4297.3423 0.8544
4298.3330 0.8276
4299.3218 0.8128
4300.3135 0.8075
4301.3027 0.8118
4302.2920 0.8290
4303.2842 0.8535
4304.2744 0.8642
4305.2666 0.8563
4306.2573 0.8451
4307.2500 0.8464
4308.2412 0.8611
4309.2319 0.8752
4310.2261 0.8694
4311.2173 0.8365
4312.2114 0.7993
4313.2036 0.7856
4314.1982 0.8032
4315.1904 0.8363
4316.1836 0.8578
4317.1787 0.8629
4318.1719 0.8509
4319.1675 0.8359
4320.1611 0.8348
4321.1572 0.8494
4322.1514 0.8534
4323.1460 0.8279
4324.1426 0.8056
4325.1377 0.8076
4326.1348 0.8253
4327.1299 0.8344
4328.1279 0.8209
4329.1235 0.8011
4330.1196 0.7916
4331.1182 0.7856
4332.1143 0.7726
4333.1133 0.7485
4334.1104 0.7140
4335.1099 0.6652
4336.1069 0.6067
4337.1069 0.5476
4338.1045 0.4971
4339.1025 0.4705
4340.1030 0.4880
4341.1016 0.5396
4342.1025 0.5922
4343.1016 0.6402
4344.1030 0.6857
4345.1025 0.7265
4346.1021 0.7568
4347.1040 0.7768
4348.1040 0.7820
4349.1069 0.7711
4350.1074 0.7588
4351.1104 0.7660
4352.1113 0.7963
4353.1128 0.8214
4354.1167 0.8372
4355.1182 0.8444
4356.1226 0.8447
4357.1245 0.8424
4358.1294 0.8434
4359.1318 0.8463
4360.1348 0.8480
4361.1401 0.8513
4362.1436 0.8571
4363.1494 0.8621
4364.1528 0.8598
4365.1592 0.8453
4366.1636 0.8265
4367.1680 0.8166
4368.1753 0.8200
4369.1802 0.8319
4370.1875 0.8428
4371.1929 0.8420
4372.2007 0.8207
4373.2065 0.8000
4374.2129 0.8026
4375.2212 0.8291
4376.2280 0.8518
4377.2368 0.8569
4378.2441 0.8557
4379.2534 0.8532
4380.2612 0.8439
4381.2686 0.8183
4382.2793 0.7777
4383.2871 0.7539
4384.2979 0.7622
4385.3066 0.7887
4386.3179 0.8158
4387.3267 0.8317
4388.3359 0.8321
4389.3481 0.8257
4390.3579 0.8258
4391.3701 0.8196
4392.3804 0.7965
4393.3936 0.7689
4394.4043 0.7700
4395.4150 0.7977
4396.4287 0.8097
4397.4399 0.7984
4398.4541 0.7822
4399.4658 0.7844
4400.4805 0.8093
4401.4927 0.8237
4402.5054 0.8213
4403.5205 0.8175
4404.5337 0.8209
4405.5493 0.8253
4406.5625 0.8196
4407.5786 0.8115
4408.5928 0.8074
4409.6069 0.8072
4410.6240 0.8095
4411.6387 0.8090
4412.6558 0.7956
4413.6709 0.7700
4414.6885 0.7466
4415.7041 0.7363
4416.7227 0.7478
4417.7388 0.7788
4418.7549 0.8062
4419.7739 0.8082
4420.7905 0.8037
4421.8101 0.8055
4422.8271 0.8119
4423.8472 0.8146
4424.8647 0.8112
4425.8828 0.8073
4426.9033 0.8072
4427.9219 0.8084
4428.9429 0.8071
4429.9619 0.8038
4430.9834 0.8024
4432.0024 0.8006
4433.0220 0.7991
4434.0444 0.8016
4435.0645 0.8089
4436.0874 0.8175
4437.1079 0.8222
4438.1309 0.8197
4439.1519 0.8072
4440.1733 0.7856
4441.1968 0.7600
4442.2188 0.7434
4443.2432 0.7538
4444.2651 0.7851
4445.2900 0.8065
4446.3125 0.8128
4447.3354 0.8075
4448.3613 0.7951
4449.3843 0.7853
4450.4106 0.7935
4451.4341 0.8031
4452.4609 0.8022
4453.4849 0.7952
4454.5098 0.7937
4455.5366 0.8000
4456.5615 0.8032
4457.5894 0.8029
4458.6147 0.7991
4459.6431 0.7936
4460.6689 0.7905
4461.6953 0.7919
4462.7241 0.7880
4463.7505 0.7873
4464.7798 0.7859
4465.8071 0.7741
4466.8369 0.7531
4467.8643 0.7448
4468.8921 0.7580
4469.9229 0.7713
4470.9512 0.7804
4471.9819 0.7886
4473.0107 0.7966
4474.0425 0.8003
4475.0718 0.8015
4476.1011 0.8032
4477.1333 0.7967
4478.1631 0.7725
4479.1958 0.7358
4480.2266 0.7190
4481.2593 0.7485
4482.2905 0.7819
4483.3213 0.8000
4484.3555 0.8033
4485.3872 0.7941
4486.4214 0.7718
4487.4536 0.7524
4488.4883 0.7492
4489.5210 0.7545
4490.5537 0.7628
4491.5889 0.7720
4492.6226 0.7769
4493.6582 0.7813
4494.6919 0.7874
4495.7285 0.7924
4496.7627 0.7932
4497.7998 0.7849
4498.8345 0.7631
4499.8696 0.7468
4500.9072 0.7565
4501.9424 0.7771
4502.9805 0.7911
4504.0166 0.7920
4505.0552 0.7814
4506.0913 0.7605
4507.1279 0.7534
4508.1675 0.7653
4509.2046 0.7823
4510.2446 0.7892
4511.2822 0.7862
4512.3223 0.7735
4513.3604 0.7557
4514.3984 0.7499
4515.4395 0.7576
4516.4785 0.7629
4517.5200 0.7529
4518.5591 0.7406
4519.6011 0.7324
4520.6406 0.7271
4521.6807 0.7294
4522.7236 0.7431
4523.7642 0.7569
4524.8071 0.7615
4525.8481 0.7554
4526.8916 0.7433
4527.9331 0.7367
4528.9746 0.7437
4530.0190 0.7528
4531.0610 0.7391
4532.1060 0.7156
4533.1489 0.7131
4534.1938 0.7361
4535.2373 0.7624
4536.2803 0.7701
4537.3267 0.7663
4538.3701 0.7550
4539.4170 0.7430
4540.4609 0.7382
4541.5083 0.7425
4542.5527 0.7454
4543.5981 0.7459
4544.6455 0.7497
4545.6909 0.7432
4546.7393 0.7148
4547.7852 0.6782
4548.8340 0.6769
4549.8804 0.7109
4550.9272 0.7285
4551.9766 0.7197
4553.0239 0.6979
4554.0737 0.6839
4555.1216 0.6935
4556.1719 0.7052
4557.2197 0.7123
4558.2686 0.7247
4559.3193 0.7393
4560.3682 0.7399
4561.4199 0.7201
4562.4692 0.7019
4563.5215 0.7048
4564.5713 0.7203
4565.6211 0.7341
4566.6743 0.7397
4567.7246 0.7395
4568.7778 0.7286
4569.8291 0.7077
4570.8828 0.6993
4571.9341 0.7104
4572.9888 0.7238
4574.0405 0.7182
4575.0928 0.7114
4576.1479 0.7141
4577.2007 0.7155
4578.2559 0.7101
4579.3091 0.7013
4580.3652 0.6879
4581.4189 0.6594
4582.4731 0.6530
4583.5298 0.6751
4584.5840 0.7012
4585.6411 0.7039
4586.6963 0.6883
4587.7539 0.6814
4588.8091 0.6838
4589.8647 0.6893
4590.9233 0.6957
4591.9795 0.7037
4593.0386 0.7098
4594.0952 0.7098
4595.1543 0.7106
4596.2114 0.7120
4597.2690 0.7118
4598.3291 0.7099
4599.3867 0.7087
4600.4473 0.7097
4601.5059 0.7116
4602.5669 0.7131
4603.6255 0.7143
4604.6846 0.7154
4605.7466 0.7162
4606.8062 0.7154
4607.8687 0.7140
4608.9287 0.7128
4609.9912 0.7119
4611.0518 0.7115
4612.1128 0.7102
4613.1763 0.7053
4614.2373 0.6952
4615.3013 0.6839
4616.3633 0.6741
4617.4277 0.6669
4618.4897 0.6669
4619.5522 0.6790
4620.6177 0.6939
4621.6807 0.7033
4622.7466 0.7047
4623.8096 0.7011
4624.8760 0.6972
4625.9399 0.6886
4627.0044 0.6720
4628.0713 0.6639
4629.1357 0.6726
4630.2031 0.6863
4631.2686 0.6837
4632.3364 0.6701
4633.4023 0.6652
4634.4678 0.6720
4635.5366 0.6830
4636.6030 0.6907
4637.6724 0.6950
4638.7393 0.6970
4639.8091 0.6977
4640.8765 0.6977
4641.9438 0.6971
4643.0142 0.6956
4644.0825 0.6936
4645.1533 0.6904
4646.2222 0.6867
4647.2935 0.6855
4648.3623 0.6880
4649.4316 0.6919
4650.5039 0.6927
4651.5737 0.6912
4652.6465 0.6867
4653.7168 0.6778
4654.7900 0.6672
4655.8608 0.6632
4656.9346 0.6739
4658.0059 0.6847
4659.0771 0.6875
4660.1519 0.6834
4661.2236 0.6764
4662.2983 0.6708
4663.3711 0.6687
4664.4463 0.6611
4665.5195 0.6555
4666.5928 0.6557
4667.6689 0.6566
4668.7427 0.6560
4669.8193 0.6638
4670.8936 0.6757
4671.9707 0.6826
4673.0454 0.6858
4674.1206 0.6873
4675.1982 0.6866
4676.2739 0.6838
4677.3521 0.6817
4678.4282 0.6827
4679.5073 0.6845
4680.5835 0.6855
4681.6602 0.6859
4682.7397 0.6860
4683.8174 0.6852
4684.8975 0.6852
4685.9751 0.6851
4687.0557 0.6844
4688.1338 0.6834
4689.2124 0.6824
4690.2935 0.6819
4691.3726 0.6815
4692.4546 0.6810
4693.5342 0.6804
4694.6162 0.6793
4695.6963 0.6767
4696.7764 0.6737
4697.8594 0.6739
4698.9404 0.6743
4700.0239 0.6709
4701.1050 0.6647
4702.1890 0.6646
4703.2710 0.6713
4704.3530 0.6740
4705.4375 0.6701
4706.5200 0.6638
4707.6055 0.6618
4708.6885 0.6674
4709.7744 0.6721
4710.8579 0.6718
4711.9414 0.6686
4713.0283 0.6656
4714.1123 0.6652
4715.1992 0.6672
4716.2842 0.6684
4717.3716 0.6671
4718.4570 0.6656
4719.5425 0.6655
4720.6309 0.6663
4721.7168 0.6666
4722.8057 0.6663
4723.8921 0.6639
4724.9814 0.6599
4726.0684 0.6562
4727.1553 0.6537
4728.2456 0.6487
4729.3335 0.6396
4730.4238 0.6392
4731.5122 0.6464
4732.6030 0.6530
4733.6919 0.6530
4734.7808 0.6491
4735.8726 0.6475
4736.9624 0.6488
4738.0547 0.6509
4739.1445 0.6525
4740.2373 0.6531
4741.3276 0.6528
4742.4214 0.6524
4743.5122 0.6515
4744.6035 0.6501
4745.6973 0.6481
4746.7891 0.6460
4747.8838 0.6445
4748.9761 0.6432
4750.0713 0.6413
4751.1641 0.6388
4752.2568 0.6358
4753.3525 0.6325
4754.4463 0.6302
4755.5425 0.6313
4756.6367 0.6328
4757.7334 0.6315
4758.8281 0.6255
4759.9229 0.6144
4761.0205 0.6010
4762.1157 0.5933
4763.2139 0.5963
4764.3096 0.6058
4765.4082 0.6146
4766.5044 0.6180
4767.6011 0.6169
4768.7002 0.6128
4769.7974 0.6086
4770.8975 0.6073
4771.9951 0.6088
4773.0952 0.6102
4774.1934 0.6096
4775.2915 0.6087
4776.3926 0.6038
4777.4917 0.5945
4778.5933 0.5880
4779.6924 0.5914
4780.7949 0.6005
4781.8945 0.6067
4782.9946 0.6100
4784.0977 0.6105
4785.1982 0.6097
4786.3018 0.6093
4787.4028 0.6087
4788.5068 0.6071
4789.6084 0.6055
4790.7100 0.6044
4791.8149 0.6047
4792.9170 0.6061
4794.0225 0.6063
4795.1255 0.6031
4796.2310 0.5970
4797.3345 0.5924
4798.4380 0.5921
4799.5444 0.5949
4800.6489 0.5962
4801.7559 0.5908
4802.8604 0.5805
4803.9678 0.5761
4805.0732 0.5819
4806.1782 0.5914
4807.2866 0.5944
4808.3926 0.5924
4809.5015 0.5869
4810.6079 0.5824
4811.7173 0.5828
4812.8242 0.5873
4813.9312 0.5903
4815.0415 0.5909
4816.1489 0.5912
4817.2598 0.5913
4818.3677 0.5905
4819.4790 0.5873
4820.5879 0.5795
4821.6968 0.5636
4822.8086 0.5556
4823.9180 0.5616
4825.0303 0.5737
4826.1401 0.5805
4827.2534 0.5812
4828.3638 0.5803
4829.4771 0.5788
4830.5884 0.5763
4831.6992 0.5734
4832.8135 0.5701
4833.9253 0.5653
4835.0400 0.5631
4836.1523 0.5654
4837.2676 0.5672
4838.3804 0.5661
4839.4937 0.5643
4840.6094 0.5628
4841.7231 0.5610
4842.8394 0.5588
4843.9536 0.5534
4845.0708 0.5417
4846.1851 0.5254
4847.3003 0.5156
4848.4180 0.5180
4849.5332 0.5180
4850.6514 0.5103
4851.7676 0.4946
4852.8862 0.4711
4854.0024 0.4430
4855.1191 0.4196
4856.2388 0.3937
4857.3560 0.3562
4858.4761 0.3090
4859.5938 0.2730
4860.7144 0.2800
4861.8325 0.3202
4862.9512 0.3629
4864.0723 0.4008
4865.1914 0.4338
4866.3135 0.4600
4867.4326 0.4781
4868.5552 0.4857
4869.6753 0.4885
4870.7954 0.4933
4871.9189 0.5006
4873.0396 0.5056
4874.1631 0.5050
4875.2847 0.5068
4876.4087 0.5172
4877.5308 0.5295
4878.6528 0.5370
4879.7778 0.5371
4880.9004 0.5305
4882.0259 0.5217
4883.1489 0.5216
4884.2749 0.5291
4885.3984 0.5370
4886.5225 0.5395
4887.6494 0.5361
4888.7734 0.5261
4889.9009 0.5221
4891.0259 0.5274
4892.1538 0.5365
4893.2793 0.5427
4894.4048 0.5465
4895.5337 0.5474
4896.6597 0.5438
4897.7891 0.5373
4898.9155 0.5330
4900.0454 0.5348
4901.1724 0.5378
4902.2998 0.5397
4903.4307 0.5429
4904.5586 0.5455
4905.6895 0.5458
4906.8179 0.5435
4907.9497 0.5376
4909.0786 0.5281
4910.2080 0.5266
4911.3403 0.5331
4912.4702 0.5409
4913.6030 0.5445
4914.7334 0.5442
4915.8667 0.5386
4916.9976 0.5287
4918.1313 0.5195
4919.2627 0.5161
4920.3945 0.5137
4921.5288 0.4978
4922.6611 0.4898
4923.7964 0.5079
4924.9292 0.5304
4926.0649 0.5409
4927.1978 0.5425
4928.3315 0.5422
4929.4678 0.5387
4930.6021 0.5318
4931.7388 0.5243
4932.8735 0.5223
4934.0107 0.5287
4935.1460 0.5352
4936.2812 0.5335
4937.4194 0.5313
4938.5557 0.5328
4939.6943 0.5365
4940.8306 0.5387
4941.9702 0.5387
4943.1069 0.5377
4944.2441 0.5358
4945.3843 0.5343
4946.5220 0.5339
4947.6626 0.5335
4948.8008 0.5321
4949.9419 0.5302
4951.0806 0.5290
4952.2197 0.5287
4953.3618 0.5273
4954.5010 0.5203
4955.6436 0.5072
4956.7837 0.5102
4957.9268 0.5227
4959.0674 0.5311
4960.2080 0.5319
4961.3521 0.5303
4962.4932 0.5286
4963.6377 0.5256
4964.7793 0.5224
4965.9243 0.5204
4967.0669 0.5206
4968.2095 0.5229
4969.3550 0.5250
4970.4980 0.5254
4971.6445 0.5254
4972.7881 0.5258
4973.9351 0.5259
4975.0791 0.5248
4976.2236 0.5226
4977.3711 0.5207
4978.5161 0.5178
4979.6641 0.5121
4980.8096 0.5049
4981.9585 0.5008
4983.1045 0.5045
4984.2510 0.5119
4985.4004 0.5176
4986.5469 0.5192
4987.6968 0.5172
4988.8442 0.5140
4989.9946 0.5109
4991.1426 0.5058
4992.2910 0.5055
4993.4419 0.5104
4994.5908 0.5153
4995.7427 0.5159
4996.8921 0.5141
4998.0439 0.5072
4999.1938 0.4967
5000.3438 0.4921
5001.4971 0.4957
5002.6475 0.4990
5003.8013 0.4936
5004.9521 0.4930
5006.1064 0.4990
5007.2583 0.5039
5008.4126 0.5040
5009.5649 0.5013
5010.7173 0.4976
5011.8730 0.4928
5013.0259 0.4931
5014.1816 0.4923
5015.3354 0.4772
5016.4917 0.4494
5017.6460 0.4425
5018.8003 0.4657
5019.9575 0.4845
5021.1123 0.4930
5022.2700 0.4973
5023.4258 0.5004
5024.5840 0.5009
5025.7397 0.4993
5026.8960 0.4977
5028.0552 0.4928
5029.2119 0.4866
5030.3716 0.4866
5031.5288 0.4944
5032.6890 0.4949
5033.8472 0.4914
5035.0049 0.4900
5036.1660 0.4911
5037.3247 0.4897
5038.4863 0.4815
5039.6455 0.4758
5040.8076 0.4823
5041.9668 0.4926
5043.1270 0.4982
5044.2900 0.4985
5045.4502 0.4967
5046.6138 0.4935
5047.7749 0.4904
5048.9390 0.4870
5050.1001 0.4840
5051.2622 0.4840
5052.4268 0.4863
5053.5894 0.4795
5054.7544 0.4767
5055.9175 0.4828
5057.0830 0.4910
5058.2466 0.4930
5059.4102 0.4915
5060.5771 0.4909
5061.7412 0.4900
5062.9082 0.4875
5064.0732 0.4852
5065.2407 0.4845
5066.4062 0.4825
5067.5718 0.4809
5068.7402 0.4802
5069.9062 0.4774
5071.0752 0.4745
5072.2417 0.4759
5073.4116 0.4782
5074.5786 0.4812
5075.7461 0.4828
5076.9165 0.4809
5078.0845 0.4777
5079.2554 0.4779
5080.4238 0.4806
5081.5957 0.4818
5082.7646 0.4819
5083.9336 0.4801
5085.1060 0.4765
5086.2759 0.4743
5087.4487 0.4773
5088.6191 0.4789
5089.7925 0.4793
5090.9634 0.4794
5092.1348 0.4794
5093.3091 0.4789
5094.4805 0.4753
5095.6553 0.4698
5096.8276 0.4664
5098.0029 0.4629
5099.1758 0.4611
5100.3516 0.4659
5101.5249 0.4738
5102.6987 0.4764
5103.8750 0.4758
5105.0493 0.4738
5106.2266 0.4720
5107.4014 0.4718
5108.5791 0.4719
5109.7544 0.4715
5110.9297 0.4717
5112.1084 0.4726
5113.2842 0.4729
5114.4634 0.4724
5115.6401 0.4726
5116.8198 0.4712
5117.9966 0.4677
5119.1743 0.4651
5120.3545 0.4642
5121.5327 0.4634
5122.7134 0.4623
5123.8921 0.4621
5125.0737 0.4591
5126.2524 0.4518
5127.4321 0.4466
5128.6143 0.4503
5129.7939 0.4562
5130.9771 0.4540
5132.1572 0.4552
5133.3408 0.4587
5134.5220 0.4589
5135.7031 0.4544
5136.8872 0.4504
5138.0688 0.4505
5139.2539 0.4541
5140.4360 0.4560
5141.6216 0.4552
5142.8042 0.4539
5143.9873 0.4499
5145.1738 0.4490
5146.3574 0.4509
5147.5439 0.4518
5148.7280 0.4508
5149.9155 0.4483
5151.1001 0.4398
5152.2852 0.4309
5153.4731 0.4367
5154.6587 0.4483
5155.8477 0.4545
5157.0337 0.4541
5158.2227 0.4507
5159.4097 0.4456
5160.5962 0.4456
5161.7861 0.4490
5162.9736 0.4486
5164.1646 0.4361
5165.3525 0.4091
5166.5435 0.3820
5167.7319 0.3834
5168.9209 0.4027
5170.1128 0.4153
5171.3022 0.4164
5172.4946 0.4333
5173.6846 0.4470
5174.8779 0.4499
5176.0684 0.4486
5177.2588 0.4479
5178.4526 0.4474
5179.6440 0.4445
5180.8384 0.4287
5182.0303 0.4154
5183.2251 0.4150
5184.4175 0.4220
5185.6104 0.4238
5186.8062 0.4191
5187.9995 0.4227
5189.1958 0.4256
5190.3896 0.4269
5191.5864 0.4299
5192.7808 0.4334
5193.9780 0.4277
5195.1729 0.4154
5196.3682 0.4136
5197.5664 0.4230
5198.7622 0.4329
5199.9609 0.4344
5201.1572 0.4325
5202.3564 0.4267
5203.5532 0.4214
5204.7505 0.4209
5205.9507 0.4233
5207.1484 0.4242
5208.3491 0.4256
5209.5474 0.4255
5210.7485 0.4286
5211.9473 0.4306
5213.1460 0.4274
5214.3481 0.4222
5215.5479 0.4235
5216.7505 0.4291
5217.9507 0.4331
5219.1538 0.4349
5220.3545 0.4348
5221.5557 0.4321
5222.7598 0.4256
5223.9609 0.4041
5225.1655 0.3877
5226.3677 0.3939
5227.5728 0.4135
5228.7754 0.4223
5229.9785 0.4159
5231.1846 0.4011
5232.3877 0.3903
5233.5942 0.3907
5234.7983 0.3979
5236.0054 0.4030
5237.2100 0.4087
5238.4150 0.4147
5239.6230 0.4188
5240.8281 0.4185
5242.0366 0.4163
5243.2427 0.4166
5244.4517 0.4165
5245.6582 0.4144
5246.8652 0.4136
5248.0747 0.4136
5249.2822 0.4139
5250.4927 0.4147
5251.7007 0.4125
5252.9116 0.4064
5254.1201 0.4054
5255.3286 0.4087
5256.5405 0.4123
5257.7500 0.4127
5258.9624 0.4074
5260.1724 0.4012
5261.3853 0.3937
5262.5957 0.3862
5263.8062 0.3844
5265.0200 0.3910
5266.2310 0.3929
5267.4458 0.3847
5268.6572 0.3848
5269.8721 0.3922
5271.0845 0.3961
5272.2974 0.3881
5273.5132 0.3705
5274.7261 0.3726
5275.9424 0.3873
5277.1562 0.3949
5278.3730 0.3937
5279.5874 0.3946
5280.8047 0.3927
5282.0195 0.3838
5283.2349 0.3874
5284.4531 0.3993
5285.6689 0.4078
5286.8877 0.4089
5288.1040 0.4083
5289.3232 0.4066
5290.5400 0.4053
5291.7573 0.4043
5292.9775 0.4037
5294.1953 0.4032
5295.4160 0.4014
5296.6343 0.3994
5297.8555 0.3993
5299.0742 0.3990
5300.2935 0.3965
5301.5156 0.3929
5302.7354 0.3910
5303.9580 0.3875
5305.1782 0.3854
5306.4014 0.3862
5307.6221 0.3891
5308.8433 0.3918
5310.0674 0.3914
5311.2891 0.3869
5312.5137 0.3805
5313.7358 0.3662
5314.9614 0.3535
5316.1841 0.3618
5317.4072 0.3851
5318.6333 0.3940
5319.8569 0.3952
5321.0835 0.3903
5322.3076 0.3806
5323.5347 0.3731
5324.7598 0.3734
5325.9844 0.3692
5327.2129 0.3690
5328.4380 0.3758
5329.6670 0.3846
5330.8931 0.3876
5332.1221 0.3825
5333.3491 0.3742
5334.5757 0.3657
5335.8062 0.3617
5337.0337 0.3639
5338.2642 0.3702
5339.4922 0.3775
5340.7236 0.3841
5341.9521 0.3861
5343.1812 0.3832
5344.4131 0.3796
5345.6426 0.3797
5346.8755 0.3816
5348.1055 0.3813
5349.3389 0.3825
5350.5693 0.3835
5351.8003 0.3832
5353.0342 0.3828
5354.2656 0.3830
5355.5005 0.3826
5356.7324 0.3821
5357.9678 0.3804
5359.2002 0.3739
5360.4331 0.3614
5361.6694 0.3539
5362.9028 0.3614
5364.1392 0.3685
5365.3735 0.3705
5366.6108 0.3689
5367.8452 0.3649
5369.0801 0.3604
5370.3184 0.3643
5371.5537 0.3713
5372.7925 0.3753
5374.0283 0.3756
5375.2676 0.3753
5376.5039 0.3743
5377.7441 0.3674
5378.9810 0.3606
5380.2183 0.3590
5381.4590 0.3621
5382.6973 0.3663
5383.9385 0.3703
5385.1768 0.3706
5386.4189 0.3701
5387.6577 0.3694
5388.8975 0.3683
5390.1401 0.3671
5391.3799 0.3654
5392.6230 0.3645
5393.8638 0.3602
5395.1074 0.3561
5396.3486 0.3571
5397.5903 0.3619
5398.8350 0.3608
5400.0767 0.3574
5401.3223 0.3530
5402.5645 0.3492
5403.8105 0.3482
5405.0537 0.3506
5406.2969 0.3529
5407.5439 0.3532
5408.7876 0.3532
5410.0352 0.3535
5411.2798 0.3511
5412.5273 0.3448
5413.7725 0.3456
5415.0181 0.3512
5416.2666 0.3506
5417.5127 0.3473
5418.7617 0.3468
5420.0083 0.3483
5421.2583 0.3464
5422.5054 0.3383
5423.7529 0.3383
5425.0034 0.3446
5426.2515 0.3474
5427.5029 0.3434
5428.7515 0.3437
5430.0034 0.3443
5431.2524 0.3414
5432.5020 0.3402
5433.7549 0.3432
5435.0049 0.3472
5436.2578 0.3505
5437.5088 0.3512
5438.7627 0.3510
5440.0137 0.3503
5441.2651 0.3486
5442.5200 0.3448
5443.7720 0.3399
5445.0273 0.3381
5446.2798 0.3414
5447.5356 0.3458
5448.7891 0.3474
5450.0425 0.3469
5451.2993 0.3455
5452.5532 0.3396
5453.8105 0.3358
5455.0654 0.3387
5456.3232 0.3443
5457.5786 0.3457
5458.8340 0.3446
5460.0928 0.3414
5461.3486 0.3389
5462.6084 0.3381
5463.8647 0.3379
5465.1250 0.3370
5466.3823 0.3391
5467.6396 0.3415
5468.9004 0.3419
5470.1587 0.3403
5471.4199 0.3385
5472.6787 0.3372
5473.9404 0.3327
5475.1997 0.3255
5476.4624 0.3234
5477.7222 0.3264
5478.9824 0.3307
5480.2461 0.3335
5481.5068 0.3352
5482.7705 0.3357
5484.0322 0.3339
5485.2964 0.3310
5486.5586 0.3294
5487.8208 0.3301
5489.0859 0.3302
5490.3491 0.3303
5491.6147 0.3311
5492.8784 0.3325
5494.1450 0.3329
5495.4087 0.3311
5496.6729 0.3308
5497.9404 0.3313
5499.2056 0.3269
5500.4736 0.3220
5501.7388 0.3220
5503.0073 0.3256
5504.2734 0.3242
5505.5396 0.3215
5506.8096 0.3198
5508.0762 0.3197
5509.3462 0.3215
5510.6138 0.3251
5511.8843 0.3286
5513.1523 0.3302
5514.4209 0.3305
5515.6924 0.3301
5516.9614 0.3290
5518.2334 0.3276
5519.5029 0.3268
5520.7759 0.3264
5522.0459 0.3233
5523.3159 0.3159
5524.5898 0.3067
5525.8608 0.3021
5527.1348 0.3069
5528.4062 0.3154
5529.6812 0.3203
5530.9536 0.3176
5532.2256 0.3092
5533.5015 0.3039
5534.7744 0.3124
5536.0508 0.3191
5537.3242 0.3213
5538.6011 0.3208
5539.8755 0.3191
5541.1499 0.3165
5542.4277 0.3136
5543.7026 0.3139
5544.9810 0.3159
5546.2568 0.3175
5547.5356 0.3180
5548.8115 0.3179
5550.0884 0.3177
5551.3682 0.3175
5552.6450 0.3166
5553.9258 0.3160
5555.2031 0.3160
5556.4844 0.3156
5557.7627 0.3154
5559.0410 0.3155
5560.3232 0.3151
5561.6021 0.3141
5562.8848 0.3131
5564.1646 0.3122
5565.4473 0.3116
5566.7280 0.3097
5568.0083 0.3086
5569.2925 0.3080
5570.5737 0.3072
5571.8579 0.3070
5573.1401 0.3091
5574.4253 0.3089
5575.7075 0.3086
5576.9932 0.3090
5578.2764 0.3097
5579.5596 0.3097
5580.8462 0.3094
5582.1299 0.3093
5583.4170 0.3057
5584.7017 0.2999
5585.9893 0.2966
5587.2744 0.2989
5588.5601 0.3025
5589.8486 0.3043
5591.1348 0.3039
5592.4238 0.3026
5593.7104 0.3024
5595.0005 0.3032
5596.2876 0.3011
5597.5747 0.3013
5598.8657 0.3014
5600.1538 0.3006
5601.4448 0.3004
5602.7334 0.3020
5604.0254 0.3028
5605.3149 0.3028
5606.6045 0.3025
5607.8970 0.3020
5609.1870 0.3016
5610.4805 0.3015
5611.7715 0.2999
5613.0654 0.2943
5614.3569 0.2927
5615.6484 0.2958
5616.9434 0.2991
5618.2354 0.2993
5619.5308 0.2989
5620.8237 0.2977
5622.1201 0.2953
5623.4131 0.2937
5624.7070 0.2938
5626.0039 0.2943
5627.2983 0.2958
5628.5957 0.2969
5629.8906 0.2970
5631.1890 0.2960
5632.4844 0.2948
5633.7803 0.2944
5635.0791 0.2939
5636.3755 0.2931
5637.6753 0.2911
5638.9722 0.2890
5640.2725 0.2887
5641.5703 0.2903
5642.8682 0.2902
5644.1694 0.2908
5645.4678 0.2915
5646.7695 0.2914
5648.0684 0.2907
5649.3711 0.2905
5650.6704 0.2903
5651.9707 0.2894
5653.2739 0.2873
5654.5742 0.2812
5655.8784 0.2734
5657.1797 0.2727
5658.4839 0.2820
5659.7856 0.2827
5661.0879 0.2812
5662.3931 0.2824
5663.6958 0.2841
5665.0020 0.2821
5666.3052 0.2787
5667.6118 0.2792
5668.9155 0.2821
5670.2197 0.2841
5671.5273 0.2839
5672.8320 0.2829
5674.1401 0.2824
5675.4453 0.2824
5676.7539 0.2822
5678.0601 0.2819
5679.3696 0.2809
5680.6758 0.2778
5681.9829 0.2746
5683.2930 0.2757
5684.6006 0.2769
5685.9111 0.2765
5687.2192 0.2765
5688.5308 0.2783
5689.8394 0.2793
5691.1484 0.2793
5692.4609 0.2792
5693.7705 0.2792
5695.0835 0.2788
5696.3936 0.2779
5697.7070 0.2769
5699.0176 0.2760
5700.3286 0.2756
5701.6431 0.2747
5702.9551 0.2726
5704.2700 0.2705
5705.5825 0.2705
5706.8979 0.2706
5708.2109 0.2707
5709.5239 0.2714
5710.8408 0.2727
5712.1543 0.2736
5713.4717 0.2734
5714.7861 0.2729
5716.1040 0.2721
5717.4189 0.2715
5718.7339 0.2715
5720.0527 0.2718
5721.3687 0.2717
5722.6880 0.2712
5724.0044 0.2704
5725.3242 0.2700
5726.6416 0.2701
5727.9590 0.2699
5729.2798 0.2692
5730.5977 0.2686
5731.9194 0.2689
5733.2378 0.2694
5734.5601 0.2689
5735.8794 0.2677
5737.1987 0.2674
5738.5215 0.2670
5739.8418 0.2664
5741.1655 0.2659
5742.4863 0.2656
5743.8105 0.2645
5745.1318 0.2626
5746.4536 0.2627
5747.7783 0.2641
5749.1006 0.2645
5750.4268 0.2634
5751.7495 0.2623
5753.0757 0.2627
5754.3994 0.2635
5755.7231 0.2636
5757.0503 0.2633
5758.3745 0.2628
5759.7026 0.2615
5761.0273 0.2600
5762.3560 0.2603
5763.6816 0.2608
5765.0078 0.2609
5766.3369 0.2606
5767.6636 0.2597
5768.9937 0.2585
5770.3208 0.2571
5771.6514 0.2566
5772.9790 0.2561
5774.3071 0.2553
5775.6387 0.2538
5776.9673 0.2485
5778.2993 0.2400
5779.6289 0.2392
5780.9614 0.2447
5782.2915 0.2501
5783.6250 0.2522
5784.9556 0.2536
5786.2861 0.2540
5787.6206 0.2540
5788.9521 0.2537
5790.2871 0.2530
5791.6191 0.2518
5792.9546 0.2508
5794.2871 0.2487
5795.6201 0.2480
5796.9565 0.2497
5798.2900 0.2522
5799.6274 0.2530
5800.9614 0.2530
5802.2993 0.2523
5803.6338 0.2514
5804.9692 0.2510
5806.3076 0.2510
5807.6436 0.2507
5808.9824 0.2502
5810.3188 0.2489
5811.6587 0.2483
5812.9956 0.2488
5814.3330 0.2496
5815.6738 0.2499
5817.0117 0.2502
5818.3530 0.2498
5819.6914 0.2491
5821.0337 0.2485
5822.3726 0.2482
5823.7119 0.2484
5825.0552 0.2488
5826.3950 0.2485
5827.7388 0.2482
5829.0791 0.2481
5830.4233 0.2480
5831.7646 0.2475
5833.1064 0.2461
5834.4517 0.2461
5835.7935 0.2466
5837.1396 0.2465
5838.4824 0.2456
5839.8286 0.2444
5841.1719 0.2434
5842.5156 0.2426
5843.8633 0.2423
5845.2075 0.2422
5846.5552 0.2417
5847.9004 0.2405
5849.2490 0.2400
5850.5942 0.2391
5851.9404 0.2384
5853.2896 0.2380
5854.6362 0.2372
5855.9863 0.2361
5857.3335 0.2372
5858.6841 0.2379
5860.0322 0.2377
5861.3799 0.2375
5862.7319 0.2378
5864.0806 0.2379
5865.4326 0.2374
5866.7822 0.2366
5868.1348 0.2360
5869.4849 0.2357
5870.8350 0.2355
5872.1890 0.2351
5873.5400 0.2340
5874.8940 0.2340
5876.2456 0.2340
5877.6006 0.2338
5878.9531 0.2333
5880.3052 0.2322
5881.6611 0.2309
5883.0146 0.2298
5884.3711 0.2288
5885.7246 0.2198
5887.0820 0.1963
5888.4365 0.1742
5889.7939 0.1980
5891.1489 0.2185
5892.5044 0.2073
5893.8633 0.1854
5895.2192 0.1861
5896.5786 0.2132
5897.9351 0.2223
5899.2949 0.2234
5900.6523 0.2236
5902.0098 0.2241
5903.3706 0.2244
5904.7285 0.2242
5906.0903 0.2238
5907.4487 0.2235
5908.8110 0.2233
5910.1704 0.2223
5911.5303 0.2205
5912.8931 0.2192
5914.2534 0.2199
5915.6172 0.2194
5916.9780 0.2187
5918.3428 0.2190
5919.7041 0.2192
5921.0659 0.2177
5922.4312 0.2169
5923.7939 0.2177
5925.1597 0.2175
5926.5229 0.2160
5927.8896 0.2145
5929.2534 0.2146
5930.6172 0.2157
5931.9849 0.2158
5933.3496 0.2155
5934.7178 0.2150
5936.0830 0.2142
5937.4517 0.2128
5938.8179 0.2113
5940.1841 0.2112
5941.5537 0.2115
5942.9204 0.2112
5944.2910 0.2101
5945.6587 0.2087
5947.0298 0.2084
5948.3975 0.2090
5949.7661 0.2085
5951.1382 0.2077
5952.5073 0.2077
5953.8799 0.2068
5955.2495 0.2036
5956.6226 0.2032
5957.9932 0.2049
5959.3638 0.2059
5960.7378 0.2056
5962.1094 0.2055
5963.4839 0.2046
5964.8560 0.2033
5966.2314 0.2029
5967.6040 0.2032
5968.9766 0.2036
5970.3530 0.2037
5971.7266 0.2035
5973.1035 0.2025
5974.4780 0.2008
5975.8555 0.1985
5977.2305 0.1971
5978.6055 0.1988
5979.9839 0.2004
5981.3599 0.1995
5982.7388 0.1986
5984.1152 0.1984
5985.4951 0.1983
5986.8721 0.1978
5988.2495 0.1945
5989.6304 0.1924
5991.0083 0.1947
5992.3896 0.1977
5993.7681 0.1982
5995.1504 0.1977
5996.5298 0.1965
5997.9126 0.1960
5999.2920 0.1961
6000.6724 0.1961
6002.0562 0.1957
6003.4370 0.1947
6004.8213 0.1927
6006.2026 0.1912
6007.5874 0.1904
6008.9697 0.1900
6010.3521 0.1896
6011.7378 0.1896
6013.1211 0.1908
6014.5078 0.1916
6015.8911 0.1918
6017.2783 0.1911
6018.6626 0.1903
6020.0474 0.1902
6021.4355 0.1893
6022.8208 0.1894
6024.2095 0.1898
6025.5957 0.1899
6026.9849 0.1900
6028.3716 0.1906
6029.7583 0.1906
6031.1489 0.1906
6032.5361 0.1904
6033.9272 0.1896
6035.3154 0.1887
6036.7070 0.1883
6038.0957 0.1879
6039.4849 0.1875
6040.8774 0.1874
6042.2671 0.1867
6043.6606 0.1854
6045.0508 0.1857
6046.4448 0.1877
6047.8359 0.1888
6049.2271 0.1881
6050.6221 0.1868
6052.0142 0.1866
6053.4097 0.1879
6054.8022 0.1884
6056.1982 0.1888
6057.5918 0.1885
6058.9854 0.1883
6060.3823 0.1889
6061.7764 0.1893
6063.1743 0.1877
6064.5693 0.1861
6065.9678 0.1851
6067.3633 0.1848
6068.7588 0.1849
6070.1582 0.1853
6071.5547 0.1858
6072.9551 0.1857
6074.3521 0.1852
6075.7529 0.1842
6077.1504 0.1834
6078.5483 0.1836
6079.9502 0.1830
6081.3491 0.1799
6082.7515 0.1791
6084.1504 0.1806
6085.5537 0.1817
6086.9536 0.1815
6088.3540 0.1819
6089.7578 0.1829
6091.1587 0.1832
6092.5635 0.1828
6093.9648 0.1825
6095.3701 0.1826
6096.7725 0.1825
6098.1782 0.1818
6099.5811 0.1794
6100.9844 0.1775
6102.3911 0.1785
6103.7949 0.1810
6105.2026 0.1811
6106.6069 0.1803
6108.0151 0.1796
6109.4204 0.1785
6110.8257 0.1768
6112.2349 0.1758
6113.6411 0.1771
6115.0508 0.1780
6116.4575 0.1790
6117.8682 0.1786
6119.2754 0.1762
6120.6831 0.1743
6122.0947 0.1760
6123.5029 0.1768
6124.9150 0.1770
6126.3242 0.1761
6127.7368 0.1751
6129.1465 0.1757
6130.5566 0.1764
6131.9702 0.1762
6133.3809 0.1746
6134.7954 0.1725
6136.2065 0.1722
6137.6216 0.1732
6139.0337 0.1688
6140.4458 0.1684
6141.8618 0.1718
6143.2749 0.1729
6144.6914 0.1675
6146.1050 0.1589
6147.5220 0.1595
6148.9365 0.1672
6150.3511 0.1718
6151.7690 0.1707
6153.1846 0.1653
6154.6035 0.1585
6156.0190 0.1589
6157.4390 0.1646
6158.8555 0.1661
6160.2720 0.1650
6161.6929 0.1659
6163.1104 0.1684
6164.5312 0.1684
6165.9497 0.1676
6167.3711 0.1667
6168.7900 0.1663
6170.2095 0.1662
6171.6323 0.1650
6173.0518 0.1634
6174.4756 0.1634
6175.8960 0.1629
6177.3198 0.1626
6178.7412 0.1636
6180.1626 0.1652
6181.5874 0.1652
6183.0098 0.1649
6184.4355 0.1642
6185.8579 0.1639
6187.2847 0.1638
6188.7080 0.1628
6190.1318 0.1624
6191.5591 0.1635
6192.9834 0.1631
6194.4116 0.1623
6195.8364 0.1625
6197.2651 0.1630
6198.6909 0.1627
6200.1172 0.1604
6201.5469 0.1585
6202.9731 0.1588
6204.4038 0.1605
6205.8311 0.1617
6207.2622 0.1628
6208.6899 0.1625
6210.1216 0.1615
6211.5503 0.1609
6212.9795 0.1608
6214.4121 0.1608
6215.8418 0.1611
6217.2749 0.1605
6218.7056 0.1602
6220.1392 0.1606
6221.5703 0.1608
6223.0015 0.1600
6224.4365 0.1595
6225.8687 0.1593
6227.3042 0.1578
6228.7368 0.1563
6230.1729 0.1561
6231.6064 0.1566
6233.0400 0.1570
6234.4771 0.1539
6235.9116 0.1465
6237.3496 0.1438
6238.7842 0.1494
6240.2231 0.1548
6241.6587 0.1541
6243.0942 0.1490
6244.5342 0.1413
6245.9707 0.1399
6247.4111 0.1470
6248.8481 0.1534
6250.2891 0.1530
6251.7271 0.1530
6253.1650 0.1536
6254.6069 0.1538
6256.0459 0.1534
6257.4888 0.1532
6258.9282 0.1532
6260.3716 0.1529
6261.8115 0.1524
6263.2520 0.1521
6264.6963 0.1518
6266.1377 0.1504
6267.5825 0.1472
6269.0244 0.1472
6270.4702 0.1485
6271.9126 0.1488
6273.3555 0.1455
6274.8022 0.1372
6276.2456 0.1290
6277.6929 0.1282
6279.1372 0.1291
6280.5850 0.1271
6282.0298 0.1244
6283.4751 0.1274
6284.9238 0.1351
6286.3696 0.1393
6287.8193 0.1403
6289.2661 0.1402
6290.7163 0.1406
6292.1636 0.1416
6293.6108 0.1417
6295.0620 0.1425
6296.5103 0.1420
6297.9624 0.1408
6299.4111 0.1399
6300.8638 0.1395
6302.3135 0.1401
6303.7632 0.1394
6305.2168 0.1395
6306.6675 0.1394
6308.1216 0.1385
6309.5728 0.1393
6311.0278 0.1402
6312.4795 0.1398
6313.9316 0.1373
6315.3877 0.1338
6316.8403 0.1330
6318.2974 0.1371
6319.7510 0.1391
6321.2080 0.1396
6322.6621 0.1398
6324.1201 0.1401
6325.5752 0.1404
6327.0303 0.1402
6328.4893 0.1384
6329.9453 0.1373
6331.4048 0.1381
6332.8613 0.1382
6334.3218 0.1369
6335.7788 0.1368
6337.2363 0.1377
6338.6978 0.1376
6340.1558 0.1369
6341.6182 0.1361
6343.0767 0.1298
6344.5396 0.1160
6345.9990 0.1184
6347.4590 0.1303
6348.9229 0.1358
6350.3833 0.1359
6351.8477 0.1357
6353.3091 0.1349
6354.7739 0.1350
6356.2358 0.1344
6357.6982 0.1341
6359.1641 0.1339
6360.6270 0.1336
6362.0938 0.1335
6363.5576 0.1332
6365.0249 0.1324
6366.4893 0.1287
6367.9536 0.1204
6369.4224 0.1151
6370.8877 0.1234
6372.3564 0.1316
6373.8228 0.1325
6375.2925 0.1317
6376.7588 0.1307
6378.2261 0.1298
6379.6968 0.1299
6381.1646 0.1280
6382.6357 0.1272
6384.1040 0.1286
6385.5762 0.1300
6387.0454 0.1304
6388.5146 0.1305
6389.9878 0.1296
6391.4580 0.1287
6392.9316 0.1292
6394.4023 0.1297
6395.8770 0.1286
6397.3481 0.1269
6398.8198 0.1272
6400.2954 0.1285
6401.7681 0.1285
6403.2441 0.1272
6404.7173 0.1260
6406.1943 0.1259
6407.6680 0.1270
6409.1421 0.1260
6410.6196 0.1256
6412.0947 0.1247
6413.5732 0.1211
6415.0488 0.1175
6416.5278 0.1208
6418.0039 0.1227
6419.4805 0.1242
6420.9609 0.1255
6422.4380 0.1257
6423.9189 0.1250
6425.3970 0.1247
6426.8784 0.1243
6428.3569 0.1215
6429.8359 0.1175
6431.3184 0.1165
6432.7979 0.1209
6434.2812 0.1223
6435.7617 0.1197
6437.2456 0.1182
6438.7266 0.1191
6440.2114 0.1203
6441.6929 0.1194
6443.1748 0.1186
6444.6606 0.1184
6446.1431 0.1187
6447.6294 0.1189
6449.1128 0.1187
6450.6001 0.1178
6452.0840 0.1116
6453.5684 0.0982
6455.0566 0.0985
6456.5415 0.1093
6458.0303 0.1166
6459.5161 0.1150
6461.0054 0.1141
6462.4917 0.1156
6463.9785 0.1167
6465.4692 0.1164
6466.9565 0.1156
6468.4478 0.1154
6469.9360 0.1154
6471.4277 0.1149
6472.9165 0.1141
6474.4058 0.1144
6475.8984 0.1153
6477.3882 0.1142
6478.8818 0.1118
6480.3726 0.1094
6481.8667 0.1101
6483.3579 0.1125
6484.8496 0.1139
6486.3447 0.1136
6487.8369 0.1103
6489.3330 0.1057
6490.8262 0.1042
6492.3228 0.1042
6493.8164 0.1039
6495.3101 0.1055
6496.8081 0.1101
6498.3027 0.1120
6499.8013 0.1122
6501.2964 0.1120
6502.7954 0.1118
6504.2915 0.1115
6505.7876 0.1116
6507.2881 0.1117
6508.7852 0.1111
6510.2861 0.1102
6511.7837 0.1071
6513.2852 0.1004
6514.7837 0.0982
6516.2822 0.1036
6517.7852 0.1075
6519.2842 0.1081
6520.7876 0.1077
6522.2876 0.1073
6523.7920 0.1070
6525.2925 0.1064
6526.7939 0.1057
6528.2988 0.1050
6529.8008 0.1042
6531.3062 0.1037
6532.8091 0.1036
6534.3154 0.1029
6535.8184 0.1025
6537.3223 0.1021
6538.8296 0.1009
6540.3340 0.0989
6541.8423 0.0965
6543.3472 0.0941
6544.8560 0.0928
6546.3613 0.0919
6547.8677 0.0898
6549.3774 0.0857
6550.8843 0.0801
6552.3945 0.0739
6553.9019 0.0663
6555.4136 0.0553
6556.9214 0.0400
6558.4336 0.0186
6559.9424 -0.0119
6561.4512 -0.0093
6562.9644 0.0158
6564.4741 0.0399
6565.9878 0.0538
6567.4985 0.0639
6569.0127 0.0719
6570.5239 0.0782
6572.0356 0.0824
6573.5513 0.0860
6575.0635 0.0895
6576.5796 0.0919
6578.0923 0.0932
6579.6094 0.0944
6581.1230 0.0958
6582.6372 0.0959
6584.1548 0.0943
6585.6694 0.0931
6587.1885 0.0957
6588.7036 0.0966
6590.2231 0.0966
6591.7393 0.0970
6593.2554 0.0976
6594.7759 0.0974
6596.2930 0.0971
6597.8140 0.0977
6599.3320 0.0979
6600.8535 0.0972
6602.3721 0.0960
6603.8911 0.0952
6605.4141 0.0959
6606.9336 0.0967
6608.4570 0.0967
6609.9771 0.0953
6611.5015 0.0935
6613.0225 0.0935
6614.5439 0.0949
6616.0693 0.0955
6617.5913 0.0957
6619.1172 0.0959
6620.6396 0.0960
6622.1665 0.0958
6623.6899 0.0950
6625.2139 0.0945
6626.7417 0.0943
6628.2661 0.0941
6629.7944 0.0938
6631.3198 0.0935
6632.8486 0.0933
6634.3745 0.0935
6635.9009 0.0935
6637.4312 0.0934
6638.9580 0.0932
6640.4888 0.0922
6642.0166 0.0909
6643.5483 0.0904
6645.0767 0.0908
6646.6055 0.0915
6648.1382 0.0917
6649.6675 0.0909
6651.2007 0.0898
6652.7310 0.0891
6654.2651 0.0893
6655.7959 0.0896
6657.3271 0.0893
6658.8623 0.0885
6660.3940 0.0880
6661.9297 0.0882
6663.4624 0.0887
6664.9990 0.0889
6666.5322 0.0884
6668.0659 0.0875
6669.6035 0.0868
6671.1377 0.0872
6672.6763 0.0874
6674.2114 0.0862
6675.7505 0.0840
6677.2861 0.0829
6678.8257 0.0842
6680.3623 0.0852
6681.8989 0.0853
6683.4399 0.0853
6684.9775 0.0859
6686.5190 0.0862
6688.0571 0.0853
6689.5996 0.0845
6691.1382 0.0839
6692.6777 0.0835
6694.2212 0.0830
6695.7607 0.0819
6697.3052 0.0817
6698.8457 0.0820
6700.3906 0.0821
6701.9316 0.0818
6703.4736 0.0812
6705.0195 0.0807
6706.5620 0.0811
6708.1084 0.0814
6709.6519 0.0811
6711.1987 0.0805
6712.7427 0.0797
6714.2871 0.0785
6715.8354 0.0780
6717.3804 0.0786
6718.9292 0.0781
6720.4751 0.0764
6722.0249 0.0758
6723.5713 0.0784
6725.1177 0.0789
6726.6685 0.0790
6728.2163 0.0789
6729.7676 0.0784
6731.3159 0.0780
6732.8682 0.0780
6734.4170 0.0777
6735.9663 0.0773
6737.5195 0.0773
6739.0693 0.0772
6740.6235 0.0763
6742.1743 0.0755
6743.7290 0.0764
6745.2803 0.0753
6746.8320 0.0744
6748.3877 0.0754
6749.9404 0.0770
6751.4966 0.0773
6753.0498 0.0765
6754.6069 0.0742
6756.1611 0.0745
6757.7153 0.0764
6759.2734 0.0771
6760.8286 0.0770
6762.3877 0.0766
6763.9434 0.0761
6765.5029 0.0759
6767.0596 0.0763
6768.6162 0.0766
6770.1772 0.0763
6771.7344 0.0763
6773.2959 0.0763
6774.8540 0.0763
6776.4165 0.0763
6777.9756 0.0761
6779.5347 0.0758
6781.0981 0.0749
6782.6582 0.0742
6784.2222 0.0745
6785.7827 0.0752
6787.3477 0.0753
6788.9092 0.0749
6790.4707 0.0750
6792.0366 0.0747
6793.5991 0.0744
6795.1655 0.0740
6796.7290 0.0735
6798.2964 0.0734
6799.8604 0.0738
6801.4282 0.0736
6802.9927 0.0734
6804.5581 0.0734
6806.1270 0.0731
6807.6929 0.0724
6809.2627 0.0723
6810.8291 0.0722
6812.3994 0.0721
6813.9668 0.0722
6815.5342 0.0722
6817.1060 0.0716
6818.6743 0.0710
6820.2466 0.0712
6821.8154 0.0715
6823.3887 0.0703
6824.9585 0.0673
6826.5283 0.0650
6828.1025 0.0687
6829.6733 0.0701
6831.2485 0.0702
6832.8198 0.0700
6834.3955 0.0697
6835.9678 0.0694
6837.5405 0.0687
6839.1172 0.0672
6840.6904 0.0667
6842.2681 0.0675
6843.8418 0.0684
6845.4199 0.0685
6846.9946 0.0683
6848.5698 0.0681
6850.1494 0.0678
6851.7251 0.0665
6853.3052 0.0646
6854.8818 0.0646
6856.4624 0.0656
6858.0396 0.0655
6859.6177 0.0656
6861.1992 0.0661
6862.7778 0.0666
6864.3604 0.0664
6865.9395 0.0662
6867.5225 0.0659
6869.1025 0.0657
6870.6826 0.0656
6872.2671 0.0656
6873.8481 0.0654
6875.4331 0.0653
6877.0146 0.0651
6878.6006 0.0644
6880.1831 0.0638
6881.7656 0.0638
6883.3525 0.0638
6884.9360 0.0632
6886.5239 0.0635
6888.1079 0.0639
6889.6963 0.0640
6891.2812 0.0638
6892.8667 0.0636
6894.4561 0.0634
6896.0425 0.0633
6897.6323 0.0631
6899.2192 0.0630
6900.8105 0.0627
6902.3979 0.0622
6903.9858 0.0615
6905.5776 0.0617
6907.1665 0.0618
6908.7593 0.0614
6910.3486 0.0608
6911.9419 0.0604
6913.5322 0.0600
6915.1226 0.0602
6916.7173 0.0601
6918.3081 0.0597
6919.9038 0.0594
6921.4956 0.0597
6923.0918 0.0595
6924.6846 0.0594
6926.2812 0.0594
6927.8745 0.0594
6929.4683 0.0594
6931.0664 0.0593
6932.6606 0.0594
6934.2593 0.0593
6935.8545 0.0590
6937.4541 0.0586
6939.0498 0.0586
6940.6460 0.0586
6942.2466 0.0575
6943.8438 0.0573
6945.4448 0.0576
6947.0430 0.0579
6948.6445 0.0575
6950.2432 0.0572
6951.8423 0.0572
6953.4453 0.0569
6955.0449 0.0568
6956.6489 0.0569
6958.2490 0.0566
6959.8535 0.0554
6961.4546 0.0555
6963.0562 0.0560
6964.6621 0.0562
6966.2642 0.0561
6967.8706 0.0558
6969.4736 0.0555
6971.0806 0.0556
6972.6841 0.0550
6974.2886 0.0539
6975.8965 0.0530
6977.5015 0.0530
6979.1104 0.0537
6980.7158 0.0541
6982.3257 0.0539
6983.9321 0.0536
6985.5386 0.0533
6987.1494 0.0531
6988.7568 0.0525
6990.3687 0.0520
6991.9766 0.0523
6993.5889 0.0527
6995.1978 0.0517
6996.8071 0.0499
6998.4204 0.0492
7000.0303 0.0484
7001.6445 0.0477
7003.2554 0.0487
7004.8701 0.0504
7006.4819 0.0511
7008.0938 0.0505
7009.7095 0.0510
7011.3223 0.0510
7012.9390 0.0499
7014.5522 0.0485
7016.1699 0.0481
7017.7837 0.0488
7019.3984 0.0482
7021.0171 0.0479
7022.6323 0.0482
7024.2515 0.0486
7025.8677 0.0484
7027.4878 0.0478
7029.1045 0.0478
7030.7212 0.0470
7032.3428 0.0469
7033.9604 0.0469
7035.5825 0.0463
7037.2007 0.0457
7038.8237 0.0450
7040.4429 0.0451
7042.0664 0.0459
7043.6865 0.0460
7045.3066 0.0455
7046.9316 0.0459
7048.5527 0.0460
7050.1782 0.0466
7051.7998 0.0461
7053.4263 0.0450
7055.0488 0.0444
7056.6719 0.0443
7058.2988 0.0432
7059.9229 0.0424
7061.5508 0.0427
7063.1753 0.0435
7064.8037 0.0438
7066.4292 0.0436
7068.0547 0.0435
7069.6846 0.0436
7071.3110 0.0434
7072.9419 0.0429
7074.5688 0.0424
7076.2002 0.0421
7077.8281 0.0426
7079.4561 0.0426
7081.0889 0.0422
7082.7178 0.0416
7084.3511 0.0410
7085.9810 0.0404
7087.6147 0.0410
7089.2451 0.0409
7090.8760 0.0408
7092.5112 0.0410
7094.1431 0.0412
7095.7788 0.0409
7097.4111 0.0400
7099.0479 0.0402
7100.6812 0.0408
7102.3145 0.0408
7103.9521 0.0400
7105.5864 0.0390
7107.2251 0.0383
7108.8599 0.0362
7110.4995 0.0341
7112.1353 0.0331
7113.7715 0.0333
7115.4116 0.0344
7117.0483 0.0357
7118.6899 0.0357
7120.3271 0.0364
7121.9692 0.0378
7123.6079 0.0386
7125.2466 0.0384
7126.8896 0.0378
7128.5293 0.0366
7130.1729 0.0366
7131.8130 0.0374
7133.4580 0.0376
7135.0986 0.0375
7136.7402 0.0375
7138.3857 0.0374
7140.0283 0.0367
7141.6748 0.0366
7143.3174 0.0365
7144.9648 0.0337
7146.6084 0.0327
7148.2524 0.0354
7149.9009 0.0368
7151.5459 0.0364
7153.1948 0.0357
7154.8403 0.0354
7156.4902 0.0360
7158.1367 0.0358
7159.7832 0.0345
7161.4346 0.0316
7163.0820 0.0294
7164.7339 0.0322
7166.3818 0.0345
7168.0347 0.0352
7169.6836 0.0353
7171.3369 0.0352
7172.9863 0.0345
7174.6367 0.0338
7176.2910 0.0343
7177.9419 0.0328
7179.5972 0.0321
7181.2490 0.0330
7182.9048 0.0328
7184.5571 0.0298
7186.2100 0.0306
7187.8672 0.0325
7189.5210 0.0316
7191.1787 0.0300
7192.8330 0.0306
7194.4917 0.0318
7196.1465 0.0319
7197.8022 0.0307
7199.4619 0.0285
7201.1182 0.0285
7202.7788 0.0299
7204.4355 0.0269
7206.0972 0.0268
7207.7549 0.0291
7209.4131 0.0298
7211.0757 0.0286
7212.7344 0.0278
7214.3975 0.0287
7216.0571 0.0289
7217.7212 0.0283
7219.3818 0.0265
7221.0425 0.0249
7222.7075 0.0251
7224.3691 0.0269
7226.0352 0.0276
7227.6973 0.0281
7229.3643 0.0285
7231.0273 0.0281
7232.6909 0.0272
7234.3584 0.0270
7236.0229 0.0265
7237.6914 0.0246
7239.3564 0.0243
7241.0259 0.0245
7242.6919 0.0243
7244.3579 0.0256
7246.0283 0.0263
7247.6953 0.0246
7249.3667 0.0244
7251.0342 0.0251
7252.7065 0.0252
7254.3750 0.0255
7256.0439 0.0258
7257.7168 0.0246
7259.3867 0.0238
7261.0605 0.0241
7262.7310 0.0247
7264.4058 0.0246
7266.0771 0.0247
7267.7485 0.0245
7269.4243 0.0240
7271.0967 0.0232
7272.7734 0.0223
7274.4463 0.0223
7276.1240 0.0230
7277.7979 0.0229
7279.4722 0.0222
7281.1509 0.0213
7282.8257 0.0210
7284.5054 0.0207
7286.1812 0.0160
7287.8613 0.0164
7289.5376 0.0184
7291.2148 0.0197
7292.8960 0.0206
7294.5737 0.0211
7296.2559 0.0204
7297.9341 0.0200
7299.6172 0.0201
7301.2964 0.0207
7302.9800 0.0210
7304.6602 0.0193
7306.3408 0.0184
7308.0254 0.0192
7309.7065 0.0210
7311.3921 0.0224
7313.0742 0.0227
7314.7607 0.0223
7316.4434 0.0212
7318.1265 0.0196
7319.8140 0.0201
7321.4980 0.0202
7323.1860 0.0179
7324.8711 0.0172
7326.5601 0.0192
7328.2456 0.0188
7329.9312 0.0188
7331.6216 0.0192
7333.3081 0.0191
7334.9995 0.0191
7336.6865 0.0184
7338.3784 0.0183
7340.0669 0.0183
7341.7554 0.0182
7343.4482 0.0179
7345.1377 0.0176
7346.8315 0.0173
7348.5215 0.0166
7350.2163 0.0157
7351.9067 0.0147
7353.5981 0.0142
7355.2939 0.0152
7356.9858 0.0157
7358.6826 0.0151
7360.3755 0.0143
7362.0728 0.0141
7363.7661 0.0146
7365.4604 0.0147
7367.1587 0.0144
7368.8535 0.0141
7370.5527 0.0137
7372.2485 0.0134
7373.9487 0.0137
7375.6450 0.0140
7377.3418 0.0137
7379.0430 0.0133
7380.7402 0.0129
7382.4424 0.0120
7384.1406 0.0102
7385.8433 0.0093
7387.5425 0.0099
7389.2422 0.0108
7390.9458 0.0113
7392.6465 0.0112
7394.3511 0.0109
7396.0522 0.0105
7397.7573 0.0095
7399.4595 0.0097
7401.1616 0.0097
7402.8682 0.0089
7404.5713 0.0080
7406.2788 0.0076
7407.9824 0.0068
7409.6909 0.0078
7411.3955 0.0072
7413.1006 0.0053
7414.8101 0.0053
7416.5156 0.0071
7418.2261 0.0068
7419.9326 0.0035
7421.6436 0.0023
7423.3506 0.0042
7425.0586 0.0066
7426.7705 0.0064
7428.4795 0.0055
7430.1924 0.0048
7431.9014 0.0051
7433.6152 0.0056
7435.3257 0.0056
7437.0400 0.0056
7438.7510 0.0010
7440.4624 -0.0003
7442.1777 0.0020
7443.8901 0.0036
7445.6064 0.0026
7447.3193 0.0016
7449.0366 0.0032
7450.7505 0.0040
7452.4644 0.0040
7454.1831 0.0036
7455.8979 0.0033
7457.6172 0.0029
7459.3325 -0.0015
7461.0527 -0.0011
7462.7690 0.0012
7464.4858 -0.0007
7466.2070 -0.0050
7467.9248 -0.0016
7469.6470 0.0011
7471.3652 0.0010
7473.0884 0.0004
7474.8076 0.0001
7476.5269 -0.0004
7478.2510 -0.0007
7479.9712 -0.0002
7481.6963 -0.0003
7483.4175 -0.0003
7485.1431 0.0000
7486.8652 0.0000
7488.5874 -0.0005
7490.3145 -0.0009
7492.0371 -0.0025
7493.7651 -0.0025
7495.4888 -0.0014
7497.2173 -0.0012
7498.9419 -0.0016
7500.6670 -0.0021
7502.3970 -0.0026
7504.1226 -0.0027
7505.8530 -0.0031
7507.5801 -0.0044
7509.3110 -0.0059
7511.0386 -0.0053
7512.7666 -0.0059
7514.4990 -0.0053
7516.2275 -0.0038
7517.9609 -0.0038
7519.6904 -0.0052
7521.4243 -0.0065
7523.1548 -0.0057
7524.8853 -0.0047
7526.6206 -0.0047
7528.3521 -0.0055
7530.0884 -0.0067
7531.8203 -0.0067
7533.5571 -0.0061
7535.2905 -0.0059
7537.0239 -0.0060
7538.7617 -0.0063
7540.4961 -0.0066
7542.2349 -0.0067
7543.9702 -0.0071
7545.7095 -0.0073
7547.4453 -0.0072
7549.1816 -0.0074
7550.9229 -0.0079
7552.6597 -0.0095
7554.4014 -0.0092
7556.1392 -0.0090
7557.8818 -0.0094
7559.6201 -0.0095
7561.3594 -0.0093
7563.1030 -0.0092
7564.8428 -0.0096
7566.5874 -0.0100
7568.3281 -0.0098
7570.0732 -0.0095
7571.8149 -0.0107
7573.5610 -0.0105
7575.3032 -0.0100
7577.0459 -0.0100
7578.7930 -0.0104
7580.5366 -0.0112
7582.2847 -0.0122
7584.0288 -0.0120
7585.7778 -0.0112
7587.5229 -0.0108
7589.2686 -0.0110
7591.0186 -0.0113
7592.7646 -0.0116
7594.5156 -0.0118
7596.2627 -0.0118
7598.0142 -0.0124
7599.7622 -0.0130
7601.5107 -0.0130
7603.2637 -0.0128
7605.0127 -0.0128
7606.7661 -0.0131
7608.5161 -0.0135
7610.2710 -0.0136
7612.0215 -0.0143
7613.7725 -0.0165
7615.5283 -0.0177
7617.2803 -0.0173
7619.0366 -0.0162
7620.7896 -0.0154
7622.5469 -0.0152
7624.3003 -0.0154
7626.0542 -0.0155
7627.8130 -0.0156
7629.5679 -0.0157
7631.3271 -0.0160
7633.0825 -0.0162
7634.8428 -0.0162
7636.5991 -0.0167
7638.3560 -0.0169
7640.1172 -0.0168
7641.8750 -0.0169
7643.6372 -0.0171
7645.3955 -0.0172
7647.1587 -0.0173
7648.9180 -0.0175
7650.6772 -0.0186
7652.4419 -0.0202
7654.2021 -0.0217
7655.9673 -0.0231
7657.7285 -0.0228
7659.4941 -0.0227
7661.2563 -0.0243
7663.0186 -0.0241
7664.7856 -0.0207
7666.5493 -0.0199
7668.3169 -0.0201
7670.0811 -0.0200
7671.8496 -0.0201
7673.6147 -0.0201
7675.3799 -0.0204
7677.1499 -0.0222
7678.9160 -0.0219
7680.6870 -0.0214
7682.4536 -0.0221
7684.2251 -0.0227
7685.9932 -0.0220
7687.7612 -0.0221
7689.5342 -0.0223
7691.3027 -0.0222
7693.0767 -0.0226
7694.8462 -0.0240
7696.6206 -0.0252
7698.3911 -0.0238
7700.1621 -0.0227
7701.9380 -0.0228
7703.7100 -0.0231
7705.4863 -0.0235
7707.2588 -0.0254
7709.0361 -0.0286
7710.8096 -0.0269
7712.5879 -0.0251
7714.3618 -0.0247
7716.1367 -0.0251
7717.9160 -0.0257
7719.6914 -0.0266
7721.4717 -0.0271
7723.2480 -0.0276
7725.0288 -0.0279
7726.8062 -0.0274
7728.5835 -0.0264
7730.3657 -0.0266
7732.1440 -0.0265
7733.9272 -0.0265
7735.7065 -0.0265
7737.4902 -0.0268
7739.2700 -0.0276
7741.0508 -0.0284
7742.8354 -0.0284
7744.6167 -0.0294
7746.4028 -0.0298
7748.1851 -0.0290
7749.9717 -0.0280
7751.7544 -0.0282
7753.5376 -0.0280
7755.3257 -0.0282
7757.1099 -0.0287
7758.8984 -0.0289
7760.6836 -0.0287
7762.4731 -0.0288
7764.2588 -0.0291
7766.0449 -0.0291
7767.8359 -0.0356
7769.6226 -0.0467
7771.4146 -0.0538
7773.2021 -0.0503
7774.9946 -0.0354
7776.7832 -0.0311
7778.5723 -0.0315
7780.3662 -0.0311
7782.1558 -0.0308
7783.9507 -0.0306
7785.7412 -0.0307
7787.5366 -0.0307
7789.3281 -0.0308
7791.1201 -0.0308
7792.9165 -0.0309
7794.7095 -0.0313
7796.5068 -0.0315
7798.3003 -0.0318
7800.0986 -0.0318
7801.8931 -0.0317
7803.6880 -0.0317
7805.4873 -0.0318
7807.2832 -0.0318
7809.0835 -0.0318
7810.8799 -0.0318
7812.6812 -0.0319
7814.4785 -0.0321
7816.2759 -0.0325
7818.0786 -0.0324
7819.8770 -0.0323
7821.6802 -0.0324
7823.4795 -0.0328
7825.2837 -0.0335
7827.0840 -0.0341
7828.8843 -0.0352
7830.6899 -0.0350
7832.4912 -0.0348
7834.2974 -0.0352
7836.0996 -0.0358
7837.9067 -0.0360
7839.7100 -0.0360
7841.5132 -0.0358
7843.3213 -0.0357
7845.1260 -0.0357
7846.9351 -0.0358
7848.7402 -0.0360
7850.5498 -0.0363
7852.3560 -0.0365
7854.1665 -0.0365
7855.9736 -0.0369
7857.7808 -0.0380
7859.5928 -0.0384
7861.4009 -0.0378
7863.2139 -0.0380
7865.0225 -0.0381
7866.8364 -0.0380
7868.6460 -0.0377
7870.4561 -0.0378
7872.2710 -0.0396
7874.0820 -0.0427
7875.8979 -0.0420
7877.7100 -0.0395
7879.5264 -0.0394
7881.3389 -0.0393
7883.1519 -0.0396
7884.9697 -0.0397
7886.7837 -0.0400
7888.6025 -0.0402
7890.4175 -0.0414
7892.2368 -0.0457
7894.0522 -0.0486
7895.8687 -0.0444
7897.6890 -0.0417
7899.5059 -0.0416
7901.3276 -0.0409
7903.1455 -0.0410
7904.9678 -0.0421
7906.7861 -0.0425
7908.6055 -0.0422
7910.4292 -0.0420
7912.2485 -0.0426
7914.0732 -0.0432
7915.8940 -0.0432
7917.7192 -0.0429
7919.5405 -0.0431
7921.3628 -0.0437
7923.1895 -0.0439
7925.0122 -0.0443
7926.8394 -0.0447
7928.6631 -0.0452
7930.4912 -0.0447
7932.3159 -0.0442
7934.1406 -0.0449
7935.9702 -0.0452
7937.7959 -0.0442
7939.6265 -0.0447
7941.4526 -0.0460
7943.2842 -0.0470
7945.1113 -0.0468
7946.9390 -0.0457
7948.7720 -0.0459
7950.6006 -0.0457
7952.4336 -0.0453
7954.2632 -0.0456
7956.0977 -0.0463
7957.9277 -0.0466
7959.7583 -0.0469
7961.5938 -0.0464
7963.4253 -0.0459
7965.2617 -0.0462
7967.0942 -0.0466
7968.9316 -0.0466
7970.7646 -0.0464
7972.5981 -0.0464
7974.4370 -0.0464
7976.2715 -0.0463
7978.1108 -0.0465
7979.9458 -0.0467
7981.7861 -0.0470
7983.6226 -0.0468
7985.4590 -0.0469
7987.3003 -0.0471
7989.1377 -0.0472
7990.9800 -0.0474
7992.8184 -0.0477
7994.6616 -0.0490
7996.5005 -0.0500
7998.3447 -0.0495
8000.1846 -0.0483
8002.0249 -0.0484
8003.8706 -0.0490
8005.7114 -0.0482
8007.5576 -0.0477
8009.3999 -0.0482
8011.2471 -0.0489
8013.0898 -0.0485
8014.9331 -0.0490
8016.7812 -0.0496
8018.6255 -0.0501
8020.4746 -0.0504
8022.3198 -0.0505
8024.1699 -0.0509
8026.0156 -0.0502
8027.8623 -0.0498
8029.7134 -0.0501
8031.5605 -0.0504
8033.4126 -0.0503
8035.2607 -0.0506
8037.1138 -0.0510
8038.9624 -0.0513
8040.8120 -0.0518
8042.6660 -0.0526
8044.5161 -0.0526
8046.3711 -0.0513
8048.2222 -0.0510
8050.0781 -0.0512
8051.9302 -0.0515
8053.7827 -0.0523
8055.6396 -0.0535
8057.4927 -0.0532
8059.3511 -0.0526
8061.2051 -0.0523
8063.0640 -0.0525
8064.9189 -0.0528
8066.7739 -0.0535
8068.6343 -0.0539
8070.4902 -0.0537
8072.3516 -0.0536
8074.2085 -0.0539
8076.0703 -0.0541
8077.9282 -0.0542
8079.7866 -0.0543
8081.6499 -0.0563
8083.5088 -0.0561
8085.3730 -0.0553
8087.2329 -0.0551
8089.0981 -0.0556
8090.9590 -0.0560
8092.8203 -0.0558
8094.6865 -0.0566
8096.5483 -0.0567
8098.4155 -0.0561
8100.2788 -0.0557
8102.1465 -0.0558
8104.0103 -0.0558
8105.8745 -0.0560
8107.7441 -0.0562
8109.6089 -0.0563
8111.4790 -0.0564
8113.3452 -0.0567
8115.2163 -0.0566
8117.0830 -0.0567
8118.9502 -0.0568
8120.8228 -0.0569
8122.6909 -0.0571
8124.5640 -0.0573
8126.4326 -0.0574
8128.3066 -0.0576
8130.1768 -0.0578
8132.0513 -0.0579
8133.9224 -0.0579
8135.7935 -0.0581
8137.6694 -0.0583
8139.5415 -0.0584
8141.4185 -0.0585
8143.2915 -0.0586
8145.1694 -0.0588
8147.0430 -0.0591
8148.9175 -0.0592
8150.7964 -0.0592
8152.6714 -0.0594
8154.5513 -0.0596
8156.4272 -0.0597
8158.3081 -0.0602
8160.1851 -0.0605
8162.0625 -0.0603
8163.9443 -0.0603
8165.8228 -0.0604
8167.7056 -0.0605
8169.5845 -0.0608
8171.4683 -0.0609
8173.3481 -0.0611
8175.2285 -0.0613
8177.1138 -0.0617
8178.9951 -0.0631
8180.8809 -0.0662
8182.7632 -0.0646
8184.6499 -0.0637
8186.5327 -0.0631
8188.4160 -0.0626
8190.3042 -0.0639
8192.1885 -0.0674
8194.0771 -0.0654
8195.9629 -0.0646
8197.8525 -0.0665
8199.7383 -0.0671
8201.6250 -0.0648
8203.5156 -0.0640
8205.4033 -0.0646
8207.2959 -0.0650
8209.1836 -0.0655
8211.0762 -0.0665
8212.9658 -0.0676
8214.8545 -0.0670
8216.7490 -0.0682
8218.6396 -0.0689
8220.5342 -0.0676
8222.4258 -0.0660
8224.3223 -0.0658
8226.2139 -0.0672
8228.1064 -0.0690
8230.0039 -0.0690
8231.8965 -0.0687
8233.7949 -0.0679
8235.6895 -0.0668
8237.5889 -0.0672
8239.4834 -0.0680
8241.3789 -0.0675
8243.2793 -0.0678
8245.1758 -0.0706
8247.0771 -0.0723
8248.9746 -0.0682
8250.8770 -0.0692
8252.7744 -0.0693
8254.6729 -0.0682
8256.5771 -0.0675
8258.4766 -0.0676
8260.3809 -0.0677
8262.2812 -0.0677
8264.1865 -0.0676
8266.0869 -0.0676
8267.9893 -0.0678
8269.8955 -0.0679
8271.7979 -0.0683
8273.7051 -0.0683
8275.6084 -0.0683
8277.5166 -0.0685
8279.4209 -0.0687
8281.3301 -0.0690
8283.2354 -0.0697
8285.1416 -0.0705
8287.0518 -0.0698
8288.9580 -0.0697
8290.8691 -0.0700
8292.7773 -0.0698
8294.6895 -0.0706
8296.5977 -0.0709
8298.5059 -0.0703
8300.4199 -0.0707
8302.3291 -0.0719
8304.2432 -0.0723
8306.1543 -0.0714
8308.0693 -0.0712
8309.9805 -0.0727
8311.8926 -0.0736
8313.8086 -0.0730
8315.7217 -0.0717
8317.6396 -0.0719
8319.5527 -0.0747
8321.4707 -0.0752
8323.3857 -0.0739
8325.2998 -0.0728
8327.2197 -0.0732
8329.1357 -0.0757
8331.0566 -0.0831
8332.9727 -0.0822
8334.8945 -0.0761
8336.8115 -0.0722
8338.7295 -0.0736
8340.6523 -0.0772
8342.5713 -0.0818
8344.4951 -0.0795
8346.4150 -0.0752
8348.3398 -0.0730
8350.2598 -0.0729
8352.1807 -0.0750
8354.1074 -0.0804
8356.0293 -0.0852
8357.9561 -0.0833
8359.8789 -0.0776
8361.8066 -0.0744
8363.7295 -0.0738
8365.6543 -0.0745
8367.5830 -0.0773
8369.5078 -0.0837
8371.4375 -0.0898
8373.3643 -0.0887
8375.2949 -0.0802
8377.2217 -0.0756
8379.1484 -0.0737
8381.0811 -0.0737
8383.0088 -0.0760
8384.9424 -0.0803
8386.8711 -0.0855
8388.8047 -0.0939
8390.7344 -0.0937
8392.6650 -0.0865
8394.6006 -0.0793
8396.5312 -0.0758
8398.4678 -0.0741
8400.3994 -0.0739
8402.3369 -0.0752
8404.2695 -0.0783
8406.2031 -0.0833
8408.1416 -0.0909
8410.0762 -0.1006
8412.0156 -0.0985
8413.9502 -0.0897
8415.8906 -0.0824
8417.8271 -0.0785
8419.7637 -0.0760
8421.7051 -0.0753
8423.6426 -0.0752
8425.5850 -0.0760
8427.5234 -0.0786
8429.4668 -0.0830
8431.4053 -0.0896
8433.3496 -0.1001
8435.2900 -0.1081
8437.2305 -0.1027
8439.1758 -0.0915
8441.1172 -0.0893
8443.0645 -0.0985
8445.0059 -0.0980
8446.9541 -0.0803
8448.8965 -0.0764
8450.8408 -0.0771
8452.7891 -0.0767
8454.7344 -0.0789
8456.6836 -0.0820
8458.6289 -0.0868
8460.5791 -0.0939
8462.5254 -0.1053
8464.4727 -0.1140
8466.4248 -0.1105
8468.3721 -0.0975
8470.3252 -0.0900
8472.2734 -0.0852
8474.2275 -0.0821
8476.1768 -0.0799
8478.1270 -0.0782
8480.0820 -0.0775
8482.0322 -0.0776
8483.9883 -0.0786
8485.9404 -0.0799
8487.8975 -0.0825
8489.8496 -0.0852
8491.8027 -0.0872
8493.7607 -0.1057
8495.7148 -0.1178
8497.6738 -0.1200
8499.6289 -0.1195
8501.5889 -0.1167
8503.5449 -0.1028
8505.5010 -0.0955
8507.4619 -0.0904
8509.4199 -0.0872
8511.3818 -0.0852
8513.3398 -0.0828
8515.3027 -0.0810
8517.2617 -0.0803
8519.2217 -0.0800
8521.1855 -0.0801
8523.1465 -0.0808
8525.1113 -0.0817
8527.0723 -0.0826
8529.0391 -0.0843
8531.0010 -0.0860
8532.9639 -0.0892
8534.9316 -0.0943
8536.8945 -0.1076
8538.8633 -0.1362
8540.8281 -0.1395
8542.7969 -0.1314
8544.7627 -0.1192
8546.7285 -0.1074
8548.6992 -0.0994
8550.6660 -0.0948
8552.6377 -0.0923
8554.6045 -0.0901
8556.5771 -0.0876
8558.5459 -0.0861
8560.5146 -0.0859
8562.4893 -0.0854
8564.4590 -0.0875
8566.4336 -0.0864
8568.4043 -0.0845
8570.3799 -0.0841
8572.3516 -0.0844
8574.3242 -0.0847
8576.3008 -0.0857
8578.2744 -0.0867
8580.2520 -0.0885
8582.2256 -0.0911
8584.2051 -0.0933
8586.1797 -0.0949
8588.1602 -0.0995
8590.1357 -0.1071
8592.1113 -0.1160
8594.0928 -0.1265
8596.0703 -0.1334
8598.0527 -0.1237
8600.0303 -0.1121
8602.0137 -0.1048
8603.9922 -0.1002
8605.9717 -0.0967
8607.9561 -0.0939
8609.9365 -0.0918
8611.9219 -0.0905
8613.9033 -0.0900
8615.8896 -0.0900
8617.8711 -0.0898
8619.8535 -0.0890
8621.8418 -0.0883
8623.8252 -0.0893
8625.8135 -0.0937
8627.7979 -0.0932
8629.7881 -0.0895
8631.7725 -0.0891
8633.7588 -0.0891
8635.7500 -0.0896
8637.7363 -0.0905
8639.7285 -0.0912
8641.7158 -0.0919
8643.7080 -0.0934
8645.6973 -0.0957
8647.6855 -0.0960
8649.6797 -0.0969
8651.6699 -0.1010
8653.6650 -0.1052
8655.6553 -0.1100
8657.6514 -0.1272
8659.6436 -0.1474
8661.6357 -0.1469
8663.6328 -0.1356
8665.6260 -0.1241
8667.6240 -0.1148
8669.6182 -0.1090
8671.6172 -0.1047
8673.6123 -0.1012
8675.6074 -0.1037
8677.6084 -0.1076
8679.6045 -0.1060
8681.6055 -0.1033
8683.6025 -0.1014
8685.6055 -0.0977
8687.6035 -0.0937
8689.6025 -0.0930
8691.6055 -0.0955
8693.6055 -0.0943
8695.6104 -0.0927
8697.6104 -0.0935
8699.6162 -0.0972
8701.6172 -0.0983
8703.6191 -0.0939
8705.6260 -0.0930
8707.6289 -0.0985
8709.6367 -0.0992
8711.6406 -0.0956
8713.6494 -0.0954
8715.6543 -0.1000
8717.6592 -0.0986
8719.6699 -0.0957
8721.6758 -0.0955
8723.6865 -0.0970
8725.6934 -0.0988
8727.7061 -0.0992
8729.7129 -0.0977
8731.7217 -0.1000
8733.7354 -0.1021
8735.7441 -0.1037
8737.7588 -0.1061
8739.7686 -0.1101
8741.7842 -0.1150
8743.7949 -0.1223
8745.8115 -0.1360
8747.8232 -0.1432
8749.8359 -0.1366
8751.8535 -0.1229
8753.8672 -0.1161
8755.8857 -0.1109
8757.9004 -0.1074
8759.9199 -0.1055
8761.9346 -0.1038
8763.9502 -0.1019
8765.9717 -0.1005
8767.9883 -0.0998
8770.0098 -0.0994
8772.0273 -0.0991
8774.0498 -0.0988
8776.0684 -0.0989
8778.0879 -0.0989
8780.1113 -0.0991
8782.1318 -0.0992
8784.1562 -0.0991
8786.1777 -0.0995
8788.2031 -0.1005
8790.2256 -0.1007
8792.2471 -0.1005
8794.2754 -0.1002
8796.2979 -0.1003
8798.3262 -0.1004
8800.3506 -0.1008
8802.3799 -0.1036
8804.4053 -0.1063
8806.4307 -0.1041
8808.4609 -0.1018
8810.4873 -0.1016
8812.5195 -0.1018
8814.5459 -0.1023
8816.5791 -0.1040
8818.6074 -0.1044
8820.6357 -0.1049
8822.6699 -0.1049
8824.6992 -0.1034
8826.7344 -0.1038
8828.7646 -0.1043
8830.8008 -0.1046
8832.8330 -0.1052
8834.8643 -0.1061
8836.9014 -0.1068
8838.9346 -0.1073
8840.9727 -0.1085
8843.0068 -0.1102
8845.0459 -0.1119
8847.0811 -0.1135
8849.1162 -0.1154
8851.1562 -0.1185
8853.1924 -0.1222
8855.2344 -0.1270
8857.2715 -0.1355
8859.3145 -0.1441
8861.3516 -0.1444
8863.3906 -0.1340
8865.4346 -0.1272
8867.4736 -0.1221
8869.5186 -0.1196
8871.5596 -0.1185
8873.6045 -0.1159
8875.6465 -0.1140
8877.6885 -0.1138
8879.7354 -0.1139
8881.7783 -0.1129
8883.8262 -0.1112
8885.8701 -0.1102
8887.9189 -0.1103
8889.9639 -0.1106
8892.0088 -0.1097
8894.0596 -0.1091
8896.1055 -0.1092
8898.1562 -0.1089
8900.2041 -0.1085
8902.2559 -0.1086
8904.3037 -0.1083
8906.3574 -0.1094
8908.4062 -0.1123
8910.4561 -0.1136
8912.5107 -0.1088
8914.5605 -0.1089
8916.6162 -0.1096
8918.6680 -0.1097
8920.7246 -0.1102
8922.7764 -0.1125
8924.8291 -0.1164
8926.8867 -0.1123
8928.9404 -0.1098
8931.0000 -0.1096
8933.0547 -0.1097
8935.1143 -0.1098
8937.1699 -0.1100
8939.2256 -0.1103
8941.2871 -0.1116
8943.3438 -0.1122
8945.4062 -0.1118
8947.4639 -0.1117
8949.5273 -0.1112
8951.5859 -0.1113
8953.6455 -0.1115
8955.7100 -0.1118
8957.7705 -0.1121
8959.8359 -0.1124
8961.8975 -0.1138
8963.9639 -0.1147
8966.0264 -0.1144
8968.0889 -0.1141
8970.1572 -0.1145
8972.2207 -0.1153
8974.2891 -0.1168
8976.3535 -0.1168
8978.4238 -0.1163
8980.4893 -0.1165
8982.5557 -0.1172
8984.6270 -0.1178
8986.6934 -0.1186
8988.7656 -0.1194
8990.8340 -0.1203
8992.9072 -0.1214
8994.9756 -0.1234
8997.0449 -0.1258
8999.1201 -0.1262
9001.1904 -0.1276
9003.2656 -0.1303
9005.3369 -0.1342
9007.4131 -0.1389
9009.4854 -0.1452
9011.5586 -0.1534
9013.6357 -0.1505
9015.7100 -0.1431
9017.7891 -0.1375
9019.8633 -0.1341
9021.9434 -0.1311
9024.0186 -0.1291
9026.0947 -0.1276
9028.1758 -0.1262
9030.2529 -0.1253
9032.3350 -0.1252
9034.4131 -0.1251
9036.4971 -0.1236
9038.5752 -0.1228
9040.6543 -0.1225
9042.7393 -0.1223
9044.8193 -0.1221
9046.9053 -0.1220
9048.9863 -0.1221
9051.0732 -0.1215
9053.1553 -0.1213
9055.2383 -0.1218
9057.3262 -0.1274
9059.4102 -0.1343
9061.4990 -0.1259
9063.5840 -0.1216
9065.6738 -0.1212
9067.7588 -0.1217
9069.8506 -0.1215
9071.9365 -0.1220
9074.0234 -0.1263
9076.1162 -0.1280
9078.2041 -0.1244
9080.2979 -0.1216
9082.3867 -0.1228
9084.4805 -0.1268
9086.5703 -0.1305
9088.6611 -0.1241
9090.7568 -0.1291
9092.8486 -0.1306
9094.9453 -0.1252
9097.0371 -0.1236
9099.1348 -0.1238
9101.2285 -0.1240
9103.3223 -0.1239
9105.4209 -0.1243
9107.5156 -0.1277
9109.6162 -0.1316
9111.7119 -0.1258
9113.8125 -0.1253
9115.9092 -0.1256
9118.0068 -0.1257
9120.1094 -0.1259
9122.2070 -0.1261
9124.3105 -0.1262
9126.4102 -0.1258
9128.5146 -0.1262
9130.6143 -0.1263
9132.7148 -0.1261
9134.8213 -0.1263
9136.9219 -0.1264
9139.0293 -0.1266
9141.1318 -0.1269
9143.2393 -0.1277
9145.3428 -0.1281
9147.4473 -0.1276
9149.5566 -0.1277
9151.6611 -0.1281
9153.7715 -0.1283
9155.8770 -0.1284
9157.9883 -0.1286
9160.0957 -0.1291
9162.2031 -0.1295
9164.3154 -0.1294
9166.4238 -0.1297
9168.5371 -0.1301
9170.6465 -0.1309
9172.7617 -0.1321
9174.8711 -0.1323
9176.9824 -0.1319
9179.0986 -0.1332
9181.2100 -0.1334
9183.3271 -0.1328
9185.4395 -0.1333
9187.5576 -0.1332
9189.6719 -0.1336
9191.7852 -0.1341
9193.9053 -0.1349
9196.0205 -0.1356
9198.1406 -0.1363
9200.2568 -0.1377
9202.3789 -0.1384
9204.4951 -0.1391
9206.6133 -0.1407
9208.7363 -0.1440
9210.8545 -0.1468
9212.9785 -0.1453
9215.0977 -0.1492
9217.2227 -0.1502
9219.3428 -0.1517
9221.4639 -0.1564
9223.5908 -0.1635
9225.7129 -0.1723
9227.8398 -0.1680
9229.9629 -0.1602
9232.0908 -0.1556
9234.2148 -0.1539
9236.3447 -0.1515
9238.4688 -0.1472
9240.5947 -0.1486
9242.7256 -0.1470
9244.8516 -0.1442
9246.9834 -0.1430
9249.1104 -0.1432
9251.2432 -0.1445
9253.3721 -0.1443
9255.5010 -0.1437
9257.6348 -0.1453
9259.7646 -0.1469
9261.8994 -0.1454
9264.0303 -0.1439
9266.1670 -0.1407
9268.2988 -0.1399
9270.4307 -0.1401
9272.5684 -0.1399
9274.7012 -0.1399
9276.8398 -0.1399
9278.9746 -0.1400
9281.1143 -0.1401
9283.2490 -0.1401
9285.3848 -0.1404
9287.5264 -0.1408
9289.6621 -0.1407
9291.8047 -0.1409
9293.9424 -0.1410
9296.0850 -0.1409
9298.2236 -0.1409
9300.3633 -0.1412
9302.5078 -0.1414
9304.6475 -0.1414
9306.7930 -0.1417
9308.9346 -0.1418
9311.0811 -0.1418
9313.2227 -0.1421
9315.3652 -0.1433
9317.5137 -0.1430
9319.6572 -0.1426
9321.8057 -0.1428
9323.9502 -0.1430
9326.1006 -0.1429
9328.2461 -0.1430
9330.3916 -0.1433
9332.5439 -0.1434
9334.6904 -0.1435
9336.8428 -0.1437
9338.9912 -0.1440
9341.1445 -0.1444
9343.2939 -0.1443
9345.4434 -0.1449
9347.5977 -0.1455
9349.7480 -0.1453
9351.9043 -0.1451
9354.0557 -0.1454
9356.2129 -0.1456
9358.3652 -0.1458
9360.5186 -0.1459
9362.6768 -0.1459
9364.8301 -0.1460
9366.9902 -0.1462
9369.1445 -0.1469
9371.3057 -0.1470
9373.4609 -0.1469
9375.6172 -0.1471
9377.7793 -0.1474
9379.9365 -0.1473
9382.0996 -0.1485
9384.2578 -0.1492
9386.4219 -0.1489
9388.5820 -0.1493
9390.7461 -0.1506
9392.9072 -0.1489
9395.0674 -0.1489
9397.2344 -0.1496
9399.3965 -0.1506
9401.5635 -0.1544
9403.7266 -0.1583
9405.8945 -0.1512
9408.0586 -0.1521
9410.2227 -0.1582
9412.3926 -0.1574
9414.5586 -0.1519
9416.7295 -0.1515
9418.8955 -0.1535
9421.0674 -0.1520
9423.2344 -0.1515
9425.4023 -0.1522
9427.5762 -0.1530
9429.7451 -0.1534
9431.9189 -0.1535
9434.0889 -0.1566
9436.2646 -0.1556
9438.4355 -0.1539
9440.6064 -0.1544
9442.7832 -0.1553
9444.9561 -0.1542
9447.1338 -0.1539
9449.3076 -0.1542
9451.4863 -0.1546
9453.6602 -0.1547
9455.8350 -0.1547
9458.0156 -0.1553
9460.1914 -0.1557
9462.3730 -0.1558
9464.5498 -0.1557
9466.7324 -0.1558
9468.9102 -0.1560
9471.0889 -0.1563
9473.2725 -0.1565
9475.4521 -0.1567
9477.6367 -0.1571
9479.8174 -0.1575
9482.0029 -0.1577
9484.1846 -0.1579
9486.3662 -0.1582
9488.5537 -0.1585
9490.7363 -0.1590
9492.9258 -0.1594
9495.1094 -0.1598
9497.2988 -0.1600
9499.4834 -0.1605
9501.6689 -0.1614
9503.8604 -0.1618
9506.0459 -0.1617
9508.2383 -0.1622
9510.4258 -0.1627
9512.6191 -0.1633
9514.8076 -0.1640
9516.9961 -0.1648
9519.1904 -0.1656
9521.3809 -0.1665
9523.5762 -0.1676
9525.7666 -0.1689
9527.9639 -0.1702
9530.1553 -0.1719
9532.3477 -0.1738
9534.5459 -0.1762
9536.7393 -0.1796
9538.9385 -0.1841
9541.1328 -0.1926
9543.3330 -0.1964
9545.5283 -0.1916
9547.7246 -0.1840
9549.9268 -0.1803
9552.1230 -0.1774
9554.3262 -0.1754
9556.5234 -0.1739
9558.7275 -0.1728
9560.9268 -0.1719
9563.1309 -0.1710
9565.3311 -0.1709
9567.5322 -0.1707
9569.7383 -0.1702
9571.9395 -0.1696
9574.1465 -0.1691
9576.3496 -0.1688
9578.5576 -0.1686
9580.7607 -0.1686
9582.9648 -0.1685
9585.1748 -0.1684
9587.3799 -0.1684
9589.5908 -0.1689
9591.7969 -0.1688
9594.0088 -0.1687
9596.2158 -0.1689
9598.4238 -0.1709
9600.6367 -0.1734
9602.8457 -0.1705
9605.0596 -0.1696
9607.2695 -0.1692
9609.4854 -0.1693
9611.6953 -0.1693
9613.9062 -0.1693
9616.1240 -0.1730
9618.3359 -0.1745
9620.5537 -0.1718
9622.7666 -0.1709
9624.9863 -0.1717
9627.2002 -0.1712
9629.4150 -0.1739
9631.6357 -0.1729
9633.8516 -0.1717
9636.0723 -0.1713
9638.2891 -0.1714
9640.5117 -0.1716
9642.7295 -0.1715
9644.9482 -0.1738
9647.1719 -0.1748
9649.3916 -0.1737
9651.6172 -0.1732
9653.8369 -0.1761
9656.0635 -0.1789
9658.2842 -0.1744
9660.5068 -0.1734
9662.7344 -0.1738
9664.9570 -0.1736
9667.1855 -0.1746
9669.4102 -0.1760
9671.6396 -0.1753
9673.8643 -0.1754
9676.0898 -0.1770
9678.3213 -0.1776
9680.5479 -0.1760
9682.7803 -0.1760
9685.0078 -0.1765
9687.2412 -0.1777
9689.4697 -0.1782
9691.6982 -0.1775
9693.9336 -0.1768
9696.1631 -0.1769
9698.3994 -0.1768
9700.6299 -0.1770
9702.8672 -0.1771
9705.0996 -0.1772
9707.3320 -0.1774
9709.5703 -0.1776
9711.8047 -0.1778
9714.0439 -0.1780
9716.2783 -0.1782
9718.5186 -0.1787
9720.7549 -0.1792
9722.9912 -0.1791
9725.2334 -0.1792
9727.4707 -0.1794
9729.7139 -0.1796
9731.9521 -0.1805
9734.1963 -0.1828
9736.4355 -0.1841
9738.6807 -0.1821
9740.9209 -0.1810
9743.1621 -0.1814
9745.4082 -0.1817
9747.6504 -0.1815
9749.8984 -0.1815
9752.1416 -0.1816
9754.3896 -0.1819
9756.6338 -0.1822
9758.8789 -0.1827
9761.1289 -0.1835
9763.3740 -0.1830
9765.6260 -0.1831
9767.8721 -0.1832
9770.1250 -0.1833
9772.3721 -0.1835
9774.6201 -0.1837
9776.8750 -0.1839
9779.1240 -0.1843
9781.3789 -0.1847
9783.6289 -0.1851
9785.8848 -0.1853
9788.1367 -0.1853
9790.3877 -0.1853
9792.6455 -0.1859
9794.8984 -0.1865
9797.1572 -0.1867
9799.4111 -0.1865
9801.6709 -0.1862
9803.9258 -0.1865
9806.1807 -0.1869
9808.4424 -0.1873
9810.6982 -0.1874
9812.9609 -0.1874
9815.2188 -0.1876
9817.4814 -0.1883
9819.7402 -0.1885
9821.9990 -0.1889
9824.2646 -0.1891
9826.5244 -0.1890
9828.7900 -0.1891
9831.0518 -0.1897
9833.3184 -0.1897
9835.5801 -0.1898
9837.8428 -0.1902
9840.1113 -0.1905
9842.3750 -0.1903
9844.6455 -0.1905
9846.9102 -0.1910
9849.1807 -0.1925
9851.4463 -0.1934
9853.7129 -0.1933
9855.9844 -0.1935
9858.2520 -0.1941
9860.5254 -0.1929
9862.7939 -0.1924
9865.0684 -0.1926
9867.3379 -0.1928
9869.6074 -0.1932
9871.8838 -0.1932
9874.1543 -0.1934
9876.4316 -0.1936
9878.7031 -0.1940
9880.9814 -0.1941
9883.2549 -0.1944
9885.5283 -0.1972
9887.8076 -0.1990
9890.0830 -0.1969
9892.3633 -0.1952
9894.6387 -0.1961
9896.9209 -0.1970
9899.1973 -0.1962
9901.4746 -0.1964
9903.7578 -0.1966
9906.0361 -0.1969
9908.3203 -0.1976
9910.5996 -0.1987
9912.8857 -0.1992
9915.1660 -0.1979
9917.4521 -0.1975
9919.7334 -0.1980
9922.0156 -0.1981
9924.3037 -0.1983
9926.5869 -0.2008
9928.8760 -0.2017
9931.1602 -0.2001
9933.4502 -0.1990
9935.7354 -0.2000
9938.0205 -0.2012
9940.3125 -0.2009
9942.5996 -0.2004
9944.8926 -0.2008
9947.1797 -0.2013
9949.4736 -0.2014
9951.7627 -0.2014
9954.0518 -0.2019
9956.3477 -0.2021
9958.6377 -0.2024
9960.9346 -0.2025
9963.2256 -0.2025
9965.5234 -0.2029
9967.8154 -0.2032
9970.1094 -0.2034
9972.4082 -0.2037
9974.7021 -0.2041
9977.0020 -0.2043
9979.2979 -0.2046
9981.5986 -0.2049
9983.8945 -0.2052
9986.1914 -0.2054
9988.4941 -0.2058
9990.7920 -0.2064
9993.0967 -0.2074
9995.3955 -0.2080
9997.7002 -0.2074
10000.0000 -0.2075
10002.3057 -0.2079
10004.6016 -0.2082
10006.9082 -0.2087
10009.2158 -0.2092
10011.5244 -0.2097
10013.8223 -0.2103
10016.1309 -0.2109
10018.4404 -0.2115
10020.7402 -0.2124
10023.0508 -0.2134
10025.3623 -0.2141
10027.6738 -0.2152
10029.9756 -0.2164
10032.2881 -0.2177
10034.6016 -0.2193
10036.9043 -0.2214
10039.2188 -0.2242
10041.5342 -0.2279
10043.8496 -0.2345
10046.1543 -0.2397
10048.4707 -0.2368
10050.7881 -0.2296
10053.0947 -0.2263
10055.4131 -0.2239
10057.7324 -0.2220
10060.0508 -0.2208
10062.3604 -0.2198
10064.6807 -0.2192
10067.0010 -0.2185
10069.3115 -0.2179
10071.6338 -0.2175
10073.9561 -0.2173
10076.2793 -0.2171
10078.5918 -0.2170
10080.9160 -0.2171
10083.2402 -0.2168
10085.5547 -0.2167
10087.8799 -0.2167
10090.2061 -0.2167
10092.5332 -0.2167
10094.8496 -0.2168
10097.1777 -0.2169
10099.5059 -0.2171
10101.8232 -0.2175
10104.1533 -0.2178
10106.4834 -0.2179
10108.8135 -0.2187
10111.1338 -0.2190
10113.4648 -0.2186
10115.7969 -0.2181
10118.1191 -0.2190
10120.4521 -0.2224
10122.7861 -0.2205
10125.1201 -0.2191
10127.4434 -0.2190
10129.7793 -0.2193
10132.1152 -0.2194
10134.4404 -0.2196
10136.7773 -0.2198
10139.1152 -0.2201
10141.4531 -0.2211
10143.7803 -0.2216
10146.1191 -0.2207
10148.4590 -0.2209
10150.7881 -0.2213
10153.1289 -0.2216
10155.4707 -0.2215
10157.8125 -0.2220
10160.1436 -0.2233
10162.4863 -0.2233
10164.8301 -0.2225
10167.1621 -0.2226
10169.5068 -0.2231
10171.8525 -0.2234
10174.1973 -0.2234
10176.5322 -0.2233
10178.8789 -0.2252
10181.2266 -0.2258
10183.5742 -0.2250
10185.9111 -0.2245
10188.2607 -0.2250
10190.6094 -0.2252
10192.9482 -0.2253
10195.2988 -0.2255
10197.6504 -0.2258
10200.0020 -0.2261
10202.3428 -0.2262
10204.6953 -0.2266
10207.0479 -0.2267
10209.3906 -0.2268
10211.7451 -0.2278
10214.0996 -0.2286
10216.4551 -0.2278
10218.7998 -0.2279
10221.1562 -0.2281
10223.5137 -0.2283
10225.8594 -0.2286
10228.2178 -0.2288
10230.5762 -0.2290
10232.9355 -0.2294
10235.2842 -0.2298
10237.6436 -0.2298
10240.0049 -0.2300
10242.3545 -0.2304
10244.7168 -0.2305
10247.0791 -0.2306
10249.4424 -0.2309
10251.7939 -0.2312
10254.1582 -0.2314
10256.5234 -0.2316
10258.8770 -0.2319
10261.2422 -0.2321
10263.6084 -0.2323
10265.9756 -0.2326
10268.3311 -0.2329
10270.6992 -0.2333
10273.0674 -0.2336
10275.4258 -0.2335
10277.7949 -0.2338
10280.1650 -0.2340
10282.5352 -0.2345
10284.8955 -0.2355
10287.2666 -0.2360
10289.6396 -0.2350
10292.0010 -0.2353
10294.3740 -0.2356
10296.7480 -0.2359
10299.1221 -0.2363
10301.4863 -0.2363
10303.8613 -0.2365
10306.2373 -0.2369
10308.6025 -0.2375
10310.9795 -0.2376
10313.3574 -0.2375
10315.7363 -0.2378
10318.1035 -0.2381
10320.4824 -0.2383
10322.8623 -0.2386
10325.2314 -0.2389
