3577.6682 2.0377
3578.4915 2.0349
3579.3167 2.0144
3580.1399 2.0036
3580.9636 2.0175
3581.7893 2.0376
3582.6133 2.0301
3583.4395 1.9939
3584.2639 1.9659
3585.0903 1.9651
3585.9150 1.9830
3586.7400 1.9989
3587.5671 1.9965
3588.3923 1.9823
3589.2200 1.9783
3590.0457 1.9888
3590.8735 2.0019
3591.6995 2.0106
3592.5259 2.0180
3593.3542 2.0282
3594.1809 2.0344
3595.0098 2.0392
3595.8367 2.0494
3596.6660 2.0633
3597.4934 2.0701
3598.3208 2.0617
3599.1506 2.0458
3599.9788 2.0301
3600.8088 2.0146
3601.6372 1.9991
3602.4678 1.9894
3603.2964 1.9949
3604.1252 2.0086
3604.9565 2.0227
3605.7859 2.0302
3606.6172 2.0253
3607.4470 2.0076
3608.2788 1.9900
3609.1089 1.9807
3609.9392 1.9760
3610.7717 1.9652
3611.6023 1.9445
3612.4351 1.9273
3613.2661 1.9409
3614.0994 1.9781
3614.9307 2.0109
3615.7625 2.0189
3616.5962 2.0018
3617.4282 1.9776
3618.2625 1.9669
3619.0947 1.9698
3619.9292 1.9776
3620.7620 1.9868
3621.5969 1.9936
3622.4302 1.9928
3623.2634 1.9860
3624.0989 1.9892
3624.9326 2.0024
3625.7686 2.0123
3626.6028 2.0096
3627.4390 1.9917
3628.2734 1.9571
3629.1082 1.9098
3629.9451 1.8761
3630.7800 1.8794
3631.6174 1.9154
3632.4529 1.9561
3633.2903 1.9801
3634.1262 1.9896
3634.9622 1.9904
3635.8005 1.9885
3636.6370 1.9868
3637.4756 1.9834
3638.3123 1.9708
3639.1514 1.9464
3639.9885 1.9167
3640.8259 1.8924
3641.6653 1.8820
3642.5032 1.8854
3643.3430 1.8918
3644.1812 1.8970
3645.0215 1.9027
3645.8601 1.9070
3646.6990 1.9090
3647.5398 1.9101
3648.3789 1.9102
3649.2202 1.9057
3650.0596 1.9017
3650.9014 1.9063
3651.7412 1.9198
3652.5813 1.9329
3653.4236 1.9363
3654.2642 1.9345
3655.1067 1.9322
3655.9475 1.9289
3656.7908 1.9200
3657.6318 1.9035
3658.4734 1.8882
3659.3169 1.8808
3660.1587 1.8780
3661.0029 1.8780
3661.8450 1.8812
3662.6895 1.8863
3663.5320 1.8883
3664.3748 1.8910
3665.2197 1.8957
3666.0630 1.8993
3666.9084 1.8996
3667.7520 1.8986
3668.5977 1.9029
3669.4417 1.9099
3670.2859 1.9160
3671.1321 1.9189
3671.9768 1.9180
3672.8235 1.9151
3673.6685 1.9119
3674.5156 1.8945
3675.3608 1.8673
3676.2063 1.8467
3677.0542 1.8425
3677.8999 1.8603
3678.7480 1.9111
3679.5945 1.9629
3680.4429 1.9694
3681.2896 1.9392
3682.1365 1.9149
3682.9856 1.9185
3683.8328 1.9023
3684.6824 1.8707
3685.5300 1.8774
3686.3799 1.9581
3687.2278 2.0788
3688.0781 2.1467
3688.9265 2.0992
3689.7751 2.0083
3690.6260 1.9816
3691.4751 2.0573
3692.3264 2.1807
3693.1758 2.2448
3694.0273 2.1924
3694.8772 2.0617
3695.7273 1.9566
3696.5793 1.9740
3697.4299 2.1204
3698.2825 2.3018
3699.1333 2.3941
3699.9863 2.3643
3700.8374 2.2289
3701.6887 2.0476
3702.5425 1.9073
3703.3943 1.8844
3704.2483 1.9812
3705.1003 2.1559
3705.9548 2.3396
3706.8074 2.4457
3707.6599 2.4192
3708.5149 2.2667
3709.3682 2.0628
3710.2234 1.8994
3711.0771 1.8612
3711.9329 1.9716
3712.7866 2.1758
3713.6409 2.3851
3714.4973 2.5712
3715.3518 2.7204
3716.2085 2.7774
3717.0635 2.7024
3717.9204 2.5034
3718.7759 2.2379
3719.6313 1.9903
3720.4890 1.8461
3721.3450 1.8651
3722.2031 2.0370
3723.0593 2.2936
3723.9180 2.5356
3724.7747 2.6856
3725.6316 2.7493
3726.4905 2.7980
3727.3479 2.8619
3728.2073 2.8920
3729.0649 2.8077
3729.9250 2.6047
3730.7830 2.3289
3731.6414 2.0431
3732.5017 1.8236
3733.3604 1.7343
3734.2214 1.7928
3735.0803 1.9451
3735.9417 2.1658
3736.8013 2.4409
3737.6609 2.7200
3738.5227 2.9318
3739.3828 3.0253
3740.2451 3.0273
3741.1055 2.9984
3741.9683 2.9603
3742.8291 2.8911
3743.6899 2.7611
3744.5532 2.5728
3745.4148 2.3772
3746.2786 2.1632
3747.1404 1.9309
3748.0044 1.7410
3748.8667 1.6736
3749.7290 1.7745
3750.5938 1.9974
3751.4565 2.2534
3752.3215 2.4828
3753.1848 2.6733
3754.0503 2.8262
3754.9138 2.9198
3755.7798 2.9020
3756.6438 2.8084
3757.5081 2.7239
3758.3745 2.6928
3759.2390 2.7033
3760.1060 2.7292
3760.9709 2.7912
3761.8381 2.8542
3762.7036 2.8710
3763.5693 2.8297
3764.4370 2.7267
3765.3032 2.5620
3766.1714 2.3633
3767.0378 2.1469
3767.9065 1.9254
3768.7732 1.7550
3769.6401 1.7123
3770.5095 1.8336
3771.3770 2.0400
3772.2466 2.2434
3773.1145 2.4189
3773.9844 2.5848
3774.8528 2.7605
3775.7209 2.9392
3776.5918 3.0824
3777.4604 3.1851
3778.3315 3.2677
3779.2009 3.3354
3780.0723 3.3701
3780.9419 3.3579
3781.8118 3.3343
3782.6838 3.3356
3783.5540 3.3293
3784.4265 3.2737
3785.2971 3.1845
3786.1699 3.1227
3787.0410 3.1063
3787.9121 3.1086
3788.7856 3.1037
3789.6572 3.0688
3790.5310 2.9843
3791.4031 2.8389
3792.2773 2.6412
3793.1499 2.4147
3794.0225 2.1791
3794.8972 1.9456
3795.7703 1.7454
3796.6455 1.6426
3797.5190 1.7030
3798.3948 1.8940
3799.2686 2.1423
3800.1426 2.3901
3801.0188 2.6112
3801.8933 2.7961
3802.7700 2.9273
3803.6448 3.0011
3804.5220 3.0391
3805.3972 3.0760
3806.2727 3.1393
3807.1504 3.2300
3808.0261 3.3099
3808.9043 3.3510
3809.7805 3.3318
3810.6589 3.2345
3811.5356 3.0802
3812.4126 2.9433
3813.2917 2.9131
3814.1689 2.9850
3815.0483 3.1081
3815.9260 3.2182
3816.8059 3.2689
3817.6841 3.2437
3818.5623 3.1673
3819.4429 3.1090
3820.3215 3.1104
3821.2024 3.1296
3822.0815 3.0916
3822.9629 2.9719
3823.8423 2.8706
3824.7241 2.8287
3825.6040 2.8107
3826.4841 2.7803
3827.3665 2.7267
3828.2468 2.6549
3829.1296 2.5538
3830.0105 2.3941
3830.8938 2.1817
3831.7751 1.9569
3832.6565 1.7556
3833.5403 1.6121
3834.4224 1.5857
3835.3064 1.6907
3836.1887 1.8699
3837.0735 2.0673
3837.9561 2.2515
3838.8391 2.4176
3839.7244 2.5791
3840.6077 2.7336
3841.4932 2.8541
3842.3770 2.9378
3843.2629 2.9988
3844.1472 3.0516
3845.0315 3.0962
3845.9182 3.1286
3846.8030 3.1344
3847.6899 3.1086
3848.5752 3.0882
3849.4626 3.1241
3850.3481 3.1923
3851.2339 3.2247
3852.1221 3.2174
3853.0083 3.1821
3853.8967 3.1276
3854.7832 3.0811
3855.6721 3.1036
3856.5591 3.1398
3857.4463 3.1383
3858.3359 3.1327
3859.2234 3.1585
3860.1135 3.1953
3861.0015 3.1836
3861.8918 3.1650
3862.7803 3.1622
3863.6687 3.1609
3864.5598 3.1630
3865.4487 3.1962
3866.3401 3.2658
3867.2297 3.3277
3868.1213 3.3525
3869.0112 3.3275
3869.9014 3.2521
3870.7937 3.1562
3871.6841 3.1234
3872.5769 3.1730
3873.4678 3.2396
3874.3611 3.2598
3875.2524 3.1992
3876.1438 3.0727
3877.0376 2.9687
3877.9297 2.9652
3878.8237 3.0062
3879.7161 2.9957
3880.6108 2.9052
3881.5037 2.7803
3882.3965 2.6515
3883.2917 2.4923
3884.1851 2.2942
3885.0808 2.0747
3885.9746 1.8591
3886.8706 1.6840
3887.7649 1.6150
3888.6592 1.6971
3889.5559 1.8895
3890.4507 2.1171
3891.3479 2.3264
3892.2429 2.4971
3893.1406 2.6245
3894.0361 2.7202
3894.9341 2.8081
3895.8301 2.8833
3896.7263 2.9166
3897.6250 2.8948
3898.5215 2.8790
3899.4207 2.9324
3900.3176 3.0213
3901.2170 3.0762
3902.1145 3.0820
3903.0122 3.0747
3903.9121 3.0595
3904.8103 3.0799
3905.7107 3.1656
3906.6094 3.2752
3907.5100 3.3558
3908.4089 3.3881
3909.3081 3.3902
3910.2097 3.3425
3911.1091 3.2277
3912.0110 3.0968
3912.9111 3.0382
3913.8132 3.0941
3914.7136 3.1644
3915.6143 3.2087
3916.5171 3.2323
3917.4182 3.2420
3918.3215 3.2486
3919.2229 3.2658
3920.1267 3.2925
3921.0286 3.3125
3921.9307 3.3336
3922.8350 3.3525
3923.7373 3.3493
3924.6421 3.3074
3925.5452 3.2465
3926.4502 3.1714
3927.3535 3.0731
3928.2571 2.9266
3929.1628 2.7019
3930.0667 2.3790
3930.9731 1.9901
3931.8774 1.7056
3932.7839 1.6971
3933.6887 1.9748
3934.5938 2.3904
3935.5010 2.7367
3936.4062 2.9445
3937.3142 3.0844
3938.2200 3.2090
3939.1279 3.3078
3940.0342 3.3573
3940.9407 3.3547
3941.8494 3.3190
3942.7561 3.2863
3943.6653 3.2957
3944.5725 3.3346
3945.4822 3.3597
3946.3899 3.3438
3947.2979 3.3249
3948.2080 3.3154
3949.1162 3.3082
3950.0269 3.3049
3950.9355 3.3237
3951.8467 3.3756
3952.7559 3.4154
3953.6650 3.3966
3954.5769 3.3335
3955.4866 3.2791
3956.3987 3.2687
3957.3088 3.2871
3958.2214 3.2714
3959.1321 3.1955
3960.0449 3.0932
3960.9561 3.0030
3961.8672 2.9168
3962.7808 2.7851
3963.6924 2.5784
3964.6064 2.2891
3965.5186 1.9417
3966.4329 1.6150
3967.3455 1.4082
3968.2581 1.3915
3969.1731 1.5383
3970.0862 1.7780
3971.0017 2.0346
3971.9153 2.2677
3972.8313 2.4804
3973.7451 2.6893
3974.6592 2.8703
3975.5759 3.0082
3976.4905 3.1169
3977.4075 3.2081
3978.3225 3.2734
3979.2397 3.2933
3980.1553 3.2786
3981.0708 3.2925
3981.9888 3.3559
3982.9050 3.4327
3983.8232 3.4799
3984.7397 3.4864
3985.6587 3.4888
3986.5757 3.5115
3987.4927 3.5431
3988.4121 3.5647
3989.3298 3.5795
3990.2498 3.6080
3991.1677 3.6469
3992.0879 3.6696
3993.0063 3.6633
3993.9250 3.6258
3994.8459 3.5645
3995.7649 3.5047
3996.6863 3.4948
3997.6057 3.5372
3998.5276 3.5874
3999.4475 3.5922
4000.3674 3.5486
4001.2900 3.5071
4002.2104 3.4980
4003.1333 3.4775
4004.0544 3.4667
4004.9775 3.5111
4005.8989 3.5994
4006.8206 3.6659
4007.7446 3.6887
4008.6665 3.6819
4009.5908 3.6405
4010.5132 3.5820
4011.4380 3.5493
4012.3608 3.5728
4013.2839 3.6099
4014.2095 3.6492
4015.1328 3.6877
4016.0588 3.7227
4016.9827 3.7480
4017.9089 3.7507
4018.8333 3.7216
4019.7578 3.6987
4020.6848 3.6764
4021.6096 3.6241
4022.5371 3.5516
4023.4624 3.5238
4024.3901 3.5857
4025.3162 3.6571
4026.2422 3.6675
4027.1704 3.6313
4028.0969 3.5925
4029.0259 3.5782
4029.9526 3.5849
4030.8821 3.6037
4031.8093 3.6264
4032.7390 3.6474
4033.6667 3.6654
4034.5947 3.6884
4035.5251 3.7330
4036.4534 3.7772
4037.3843 3.8031
4038.3130 3.8086
4039.2441 3.8059
4040.1736 3.8104
4041.1030 3.8140
4042.0347 3.7820
4042.9646 3.7058
4043.8970 3.6336
4044.8271 3.6257
4045.7600 3.6883
4046.6907 3.7238
4047.6216 3.7317
4048.5549 3.7369
4049.4863 3.7308
4050.4202 3.6952
4051.3521 3.6360
4052.2861 3.5998
4053.2185 3.6285
4054.1509 3.6931
4055.0857 3.7436
4056.0186 3.7717
4056.9539 3.8089
4057.8872 3.8552
4058.8230 3.8739
4059.7566 3.8439
4060.6907 3.7669
4061.6270 3.6840
4062.5613 3.6585
4063.4983 3.6992
4064.4331 3.7246
4065.3701 3.7170
4066.3054 3.7229
4067.2410 3.7540
4068.1787 3.7571
4069.1147 3.6970
4070.0530 3.6456
4070.9893 3.6579
4071.9280 3.7116
4072.8647 3.7413
4073.8018 3.6923
4074.7412 3.5873
4075.6787 3.5068
4076.6184 3.5294
4077.5562 3.6357
4078.4966 3.7450
4079.4348 3.7872
4080.3733 3.7874
4081.3142 3.7664
4082.2532 3.7361
4083.1943 3.7030
4084.1338 3.6757
4085.0757 3.6653
4086.0154 3.6720
4086.9553 3.6783
4087.8977 3.6717
4088.8381 3.6534
4089.7810 3.6253
4090.7219 3.5819
4091.6653 3.5147
4092.6064 3.4235
4093.5481 3.3043
4094.4919 3.1532
4095.4338 2.9712
4096.3784 2.7613
4097.3208 2.5200
4098.2656 2.2424
4099.2085 1.9702
4100.1514 1.8136
4101.0967 1.8624
4102.0400 2.1034
4102.9863 2.3925
4103.9302 2.6603
4104.8765 2.8825
4105.8208 3.0577
4106.7676 3.1860
4107.7124 3.2678
4108.6572 3.3241
4109.6045 3.3884
4110.5503 3.4646
4111.4980 3.5423
4112.4438 3.6165
4113.3921 3.6866
4114.3384 3.7355
4115.2852 3.7456
4116.2339 3.7186
4117.1807 3.6862
4118.1304 3.6803
4119.0776 3.6976
4120.0273 3.6827
4120.9751 3.6518
4121.9233 3.6501
4122.8740 3.6785
4123.8223 3.7028
4124.7734 3.6785
4125.7222 3.5868
4126.6733 3.4954
4127.6230 3.4798
4128.5723 3.5118
4129.5244 3.5350
4130.4746 3.5431
4131.4268 3.5982
4132.3774 3.6732
4133.3301 3.7339
4134.2812 3.7670
4135.2324 3.7740
4136.1855 3.7694
4137.1372 3.7806
4138.0913 3.8093
4139.0435 3.8303
4139.9976 3.8110
4140.9502 3.7393
4141.9028 3.6506
4142.8579 3.6282
4143.8110 3.6651
4144.7666 3.7111
4145.7202 3.7323
4146.6758 3.7203
4147.6299 3.6943
4148.5840 3.6943
4149.5405 3.7164
4150.4951 3.7356
4151.4526 3.7271
4152.4072 3.6933
4153.3647 3.6659
4154.3203 3.6668
4155.2764 3.6803
4156.2344 3.7008
4157.1904 3.7163
4158.1489 3.7017
4159.1055 3.6441
4160.0649 3.5934
4161.0220 3.5813
4161.9790 3.6009
4162.9390 3.6550
4163.8965 3.7190
4164.8564 3.7436
4165.8149 3.7359
4166.7754 3.7339
4167.7339 3.7189
4168.6929 3.6491
4169.6538 3.5149
4170.6133 3.3673
4171.5752 3.2976
4172.5347 3.3465
4173.4971 3.4565
4174.4570 3.5110
4175.4175 3.4482
4176.3799 3.3278
4177.3408 3.2996
4178.3042 3.3944
4179.2651 3.5129
4180.2290 3.5695
4181.1909 3.5587
4182.1548 3.5413
4183.1172 3.5529
4184.0796 3.5712
4185.0444 3.5568
4186.0068 3.5372
4186.9722 3.5530
4187.9355 3.5964
4188.9014 3.6027
4189.8647 3.6017
4190.8286 3.6276
4191.7949 3.6617
4192.7593 3.6671
4193.7261 3.6340
4194.6909 3.6041
4195.6582 3.5632
4196.6235 3.5100
4197.5889 3.4913
4198.5571 3.5117
4199.5229 3.5122
4200.4912 3.4765
4201.4575 3.4683
4202.4263 3.4756
4203.3931 3.4796
4204.3599 3.4912
4205.3296 3.5269
4206.2969 3.5448
4207.2671 3.5380
4208.2349 3.5328
4209.2051 3.5467
4210.1738 3.5762
4211.1421 3.5977
4212.1133 3.5805
4213.0820 3.5116
4214.0537 3.4491
4215.0229 3.4535
4215.9951 3.5120
4216.9648 3.5512
4217.9351 3.5598
4218.9077 3.5631
4219.8784 3.5595
4220.8516 3.5415
4221.8223 3.5018
4222.7959 3.4371
4223.7676 3.3595
4224.7393 3.3016
4225.7134 3.3149
4226.6855 3.4101
4227.6602 3.5290
4228.6328 3.5751
4229.6079 3.5202
4230.5806 3.3777
4231.5542 3.2543
4232.5298 3.2509
4233.5034 3.3457
4234.4800 3.4205
4235.4541 3.4640
4236.4307 3.4813
4237.4053 3.4827
4238.3799 3.4866
4239.3574 3.4825
4240.3325 3.4483
4241.3105 3.4351
4242.2861 3.4537
4243.2642 3.4451
4244.2407 3.3746
4245.2168 3.2999
4246.1958 3.3194
4247.1729 3.3805
4248.1519 3.3791
4249.1294 3.3470
4250.1094 3.3380
4251.0869 3.3563
4252.0649 3.3709
4253.0454 3.4019
4254.0239 3.4449
4255.0049 3.4508
4255.9834 3.4030
4256.9648 3.3409
4257.9443 3.3180
4258.9263 3.3074
4259.9058 3.3192
4260.8857 3.3689
4261.8687 3.4360
4262.8491 3.4887
4263.8320 3.5102
4264.8130 3.5072
4265.7964 3.4798
4266.7778 3.4344
4267.7593 3.3793
4268.7432 3.3111
4269.7256 3.2331
4270.7100 3.2031
4271.6924 3.2237
4272.6772 3.2513
4273.6606 3.2806
4274.6436 3.3199
4275.6294 3.3600
4276.6128 3.3806
4277.5991 3.4066
4278.5830 3.4249
4279.5698 3.4100
4280.5542 3.3633
4281.5391 3.3231
4282.5264 3.3226
4283.5117 3.3471
4284.4990 3.3537
4285.4849 3.3191
4286.4731 3.2475
4287.4590 3.1685
4288.4453 3.1326
4289.4346 3.1947
4290.4214 3.2774
4291.4106 3.2775
4292.3979 3.2050
4293.3877 3.1751
4294.3755 3.2024
4295.3633 3.2369
4296.3535 3.2350
4297.3423 3.1614
4298.3330 3.0564
4299.3218 3.0104
4300.3135 3.0004
4301.3027 3.0344
4302.2920 3.1286
4303.2842 3.2208
4304.2744 3.2449
4305.2666 3.2013
4306.2573 3.1635
4307.2500 3.1926
4308.2412 3.2653
4309.2319 3.3066
4310.2261 3.2501
4311.2173 3.0955
4312.2114 2.9548
4313.2036 2.9412
4314.1982 3.0506
4315.1904 3.1822
4316.1836 3.2558
4317.1787 3.2580
4318.1719 3.1961
4319.1675 3.1427
4320.1611 3.1706
4321.1572 3.2293
4322.1514 3.2145
4323.1460 3.0946
4324.1426 3.0250
4325.1377 3.0687
4326.1348 3.1435
4327.1299 3.1538
4328.1279 3.0841
4329.1235 3.0077
4330.1196 2.9810
4331.1182 2.9527
4332.1143 2.8848
4333.1133 2.7726
4334.1104 2.6114
4335.1099 2.3916
4336.1069 2.1397
4337.1069 1.8973
4338.1045 1.7036
4339.1025 1.6468
4340.1030 1.7714
4341.1016 2.0086
4342.1025 2.2252
4343.1016 2.4266
4344.1030 2.6185
4345.1025 2.7807
4346.1021 2.8982
4347.1040 2.9685
4348.1040 2.9721
4349.1069 2.9124
4350.1074 2.8812
4351.1104 2.9484
4352.1113 3.0815
4353.1128 3.1783
4354.1167 3.2359
4355.1182 3.2579
4356.1226 3.2546
4357.1245 3.2503
4358.1294 3.2594
4359.1318 3.2734
4360.1348 3.2820
4361.1401 3.3017
4362.1436 3.3297
4363.1494 3.3456
4364.1528 3.3234
4365.1592 3.2540
4366.1636 3.1801
4367.1680 3.1580
4368.1753 3.1884
4369.1802 3.2428
4370.1875 3.2804
4371.1929 3.2564
4372.2007 3.1532
4373.2065 3.0871
4374.2129 3.1423
4375.2212 3.2584
4376.2280 3.3374
4377.2368 3.3467
4378.2441 3.3406
4379.2534 3.3292
4380.2612 3.2741
4381.2686 3.1414
4382.2793 2.9805
4383.2871 2.9161
4384.2979 2.9872
4385.3066 3.1092
4386.3179 3.2150
4387.3267 3.2635
4388.3359 3.2544
4389.3481 3.2313
4390.3579 3.2363
4391.3701 3.1923
4392.3804 3.0736
4393.3936 2.9896
4394.4043 3.0336
4395.4150 3.1540
4396.4287 3.1744
4397.4399 3.1073
4398.4541 3.0576
4399.4658 3.1039
4400.4805 3.2091
4401.4927 3.2519
4402.5054 3.2306
4403.5205 3.2260
4404.5337 3.2499
4405.5493 3.2572
4406.5625 3.2284
4407.5786 3.1983
4408.5928 3.1884
4409.6069 3.1933
4410.6240 3.2064
4411.6387 3.1912
4412.6558 3.1194
4413.6709 3.0082
4414.6885 2.9224
4415.7041 2.9032
4416.7227 2.9871
4417.7388 3.1240
4418.7549 3.2153
4419.7739 3.2065
4420.7905 3.1926
4421.8101 3.2128
4422.8271 3.2386
4423.8472 3.2434
4424.8647 3.2280
4425.8828 3.2159
4426.9033 3.2213
4427.9219 3.2261
4428.9429 3.2178
4429.9619 3.2078
4430.9834 3.2038
4432.0024 3.1978
4433.0220 3.1956
4434.0444 3.2151
4435.0645 3.2516
4436.0874 3.2861
4437.1079 3.2999
4438.1309 3.2796
4439.1519 3.2160
4440.1733 3.1169
4441.1968 3.0116
4442.2188 2.9753
4443.2432 3.0519
4444.2651 3.1885
4445.2900 3.2596
4446.3125 3.2719
4447.3354 3.2393
4448.3613 3.1866
4449.3843 3.1655
4450.4106 3.2128
4451.4341 3.2465
4452.4609 3.2290
4453.4849 3.2056
4454.5098 3.2128
4455.5366 3.2406
4456.5615 3.2509
4457.5894 3.2471
4458.6147 3.2288
4459.6431 3.2080
4460.6689 3.2042
4461.6953 3.2076
4462.7241 3.1920
4463.7505 3.1942
4464.7798 3.1827
4465.8071 3.1129
4466.8369 3.0360
4467.8643 3.0283
4468.8921 3.0970
4469.9229 3.1487
4470.9512 3.1855
4471.9819 3.2236
4473.0107 3.2540
4474.0425 3.2676
4475.0718 3.2735
4476.1011 3.2782
4477.1333 3.2346
4478.1631 3.1049
4479.1958 2.9650
4480.2266 2.9479
4481.2593 3.1025
4482.2905 3.2304
4483.3213 3.2870
4484.3555 3.2888
4485.3872 3.2320
4486.4214 3.1364
4487.4536 3.0704
4488.4883 3.0763
4489.5210 3.1036
4490.5537 3.1443
4491.5889 3.1796
4492.6226 3.1999
4493.6582 3.2211
4494.6919 3.2497
4495.7285 3.2682
4496.7627 3.2659
4497.7998 3.2123
4498.8345 3.1203
4499.8696 3.0766
4500.9072 3.1464
4501.9424 3.2326
4502.9805 3.2765
4504.0166 3.2678
4505.0552 3.2093
4506.0913 3.1272
4507.1279 3.1236
4508.1675 3.1944
4509.2046 3.2552
4510.2446 3.2735
4511.2822 3.2503
4512.3223 3.1891
4513.3604 3.1194
4514.3984 3.1206
4515.4395 3.1595
4516.4785 3.1633
4517.5200 3.1148
4518.5591 3.0671
4519.6011 3.0393
4520.6406 3.0216
4521.6807 3.0516
4522.7236 3.1148
4523.7642 3.1665
4524.8071 3.1744
4525.8481 3.1393
4526.8916 3.0878
4527.9331 3.0813
4528.9746 3.1224
4530.0190 3.1413
4531.0610 3.0642
4532.1060 2.9743
4533.1489 3.0073
4534.1938 3.1222
4535.2373 3.2130
4536.2803 3.2299
4537.3267 3.2045
4538.3701 3.1534
4539.4170 3.1083
4540.4609 3.1061
4541.5083 3.1257
4542.5527 3.1362
4543.5981 3.1411
4544.6455 3.1565
4545.6909 3.1058
4546.7393 2.9554
4547.7852 2.8394
4548.8340 2.8839
4549.8804 3.0350
4550.9272 3.0744
4551.9766 3.0125
4553.0239 2.9212
4554.0737 2.8952
4555.1216 2.9480
4556.1719 2.9953
4557.2197 3.0257
4558.2686 3.0918
4559.3193 3.1430
4560.3682 3.1179
4561.4199 3.0287
4562.4692 2.9710
4563.5215 3.0098
4564.5713 3.0810
4565.6211 3.1290
4566.6743 3.1478
4567.7246 3.1368
4568.7778 3.0786
4569.8291 2.9921
4570.8828 2.9877
4571.9341 3.0516
4572.9888 3.0853
4574.0405 3.0544
4575.0928 3.0350
4576.1479 3.0554
4577.2007 3.0519
4578.2559 3.0256
4579.3091 2.9874
4580.3652 2.9139
4581.4189 2.8025
4582.4731 2.8157
4583.5298 2.9372
4584.5840 3.0203
4585.6411 3.0039
4586.6963 2.9410
4587.7539 2.9263
4588.8091 2.9456
4589.8647 2.9702
4590.9233 3.0021
4591.9795 3.0365
4593.0386 3.0571
4594.0952 3.0559
4595.1543 3.0631
4596.2114 3.0693
4597.2690 3.0666
4598.3291 3.0601
4599.3867 3.0589
4600.4473 3.0665
4601.5059 3.0760
4602.5669 3.0829
4603.6255 3.0893
4604.6846 3.0956
4605.7466 3.0987
4606.8062 3.0953
4607.8687 3.0909
4608.9287 3.0873
4609.9912 3.0859
4611.0518 3.0851
4612.1128 3.0777
4613.1763 3.0524
4614.2373 3.0066
4615.3013 2.9622
4616.3633 2.9234
4617.4277 2.9014
4618.4897 2.9172
4619.5522 2.9785
4620.6177 3.0395
4621.6807 3.0704
4622.7466 3.0689
4623.8096 3.0548
4624.8760 3.0355
4625.9399 2.9919
4627.0044 2.9215
4628.0713 2.9117
4629.1357 2.9670
4630.2031 3.0082
4631.2686 2.9813
4632.3364 2.9267
4633.4023 2.9234
4634.4678 2.9644
4635.5366 3.0086
4636.6030 3.0382
4637.6724 3.0546
4638.7393 3.0626
4639.8091 3.0655
4640.8765 3.0666
4641.9438 3.0642
4643.0142 3.0586
4644.0825 3.0501
4645.1533 3.0367
4646.2222 3.0236
4647.2935 3.0251
4648.3623 3.0411
4649.4316 3.0553
4650.5039 3.0570
4651.5737 3.0490
4652.6465 3.0264
4653.7168 2.9846
4654.7900 2.9440
4655.8608 2.9489
4656.9346 3.0013
4658.0059 3.0414
4659.0771 3.0438
4660.1519 3.0224
4661.2236 2.9937
4662.2983 2.9773
4663.3711 2.9656
4664.4463 2.9326
4665.5195 2.9171
4666.5928 2.9253
4667.6689 2.9234
4668.7427 2.9318
4669.8193 2.9737
4670.8936 3.0238
4671.9707 3.0469
4673.0454 3.0598
4674.1206 3.0650
4675.1982 3.0602
4676.2739 3.0494
4677.3521 3.0449
4678.4282 3.0533
4679.5073 3.0611
4680.5835 3.0660
4681.6602 3.0688
4682.7397 3.0692
4683.8174 3.0676
4684.8975 3.0695
4685.9751 3.0695
4687.0557 3.0673
4688.1338 3.0643
4689.2124 3.0621
4690.2935 3.0615
4691.3726 3.0612
4692.4546 3.0599
4693.5342 3.0586
4694.6162 3.0536
4695.6963 3.0427
4696.7764 3.0337
4697.8594 3.0385
4698.9404 3.0387
4700.0239 3.0182
4701.1050 2.9992
4702.1890 3.0090
4703.2710 3.0395
4704.3530 3.0435
4705.4375 3.0215
4706.5200 2.9991
4707.6055 3.0027
4708.6885 3.0298
4709.7744 3.0462
4710.8579 3.0408
4711.9414 3.0271
4713.0283 3.0187
4714.1123 3.0219
4715.1992 3.0320
4716.2842 3.0354
4717.3716 3.0292
4718.4570 3.0260
4719.5425 3.0288
4720.6309 3.0331
4721.7168 3.0349
4722.8057 3.0328
4723.8921 3.0216
4724.9814 3.0048
4726.0684 2.9934
4727.1553 2.9818
4728.2456 2.9565
4729.3335 2.9234
4730.4238 2.9359
4731.5122 2.9720
4732.6030 2.9925
4733.6919 2.9873
4734.7808 2.9725
4735.8726 2.9711
4736.9624 2.9802
4738.0547 2.9899
4739.1445 2.9967
4740.2373 2.9994
4741.3276 2.9990
4742.4214 2.9981
4743.5122 2.9951
4744.6035 2.9893
4745.6973 2.9817
4746.7891 2.9749
4747.8838 2.9701
4748.9761 2.9655
4750.0713 2.9577
4751.1641 2.9481
4752.2568 2.9358
4753.3525 2.9234
4754.4463 2.9187
4755.5425 2.9269
4756.6367 2.9324
4757.7334 2.9227
4758.8281 2.8917
4759.9229 2.8413
4761.0205 2.7896
4762.1157 2.7696
4763.2139 2.7954
4764.3096 2.8398
4765.4082 2.8715
4766.5044 2.8811
4767.6011 2.8730
4768.7002 2.8554
4769.7974 2.8410
4770.8975 2.8418
4771.9951 2.8505
4773.0952 2.8549
4774.1934 2.8528
4775.2915 2.8475
4776.3926 2.8214
4777.4917 2.7805
4778.5933 2.7677
4779.6924 2.7929
4780.7949 2.8320
4781.8945 2.8551
4782.9946 2.8669
4784.0977 2.8672
4785.1982 2.8659
4786.3018 2.8654
4787.4028 2.8629
4788.5068 2.8569
4789.6084 2.8515
4790.7100 2.8493
4791.8149 2.8541
4792.9170 2.8607
4794.0225 2.8591
4795.1255 2.8428
4796.2310 2.8171
4797.3345 2.8041
4798.4380 2.8094
4799.5444 2.8222
4800.6489 2.8222
4801.7559 2.7932
4802.8604 2.7510
4803.9678 2.7480
4805.0732 2.7834
4806.1782 2.8181
4807.2866 2.8251
4808.3926 2.8125
4809.5015 2.7888
4810.6079 2.7760
4811.7173 2.7865
4812.8242 2.8061
4813.9312 2.8170
4815.0415 2.8190
4816.1489 2.8217
4817.2598 2.8229
4818.3677 2.8182
4819.4790 2.8013
4820.5879 2.7595
4821.6968 2.6946
4822.8086 2.6789
4823.9180 2.7211
4825.0303 2.7678
4826.1401 2.7893
4827.2534 2.7900
4828.3638 2.7866
4829.4771 2.7803
4830.5884 2.7698
4831.6992 2.7590
4832.8135 2.7436
4833.9253 2.7260
4835.0400 2.7230
4836.1523 2.7373
4837.2676 2.7409
4838.3804 2.7360
4839.4937 2.7300
4840.6094 2.7249
4841.7231 2.7178
4842.8394 2.7074
4843.9536 2.6795
4845.0708 2.6207
4846.1851 2.5578
4847.3003 2.5317
4848.4180 2.5481
4849.5332 2.5399
4850.6514 2.4990
4851.7676 2.4231
4852.8862 2.3164
4854.0024 2.2018
4855.1191 2.1054
4856.2388 1.9869
4857.3560 1.8108
4858.4761 1.6101
4859.5938 1.5091
4860.7144 1.5872
4861.8325 1.7769
4862.9512 1.9518
4864.0723 2.1084
4865.1914 2.2412
4866.3135 2.3440
4867.4326 2.4092
4868.5552 2.4333
4869.6753 2.4453
4870.7954 2.4724
4871.9189 2.5038
4873.0396 2.5179
4874.1631 2.5164
4875.2847 2.5333
4876.4087 2.5864
4877.5308 2.6356
4878.6528 2.6593
4879.7778 2.6517
4880.9004 2.6197
4882.0259 2.5892
4883.1489 2.6025
4884.2749 2.6399
4885.3984 2.6680
4886.5225 2.6730
4887.6494 2.6509
4888.7734 2.6105
4889.9009 2.6065
4891.0259 2.6398
4892.1538 2.6758
4893.2793 2.7005
4894.4048 2.7141
4895.5337 2.7141
4896.6597 2.6952
4897.7891 2.6673
4898.9155 2.6598
4900.0454 2.6712
4901.1724 2.6844
4902.2998 2.6937
4903.4307 2.7096
4904.5586 2.7187
4905.6895 2.7182
4906.8179 2.7053
4907.9497 2.6760
4909.0786 2.6411
4910.2080 2.6481
4911.3403 2.6826
4912.4702 2.7115
4913.6030 2.7231
4914.7334 2.7167
4915.8667 2.6883
4916.9976 2.6446
4918.1313 2.6124
4919.2627 2.6088
4920.3945 2.5811
4921.5288 2.5154
4922.6611 2.5076
4923.7964 2.6096
4924.9292 2.6906
4926.0649 2.7218
4927.1978 2.7267
4928.3315 2.7230
4929.4678 2.7050
4930.6021 2.6741
4931.7388 2.6458
4932.8735 2.6519
4934.0107 2.6835
4935.1460 2.7041
4936.2812 2.6926
4937.4194 2.6879
4938.5557 2.7005
4939.6943 2.7157
4940.8306 2.7232
4941.9702 2.7227
4943.1069 2.7185
4944.2441 2.7108
4945.3843 2.7072
4946.5220 2.7072
4947.6626 2.7056
4948.8008 2.6998
4949.9419 2.6931
4951.0806 2.6899
4952.2197 2.6906
4953.3618 2.6811
4954.5010 2.6404
4955.6436 2.5983
4956.7837 2.6294
4957.9268 2.6855
4959.0674 2.7095
4960.2080 2.7097
4961.3521 2.7037
4962.4932 2.6964
4963.6377 2.6838
4964.7793 2.6719
4965.9243 2.6669
4967.0669 2.6723
4968.2095 2.6833
4969.3550 2.6915
4970.4980 2.6931
4971.6445 2.6943
4972.7881 2.6975
4973.9351 2.6975
4975.0791 2.6921
4976.2236 2.6840
4977.3711 2.6763
4978.5161 2.6625
4979.6641 2.6354
4980.8096 2.6073
4981.9585 2.6008
4983.1045 2.6240
4984.2510 2.6568
4985.4004 2.6773
4986.5469 2.6795
4987.6968 2.6696
4988.8442 2.6573
4989.9946 2.6432
4991.1426 2.6249
4992.2910 2.6323
4993.4419 2.6580
4994.5908 2.6735
4995.7427 2.6743
4996.8921 2.6623
4998.0439 2.6284
4999.1938 2.5858
5000.3438 2.5808
5001.4971 2.6019
5002.6475 2.6048
5003.8013 2.5837
5004.9521 2.5907
5006.1064 2.6209
5007.2583 2.6359
5008.4126 2.6328
5009.5649 2.6209
5010.7173 2.6046
5011.8730 2.5884
5013.0259 2.5952
5014.1816 2.5827
5015.3354 2.4897
5016.4917 2.3913
5017.6460 2.3998
5018.8003 2.5124
5019.9575 2.5763
5021.1123 2.6052
5022.2700 2.6236
5023.4258 2.6347
5024.5840 2.6346
5025.7397 2.6278
5026.8960 2.6208
5028.0552 2.5949
5029.2119 2.5752
5030.3716 2.5887
5031.5288 2.6187
5032.6890 2.6137
5033.8472 2.5996
5035.0049 2.6000
5036.1660 2.6052
5037.3247 2.5907
5038.4863 2.5563
5039.6455 2.5439
5040.8076 2.5850
5041.9668 2.6252
5043.1270 2.6418
5044.2900 2.6406
5045.4502 2.6319
5046.6138 2.6188
5047.7749 2.6069
5048.9390 2.5923
5050.1001 2.5837
5051.2622 2.5901
5052.4268 2.5928
5053.5894 2.5619
5054.7544 2.5621
5055.9175 2.5980
5057.0830 2.6254
5058.2466 2.6293
5059.4102 2.6234
5060.5771 2.6226
5061.7412 2.6180
5062.9082 2.6066
5064.0732 2.6013
5065.2407 2.5978
5066.4062 2.5897
5067.5718 2.5850
5068.7402 2.5825
5069.9062 2.5674
5071.0752 2.5628
5072.2417 2.5713
5073.4116 2.5833
5074.5786 2.5962
5075.7461 2.6006
5076.9165 2.5885
5078.0845 2.5799
5079.2554 2.5856
5080.4238 2.5977
5081.5957 2.6015
5082.7646 2.6016
5083.9336 2.5917
5085.1060 2.5769
5086.2759 2.5755
5087.4487 2.5898
5088.6191 2.5952
5089.7925 2.5974
5090.9634 2.5982
5092.1348 2.5999
5093.3091 2.5949
5094.4805 2.5772
5095.6553 2.5556
5096.8276 2.5445
5098.0029 2.5286
5099.1758 2.5310
5100.3516 2.5582
5101.5249 2.5886
5102.6987 2.5947
5103.8750 2.5910
5105.0493 2.5826
5106.2266 2.5781
5107.4014 2.5788
5108.5791 2.5799
5109.7544 2.5791
5110.9297 2.5822
5112.1084 2.5866
5113.2842 2.5870
5114.4634 2.5868
5115.6401 2.5875
5116.8198 2.5799
5117.9966 2.5648
5119.1743 2.5580
5120.3545 2.5557
5121.5327 2.5525
5122.7134 2.5496
5123.8921 2.5483
5125.0737 2.5309
5126.2524 2.4973
5127.4321 2.4891
5128.6143 2.5115
5129.7939 2.5303
5130.9771 2.5194
5132.1572 2.5320
5133.3408 2.5457
5134.5220 2.5396
5135.7031 2.5205
5136.8872 2.5084
5138.0688 2.5147
5139.2539 2.5322
5140.4360 2.5351
5141.6216 2.5333
5142.8042 2.5246
5143.9873 2.5103
5145.1738 2.5116
5146.3574 2.5218
5147.5439 2.5225
5148.7280 2.5197
5149.9155 2.5023
5151.1001 2.4634
5152.2852 2.4373
5153.4731 2.4803
5154.6587 2.5252
5155.8477 2.5425
5157.0337 2.5371
5158.2227 2.5207
5159.4097 2.5029
5160.5962 2.5106
5161.7861 2.5259
5162.9736 2.5124
5164.1646 2.4404
5165.3525 2.3196
5166.5435 2.2271
5167.7319 2.2705
5168.9209 2.3564
5170.1128 2.3830
5171.3022 2.4069
5172.4946 2.4833
5173.6846 2.5310
5174.8779 2.5333
5176.0684 2.5295
5177.2588 2.5281
5178.4526 2.5264
5179.6440 2.5016
5180.8384 2.4295
5182.0303 2.3868
5183.2251 2.4034
5184.4175 2.4294
5185.6104 2.4270
5186.8062 2.4136
5187.9995 2.4348
5189.1958 2.4436
5190.3896 2.4505
5191.5864 2.4692
5192.7808 2.4746
5193.9780 2.4409
5195.1729 2.3939
5196.3682 2.4044
5197.5664 2.4536
5198.7622 2.4838
5199.9609 2.4860
5201.1572 2.4739
5202.3564 2.4485
5203.5532 2.4308
5204.7505 2.4367
5205.9507 2.4449
5207.1484 2.4504
5208.3491 2.4558
5209.5474 2.4574
5210.7485 2.4742
5211.9473 2.4771
5213.1460 2.4580
5214.3481 2.4438
5215.5479 2.4569
5216.7505 2.4820
5217.9507 2.4964
5219.1538 2.5030
5220.3545 2.4996
5221.5557 2.4870
5222.7598 2.4444
5223.9609 2.3486
5225.1655 2.3010
5226.3677 2.3608
5227.5728 2.4339
5228.7754 2.4527
5229.9785 2.4127
5231.1846 2.3499
5232.3877 2.3161
5233.5942 2.3343
5234.7983 2.3619
5236.0054 2.3846
5237.2100 2.4103
5238.4150 2.4354
5239.6230 2.4494
5240.8281 2.4425
5242.0366 2.4381
5243.2427 2.4406
5244.4517 2.4387
5245.6582 2.4301
5246.8652 2.4300
5248.0747 2.4299
5249.2822 2.4342
5250.4927 2.4357
5251.7007 2.4220
5252.9116 2.3984
5254.1201 2.4028
5255.3286 2.4198
5256.5405 2.4333
5257.7500 2.4282
5258.9624 2.4037
5260.1724 2.3770
5261.3853 2.3451
5262.5957 2.3162
5263.8062 2.3249
5265.0200 2.3512
5266.2310 2.3481
5267.4458 2.3140
5268.6572 2.3300
5269.8721 2.3630
5271.0845 2.3670
5272.2974 2.3162
5273.5132 2.2564
5274.7261 2.2884
5275.9424 2.3536
5277.1562 2.3668
5278.3730 2.3664
5279.5874 2.3693
5280.8047 2.3537
5282.0195 2.3217
5283.2349 2.3562
5284.4531 2.4072
5285.6689 2.4325
5286.8877 2.4349
5288.1040 2.4314
5289.3232 2.4248
5290.5400 2.4204
5291.7573 2.4175
5292.9775 2.4164
5294.1953 2.4133
5295.4160 2.4058
5296.6343 2.3992
5297.8555 2.4015
5299.0742 2.3983
5300.2935 2.3856
5301.5156 2.3732
5302.7354 2.3650
5303.9580 2.3508
5305.1782 2.3460
5306.4014 2.3536
5307.6221 2.3676
5308.8433 2.3768
5310.0674 2.3711
5311.2891 2.3489
5312.5137 2.3177
5313.7358 2.2453
5314.9614 2.2184
5316.1841 2.2795
5317.4072 2.3712
5318.6333 2.3940
5319.8569 2.3939
5321.0835 2.3648
5322.3076 2.3236
5323.5347 2.3036
5324.7598 2.3045
5325.9844 2.2866
5327.2129 2.2954
5328.4380 2.3321
5329.6670 2.3645
5330.8931 2.3676
5332.1221 2.3405
5333.3491 2.3045
5334.5757 2.2721
5335.8062 2.2645
5337.0337 2.2810
5338.2642 2.3103
5339.4922 2.3417
5340.7236 2.3668
5341.9521 2.3689
5343.1812 2.3532
5344.4131 2.3435
5345.6426 2.3479
5346.8755 2.3553
5348.1055 2.3541
5349.3389 2.3620
5350.5693 2.3645
5351.8003 2.3633
5353.0342 2.3634
5354.2656 2.3645
5355.5005 2.3631
5356.7324 2.3609
5357.9678 2.3517
5359.2002 2.3134
5360.4331 2.2633
5361.6694 2.2483
5362.9028 2.2897
5364.1392 2.3130
5365.3735 2.3172
5366.6108 2.3079
5367.8452 2.2890
5369.0801 2.2782
5370.3184 2.3027
5371.5537 2.3323
5372.7925 2.3433
5374.0283 2.3441
5375.2676 2.3435
5376.5039 2.3340
5377.7441 2.3019
5378.9810 2.2783
5380.2183 2.2806
5381.4590 2.2960
5382.6973 2.3150
5383.9385 2.3294
5385.1768 2.3285
5386.4189 2.3272
5387.6577 2.3240
5388.8975 2.3200
5390.1401 2.3148
5391.3799 2.3093
5392.6230 2.3042
5393.8638 2.2829
5395.1074 2.2712
5396.3486 2.2853
5397.5903 2.3000
5398.8350 2.2915
5400.0767 2.2762
5401.3223 2.2581
5402.5645 2.2447
5403.8105 2.2465
5405.0537 2.2582
5406.2969 2.2668
5407.5439 2.2674
5408.7876 2.2682
5410.0352 2.2704
5411.2798 2.2511
5412.5273 2.2322
5413.7725 2.2442
5415.0181 2.2664
5416.2666 2.2558
5417.5127 2.2454
5418.7617 2.2484
5420.0083 2.2528
5421.2583 2.2381
5422.5054 2.2063
5423.7529 2.2199
5425.0034 2.2480
5426.2515 2.2473
5427.5029 2.2351
5428.7515 2.2392
5430.0034 2.2397
5431.2524 2.2255
5432.5020 2.2284
5433.7549 2.2436
5435.0049 2.2609
5436.2578 2.2728
5437.5088 2.2742
5438.7627 2.2735
5440.0137 2.2706
5441.2651 2.2613
5442.5200 2.2438
5443.7720 2.2258
5445.0273 2.2242
5446.2798 2.2438
5447.5356 2.2597
5448.7891 2.2637
5450.0425 2.2615
5451.2993 2.2519
5452.5532 2.2258
5453.8105 2.2175
5455.0654 2.2390
5456.3232 2.2576
5457.5786 2.2606
5458.8340 2.2538
5460.0928 2.2404
5461.3486 2.2321
5462.6084 2.2320
5463.8647 2.2290
5465.1250 2.2294
5466.3823 2.2407
5467.6396 2.2497
5468.9004 2.2492
5470.1587 2.2415
5471.4199 2.2366
5472.6787 2.2282
5473.9404 2.2058
5475.1997 2.1783
5476.4624 2.1783
5477.7222 2.1951
5478.9824 2.2119
5480.2461 2.2229
5481.5068 2.2293
5482.7705 2.2302
5484.0322 2.2204
5485.2964 2.2088
5486.5586 2.2067
5487.8208 2.2100
5489.0859 2.2106
5490.3491 2.2123
5491.6147 2.2170
5492.8784 2.2243
5494.1450 2.2222
5495.4087 2.2162
5496.6729 2.2174
5497.9404 2.2170
5499.2056 2.1935
5500.4736 2.1783
5501.7388 2.1874
5503.0073 2.1979
5504.2734 2.1890
5505.5396 2.1786
5506.8096 2.1742
5508.0762 2.1763
5509.3462 2.1874
5510.6138 2.2039
5511.8843 2.2174
5513.1523 2.2224
5514.4209 2.2233
5515.6924 2.2215
5516.9614 2.2168
5518.2334 2.2119
5519.5029 2.2098
5520.7759 2.2073
5522.0459 2.1895
5523.3159 2.1534
5524.5898 2.1184
5525.8608 2.1111
5527.1348 2.1392
5528.4062 2.1748
5529.6812 2.1879
5530.9536 2.1667
5532.2256 2.1299
5533.5015 2.1259
5534.7744 2.1667
5536.0508 2.1897
5537.3242 2.1950
5538.6011 2.1920
5539.8755 2.1842
5541.1499 2.1725
5542.4277 2.1636
5543.7026 2.1685
5544.9810 2.1785
5546.2568 2.1839
5547.5356 2.1855
5548.8115 2.1857
5550.0884 2.1854
5551.3682 2.1845
5552.6450 2.1809
5553.9258 2.1801
5555.2031 2.1799
5556.4844 2.1791
5557.7627 2.1789
5559.0410 2.1798
5560.3232 2.1776
5561.6021 2.1739
5562.8848 2.1701
5564.1646 2.1675
5565.4473 2.1643
5566.7280 2.1566
5568.0083 2.1538
5569.2925 2.1517
5570.5737 2.1487
5571.8579 2.1518
5573.1401 2.1599
5574.4253 2.1578
5575.7075 2.1580
5576.9932 2.1614
5578.2764 2.1637
5579.5596 2.1637
5580.8462 2.1635
5582.1299 2.1612
5583.4170 2.1418
5584.7017 2.1178
5585.9893 2.1128
5587.2744 2.1262
5588.5601 2.1409
5589.8486 2.1462
5591.1348 2.1428
5592.4238 2.1381
5593.7104 2.1408
5595.0005 2.1411
5596.2876 2.1338
5597.5747 2.1366
5598.8657 2.1367
5600.1538 2.1328
5601.4448 2.1357
5602.7334 2.1427
5604.0254 2.1453
5605.3149 2.1452
5606.6045 2.1441
5607.8970 2.1424
5609.1870 2.1424
5610.4805 2.1414
5611.7715 2.1305
5613.0654 2.1077
5614.3569 2.1088
5615.6484 2.1258
5616.9434 2.1356
5618.2354 2.1355
5619.5308 2.1335
5620.8237 2.1277
5622.1201 2.1175
5623.4131 2.1144
5624.7070 2.1153
5626.0039 2.1192
5627.2983 2.1263
5628.5957 2.1306
5629.8906 2.1299
5631.1890 2.1250
5632.4844 2.1219
5633.7803 2.1209
5635.0791 2.1190
5636.3755 2.1149
5637.6753 2.1057
5638.9722 2.0989
5640.2725 2.1020
5641.5703 2.1073
5642.8682 2.1074
5644.1694 2.1112
5645.4678 2.1139
5646.7695 2.1127
5648.0684 2.1109
5649.3711 2.1105
5650.6704 2.1097
5651.9707 2.1050
5653.2739 2.0937
5654.5742 2.0617
5655.8784 2.0356
5657.1797 2.0480
5658.4839 2.0841
5659.7856 2.0792
5661.0879 2.0758
5662.3931 2.0854
5663.6958 2.0880
5665.0020 2.0769
5666.3052 2.0661
5667.6118 2.0729
5668.9155 2.0862
5670.2197 2.0920
5671.5273 2.0901
5672.8320 2.0865
5674.1401 2.0857
5675.4453 2.0863
5676.7539 2.0855
5678.0601 2.0850
5679.3696 2.0782
5680.6758 2.0643
5681.9829 2.0549
5683.2930 2.0634
5684.6006 2.0666
5685.9111 2.0641
5687.2192 2.0677
5688.5308 2.0756
5689.8394 2.0789
5691.1484 2.0787
5692.4609 2.0792
5693.7705 2.0791
5695.0835 2.0772
5696.3936 2.0738
5697.7070 2.0700
5699.0176 2.0670
5700.3286 2.0658
5701.6431 2.0610
5702.9551 2.0518
5704.2700 2.0457
5705.5825 2.0469
5706.8979 2.0477
5708.2109 2.0490
5709.5239 2.0538
5710.8408 2.0597
5712.1543 2.0626
5713.4717 2.0615
5714.7861 2.0595
5716.1040 2.0560
5717.4189 2.0549
5718.7339 2.0562
5720.0527 2.0574
5721.3687 2.0570
5722.6880 2.0550
5724.0044 2.0520
5725.3242 2.0518
5726.6416 2.0524
5727.9590 2.0513
5729.2798 2.0486
5730.5977 2.0472
5731.9194 2.0502
5733.2378 2.0516
5734.5601 2.0483
5735.8794 2.0448
5737.1987 2.0445
5738.5215 2.0428
5739.8418 2.0406
5741.1655 2.0396
5742.4863 2.0379
5743.8105 2.0323
5745.1318 2.0260
5746.4536 2.0291
5747.7783 2.0356
5749.1006 2.0352
5750.4268 2.0302
5751.7495 2.0278
5753.0757 2.0311
5754.3994 2.0344
5755.7231 2.0345
5757.0503 2.0337
5758.3745 2.0308
5759.7026 2.0251
5761.0273 2.0208
5762.3560 2.0241
5763.6816 2.0259
5765.0078 2.0262
5766.3369 2.0245
5767.6636 2.0207
5768.9937 2.0157
5770.3208 2.0111
5771.6514 2.0101
5772.9790 2.0075
5774.3071 2.0048
5775.6387 1.9949
5776.9673 1.9681
5778.2993 1.9362
5779.6289 1.9449
5780.9614 1.9712
5782.2915 1.9896
5783.6250 1.9976
5784.9556 2.0027
5786.2861 2.0044
5787.6206 2.0044
5788.9521 2.0032
5790.2871 1.9996
5791.6191 1.9953
5792.9546 1.9904
5794.2871 1.9823
5795.6201 1.9823
5796.9565 1.9930
5798.2900 2.0019
5799.6274 2.0044
5800.9614 2.0036
5802.2993 2.0007
5803.6338 1.9978
5804.9692 1.9974
5806.3076 1.9972
5807.6436 1.9962
5808.9824 1.9939
5810.3188 1.9885
5811.6587 1.9880
5812.9956 1.9917
5814.3330 1.9946
5815.6738 1.9962
5817.0117 1.9974
5818.3530 1.9954
5819.6914 1.9928
5821.0337 1.9907
5822.3726 1.9907
5823.7119 1.9924
5825.0552 1.9937
5826.3950 1.9926
5827.7388 1.9920
5829.0791 1.9922
5830.4233 1.9919
5831.7646 1.9887
5833.1064 1.9841
5834.4517 1.9858
5835.7935 1.9880
5837.1396 1.9867
5838.4824 1.9828
5839.8286 1.9783
5841.1719 1.9746
5842.5156 1.9724
5843.8633 1.9718
5845.2075 1.9716
5846.5552 1.9686
5847.9004 1.9648
5849.2490 1.9628
5850.5942 1.9593
5851.9404 1.9571
5853.2896 1.9561
5854.6362 1.9516
5855.9863 1.9496
5857.3335 1.9555
5858.6841 1.9579
5860.0322 1.9565
5861.3799 1.9572
5862.7319 1.9587
5864.0806 1.9587
5865.4326 1.9566
5866.7822 1.9536
5868.1348 1.9517
5869.4849 1.9511
5870.8350 1.9507
5872.1890 1.9482
5873.5400 1.9447
5874.8940 1.9459
5876.2456 1.9458
5877.6006 1.9451
5878.9531 1.9425
5880.3052 1.9380
5881.6611 1.9331
5883.0146 1.9290
5884.3711 1.9213
5885.7246 1.8658
5887.0820 1.7482
5888.4365 1.7101
5889.7939 1.8292
5891.1489 1.8877
5892.5044 1.8052
5893.8633 1.7283
5895.2192 1.7820
5896.5786 1.8828
5897.9351 1.9059
5899.2949 1.9074
5900.6523 1.9090
5902.0098 1.9116
5903.3706 1.9126
5904.7285 1.9118
5906.0903 1.9106
5907.4487 1.9098
5908.8110 1.9090
5910.1704 1.9037
5911.5303 1.8960
5912.8931 1.8935
5914.2534 1.8969
5915.6172 1.8938
5916.9780 1.8920
5918.3428 1.8951
5919.7041 1.8934
5921.0659 1.8876
5922.4312 1.8864
5923.7939 1.8904
5925.1597 1.8878
5926.5229 1.8807
5927.8896 1.8768
5929.2534 1.8792
5930.6172 1.8836
5931.9849 1.8833
5933.3496 1.8823
5934.7178 1.8805
5936.0830 1.8767
5937.4517 1.8707
5938.8179 1.8658
5940.1841 1.8668
5941.5537 1.8681
5942.9204 1.8660
5944.2910 1.8609
5945.6587 1.8564
5947.0298 1.8566
5948.3975 1.8595
5949.7661 1.8559
5951.1382 1.8545
5952.5073 1.8544
5953.8799 1.8477
5955.2495 1.8361
5956.6226 1.8383
5957.9932 1.8466
5959.3638 1.8483
5960.7378 1.8480
5962.1094 1.8470
5963.4839 1.8427
5964.8560 1.8379
5966.2314 1.8380
5967.6040 1.8402
5968.9766 1.8416
5970.3530 1.8420
5971.7266 1.8408
5973.1035 1.8358
5974.4780 1.8284
5975.8555 1.8181
5977.2305 1.8174
5978.6055 1.8258
5979.9839 1.8307
5981.3599 1.8253
5982.7388 1.8234
5984.1152 1.8228
5985.4951 1.8232
5986.8721 1.8177
5988.2495 1.8040
5989.6304 1.7996
5991.0083 1.8141
5992.3896 1.8231
5993.7681 1.8243
5995.1504 1.8213
5996.5298 1.8169
5997.9126 1.8159
5999.2920 1.8172
6000.6724 1.8168
6002.0562 1.8149
6003.4370 1.8097
6004.8213 1.8014
6006.2026 1.7962
6007.5874 1.7943
6008.9697 1.7929
6010.3521 1.7915
6011.7378 1.7932
6013.1211 1.7987
6014.5078 1.8019
6015.8911 1.8020
6017.2783 1.7982
6018.6626 1.7967
6020.0474 1.7958
6021.4355 1.7928
6022.8208 1.7942
6024.2095 1.7963
6025.5957 1.7965
6026.9849 1.7981
6028.3716 1.8003
6029.7583 1.8003
6031.1489 1.8009
6032.5361 1.7995
6033.9272 1.7960
6035.3154 1.7930
6036.7070 1.7916
6038.0957 1.7903
6039.4849 1.7890
6040.8774 1.7891
6042.2671 1.7845
6043.6606 1.7810
6045.0508 1.7849
6046.4448 1.7938
6047.8359 1.7969
6049.2271 1.7924
6050.6221 1.7878
6052.0142 1.7898
6053.4097 1.7949
6054.8022 1.7970
6056.1982 1.7986
6057.5918 1.7968
6058.9854 1.7975
6060.3823 1.8009
6061.7764 1.8006
6063.1743 1.7930
6064.5693 1.7873
6065.9678 1.7844
6067.3633 1.7839
6068.7588 1.7850
6070.1582 1.7872
6071.5547 1.7891
6072.9551 1.7882
6074.3521 1.7862
6075.7529 1.7817
6077.1504 1.7804
6078.5483 1.7812
6079.9502 1.7760
6081.3491 1.7633
6082.7515 1.7647
6084.1504 1.7719
6085.5537 1.7746
6086.9536 1.7743
6088.3540 1.7771
6089.7578 1.7813
6091.1587 1.7818
6092.5635 1.7800
6093.9648 1.7795
6095.3701 1.7802
6096.7725 1.7796
6098.1782 1.7754
6099.5811 1.7639
6100.9844 1.7598
6102.3911 1.7677
6103.7949 1.7763
6105.2026 1.7751
6106.6069 1.7717
6108.0151 1.7692
6109.4204 1.7635
6110.8257 1.7568
6112.2349 1.7557
6113.6411 1.7620
6115.0508 1.7658
6116.4575 1.7698
6117.8682 1.7651
6119.2754 1.7544
6120.6831 1.7510
6122.0947 1.7593
6123.5029 1.7617
6124.9150 1.7619
6126.3242 1.7568
6127.7368 1.7553
6129.1465 1.7588
6130.5566 1.7613
6131.9702 1.7590
6133.3809 1.7509
6134.7954 1.7433
6136.2065 1.7468
6137.6216 1.7446
6139.0337 1.7272
6140.4458 1.7320
6141.8618 1.7477
6143.2749 1.7447
6144.6914 1.7135
6146.1050 1.6865
6147.5220 1.6996
6148.9365 1.7340
6150.3511 1.7458
6151.7690 1.7359
6153.1846 1.7080
6154.6035 1.6868
6156.0190 1.6969
6157.4390 1.7211
6158.8555 1.7207
6160.2720 1.7180
6161.6929 1.7255
6163.1104 1.7342
6164.5312 1.7326
6165.9497 1.7288
6167.3711 1.7256
6168.7900 1.7255
6170.2095 1.7237
6171.6323 1.7181
6173.0518 1.7129
6174.4756 1.7139
6175.8960 1.7112
6177.3198 1.7116
6178.7412 1.7176
6180.1626 1.7230
6181.5874 1.7226
6183.0098 1.7212
6184.4355 1.7183
6185.8579 1.7183
6187.2847 1.7166
6188.7080 1.7130
6190.1318 1.7131
6191.5591 1.7182
6192.9834 1.7143
6194.4116 1.7126
6195.8364 1.7146
6197.2651 1.7162
6198.6909 1.7129
6200.1172 1.7027
6201.5469 1.6970
6202.9731 1.7014
6204.4038 1.7083
6205.8311 1.7137
6207.2622 1.7171
6208.6899 1.7150
6210.1216 1.7109
6211.5503 1.7095
6212.9795 1.7094
6214.4121 1.7101
6215.8418 1.7107
6217.2749 1.7080
6218.7056 1.7080
6220.1392 1.7105
6221.5703 1.7099
6223.0015 1.7069
6224.4365 1.7056
6225.8687 1.7044
6227.3042 1.6965
6228.7368 1.6923
6230.1729 1.6927
6231.6064 1.6956
6233.0400 1.6948
6234.4771 1.6764
6235.9116 1.6437
6237.3496 1.6471
6238.7842 1.6735
6240.2231 1.6903
6241.6587 1.6810
6243.0942 1.6555
6244.5342 1.6246
6245.9707 1.6342
6247.4111 1.6667
6248.8481 1.6859
6250.2891 1.6816
6251.7271 1.6833
6253.1650 1.6861
6254.6069 1.6860
6256.0459 1.6846
6257.4888 1.6841
6258.9282 1.6844
6260.3716 1.6829
6261.8115 1.6811
6263.2520 1.6804
6264.6963 1.6786
6266.1377 1.6703
6267.5825 1.6588
6269.0244 1.6623
6270.4702 1.6678
6271.9126 1.6664
6273.3555 1.6450
6274.8022 1.6078
6276.2456 1.5800
6277.6929 1.5833
6279.1372 1.5851
6280.5850 1.5716
6282.0298 1.5673
6283.4751 1.5876
6284.9238 1.6192
6286.3696 1.6322
6287.8193 1.6342
6289.2661 1.6343
6290.7163 1.6374
6292.1636 1.6407
6293.6108 1.6417
6295.0620 1.6448
6296.5103 1.6412
6297.9624 1.6367
6299.4111 1.6334
6300.8638 1.6334
6302.3135 1.6351
6303.7632 1.6319
6305.2168 1.6342
6306.6675 1.6312
6308.1216 1.6302
6309.5728 1.6345
6311.0278 1.6376
6312.4795 1.6337
6313.9316 1.6208
6315.3877 1.6069
6316.8403 1.6122
6318.2974 1.6286
6319.7510 1.6346
6321.2080 1.6361
6322.6621 1.6374
6324.1201 1.6390
6325.5752 1.6405
6327.0303 1.6377
6328.4893 1.6301
6329.9453 1.6276
6331.4048 1.6325
6332.8613 1.6298
6334.3218 1.6258
6335.7788 1.6270
6337.2363 1.6306
6338.6978 1.6291
6340.1558 1.6262
6341.6182 1.6221
6343.0767 1.5780
6344.5396 1.5352
6345.9990 1.5614
6347.4590 1.6124
6348.9229 1.6238
6350.3833 1.6244
6351.8477 1.6224
6353.3091 1.6203
6354.7739 1.6208
6356.2358 1.6180
6357.6982 1.6175
6359.1641 1.6166
6360.6270 1.6159
6362.0938 1.6155
6363.5576 1.6141
6365.0249 1.6084
6366.4893 1.5878
6367.9536 1.5473
6369.4224 1.5460
6370.8877 1.5856
6372.3564 1.6137
6373.8228 1.6114
6375.2925 1.6088
6376.7588 1.6036
6378.2261 1.6024
6379.6968 1.6009
6381.1646 1.5928
6382.6357 1.5924
6384.1040 1.6000
6385.5762 1.6044
6387.0454 1.6061
6388.5146 1.6054
6389.9878 1.6013
6391.4580 1.5987
6392.9316 1.6024
6394.4023 1.6028
6395.8770 1.5967
6397.3481 1.5916
6398.8198 1.5950
6400.2954 1.5999
6401.7681 1.5980
6403.2441 1.5922
6404.7173 1.5884
6406.1943 1.5903
6407.6680 1.5937
6409.1421 1.5885
6410.6196 1.5883
6412.0947 1.5811
6413.5732 1.5633
6415.0488 1.5561
6416.5278 1.5722
6418.0039 1.5782
6419.4805 1.5854
6420.9609 1.5898
6422.4380 1.5893
6423.9189 1.5868
6425.3970 1.5857
6426.8784 1.5823
6428.3569 1.5676
6429.8359 1.5516
6431.3184 1.5569
6432.7979 1.5741
6434.2812 1.5753
6435.7617 1.5627
6437.2456 1.5601
6438.7266 1.5665
6440.2114 1.5685
6441.6929 1.5645
6443.1748 1.5618
6444.6606 1.5617
6446.1431 1.5637
6447.6294 1.5634
6449.1128 1.5636
6450.6001 1.5548
6452.0840 1.5194
6453.5684 1.4677
6455.0566 1.4915
6456.5415 1.5382
6458.0303 1.5552
6459.5161 1.5469
6461.0054 1.5458
6462.4917 1.5539
6463.9785 1.5564
6465.4692 1.5541
6466.9565 1.5518
6468.4478 1.5514
6469.9360 1.5512
6471.4277 1.5485
6472.9165 1.5458
6474.4058 1.5498
6475.8984 1.5512
6477.3882 1.5447
6478.8818 1.5342
6480.3726 1.5264
6481.8667 1.5336
6483.3579 1.5430
6484.8496 1.5477
6486.3447 1.5428
6487.8369 1.5263
6489.3330 1.5087
6490.8262 1.5072
6492.3228 1.5057
6493.8164 1.5062
6495.3101 1.5174
6496.8081 1.5361
6498.3027 1.5408
6499.8013 1.5410
6501.2964 1.5403
6502.7954 1.5393
6504.2915 1.5388
6505.7876 1.5393
6507.2881 1.5393
6508.7852 1.5365
6510.2861 1.5323
6511.7837 1.5123
6513.2852 1.4872
6514.7837 1.4868
6516.2822 1.5135
6517.7852 1.5243
6519.2842 1.5252
6520.7876 1.5235
6522.2876 1.5221
6523.7920 1.5211
6525.2925 1.5183
6526.7939 1.5156
6528.2988 1.5122
6529.8008 1.5093
6531.3062 1.5081
6532.8091 1.5075
6534.3154 1.5044
6535.8184 1.5035
6537.3223 1.5009
6538.8296 1.4949
6540.3340 1.4860
6541.8423 1.4757
6543.3472 1.4662
6544.8560 1.4625
6546.3613 1.4578
6547.8677 1.4465
6549.3774 1.4272
6550.8843 1.4025
6552.3945 1.3753
6553.9019 1.3401
6555.4136 1.2881
6556.9214 1.2189
6558.4336 1.1121
6559.9424 1.0068
6561.4512 1.0575
6562.9644 1.1750
6564.4741 1.2606
6565.9878 1.3139
6567.4985 1.3540
6569.0127 1.3856
6570.5239 1.4101
6572.0356 1.4260
6573.5513 1.4420
6575.0635 1.4557
6576.5796 1.4642
6578.0923 1.4693
6579.6094 1.4750
6581.1230 1.4803
6582.6372 1.4783
6584.1548 1.4706
6585.6694 1.4702
6587.1885 1.4819
6588.7036 1.4831
6590.2231 1.4835
6591.7393 1.4864
6593.2554 1.4878
6594.7759 1.4867
6596.2930 1.4866
6597.8140 1.4895
6599.3320 1.4894
6600.8535 1.4855
6602.3721 1.4804
6603.8911 1.4789
6605.4141 1.4829
6606.9336 1.4860
6608.4570 1.4843
6609.9771 1.4765
6611.5015 1.4712
6613.0225 1.4736
6614.5439 1.4796
6616.0693 1.4811
6617.5913 1.4824
6619.1172 1.4830
6620.6396 1.4833
6622.1665 1.4820
6623.6899 1.4787
6625.2139 1.4772
6626.7417 1.4767
6628.2661 1.4757
6629.7944 1.4746
6631.3198 1.4735
6632.8486 1.4729
6634.3745 1.4740
6635.9009 1.4740
6637.4312 1.4739
6638.9580 1.4721
6640.4888 1.4674
6642.0166 1.4624
6643.5483 1.4615
6645.0767 1.4644
6646.6055 1.4671
6648.1382 1.4666
6649.6675 1.4630
6651.2007 1.4584
6652.7310 1.4566
6654.2651 1.4582
6655.7959 1.4590
6657.3271 1.4569
6658.8623 1.4537
6660.3940 1.4527
6661.9297 1.4539
6663.4624 1.4563
6664.9990 1.4562
6666.5322 1.4536
6668.0659 1.4501
6669.6035 1.4482
6671.1377 1.4506
6672.6763 1.4505
6674.2114 1.4431
6675.7505 1.4345
6677.2861 1.4330
6678.8257 1.4394
6680.3623 1.4427
6681.8989 1.4423
6683.4399 1.4439
6684.9775 1.4463
6686.5190 1.4460
6688.0571 1.4422
6689.5996 1.4393
6691.1382 1.4370
6692.6777 1.4358
6694.2212 1.4325
6695.7607 1.4287
6697.3052 1.4288
6698.8457 1.4304
6700.3906 1.4302
6701.9316 1.4287
6703.4736 1.4262
6705.0195 1.4251
6706.5620 1.4272
6708.1084 1.4279
6709.6519 1.4260
6711.1987 1.4238
6712.7427 1.4198
6714.2871 1.4152
6715.8354 1.4146
6717.3804 1.4170
6718.9292 1.4132
6720.4751 1.4053
6722.0249 1.4084
6723.5713 1.4178
6725.1177 1.4190
6726.6685 1.4191
6728.2163 1.4182
6729.7676 1.4162
6731.3159 1.4154
6732.8682 1.4152
6734.4170 1.4135
6735.9663 1.4124
6737.5195 1.4129
6739.0693 1.4112
6740.6235 1.4070
6742.1743 1.4060
6743.7290 1.4091
6745.2803 1.4027
6746.8320 1.4016
6748.3877 1.4077
6749.9404 1.4129
6751.4966 1.4130
6753.0498 1.4079
6754.6069 1.3988
6756.1611 1.4050
6757.7153 1.4114
6759.2734 1.4134
6760.8286 1.4125
6762.3877 1.4106
6763.9434 1.4086
6765.5029 1.4089
6767.0596 1.4109
6768.6162 1.4113
6770.1772 1.4105
6771.7344 1.4107
6773.2959 1.4105
6774.8540 1.4107
6776.4165 1.4106
6777.9756 1.4099
6779.5347 1.4079
6781.0981 1.4043
6782.6582 1.4020
6784.2222 1.4048
6785.7827 1.4071
6787.3477 1.4067
6788.9092 1.4057
6790.4707 1.4058
6792.0366 1.4046
6793.5991 1.4035
6795.1655 1.4015
6796.7290 1.3998
6798.2964 1.4003
6799.8604 1.4018
6801.4282 1.4003
6802.9927 1.3999
6804.5581 1.4001
6806.1270 1.3983
6807.6929 1.3959
6809.2627 1.3957
6810.8291 1.3952
6812.3994 1.3952
6813.9668 1.3959
6815.5342 1.3951
6817.1060 1.3925
6818.6743 1.3908
6820.2466 1.3923
6821.8154 1.3926
6823.3887 1.3850
6824.9585 1.3710
6826.5283 1.3684
6828.1025 1.3850
6829.6733 1.3878
6831.2485 1.3880
6832.8198 1.3871
6834.3955 1.3860
6835.9678 1.3844
6837.5405 1.3804
6839.1172 1.3746
6840.6904 1.3745
6842.2681 1.3785
6843.8418 1.3814
6845.4199 1.3814
6846.9946 1.3805
6848.5698 1.3799
6850.1494 1.3780
6851.7251 1.3703
6853.3052 1.3650
6854.8818 1.3668
6856.4624 1.3705
6858.0396 1.3692
6859.6177 1.3706
6861.1992 1.3732
6862.7778 1.3743
6864.3604 1.3735
6865.9395 1.3725
6867.5225 1.3712
6869.1025 1.3708
6870.6826 1.3709
6872.2671 1.3705
6873.8481 1.3698
6875.4331 1.3694
6877.0146 1.3682
6878.6006 1.3651
6880.1831 1.3634
6881.7656 1.3637
6883.3525 1.3630
6884.9360 1.3608
6886.5239 1.3631
6888.1079 1.3645
6889.6963 1.3644
6891.2812 1.3638
6892.8667 1.3631
6894.4561 1.3624
6896.0425 1.3618
6897.6323 1.3613
6899.2192 1.3607
6900.8105 1.3593
6902.3979 1.3567
6903.9858 1.3548
6905.5776 1.3564
6907.1665 1.3561
6908.7593 1.3538
6910.3486 1.3515
6911.9419 1.3499
6913.5322 1.3491
6915.1226 1.3499
6916.7173 1.3490
6918.3081 1.3471
6919.9038 1.3472
6921.4956 1.3481
6923.0918 1.3470
6924.6846 1.3471
6926.2812 1.3470
6927.8745 1.3471
6929.4683 1.3470
6931.0664 1.3470
6932.6606 1.3474
6934.2593 1.3466
6935.8545 1.3450
6937.4541 1.3441
6939.0498 1.3445
6940.6460 1.3431
6942.2466 1.3388
6943.8438 1.3390
6945.4448 1.3409
6947.0430 1.3411
6948.6445 1.3395
6950.2432 1.3384
6951.8423 1.3387
6953.4453 1.3372
6955.0449 1.3372
6956.6489 1.3378
6958.2490 1.3348
6959.8535 1.3310
6961.4546 1.3325
6963.0562 1.3348
6964.6621 1.3350
6966.2642 1.3342
6967.8706 1.3331
6969.4736 1.3324
6971.0806 1.3323
6972.6841 1.3291
6974.2886 1.3243
6975.8965 1.3215
6977.5015 1.3227
6979.1104 1.3257
6980.7158 1.3267
6982.3257 1.3258
6983.9321 1.3242
6985.5386 1.3237
6987.1494 1.3223
6988.7568 1.3197
6990.3687 1.3185
6991.9766 1.3204
6993.5889 1.3209
6995.1978 1.3147
6996.8071 1.3087
6998.4204 1.3058
7000.0303 1.3024
7001.6445 1.3009
7003.2554 1.3072
7004.8701 1.3137
7006.4819 1.3143
7008.0938 1.3129
7009.7095 1.3150
7011.3223 1.3139
7012.9390 1.3082
7014.5522 1.3031
7016.1699 1.3037
7017.7837 1.3058
7019.3984 1.3028
7021.0171 1.3021
7022.6323 1.3040
7024.2515 1.3050
7025.8677 1.3035
7027.4878 1.3018
7029.1045 1.3014
7030.7212 1.2980
7032.3428 1.2987
7033.9604 1.2976
7035.5825 1.2951
7037.2007 1.2926
7038.8237 1.2904
7040.4429 1.2918
7042.0664 1.2952
7043.6865 1.2940
7045.3066 1.2932
7046.9316 1.2947
7048.5527 1.2955
7050.1782 1.2977
7051.7998 1.2940
7053.4263 1.2897
7055.0488 1.2886
7056.6719 1.2873
7058.2988 1.2823
7059.9229 1.2799
7061.5508 1.2825
7063.1753 1.2856
7064.8037 1.2863
7066.4292 1.2854
7068.0547 1.2850
7069.6846 1.2855
7071.3110 1.2844
7072.9419 1.2823
7074.5688 1.2801
7076.2002 1.2801
7077.8281 1.2822
7079.4561 1.2813
7081.0889 1.2793
7082.7178 1.2771
7084.3511 1.2741
7085.9810 1.2731
7087.6147 1.2757
7089.2451 1.2745
7090.8760 1.2747
7092.5112 1.2758
7094.1431 1.2761
7095.7788 1.2740
7097.4111 1.2707
7099.0479 1.2731
7100.6812 1.2752
7102.3145 1.2741
7103.9521 1.2702
7105.5864 1.2665
7107.2251 1.2627
7108.8599 1.2527
7110.4995 1.2451
7112.1353 1.2424
7113.7715 1.2446
7115.4116 1.2499
7117.0483 1.2541
7118.6899 1.2537
7120.3271 1.2585
7121.9692 1.2641
7123.6079 1.2663
7125.2466 1.2649
7126.8896 1.2615
7128.5293 1.2568
7130.1729 1.2591
7131.8130 1.2618
7133.4580 1.2623
7135.0986 1.2619
7136.7402 1.2619
7138.3857 1.2610
7140.0283 1.2578
7141.6748 1.2598
7143.3174 1.2548
7144.9648 1.2436
7146.6084 1.2438
7148.2524 1.2566
7149.9009 1.2592
7151.5459 1.2569
7153.1948 1.2542
7154.8403 1.2539
7156.4902 1.2566
7158.1367 1.2541
7159.7832 1.2471
7161.4346 1.2324
7163.0820 1.2309
7164.7339 1.2439
7166.3818 1.2519
7168.0347 1.2534
7169.6836 1.2538
7171.3369 1.2525
7172.9863 1.2493
7174.6367 1.2479
7176.2910 1.2488
7177.9419 1.2413
7179.5972 1.2411
7181.2490 1.2457
7182.9048 1.2394
7184.5571 1.2299
7186.2100 1.2364
7187.8672 1.2430
7189.5210 1.2354
7191.1787 1.2320
7192.8330 1.2359
7194.4917 1.2402
7196.1465 1.2390
7197.8022 1.2325
7199.4619 1.2233
7201.1182 1.2296
7202.7788 1.2282
7204.4355 1.2173
7206.0972 1.2207
7207.7549 1.2308
7209.4131 1.2300
7211.0757 1.2244
7212.7344 1.2238
7214.3975 1.2273
7216.0571 1.2273
7217.7212 1.2238
7219.3818 1.2151
7221.0425 1.2101
7222.7075 1.2139
7224.3691 1.2210
7226.0352 1.2232
7227.6973 1.2255
7229.3643 1.2262
7231.0273 1.2233
7232.6909 1.2207
7234.3584 1.2198
7236.0229 1.2165
7237.6914 1.2085
7239.3564 1.2098
7241.0259 1.2089
7242.6919 1.2104
7244.3579 1.2159
7246.0283 1.2164
7247.6953 1.2089
7249.3667 1.2107
7251.0342 1.2126
7252.7065 1.2133
7254.3750 1.2148
7256.0439 1.2150
7257.7168 1.2089
7259.3867 1.2072
7261.0605 1.2096
7262.7310 1.2112
7264.4058 1.2110
7266.0771 1.2114
7267.7485 1.2097
7269.4243 1.2078
7271.0967 1.2036
7272.7734 1.2010
7274.4463 1.2022
7276.1240 1.2045
7277.7979 1.2035
7279.4722 1.1999
7281.1509 1.1965
7282.8257 1.1968
7284.5054 1.1901
7286.1812 1.1723
7287.8613 1.1798
7289.5376 1.1871
7291.2148 1.1920
7292.8960 1.1957
7294.5737 1.1964
7296.2559 1.1931
7297.9341 1.1919
7299.6172 1.1930
7301.2964 1.1968
7302.9800 1.1948
7304.6602 1.1878
7306.3408 1.1857
7308.0254 1.1912
7309.7065 1.1992
7311.3921 1.2034
7313.0742 1.2037
7314.7607 1.2013
7316.4434 1.1960
7318.1265 1.1900
7319.8140 1.1950
7321.4980 1.1906
7323.1860 1.1821
7324.8711 1.1827
7326.5601 1.1904
7328.2456 1.1870
7329.9312 1.1887
7331.6216 1.1894
7333.3081 1.1893
7334.9995 1.1886
7336.6865 1.1860
7338.3784 1.1861
7340.0669 1.1860
7341.7554 1.1852
7343.4482 1.1839
7345.1377 1.1827
7346.8315 1.1814
7348.5215 1.1778
7350.2163 1.1741
7351.9067 1.1697
7353.5981 1.1698
7355.2939 1.1741
7356.9858 1.1753
7358.6826 1.1717
7360.3755 1.1687
7362.0728 1.1694
7363.7661 1.1711
7365.4604 1.1713
7367.1587 1.1697
7368.8535 1.1685
7370.5527 1.1666
7372.2485 1.1664
7373.9487 1.1677
7375.6450 1.1683
7377.3418 1.1668
7379.0430 1.1651
7380.7402 1.1637
7382.4424 1.1578
7384.1406 1.1511
7385.8433 1.1491
7387.5425 1.1528
7389.2422 1.1561
7390.9458 1.1575
7392.6465 1.1568
7394.3511 1.1556
7396.0522 1.1532
7397.7573 1.1496
7399.4595 1.1516
7401.1616 1.1504
7402.8682 1.1462
7404.5713 1.1434
7406.2788 1.1413
7407.9824 1.1391
7409.6909 1.1440
7411.3955 1.1377
7413.1006 1.1316
7414.8101 1.1348
7416.5156 1.1409
7418.2261 1.1361
7419.9326 1.1218
7421.6436 1.1215
7423.3506 1.1322
7425.0586 1.1387
7426.7705 1.1365
7428.4795 1.1328
7430.1924 1.1306
7431.9014 1.1333
7433.6152 1.1339
7435.3257 1.1357
7437.0400 1.1303
7438.7510 1.1110
7440.4624 1.1113
7442.1777 1.1228
7443.8901 1.1254
7445.6064 1.1202
7447.3193 1.1190
7449.0366 1.1263
7450.7505 1.1282
7452.4644 1.1278
7454.1831 1.1255
7455.8979 1.1255
7457.6172 1.1191
7459.3325 1.1023
7461.0527 1.1097
7462.7690 1.1177
7464.4858 1.0997
7466.2070 1.0927
7467.9248 1.1088
7469.6470 1.1175
7471.3652 1.1146
7473.0884 1.1131
7474.8076 1.1115
7476.5269 1.1094
7478.2510 1.1092
7479.9712 1.1112
7481.6963 1.1101
7483.4175 1.1111
7485.1431 1.1122
7486.8652 1.1113
7488.5874 1.1095
7490.3145 1.1068
7492.0371 1.0999
7493.7651 1.1031
7495.4888 1.1066
7497.2173 1.1067
7498.9419 1.1049
7500.6670 1.1027
7502.3970 1.1009
7504.1226 1.1008
7505.8530 1.0981
7507.5801 1.0915
7509.3110 1.0874
7511.0386 1.0900
7512.7666 1.0869
7514.4990 1.0925
7516.2275 1.0971
7517.9609 1.0951
7519.6904 1.0888
7521.4243 1.0852
7523.1548 1.0903
7524.8853 1.0933
7526.6206 1.0923
7528.3521 1.0879
7530.0884 1.0840
7531.8203 1.0850
7533.5571 1.0877
7535.2905 1.0880
7537.0239 1.0872
7538.7617 1.0859
7540.4961 1.0849
7542.2349 1.0842
7543.9702 1.0825
7545.7095 1.0826
7547.4453 1.0824
7549.1816 1.0816
7550.9229 1.0781
7552.6597 1.0725
7554.4014 1.0754
7556.1392 1.0748
7557.8818 1.0733
7559.6201 1.0734
7561.3594 1.0743
7563.1030 1.0742
7564.8428 1.0725
7566.5874 1.0711
7568.3281 1.0733
7570.0732 1.0721
7571.8149 1.0682
7573.5610 1.0701
7575.3032 1.0716
7577.0459 1.0710
7578.7930 1.0690
7580.5366 1.0650
7582.2847 1.0620
7584.0288 1.0641
7585.7778 1.0676
7587.5229 1.0681
7589.2686 1.0673
7591.0186 1.0660
7592.7646 1.0647
7594.5156 1.0643
7596.2627 1.0638
7598.0142 1.0608
7599.7622 1.0594
7601.5107 1.0598
7603.2637 1.0605
7605.0127 1.0600
7606.7661 1.0586
7608.5161 1.0573
7610.2710 1.0569
7612.0215 1.0516
7613.7725 1.0429
7615.5283 1.0398
7617.2803 1.0427
7619.0366 1.0475
7620.7896 1.0502
7622.5469 1.0504
7624.3003 1.0498
7626.0542 1.0494
7627.8130 1.0490
7629.5679 1.0483
7631.3271 1.0472
7633.0825 1.0467
7634.8428 1.0462
7636.5991 1.0443
7638.3560 1.0438
7640.1172 1.0442
7641.8750 1.0436
7643.6372 1.0429
7645.3955 1.0426
7647.1587 1.0421
7648.9180 1.0405
7650.6772 1.0348
7652.4419 1.0286
7654.2021 1.0219
7655.9673 1.0177
7657.7285 1.0195
7659.4941 1.0187
7661.2563 1.0106
7663.0186 1.0189
7664.7856 1.0301
7666.5493 1.0318
7668.3169 1.0310
7670.0811 1.0317
7671.8496 1.0307
7673.6147 1.0315
7675.3799 1.0274
7677.1499 1.0216
7678.9160 1.0245
7680.6870 1.0257
7682.4536 1.0210
7684.2251 1.0216
7685.9932 1.0235
7687.7612 1.0227
7689.5342 1.0221
7691.3027 1.0225
7693.0767 1.0196
7694.8462 1.0124
7696.6206 1.0113
7698.3911 1.0177
7700.1621 1.0210
7701.9380 1.0197
7703.7100 1.0191
7705.4863 1.0164
7707.2588 1.0048
7709.0361 0.9960
7710.8096 1.0062
7712.5879 1.0120
7714.3618 1.0122
7716.1367 1.0104
7717.9160 1.0073
7719.6914 1.0040
7721.4717 1.0019
7723.2480 0.9999
7725.0288 0.9994
7726.8062 1.0033
7728.5835 1.0056
7730.3657 1.0048
7732.1440 1.0055
7733.9272 1.0053
7735.7065 1.0053
7737.4902 1.0033
7739.2700 0.9997
7741.0508 0.9975
7742.8354 0.9972
7744.6167 0.9922
7746.4028 0.9924
7748.1851 0.9971
7749.9717 0.9995
7751.7544 0.9988
7753.5376 0.9994
7755.3257 0.9982
7757.1099 0.9964
7758.8984 0.9964
7760.6836 0.9967
7762.4731 0.9961
7764.2588 0.9955
7766.0449 0.9917
7767.8359 0.9536
7769.6226 0.9083
7771.4146 0.8899
7773.2021 0.9209
7774.9946 0.9812
7776.7832 0.9860
7778.5723 0.9862
7780.3662 0.9876
7782.1558 0.9889
7783.9507 0.9895
7785.7412 0.9891
7787.5366 0.9889
7789.3281 0.9889
7791.1201 0.9889
7792.9165 0.9880
7794.7095 0.9865
7796.5068 0.9856
7798.3003 0.9844
7800.0986 0.9849
7801.8931 0.9854
7803.6880 0.9853
7805.4873 0.9851
7807.2832 0.9851
7809.0835 0.9848
7810.8799 0.9850
7812.6812 0.9848
7814.4785 0.9834
7816.2759 0.9824
7818.0786 0.9831
7819.8770 0.9831
7821.6802 0.9828
7823.4795 0.9803
7825.2837 0.9775
7827.0840 0.9746
7828.8843 0.9708
7830.6899 0.9728
7832.4912 0.9729
7834.2974 0.9706
7836.0996 0.9686
7837.9067 0.9680
7839.7100 0.9682
7841.5132 0.9693
7843.3213 0.9698
7845.1260 0.9696
7846.9351 0.9689
7848.7402 0.9680
7850.5498 0.9669
7852.3560 0.9663
7854.1665 0.9666
7855.9736 0.9634
7857.7808 0.9595
7859.5928 0.9591
7861.4009 0.9613
7863.2139 0.9602
7865.0225 0.9602
7866.8364 0.9610
7868.6460 0.9620
7870.4561 0.9600
7872.2710 0.9506
7874.0820 0.9388
7875.8979 0.9485
7877.7100 0.9546
7879.5264 0.9550
7881.3389 0.9551
7883.1519 0.9540
7884.9697 0.9537
7886.7837 0.9521
7888.6025 0.9519
7890.4175 0.9424
7892.2368 0.9240
7894.0522 0.9181
7895.8687 0.9405
7897.6890 0.9455
7899.5059 0.9473
7901.3276 0.9495
7903.1455 0.9478
7904.9678 0.9432
7906.7861 0.9429
7908.6055 0.9449
7910.4292 0.9442
7912.2485 0.9414
7914.0732 0.9397
7915.8940 0.9405
7917.7192 0.9417
7919.5405 0.9396
7921.3628 0.9380
7923.1895 0.9368
7925.0122 0.9351
7926.8394 0.9335
7928.6631 0.9318
7930.4912 0.9357
7932.3159 0.9356
7934.1406 0.9328
7935.9702 0.9332
7937.7959 0.9368
7939.6265 0.9330
7941.4526 0.9273
7943.2842 0.9244
7945.1113 0.9271
7946.9390 0.9310
7948.7720 0.9296
7950.6006 0.9313
7952.4336 0.9325
7954.2632 0.9303
7956.0977 0.9280
7957.9277 0.9269
7959.7583 0.9260
7961.5938 0.9291
7963.4253 0.9301
7965.2617 0.9285
7967.0942 0.9272
7968.9316 0.9277
7970.7646 0.9285
7972.5981 0.9284
7974.4370 0.9288
7976.2715 0.9288
7978.1108 0.9280
7979.9458 0.9269
7981.7861 0.9264
7983.6226 0.9273
7985.4590 0.9264
7987.3003 0.9258
7989.1377 0.9253
7990.9800 0.9246
7992.8184 0.9228
7994.6616 0.9165
7996.5005 0.9141
7998.3447 0.9182
8000.1846 0.9217
8002.0249 0.9203
8003.8706 0.9188
8005.7114 0.9234
8007.5576 0.9241
8009.3999 0.9208
8011.2471 0.9198
8013.0898 0.9209
8014.9331 0.9184
8016.7812 0.9160
8018.6255 0.9137
8020.4746 0.9133
8022.3198 0.9123
8024.1699 0.9117
8026.0156 0.9151
8027.8623 0.9161
8029.7134 0.9143
8031.5605 0.9139
8033.4126 0.9138
8035.2607 0.9124
8037.1138 0.9108
8038.9624 0.9098
8040.8120 0.9071
8042.6660 0.9042
8044.5161 0.9063
8046.3711 0.9113
8048.2222 0.9117
8050.0781 0.9105
8051.9302 0.9093
8053.7827 0.9045
8055.6396 0.9016
8057.4927 0.9036
8059.3511 0.9063
8061.2051 0.9067
8063.0640 0.9059
8064.9189 0.9040
8066.7739 0.9014
8068.6343 0.9002
8070.4902 0.9015
8072.3516 0.9015
8074.2085 0.9004
8076.0703 0.8995
8077.9282 0.8998
8079.7866 0.8971
8081.6499 0.8898
8083.5088 0.8929
8085.3730 0.8959
8087.2329 0.8953
8089.0981 0.8933
8090.9590 0.8926
8092.8203 0.8927
8094.6865 0.8893
8096.5483 0.8905
8098.4155 0.8931
8100.2788 0.8941
8102.1465 0.8937
8104.0103 0.8936
8105.8745 0.8927
8107.7441 0.8921
8109.6089 0.8919
8111.4790 0.8912
8113.3452 0.8905
8115.2163 0.8907
8117.0830 0.8905
8118.9502 0.8901
8120.8228 0.8896
8122.6909 0.8890
8124.5640 0.8884
8126.4326 0.8880
8128.3066 0.8871
8130.1768 0.8861
8132.0513 0.8862
8133.9224 0.8861
8135.7935 0.8851
8137.6694 0.8844
8139.5415 0.8842
8141.4185 0.8839
8143.2915 0.8837
8145.1694 0.8827
8147.0430 0.8815
8148.9175 0.8813
8150.7964 0.8813
8152.6714 0.8805
8154.5513 0.8801
8156.4272 0.8789
8158.3081 0.8770
8160.1851 0.8763
8162.0625 0.8775
8163.9443 0.8773
8165.8228 0.8769
8167.7056 0.8763
8169.5845 0.8755
8171.4683 0.8750
8173.3481 0.8745
8175.2285 0.8734
8177.1138 0.8718
8178.9951 0.8619
8180.8809 0.8531
8182.7632 0.8621
8184.6499 0.8645
8186.5327 0.8676
8188.4160 0.8690
8190.3042 0.8587
8192.1885 0.8489
8194.0771 0.8596
8195.9629 0.8593
8197.8525 0.8499
8199.7383 0.8535
8201.6250 0.8620
8203.5156 0.8633
8205.4033 0.8603
8207.2959 0.8591
8209.1836 0.8569
8211.0762 0.8511
8212.9658 0.8497
8214.8545 0.8509
8216.7490 0.8450
8218.6396 0.8445
8220.5342 0.8518
8222.4258 0.8572
8224.3223 0.8558
8226.2139 0.8490
8228.1064 0.8429
8230.0039 0.8444
8231.8965 0.8457
8233.7949 0.8505
8235.6895 0.8533
8237.5889 0.8507
8239.4834 0.8484
8241.3789 0.8515
8243.2793 0.8471
8245.1758 0.8329
8247.0771 0.8353
8248.9746 0.8493
8250.8770 0.8428
8252.7744 0.8451
8254.6729 0.8498
8256.5771 0.8514
8258.4766 0.8512
8260.3809 0.8511
8262.2812 0.8511
8264.1865 0.8517
8266.0869 0.8512
8267.9893 0.8509
8269.8955 0.8500
8271.7979 0.8489
8273.7051 0.8492
8275.6084 0.8489
8277.5166 0.8482
8279.4209 0.8476
8281.3301 0.8459
8283.2354 0.8427
8285.1416 0.8405
8287.0518 0.8445
8288.9580 0.8433
8290.8691 0.8436
8292.7773 0.8430
8294.6895 0.8401
8296.5977 0.8399
8298.5059 0.8424
8300.4199 0.8389
8302.3291 0.8344
8304.2432 0.8348
8306.1543 0.8384
8308.0693 0.8376
8309.9805 0.8307
8311.8926 0.8289
8313.8086 0.8336
8315.7217 0.8379
8317.6396 0.8337
8319.5527 0.8225
8321.4707 0.8237
8323.3857 0.8302
8325.2998 0.8332
8327.2197 0.8301
8329.1357 0.8130
8331.0566 0.7857
8332.9727 0.8006
8334.8945 0.8272
8336.8115 0.8357
8338.7295 0.8267
8340.6523 0.8092
8342.5713 0.7950
8344.4951 0.8118
8346.4150 0.8277
8348.3398 0.8346
8350.2598 0.8328
8352.1807 0.8199
8354.1074 0.7956
8356.0293 0.7806
8357.9561 0.7984
8359.8789 0.8200
8361.8066 0.8301
8363.7295 0.8305
8365.6543 0.8256
8367.5830 0.8103
8369.5078 0.7794
8371.4375 0.7611
8373.3643 0.7776
8375.2949 0.8126
8377.2217 0.8277
8379.1484 0.8334
8381.0811 0.8311
8383.0088 0.8178
8384.9424 0.7991
8386.8711 0.7730
8388.8047 0.7425
8390.7344 0.7554
8392.6650 0.7900
8394.6006 0.8150
8396.5312 0.8274
8398.4678 0.8330
8400.3994 0.8320
8402.3369 0.8248
8404.2695 0.8092
8406.2031 0.7860
8408.1416 0.7476
8410.0762 0.7177
8412.0156 0.7382
8413.9502 0.7781
8415.8906 0.8032
8417.8271 0.8187
8419.7637 0.8268
8421.7051 0.8285
8423.6426 0.8285
8425.5850 0.8236
8427.5234 0.8099
8429.4668 0.7900
8431.4053 0.7562
8433.3496 0.7121
8435.2900 0.6899
8437.2305 0.7274
8439.1758 0.7723
8441.1172 0.7576
8443.0645 0.7260
8445.0059 0.7499
8446.9541 0.8233
8448.8965 0.8222
8450.8408 0.8247
8452.7891 0.8224
8454.7344 0.8118
8456.6836 0.7970
8458.6289 0.7743
8460.5791 0.7402
8462.5254 0.6879
8464.4727 0.6661
8466.4248 0.6970
8468.3721 0.7498
8470.3252 0.7760
8472.2734 0.7946
8474.2275 0.8060
8476.1768 0.8149
8478.1270 0.8212
8480.0820 0.8233
8482.0322 0.8218
8483.9883 0.8172
8485.9404 0.8109
8487.8975 0.7976
8489.8496 0.7917
8491.8027 0.7661
8493.7607 0.6837
8495.7148 0.6473
8497.6738 0.6463
8499.6289 0.6447
8501.5889 0.6739
8503.5449 0.7300
8505.5010 0.7552
8507.4619 0.7754
8509.4199 0.7864
8511.3818 0.7958
8513.3398 0.8055
8515.3027 0.8123
8517.2617 0.8144
8519.2217 0.8153
8521.1855 0.8143
8523.1465 0.8111
8525.1113 0.8075
8527.0723 0.8031
8529.0391 0.7958
8531.0010 0.7879
8532.9639 0.7715
8534.9316 0.7482
8536.8945 0.6637
8538.8633 0.5626
8540.8281 0.5723
8542.7969 0.6133
8544.7627 0.6677
8546.7285 0.7128
8548.6992 0.7422
8550.6660 0.7589
8552.6377 0.7682
8554.6045 0.7783
8556.5771 0.7885
8558.5459 0.7924
8560.5146 0.7947
8562.4893 0.7940
8564.4590 0.7860
8566.4336 0.7950
8568.4043 0.8010
8570.3799 0.8014
8572.3516 0.8003
8574.3242 0.7986
8576.3008 0.7943
8578.2744 0.7896
8580.2520 0.7807
8582.2256 0.7700
8584.2051 0.7622
8586.1797 0.7530
8588.1602 0.7300
8590.1357 0.6950
8592.1113 0.6570
8594.0928 0.6087
8596.0703 0.6021
8598.0527 0.6511
8600.0303 0.6968
8602.0137 0.7229
8603.9922 0.7411
8605.9717 0.7551
8607.9561 0.7662
8609.9365 0.7745
8611.9219 0.7790
8613.9033 0.7805
8615.8896 0.7804
8617.8711 0.7822
8619.8535 0.7861
8621.8418 0.7880
8623.8252 0.7802
8625.8135 0.7620
8627.7979 0.7746
8629.7881 0.7848
8631.7725 0.7857
8633.7588 0.7854
8635.7500 0.7829
8637.7363 0.7792
8639.7285 0.7768
8641.7158 0.7735
8643.7080 0.7655
8645.6973 0.7576
8647.6855 0.7573
8649.6797 0.7507
8651.6699 0.7295
8653.6650 0.7181
8655.6553 0.6821
8657.6514 0.6008
8659.6436 0.5301
8661.6357 0.5566
8663.6328 0.6064
8665.6260 0.6536
8667.6240 0.6884
8669.6182 0.7103
8671.6172 0.7275
8673.6123 0.7387
8675.6074 0.7198
8677.6084 0.7123
8679.6045 0.7215
8681.6055 0.7322
8683.6025 0.7417
8685.6055 0.7590
8687.6035 0.7746
8689.6025 0.7698
8691.6055 0.7638
8693.6055 0.7710
8695.6104 0.7762
8697.6104 0.7693
8699.6162 0.7519
8701.6172 0.7586
8703.6191 0.7751
8705.6260 0.7709
8707.6289 0.7480
8709.6367 0.7530
8711.6406 0.7695
8713.6494 0.7587
8715.6543 0.7465
8717.6592 0.7565
8719.6699 0.7671
8721.6758 0.7651
8723.6865 0.7578
8725.6934 0.7512
8727.7061 0.7534
8729.7129 0.7567
8731.7217 0.7451
8733.7354 0.7374
8735.7441 0.7309
8737.7588 0.7184
8739.7686 0.7008
8741.7842 0.6781
8743.7949 0.6410
8745.8115 0.5819
8747.8232 0.5691
8749.8359 0.6139
8751.8535 0.6639
8753.8672 0.6891
8755.8857 0.7098
8757.9004 0.7223
8759.9199 0.7297
8761.9346 0.7375
8763.9502 0.7453
8765.9717 0.7507
8767.9883 0.7534
8770.0098 0.7548
8772.0273 0.7565
8774.0498 0.7572
8776.0684 0.7573
8778.0879 0.7571
8780.1113 0.7565
8782.1318 0.7566
8784.1562 0.7574
8786.1777 0.7542
8788.2031 0.7510
8790.2256 0.7512
8792.2471 0.7523
8794.2754 0.7536
8796.2979 0.7527
8798.3262 0.7535
8800.3506 0.7489
8802.3799 0.7361
8804.4053 0.7287
8806.4307 0.7424
8808.4609 0.7487
8810.4873 0.7490
8812.5195 0.7482
8814.5459 0.7451
8816.5791 0.7382
8818.6074 0.7382
8820.6357 0.7348
8822.6699 0.7389
8824.6992 0.7433
8826.7344 0.7410
8828.7646 0.7390
8830.8008 0.7382
8832.8330 0.7351
8834.8643 0.7315
8836.9014 0.7293
8838.9346 0.7270
8840.9727 0.7211
8843.0068 0.7140
8845.0459 0.7073
8847.0811 0.7007
8849.1162 0.6911
8851.1562 0.6774
8853.1924 0.6610
8855.2344 0.6380
8857.2715 0.5971
8859.3145 0.5687
8861.3516 0.5840
8863.3906 0.6281
8865.4346 0.6531
8867.4736 0.6733
8869.5186 0.6796
8871.5596 0.6874
8873.6045 0.6981
8875.6465 0.7044
8877.6885 0.7042
8879.7354 0.7048
8881.7783 0.7111
8883.8262 0.7181
8885.8701 0.7209
8887.9189 0.7199
8889.9639 0.7199
8892.0088 0.7247
8894.0596 0.7260
8896.1055 0.7263
8898.1562 0.7280
8900.2041 0.7296
8902.2559 0.7295
8904.3037 0.7303
8906.3574 0.7233
8908.4062 0.7099
8910.4561 0.7142
8912.5107 0.7318
8914.5605 0.7278
8916.6162 0.7264
8918.6680 0.7264
8920.7246 0.7232
8922.7764 0.7092
8924.8291 0.7006
8926.8867 0.7218
8928.9404 0.7279
8931.0000 0.7282
8933.0547 0.7281
8935.1143 0.7278
8937.1699 0.7271
8939.2256 0.7251
8941.2871 0.7194
8943.3438 0.7194
8945.4062 0.7205
8947.4639 0.7220
8949.5273 0.7237
8951.5859 0.7230
8953.6455 0.7224
8955.7100 0.7213
8957.7705 0.7209
8959.8359 0.7181
8961.8975 0.7127
8963.9639 0.7105
8966.0264 0.7128
8968.0889 0.7130
8970.1572 0.7116
8972.2207 0.7069
8974.2891 0.7020
8976.3535 0.7037
8978.4238 0.7057
8980.4893 0.7037
8982.5557 0.7013
8984.6270 0.6989
8986.6934 0.6955
8988.7656 0.6923
8990.8340 0.6889
8992.9072 0.6838
8994.9756 0.6734
8997.0449 0.6664
8999.1201 0.6649
9001.1904 0.6575
9003.2656 0.6446
9005.3369 0.6269
9007.4131 0.6070
9009.4854 0.5752
9011.5586 0.5506
9013.6357 0.5731
9015.7100 0.6050
9017.7891 0.6246
9019.8633 0.6390
9021.9434 0.6507
9024.0186 0.6587
9026.0947 0.6650
9028.1758 0.6710
9030.2529 0.6740
9032.3350 0.6737
9034.4131 0.6764
9036.4971 0.6830
9038.5752 0.6857
9040.6543 0.6870
9042.7393 0.6881
9044.8193 0.6891
9046.9053 0.6893
9048.9863 0.6899
9051.0732 0.6928
9053.1553 0.6933
9055.2383 0.6889
9057.3262 0.6535
9059.4102 0.6456
9061.4990 0.6832
9063.5840 0.6953
9065.6738 0.6946
9067.7588 0.6932
9069.8506 0.6957
9071.9365 0.6884
9074.0234 0.6712
9076.1162 0.6699
9078.2041 0.6892
9080.2979 0.6955
9082.3867 0.6866
9084.4805 0.6674
9086.5703 0.6632
9088.6611 0.6877
9090.7568 0.6563
9092.8486 0.6678
9094.9453 0.6856
9097.0371 0.6896
9099.1348 0.6885
9101.2285 0.6883
9103.3223 0.6886
9105.4209 0.6859
9107.5156 0.6645
9109.6162 0.6624
9111.7119 0.6857
9113.8125 0.6836
9115.9092 0.6834
9118.0068 0.6830
9120.1094 0.6822
9122.2070 0.6818
9124.3105 0.6824
9126.4102 0.6837
9128.5146 0.6820
9130.6143 0.6829
9132.7148 0.6832
9134.8213 0.6827
9136.9219 0.6824
9139.0293 0.6820
9141.1318 0.6803
9143.2393 0.6769
9145.3428 0.6774
9147.4473 0.6793
9149.5566 0.6786
9151.6611 0.6772
9153.7715 0.6770
9155.8770 0.6769
9157.9883 0.6759
9160.0957 0.6741
9162.2031 0.6731
9164.3154 0.6738
9166.4238 0.6725
9168.5371 0.6709
9170.6465 0.6666
9172.7617 0.6629
9174.8711 0.6633
9176.9824 0.6643
9179.0986 0.6584
9181.2100 0.6609
9183.3271 0.6614
9185.4395 0.6604
9187.5576 0.6609
9189.6719 0.6590
9191.7852 0.6570
9193.9053 0.6537
9196.0205 0.6514
9198.1406 0.6478
9200.2568 0.6427
9202.3789 0.6405
9204.4951 0.6370
9206.6133 0.6287
9208.7363 0.6130
9210.8545 0.6083
9212.9785 0.6108
9215.0977 0.5936
9217.2227 0.5935
9219.3428 0.5820
9221.4639 0.5606
9223.5908 0.5253
9225.7129 0.5004
9227.8398 0.5292
9229.9629 0.5607
9232.0908 0.5748
9234.2148 0.5818
9236.3447 0.5965
9238.4688 0.6099
9240.5947 0.6027
9242.7256 0.6146
9244.8516 0.6247
9246.9834 0.6286
9249.1104 0.6261
9251.2432 0.6221
9253.3721 0.6244
9255.5010 0.6261
9257.6348 0.6160
9259.7646 0.6152
9261.8994 0.6219
9264.0303 0.6302
9266.1670 0.6435
9268.2988 0.6438
9270.4307 0.6445
9272.5684 0.6453
9274.7012 0.6454
9276.8398 0.6456
9278.9746 0.6456
9281.1143 0.6456
9283.2490 0.6457
9285.3848 0.6443
9287.5264 0.6437
9289.6621 0.6444
9291.8047 0.6437
9293.9424 0.6439
9296.0850 0.6449
9298.2236 0.6445
9300.3633 0.6436
9302.5078 0.6434
9304.6475 0.6435
9306.7930 0.6425
9308.9346 0.6427
9311.0811 0.6431
9313.2227 0.6404
9315.3652 0.6370
9317.5137 0.6398
9319.6572 0.6408
9321.8057 0.6400
9323.9502 0.6399
9326.1006 0.6406
9328.2461 0.6405
9330.3916 0.6395
9332.5439 0.6395
9334.6904 0.6392
9336.8428 0.6387
9338.9912 0.6375
9341.1445 0.6366
9343.2939 0.6373
9345.4434 0.6342
9347.5977 0.6332
9349.7480 0.6346
9351.9043 0.6354
9354.0557 0.6343
9356.2129 0.6336
9358.3652 0.6332
9360.5186 0.6337
9362.6768 0.6337
9364.8301 0.6334
9366.9902 0.6325
9369.1445 0.6302
9371.3057 0.6309
9373.4609 0.6314
9375.6172 0.6302
9377.7793 0.6299
9379.9365 0.6297
9382.0996 0.6248
9384.2578 0.6234
9386.4219 0.6258
9388.5820 0.6209
9390.7461 0.6199
9392.9072 0.6271
9395.0674 0.6257
9397.2344 0.6227
9399.3965 0.6176
9401.5635 0.5948
9403.7266 0.5949
9405.8945 0.6217
9408.0586 0.6088
9410.2227 0.5848
9412.3926 0.6025
9414.5586 0.6194
9416.7295 0.6167
9418.8955 0.6111
9421.0674 0.6193
9423.2344 0.6193
9425.4023 0.6163
9427.5762 0.6135
9429.7451 0.6136
9431.9189 0.6105
9434.0889 0.5990
9436.2646 0.6082
9438.4355 0.6127
9440.6064 0.6091
9442.7832 0.6082
9444.9561 0.6131
9447.1338 0.6140
9449.3076 0.6126
9451.4863 0.6117
9453.6602 0.6120
9455.8350 0.6115
9458.0156 0.6094
9460.1914 0.6085
9462.3730 0.6088
9464.5498 0.6094
9466.7324 0.6092
9468.9102 0.6084
9471.0889 0.6078
9473.2725 0.6073
9475.4521 0.6068
9477.6367 0.6053
9479.8174 0.6041
9482.0029 0.6037
9484.1846 0.6034
9486.3662 0.6024
9488.5537 0.6011
9490.7363 0.5997
9492.9258 0.5982
9495.1094 0.5971
9497.2988 0.5965
9499.4834 0.5945
9501.6689 0.5907
9503.8604 0.5910
9506.0459 0.5907
9508.2383 0.5889
9510.4258 0.5871
9512.6191 0.5851
9514.8076 0.5823
9516.9961 0.5794
9519.1904 0.5763
9521.3809 0.5725
9523.5762 0.5679
9525.7666 0.5629
9527.9639 0.5574
9530.1553 0.5502
9532.3477 0.5421
9534.5459 0.5312
9536.7393 0.5161
9538.9385 0.4940
9541.1328 0.4575
9543.3330 0.4547
9545.5283 0.4823
9547.7246 0.5104
9549.9268 0.5242
9552.1230 0.5361
9554.3262 0.5440
9556.5234 0.5504
9558.7275 0.5550
9560.9268 0.5592
9563.1309 0.5628
9565.3311 0.5631
9567.5322 0.5649
9569.7383 0.5677
9571.9395 0.5708
9574.1465 0.5731
9576.3496 0.5746
9578.5576 0.5755
9580.7607 0.5760
9582.9648 0.5766
9585.1748 0.5775
9587.3799 0.5772
9589.5908 0.5759
9591.7969 0.5771
9594.0088 0.5779
9596.2158 0.5764
9598.4238 0.5641
9600.6367 0.5614
9602.8457 0.5745
9605.0596 0.5763
9607.2695 0.5788
9609.4854 0.5776
9611.6953 0.5801
9613.9062 0.5752
9616.1240 0.5605
9618.3359 0.5593
9620.5537 0.5733
9622.7666 0.5718
9624.9863 0.5731
9627.2002 0.5707
9629.4150 0.5621
9631.6357 0.5693
9633.8516 0.5734
9636.0723 0.5749
9638.2891 0.5745
9640.5117 0.5751
9642.7295 0.5737
9644.9482 0.5638
9647.1719 0.5627
9649.3916 0.5700
9651.6172 0.5673
9653.8369 0.5532
9656.0635 0.5492
9658.2842 0.5706
9660.5068 0.5694
9662.7344 0.5705
9664.9570 0.5702
9667.1855 0.5652
9669.4102 0.5616
9671.6396 0.5655
9673.8643 0.5635
9676.0898 0.5564
9678.3213 0.5589
9680.5479 0.5645
9682.7803 0.5639
9685.0078 0.5617
9687.2412 0.5568
9689.4697 0.5572
9691.6982 0.5608
9693.9336 0.5631
9696.1631 0.5633
9698.3994 0.5639
9700.6299 0.5635
9702.8672 0.5634
9705.0996 0.5633
9707.3320 0.5629
9709.5703 0.5626
9711.8047 0.5623
9714.0439 0.5618
9716.2783 0.5614
9718.5186 0.5593
9720.7549 0.5582
9722.9912 0.5593
9725.2334 0.5591
9727.4707 0.5588
9729.7139 0.5584
9731.9521 0.5524
9734.1963 0.5436
9736.4355 0.5421
9738.6807 0.5523
9740.9209 0.5547
9743.1621 0.5529
9745.4082 0.5532
9747.6504 0.5546
9749.8984 0.5547
9752.1416 0.5544
9754.3896 0.5535
9756.6338 0.5530
9758.8789 0.5502
9761.1289 0.5492
9763.3740 0.5515
9765.6260 0.5508
9767.8721 0.5514
9770.1250 0.5512
9772.3721 0.5507
9774.6201 0.5503
9776.8750 0.5498
9779.1240 0.5486
9781.3789 0.5474
9783.6289 0.5462
9785.8848 0.5461
9788.1367 0.5470
9790.3877 0.5468
9792.6455 0.5442
9794.8984 0.5429
9797.1572 0.5428
9799.4111 0.5445
9801.6709 0.5455
9803.9258 0.5444
9806.1807 0.5433
9808.4424 0.5424
9810.6982 0.5428
9812.9609 0.5431
9815.2188 0.5419
9817.4814 0.5400
9819.7402 0.5396
9821.9990 0.5385
9824.2646 0.5388
9826.5244 0.5395
9828.7900 0.5387
9831.0518 0.5373
9833.3184 0.5381
9835.5801 0.5376
9837.8428 0.5361
9840.1113 0.5363
9842.3750 0.5372
9844.6455 0.5365
9846.9102 0.5341
9849.1807 0.5277
9851.4463 0.5266
9853.7129 0.5272
9855.9844 0.5258
9858.2520 0.5256
9860.5254 0.5317
9862.7939 0.5329
9865.0684 0.5325
9867.3379 0.5316
9869.6074 0.5312
9871.8838 0.5315
9874.1543 0.5312
9876.4316 0.5307
9878.7031 0.5294
9880.9814 0.5303
9883.2549 0.5262
9885.5283 0.5148
9887.8076 0.5110
9890.0830 0.5236
9892.3633 0.5270
9894.6387 0.5226
9896.9209 0.5217
9899.1973 0.5256
9901.4746 0.5245
9903.7578 0.5242
9906.0361 0.5232
9908.3203 0.5197
9910.5996 0.5159
9912.8857 0.5165
9915.1660 0.5226
9917.4521 0.5231
9919.7334 0.5215
9922.0156 0.5229
9924.3037 0.5195
9926.5869 0.5097
9928.8760 0.5093
9931.1602 0.5186
9933.4502 0.5203
9935.7354 0.5156
9938.0205 0.5129
9940.3125 0.5155
9942.5996 0.5175
9944.8926 0.5154
9947.1797 0.5141
9949.4736 0.5147
9951.7627 0.5146
9954.0518 0.5132
9956.3477 0.5130
9958.6377 0.5123
9960.9346 0.5128
9963.2256 0.5127
9965.5234 0.5117
9967.8154 0.5110
9970.1094 0.5109
9972.4082 0.5097
9974.7021 0.5092
9977.0020 0.5086
9979.2979 0.5078
9981.5986 0.5070
9983.8945 0.5065
9986.1914 0.5061
9988.4941 0.5048
9990.7920 0.5021
9993.0967 0.4987
9995.3955 0.4978
9997.7002 0.5014
10000.0000 0.5002
10002.3057 0.4994
10004.6016 0.4984
10006.9082 0.4968
10009.2158 0.4954
10011.5244 0.4937
10013.8223 0.4914
10016.1309 0.4895
10018.4404 0.4872
10020.7402 0.4840
10023.0508 0.4805
10025.3623 0.4779
10027.6738 0.4734
10029.9756 0.4691
10032.2881 0.4637
10034.6016 0.4567
10036.9043 0.4477
10039.2188 0.4355
10041.5342 0.4184
10043.8496 0.3868
10046.1543 0.3763
10048.4707 0.3970
10050.7881 0.4260
10053.0947 0.4369
10055.4131 0.4479
10057.7324 0.4550
10060.0508 0.4605
10062.3604 0.4647
10064.6807 0.4678
10067.0010 0.4715
10069.3115 0.4744
10071.6338 0.4762
10073.9561 0.4777
10076.2793 0.4791
10078.5918 0.4800
10080.9160 0.4803
10083.2402 0.4821
10085.5547 0.4830
10087.8799 0.4836
10090.2061 0.4842
10092.5332 0.4845
10094.8496 0.4848
10097.1777 0.4849
10099.5059 0.4842
10101.8232 0.4830
10104.1533 0.4827
10106.4834 0.4824
10108.8135 0.4797
10111.1338 0.4801
10113.4648 0.4830
10115.7969 0.4851
10118.1191 0.4772
10120.4521 0.4674
10122.7861 0.4794
10125.1201 0.4833
10127.4434 0.4834
10129.7793 0.4833
10132.1152 0.4832
10134.4404 0.4828
10136.7773 0.4827
10139.1152 0.4812
10141.4531 0.4771
10143.7803 0.4784
10146.1191 0.4816
10148.4590 0.4808
10150.7881 0.4798
10153.1289 0.4794
10155.4707 0.4807
10157.8125 0.4772
10160.1436 0.4734
10162.4863 0.4754
10164.8301 0.4794
10167.1621 0.4780
10169.5068 0.4770
10171.8525 0.4767
10174.1973 0.4777
10176.5322 0.4768
10178.8789 0.4694
10181.2266 0.4699
10183.5742 0.4743
10185.9111 0.4753
10188.2607 0.4742
10190.6094 0.4742
10192.9482 0.4742
10195.2988 0.4737
10197.6504 0.4730
10200.0020 0.4728
10202.3428 0.4724
10204.6953 0.4718
10207.0479 0.4719
10209.3906 0.4717
10211.7451 0.4666
10214.0996 0.4670
10216.4551 0.4703
10218.7998 0.4701
10221.1562 0.4698
10223.5137 0.4693
10225.8594 0.4690
10228.2178 0.4689
10230.5762 0.4685
10232.9355 0.4672
10235.2842 0.4663
10237.6436 0.4673
10240.0049 0.4665
10242.3545 0.4659
10244.7168 0.4660
10247.0791 0.4661
10249.4424 0.4655
10251.7939 0.4650
10254.1582 0.4647
10256.5234 0.4644
10258.8770 0.4639
10261.2422 0.4636
10263.6084 0.4633
10265.9756 0.4629
10268.3311 0.4621
10270.6992 0.4610
10273.0674 0.4609
10275.4258 0.4616
10277.7949 0.4609
10280.1650 0.4608
10282.5352 0.4584
10284.8955 0.4548
10287.2666 0.4556
10289.6396 0.4599
10292.0010 0.4583
10294.3740 0.4581
10296.7480 0.4571
10299.1221 0.4567
10301.4863 0.4570
10303.8613 0.4566
10306.2373 0.4554
10308.6025 0.4537
10310.9795 0.4547
10313.3574 0.4552
10315.7363 0.4546
10318.1035 0.4542
10320.4824 0.4539
10322.8623 0.4534
10325.2314 0.4525
10327.6123 0.4510
10329.9941 0.4508
10332.3760 0.4522
10334.7471 0.4517
10337.1309 0.4502
10339.5146 0.4461
10341.8877 0.4472
10344.2725 0.4500
