3563.6899 0.4830
3564.5117 0.4861
3565.3318 0.4862
3566.1538 0.4779
3566.9744 0.4625
3567.7969 0.4498
3568.6177 0.4462
3569.4385 0.4504
3570.2617 0.4555
3571.0830 0.4542
3571.9065 0.4500
3572.7283 0.4476
3573.5520 0.4474
3574.3740 0.4487
3575.1963 0.4521
3576.0208 0.4580
3576.8435 0.4613
3577.6682 0.4606
3578.4915 0.4595
3579.3167 0.4619
3580.1399 0.4681
3580.9636 0.4736
3581.7893 0.4736
3582.6133 0.4696
3583.4395 0.4676
3584.2639 0.4704
3585.0903 0.4733
3585.9150 0.4653
3586.7400 0.4476
3587.5671 0.4333
3588.3923 0.4299
3589.2200 0.4364
3590.0457 0.4462
3590.8735 0.4537
3591.6995 0.4603
3592.5259 0.4680
3593.3542 0.4754
3594.1809 0.4795
3595.0098 0.4796
3595.8367 0.4798
3596.6660 0.4827
3597.4934 0.4865
3598.3208 0.4897
3599.1506 0.4923
3599.9788 0.4945
3600.8088 0.4955
3601.6372 0.4935
3602.4678 0.4884
3603.2964 0.4817
3604.1252 0.4750
3604.9565 0.4703
3605.7859 0.4693
3606.6172 0.4717
3607.4470 0.4755
3608.2788 0.4799
3609.1089 0.4833
3609.9392 0.4832
3610.7717 0.4778
3611.6023 0.4707
3612.4351 0.4665
3613.2661 0.4658
3614.0994 0.4663
3614.9307 0.4658
3615.7625 0.4668
3616.5962 0.4754
3617.4282 0.4880
3618.2625 0.4967
3619.0947 0.4958
3619.9292 0.4859
3620.7620 0.4755
3621.5969 0.4735
3622.4302 0.4781
3623.2634 0.4847
3624.0989 0.4917
3624.9326 0.4981
3625.7686 0.5019
3626.6028 0.5039
3627.4390 0.5088
3628.2734 0.5165
3629.1082 0.5232
3629.9451 0.5243
3630.7800 0.5181
3631.6174 0.5042
3632.4529 0.4853
3633.2903 0.4702
3634.1262 0.4669
3634.9622 0.4762
3635.8005 0.4896
3636.6370 0.5005
3637.4756 0.5087
3638.3123 0.5146
3639.1514 0.5185
3639.9885 0.5209
3640.8259 0.5219
3641.6653 0.5199
3642.5032 0.5148
3643.3430 0.5088
3644.1812 0.5034
3645.0215 0.4996
3645.8601 0.4980
3646.6990 0.4987
3647.5398 0.5016
3648.3789 0.5055
3649.2202 0.5083
3650.0596 0.5088
3650.9014 0.5083
3651.7412 0.5077
3652.5813 0.5078
3653.4236 0.5103
3654.2642 0.5167
3655.1067 0.5257
3655.9475 0.5325
3656.7908 0.5348
3657.6318 0.5357
3658.4734 0.5374
3659.3169 0.5394
3660.1587 0.5398
3661.0029 0.5371
3661.8450 0.5342
3662.6895 0.5325
3663.5320 0.5317
3664.3748 0.5312
3665.2197 0.5309
3666.0630 0.5309
3666.9084 0.5325
3667.7520 0.5363
3668.5977 0.5398
3669.4417 0.5406
3670.2859 0.5378
3671.1321 0.5337
3671.9768 0.5328
3672.8235 0.5363
3673.6685 0.5416
3674.5156 0.5448
3675.3608 0.5442
3676.2063 0.5415
3677.0542 0.5392
3677.8999 0.5352
3678.7480 0.5277
3679.5945 0.5193
3680.4429 0.5150
3681.2896 0.5174
3682.1365 0.5224
3682.9856 0.5276
3683.8328 0.5306
3684.6824 0.5308
3685.5300 0.5285
3686.3799 0.5244
3687.2278 0.5186
3688.0781 0.5143
3688.9265 0.5148
3689.7751 0.5218
3690.6260 0.5334
3691.4751 0.5429
3692.3264 0.5446
3693.1758 0.5424
3694.0273 0.5421
3694.8772 0.5454
3695.7273 0.5497
3696.5793 0.5503
3697.4299 0.5460
3698.2825 0.5370
3699.1333 0.5301
3699.9863 0.5341
3700.8374 0.5520
3701.6887 0.5735
3702.5425 0.5829
3703.3943 0.5767
3704.2483 0.5580
3705.1003 0.5338
3705.9548 0.5128
3706.8074 0.5036
3707.6599 0.5089
3708.5149 0.5268
3709.3682 0.5489
3710.2234 0.5641
3711.0771 0.5630
3711.9329 0.5458
3712.7866 0.5216
3713.6409 0.5036
3714.4973 0.5035
3715.3518 0.5248
3716.2085 0.5593
3717.0635 0.5915
3717.9204 0.6173
3718.7759 0.6374
3719.6313 0.6456
3720.4890 0.6343
3721.3450 0.6016
3722.2031 0.5561
3723.0593 0.5134
3723.9180 0.4895
3724.7747 0.4949
3725.6316 0.5281
3726.4905 0.5754
3727.3479 0.6166
3728.2073 0.6375
3729.0649 0.6428
3729.9250 0.6476
3730.7830 0.6588
3731.6414 0.6678
3732.5017 0.6561
3733.3604 0.6225
3734.2214 0.5741
3735.0803 0.5225
3735.9417 0.4821
3736.8013 0.4663
3737.6609 0.4792
3738.5227 0.5098
3739.3828 0.5528
3740.2451 0.6041
3741.1055 0.6552
3741.9683 0.6950
3742.8291 0.7149
3743.6899 0.7171
3744.5532 0.7081
3745.4148 0.6937
3746.2786 0.6751
3747.1404 0.6506
3748.0044 0.6201
3748.8667 0.5885
3749.7290 0.5518
3750.5938 0.5107
3751.4565 0.4759
3752.3215 0.4640
3753.1848 0.4853
3754.0503 0.5301
3754.9138 0.5817
3755.7798 0.6289
3756.6438 0.6679
3757.5081 0.6973
3758.3745 0.7132
3759.2390 0.7117
3760.1060 0.7030
3760.9709 0.6995
3761.8381 0.7061
3762.7036 0.7190
3763.5693 0.7309
3764.4370 0.7400
3765.3032 0.7406
3766.1714 0.7314
3767.0378 0.7137
3767.9065 0.6883
3768.7732 0.6533
3769.6401 0.6137
3770.5095 0.5717
3771.3770 0.5293
3772.2466 0.4958
3773.1145 0.4865
3773.9844 0.5109
3774.8528 0.5529
3775.7209 0.5945
3776.5918 0.6305
3777.4604 0.6647
3778.3315 0.7033
3779.2009 0.7471
3780.0723 0.7883
3780.9419 0.8234
3781.8118 0.8522
3782.6838 0.8737
3783.5540 0.8853
3784.4265 0.8856
3785.2971 0.8833
3786.1699 0.8840
3787.0410 0.8801
3787.9121 0.8633
3788.7856 0.8350
3789.6572 0.8099
3790.5310 0.7944
3791.4031 0.7867
3792.2773 0.7828
3793.1499 0.7766
3794.0225 0.7609
3794.8972 0.7300
3795.7703 0.6858
3796.6455 0.6360
3797.5190 0.5867
3798.3948 0.5401
3799.2686 0.4996
3800.1426 0.4771
3801.0188 0.4891
3801.8933 0.5307
3802.7700 0.5864
3803.6448 0.6428
3804.5220 0.6933
3805.3972 0.7364
3806.2727 0.7660
3807.1504 0.7808
3808.0261 0.7877
3808.9043 0.7986
3809.7805 0.8247
3810.6589 0.8665
3811.5356 0.9080
3812.4126 0.9367
3813.2917 0.9450
3814.1689 0.9300
3815.0483 0.8985
3815.9260 0.8710
3816.8059 0.8646
3817.6841 0.8781
3818.5623 0.9048
3819.4429 0.9336
3820.3215 0.9503
3821.2024 0.9431
3822.0815 0.9177
3822.9629 0.8966
3823.8423 0.8909
3824.7241 0.8894
3825.6040 0.8710
3826.4841 0.8322
3827.3665 0.8018
3828.2468 0.7849
3829.1296 0.7719
3830.0105 0.7548
3830.8938 0.7337
3831.7751 0.7135
3832.6565 0.6887
3833.5403 0.6513
3834.4224 0.6028
3835.3064 0.5514
3836.1887 0.5070
3837.0735 0.4770
3837.9561 0.4729
3838.8391 0.4954
3839.7244 0.5326
3840.6077 0.5723
3841.4932 0.6084
3842.3770 0.6431
3843.2629 0.6829
3844.1472 0.7267
3845.0315 0.7678
3845.9182 0.8014
3846.8030 0.8268
3847.6899 0.8464
3848.5752 0.8685
3849.4626 0.8933
3850.3481 0.9103
3851.2339 0.9131
3852.1221 0.9110
3853.0083 0.9282
3853.8967 0.9604
3854.7832 0.9860
3855.6721 0.9970
3856.5591 0.9935
3857.4463 0.9797
3858.3359 0.9659
3859.2234 0.9676
3860.1135 0.9722
3861.0015 0.9723
3861.8918 0.9773
3862.7803 0.9984
3863.6687 1.0248
3864.5598 1.0365
3865.4487 1.0396
3866.3401 1.0391
3867.2297 1.0352
3868.1213 1.0300
3869.0112 1.0336
3869.9014 1.0473
3870.7937 1.0593
3871.6841 1.0586
3872.5769 1.0386
3873.4678 0.9990
3874.3611 0.9515
3875.2524 0.9267
3876.1438 0.9325
3877.0376 0.9505
3877.9297 0.9560
3878.8237 0.9320
3879.7161 0.8820
3880.6108 0.8400
3881.5037 0.8292
3882.3965 0.8358
3883.2917 0.8337
3884.1851 0.8084
3885.0808 0.7715
3885.9746 0.7328
3886.8706 0.6890
3887.7649 0.6387
3888.6592 0.5853
3889.5559 0.5357
3890.4507 0.4977
3891.3479 0.4840
3892.2429 0.5025
3893.1406 0.5447
3894.0361 0.5948
3894.9341 0.6389
3895.8301 0.6738
3896.7263 0.7027
3897.6250 0.7295
3898.5215 0.7561
3899.4207 0.7798
3900.3176 0.7956
3901.2170 0.8033
3902.1145 0.8174
3903.0122 0.8446
3903.9121 0.8732
3904.8103 0.8904
3905.7107 0.8953
3906.6094 0.9001
3907.5100 0.9023
3908.4089 0.9125
3909.3081 0.9399
3910.2097 0.9797
3911.1091 1.0172
3912.0110 1.0434
3912.9111 1.0599
3913.8132 1.0616
3914.7136 1.0467
3915.6143 1.0250
3916.5171 1.0139
3917.4182 1.0207
3918.3215 1.0257
3919.2229 1.0247
3920.1267 1.0223
3921.0286 1.0225
3921.9307 1.0279
3922.8350 1.0412
3923.7373 1.0585
3924.6421 1.0729
3925.5452 1.0847
3926.4502 1.0921
3927.3535 1.0889
3928.2571 1.0716
3929.1628 1.0481
3930.0667 1.0183
3930.9731 0.9802
3931.8774 0.9292
3932.7839 0.8577
3933.6887 0.7584
3934.5938 0.6361
3935.5010 0.5414
3936.4062 0.5273
3937.3142 0.6053
3938.2200 0.7373
3939.1279 0.8582
3940.0342 0.9408
3940.9407 0.9959
3941.8494 1.0336
3942.7561 1.0533
3943.6653 1.0513
3944.5725 1.0342
3945.4822 1.0122
3946.3899 1.0001
3947.2979 1.0070
3948.2080 1.0237
3949.1162 1.0280
3950.0269 1.0080
3950.9355 0.9836
3951.8467 0.9661
3952.7559 0.9571
3953.6650 0.9543
3954.5769 0.9564
3955.4866 0.9636
3956.3987 0.9653
3957.3088 0.9483
3958.2214 0.9170
3959.1321 0.8893
3960.0449 0.8809
3960.9561 0.8854
3961.8672 0.8785
3962.7808 0.8527
3963.6924 0.8171
3964.6064 0.7842
3965.5186 0.7589
3966.4329 0.7316
3967.3455 0.6920
3968.2581 0.6345
3969.1731 0.5626
3970.0862 0.4906
3971.0017 0.4410
3971.9153 0.4331
3972.8313 0.4630
3973.7451 0.5139
3974.6592 0.5691
3975.5759 0.6194
3976.4905 0.6638
3977.4075 0.7051
3978.3225 0.7397
3979.2397 0.7702
3980.1553 0.8013
3981.0708 0.8340
3981.9888 0.8631
3982.9050 0.8803
3983.8232 0.8855
3984.7397 0.8904
3985.6587 0.9034
3986.5757 0.9243
3987.4927 0.9462
3988.4121 0.9629
3989.3298 0.9800
3990.2498 0.9983
3991.1677 1.0131
3992.0879 1.0224
3993.0063 1.0304
3993.9250 1.0452
3994.8459 1.0628
3995.7649 1.0735
3996.6863 1.0724
3997.6057 1.0600
3998.5276 1.0416
3999.4475 1.0274
4000.3674 1.0325
4001.2900 1.0569
4002.2104 1.0862
4003.1333 1.1053
4004.0544 1.1085
4004.9775 1.1035
4005.8989 1.0882
4006.8206 1.0614
4007.7446 1.0413
4008.6665 1.0450
4009.5908 1.0729
4010.5132 1.1048
4011.4380 1.1269
4012.3608 1.1362
4013.2839 1.1358
4014.2095 1.1296
4015.1328 1.1229
4016.0588 1.1210
4016.9827 1.1225
4017.9089 1.1265
4018.8333 1.1318
4019.7578 1.1399
4020.6848 1.1543
4021.6096 1.1740
4022.5371 1.1820
4023.4624 1.1734
4024.3901 1.1549
4025.3162 1.1345
4026.2422 1.1191
4027.1704 1.1184
4028.0969 1.1395
4029.0259 1.1610
4029.9526 1.1631
4030.8821 1.1421
4031.8093 1.1089
4032.7390 1.0788
4033.6667 1.0649
4034.5947 1.0664
4035.5251 1.0783
4036.4534 1.0965
4037.3843 1.1187
4038.3130 1.1431
4039.2441 1.1672
4040.1736 1.1836
4041.1030 1.1870
4042.0347 1.1775
4042.9646 1.1623
4043.8970 1.1555
4044.8271 1.1546
4045.7600 1.1408
4046.6907 1.1099
4047.6216 1.0803
4048.5549 1.0798
4049.4863 1.1130
4050.4202 1.1379
4051.3521 1.1466
4052.2861 1.1486
4053.2185 1.1485
4054.1509 1.1427
4055.0857 1.1290
4056.0186 1.1159
4056.9539 1.1105
4057.8872 1.1124
4058.8230 1.1146
4059.7566 1.1130
4060.6907 1.1171
4061.6270 1.1320
4062.5613 1.1414
4063.4983 1.1320
4064.4331 1.1026
4065.3701 1.0700
4066.3054 1.0644
4067.2410 1.0813
4068.1787 1.0892
4069.1147 1.0821
4070.0530 1.0773
4070.9893 1.0882
4071.9280 1.0946
4072.8647 1.0755
4073.8018 1.0526
4074.7412 1.0464
4075.6787 1.0554
4076.6184 1.0599
4077.5562 1.0418
4078.4966 1.0038
4079.4348 0.9673
4080.3733 0.9573
4081.3142 0.9785
4082.2532 1.0121
4083.1943 1.0317
4084.1338 1.0330
4085.0757 1.0181
4086.0154 0.9944
4086.9553 0.9715
4087.8977 0.9578
4088.8381 0.9549
4089.7810 0.9553
4090.7219 0.9523
4091.6653 0.9426
4092.6064 0.9264
4093.5481 0.9062
4094.4919 0.8848
4095.4338 0.8632
4096.3784 0.8386
4097.3208 0.8094
4098.2656 0.7766
4099.2085 0.7416
4100.1514 0.7037
4101.0967 0.6606
4102.0400 0.6110
4102.9863 0.5621
4103.9302 0.5304
4104.8765 0.5340
4105.8208 0.5740
4106.7676 0.6266
4107.7124 0.6760
4108.6572 0.7165
4109.6045 0.7488
4110.5503 0.7760
4111.4980 0.7999
4112.4438 0.8233
4113.3921 0.8485
4114.3384 0.8743
4115.2852 0.8986
4116.2339 0.9209
4117.1807 0.9429
4118.1304 0.9625
4119.0776 0.9727
4120.0273 0.9717
4120.9751 0.9679
4121.9233 0.9732
4122.8740 0.9869
4123.8223 0.9941
4124.7734 0.9987
4125.7222 1.0083
4126.6733 1.0229
4127.6230 1.0340
4128.5723 1.0326
4129.5244 1.0210
4130.4746 1.0122
4131.4268 1.0134
4132.3774 1.0175
4133.3301 1.0132
4134.2812 1.0065
4135.2324 1.0168
4136.1855 1.0409
4137.1372 1.0689
4138.0913 1.0920
4139.0435 1.1063
4139.9976 1.1163
4140.9502 1.1318
4141.9028 1.1461
4142.8579 1.1492
4143.8110 1.1323
4144.7666 1.0962
4145.7202 1.0616
4146.6758 1.0648
4147.6299 1.0932
4148.5840 1.1192
4149.5405 1.1273
4150.4951 1.1187
4151.4526 1.1055
4152.4072 1.1022
4153.3647 1.1085
4154.3203 1.1134
4155.2764 1.1074
4156.2344 1.0910
4157.1904 1.0777
4158.1489 1.0752
4159.1055 1.0795
4160.0649 1.0890
4161.0220 1.1016
4161.9790 1.1111
4162.9390 1.1103
4163.8965 1.1073
4164.8564 1.1122
4165.8149 1.1242
4166.7754 1.1378
4167.7339 1.1450
4168.6929 1.1390
4169.6538 1.1325
4170.6133 1.1361
4171.5752 1.1398
4172.5347 1.1267
4173.4971 1.0910
4174.4570 1.0549
4175.4175 1.0448
4176.3799 1.0599
4177.3408 1.0796
4178.3042 1.0835
4179.2651 1.0653
4180.2290 1.0432
4181.1909 1.0456
4182.1548 1.0707
4183.1172 1.0954
4184.0796 1.1040
4185.0444 1.1003
4186.0068 1.1016
4186.9722 1.1071
4187.9355 1.1075
4188.9014 1.0961
4189.8647 1.0836
4190.8286 1.0901
4191.7949 1.1153
4192.7593 1.1285
4193.7261 1.1331
4194.6909 1.1436
4195.6582 1.1588
4196.6235 1.1622
4197.5889 1.1449
4198.5571 1.1242
4199.5229 1.0995
4200.4912 1.0753
4201.4575 1.0675
4202.4263 1.0839
4203.3931 1.0962
4204.3599 1.0943
4205.3296 1.0969
4206.2969 1.1050
4207.2671 1.1144
4208.2349 1.1248
4209.2051 1.1365
4210.1738 1.1385
4211.1421 1.1317
4212.1133 1.1263
4213.0820 1.1309
4214.0537 1.1453
4215.0229 1.1562
4215.9951 1.1476
4216.9648 1.1204
4217.9351 1.0961
4218.9077 1.0951
4219.8784 1.1163
4220.8516 1.1294
4221.8223 1.1324
4222.7959 1.1359
4223.7676 1.1389
4224.7393 1.1351
4225.7134 1.1197
4226.6855 1.0933
4227.6602 1.0591
4228.6328 1.0329
4229.6079 1.0375
4230.5806 1.0783
4231.5542 1.1326
4232.5298 1.1606
4233.5034 1.1537
4234.4800 1.1192
4235.4541 1.0818
4236.4307 1.0654
4237.4053 1.0749
4238.3799 1.0886
4239.3574 1.1017
4240.3325 1.1070
4241.3105 1.1075
4242.2861 1.1126
4243.2642 1.1254
4244.2407 1.1325
4245.2168 1.1354
4246.1958 1.1352
4247.1729 1.1234
4248.1519 1.0968
4249.1294 1.0706
4250.1094 1.0720
4251.0869 1.0837
4252.0649 1.0817
4253.0454 1.0769
4254.0239 1.0861
4255.0049 1.1066
4255.9834 1.1129
4256.9648 1.1178
4257.9443 1.1292
4258.9263 1.1362
4259.9058 1.1291
4260.8857 1.1096
4261.8687 1.0891
4262.8491 1.0774
4263.8320 1.0864
4264.8130 1.1107
4265.7964 1.1358
4266.7778 1.1506
4267.7593 1.1564
4268.7432 1.1549
4269.7256 1.1459
4270.7100 1.1318
4271.6924 1.1122
4272.6772 1.0845
4273.6606 1.0531
4274.6436 1.0456
4275.6294 1.0580
4276.6128 1.0732
4277.5991 1.0867
4278.5830 1.1046
4279.5698 1.1231
4280.5542 1.1321
4281.5391 1.1356
4282.5264 1.1329
4283.5117 1.1193
4284.4990 1.0967
4285.4849 1.0835
4286.4731 1.0898
4287.4590 1.1019
4288.4453 1.1063
4289.4346 1.0958
4290.4214 1.0702
4291.4106 1.0375
4292.3979 1.0248
4293.3877 1.0461
4294.3755 1.0776
4295.3633 1.0892
4296.3535 1.0745
4297.3423 1.0630
4298.3330 1.0596
4299.3218 1.0551
4300.3135 1.0394
4301.3027 1.0117
4302.2920 0.9853
4303.2842 0.9795
4304.2744 0.9770
4305.2666 0.9828
4306.2573 1.0013
4307.2500 1.0217
4308.2412 1.0257
4309.2319 1.0124
4310.2261 0.9963
4311.2173 0.9963
4312.2114 1.0145
4313.2036 1.0352
4314.1982 1.0344
4315.1904 1.0015
4316.1836 0.9629
4317.1787 0.9500
4318.1719 0.9678
4319.1675 0.9960
4320.1611 1.0075
4321.1572 0.9985
4322.1514 0.9805
4323.1460 0.9671
4324.1426 0.9661
4325.1377 0.9686
4326.1348 0.9539
4327.1299 0.9151
4328.1279 0.8856
4329.1235 0.8833
4330.1196 0.8953
4331.1182 0.9003
4332.1143 0.8872
4333.1133 0.8661
4334.1104 0.8464
4335.1099 0.8268
4336.1069 0.8048
4337.1069 0.7780
4338.1045 0.7441
4339.1025 0.7008
4340.1030 0.6523
4341.1016 0.6038
4342.1025 0.5644
4343.1016 0.5492
4344.1030 0.5702
4345.1025 0.6161
4346.1021 0.6625
4347.1040 0.7050
4348.1040 0.7436
4349.1069 0.7780
4350.1074 0.8069
4351.1104 0.8294
4352.1113 0.8398
4353.1128 0.8375
4354.1167 0.8368
4355.1182 0.8537
4356.1226 0.8893
4357.1245 0.9216
4358.1294 0.9435
4359.1318 0.9568
4360.1348 0.9627
4361.1401 0.9653
4362.1436 0.9718
4363.1494 0.9858
4364.1528 1.0005
4365.1592 1.0145
4366.1636 1.0272
4367.1680 1.0366
4368.1753 1.0389
4369.1802 1.0300
4370.1875 1.0175
4371.1929 1.0121
4372.2007 1.0170
4373.2065 1.0301
4374.2129 1.0434
4375.2212 1.0408
4376.2280 1.0145
4377.2368 0.9947
4378.2441 1.0065
4379.2534 1.0436
4380.2612 1.0756
4381.2686 1.0842
4382.2793 1.0838
4383.2871 1.0792
4384.2979 1.0611
4385.3066 1.0242
4386.3179 0.9836
4387.3267 0.9757
4388.3359 1.0003
4389.3481 1.0323
4390.3579 1.0555
4391.3701 1.0663
4392.3804 1.0691
4393.3936 1.0696
4394.4043 1.0726
4395.4150 1.0662
4396.4287 1.0464
4397.4399 1.0290
4398.4541 1.0357
4399.4658 1.0573
4400.4805 1.0602
4401.4927 1.0434
4402.5054 1.0244
4403.5205 1.0230
4404.5337 1.0432
4405.5493 1.0565
4406.5625 1.0520
4407.5786 1.0531
4408.5928 1.0663
4409.6069 1.0793
4410.6240 1.0801
4411.6387 1.0812
4412.6558 1.0860
4413.6709 1.0904
4414.6885 1.0904
4415.7041 1.0771
4416.7227 1.0434
4417.7388 1.0050
4418.7549 0.9895
4419.7739 0.9985
4420.7905 1.0269
4421.8101 1.0622
4422.8271 1.0851
4423.8472 1.0834
4424.8647 1.0754
4425.8828 1.0747
4426.9033 1.0784
4427.9219 1.0794
4428.9429 1.0765
4429.9619 1.0768
4430.9834 1.0798
4432.0024 1.0798
4433.0220 1.0775
4434.0444 1.0751
4435.0645 1.0704
4436.0874 1.0559
4437.1079 1.0427
4438.1309 1.0458
4439.1519 1.0645
4440.1733 1.0865
4441.1968 1.0977
4442.2188 1.0946
4443.2432 1.0754
4444.2651 1.0425
4445.2900 1.0107
4446.3125 1.0017
4447.3354 1.0262
4448.3613 1.0582
4449.3843 1.0713
4450.4106 1.0730
4451.4341 1.0686
4452.4609 1.0604
4453.4849 1.0547
4454.5098 1.0615
4455.5366 1.0595
4456.5615 1.0407
4457.5894 1.0239
4458.6147 1.0256
4459.6431 1.0402
4460.6689 1.0418
4461.6953 1.0390
4462.7241 1.0371
4463.7505 1.0362
4464.7798 1.0391
4465.8071 1.0480
4466.8369 1.0524
4467.8643 1.0488
4468.8921 1.0384
4469.9229 1.0224
4470.9512 1.0087
4471.9819 1.0102
4473.0107 1.0299
4474.0425 1.0497
4475.0718 1.0632
4476.1011 1.0712
4477.1333 1.0729
4478.1631 1.0687
4479.1958 1.0676
4480.2266 1.0687
4481.2593 1.0536
4482.2905 1.0136
4483.3213 0.9675
4484.3555 0.9551
4485.3872 0.9964
4486.4214 1.0405
4487.4536 1.0663
4488.4883 1.0745
4489.5210 1.0676
4490.5537 1.0478
4491.5889 1.0283
4492.6226 1.0236
4493.6582 1.0307
4494.6919 1.0430
4495.7285 1.0516
4496.7627 1.0510
4497.7998 1.0513
4498.8345 1.0580
4499.8696 1.0663
4500.9072 1.0714
4501.9424 1.0664
4502.9805 1.0500
4504.0166 1.0415
4505.0552 1.0566
4506.0913 1.0774
4507.1279 1.0891
4508.1675 1.0865
4509.2046 1.0712
4510.2446 1.0496
4511.2822 1.0457
4512.3223 1.0598
4513.3604 1.0754
4514.3984 1.0807
4515.4395 1.0747
4516.4785 1.0582
4517.5200 1.0410
4518.5591 1.0395
4519.6011 1.0499
4520.6406 1.0559
4521.6807 1.0461
4522.7236 1.0319
4523.7642 1.0227
4524.8071 1.0175
4525.8481 1.0207
4526.8916 1.0306
4527.9331 1.0378
4528.9746 1.0370
4530.0190 1.0274
4531.0610 1.0163
4532.1060 1.0148
4533.1489 1.0242
4534.1938 1.0303
4535.2373 1.0167
4536.2803 1.0004
4537.3267 1.0078
4538.3701 1.0349
4539.4170 1.0610
4540.4609 1.0691
4541.5083 1.0634
4542.5527 1.0499
4543.5981 1.0387
4544.6455 1.0377
4545.6909 1.0436
4546.7393 1.0473
4547.7852 1.0491
4548.8340 1.0466
4549.8804 1.0292
4550.9272 0.9958
4551.9766 0.9682
4553.0239 0.9759
4554.0737 1.0094
4555.1216 1.0156
4556.1719 0.9940
4557.2197 0.9698
4558.2686 0.9659
4559.3193 0.9846
4560.3682 1.0005
4561.4199 1.0123
4562.4692 1.0292
4563.5215 1.0436
4564.5713 1.0425
4565.6211 1.0242
4566.6743 1.0107
4567.7246 1.0165
4568.7778 1.0323
4569.8291 1.0467
4570.8828 1.0541
4571.9341 1.0521
4572.9888 1.0372
4574.0405 1.0178
4575.0928 1.0147
4576.1479 1.0267
4577.2007 1.0364
4578.2559 1.0317
4579.3091 1.0285
4580.3652 1.0315
4581.4189 1.0305
4582.4731 1.0231
4583.5298 1.0103
4584.5840 0.9923
4585.6411 0.9718
4586.6963 0.9726
4587.7539 0.9922
4588.8091 1.0098
4589.8647 1.0121
4590.9233 1.0047
4591.9795 1.0047
4593.0386 1.0064
4594.0952 1.0052
4595.1543 1.0066
4596.2114 1.0145
4597.2690 1.0240
4598.3291 1.0264
4599.3867 1.0280
4600.4473 1.0295
4601.5059 1.0293
4602.5669 1.0276
4603.6255 1.0265
4604.6846 1.0269
4605.7466 1.0266
4606.8062 1.0259
4607.8687 1.0263
4608.9287 1.0288
4609.9912 1.0331
4611.0518 1.0363
4612.1128 1.0359
4613.1763 1.0331
4614.2373 1.0306
4615.3013 1.0301
4616.3633 1.0297
4617.4277 1.0260
4618.4897 1.0179
4619.5522 1.0081
4620.6177 0.9975
4621.6807 0.9906
4622.7466 0.9950
4623.8096 1.0110
4624.8760 1.0251
4625.9399 1.0313
4627.0044 1.0296
4628.0713 1.0248
4629.1357 1.0209
4630.2031 1.0118
4631.2686 0.9958
4632.3364 0.9918
4633.4023 1.0033
4634.4678 1.0153
4635.5366 1.0107
4636.6030 0.9983
4637.6724 0.9963
4638.7393 1.0023
4639.8091 1.0088
4640.8765 1.0136
4641.9438 1.0188
4643.0142 1.0226
4644.0825 1.0237
4645.1533 1.0226
4646.2222 1.0198
4647.2935 1.0151
4648.3623 1.0074
4649.4316 0.9974
4650.5039 0.9918
4651.5737 0.9953
4652.6465 1.0052
4653.7168 1.0141
4654.7900 1.0160
4655.8608 1.0125
4656.9346 1.0058
4658.0059 0.9993
4659.0771 0.9962
4660.1519 0.9999
4661.2236 1.0104
4662.2983 1.0177
4663.3711 1.0165
4664.4463 1.0102
4665.5195 1.0031
4666.5928 0.9974
4667.6689 0.9902
4668.7427 0.9737
4669.8193 0.9613
4670.8936 0.9626
4671.9707 0.9721
4673.0454 0.9822
4674.1206 0.9905
4675.1982 0.9965
4676.2739 1.0017
4677.3521 1.0074
4678.4282 1.0109
4679.5073 1.0082
4680.5835 0.9991
4681.6602 0.9923
4682.7397 0.9938
4683.8174 0.9986
4684.8975 1.0026
4685.9751 1.0047
4687.0557 1.0049
4688.1338 1.0032
4689.2124 1.0034
4690.2935 1.0050
4691.3726 1.0055
4692.4546 1.0033
4693.5342 0.9993
4694.6162 0.9967
4695.6963 0.9962
4696.7764 0.9972
4697.8594 0.9992
4698.9404 1.0001
4700.0239 0.9973
4701.1050 0.9915
4702.1890 0.9869
4703.2710 0.9805
4704.3530 0.9685
4705.4375 0.9578
4706.5200 0.9614
4707.6055 0.9762
4708.6885 0.9813
4709.7744 0.9746
4710.8579 0.9673
4711.9414 0.9692
4713.0283 0.9800
4714.1123 0.9870
4715.1992 0.9855
4716.2842 0.9768
4717.3716 0.9706
4718.4570 0.9741
4719.5425 0.9845
4720.6309 0.9912
4721.7168 0.9935
4722.8057 0.9928
4723.8921 0.9908
4724.9814 0.9899
4726.0684 0.9919
4727.1553 0.9949
4728.2456 0.9943
4729.3335 0.9888
4730.4238 0.9812
4731.5122 0.9742
4732.6030 0.9679
4733.6919 0.9609
4734.7808 0.9632
4735.8726 0.9720
4736.9624 0.9782
4738.0547 0.9766
4739.1445 0.9710
4740.2373 0.9720
4741.3276 0.9783
4742.4214 0.9824
4743.5122 0.9832
4744.6035 0.9832
4745.6973 0.9839
4746.7891 0.9832
4747.8838 0.9820
4748.9761 0.9801
4750.0713 0.9767
4751.1641 0.9707
4752.2568 0.9636
4753.3525 0.9629
4754.4463 0.9680
4755.5425 0.9699
4756.6367 0.9677
4757.7334 0.9645
4758.8281 0.9644
4759.9229 0.9702
4761.0205 0.9775
4762.1157 0.9801
4763.2139 0.9757
4764.3096 0.9660
4765.4082 0.9566
4766.5044 0.9539
4767.6011 0.9551
4768.7002 0.9589
4769.7974 0.9648
4770.8975 0.9702
4771.9951 0.9709
4773.0952 0.9660
4774.1934 0.9612
4775.2915 0.9640
4776.3926 0.9721
4777.4917 0.9780
4778.5933 0.9777
4779.6924 0.9778
4780.7949 0.9762
4781.8945 0.9715
4782.9946 0.9690
4784.0977 0.9708
4785.1982 0.9715
4786.3018 0.9676
4787.4028 0.9643
4788.5068 0.9595
4789.6084 0.9565
4790.7100 0.9582
4791.8149 0.9625
4792.9170 0.9649
4794.0225 0.9677
4795.1255 0.9709
4796.2310 0.9743
4797.3345 0.9768
4798.4380 0.9771
4799.5444 0.9743
4800.6489 0.9675
4801.7559 0.9612
4802.8604 0.9588
4803.9678 0.9603
4805.0732 0.9611
4806.1782 0.9556
4807.2866 0.9470
4808.3926 0.9438
4809.5015 0.9476
4810.6079 0.9529
4811.7173 0.9527
4812.8242 0.9478
4813.9312 0.9443
4815.0415 0.9448
4816.1489 0.9483
4817.2598 0.9516
4818.3677 0.9521
4819.4790 0.9500
4820.5879 0.9489
4821.6968 0.9491
4822.8086 0.9478
4823.9180 0.9416
4825.0303 0.9271
4826.1401 0.9065
4827.2534 0.9021
4828.3638 0.9120
4829.4771 0.9213
4830.5884 0.9215
4831.6992 0.9164
4832.8135 0.9128
4833.9253 0.9097
4835.0400 0.9078
4836.1523 0.9063
4837.2676 0.9025
4838.3804 0.8951
4839.4937 0.8889
4840.6094 0.8850
4841.7231 0.8802
4842.8394 0.8745
4843.9536 0.8694
4845.0708 0.8645
4846.1851 0.8582
4847.3003 0.8514
4848.4180 0.8421
4849.5332 0.8276
4850.6514 0.8104
4851.7676 0.7977
4852.8862 0.7925
4854.0024 0.7843
4855.1191 0.7694
4856.2388 0.7478
4857.3560 0.7226
4858.4761 0.6992
4859.5938 0.6795
4860.7144 0.6545
4861.8325 0.6183
4862.9512 0.5776
4864.0723 0.5530
4865.1914 0.5651
4866.3135 0.6028
4867.4326 0.6405
4868.5552 0.6728
4869.6753 0.7001
4870.7954 0.7229
4871.9189 0.7397
4873.0396 0.7469
4874.1631 0.7511
4875.2847 0.7631
4876.4087 0.7815
4877.5308 0.7974
4878.6528 0.8037
4879.7778 0.8077
4880.9004 0.8188
4882.0259 0.8351
4883.1489 0.8488
4884.2749 0.8534
4885.3984 0.8484
4886.5225 0.8431
4887.6494 0.8473
4888.7734 0.8564
4889.9009 0.8645
4891.0259 0.8675
4892.1538 0.8627
4893.2793 0.8509
4894.4048 0.8529
4895.5337 0.8711
4896.6597 0.8915
4897.7891 0.9036
4898.9155 0.9080
4900.0454 0.9093
4901.1724 0.9031
4902.2998 0.8929
4903.4307 0.8890
4904.5586 0.8931
4905.6895 0.8965
4906.8179 0.8973
4907.9497 0.9047
4909.0786 0.9129
4910.2080 0.9163
4911.3403 0.9125
4912.4702 0.9036
4913.6030 0.8977
4914.7334 0.9021
4915.8667 0.9112
4916.9976 0.9183
4918.1313 0.9203
4919.2627 0.9148
4920.3945 0.8973
4921.5288 0.8762
4922.6611 0.8652
4923.7964 0.8687
4924.9292 0.8749
4926.0649 0.8699
4927.1978 0.8699
4928.3315 0.8887
4929.4678 0.9079
4930.6021 0.9180
4931.7388 0.9206
4932.8735 0.9187
4934.0107 0.9113
4935.1460 0.8962
4936.2812 0.8813
4937.4194 0.8795
4938.5557 0.8904
4939.6943 0.8977
4940.8306 0.8946
4941.9702 0.8976
4943.1069 0.9074
4944.2441 0.9164
4945.3843 0.9202
4946.5220 0.9200
4947.6626 0.9168
4948.8008 0.9124
4949.9419 0.9116
4951.0806 0.9137
4952.2197 0.9156
4953.3618 0.9152
4954.5010 0.9118
4955.6436 0.9084
4956.7837 0.9073
4957.9268 0.9023
4959.0674 0.8862
4960.2080 0.8670
4961.3521 0.8768
4962.4932 0.9005
4963.6377 0.9152
4964.7793 0.9186
4965.9243 0.9175
4967.0669 0.9151
4968.2095 0.9088
4969.3550 0.9038
4970.4980 0.9022
4971.6445 0.9015
4972.7881 0.9007
4973.9351 0.9019
4975.0791 0.9051
4976.2236 0.9082
4977.3711 0.9114
4978.5161 0.9129
4979.6641 0.9108
4980.8096 0.9050
4981.9585 0.8979
4983.1045 0.8897
4984.2510 0.8758
4985.4004 0.8587
4986.5469 0.8499
4987.6968 0.8603
4988.8442 0.8810
4989.9946 0.8974
4991.1426 0.9031
4992.2910 0.9005
4993.4419 0.8953
4994.5908 0.8918
4995.7427 0.8906
4996.8921 0.8936
4998.0439 0.8994
4999.1938 0.9039
5000.3438 0.9039
5001.4971 0.8979
5002.6475 0.8846
5003.8013 0.8710
5004.9521 0.8679
5006.1064 0.8736
5007.2583 0.8748
5008.4126 0.8636
5009.5649 0.8623
5010.7173 0.8763
5011.8730 0.8891
5013.0259 0.8908
5014.1816 0.8835
5015.3354 0.8757
5016.4917 0.8730
5017.6460 0.8726
5018.8003 0.8674
5019.9575 0.8503
5021.1123 0.8313
5022.2700 0.8342
5023.4258 0.8562
5024.5840 0.8709
5025.7397 0.8802
5026.8960 0.8884
5028.0552 0.8926
5029.2119 0.8884
5030.3716 0.8817
5031.5288 0.8810
5032.6890 0.8813
5033.8472 0.8810
5035.0049 0.8831
5036.1660 0.8866
5037.3247 0.8792
5038.4863 0.8711
5039.6455 0.8715
5040.8076 0.8742
5041.9668 0.8690
5043.1270 0.8547
5044.2900 0.8472
5045.4502 0.8591
5046.6138 0.8774
5047.7749 0.8896
5048.9390 0.8919
5050.1001 0.8869
5051.2622 0.8766
5052.4268 0.8684
5053.5894 0.8636
5054.7544 0.8634
5055.9175 0.8688
5057.0830 0.8761
5058.2466 0.8736
5059.4102 0.8731
5060.5771 0.8793
5061.7412 0.8870
5062.9082 0.8910
5064.0732 0.8912
5065.2407 0.8898
5066.4062 0.8834
5067.5718 0.8748
5068.7402 0.8708
5069.9062 0.8721
5071.0752 0.8733
5072.2417 0.8751
5073.4116 0.8761
5074.5786 0.8735
5075.7461 0.8701
5076.9165 0.8679
5078.0845 0.8670
5079.2554 0.8700
5080.4238 0.8693
5081.5957 0.8596
5082.7646 0.8482
5083.9336 0.8457
5085.1060 0.8539
5086.2759 0.8600
5087.4487 0.8656
5088.6191 0.8679
5089.7925 0.8656
5090.9634 0.8639
5092.1348 0.8693
5093.3091 0.8737
5094.4805 0.8764
5095.6553 0.8780
5096.8276 0.8785
5098.0029 0.8757
5099.1758 0.8672
5100.3516 0.8553
5101.5249 0.8459
5102.6987 0.8441
5103.8750 0.8517
5105.0493 0.8642
5106.2266 0.8732
5107.4014 0.8756
5108.5791 0.8728
5109.7544 0.8668
5110.9297 0.8620
5112.1084 0.8608
5113.2842 0.8624
5114.4634 0.8666
5115.6401 0.8702
5116.8198 0.8687
5117.9966 0.8648
5119.1743 0.8646
5120.3545 0.8701
5121.5327 0.8709
5122.7134 0.8674
5123.8921 0.8627
5125.0737 0.8579
5126.2524 0.8528
5127.4321 0.8483
5128.6143 0.8480
5129.7939 0.8482
5130.9771 0.8462
5132.1572 0.8460
5133.3408 0.8498
5134.5220 0.8523
5135.7031 0.8465
5136.8872 0.8460
5138.0688 0.8496
5139.2539 0.8488
5140.4360 0.8400
5141.6216 0.8310
5142.8042 0.8326
5143.9873 0.8396
5145.1738 0.8431
5146.3574 0.8461
5147.5439 0.8495
5148.7280 0.8472
5149.9155 0.8421
5151.1001 0.8433
5152.2852 0.8482
5153.4731 0.8517
5154.6587 0.8502
5155.8477 0.8434
5157.0337 0.8369
5158.2227 0.8387
5159.4097 0.8456
5160.5962 0.8520
5161.7861 0.8544
5162.9736 0.8518
5164.1646 0.8440
5165.3525 0.8408
5166.5435 0.8428
5167.7319 0.8388
5168.9209 0.8184
5170.1128 0.7865
5171.3022 0.7719
5172.4946 0.7834
5173.6846 0.7961
5174.8779 0.7989
5176.0684 0.8049
5177.2588 0.8290
5178.4526 0.8458
5179.6440 0.8509
5180.8384 0.8525
5182.0303 0.8526
5183.2251 0.8493
5184.4175 0.8380
5185.6104 0.8134
5186.8062 0.8005
5187.9995 0.8094
5189.1958 0.8231
5190.3896 0.8254
5191.5864 0.8195
5192.7808 0.8192
5193.9780 0.8136
5195.1729 0.8102
5196.3682 0.8143
5197.5664 0.8193
5198.7622 0.8145
5199.9609 0.8087
5201.1572 0.8130
5202.3564 0.8227
5203.5532 0.8294
5204.7505 0.8302
5205.9507 0.8268
5207.1484 0.8163
5208.3491 0.8074
5209.5474 0.8075
5210.7485 0.8127
5211.9473 0.8197
5213.1460 0.8302
5214.3481 0.8379
5215.5479 0.8397
5216.7505 0.8349
5217.9507 0.8251
5219.1538 0.8176
5220.3545 0.8214
5221.5557 0.8315
5222.7598 0.8385
5223.9609 0.8415
5225.1655 0.8415
5226.3677 0.8379
5227.5728 0.8257
5228.7754 0.7977
5229.9785 0.7812
5231.1846 0.7913
5232.3877 0.8121
5233.5942 0.8220
5234.7983 0.8138
5236.0054 0.7971
5237.2100 0.7906
5238.4150 0.7978
5239.6230 0.8096
5240.8281 0.8183
5242.0366 0.8245
5243.2427 0.8288
5244.4517 0.8292
5245.6582 0.8285
5246.8652 0.8300
5248.0747 0.8326
5249.2822 0.8321
5250.4927 0.8299
5251.7007 0.8274
5252.9116 0.8253
5254.1201 0.8254
5255.3286 0.8262
5256.5405 0.8233
5257.7500 0.8188
5258.9624 0.8207
5260.1724 0.8258
5261.3853 0.8285
5262.5957 0.8255
5263.8062 0.8170
5265.0200 0.8065
5266.2310 0.7948
5267.4458 0.7845
5268.6572 0.7820
5269.8721 0.7871
5271.0845 0.7882
5272.2974 0.7754
5273.5132 0.7774
5274.7261 0.7917
5275.9424 0.8007
5277.1562 0.7948
5278.3730 0.7845
5279.5874 0.7929
5280.8047 0.8086
5282.0195 0.8149
5283.2349 0.8121
5284.4531 0.8059
5285.6689 0.7981
5286.8877 0.7936
5288.1040 0.8035
5289.3232 0.8175
5290.5400 0.8255
5291.7573 0.8262
5292.9775 0.8254
5294.1953 0.8244
5295.4160 0.8228
5296.6343 0.8215
5297.8555 0.8202
5299.0742 0.8175
5300.2935 0.8135
5301.5156 0.8127
5302.7354 0.8136
5303.9580 0.8123
5305.1782 0.8102
5306.4014 0.8109
5307.6221 0.8134
5308.8433 0.8103
5310.0674 0.8084
5311.2891 0.8105
5312.5137 0.8147
5313.7358 0.8172
5314.9614 0.8154
5316.1841 0.8104
5317.4072 0.8009
5318.6333 0.7858
5319.8569 0.7790
5321.0835 0.7899
5322.3076 0.8082
5323.5347 0.8141
5324.7598 0.8116
5325.9844 0.8014
5327.2129 0.7904
5328.4380 0.7845
5329.6670 0.7807
5330.8931 0.7712
5332.1221 0.7762
5333.3491 0.7918
5334.5757 0.8046
5335.8062 0.8078
5337.0337 0.8051
5338.2642 0.8003
5339.4922 0.7946
5340.7236 0.7893
5341.9521 0.7851
5343.1812 0.7850
5344.4131 0.7934
5345.6426 0.8042
5346.8755 0.8087
5348.1055 0.8080
5349.3389 0.8064
5350.5693 0.8055
5351.8003 0.8039
5353.0342 0.8034
5354.2656 0.8062
5355.5005 0.8083
5356.7324 0.8093
5357.9678 0.8112
5359.2002 0.8141
5360.4331 0.8153
5361.6694 0.8150
5362.9028 0.8118
5364.1392 0.8032
5365.3735 0.7911
5366.6108 0.7838
5367.8452 0.7857
5369.0801 0.7883
5370.3184 0.7881
5371.5537 0.7839
5372.7925 0.7768
5374.0283 0.7729
5375.2676 0.7839
5376.5039 0.7981
5377.7441 0.8061
5378.9810 0.8078
5380.2183 0.8065
5381.4590 0.8030
5382.6973 0.7962
5383.9385 0.7906
5385.1768 0.7868
5386.4189 0.7869
5387.6577 0.7927
5388.8975 0.8009
5390.1401 0.8029
5391.3799 0.8009
5392.6230 0.7974
5393.8638 0.7944
5395.1074 0.7926
5396.3486 0.7917
5397.5903 0.7921
5398.8350 0.7873
5400.0767 0.7822
5401.3223 0.7824
5402.5645 0.7865
5403.8105 0.7866
5405.0537 0.7821
5406.2969 0.7687
5407.5439 0.7579
5408.7876 0.7612
5410.0352 0.7747
5411.2798 0.7817
5412.5273 0.7787
5413.7725 0.7769
5415.0181 0.7799
5416.2666 0.7806
5417.5127 0.7772
5418.7617 0.7783
5420.0083 0.7862
5421.2583 0.7899
5422.5054 0.7901
5423.7529 0.7886
5425.0034 0.7839
5426.2515 0.7739
5427.5029 0.7672
5428.7515 0.7732
5430.0034 0.7805
5431.2524 0.7792
5432.5020 0.7730
5433.7549 0.7743
5435.0049 0.7782
5436.2578 0.7758
5437.5088 0.7746
5438.7627 0.7793
5440.0137 0.7871
5441.2651 0.7918
5442.5200 0.7926
5443.7720 0.7927
5445.0273 0.7913
5446.2798 0.7861
5447.5356 0.7766
5448.7891 0.7669
5450.0425 0.7667
5451.2993 0.7765
5452.5532 0.7861
5453.8105 0.7903
5455.0654 0.7894
5456.3232 0.7844
5457.5786 0.7725
5458.8340 0.7675
5460.0928 0.7738
5461.3486 0.7829
5462.6084 0.7863
5463.8647 0.7825
5465.1250 0.7727
5466.3823 0.7682
5467.6396 0.7711
5468.9004 0.7755
5470.1587 0.7773
5471.4199 0.7785
5472.6787 0.7793
5473.9404 0.7788
5475.1997 0.7755
5476.4624 0.7718
5477.7222 0.7666
5478.9824 0.7546
5480.2461 0.7408
5481.5068 0.7432
5482.7705 0.7576
5484.0322 0.7710
5485.2964 0.7777
5486.5586 0.7829
5487.8208 0.7838
5489.0859 0.7809
5490.3491 0.7768
5491.6147 0.7751
5492.8784 0.7760
5494.1450 0.7761
5495.4087 0.7757
5496.6729 0.7753
5497.9404 0.7743
5499.2056 0.7718
5500.4736 0.7699
5501.7388 0.7715
5503.0073 0.7721
5504.2734 0.7684
5505.5396 0.7668
5506.8096 0.7690
5508.0762 0.7705
5509.3462 0.7666
5510.6138 0.7640
5511.8843 0.7635
5513.1523 0.7644
5514.4209 0.7677
5515.6924 0.7721
5516.9614 0.7741
5518.2334 0.7750
5519.5029 0.7747
5520.7759 0.7746
5522.0459 0.7747
5523.3159 0.7742
5524.5898 0.7724
5525.8608 0.7695
5527.1348 0.7664
5528.4062 0.7618
5529.6812 0.7536
5530.9536 0.7466
5532.2256 0.7509
5533.5015 0.7620
5534.7744 0.7674
5536.0508 0.7640
5537.3242 0.7563
5538.6011 0.7534
5539.8755 0.7607
5541.1499 0.7662
5542.4277 0.7678
5543.7026 0.7670
5544.9810 0.7653
5546.2568 0.7628
5547.5356 0.7604
5548.8115 0.7614
5550.0884 0.7635
5551.3682 0.7659
5552.6450 0.7667
5553.9258 0.7663
5555.2031 0.7669
5556.4844 0.7654
5557.7627 0.7623
5559.0410 0.7612
5560.3232 0.7611
5561.6021 0.7606
5562.8848 0.7607
5564.1646 0.7602
5565.4473 0.7580
5566.7280 0.7555
5568.0083 0.7537
5569.2925 0.7536
5570.5737 0.7554
5571.8579 0.7545
5573.1401 0.7517
5574.4253 0.7486
5575.7075 0.7456
5576.9932 0.7458
5578.2764 0.7519
5579.5596 0.7541
5580.8462 0.7546
5582.1299 0.7555
5583.4170 0.7556
5584.7017 0.7542
5585.9893 0.7526
5587.2744 0.7528
5588.5601 0.7457
5589.8486 0.7350
5591.1348 0.7287
5592.4238 0.7313
5593.7104 0.7399
5595.0005 0.7449
5596.2876 0.7425
5597.5747 0.7404
5598.8657 0.7412
5600.1538 0.7405
5601.4448 0.7351
5602.7334 0.7357
5604.0254 0.7377
5605.3149 0.7370
5606.6045 0.7389
5607.8970 0.7460
5609.1870 0.7521
5610.4805 0.7540
5611.7715 0.7535
5613.0654 0.7525
5614.3569 0.7525
5615.6484 0.7511
5616.9434 0.7438
5618.2354 0.7337
5619.5308 0.7350
5620.8237 0.7418
5622.1201 0.7458
5623.4131 0.7461
5624.7070 0.7468
5626.0039 0.7431
5627.2983 0.7372
5628.5957 0.7356
5629.8906 0.7385
5631.1890 0.7424
5632.4844 0.7445
5633.7803 0.7446
5635.0791 0.7428
5636.3755 0.7412
5637.6753 0.7418
5638.9722 0.7422
5640.2725 0.7386
5641.5703 0.7370
5642.8682 0.7369
5644.1694 0.7359
5645.4678 0.7359
5646.7695 0.7383
5648.0684 0.7405
5649.3711 0.7414
5650.6704 0.7404
5651.9707 0.7386
5653.2739 0.7376
5654.5742 0.7384
5655.8784 0.7402
5657.1797 0.7367
5658.4839 0.7318
5659.7856 0.7258
5661.0879 0.7200
5662.3931 0.7194
5663.6958 0.7261
5665.0020 0.7251
5666.3052 0.7238
5667.6118 0.7284
5668.9155 0.7336
5670.2197 0.7338
5671.5273 0.7314
5672.8320 0.7310
5674.1401 0.7342
5675.4453 0.7386
5676.7539 0.7393
5678.0601 0.7359
5679.3696 0.7343
5680.6758 0.7349
5681.9829 0.7335
5683.2930 0.7304
5684.6006 0.7267
5685.9111 0.7237
5687.2192 0.7231
5688.5308 0.7233
5689.8394 0.7201
5691.1484 0.7171
5692.4609 0.7187
5693.7705 0.7242
5695.0835 0.7277
5696.3936 0.7289
5697.7070 0.7290
5699.0176 0.7293
5700.3286 0.7302
5701.6431 0.7302
5702.9551 0.7283
5704.2700 0.7272
5705.5825 0.7281
5706.8979 0.7274
5708.2109 0.7237
5709.5239 0.7189
5710.8408 0.7160
5712.1543 0.7137
5713.4717 0.7148
5714.7861 0.7192
5716.1040 0.7247
5717.4189 0.7279
5718.7339 0.7271
5720.0527 0.7253
5721.3687 0.7235
5722.6880 0.7229
5724.0044 0.7226
5725.3242 0.7226
5726.6416 0.7243
5727.9590 0.7245
5729.2798 0.7238
5730.5977 0.7238
5731.9194 0.7237
5733.2378 0.7231
5734.5601 0.7230
5735.8794 0.7218
5737.1987 0.7230
5738.5215 0.7247
5739.8418 0.7248
5741.1655 0.7242
5742.4863 0.7250
5743.8105 0.7239
5745.1318 0.7206
5746.4536 0.7186
5747.7783 0.7190
5749.1006 0.7203
5750.4268 0.7199
5751.7495 0.7194
5753.0757 0.7193
5754.3994 0.7181
5755.7231 0.7153
5757.0503 0.7135
5758.3745 0.7165
5759.7026 0.7185
5761.0273 0.7197
5762.3560 0.7190
5763.6816 0.7160
5765.0078 0.7119
5766.3369 0.7095
5767.6636 0.7141
5768.9937 0.7189
5770.3208 0.7198
5771.6514 0.7183
5772.9790 0.7169
5774.3071 0.7160
5775.6387 0.7163
5776.9673 0.7156
5778.2993 0.7146
5779.6289 0.7151
5780.9614 0.7159
5782.2915 0.7137
5783.6250 0.7129
5784.9556 0.7127
5786.2861 0.7122
5787.6206 0.7117
5788.9521 0.7117
5790.2871 0.7119
5791.6191 0.7115
5792.9546 0.7111
5794.2871 0.7104
5795.6201 0.7097
5796.9565 0.7102
5798.2900 0.7123
5799.6274 0.7117
5800.9614 0.7104
5802.2993 0.7102
5803.6338 0.7095
5804.9692 0.7083
5806.3076 0.7096
5807.6436 0.7114
5808.9824 0.7112
5810.3188 0.7096
5811.6587 0.7073
5812.9956 0.7056
5814.3330 0.7056
5815.6738 0.7046
5817.0117 0.7051
5818.3530 0.7052
5819.6914 0.7045
5821.0337 0.7045
5822.3726 0.7062
5823.7119 0.7078
5825.0552 0.7089
5826.3950 0.7087
5827.7388 0.7076
5829.0791 0.7064
5830.4233 0.7053
5831.7646 0.7059
5833.1064 0.7068
5834.4517 0.7062
5835.7935 0.7063
5837.1396 0.7078
5838.4824 0.7070
5839.8286 0.7068
5841.1719 0.7065
5842.5156 0.7042
5843.8633 0.7021
5845.2075 0.7019
5846.5552 0.7015
5847.9004 0.7013
5849.2490 0.7001
5850.5942 0.6995
5851.9404 0.7021
5853.2896 0.7053
5854.6362 0.7015
5855.9863 0.6953
5857.3335 0.6928
5858.6841 0.6914
5860.0322 0.6889
5861.3799 0.6871
5862.7319 0.6893
5864.0806 0.6922
5865.4326 0.6931
5866.7822 0.6948
5868.1348 0.6985
5869.4849 0.7016
5870.8350 0.7010
5872.1890 0.7000
5873.5400 0.6993
5874.8940 0.6987
5876.2456 0.6975
5877.6006 0.6965
5878.9531 0.6980
5880.3052 0.6986
5881.6611 0.6965
5883.0146 0.6936
5884.3711 0.6919
5885.7246 0.6910
5887.0820 0.6887
5888.4365 0.6851
5889.7939 0.6854
5891.1489 0.6788
5892.5044 0.6637
5893.8633 0.6557
5895.2192 0.6708
5896.5786 0.6788
5897.9351 0.6673
5899.2949 0.6565
5900.6523 0.6609
5902.0098 0.6742
5903.3706 0.6785
5904.7285 0.6817
5906.0903 0.6850
5907.4487 0.6876
5908.8110 0.6882
5910.1704 0.6869
5911.5303 0.6858
5912.8931 0.6851
5914.2534 0.6836
5915.6172 0.6807
5916.9780 0.6782
5918.3428 0.6785
5919.7041 0.6801
5921.0659 0.6792
5922.4312 0.6815
5923.7939 0.6828
5925.1597 0.6803
5926.5229 0.6775
5927.8896 0.6806
5929.2534 0.6838
5930.6172 0.6824
5931.9849 0.6793
5933.3496 0.6790
5934.7178 0.6810
5936.0830 0.6798
5937.4517 0.6790
5938.8179 0.6810
5940.1841 0.6820
5941.5537 0.6790
5942.9204 0.6741
5944.2910 0.6725
5945.6587 0.6748
5947.0298 0.6769
5948.3975 0.6769
5949.7661 0.6746
5951.1382 0.6719
5952.5073 0.6714
5953.8799 0.6743
5955.2495 0.6749
5956.6226 0.6737
5957.9932 0.6735
5959.3638 0.6739
5960.7378 0.6713
5962.1094 0.6711
5963.4839 0.6725
5964.8560 0.6723
5966.2314 0.6731
5967.6040 0.6747
5968.9766 0.6714
5970.3530 0.6701
5971.7266 0.6706
5973.1035 0.6702
5974.4780 0.6703
5975.8555 0.6712
5977.2305 0.6702
5978.6055 0.6679
5979.9839 0.6661
5981.3599 0.6652
5982.7388 0.6655
5984.1152 0.6667
5985.4951 0.6671
5986.8721 0.6646
5988.2495 0.6618
5989.6304 0.6614
5991.0083 0.6643
5992.3896 0.6671
5993.7681 0.6644
5995.1504 0.6615
5996.5298 0.6647
5997.9126 0.6686
5999.2920 0.6681
6000.6724 0.6647
6002.0562 0.6641
6003.4370 0.6647
6004.8213 0.6646
6006.2026 0.6644
6007.5874 0.6644
6008.9697 0.6638
6010.3521 0.6612
6011.7378 0.6587
6013.1211 0.6596
6014.5078 0.6621
6015.8911 0.6615
6017.2783 0.6579
6018.6626 0.6578
6020.0474 0.6593
6021.4355 0.6586
6022.8208 0.6567
6024.2095 0.6560
6025.5957 0.6569
6026.9849 0.6568
6028.3716 0.6573
6029.7583 0.6589
6031.1489 0.6594
6032.5361 0.6593
6033.9272 0.6602
6035.3154 0.6613
6036.7070 0.6607
6038.0957 0.6598
6039.4849 0.6589
6040.8774 0.6578
6042.2671 0.6570
6043.6606 0.6567
6045.0508 0.6558
6046.4448 0.6560
6047.8359 0.6553
6049.2271 0.6531
6050.6221 0.6513
6052.0142 0.6530
6053.4097 0.6554
6054.8022 0.6549
6056.1982 0.6535
6057.5918 0.6525
6058.9854 0.6522
6060.3823 0.6535
6061.7764 0.6553
6063.1743 0.6540
6064.5693 0.6529
6065.9678 0.6528
6067.3633 0.6517
6068.7588 0.6488
6070.1582 0.6499
6071.5547 0.6523
6072.9551 0.6529
6074.3521 0.6528
6075.7529 0.6533
6077.1504 0.6531
6078.5483 0.6524
6079.9502 0.6515
6081.3491 0.6499
6082.7515 0.6494
6084.1504 0.6505
6085.5537 0.6506
6086.9536 0.6485
6088.3540 0.6467
6089.7578 0.6466
6091.1587 0.6478
6092.5635 0.6483
6093.9648 0.6472
6095.3701 0.6482
6096.7725 0.6487
6098.1782 0.6490
6099.5811 0.6495
6100.9844 0.6500
6102.3911 0.6492
6103.7949 0.6459
6105.2026 0.6400
6106.6069 0.6378
6108.0151 0.6414
6109.4204 0.6467
6110.8257 0.6476
6112.2349 0.6476
6113.6411 0.6463
6115.0508 0.6447
6116.4575 0.6439
6117.8682 0.6445
6119.2754 0.6456
6120.6831 0.6441
6122.0947 0.6444
6123.5029 0.6422
6124.9150 0.6372
6126.3242 0.6348
6127.7368 0.6389
6129.1465 0.6420
6130.5566 0.6429
6131.9702 0.6412
6133.3809 0.6394
6134.7954 0.6394
6136.2065 0.6396
6137.6216 0.6392
6139.0337 0.6347
6140.4458 0.6302
6141.8618 0.6305
6143.2749 0.6319
6144.6914 0.6255
6146.1050 0.6262
6147.5220 0.6338
6148.9365 0.6359
6150.3511 0.6304
6151.7690 0.6254
6153.1846 0.6284
6154.6035 0.6349
6156.0190 0.6375
6157.4390 0.6342
6158.8555 0.6281
6160.2720 0.6248
6161.6929 0.6272
6163.1104 0.6288
6164.5312 0.6252
6165.9497 0.6235
6167.3711 0.6269
6168.7900 0.6321
6170.2095 0.6332
6171.6323 0.6314
6173.0518 0.6281
6174.4756 0.6281
6175.8960 0.6301
6177.3198 0.6301
6178.7412 0.6274
6180.1626 0.6285
6181.5874 0.6309
6183.0098 0.6327
6184.4355 0.6330
6185.8579 0.6324
6187.2847 0.6321
6188.7080 0.6299
6190.1318 0.6293
6191.5591 0.6304
6192.9834 0.6294
6194.4116 0.6258
6195.8364 0.6256
6197.2651 0.6275
6198.6909 0.6291
6200.1172 0.6295
6201.5469 0.6299
6202.9731 0.6308
6204.4038 0.6305
6205.8311 0.6290
6207.2622 0.6292
6208.6899 0.6301
6210.1216 0.6304
6211.5503 0.6296
6212.9795 0.6283
6214.4121 0.6271
6215.8418 0.6252
6217.2749 0.6232
6218.7056 0.6234
6220.1392 0.6254
6221.5703 0.6246
6223.0015 0.6223
6224.4365 0.6232
6225.8687 0.6235
6227.3042 0.6222
6228.7368 0.6216
6230.1729 0.6230
6231.6064 0.6231
6233.0400 0.6197
6234.4771 0.6167
6235.9116 0.6162
6237.3496 0.6172
6238.7842 0.6179
6240.2231 0.6157
6241.6587 0.6115
6243.0942 0.6116
6244.5342 0.6156
6245.9707 0.6183
6247.4111 0.6160
6248.8481 0.6094
6250.2891 0.6032
6251.7271 0.6049
6253.1650 0.6123
6254.6069 0.6167
6256.0459 0.6125
6257.4888 0.6097
6258.9282 0.6113
6260.3716 0.6144
6261.8115 0.6159
6263.2520 0.6156
6264.6963 0.6159
6266.1377 0.6150
6267.5825 0.6148
6269.0244 0.6144
6270.4702 0.6140
6271.9126 0.6146
6273.3555 0.6155
6274.8022 0.6146
6276.2456 0.6132
6277.6929 0.6095
6279.1372 0.6017
6280.5850 0.5943
6282.0298 0.5965
6283.4751 0.6013
6284.9238 0.6052
6286.3696 0.6081
6287.8193 0.6102
6289.2661 0.6107
6290.7163 0.6091
6292.1636 0.6076
6293.6108 0.6057
6295.0620 0.6049
6296.5103 0.6044
6297.9624 0.6039
6299.4111 0.6045
6300.8638 0.6042
6302.3135 0.6046
6303.7632 0.6028
6305.2168 0.6000
6306.6675 0.5997
6308.1216 0.6017
6309.5728 0.6029
6311.0278 0.6037
6312.4795 0.6024
6313.9316 0.6020
6315.3877 0.6041
6316.8403 0.6037
6318.2974 0.6015
6319.7510 0.5986
6321.2080 0.5960
6322.6621 0.5964
6324.1201 0.5997
6325.5752 0.6015
6327.0303 0.6018
6328.4893 0.6034
6329.9453 0.6048
6331.4048 0.6047
6332.8613 0.6033
6334.3218 0.6015
6335.7788 0.6000
6337.2363 0.5984
6338.6978 0.5972
6340.1558 0.5973
6341.6182 0.5985
6343.0767 0.5993
6344.5396 0.6000
6345.9990 0.5998
6347.4590 0.5979
6348.9229 0.5917
6350.3833 0.5846
6351.8477 0.5877
6353.3091 0.5967
6354.7739 0.6007
6356.2358 0.6010
6357.6982 0.5999
6359.1641 0.5983
6360.6270 0.5968
6362.0938 0.5963
6363.5576 0.5952
6365.0249 0.5945
6366.4893 0.5945
6367.9536 0.5949
6369.4224 0.5957
6370.8877 0.5956
6372.3564 0.5931
6373.8228 0.5880
6375.2925 0.5859
6376.7588 0.5907
6378.2261 0.5960
6379.6968 0.5963
6381.1646 0.5955
6382.6357 0.5957
6384.1040 0.5958
6385.5762 0.5947
6387.0454 0.5928
6388.5146 0.5925
6389.9878 0.5932
6391.4580 0.5932
6392.9316 0.5927
6394.4023 0.5921
6395.8770 0.5907
6397.3481 0.5906
6398.8198 0.5920
6400.2954 0.5928
6401.7681 0.5905
6403.2441 0.5869
6404.7173 0.5882
6406.1943 0.5921
6407.6680 0.5937
6409.1421 0.5923
6410.6196 0.5894
6412.0947 0.5874
6413.5732 0.5879
6415.0488 0.5872
6416.5278 0.5883
6418.0039 0.5870
6419.4805 0.5830
6420.9609 0.5807
6422.4380 0.5826
6423.9189 0.5840
6425.3970 0.5852
6426.8784 0.5884
6428.3569 0.5913
6429.8359 0.5910
6431.3184 0.5900
6432.7979 0.5899
6434.2812 0.5873
6435.7617 0.5829
6437.2456 0.5810
6438.7266 0.5838
6440.2114 0.5864
6441.6929 0.5815
6443.1748 0.5797
6444.6606 0.5830
6446.1431 0.5866
6447.6294 0.5872
6449.1128 0.5872
6450.6001 0.5856
6452.0840 0.5820
6453.5684 0.5799
6455.0566 0.5813
6456.5415 0.5830
6458.0303 0.5773
6459.5161 0.5669
6461.0054 0.5673
6462.4917 0.5754
6463.9785 0.5795
6465.4692 0.5763
6466.9565 0.5761
6468.4478 0.5803
6469.9360 0.5821
6471.4277 0.5818
6472.9165 0.5806
6474.4058 0.5793
6475.8984 0.5790
6477.3882 0.5793
6478.8818 0.5806
6480.3726 0.5824
6481.8667 0.5810
6483.3579 0.5767
6484.8496 0.5757
6486.3447 0.5752
6487.8369 0.5763
6489.3330 0.5772
6490.8262 0.5770
6492.3228 0.5763
6493.8164 0.5745
6495.3101 0.5710
6496.8081 0.5658
6498.3027 0.5608
6499.8013 0.5594
6501.2964 0.5636
6502.7954 0.5713
6504.2915 0.5749
6505.7876 0.5760
6507.2881 0.5763
6508.7852 0.5763
6510.2861 0.5759
6511.7837 0.5753
6513.2852 0.5763
6514.7837 0.5743
6516.2822 0.5704
6517.7852 0.5654
6519.2842 0.5613
6520.7876 0.5624
6522.2876 0.5678
6523.7920 0.5708
6525.2925 0.5706
6526.7939 0.5690
6528.2988 0.5681
6529.8008 0.5679
6531.3062 0.5663
6532.8091 0.5650
6534.3154 0.5628
6535.8184 0.5606
6537.3223 0.5594
6538.8296 0.5578
6540.3340 0.5573
6541.8423 0.5571
6543.3472 0.5543
6544.8560 0.5497
6546.3613 0.5459
6547.8677 0.5441
6549.3774 0.5413
6550.8843 0.5374
6552.3945 0.5345
6553.9019 0.5317
6555.4136 0.5261
6556.9214 0.5179
6558.4336 0.5112
6559.9424 0.5026
6561.4512 0.4917
6562.9644 0.4775
6564.4741 0.4568
6565.9878 0.4328
6567.4985 0.4374
6569.0127 0.4611
6570.5239 0.4823
6572.0356 0.4950
6573.5513 0.5036
6575.0635 0.5107
6576.5796 0.5169
6578.0923 0.5229
6579.6094 0.5293
6581.1230 0.5341
6582.6372 0.5364
6584.1548 0.5390
6585.6694 0.5416
6587.1885 0.5442
6588.7036 0.5459
6590.2231 0.5462
6591.7393 0.5467
6593.2554 0.5497
6594.7759 0.5507
6596.2930 0.5512
6597.8140 0.5545
6599.3320 0.5578
6600.8535 0.5578
6602.3721 0.5577
6603.8911 0.5587
6605.4141 0.5591
6606.9336 0.5585
6608.4570 0.5575
6609.9771 0.5574
6611.5015 0.5589
6613.0225 0.5593
6614.5439 0.5600
6616.0693 0.5609
6617.5913 0.5625
6619.1172 0.5637
6620.6396 0.5618
6622.1665 0.5606
6623.6899 0.5607
6625.2139 0.5606
6626.7417 0.5600
6628.2661 0.5599
6629.7944 0.5611
6631.3198 0.5606
6632.8486 0.5595
6634.3745 0.5581
6635.9009 0.5569
6637.4312 0.5568
6638.9580 0.5583
6640.4888 0.5603
6642.0166 0.5614
6643.5483 0.5609
6645.0767 0.5596
6646.6055 0.5584
6648.1382 0.5568
6649.6675 0.5575
6651.2007 0.5585
6652.7310 0.5584
6654.2651 0.5581
6655.7959 0.5576
6657.3271 0.5557
6658.8623 0.5554
6660.3940 0.5557
6661.9297 0.5552
6663.4624 0.5552
6664.9990 0.5558
6666.5322 0.5543
6668.0659 0.5546
6669.6035 0.5565
6671.1377 0.5572
6672.6763 0.5554
6674.2114 0.5527
6675.7505 0.5519
6677.2861 0.5539
6678.8257 0.5556
6680.3623 0.5535
6681.8989 0.5496
6683.4399 0.5486
6684.9775 0.5510
6686.5190 0.5524
6688.0571 0.5524
6689.5996 0.5534
6691.1382 0.5541
6692.6777 0.5534
6694.2212 0.5535
6695.7607 0.5529
6697.3052 0.5517
6698.8457 0.5510
6700.3906 0.5499
6701.9316 0.5473
6703.4736 0.5462
6705.0195 0.5486
6706.5620 0.5496
6708.1084 0.5488
6709.6519 0.5479
6711.1987 0.5476
6712.7427 0.5475
6714.2871 0.5481
6715.8354 0.5470
6717.3804 0.5459
6718.9292 0.5450
6720.4751 0.5439
6722.0249 0.5433
6723.5713 0.5446
6725.1177 0.5449
6726.6685 0.5452
6728.2163 0.5457
6729.7676 0.5454
6731.3159 0.5442
6732.8682 0.5454
6734.4170 0.5456
6735.9663 0.5447
6737.5195 0.5441
6739.0693 0.5437
6740.6235 0.5420
6742.1743 0.5418
6743.7290 0.5427
6745.2803 0.5425
6746.8320 0.5413
6748.3877 0.5407
6749.9404 0.5413
6751.4966 0.5390
6753.0498 0.5384
6754.6069 0.5399
6756.1611 0.5413
6757.7153 0.5409
6759.2734 0.5393
6760.8286 0.5370
6762.3877 0.5378
6763.9434 0.5393
6765.5029 0.5398
6767.0596 0.5398
6768.6162 0.5398
6770.1772 0.5392
6771.7344 0.5387
6773.2959 0.5388
6774.8540 0.5387
6776.4165 0.5382
6777.9756 0.5379
6779.5347 0.5377
6781.0981 0.5377
6782.6582 0.5377
6784.2222 0.5374
6785.7827 0.5368
6787.3477 0.5360
6788.9092 0.5353
6790.4707 0.5354
6792.0366 0.5356
6793.5991 0.5354
6795.1655 0.5351
6796.7290 0.5351
6798.2964 0.5348
6799.8604 0.5346
6801.4282 0.5343
6802.9927 0.5339
6804.5581 0.5339
6806.1270 0.5341
6807.6929 0.5338
6809.2627 0.5336
6810.8291 0.5335
6812.3994 0.5332
6813.9668 0.5326
6815.5342 0.5324
6817.1060 0.5321
6818.6743 0.5319
6820.2466 0.5319
6821.8154 0.5316
6823.3887 0.5311
6824.9585 0.5307
6826.5283 0.5307
6828.1025 0.5307
6829.6733 0.5294
6831.2485 0.5268
6832.8198 0.5255
6834.3955 0.5285
6835.9678 0.5293
6837.5405 0.5293
6839.1172 0.5291
6840.6904 0.5288
6842.2681 0.5285
6843.8418 0.5279
6845.4199 0.5271
6846.9946 0.5269
6848.5698 0.5271
6850.1494 0.5274
6851.7251 0.5273
6853.3052 0.5271
6854.8818 0.5269
6856.4624 0.5265
6858.0396 0.5255
6859.6177 0.5245
6861.1992 0.5244
6862.7778 0.5248
6864.3604 0.5245
6865.9395 0.5245
6867.5225 0.5247
6869.1025 0.5249
6870.6826 0.5246
6872.2671 0.5244
6873.8481 0.5239
6875.4331 0.5237
6877.0146 0.5237
6878.6006 0.5236
6880.1831 0.5234
6881.7656 0.5232
6883.3525 0.5229
6884.9360 0.5225
6886.5239 0.5221
6888.1079 0.5219
6889.6963 0.5217
6891.2812 0.5212
6892.8667 0.5213
6894.4561 0.5214
6896.0425 0.5213
6897.6323 0.5211
6899.2192 0.5209
6900.8105 0.5206
6902.3979 0.5204
6903.9858 0.5202
6905.5776 0.5200
6907.1665 0.5196
6908.7593 0.5190
6910.3486 0.5185
6911.9419 0.5186
6913.5322 0.5185
6915.1226 0.5182
6916.7173 0.5177
6918.3081 0.5175
6919.9038 0.5172
6921.4956 0.5171
6923.0918 0.5168
6924.6846 0.5162
6926.2812 0.5159
6927.8745 0.5162
6929.4683 0.5160
6931.0664 0.5156
6932.6606 0.5153
6934.2593 0.5153
6935.8545 0.5152
6937.4541 0.5151
6939.0498 0.5151
6940.6460 0.5148
6942.2466 0.5144
6943.8438 0.5140
6945.4448 0.5138
6947.0430 0.5137
6948.6445 0.5131
6950.2432 0.5128
6951.8423 0.5128
6953.4453 0.5128
6955.0449 0.5125
6956.6489 0.5122
6958.2490 0.5121
6959.8535 0.5118
6961.4546 0.5117
6963.0562 0.5116
6964.6621 0.5111
6966.2642 0.5101
6967.8706 0.5100
6969.4736 0.5103
6971.0806 0.5105
6972.6841 0.5101
6974.2886 0.5094
6975.8965 0.5091
6977.5015 0.5094
6979.1104 0.5085
6980.7158 0.5071
6982.3257 0.5065
6983.9321 0.5066
6985.5386 0.5071
6987.1494 0.5081
6988.7568 0.5082
6990.3687 0.5078
6991.9766 0.5077
6993.5889 0.5077
6995.1978 0.5075
6996.8071 0.5069
6998.4204 0.5067
7000.0303 0.5070
7001.6445 0.5070
7003.2554 0.5062
7004.8701 0.5051
7006.4819 0.5038
7008.0938 0.5033
7009.7095 0.5038
7011.3223 0.5053
7012.9390 0.5061
7014.5522 0.5054
7016.1699 0.5045
7017.7837 0.5040
7019.3984 0.5036
7021.0171 0.5034
7022.6323 0.5039
7024.2515 0.5047
7025.8677 0.5039
7027.4878 0.5028
7029.1045 0.5025
7030.7212 0.5032
7032.3428 0.5040
7033.9604 0.5037
7035.5825 0.5029
7037.2007 0.5014
7038.8237 0.5000
7040.4429 0.5002
7042.0664 0.5011
7043.6865 0.5013
7045.3066 0.5016
7046.9316 0.5017
7048.5527 0.5018
7050.1782 0.5020
7051.7998 0.5014
7053.4263 0.5002
7055.0488 0.5005
7056.6719 0.5011
7058.2988 0.5007
7059.9229 0.4996
7061.5508 0.4982
7063.1753 0.4970
7064.8037 0.4965
7066.4292 0.4965
7068.0547 0.4954
7069.6846 0.4950
7071.3110 0.4962
7072.9419 0.4977
7074.5688 0.4977
7076.2002 0.4966
7077.8281 0.4960
7079.4561 0.4955
7081.0889 0.4945
7082.7178 0.4940
7084.3511 0.4953
7085.9810 0.4964
7087.6147 0.4965
7089.2451 0.4955
7090.8760 0.4937
7092.5112 0.4923
7094.1431 0.4933
7095.7788 0.4936
7097.4111 0.4933
7099.0479 0.4934
7100.6812 0.4936
7102.3145 0.4930
7103.9521 0.4920
7105.5864 0.4925
7107.2251 0.4933
7108.8599 0.4933
7110.4995 0.4925
7112.1353 0.4914
7113.7715 0.4901
7115.4116 0.4875
7117.0483 0.4854
7118.6899 0.4845
7120.3271 0.4848
7121.9692 0.4860
7123.6079 0.4874
7125.2466 0.4876
7126.8896 0.4886
7128.5293 0.4901
7130.1729 0.4906
7131.8130 0.4898
7133.4580 0.4888
7135.0986 0.4880
7136.7402 0.4882
7138.3857 0.4888
7140.0283 0.4889
7141.6748 0.4885
7143.3174 0.4883
7144.9648 0.4880
7146.6084 0.4871
7148.2524 0.4871
7149.9009 0.4865
7151.5459 0.4841
7153.1948 0.4837
7154.8403 0.4859
7156.4902 0.4866
7158.1367 0.4861
7159.7832 0.4852
7161.4346 0.4847
7163.0820 0.4854
7164.7339 0.4851
7166.3818 0.4841
7168.0347 0.4820
7169.6836 0.4809
7171.3369 0.4826
7172.9863 0.4839
7174.6367 0.4841
7176.2910 0.4841
7177.9419 0.4838
7179.5972 0.4832
7181.2490 0.4827
7182.9048 0.4827
7184.5571 0.4817
7186.2100 0.4814
7187.8672 0.4818
7189.5210 0.4808
7191.1787 0.4786
7192.8330 0.4794
7194.4917 0.4807
7196.1465 0.4797
7197.8022 0.4788
7199.4619 0.4792
7201.1182 0.4797
7202.7788 0.4796
7204.4355 0.4786
7206.0972 0.4770
7207.7549 0.4774
7209.4131 0.4778
7211.0757 0.4758
7212.7344 0.4759
7214.3975 0.4774
7216.0571 0.4774
7217.7212 0.4765
7219.3818 0.4760
7221.0425 0.4764
7222.7075 0.4763
7224.3691 0.4758
7226.0352 0.4744
7227.6973 0.4733
7229.3643 0.4735
7231.0273 0.4745
7232.6909 0.4747
7234.3584 0.4749
7236.0229 0.4749
7237.6914 0.4744
7239.3564 0.4739
7241.0259 0.4736
7242.6919 0.4729
7244.3579 0.4712
7246.0283 0.4712
7247.6953 0.4713
7249.3667 0.4713
7251.0342 0.4720
7252.7065 0.4721
7254.3750 0.4709
7256.0439 0.4706
7257.7168 0.4705
7259.3867 0.4704
7261.0605 0.4708
7262.7310 0.4710
7264.4058 0.4702
7266.0771 0.4697
7267.7485 0.4697
7269.4243 0.4697
7271.0967 0.4696
7272.7734 0.4696
7274.4463 0.4692
7276.1240 0.4688
7277.7979 0.4682
7279.4722 0.4676
7281.1509 0.4676
7282.8257 0.4678
7284.5054 0.4676
7286.1812 0.4671
7287.8613 0.4665
7289.5376 0.4662
7291.2148 0.4652
7292.8960 0.4616
7294.5737 0.4626
7296.2559 0.4642
7297.9341 0.4649
7299.6172 0.4651
7301.2964 0.4650
7302.9800 0.4643
7304.6602 0.4638
7306.3408 0.4635
7308.0254 0.4636
7309.7065 0.4631
7311.3921 0.4616
7313.0742 0.4609
7314.7607 0.4613
7316.4434 0.4622
7318.1265 0.4627
7319.8140 0.4627
7321.4980 0.4623
7323.1860 0.4614
7324.8711 0.4603
7326.5601 0.4608
7328.2456 0.4604
7329.9312 0.4588
7331.6216 0.4586
7333.3081 0.4600
7334.9995 0.4596
7336.6865 0.4596
7338.3784 0.4597
7340.0669 0.4595
7341.7554 0.4595
7343.4482 0.4590
7345.1377 0.4589
7346.8315 0.4588
7348.5215 0.4586
7350.2163 0.4584
7351.9067 0.4581
7353.5981 0.4579
7355.2939 0.4574
7356.9858 0.4569
7358.6826 0.4563
7360.3755 0.4561
7362.0728 0.4566
7363.7661 0.4567
7365.4604 0.4562
7367.1587 0.4557
7368.8535 0.4556
7370.5527 0.4557
7372.2485 0.4557
7373.9487 0.4554
7375.6450 0.4550
7377.3418 0.4546
7379.0430 0.4544
7380.7402 0.4545
7382.4424 0.4547
7384.1406 0.4543
7385.8433 0.4538
7387.5425 0.4534
7389.2422 0.4524
7390.9458 0.4510
7392.6465 0.4507
7394.3511 0.4515
7396.0522 0.4521
7397.7573 0.4516
7399.4595 0.4516
7401.1616 0.4522
7402.8682 0.4520
7404.5713 0.4510
7406.2788 0.4507
7407.9824 0.4498
7409.6909 0.4482
7411.3955 0.4469
7413.1006 0.4459
7414.8101 0.4446
7416.5156 0.4469
7418.2261 0.4466
7419.9326 0.4454
7421.6436 0.4462
7423.3506 0.4478
7425.0586 0.4458
7426.7705 0.4431
7428.4795 0.4432
7430.1924 0.4457
7431.9014 0.4478
7433.6152 0.4477
7435.3257 0.4471
7437.0400 0.4474
7438.7510 0.4479
7440.4624 0.4478
7442.1777 0.4474
7443.8901 0.4466
7445.6064 0.4445
7447.3193 0.4438
7449.0366 0.4430
7450.7505 0.4430
7452.4644 0.4431
7454.1831 0.4427
7455.8979 0.4438
7457.6172 0.4448
7459.3325 0.4448
7461.0527 0.4448
7462.7690 0.4448
7464.4858 0.4434
7466.2070 0.4402
7467.9248 0.4407
7469.6470 0.4423
7471.3652 0.4420
7473.0884 0.4414
7474.8076 0.4424
7476.5269 0.4427
7478.2510 0.4420
7479.9712 0.4412
7481.6963 0.4412
7483.4175 0.4415
7485.1431 0.4411
7486.8652 0.4406
7488.5874 0.4408
7490.3145 0.4408
7492.0371 0.4405
7493.7651 0.4402
7495.4888 0.4398
7497.2173 0.4393
7498.9419 0.4368
7500.6670 0.4371
7502.3970 0.4385
7504.1226 0.4390
7505.8530 0.4385
7507.5801 0.4382
7509.3110 0.4378
7511.0386 0.4379
7512.7666 0.4371
7514.4990 0.4349
7516.2275 0.4333
7517.9609 0.4344
7519.6904 0.4346
7521.4243 0.4355
7523.1548 0.4362
7524.8853 0.4357
7526.6206 0.4340
7528.3521 0.4331
7530.0884 0.4345
7531.8203 0.4352
7533.5571 0.4348
7535.2905 0.4338
7537.0239 0.4331
7538.7617 0.4335
7540.4961 0.4339
7542.2349 0.4339
7543.9702 0.4337
7545.7095 0.4334
7547.4453 0.4330
7549.1816 0.4329
7550.9229 0.4325
7552.6597 0.4322
7554.4014 0.4322
7556.1392 0.4321
7557.8818 0.4316
7559.6201 0.4305
7561.3594 0.4308
7563.1030 0.4308
7564.8428 0.4304
7566.5874 0.4302
7568.3281 0.4302
7570.0732 0.4299
7571.8149 0.4295
7573.5610 0.4291
7575.3032 0.4291
7577.0459 0.4290
7578.7930 0.4282
7580.5366 0.4282
7582.2847 0.4283
7584.0288 0.4281
7585.7778 0.4278
7587.5229 0.4273
7589.2686 0.4267
7591.0186 0.4267
7592.7646 0.4269
7594.5156 0.4269
7596.2627 0.4267
7598.0142 0.4265
7599.7622 0.4262
7601.5107 0.4260
7603.2637 0.4258
7605.0127 0.4253
7606.7661 0.4250
7608.5161 0.4249
7610.2710 0.4249
7612.0215 0.4248
7613.7725 0.4245
7615.5283 0.4242
7617.2803 0.4240
7619.0366 0.4233
7620.7896 0.4219
7622.5469 0.4213
7624.3003 0.4215
7626.0542 0.4219
7627.8130 0.4223
7629.5679 0.4223
7631.3271 0.4221
7633.0825 0.4219
7634.8428 0.4217
7636.5991 0.4215
7638.3560 0.4212
7640.1172 0.4210
7641.8750 0.4208
7643.6372 0.4204
7645.3955 0.4202
7647.1587 0.4201
7648.9180 0.4200
7650.6772 0.4197
7652.4419 0.4195
7654.2021 0.4194
7655.9673 0.4191
7657.7285 0.4183
7659.4941 0.4172
7661.2563 0.4159
7663.0186 0.4150
7664.7856 0.4152
7666.5493 0.4148
7668.3169 0.4137
7670.0811 0.4144
7671.8496 0.4163
7673.6147 0.4167
7675.3799 0.4164
7677.1499 0.4164
7678.9160 0.4160
7680.6870 0.4160
7682.4536 0.4156
7684.2251 0.4143
7685.9932 0.4146
7687.7612 0.4147
7689.5342 0.4138
7691.3027 0.4137
7693.0767 0.4141
7694.8462 0.4138
7696.6206 0.4136
7698.3911 0.4137
7700.1621 0.4132
7701.9380 0.4121
7703.7100 0.4116
7705.4863 0.4124
7707.2588 0.4128
7709.0361 0.4125
7710.8096 0.4122
7712.5879 0.4119
7714.3618 0.4101
7716.1367 0.4076
7717.9160 0.4093
7719.6914 0.4107
7721.4717 0.4108
7723.2480 0.4104
7725.0288 0.4098
7726.8062 0.4092
7728.5835 0.4090
7730.3657 0.4086
7732.1440 0.4082
7733.9272 0.4085
7735.7065 0.4088
7737.4902 0.4086
7739.2700 0.4088
7741.0508 0.4087
7742.8354 0.4085
7744.6167 0.4080
7746.4028 0.4071
7748.1851 0.4066
7749.9717 0.4068
7751.7544 0.4061
7753.5376 0.4058
7755.3257 0.4064
7757.1099 0.4071
7758.8984 0.4070
7760.6836 0.4068
7762.4731 0.4063
7764.2588 0.4060
7766.0449 0.4059
7767.8359 0.4059
7769.6226 0.4059
7771.4146 0.4056
7773.2021 0.4043
7774.9946 0.3974
7776.7832 0.3883
7778.5723 0.3840
7780.3662 0.3890
7782.1558 0.3997
7783.9507 0.4024
7785.7412 0.4029
7787.5366 0.4035
7789.3281 0.4037
7791.1201 0.4034
7792.9165 0.4036
7794.7095 0.4035
7796.5068 0.4035
7798.3003 0.4037
7800.0986 0.4031
7801.8931 0.4015
7803.6880 0.4008
7805.4873 0.4014
7807.2832 0.4013
7809.0835 0.4010
7810.8799 0.4009
7812.6812 0.4008
7814.4785 0.4011
7816.2759 0.4020
7818.0786 0.4018
7819.8770 0.4011
7821.6802 0.4010
7823.4795 0.4011
7825.2837 0.4008
7827.0840 0.4006
7828.8843 0.4002
7830.6899 0.3995
7832.4912 0.3988
7834.2974 0.3980
7836.0996 0.3956
7837.9067 0.3960
7839.7100 0.3963
7841.5132 0.3965
7843.3213 0.3972
7845.1260 0.3978
7846.9351 0.3974
7848.7402 0.3972
7850.5498 0.3972
7852.3560 0.3967
7854.1665 0.3961
7855.9736 0.3963
7857.7808 0.3959
7859.5928 0.3949
7861.4009 0.3954
7863.2139 0.3951
7865.0225 0.3942
7866.8364 0.3944
7868.6460 0.3942
7870.4561 0.3935
7872.2710 0.3940
7874.0820 0.3939
7875.8979 0.3937
7877.7100 0.3943
7879.5264 0.3911
7881.3389 0.3891
7883.1519 0.3907
7884.9697 0.3916
7886.7837 0.3915
7888.6025 0.3919
7890.4175 0.3899
7892.2368 0.3902
7894.0522 0.3896
7895.8687 0.3883
7897.6890 0.3854
7899.5059 0.3811
7901.3276 0.3825
7903.1455 0.3879
7904.9678 0.3863
7906.7861 0.3851
7908.6055 0.3886
7910.4292 0.3906
7912.2485 0.3859
7914.0732 0.3857
7915.8940 0.3886
7917.7192 0.3897
7919.5405 0.3874
7921.3628 0.3843
7923.1895 0.3840
7925.0122 0.3844
7926.8394 0.3856
7928.6631 0.3862
7930.4912 0.3852
7932.3159 0.3835
7934.1406 0.3827
7935.9702 0.3837
7937.7959 0.3858
7939.6265 0.3867
7941.4526 0.3861
7943.2842 0.3858
7945.1113 0.3862
7946.9390 0.3840
7948.7720 0.3818
7950.6006 0.3812
7952.4336 0.3821
7954.2632 0.3833
7956.0977 0.3832
7957.9277 0.3840
7959.7583 0.3845
7961.5938 0.3827
7963.4253 0.3800
7965.2617 0.3788
7967.0942 0.3783
7968.9316 0.3814
7970.7646 0.3833
7972.5981 0.3826
7974.4370 0.3814
7976.2715 0.3815
7978.1108 0.3821
7979.9458 0.3817
7981.7861 0.3810
7983.6226 0.3809
7985.4590 0.3809
7987.3003 0.3807
7989.1377 0.3802
7990.9800 0.3816
7992.8184 0.3822
7994.6616 0.3820
7996.5005 0.3815
7998.3447 0.3807
8000.1846 0.3799
8002.0249 0.3755
8003.8706 0.3726
8005.7114 0.3748
8007.5576 0.3787
8009.3999 0.3778
8011.2471 0.3729
8013.0898 0.3750
8014.9331 0.3768
8016.7812 0.3753
8018.6255 0.3745
8020.4746 0.3775
8022.3198 0.3776
8024.1699 0.3763
8026.0156 0.3743
8027.8623 0.3731
8029.7134 0.3725
8031.5605 0.3717
8033.4126 0.3720
8035.2607 0.3752
8037.1138 0.3751
8038.9624 0.3738
8040.8120 0.3741
8042.6660 0.3755
8044.5161 0.3751
8046.3711 0.3733
8048.2222 0.3708
8050.0781 0.3701
8051.9302 0.3715
8053.7827 0.3733
8055.6396 0.3737
8057.4927 0.3734
8059.3511 0.3738
8061.2051 0.3737
8063.0640 0.3730
8064.9189 0.3726
8066.7739 0.3722
8068.6343 0.3720
8070.4902 0.3723
8072.3516 0.3716
8074.2085 0.3703
8076.0703 0.3701
8077.9282 0.3710
8079.7866 0.3713
8081.6499 0.3709
8083.5088 0.3702
8085.3730 0.3700
8087.2329 0.3697
8089.0981 0.3676
8090.9590 0.3683
8092.8203 0.3692
8094.6865 0.3691
8096.5483 0.3686
8098.4155 0.3683
8100.2788 0.3682
8102.1465 0.3677
8104.0103 0.3676
8105.8745 0.3679
8107.7441 0.3680
8109.6089 0.3678
8111.4790 0.3677
8113.3452 0.3674
8115.2163 0.3672
8117.0830 0.3670
8118.9502 0.3668
8120.8228 0.3665
8122.6909 0.3664
8124.5640 0.3663
8126.4326 0.3661
8128.3066 0.3660
8130.1768 0.3658
8132.0513 0.3656
8133.9224 0.3654
8135.7935 0.3651
8137.6694 0.3648
8139.5415 0.3647
8141.4185 0.3647
8143.2915 0.3644
8145.1694 0.3642
8147.0430 0.3640
8148.9175 0.3639
8150.7964 0.3637
8152.6714 0.3635
8154.5513 0.3632
8156.4272 0.3630
8158.3081 0.3629
8160.1851 0.3626
8162.0625 0.3624
8163.9443 0.3622
8165.8228 0.3619
8167.7056 0.3617
8169.5845 0.3617
8171.4683 0.3615
8173.3481 0.3614
8175.2285 0.3613
8177.1138 0.3611
8178.9951 0.3609
8180.8809 0.3607
8182.7632 0.3605
8184.6499 0.3601
8186.5327 0.3584
8188.4160 0.3559
8190.3042 0.3575
8192.1885 0.3581
8194.0771 0.3587
8195.9629 0.3591
8197.8525 0.3575
8199.7383 0.3547
8201.6250 0.3570
8203.5156 0.3574
8205.4033 0.3550
8207.2959 0.3548
8209.1836 0.3572
8211.0762 0.3578
8212.9658 0.3572
8214.8545 0.3567
8216.7490 0.3562
8218.6396 0.3548
8220.5342 0.3539
8222.4258 0.3546
8224.3223 0.3537
8226.2139 0.3529
8228.1064 0.3540
8230.0039 0.3554
8231.8965 0.3554
8233.7949 0.3539
8235.6895 0.3530
8237.5889 0.3527
8239.4834 0.3525
8241.3789 0.3534
8243.2793 0.3545
8245.1758 0.3539
8247.0771 0.3530
8248.9746 0.3536
8250.8770 0.3530
8252.7744 0.3500
8254.6729 0.3491
8256.5771 0.3528
8258.4766 0.3516
8260.3809 0.3515
8262.2812 0.3524
8264.1865 0.3528
8266.0869 0.3525
8267.9893 0.3522
8269.8955 0.3520
8271.7979 0.3521
8273.7051 0.3519
8275.6084 0.3517
8277.5166 0.3514
8279.4209 0.3510
8281.3301 0.3510
8283.2354 0.3510
8285.1416 0.3507
8287.0518 0.3505
8288.9580 0.3503
8290.8691 0.3496
8292.7773 0.3487
8294.6895 0.3493
8296.5977 0.3496
8298.5059 0.3495
8300.4199 0.3492
8302.3291 0.3490
8304.2432 0.3490
8306.1543 0.3490
8308.0693 0.3485
8309.9805 0.3479
8311.8926 0.3476
8313.8086 0.3475
8315.7217 0.3474
8317.6396 0.3475
8319.5527 0.3477
8321.4707 0.3475
8323.3857 0.3471
8325.2998 0.3470
8327.2197 0.3469
8329.1357 0.3459
8331.0566 0.3446
8332.9727 0.3447
8334.8945 0.3455
8336.8115 0.3441
8338.7295 0.3397
8340.6523 0.3393
8342.5713 0.3428
8344.4951 0.3451
8346.4150 0.3450
8348.3398 0.3445
8350.2598 0.3435
8352.1807 0.3433
8354.1074 0.3439
8356.0293 0.3444
8357.9561 0.3440
8359.8789 0.3433
8361.8066 0.3434
8363.7295 0.3433
8365.6543 0.3434
8367.5830 0.3434
8369.5078 0.3431
8371.4375 0.3428
8373.3643 0.3426
8375.2949 0.3426
8377.2217 0.3423
8379.1484 0.3419
8381.0811 0.3419
8383.0088 0.3420
8384.9424 0.3420
8386.8711 0.3422
8388.8047 0.3420
8390.7344 0.3405
8392.6650 0.3390
8394.6006 0.3393
8396.5312 0.3399
8398.4678 0.3396
8400.3994 0.3397
8402.3369 0.3402
8404.2695 0.3404
8406.2031 0.3402
8408.1416 0.3393
8410.0762 0.3390
8412.0156 0.3385
8413.9502 0.3384
8415.8906 0.3384
8417.8271 0.3376
8419.7637 0.3375
8421.7051 0.3380
8423.6426 0.3387
8425.5850 0.3389
8427.5234 0.3386
8429.4668 0.3383
8431.4053 0.3386
8433.3496 0.3385
8435.2900 0.3382
8437.2305 0.3373
8439.1758 0.3359
8441.1172 0.3350
8443.0645 0.3346
8445.0059 0.3346
8446.9541 0.3355
8448.8965 0.3313
8450.8408 0.3250
8452.7891 0.3265
8454.7344 0.3348
8456.6836 0.3364
8458.6289 0.3371
8460.5791 0.3374
8462.5254 0.3364
8464.4727 0.3350
8466.4248 0.3341
8468.3721 0.3326
8470.3252 0.3308
8472.2734 0.3295
8474.2275 0.3297
8476.1768 0.3317
8478.1270 0.3334
8480.0820 0.3346
8482.0322 0.3352
8483.9883 0.3357
8485.9404 0.3361
8487.8975 0.3359
8489.8496 0.3356
8491.8027 0.3354
8493.7607 0.3347
8495.7148 0.3333
8497.6738 0.3321
8499.6289 0.3288
8501.5889 0.3171
8503.5449 0.3132
8505.5010 0.3185
8507.4619 0.3233
8509.4199 0.3248
8511.3818 0.3274
8513.3398 0.3293
8515.3027 0.3302
8517.2617 0.3305
8519.2217 0.3311
8521.1855 0.3321
8523.1465 0.3329
8525.1113 0.3334
8527.0723 0.3336
8529.0391 0.3329
8531.0010 0.3318
8532.9639 0.3310
8534.9316 0.3308
8536.8945 0.3301
8538.8633 0.3289
8540.8281 0.3265
8542.7969 0.3224
8544.7627 0.3106
8546.7285 0.2939
8548.6992 0.2995
8550.6660 0.3113
8552.6377 0.3180
8554.6045 0.3214
8556.5771 0.3242
8558.5459 0.3254
8560.5146 0.3253
8562.4893 0.3267
8564.4590 0.3288
8566.4336 0.3300
8568.4043 0.3301
8570.3799 0.3299
8572.3516 0.3296
8574.3242 0.3296
8576.3008 0.3297
8578.2744 0.3297
8580.2520 0.3297
8582.2256 0.3296
8584.2051 0.3291
8586.1797 0.3278
8588.1602 0.3261
8590.1357 0.3242
8592.1113 0.3228
8594.0928 0.3224
8596.0703 0.3202
8598.0527 0.3167
8600.0303 0.3127
8602.0137 0.3090
8603.9922 0.3080
8605.9717 0.3111
8607.9561 0.3150
8609.9365 0.3178
8611.9219 0.3201
8613.9033 0.3219
8615.8896 0.3233
8617.8711 0.3247
8619.8535 0.3252
8621.8418 0.3254
8623.8252 0.3263
8625.8135 0.3271
8627.7979 0.3274
8629.7881 0.3275
8631.7725 0.3270
8633.7588 0.3269
8635.7500 0.3271
8637.7363 0.3272
8639.7285 0.3271
8641.7158 0.3271
8643.7080 0.3269
8645.6973 0.3260
8647.6855 0.3253
8649.6797 0.3239
8651.6699 0.3213
8653.6650 0.3187
8655.6553 0.3189
8657.6514 0.3184
8659.6436 0.3162
8661.6357 0.3134
8663.6328 0.3072
8665.6260 0.2946
8667.6240 0.2842
8669.6182 0.2900
8671.6172 0.2971
8673.6123 0.3020
8675.6074 0.3065
8677.6084 0.3105
8679.6045 0.3133
8681.6055 0.3154
8683.6025 0.3144
8685.6055 0.3142
8687.6035 0.3168
8689.6025 0.3193
8691.6055 0.3185
8693.6055 0.3186
8695.6104 0.3211
8697.6104 0.3215
8699.6162 0.3204
8701.6172 0.3226
8703.6191 0.3242
8705.6260 0.3242
8707.6289 0.3235
8709.6367 0.3236
8711.6406 0.3242
8713.6494 0.3234
8715.6543 0.3215
8717.6592 0.3216
8719.6699 0.3226
8721.6758 0.3223
8723.6865 0.3211
8725.6934 0.3211
8727.7061 0.3215
8729.7129 0.3211
8731.7217 0.3192
8733.7354 0.3178
8735.7441 0.3178
8737.7588 0.3173
8739.7686 0.3150
8741.7842 0.3131
8743.7949 0.3116
8745.8115 0.3089
8747.8232 0.3054
8749.8359 0.3020
8751.8535 0.2969
8753.8672 0.2902
8755.8857 0.2875
8757.9004 0.2908
8759.9199 0.2972
8761.9346 0.3019
8763.9502 0.3059
8765.9717 0.3088
8767.9883 0.3101
8770.0098 0.3115
8772.0273 0.3136
8774.0498 0.3153
8776.0684 0.3160
8778.0879 0.3157
8780.1113 0.3165
8782.1318 0.3180
8784.1562 0.3189
8786.1777 0.3189
8788.2031 0.3194
8790.2256 0.3196
8792.2471 0.3195
8794.2754 0.3185
8796.2979 0.3174
8798.3262 0.3177
8800.3506 0.3190
8802.3799 0.3202
8804.4053 0.3202
8806.4307 0.3199
8808.4609 0.3186
8810.4873 0.3148
8812.5195 0.3124
8814.5459 0.3160
8816.5791 0.3184
8818.6074 0.3186
8820.6357 0.3181
8822.6699 0.3174
8824.6992 0.3168
8826.7344 0.3159
8828.7646 0.3141
8830.8008 0.3141
8832.8330 0.3153
8834.8643 0.3149
8836.9014 0.3139
8838.9346 0.3134
8840.9727 0.3123
8843.0068 0.3107
8845.0459 0.3094
8847.0811 0.3086
8849.1162 0.3068
8851.1562 0.3049
8853.1924 0.3033
8855.2344 0.3016
8857.2715 0.2993
8859.3145 0.2962
8861.3516 0.2918
8863.3906 0.2867
8865.4346 0.2797
8867.4736 0.2744
8869.5186 0.2752
8871.5596 0.2819
8873.6045 0.2878
8875.6465 0.2923
8877.6885 0.2947
8879.7354 0.2968
8881.7783 0.2997
8883.8262 0.3018
8885.8701 0.3025
8887.9189 0.3031
8889.9639 0.3048
8892.0088 0.3067
8894.0596 0.3079
8896.1055 0.3081
8898.1562 0.3083
8900.2041 0.3092
8902.2559 0.3098
8904.3037 0.3100
8906.3574 0.3105
8908.4062 0.3110
8910.4561 0.3110
8912.5107 0.3114
8914.5605 0.3102
8916.6162 0.3071
8918.6680 0.3069
8920.7246 0.3118
8922.7764 0.3113
8924.8291 0.3111
8926.8867 0.3112
8928.9404 0.3106
8931.0000 0.3077
8933.0547 0.3044
8935.1143 0.3094
8937.1699 0.3111
8939.2256 0.3112
8941.2871 0.3111
8943.3438 0.3110
8945.4062 0.3108
8947.4639 0.3105
8949.5273 0.3096
8951.5859 0.3093
8953.6455 0.3094
8955.7100 0.3094
8957.7705 0.3095
8959.8359 0.3092
8961.8975 0.3090
8963.9639 0.3086
8966.0264 0.3083
8968.0889 0.3078
8970.1572 0.3065
8972.2207 0.3059
8974.2891 0.3060
8976.3535 0.3058
8978.4238 0.3053
8980.4893 0.3044
8982.5557 0.3030
8984.6270 0.3029
8986.6934 0.3028
8988.7656 0.3020
8990.8340 0.3011
8992.9072 0.3001
8994.9756 0.2989
8997.0449 0.2977
8999.1201 0.2964
9001.1904 0.2948
9003.2656 0.2924
9005.3369 0.2899
9007.4131 0.2883
9009.4854 0.2857
9011.5586 0.2822
9013.6357 0.2777
9015.7100 0.2723
9017.7891 0.2654
9019.8633 0.2589
9021.9434 0.2624
9024.0186 0.2695
9026.0947 0.2751
9028.1758 0.2793
9030.2529 0.2828
9032.3350 0.2854
9034.4131 0.2875
9036.4971 0.2895
9038.5752 0.2909
9040.6543 0.2917
9042.7393 0.2926
9044.8193 0.2942
9046.9053 0.2953
9048.9863 0.2958
9051.0732 0.2962
9053.1553 0.2967
9055.2383 0.2972
9057.3262 0.2975
9059.4102 0.2982
9061.4990 0.2986
9063.5840 0.2980
9065.6738 0.2908
9067.7588 0.2859
9069.8506 0.2955
9071.9365 0.2993
9074.0234 0.2996
9076.1162 0.2992
9078.2041 0.2996
9080.2979 0.2987
9082.3867 0.2942
9084.4805 0.2936
9086.5703 0.2979
9088.6611 0.3000
9090.7568 0.2983
9092.8486 0.2942
9094.9453 0.2920
9097.0371 0.2982
9099.1348 0.2908
9101.2285 0.2917
9103.3223 0.2972
9105.4209 0.2988
9107.5156 0.2982
9109.6162 0.2983
9111.7119 0.2983
9113.8125 0.2977
9115.9092 0.2932
9118.0068 0.2906
9120.1094 0.2969
9122.2070 0.2971
9124.3105 0.2971
9126.4102 0.2966
9128.5146 0.2961
9130.6143 0.2960
9132.7148 0.2961
9134.8213 0.2965
9136.9219 0.2959
9139.0293 0.2960
9141.1318 0.2962
9143.2393 0.2960
9145.3428 0.2958
9147.4473 0.2956
9149.5566 0.2953
9151.6611 0.2948
9153.7715 0.2946
9155.8770 0.2947
9157.9883 0.2945
9160.0957 0.2940
9162.2031 0.2938
9164.3154 0.2937
9166.4238 0.2934
9168.5371 0.2930
9170.6465 0.2926
9172.7617 0.2925
9174.8711 0.2921
9176.9824 0.2917
9179.0986 0.2907
9181.2100 0.2894
9183.3271 0.2891
9185.4395 0.2894
9187.5576 0.2879
9189.6719 0.2879
9191.7852 0.2880
9193.9053 0.2873
9196.0205 0.2873
9198.1406 0.2866
9200.2568 0.2858
9202.3789 0.2848
9204.4951 0.2839
9206.6133 0.2828
9208.7363 0.2810
9210.8545 0.2800
9212.9785 0.2790
9215.0977 0.2770
9217.2227 0.2731
9219.3428 0.2703
9221.4639 0.2705
9223.5908 0.2657
9225.7129 0.2643
9227.8398 0.2613
9229.9629 0.2560
9232.0908 0.2488
9234.2148 0.2424
9236.3447 0.2469
9238.4688 0.2540
9240.5947 0.2586
9242.7256 0.2613
9244.8516 0.2649
9246.9834 0.2688
9249.1104 0.2680
9251.2432 0.2710
9253.3721 0.2740
9255.5010 0.2755
9257.6348 0.2759
9259.7646 0.2755
9261.8994 0.2762
9264.0303 0.2768
9266.1670 0.2740
9268.2988 0.2729
9270.4307 0.2750
9272.5684 0.2770
9274.7012 0.2810
9276.8398 0.2817
9278.9746 0.2819
9281.1143 0.2823
9283.2490 0.2824
9285.3848 0.2825
9287.5264 0.2826
9289.6621 0.2827
9291.8047 0.2828
9293.9424 0.2827
9296.0850 0.2827
9298.2236 0.2828
9300.3633 0.2826
9302.5078 0.2826
9304.6475 0.2828
9306.7930 0.2828
9308.9346 0.2826
9311.0811 0.2825
9313.2227 0.2826
9315.3652 0.2824
9317.5137 0.2824
9319.6572 0.2824
9321.8057 0.2821
9323.9502 0.2813
9326.1006 0.2816
9328.2461 0.2818
9330.3916 0.2817
9332.5439 0.2815
9334.6904 0.2816
9336.8428 0.2816
9338.9912 0.2814
9341.1445 0.2813
9343.2939 0.2812
9345.4434 0.2810
9347.5977 0.2808
9349.7480 0.2807
9351.9043 0.2807
9354.0557 0.2802
9356.2129 0.2800
9358.3652 0.2800
9360.5186 0.2801
9362.6768 0.2799
9364.8301 0.2798
9366.9902 0.2796
9369.1445 0.2796
9371.3057 0.2795
9373.4609 0.2793
9375.6172 0.2792
9377.7793 0.2788
9379.9365 0.2787
9382.0996 0.2787
9384.2578 0.2784
9386.4219 0.2782
9388.5820 0.2783
9390.7461 0.2768
9392.9072 0.2764
9395.0674 0.2770
9397.2344 0.2760
9399.3965 0.2750
9401.5635 0.2772
9403.7266 0.2770
9405.8945 0.2766
9408.0586 0.2753
9410.2227 0.2701
9412.3926 0.2678
9414.5586 0.2756
9416.7295 0.2733
9418.8955 0.2678
9421.0674 0.2703
9423.2344 0.2748
9425.4023 0.2746
9427.5762 0.2728
9429.7451 0.2746
9431.9189 0.2747
9434.0889 0.2741
9436.2646 0.2736
9438.4355 0.2735
9440.6064 0.2730
9442.7832 0.2704
9444.9561 0.2718
9447.1338 0.2730
9449.3076 0.2725
9451.4863 0.2720
9453.6602 0.2728
9455.8350 0.2728
9458.0156 0.2726
9460.1914 0.2723
9462.3730 0.2721
9464.5498 0.2719
9466.7324 0.2714
9468.9102 0.2712
9471.0889 0.2711
9473.2725 0.2711
9475.4521 0.2710
9477.6367 0.2707
9479.8174 0.2705
9482.0029 0.2702
9484.1846 0.2700
9486.3662 0.2695
9488.5537 0.2690
9490.7363 0.2688
9492.9258 0.2687
9495.1094 0.2683
9497.2988 0.2679
9499.4834 0.2674
9501.6689 0.2669
9503.8604 0.2665
9506.0459 0.2661
9508.2383 0.2655
9510.4258 0.2646
9512.6191 0.2642
9514.8076 0.2638
9516.9961 0.2631
9519.1904 0.2624
9521.3809 0.2616
9523.5762 0.2606
9525.7666 0.2595
9527.9639 0.2584
9530.1553 0.2570
9532.3477 0.2555
9534.5459 0.2538
9536.7393 0.2519
9538.9385 0.2496
9541.1328 0.2470
9543.3330 0.2438
9545.5283 0.2397
9547.7246 0.2346
9549.9268 0.2267
9552.1230 0.2247
9554.3262 0.2298
9556.5234 0.2367
9558.7275 0.2407
9560.9268 0.2442
9563.1309 0.2468
9565.3311 0.2489
9567.5322 0.2506
9569.7383 0.2521
9571.9395 0.2534
9574.1465 0.2542
9576.3496 0.2550
9578.5576 0.2559
9580.7607 0.2567
9582.9648 0.2575
9585.1748 0.2580
9587.3799 0.2585
9589.5908 0.2588
9591.7969 0.2591
9594.0088 0.2594
9596.2158 0.2596
9598.4238 0.2595
9600.6367 0.2598
9602.8457 0.2600
9605.0596 0.2599
9607.2695 0.2576
9609.4854 0.2560
9611.6953 0.2595
9613.9062 0.2600
9616.1240 0.2605
9618.3359 0.2603
9620.5537 0.2607
9622.7666 0.2602
9624.9863 0.2565
9627.2002 0.2556
9629.4150 0.2590
9631.6357 0.2598
9633.8516 0.2594
9636.0723 0.2587
9638.2891 0.2562
9640.5117 0.2583
9642.7295 0.2595
9644.9482 0.2598
9647.1719 0.2597
9649.3916 0.2596
9651.6172 0.2597
9653.8369 0.2574
9656.0635 0.2568
9658.2842 0.2584
9660.5068 0.2584
9662.7344 0.2549
9664.9570 0.2528
9667.1855 0.2580
9669.4102 0.2584
9671.6396 0.2583
9673.8643 0.2584
9676.0898 0.2575
9678.3213 0.2565
9680.5479 0.2573
9682.7803 0.2570
9685.0078 0.2555
9687.2412 0.2554
9689.4697 0.2568
9691.6982 0.2567
9693.9336 0.2564
9696.1631 0.2553
9698.3994 0.2550
9700.6299 0.2557
9702.8672 0.2563
9705.0996 0.2563
9707.3320 0.2564
9709.5703 0.2563
9711.8047 0.2562
9714.0439 0.2561
9716.2783 0.2560
9718.5186 0.2559
9720.7549 0.2557
9722.9912 0.2556
9725.2334 0.2555
9727.4707 0.2550
9729.7139 0.2546
9731.9521 0.2549
9734.1963 0.2548
9736.4355 0.2547
9738.6807 0.2546
9740.9209 0.2537
9743.1621 0.2519
9745.4082 0.2512
9747.6504 0.2530
9749.8984 0.2536
9752.1416 0.2534
9754.3896 0.2533
9756.6338 0.2534
9758.8789 0.2534
9761.1289 0.2532
9763.3740 0.2530
9765.6260 0.2529
9767.8721 0.2525
9770.1250 0.2522
9772.3721 0.2524
9774.6201 0.2523
9776.8750 0.2523
9779.1240 0.2522
9781.3789 0.2520
9783.6289 0.2518
9785.8848 0.2517
9788.1367 0.2515
9790.3877 0.2513
9792.6455 0.2510
9794.8984 0.2508
9797.1572 0.2509
9799.4111 0.2508
9801.6709 0.2504
9803.9258 0.2501
9806.1807 0.2500
9808.4424 0.2501
9810.6982 0.2503
9812.9609 0.2500
9815.2188 0.2497
9817.4814 0.2495
9819.7402 0.2495
9821.9990 0.2495
9824.2646 0.2493
9826.5244 0.2489
9828.7900 0.2486
9831.0518 0.2481
9833.3184 0.2482
9835.5801 0.2485
9837.8428 0.2483
9840.1113 0.2480
9842.3750 0.2481
9844.6455 0.2479
9846.9102 0.2475
9849.1807 0.2474
9851.4463 0.2476
9853.7129 0.2475
9855.9844 0.2470
9858.2520 0.2454
9860.5254 0.2449
9862.7939 0.2450
9865.0684 0.2448
9867.3379 0.2448
9869.6074 0.2459
9871.8838 0.2463
9874.1543 0.2462
9876.4316 0.2459
9878.7031 0.2457
9880.9814 0.2458
9883.2549 0.2457
9885.5283 0.2456
9887.8076 0.2452
9890.0830 0.2453
9892.3633 0.2448
9894.6387 0.2419
9896.9209 0.2401
9899.1973 0.2430
9901.4746 0.2445
9903.7578 0.2437
9906.0361 0.2432
9908.3203 0.2439
9910.5996 0.2438
9912.8857 0.2436
9915.1660 0.2434
9917.4521 0.2428
9919.7334 0.2419
9922.0156 0.2414
9924.3037 0.2428
9926.5869 0.2430
9928.8760 0.2426
9931.1602 0.2427
9933.4502 0.2423
9935.7354 0.2401
9938.0205 0.2395
9940.3125 0.2414
9942.5996 0.2421
9944.8926 0.2411
9947.1797 0.2401
9949.4736 0.2407
9951.7627 0.2411
9954.0518 0.2407
9956.3477 0.2404
9958.6377 0.2404
9960.9346 0.2404
9963.2256 0.2400
9965.5234 0.2399
9967.8154 0.2397
9970.1094 0.2396
9972.4082 0.2395
9974.7021 0.2393
9977.0020 0.2390
9979.2979 0.2389
9981.5986 0.2386
9983.8945 0.2384
9986.1914 0.2381
9988.4941 0.2379
9990.7920 0.2376
9993.0967 0.2373
9995.3955 0.2371
9997.7002 0.2368
10000.0000 0.2362
10002.3057 0.2353
10004.6016 0.2347
10006.9082 0.2353
10009.2158 0.2349
10011.5244 0.2345
10013.8223 0.2341
10016.1309 0.2335
10018.4404 0.2330
10020.7402 0.2323
10023.0508 0.2316
10025.3623 0.2308
10027.6738 0.2300
10029.9756 0.2290
10032.2881 0.2279
10034.6016 0.2268
10036.9043 0.2254
10039.2188 0.2238
10041.5342 0.2221
10043.8496 0.2199
10046.1543 0.2173
10048.4707 0.2140
10050.7881 0.2099
10053.0947 0.2034
10055.4131 0.1999
10057.7324 0.2034
10060.0508 0.2101
10062.3604 0.2135
10064.6807 0.2165
10067.0010 0.2188
10069.3115 0.2206
10071.6338 0.2221
10073.9561 0.2233
10076.2793 0.2245
10078.5918 0.2255
10080.9160 0.2262
10083.2402 0.2268
10085.5547 0.2274
10087.8799 0.2279
10090.2061 0.2283
10092.5332 0.2288
10094.8496 0.2291
10097.1777 0.2294
10099.5059 0.2296
10101.8232 0.2298
10104.1533 0.2300
10106.4834 0.2301
10108.8135 0.2301
10111.1338 0.2298
10113.4648 0.2297
10115.7969 0.2297
10118.1191 0.2290
10120.4521 0.2290
10122.7861 0.2298
10125.1201 0.2305
10127.4434 0.2292
10129.7793 0.2262
10132.1152 0.2288
10134.4404 0.2301
10136.7773 0.2303
10139.1152 0.2302
10141.4531 0.2302
10143.7803 0.2302
10146.1191 0.2301
10148.4590 0.2299
10150.7881 0.2293
10153.1289 0.2292
10155.4707 0.2297
10157.8125 0.2297
10160.1436 0.2294
10162.4863 0.2293
10164.8301 0.2295
10167.1621 0.2290
10169.5068 0.2281
10171.8525 0.2283
10174.1973 0.2291
10176.5322 0.2290
10178.8789 0.2287
10181.2266 0.2286
10183.5742 0.2287
10185.9111 0.2287
10188.2607 0.2272
10190.6094 0.2271
10192.9482 0.2278
10195.2988 0.2282
10197.6504 0.2279
10200.0020 0.2279
10202.3428 0.2278
10204.6953 0.2277
10207.0479 0.2276
10209.3906 0.2274
10211.7451 0.2274
10214.0996 0.2272
10216.4551 0.2271
10218.7998 0.2271
10221.1562 0.2263
10223.5137 0.2261
10225.8594 0.2267
10228.2178 0.2266
10230.5762 0.2265
10232.9355 0.2264
10235.2842 0.2262
10237.6436 0.2262
10240.0049 0.2261
10242.3545 0.2258
10244.7168 0.2256
10247.0791 0.2257
10249.4424 0.2256
10251.7939 0.2254
10254.1582 0.2253
10256.5234 0.2253
10258.8770 0.2252
10261.2422 0.2250
10263.6084 0.2249
10265.9756 0.2248
10268.3311 0.2247
10270.6992 0.2246
10273.0674 0.2245
10275.4258 0.2244
10277.7949 0.2242
10280.1650 0.2240
10282.5352 0.2238
10284.8955 0.2240
10287.2666 0.2238
10289.6396 0.2237
10292.0010 0.2234
10294.3740 0.2228
10296.7480 0.2227
10299.1221 0.2233
10301.4863 0.2231
10303.8613 0.2230
10306.2373 0.2228
10308.6025 0.2227
10310.9795 0.2227
10313.3574 0.2225
10315.7363 0.2223
10318.1035 0.2220
10320.4824 0.2220
10322.8623 0.2221
