3557.9507 3.1977
3558.7710 3.2109
3559.5898 3.2248
3560.4106 3.2334
3561.2297 3.2381
3562.0508 3.2443
3562.8704 3.2499
3563.6899 3.2388
3564.5117 3.2041
3565.3318 3.1578
3566.1538 3.1279
3566.9744 3.1266
3567.7969 3.1406
3568.6177 3.1454
3569.4385 3.1352
3570.2617 3.1215
3571.0830 3.1156
3571.9065 3.1145
3572.7283 3.1177
3573.5520 3.1289
3574.3740 3.1418
3575.1963 3.1447
3576.0208 3.1380
3576.8435 3.1353
3577.6682 3.1457
3578.4915 3.1618
3579.3167 3.1699
3580.1399 3.1623
3580.9636 3.1483
3581.7893 3.1460
3582.6133 3.1565
3583.4395 3.1510
3584.2639 3.1140
3585.0903 3.0607
3585.9150 3.0282
3586.7400 3.0299
3587.5671 3.0523
3588.3923 3.0755
3589.2200 3.0930
3590.0457 3.1099
3590.8735 3.1305
3591.6995 3.1468
3592.5259 3.1503
3593.3542 3.1477
3594.1809 3.1487
3595.0098 3.1565
3595.8367 3.1648
3596.6660 3.1711
3597.4934 3.1758
3598.3208 3.1790
3599.1506 3.1768
3599.9788 3.1654
3600.8088 3.1465
3601.6372 3.1246
3602.4678 3.1049
3603.2964 3.0935
3604.1252 3.0927
3604.9565 3.0995
3605.7859 3.1091
3606.6172 3.1192
3607.4470 3.1238
3608.2788 3.1149
3609.1089 3.0945
3609.9392 3.0740
3610.7717 3.0639
3611.6023 3.0628
3612.4351 3.0605
3613.2661 3.0571
3614.0994 3.0654
3614.9307 3.0936
3615.7625 3.1262
3616.5962 3.1395
3617.4282 3.1220
3618.2625 3.0887
3619.0947 3.0650
3619.9292 3.0657
3620.7620 3.0806
3621.5969 3.0976
3622.4302 3.1155
3623.2634 3.1287
3624.0989 3.1349
3624.9326 3.1398
3625.7686 3.1553
3626.6028 3.1764
3627.4390 3.1876
3628.2734 3.1808
3629.1082 3.1525
3629.9451 3.1043
3630.7800 3.0489
3631.6174 3.0148
3632.4529 3.0203
3633.2903 3.0510
3634.1262 3.0854
3634.9622 3.1109
3635.8005 3.1294
3636.6370 3.1417
3637.4756 3.1489
3638.3123 3.1524
3639.1514 3.1501
3639.9885 3.1388
3640.8259 3.1204
3641.6653 3.1015
3642.5032 3.0858
3643.3430 3.0754
3644.1812 3.0713
3645.0215 3.0737
3645.8601 3.0814
3646.6990 3.0901
3647.5398 3.0930
3648.3789 3.0910
3649.2202 3.0873
3650.0596 3.0841
3650.9014 3.0840
3651.7412 3.0932
3652.5813 3.1139
3653.4236 3.1355
3654.2642 3.1480
3655.1067 3.1499
3655.9475 3.1505
3656.7908 3.1544
3657.6318 3.1570
3658.4734 3.1521
3659.3169 3.1415
3660.1587 3.1322
3661.0029 3.1268
3661.8450 3.1229
3662.6895 3.1197
3663.5320 3.1168
3664.3748 3.1162
3665.2197 3.1211
3666.0630 3.1307
3666.9084 3.1364
3667.7520 3.1322
3668.5977 3.1198
3669.4417 3.1086
3670.2859 3.1086
3671.1321 3.1201
3671.9768 3.1321
3672.8235 3.1345
3673.6685 3.1277
3674.5156 3.1181
3675.3608 3.1087
3676.2063 3.0920
3677.0542 3.0656
3677.8999 3.0429
3678.7480 3.0368
3679.5945 3.0455
3680.4429 3.0587
3681.2896 3.0698
3682.1365 3.0732
3682.9856 3.0687
3683.8328 3.0581
3684.6824 3.0423
3685.5300 3.0244
3686.3799 3.0143
3687.2278 3.0207
3688.0781 3.0460
3688.9265 3.0763
3689.7751 3.0933
3690.6260 3.0900
3691.4751 3.0816
3692.3264 3.0834
3693.1758 3.0936
3694.0273 3.1002
3694.8772 3.0948
3695.7273 3.0750
3696.5793 3.0466
3697.4299 3.0336
3698.2825 3.0614
3699.1333 3.1181
3699.9863 3.1670
3700.8374 3.1748
3701.6887 3.1393
3702.5425 3.0749
3703.3943 3.0048
3704.2483 2.9554
3705.1003 2.9430
3705.9548 2.9710
3706.8074 3.0284
3707.6599 3.0865
3708.5149 3.1101
3709.3682 3.0855
3710.2234 3.0240
3711.0771 2.9560
3711.9329 2.9187
3712.7866 2.9414
3713.6409 3.0205
3714.4973 3.1155
3715.3518 3.1981
3716.2085 3.2626
3717.0635 3.3077
3717.9204 3.3099
3718.7759 3.2499
3719.6313 3.1376
3720.4890 3.0056
3721.3450 2.8985
3722.2031 2.8582
3723.0593 2.9063
3723.9180 3.0212
3724.7747 3.1509
3725.6316 3.2454
3726.4905 3.2826
3727.3479 3.2882
3728.2073 3.3077
3729.0649 3.3424
3729.9250 3.3447
3730.7830 3.2850
3731.6414 3.1686
3732.5017 3.0215
3733.3604 2.8794
3734.2214 2.7880
3735.0803 2.7752
3735.9417 2.8323
3736.8013 2.9321
3737.6609 3.0626
3738.5227 3.2105
3739.3828 3.3442
3740.2451 3.4329
3741.1055 3.4667
3741.9683 3.4562
3742.8291 3.4208
3743.6899 3.3741
3744.5532 3.3135
3745.4148 3.2346
3746.2786 3.1444
3747.1404 3.0493
3748.0044 2.9376
3748.8667 2.8194
3749.7290 2.7394
3750.5938 2.7418
3751.4565 2.8300
3752.3215 2.9681
3753.1848 3.1107
3754.0503 3.2333
3754.9138 3.3323
3755.7798 3.3998
3756.6438 3.4236
3757.5081 3.4055
3758.3745 3.3798
3759.2390 3.3800
3760.1060 3.4065
3760.9709 3.4408
3761.8381 3.4704
3762.7036 3.4867
3763.5693 3.4755
3764.4370 3.4371
3765.3032 3.3778
3766.1714 3.2925
3767.0378 3.1853
3767.9065 3.0682
3768.7732 2.9462
3769.6401 2.8282
3770.5095 2.7532
3771.3770 2.7649
3772.2466 2.8567
3773.1145 2.9791
3773.9844 3.0891
3774.8528 3.1837
3775.7209 3.2825
3776.5918 3.3972
3777.4604 3.5184
3778.3315 3.6273
3779.2009 3.7175
3780.0723 3.7899
3780.9419 3.8390
3781.8118 3.8557
3782.6838 3.8497
3783.5540 3.8432
3784.4265 3.8427
3785.2971 3.8180
3786.1699 3.7503
3787.0410 3.6696
3787.9121 3.6063
3788.7856 3.5703
3789.6572 3.5527
3790.5310 3.5403
3791.4031 3.5128
3792.2773 3.4498
3793.1499 3.3448
3794.0225 3.2090
3794.8972 3.0647
3795.7703 2.9264
3796.6455 2.7961
3797.5190 2.6955
3798.3948 2.6651
3799.2686 2.7328
3800.1426 2.8716
3801.0188 3.0321
3801.8933 3.1834
3802.7700 3.3175
3803.6448 3.4241
3804.5220 3.4896
3805.3972 3.5172
3806.2727 3.5336
3807.1504 3.5781
3808.0261 3.6706
3808.9043 3.7913
3809.7805 3.8964
3810.6589 3.9556
3811.5356 3.9516
3812.4126 3.8820
3813.2917 3.7904
3814.1689 3.7307
3815.0483 3.7345
3815.9260 3.7886
3816.8059 3.8702
3817.6841 3.9416
3818.5623 3.9606
3819.4429 3.9153
3820.3215 3.8382
3821.2024 3.7913
3822.0815 3.7887
3822.9629 3.7677
3823.8423 3.6856
3824.7241 3.5764
3825.6040 3.5034
3826.4841 3.4636
3827.3665 3.4218
3828.2468 3.3648
3829.1296 3.3050
3830.0105 3.2429
3830.8938 3.1597
3831.7751 3.0380
3832.6565 2.8910
3833.5403 2.7496
3834.4224 2.6353
3835.3064 2.5749
3836.1887 2.5916
3837.0735 2.6760
3837.9561 2.7861
3838.8391 2.8922
3839.7244 2.9897
3840.6077 3.0906
3841.4932 3.2066
3842.3770 3.3290
3843.2629 3.4359
3844.1472 3.5197
3845.0315 3.5815
3845.9182 3.6362
3846.8030 3.7004
3847.6899 3.7655
3848.5752 3.7963
3849.4626 3.7870
3850.3481 3.7997
3851.2339 3.8661
3852.1221 3.9560
3853.0083 4.0113
3853.8967 4.0236
3854.7832 3.9978
3855.6721 3.9530
3856.5591 3.9268
3857.4463 3.9389
3858.3359 3.9467
3859.2234 3.9424
3860.1135 3.9753
3861.0015 4.0442
3861.8918 4.1049
3862.7803 4.1232
3863.6687 4.1249
3864.5598 4.1192
3865.4487 4.1010
3866.3401 4.0932
3867.2297 4.1135
3868.1213 4.1533
3869.0112 4.1752
3869.9014 4.1519
3870.7937 4.0695
3871.6841 3.9400
3872.5769 3.8218
3873.4678 3.7827
3874.3611 3.8215
3875.2524 3.8664
3876.1438 3.8488
3877.0376 3.7435
3877.9297 3.5998
3878.8237 3.5072
3879.7161 3.5046
3880.6108 3.5230
3881.5037 3.4857
3882.3965 3.3966
3883.2917 3.2867
3884.1851 3.1716
3885.0808 3.0390
3885.9746 2.8886
3886.8706 2.7380
3887.7649 2.6059
3888.6592 2.5203
3889.5559 2.5135
3890.4507 2.5960
3891.3479 2.7299
3892.2429 2.8648
3893.1406 2.9772
3894.0361 3.0666
3894.9341 3.1431
3895.8301 3.2167
3896.7263 3.2895
3897.6250 3.3471
3898.5215 3.3783
3899.4207 3.4019
3900.3176 3.4529
3901.2170 3.5367
3902.1145 3.6070
3903.0122 3.6351
3903.9121 3.6469
3904.8103 3.6560
3905.7107 3.6651
3906.6094 3.7083
3907.5100 3.8045
3908.4089 3.9167
3909.3081 4.0089
3910.2097 4.0705
3911.1091 4.1012
3912.0110 4.0861
3912.9111 4.0270
3913.8132 3.9712
3914.7136 3.9614
3915.6143 3.9819
3916.5171 3.9881
3917.4182 3.9797
3918.3215 3.9733
3919.2229 3.9767
3920.1267 3.9996
3921.0286 4.0414
3921.9307 4.0878
3922.8350 4.1229
3923.7373 4.1523
3924.6421 4.1619
3925.5452 4.1342
3926.4502 4.0748
3927.3535 4.0003
3928.2571 3.9060
3929.1628 3.7852
3930.0667 3.6194
3930.9731 3.3849
3931.8774 3.0723
3932.7839 2.7357
3933.6887 2.5360
3934.5938 2.6057
3935.5010 2.9087
3936.4062 3.2787
3937.3142 3.5814
3938.2200 3.7773
3939.1279 3.9092
3940.0342 3.9975
3940.9407 4.0256
3941.8494 3.9992
3942.7561 3.9405
3943.6653 3.8825
3944.5725 3.8653
3945.4822 3.9036
3946.3899 3.9416
3947.2979 3.9224
3948.2080 3.8539
3949.1162 3.7876
3950.0269 3.7467
3950.9355 3.7279
3951.8467 3.7229
3952.7559 3.7349
3953.6650 3.7509
3954.5769 3.7376
3955.4866 3.6677
3956.3987 3.5719
3957.3088 3.5141
3958.2214 3.5083
3959.1321 3.5128
3960.0449 3.4721
3960.9561 3.3812
3961.8672 3.2772
3962.7808 3.1940
3963.6924 3.1215
3964.6064 3.0318
3965.5186 2.8998
3966.4329 2.7169
3967.3455 2.5032
3968.2581 2.3149
3969.1731 2.2184
3970.0862 2.2388
3971.0017 2.3516
3971.9153 2.5050
3972.8313 2.6556
3973.7451 2.7884
3974.6592 2.9094
3975.5759 3.0180
3976.4905 3.1087
3977.4075 3.1920
3978.3225 3.2812
3979.2397 3.3715
3980.1553 3.4400
3981.0708 3.4729
3981.9888 3.4811
3982.9050 3.4997
3983.8232 3.5463
3984.7397 3.6079
3985.6587 3.6620
3986.5757 3.7067
3987.4927 3.7548
3988.4121 3.8037
3989.3298 3.8374
3990.2498 3.8573
3991.1677 3.8860
3992.0879 3.9311
3993.0063 3.9752
3993.9250 3.9920
3994.8459 3.9734
3995.7649 3.9272
3996.6863 3.8745
3997.6057 3.8508
3998.5276 3.8861
3999.4475 3.9665
4000.3674 4.0418
4001.2900 4.0736
4002.2104 4.0717
4003.1333 4.0452
4004.0544 3.9879
4004.9775 3.9081
4005.8989 3.8718
4006.8206 3.9145
4007.7446 4.0008
4008.6665 4.0818
4009.5908 4.1290
4010.5132 4.1413
4011.4380 4.1305
4012.3608 4.1086
4013.2839 4.0932
4014.2095 4.0906
4015.1328 4.0964
4016.0588 4.1083
4016.9827 4.1232
4017.9089 4.1509
4018.8333 4.1995
4019.7578 4.2450
4020.6848 4.2485
4021.6096 4.2076
4022.5371 4.1493
4023.4624 4.0924
4024.3901 4.0613
4025.3162 4.0819
4026.2422 4.1495
4027.1704 4.1941
4028.0969 4.1695
4029.0259 4.0899
4029.9526 3.9942
4030.8821 3.9227
4031.8093 3.9001
4032.7390 3.9168
4033.6667 3.9570
4034.5947 4.0120
4035.5251 4.0764
4036.4534 4.1447
4037.3843 4.2056
4038.3130 4.2375
4039.2441 4.2302
4040.1736 4.1899
4041.1030 4.1539
4042.0347 4.1418
4042.9646 4.1306
4043.8970 4.0701
4044.8271 3.9693
4045.7600 3.9114
4046.6907 3.9535
4047.6216 4.0474
4048.5549 4.0989
4049.4863 4.1090
4050.4202 4.1123
4051.3521 4.1058
4052.2861 4.0779
4053.2185 4.0358
4054.1509 4.0035
4055.0857 3.9961
4056.0186 4.0048
4056.9539 4.0022
4057.8872 4.0006
4058.8230 4.0227
4059.7566 4.0639
4060.6907 4.0726
4061.6270 4.0191
4062.5613 3.9190
4063.4983 3.8533
4064.4331 3.8645
4065.3701 3.9130
4066.3054 3.9151
4067.2410 3.8846
4068.1787 3.8933
4069.1147 3.9237
4070.0530 3.9153
4070.9893 3.8461
4071.9280 3.7915
4072.8647 3.7968
4073.8018 3.8232
4074.7412 3.8107
4075.6787 3.7336
4076.6184 3.6180
4077.5562 3.5331
4078.4966 3.5433
4079.4348 3.6257
4080.3733 3.7069
4081.3142 3.7413
4082.2532 3.7243
4083.1943 3.6675
4084.1338 3.5958
4085.0757 3.5386
4086.0154 3.5116
4086.9553 3.5079
4087.8977 3.5060
4088.8381 3.4896
4089.7810 3.4527
4090.7219 3.3998
4091.6653 3.3396
4092.6064 3.2775
4093.5481 3.2127
4094.4919 3.1371
4095.4338 3.0481
4096.3784 2.9515
4097.3208 2.8485
4098.2656 2.7347
4099.2085 2.6044
4100.1514 2.4597
4101.0967 2.3297
4102.0400 2.2756
4102.9863 2.3291
4103.9302 2.4617
4104.8765 2.6102
4105.8208 2.7397
4106.7676 2.8424
4107.7124 2.9262
4108.6572 2.9975
4109.6045 3.0624
4110.5503 3.1283
4111.4980 3.2000
4112.4438 3.2708
4113.3921 3.3351
4114.3384 3.3965
4115.2852 3.4557
4116.2339 3.5020
4117.1807 3.5169
4118.1304 3.5031
4119.0776 3.5002
4120.0273 3.5261
4120.9751 3.5597
4121.9233 3.5735
4122.8740 3.5876
4123.8223 3.6219
4124.7734 3.6616
4125.7222 3.6782
4126.6733 3.6600
4127.6230 3.6239
4128.5723 3.6073
4129.5244 3.6195
4130.4746 3.6195
4131.4268 3.5992
4132.3774 3.5934
4133.3301 3.6391
4134.2812 3.7144
4135.2324 3.7899
4136.1855 3.8431
4137.1372 3.8750
4138.0913 3.9062
4139.0435 3.9507
4139.9976 3.9816
4140.9502 3.9696
4141.9028 3.8937
4142.8579 3.7832
4143.8110 3.7184
4144.7666 3.7613
4145.7202 3.8495
4146.6758 3.9032
4147.6299 3.9026
4148.5840 3.8682
4149.5405 3.8370
4150.4951 3.8380
4151.4526 3.8587
4152.4072 3.8615
4153.3647 3.8269
4154.3203 3.7799
4155.2764 3.7516
4156.2344 3.7528
4157.1904 3.7693
4158.1489 3.8002
4159.1055 3.8344
4160.0649 3.8478
4161.0220 3.8390
4161.9790 3.8345
4162.9390 3.8570
4163.8965 3.8940
4164.8564 3.9276
4165.8149 3.9304
4166.7754 3.9078
4167.7339 3.8961
4168.6929 3.9119
4169.6538 3.9094
4170.6133 3.8394
4171.5752 3.7299
4172.5347 3.6492
4173.4971 3.6493
4174.4570 3.7064
4175.4175 3.7498
4176.3799 3.7299
4177.3408 3.6659
4178.3042 3.6228
4179.2651 3.6560
4180.2290 3.7371
4181.1909 3.7893
4182.1548 3.7918
4183.1172 3.7842
4184.0796 3.7925
4185.0444 3.8047
4186.0068 3.7934
4186.9722 3.7482
4187.9355 3.7306
4188.9014 3.7742
4189.8647 3.8382
4190.8286 3.8612
4191.7949 3.8732
4192.7593 3.9137
4193.7261 3.9471
4194.6909 3.9302
4195.6582 3.8718
4196.6235 3.8088
4197.5889 3.7353
4198.5571 3.6737
4199.5229 3.6873
4200.4912 3.7326
4201.4575 3.7513
4202.4263 3.7418
4203.3931 3.7569
4204.3599 3.7806
4205.3296 3.8063
4206.2969 3.8379
4207.2671 3.8616
4208.2349 3.8552
4209.2051 3.8311
4210.1738 3.8238
4211.1421 3.8503
4212.1133 3.8900
4213.0820 3.9018
4214.0537 3.8540
4215.0229 3.7678
4215.9951 3.7182
4216.9648 3.7500
4217.9351 3.8028
4218.9077 3.8269
4219.8784 3.8306
4220.8516 3.8410
4221.8223 3.8437
4222.7959 3.8188
4223.7676 3.7612
4224.7393 3.6748
4225.7134 3.5796
4226.6855 3.5288
4227.6602 3.5857
4228.6328 3.7297
4229.6079 3.8581
4230.5806 3.8983
4231.5542 3.8436
4232.5298 3.7293
4233.5034 3.6384
4234.4800 3.6275
4235.4541 3.6606
4236.4307 3.6987
4237.4053 3.7286
4238.3799 3.7340
4239.3574 3.7348
4240.3325 3.7617
4241.3105 3.7912
4242.2861 3.8048
4243.2642 3.8082
4244.2407 3.7984
4245.2168 3.7450
4246.1958 3.6576
4247.1729 3.6132
4248.1519 3.6335
4249.1294 3.6585
4250.1094 3.6386
4251.0869 3.6354
4252.0649 3.6833
4253.0454 3.7244
4254.0239 3.7355
4255.0049 3.7532
4255.9834 3.7863
4256.9648 3.7903
4257.9443 3.7516
4258.9263 3.6916
4259.9058 3.6393
4260.8857 3.6237
4261.8687 3.6701
4262.8491 3.7450
4263.8320 3.8032
4264.8130 3.8334
4265.7964 3.8401
4266.7778 3.8266
4267.7593 3.7930
4268.7432 3.7474
4269.7256 3.6818
4270.7100 3.5927
4271.6924 3.5228
4272.6772 3.5261
4273.6606 3.5710
4274.6436 3.6070
4275.6294 3.6495
4276.6128 3.7018
4277.5991 3.7447
4278.5830 3.7607
4279.5698 3.7639
4280.5542 3.7453
4281.5391 3.6895
4282.5264 3.6312
4283.5117 3.6129
4284.4990 3.6422
4285.4849 3.6716
4286.4731 3.6672
4287.4590 3.6182
4288.4453 3.5313
4289.4346 3.4523
4290.4214 3.4495
4291.4106 3.5351
4292.3979 3.6104
4293.3877 3.6023
4294.3755 3.5594
4295.3633 3.5343
4296.3535 3.5263
4297.3423 3.5040
4298.3330 3.4419
4299.3218 3.3554
4300.3135 3.3038
4301.3027 3.2942
4302.2920 3.2922
4303.2842 3.3206
4304.2744 3.3836
4305.2666 3.4232
4306.2573 3.4119
4307.2500 3.3653
4308.2412 3.3299
4309.2319 3.3509
4310.2261 3.4146
4311.2173 3.4539
4312.2114 3.4116
4313.2036 3.3025
4314.1982 3.2098
4315.1904 3.2087
4316.1836 3.2835
4317.1787 3.3459
4318.1719 3.3531
4319.1675 3.3129
4320.1611 3.2611
4321.1572 3.2338
4322.1514 3.2428
4323.1460 3.2347
4324.1426 3.1602
4325.1377 3.0499
4326.1348 2.9908
4327.1299 3.0087
4328.1279 3.0416
4329.1235 3.0316
4330.1196 2.9820
4331.1182 2.9204
4332.1143 2.8648
4333.1133 2.8068
4334.1104 2.7389
4335.1099 2.6551
4336.1069 2.5471
4337.1069 2.4164
4338.1045 2.2762
4339.1025 2.1439
4340.1030 2.0501
4341.1016 2.0489
4342.1025 2.1401
4343.1016 2.2756
4344.1030 2.4018
4345.1025 2.5165
4346.1021 2.6204
4347.1040 2.7105
4348.1040 2.7852
4349.1069 2.8356
4350.1074 2.8497
4351.1104 2.8358
4352.1113 2.8476
4353.1128 2.9228
4354.1167 3.0220
4355.1182 3.1021
4356.1226 3.1524
4357.1245 3.1805
4358.1294 3.1893
4359.1318 3.1981
4360.1348 3.2246
4361.1401 3.2659
4362.1436 3.3057
4363.1494 3.3431
4364.1528 3.3755
4365.1592 3.3950
4366.1636 3.3871
4367.1680 3.3544
4368.1753 3.3221
4369.1802 3.3172
4370.1875 3.3408
4371.1929 3.3824
4372.2007 3.4044
4373.2065 3.3698
4374.2129 3.2888
4375.2212 3.2588
4376.2280 3.3321
4377.2368 3.4383
4378.2441 3.5011
4379.2534 3.5101
4380.2612 3.5025
4381.2686 3.4792
4382.2793 3.4045
4383.2871 3.2816
4384.2979 3.1983
4385.3066 3.2130
4386.3179 3.2998
4387.3267 3.3840
4388.3359 3.4333
4389.3481 3.4522
4390.3579 3.4550
4391.3701 3.4575
4392.3804 3.4598
4393.3936 3.4256
4394.4043 3.3584
4395.4150 3.3359
4396.4287 3.3771
4397.4399 3.4251
4398.4541 3.4083
4399.4658 3.3482
4400.4805 3.3058
4401.4927 3.3345
4402.5054 3.3877
4403.5205 3.4057
4404.5337 3.3881
4405.5493 3.4046
4406.5625 3.4498
4407.5786 3.4678
4408.5928 3.4674
4409.6069 3.4732
4410.6240 3.4873
4411.6387 3.4950
4412.6558 3.4853
4413.6709 3.4200
4414.6885 3.3122
4415.7041 3.2210
4416.7227 3.2046
4417.7388 3.2531
4418.7549 3.3479
4419.7739 3.4388
4420.7905 3.4733
4421.8101 3.4547
4422.8271 3.4352
4423.8472 3.4408
4424.8647 3.4492
4425.8828 3.4441
4426.9033 3.4378
4427.9219 3.4411
4428.9429 3.4476
4429.9619 3.4427
4430.9834 3.4346
4432.0024 3.4275
4433.0220 3.4012
4434.0444 3.3569
4435.0645 3.3316
4436.0874 3.3594
4437.1079 3.4223
4438.1309 3.4729
4439.1519 3.4884
4440.1733 3.4609
4441.1968 3.3892
4442.2188 3.2886
4443.2432 3.2130
4444.2651 3.2317
4445.2900 3.3154
4446.3125 3.3898
4447.3354 3.4085
4448.3613 3.4046
4449.3843 3.3862
4450.4106 3.3599
4451.4341 3.3591
4452.4609 3.3737
4453.4849 3.3500
4454.5098 3.2866
4455.5366 3.2568
4456.5615 3.2848
4457.5894 3.3119
4458.6147 3.3077
4459.6431 3.2983
4460.6689 3.2937
4461.6953 3.2912
4462.7241 3.3088
4463.7505 3.3297
4464.7798 3.3329
4465.8071 3.3137
4466.8369 3.2765
4467.8643 3.2267
4468.8921 3.2017
4469.9229 3.2280
4470.9512 3.2880
4471.9819 3.3373
4473.0107 3.3675
4474.0425 3.3837
4475.0718 3.3777
4476.1011 3.3672
4477.1333 3.3670
4478.1631 3.3588
4479.1958 3.2887
4480.2266 3.1510
4481.2593 3.0464
4482.2905 3.0764
4483.3213 3.2103
4484.3555 3.3187
4485.3872 3.3684
4486.4214 3.3746
4487.4536 3.3358
4488.4883 3.2755
4489.5210 3.2325
4490.5537 3.2335
4491.5889 3.2610
4492.6226 3.2956
4493.6582 3.3055
4494.6919 3.3019
4495.7285 3.3080
4496.7627 3.3301
4497.7998 3.3506
4498.8345 3.3568
4499.8696 3.3230
4500.9072 3.2798
4501.9424 3.2782
4502.9805 3.3347
4504.0166 3.3870
4505.0552 3.4029
4506.0913 3.3796
4507.1279 3.3238
4508.1675 3.2753
4509.2046 3.2848
4510.2446 3.3342
4511.2822 3.3666
4512.3223 3.3684
4513.3604 3.3373
4514.3984 3.2855
4515.4395 3.2474
4516.4785 3.2604
4517.5200 3.2922
4518.5591 3.2874
4519.6011 3.2512
4520.6406 3.2134
4521.6807 3.1918
4522.7236 3.1827
4523.7642 3.2025
4524.8071 3.2285
4525.8481 3.2399
4526.8916 3.2267
4527.9331 3.1940
4528.9746 3.1673
4530.0190 3.1786
4531.0610 3.2074
4532.1060 3.2010
4533.1489 3.1526
4534.1938 3.1224
4535.2373 3.1714
4536.2803 3.2560
4537.3267 3.3079
4538.3701 3.3133
4539.4170 3.2856
4540.4609 3.2451
4541.5083 3.2215
4542.5527 3.2306
4543.5981 3.2439
4544.6455 3.2515
4545.6909 3.2520
4546.7393 3.2318
4547.7852 3.1626
4548.8340 3.0571
4549.8804 3.0174
4550.9272 3.0767
4551.9766 3.1540
4553.0239 3.1360
4554.0737 3.0585
4555.1216 3.0059
4556.1719 3.0281
4557.2197 3.0800
4558.2686 3.1190
4559.3193 3.1533
4560.3682 3.2037
4561.4199 3.2308
4562.4692 3.2008
4563.5215 3.1488
4564.5713 3.1282
4565.6211 3.1598
4566.6743 3.2061
4567.7246 3.2386
4568.7778 3.2499
4569.8291 3.2283
4570.8828 3.1769
4571.9341 3.1311
4572.9888 3.1432
4574.0405 3.1832
4575.0928 3.1886
4576.1479 3.1736
4577.2007 3.1701
4578.2559 3.1776
4579.3091 3.1662
4580.3652 3.1381
4581.4189 3.0957
4582.4731 3.0370
4583.5298 2.9956
4584.5840 3.0206
4585.6411 3.0836
4586.6963 3.1159
4587.7539 3.1043
4588.8091 3.0898
4589.8647 3.0928
4590.9233 3.0949
4591.9795 3.0896
4593.0386 3.1010
4594.0952 3.1278
4595.1543 3.1458
4596.2114 3.1489
4597.2690 3.1528
4598.3291 3.1552
4599.3867 3.1512
4600.4473 3.1457
4601.5059 3.1436
4602.5669 3.1437
4603.6255 3.1413
4604.6846 3.1390
4605.7466 3.1414
4606.8062 3.1506
4607.8687 3.1614
4608.9287 3.1662
4609.9912 3.1610
4611.0518 3.1512
4612.1128 3.1457
4613.1763 3.1448
4614.2373 3.1398
4615.3013 3.1236
4616.3633 3.0968
4617.4277 3.0674
4618.4897 3.0372
4619.5522 3.0284
4620.6177 3.0550
4621.6807 3.1013
4622.7466 3.1331
4623.8096 3.1400
4624.8760 3.1279
4625.9399 3.1166
4627.0044 3.1000
4628.0713 3.0650
4629.1357 3.0245
4630.2031 3.0315
4631.2686 3.0742
4632.3364 3.0871
4633.4023 3.0608
4634.4678 3.0318
4635.5366 3.0365
4636.6030 3.0563
4637.6724 3.0708
4638.7393 3.0845
4639.8091 3.0971
4640.8765 3.1045
4641.9438 3.1039
4643.0142 3.0980
4644.0825 3.0876
4645.1533 3.0703
4646.2222 3.0441
4647.2935 3.0179
4648.3623 3.0099
4649.4316 3.0285
4650.5039 3.0581
4651.5737 3.0743
4652.6465 3.0724
4653.7168 3.0575
4654.7900 3.0368
4655.8608 3.0199
4656.9346 3.0166
4658.0059 3.0370
4659.0771 3.0642
4660.1519 3.0757
4661.2236 3.0643
4662.2983 3.0431
4663.3711 3.0237
4664.4463 3.0085
4665.5195 2.9757
4666.5928 2.9287
4667.6689 2.9052
4668.7427 2.9218
4669.8193 2.9500
4670.8936 2.9760
4671.9707 2.9959
4673.0454 3.0108
4674.1206 3.0248
4675.1982 3.0396
4676.2739 3.0433
4677.3521 3.0250
4678.4282 2.9992
4679.5073 2.9873
4680.5835 2.9969
4681.6602 3.0098
4682.7397 3.0182
4683.8174 3.0215
4684.8975 3.0185
4685.9751 3.0140
4687.0557 3.0158
4688.1338 3.0197
4689.2124 3.0173
4690.2935 3.0072
4691.3726 2.9963
4692.4546 2.9904
4693.5342 2.9902
4694.6162 2.9938
4695.6963 2.9989
4696.7764 2.9965
4697.8594 2.9837
4698.9404 2.9670
4700.0239 2.9527
4701.1050 2.9291
4702.1890 2.8887
4703.2710 2.8733
4704.3530 2.8990
4705.4375 2.9349
4706.5200 2.9347
4707.6055 2.9084
4708.6885 2.8952
4709.7744 2.9138
4710.8579 2.9415
4711.9414 2.9521
4713.0283 2.9384
4714.1123 2.9106
4715.1992 2.9027
4716.2842 2.9232
4717.3716 2.9492
4718.4570 2.9624
4719.5425 2.9641
4720.6309 2.9593
4721.7168 2.9530
4722.8057 2.9532
4723.8921 2.9601
4724.9814 2.9653
4726.0684 2.9577
4727.1553 2.9373
4728.2456 2.9152
4729.3335 2.8964
4730.4238 2.8758
4731.5122 2.8630
4732.6030 2.8778
4733.6919 2.9035
4734.7808 2.9116
4735.8726 2.8979
4736.9624 2.8876
4738.0547 2.8967
4739.1445 2.9144
4740.2373 2.9206
4741.3276 2.9200
4742.4214 2.9209
4743.5122 2.9207
4744.6035 2.9172
4745.6973 2.9126
4746.7891 2.9052
4747.8838 2.8925
4748.9761 2.8709
4750.0713 2.8564
4751.1641 2.8609
4752.2568 2.8747
4753.3525 2.8736
4754.4463 2.8641
4755.5425 2.8565
4756.6367 2.8624
4757.7334 2.8813
4758.8281 2.8982
4759.9229 2.8974
4761.0205 2.8764
4762.1157 2.8462
4763.2139 2.8262
4764.3096 2.8232
4765.4082 2.8289
4766.5044 2.8417
4767.6011 2.8590
4768.7002 2.8690
4769.7974 2.8633
4770.8975 2.8469
4771.9951 2.8386
4773.0952 2.8543
4774.1934 2.8774
4775.2915 2.8841
4776.3926 2.8826
4777.4917 2.8813
4778.5933 2.8730
4779.6924 2.8579
4780.7949 2.8569
4781.8945 2.8618
4782.9946 2.8576
4784.0977 2.8450
4785.1982 2.8348
4786.3018 2.8199
4787.4028 2.8163
4788.5068 2.8250
4789.6084 2.8346
4790.7100 2.8405
4791.8149 2.8482
4792.9170 2.8571
4794.0225 2.8656
4795.1255 2.8699
4796.2310 2.8669
4797.3345 2.8538
4798.4380 2.8325
4799.5444 2.8172
4800.6489 2.8154
4801.7559 2.8204
4802.8604 2.8153
4803.9678 2.7943
4805.0732 2.7720
4806.1782 2.7708
4807.2866 2.7861
4808.3926 2.7945
4809.5015 2.7871
4810.6079 2.7723
4811.7173 2.7656
4812.8242 2.7708
4813.9312 2.7811
4815.0415 2.7869
4816.1489 2.7843
4817.2598 2.7778
4818.3677 2.7756
4819.4790 2.7752
4820.5879 2.7671
4821.6968 2.7400
4822.8086 2.6880
4823.9180 2.6410
4825.0303 2.6463
4826.1401 2.6805
4827.2534 2.6953
4828.3638 2.6868
4829.4771 2.6727
4830.5884 2.6629
4831.6992 2.6544
4832.8135 2.6494
4833.9253 2.6436
4835.0400 2.6267
4836.1523 2.6056
4837.2676 2.5899
4838.3804 2.5787
4839.4937 2.5627
4840.6094 2.5464
4841.7231 2.5322
4842.8394 2.5162
4843.9536 2.4969
4845.0708 2.4754
4846.1851 2.4436
4847.3003 2.3957
4848.4180 2.3498
4849.5332 2.3229
4850.6514 2.3074
4851.7676 2.2767
4852.8862 2.2262
4854.0024 2.1582
4855.1191 2.0870
4856.2388 2.0254
4857.3560 1.9661
4858.4761 1.8839
4859.5938 1.7711
4860.7144 1.6612
4861.8325 1.6337
4862.9512 1.7009
4864.0723 1.8142
4865.1914 1.9143
4866.3135 1.9992
4867.4326 2.0708
4868.5552 2.1295
4869.6753 2.1654
4870.7954 2.1795
4871.9189 2.1953
4873.0396 2.2386
4874.1631 2.2920
4875.2847 2.3238
4876.4087 2.3362
4877.5308 2.3523
4878.6528 2.3903
4879.7778 2.4368
4880.9004 2.4665
4882.0259 2.4655
4883.1489 2.4478
4884.2749 2.4405
4885.3984 2.4597
4886.5225 2.4859
4887.6494 2.5038
4888.7734 2.5038
4889.9009 2.4786
4891.0259 2.4540
4892.1538 2.4778
4893.2793 2.5391
4894.4048 2.5874
4895.5337 2.6106
4896.6597 2.6192
4897.7891 2.6151
4898.9155 2.5907
4900.0454 2.5633
4901.1724 2.5645
4902.2998 2.5759
4903.4307 2.5808
4904.5586 2.5875
4905.6895 2.6120
4906.8179 2.6311
4907.9497 2.6322
4909.0786 2.6127
4910.2080 2.5881
4911.3403 2.5808
4912.4702 2.6009
4913.6030 2.6260
4914.7334 2.6401
4915.8667 2.6388
4916.9976 2.6088
4918.1313 2.5515
4919.2627 2.4974
4920.3945 2.4822
4921.5288 2.5040
4922.6611 2.5040
4923.7964 2.4908
4924.9292 2.5086
4926.0649 2.5705
4927.1978 2.6148
4928.3315 2.6326
4929.4678 2.6346
4930.6021 2.6232
4931.7388 2.5933
4932.8735 2.5466
4934.0107 2.5126
4935.1460 2.5280
4936.2812 2.5576
4937.4194 2.5646
4938.5557 2.5572
4939.6943 2.5738
4940.8306 2.6039
4941.9702 2.6225
4943.1069 2.6280
4944.2441 2.6233
4945.3843 2.6117
4946.5220 2.6006
4947.6626 2.6024
4948.8008 2.6087
4949.9419 2.6114
4951.0806 2.6059
4952.2197 2.5947
4953.3618 2.5866
4954.5010 2.5827
4955.6436 2.5570
4956.7837 2.4960
4957.9268 2.4715
4959.0674 2.5201
4960.2080 2.5849
4961.3521 2.6103
4962.4932 2.6121
4963.6377 2.6081
4964.7793 2.5959
4965.9243 2.5774
4967.0669 2.5661
4968.2095 2.5637
4969.3550 2.5600
4970.4980 2.5594
4971.6445 2.5647
4972.7881 2.5736
4973.9351 2.5817
4975.0791 2.5896
4976.2236 2.5896
4977.3711 2.5782
4978.5161 2.5595
4979.6641 2.5377
4980.8096 2.5098
4981.9585 2.4637
4983.1045 2.4172
4984.2510 2.4152
4985.4004 2.4587
4986.5469 2.5162
4987.6968 2.5516
4988.8442 2.5557
4989.9946 2.5427
4991.1426 2.5291
4992.2910 2.5209
4993.4419 2.5211
4994.5908 2.5330
4995.7427 2.5496
4996.8921 2.5573
4998.0439 2.5509
4999.1938 2.5243
5000.3438 2.4833
5001.4971 2.4520
5002.6475 2.4559
5003.8013 2.4740
5004.9521 2.4561
5006.1064 2.4313
5007.2583 2.4438
5008.4126 2.4891
5009.5649 2.5142
5010.7173 2.5049
5011.8730 2.4811
5013.0259 2.4639
5014.1816 2.4592
5015.3354 2.4552
5016.4917 2.4296
5017.6460 2.3665
5018.8003 2.3358
5019.9575 2.3689
5021.1123 2.4298
5022.2700 2.4618
5023.4258 2.4858
5024.5840 2.5069
5025.7397 2.5075
5026.8960 2.4904
5028.0552 2.4757
5029.2119 2.4771
5030.3716 2.4762
5031.5288 2.4757
5032.6890 2.4871
5033.8472 2.4846
5035.0049 2.4589
5036.1660 2.4419
5037.3247 2.4505
5038.4863 2.4515
5039.6455 2.4217
5040.8076 2.3846
5041.9668 2.3816
5043.1270 2.4287
5044.2900 2.4769
5045.4502 2.4986
5046.6138 2.4962
5047.7749 2.4745
5048.9390 2.4450
5050.1001 2.4253
5051.2622 2.4154
5052.4268 2.4205
5053.5894 2.4418
5054.7544 2.4508
5055.9175 2.4418
5057.0830 2.4464
5058.2466 2.4688
5059.4102 2.4862
5060.5771 2.4920
5061.7412 2.4906
5062.9082 2.4815
5064.0732 2.4588
5065.2407 2.4360
5066.4062 2.4329
5067.5718 2.4359
5068.7402 2.4397
5069.9062 2.4439
5071.0752 2.4434
5072.2417 2.4324
5073.4116 2.4242
5074.5786 2.4177
5075.7461 2.4197
5076.9165 2.4262
5078.0845 2.4152
5079.2554 2.3801
5080.4238 2.3544
5081.5957 2.3630
5082.7646 2.3847
5083.9336 2.4001
5085.1060 2.4133
5086.2759 2.4145
5087.4487 2.4034
5088.6191 2.4083
5089.7925 2.4233
5090.9634 2.4335
5092.1348 2.4390
5093.3091 2.4421
5094.4805 2.4409
5095.6553 2.4259
5096.8276 2.3964
5098.0029 2.3630
5099.1758 2.3428
5100.3516 2.3476
5101.5249 2.3781
5102.6987 2.4103
5103.8750 2.4281
5105.0493 2.4282
5106.2266 2.4154
5107.4014 2.3971
5108.5791 2.3875
5109.7544 2.3867
5110.9297 2.3941
5112.1084 2.4060
5113.2842 2.4117
5114.4634 2.4019
5115.6401 2.3920
5116.8198 2.4007
5117.9966 2.4119
5119.1743 2.4084
5120.3545 2.3953
5121.5327 2.3815
5122.7134 2.3673
5123.8921 2.3518
5125.0737 2.3434
5126.2524 2.3439
5127.4321 2.3423
5128.6143 2.3354
5129.7939 2.3401
5130.9771 2.3520
5132.1572 2.3484
5133.3408 2.3333
5134.5220 2.3378
5135.7031 2.3470
5136.8872 2.3333
5138.0688 2.3039
5139.2539 2.2889
5140.4360 2.3011
5141.6216 2.3201
5142.8042 2.3255
5143.9873 2.3373
5145.1738 2.3398
5146.3574 2.3281
5147.5439 2.3177
5148.7280 2.3266
5149.9155 2.3406
5151.1001 2.3453
5152.2852 2.3333
5153.4731 2.3122
5154.6587 2.3005
5155.8477 2.3129
5157.0337 2.3338
5158.2227 2.3471
5159.4097 2.3486
5160.5962 2.3338
5161.7861 2.3134
5162.9736 2.3103
5164.1646 2.3154
5165.3525 2.2871
5166.5435 2.2073
5167.7319 2.1307
5168.9209 2.1170
5170.1128 2.1622
5171.3022 2.1868
5172.4946 2.1863
5173.6846 2.2305
5174.8779 2.2943
5176.0684 2.3287
5177.2588 2.3351
5178.4526 2.3384
5179.6440 2.3353
5180.8384 2.3195
5182.0303 2.2697
5183.2251 2.2048
5184.4175 2.1899
5185.6104 2.2316
5186.8062 2.2580
5187.9995 2.2501
5189.1958 2.2390
5190.3896 2.2351
5191.5864 2.2170
5192.7808 2.2144
5193.9780 2.2332
5195.1729 2.2340
5196.3682 2.2162
5197.5664 2.2079
5198.7622 2.2286
5199.9609 2.2556
5201.1572 2.2663
5202.3564 2.2646
5203.5532 2.2458
5204.7505 2.2146
5205.9507 2.1966
5207.1484 2.2061
5208.3491 2.2206
5209.5474 2.2458
5210.7485 2.2733
5211.9473 2.2889
5213.1460 2.2864
5214.3481 2.2657
5215.5479 2.2351
5216.7505 2.2269
5217.9507 2.2461
5219.1538 2.2736
5220.3545 2.2883
5221.5557 2.2926
5222.7598 2.2890
5223.9609 2.2725
5225.1655 2.2175
5226.3677 2.1418
5227.5728 2.1203
5228.7754 2.1723
5229.9785 2.2235
5231.1846 2.2289
5232.3877 2.1920
5233.5942 2.1503
5234.7983 2.1469
5236.0054 2.1778
5237.2100 2.2072
5238.4150 2.2283
5239.6230 2.2435
5240.8281 2.2515
5242.0366 2.2495
5243.2427 2.2484
5244.4517 2.2558
5245.6582 2.2591
5246.8652 2.2550
5248.0747 2.2477
5249.2822 2.2406
5250.4927 2.2357
5251.7007 2.2387
5252.9116 2.2362
5254.1201 2.2246
5255.3286 2.2165
5256.5405 2.2272
5257.7500 2.2407
5258.9624 2.2421
5260.1724 2.2260
5261.3853 2.1988
5262.5957 2.1672
5263.8062 2.1341
5265.0200 2.1100
5266.2310 2.1148
5267.4458 2.1291
5268.6572 2.1140
5269.8721 2.0851
5271.0845 2.1079
5272.2974 2.1508
5273.5132 2.1575
5274.7261 2.1277
5275.9424 2.1173
5277.1562 2.1532
5278.3730 2.1931
5279.5874 2.1967
5280.8047 2.1842
5282.0195 2.1635
5283.2349 2.1426
5284.4531 2.1427
5285.6689 2.1805
5286.8877 2.2161
5288.1040 2.2275
5289.3232 2.2270
5290.5400 2.2241
5291.7573 2.2204
5292.9775 2.2154
5294.1953 2.2116
5295.4160 2.2068
5296.6343 2.1960
5297.8555 2.1873
5299.0742 2.1873
5300.2935 2.1888
5301.5156 2.1819
5302.7354 2.1778
5303.9580 2.1841
5305.1782 2.1848
5306.4014 2.1746
5307.6221 2.1728
5308.8433 2.1823
5310.0674 2.1934
5311.2891 2.1952
5312.5137 2.1862
5313.7358 2.1670
5314.9614 2.1340
5316.1841 2.0913
5317.4072 2.0937
5318.6333 2.1390
5319.8569 2.1789
5321.0835 2.1842
5322.3076 2.1684
5323.5347 2.1338
5324.7598 2.1080
5325.9844 2.0967
5327.2129 2.0778
5328.4380 2.0606
5329.6670 2.0899
5330.8931 2.1365
5332.1221 2.1605
5333.3491 2.1614
5334.5757 2.1504
5335.8062 2.1353
5337.0337 2.1188
5338.2642 2.1046
5339.4922 2.0940
5340.7236 2.1044
5341.9521 2.1325
5343.1812 2.1581
5344.4131 2.1635
5345.6426 2.1581
5346.8755 2.1550
5348.1055 2.1510
5349.3389 2.1467
5350.5693 2.1482
5351.8003 2.1571
5353.0342 2.1603
5354.2656 2.1635
5355.5005 2.1705
5356.7324 2.1767
5357.9678 2.1781
5359.2002 2.1744
5360.4331 2.1604
5361.6694 2.1285
5362.9028 2.0974
5364.1392 2.0871
5365.3735 2.0956
5366.6108 2.1004
5367.8452 2.0952
5369.0801 2.0786
5370.3184 2.0575
5371.5537 2.0627
5372.7925 2.1013
5374.0283 2.1371
5375.2676 2.1507
5376.5039 2.1511
5377.7441 2.1452
5378.9810 2.1310
5380.2183 2.1113
5381.4590 2.0975
5382.6973 2.0893
5383.9385 2.0959
5385.1768 2.1173
5386.4189 2.1343
5387.6577 2.1343
5388.8975 2.1257
5390.1401 2.1153
5391.3799 2.1084
5392.6230 2.1035
5393.8638 2.1028
5395.1074 2.0998
5396.3486 2.0828
5397.5903 2.0719
5398.8350 2.0804
5400.0767 2.0875
5401.3223 2.0831
5402.5645 2.0610
5403.8105 2.0200
5405.0537 2.0013
5406.2969 2.0293
5407.5439 2.0620
5408.7876 2.0694
5410.0352 2.0583
5411.2798 2.0577
5412.5273 2.0680
5413.7725 2.0613
5415.0181 2.0550
5416.2666 2.0664
5417.5127 2.0872
5418.7617 2.0922
5420.0083 2.0902
5421.2583 2.0840
5422.5054 2.0624
5423.7529 2.0351
5425.0034 2.0278
5426.2515 2.0519
5427.5029 2.0654
5428.7515 2.0493
5430.0034 2.0406
5431.2524 2.0488
5432.5020 2.0548
5433.7549 2.0449
5435.0049 2.0473
5436.2578 2.0667
5437.5088 2.0855
5438.7627 2.0939
5440.0137 2.0943
5441.2651 2.0930
5442.5200 2.0857
5443.7720 2.0653
5445.0273 2.0349
5446.2798 2.0162
5447.5356 2.0269
5448.7891 2.0587
5450.0425 2.0802
5451.2993 2.0851
5452.5532 2.0790
5453.8105 2.0556
5455.0654 2.0249
5456.3232 2.0223
5457.5786 2.0489
5458.8340 2.0685
5460.0928 2.0700
5461.3486 2.0508
5462.6084 2.0251
5463.8647 2.0206
5465.1250 2.0338
5466.3823 2.0422
5467.6396 2.0461
5468.9004 2.0488
5470.1587 2.0499
5471.4199 2.0456
5472.6787 2.0337
5473.9404 2.0243
5475.1997 2.0012
5476.4624 1.9621
5477.7222 1.9355
5478.9824 1.9588
5480.2461 2.0045
5481.5068 2.0318
5482.7705 2.0495
5484.0322 2.0595
5485.2964 2.0574
5486.5586 2.0464
5487.8208 2.0356
5489.0859 2.0350
5490.3491 2.0365
5491.6147 2.0359
5492.8784 2.0343
5494.1450 2.0326
5495.4087 2.0282
5496.6729 2.0196
5497.9404 2.0189
5499.2056 2.0232
5500.4736 2.0207
5501.7388 2.0090
5503.0073 2.0091
5504.2734 2.0177
5505.5396 2.0138
5506.8096 2.0028
5508.0762 1.9975
5509.3462 1.9976
5510.6138 2.0021
5511.8843 2.0142
5513.1523 2.0233
5514.4209 2.0274
5515.6924 2.0285
5516.9614 2.0270
5518.2334 2.0270
5519.5029 2.0266
5520.7759 2.0235
5522.0459 2.0169
5523.3159 2.0080
5524.5898 1.9979
5525.8608 1.9815
5527.1348 1.9540
5528.4062 1.9472
5529.6812 1.9689
5530.9536 1.9975
5532.2256 2.0030
5533.5015 1.9854
5534.7744 1.9643
5536.0508 1.9704
5537.3242 1.9910
5538.6011 2.0023
5539.8755 2.0031
5541.1499 1.9992
5542.4277 1.9934
5543.7026 1.9852
5544.9810 1.9817
5546.2568 1.9863
5547.5356 1.9926
5548.8115 1.9981
5550.0884 1.9975
5551.3682 1.9982
5552.6450 1.9976
5553.9258 1.9908
5555.2031 1.9825
5556.4844 1.9820
5557.7627 1.9804
5559.0410 1.9797
5560.3232 1.9793
5561.6021 1.9760
5562.8848 1.9686
5564.1646 1.9620
5565.4473 1.9577
5566.7280 1.9606
5568.0083 1.9631
5569.2925 1.9579
5570.5737 1.9488
5571.8579 1.9400
5573.1401 1.9321
5574.4253 1.9419
5575.7075 1.9558
5576.9932 1.9588
5578.2764 1.9600
5579.5596 1.9623
5580.8462 1.9604
5582.1299 1.9550
5583.4170 1.9531
5584.7017 1.9480
5585.9893 1.9211
5587.2744 1.8922
5588.5601 1.8842
5589.8486 1.9008
5591.1348 1.9229
5592.4238 1.9292
5593.7104 1.9186
5595.0005 1.9165
5596.2876 1.9201
5597.5747 1.9093
5598.8657 1.8993
5600.1538 1.9044
5601.4448 1.9080
5602.7334 1.9046
5604.0254 1.9182
5605.3149 1.9382
5606.6045 1.9508
5607.8970 1.9526
5609.1870 1.9497
5610.4805 1.9474
5611.7715 1.9481
5613.0654 1.9371
5614.3569 1.9109
5615.6484 1.8907
5616.9434 1.9044
5618.2354 1.9230
5619.5308 1.9273
5620.8237 1.9298
5622.1201 1.9272
5623.4131 1.9130
5624.7070 1.8983
5626.0039 1.9000
5627.2983 1.9104
5628.5957 1.9194
5629.8906 1.9229
5631.1890 1.9209
5632.4844 1.9149
5633.7803 1.9119
5635.0791 1.9159
5636.3755 1.9108
5637.6753 1.9017
5638.9722 1.8991
5640.2725 1.8987
5641.5703 1.8948
5642.8682 1.8983
5644.1694 1.9051
5645.4678 1.9100
5646.7695 1.9104
5648.0684 1.9059
5649.3711 1.9009
5650.6704 1.8994
5651.9707 1.9046
5653.2739 1.9041
5654.5742 1.8912
5655.8784 1.8760
5657.1797 1.8580
5658.4839 1.8440
5659.7856 1.8549
5661.0879 1.8666
5662.3931 1.8603
5663.6958 1.8610
5665.0020 1.8790
5666.3052 1.8873
5667.6118 1.8835
5668.9155 1.8780
5670.2197 1.8803
5671.5273 1.8917
5672.8320 1.9023
5674.1401 1.8968
5675.4453 1.8885
5676.7539 1.8867
5678.0601 1.8873
5679.3696 1.8807
5680.6758 1.8708
5681.9829 1.8598
5683.2930 1.8542
5684.6006 1.8540
5685.9111 1.8516
5687.2192 1.8405
5688.5308 1.8354
5689.8394 1.8468
5691.1484 1.8605
5692.4609 1.8677
5693.7705 1.8691
5695.0835 1.8688
5696.3936 1.8705
5697.7070 1.8727
5699.0176 1.8696
5700.3286 1.8644
5701.6431 1.8633
5702.9551 1.8655
5704.2700 1.8599
5705.5825 1.8465
5706.8979 1.8353
5708.2109 1.8274
5709.5239 1.8234
5710.8408 1.8303
5712.1543 1.8451
5713.4717 1.8593
5714.7861 1.8630
5716.1040 1.8587
5717.4189 1.8532
5718.7339 1.8488
5720.0527 1.8481
5721.3687 1.8464
5722.6880 1.8491
5724.0044 1.8525
5725.3242 1.8516
5726.6416 1.8493
5727.9590 1.8502
5729.2798 1.8486
5730.5977 1.8477
5731.9194 1.8458
5733.2378 1.8439
5734.5601 1.8487
5735.8794 1.8523
5737.1987 1.8501
5738.5215 1.8507
5739.8418 1.8513
5741.1655 1.8454
5742.4863 1.8359
5743.8105 1.8327
5745.1318 1.8361
5746.4536 1.8374
5747.7783 1.8357
5749.1006 1.8346
5750.4268 1.8335
5751.7495 1.8284
5753.0757 1.8188
5754.3994 1.8204
5755.7231 1.8284
5757.0503 1.8328
5758.3745 1.8345
5759.7026 1.8296
5761.0273 1.8192
5762.3560 1.8076
5763.6816 1.8083
5765.0078 1.8236
5766.3369 1.8340
5767.6636 1.8319
5768.9937 1.8276
5770.3208 1.8238
5771.6514 1.8227
5772.9790 1.8230
5774.3071 1.8198
5775.6387 1.8179
5776.9673 1.8215
5778.2993 1.8191
5779.6289 1.8137
5780.9614 1.8123
5782.2915 1.8117
5783.6250 1.8096
5784.9556 1.8087
5786.2861 1.8091
5787.6206 1.8088
5788.9521 1.8072
5790.2871 1.8060
5791.6191 1.8034
5792.9546 1.8020
5794.2871 1.8064
5795.6201 1.8095
5796.9565 1.8061
5798.2900 1.8030
5799.6274 1.8028
5800.9614 1.7987
5802.2993 1.7983
5803.6338 1.8029
5804.9692 1.8066
5806.3076 1.8036
5807.6436 1.7981
5808.9824 1.7912
5810.3188 1.7889
5811.6587 1.7877
5812.9956 1.7857
5814.3330 1.7877
5815.6738 1.7863
5817.0117 1.7843
5818.3530 1.7865
5819.6914 1.7914
5821.0337 1.7954
5822.3726 1.7974
5823.7119 1.7950
5825.0552 1.7917
5826.3950 1.7878
5827.7388 1.7864
5829.0791 1.7887
5830.4233 1.7902
5831.7646 1.7873
5833.1064 1.7910
5834.4517 1.7919
5835.7935 1.7900
5837.1396 1.7894
5838.4824 1.7869
5839.8286 1.7785
5841.1719 1.7755
5842.5156 1.7747
5843.8633 1.7739
5845.2075 1.7723
5846.5552 1.7685
5847.9004 1.7692
5849.2490 1.7810
5850.5942 1.7813
5851.9404 1.7664
5853.2896 1.7511
5854.6362 1.7469
5855.9863 1.7419
5857.3335 1.7335
5858.6841 1.7334
5860.0322 1.7412
5861.3799 1.7476
5862.7319 1.7495
5864.0806 1.7567
5865.4326 1.7683
5866.7822 1.7720
5868.1348 1.7690
5869.4849 1.7664
5870.8350 1.7645
5872.1890 1.7624
5873.5400 1.7577
5874.8940 1.7584
5876.2456 1.7623
5877.6006 1.7613
5878.9531 1.7532
5880.3052 1.7458
5881.6611 1.7426
5883.0146 1.7386
5884.3711 1.7300
5885.7246 1.7226
5887.0820 1.7212
5888.4365 1.6906
5889.7939 1.6444
5891.1489 1.6547
5892.5044 1.6958
5893.8633 1.6991
5895.2192 1.6568
5896.5786 1.6402
5897.9351 1.6721
5899.2949 1.6981
5900.6523 1.7073
5902.0098 1.7163
5903.3706 1.7253
5904.7285 1.7308
5906.0903 1.7294
5907.4487 1.7257
5908.8110 1.7230
5910.1704 1.7204
5911.5303 1.7147
5912.8931 1.7053
5914.2534 1.7013
5915.6172 1.7048
5916.9780 1.7065
5918.3428 1.7055
5919.7041 1.7133
5921.0659 1.7130
5922.4312 1.7018
5923.7939 1.7015
5925.1597 1.7118
5926.5229 1.7169
5927.8896 1.7092
5929.2534 1.7016
5930.6172 1.7062
5931.9849 1.7075
5933.3496 1.7035
5934.7178 1.7037
5936.0830 1.7103
5937.4517 1.7089
5938.8179 1.6960
5940.1841 1.6852
5941.5537 1.6851
5942.9204 1.6927
5944.2910 1.6968
5945.6587 1.6937
5947.0298 1.6856
5948.3975 1.6797
5949.7661 1.6825
5951.1382 1.6899
5952.5073 1.6884
5953.8799 1.6849
5955.2495 1.6871
5956.6226 1.6835
5957.9932 1.6780
5959.3638 1.6796
5960.7378 1.6830
5962.1094 1.6809
5963.4839 1.6876
5964.8560 1.6848
5966.2314 1.6764
5967.6040 1.6751
5968.9766 1.6764
5970.3530 1.6744
5971.7266 1.6768
5973.1035 1.6772
5974.4780 1.6725
5975.8555 1.6658
5977.2305 1.6616
5978.6055 1.6601
5979.9839 1.6624
5981.3599 1.6656
5982.7388 1.6635
5984.1152 1.6550
5985.4951 1.6486
5986.8721 1.6511
5988.2495 1.6623
5989.6304 1.6629
5991.0083 1.6533
5992.3896 1.6503
5993.7681 1.6632
5995.1504 1.6702
5996.5298 1.6627
5997.9126 1.6562
5999.2920 1.6563
6000.6724 1.6577
6002.0562 1.6568
6003.4370 1.6565
6004.8213 1.6565
6006.2026 1.6520
6007.5874 1.6441
6008.9697 1.6396
6010.3521 1.6450
6011.7378 1.6510
6013.1211 1.6426
6014.5078 1.6364
6015.8911 1.6387
6017.2783 1.6415
6018.6626 1.6372
6020.0474 1.6319
6021.4355 1.6331
6022.8208 1.6340
6024.2095 1.6340
6025.5957 1.6367
6026.9849 1.6408
6028.3716 1.6405
6029.7583 1.6413
6031.1489 1.6445
6032.5361 1.6459
6033.9272 1.6432
6035.3154 1.6407
6036.7070 1.6378
6038.0957 1.6345
6039.4849 1.6332
6040.8774 1.6316
6042.2671 1.6295
6043.6606 1.6303
6045.0508 1.6264
6046.4448 1.6188
6047.8359 1.6181
6049.2271 1.6244
6050.6221 1.6289
6052.0142 1.6252
6053.4097 1.6217
6054.8022 1.6191
6056.1982 1.6201
6057.5918 1.6249
6058.9854 1.6274
6060.3823 1.6219
6061.7764 1.6206
6063.1743 1.6201
6064.5693 1.6132
6065.9678 1.6087
6067.3633 1.6144
6068.7588 1.6202
6070.1582 1.6196
6071.5547 1.6207
6072.9551 1.6213
6074.3521 1.6200
6075.7529 1.6176
6077.1504 1.6144
6078.5483 1.6098
6079.9502 1.6113
6081.3491 1.6137
6082.7515 1.6113
6084.1504 1.6047
6085.5537 1.6011
6086.9536 1.6029
6088.3540 1.6063
6089.7578 1.6049
6091.1587 1.6036
6092.5635 1.6067
6093.9648 1.6075
6095.3701 1.6084
6096.7725 1.6102
6098.1782 1.6105
6099.5811 1.6057
6100.9844 1.5932
6102.3911 1.5775
6103.7949 1.5782
6105.2026 1.5935
6106.6069 1.6029
6108.0151 1.6038
6109.4204 1.6023
6110.8257 1.5979
6112.2349 1.5937
6113.6411 1.5930
6115.0508 1.5963
6116.4575 1.5965
6117.8682 1.5927
6119.2754 1.5932
6120.6831 1.5823
6122.0947 1.5682
6123.5029 1.5704
6124.9150 1.5823
6126.3242 1.5886
6127.7368 1.5885
6129.1465 1.5816
6130.5566 1.5792
6131.9702 1.5796
6133.3809 1.5799
6134.7954 1.5753
6136.2065 1.5600
6137.6216 1.5511
6139.0337 1.5588
6140.4458 1.5505
6141.8618 1.5376
6143.2749 1.5479
6144.6914 1.5692
6146.1050 1.5640
6147.5220 1.5451
6148.9365 1.5404
6150.3511 1.5543
6151.7690 1.5707
6153.1846 1.5716
6154.6035 1.5568
6156.0190 1.5405
6157.4390 1.5389
6158.8555 1.5464
6160.2720 1.5463
6161.6929 1.5342
6163.1104 1.5352
6164.5312 1.5497
6165.9497 1.5597
6167.3711 1.5592
6168.7900 1.5520
6170.2095 1.5442
6171.6323 1.5483
6173.0518 1.5528
6174.4756 1.5480
6175.8960 1.5437
6177.3198 1.5492
6178.7412 1.5560
6180.1626 1.5597
6181.5874 1.5586
6183.0098 1.5577
6184.4355 1.5547
6185.8579 1.5491
6187.2847 1.5495
6188.7080 1.5527
6190.1318 1.5441
6191.5591 1.5376
6192.9834 1.5398
6194.4116 1.5455
6195.8364 1.5489
6197.2651 1.5490
6198.6909 1.5515
6200.1172 1.5528
6201.5469 1.5501
6202.9731 1.5469
6204.4038 1.5489
6205.8311 1.5512
6207.2622 1.5507
6208.6899 1.5477
6210.1216 1.5440
6211.5503 1.5400
6212.9795 1.5341
6214.4121 1.5295
6215.8418 1.5343
6217.2749 1.5367
6218.7056 1.5320
6220.1392 1.5276
6221.5703 1.5317
6223.0015 1.5299
6224.4365 1.5260
6225.8687 1.5273
6227.3042 1.5307
6228.7368 1.5275
6230.1729 1.5161
6231.6064 1.5106
6233.0400 1.5114
6234.4771 1.5146
6235.9116 1.5136
6237.3496 1.5046
6238.7842 1.4945
6240.2231 1.5015
6241.6587 1.5131
6243.0942 1.5153
6244.5342 1.5033
6245.9707 1.4832
6247.4111 1.4716
6248.8481 1.4860
6250.2891 1.5073
6251.7271 1.5079
6253.1650 1.4954
6254.6069 1.4918
6256.0459 1.4995
6257.4888 1.5075
6258.9282 1.5083
6260.3716 1.5084
6261.8115 1.5081
6263.2520 1.5058
6264.6963 1.5055
6266.1377 1.5037
6267.5825 1.5038
6269.0244 1.5063
6270.4702 1.5070
6271.9126 1.5034
6273.3555 1.4980
6274.8022 1.4833
6276.2456 1.4567
6277.6929 1.4478
6279.1372 1.4586
6280.5850 1.4721
6282.0298 1.4815
6283.4751 1.4892
6284.9238 1.4937
6286.3696 1.4922
6287.8193 1.4875
6289.2661 1.4830
6290.7163 1.4780
6292.1636 1.4768
6293.6108 1.4747
6295.0620 1.4750
6296.5103 1.4758
6297.9624 1.4751
6299.4111 1.4755
6300.8638 1.4673
6302.3135 1.4617
6303.7632 1.4643
6305.2168 1.4696
6306.6675 1.4721
6308.1216 1.4730
6309.5728 1.4677
6311.0278 1.4717
6312.4795 1.4748
6313.9316 1.4713
6315.3877 1.4639
6316.8403 1.4558
6318.2974 1.4502
6319.7510 1.4566
6321.2080 1.4646
6322.6621 1.4677
6324.1201 1.4691
6325.5752 1.4745
6327.0303 1.4766
6328.4893 1.4748
6329.9453 1.4701
6331.4048 1.4650
6332.8613 1.4609
6334.3218 1.4565
6335.7788 1.4541
6337.2363 1.4564
6338.6978 1.4594
6340.1558 1.4614
6341.6182 1.4626
6343.0767 1.4606
6344.5396 1.4518
6345.9990 1.4279
6347.4590 1.4194
6348.9229 1.4366
6350.3833 1.4602
6351.8477 1.4654
6353.3091 1.4642
6354.7739 1.4605
6356.2358 1.4557
6357.6982 1.4525
6359.1641 1.4511
6360.6270 1.4476
6362.0938 1.4466
6363.5576 1.4470
6365.0249 1.4488
6366.4893 1.4504
6367.9536 1.4479
6369.4224 1.4379
6370.8877 1.4228
6372.3564 1.4269
6373.8228 1.4427
6375.2925 1.4527
6376.7588 1.4507
6378.2261 1.4493
6379.6968 1.4504
6381.1646 1.4494
6382.6357 1.4448
6384.1040 1.4409
6385.5762 1.4415
6387.0454 1.4433
6388.5146 1.4422
6389.9878 1.4412
6391.4580 1.4381
6392.9316 1.4350
6394.4023 1.4364
6395.8770 1.4408
6397.3481 1.4405
6398.8198 1.4296
6400.2954 1.4250
6401.7681 1.4325
6403.2441 1.4426
6404.7173 1.4436
6406.1943 1.4371
6407.6680 1.4285
6409.1421 1.4266
6410.6196 1.4272
6412.0947 1.4261
6413.5732 1.4290
6415.0488 1.4206
6416.5278 1.4097
6418.0039 1.4088
6419.4805 1.4143
6420.9609 1.4178
6422.4380 1.4224
6423.9189 1.4336
6425.3970 1.4374
6426.8784 1.4351
6428.3569 1.4332
6429.8359 1.4314
6431.3184 1.4214
6432.7979 1.4093
6434.2812 1.4106
6435.7617 1.4205
6437.2456 1.4197
6438.7266 1.4054
6440.2114 1.4063
6441.6929 1.4190
6443.1748 1.4247
6444.6606 1.4259
6446.1431 1.4244
6447.6294 1.4177
6449.1128 1.4074
6450.6001 1.4050
6452.0840 1.4129
6453.5684 1.4096
6455.0566 1.3863
6456.5415 1.3638
6458.0303 1.3768
6459.5161 1.4007
6461.0054 1.3998
6462.4917 1.3929
6463.9785 1.3978
6465.4692 1.4095
6466.9565 1.4111
6468.4478 1.4092
6469.9360 1.4051
6471.4277 1.4025
6472.9165 1.4023
6474.4058 1.4042
6475.8984 1.4088
6477.3882 1.4124
6478.8818 1.4022
6480.3726 1.3941
6481.8667 1.3922
6483.3579 1.3922
6484.8496 1.3961
6486.3447 1.3971
6487.8369 1.3962
6489.3330 1.3931
6490.8262 1.3863
6492.3228 1.3744
6493.8164 1.3590
6495.3101 1.3472
6496.8081 1.3497
6498.3027 1.3674
6499.8013 1.3859
6501.2964 1.3926
6502.7954 1.3943
6504.2915 1.3946
6505.7876 1.3944
6507.2881 1.3926
6508.7852 1.3926
6510.2861 1.3937
6511.7837 1.3851
6513.2852 1.3729
6514.7837 1.3577
6516.2822 1.3517
6517.7852 1.3605
6519.2842 1.3753
6520.7876 1.3800
6522.2876 1.3767
6523.7920 1.3727
6525.2925 1.3714
6526.7939 1.3695
6528.2988 1.3646
6529.8008 1.3609
6531.3062 1.3535
6532.8091 1.3491
6534.3154 1.3449
6535.8184 1.3414
6537.3223 1.3409
6538.8296 1.3387
6540.3340 1.3274
6541.8423 1.3144
6543.3472 1.3066
6544.8560 1.3010
6546.3613 1.2917
6547.8677 1.2807
6549.3774 1.2742
6550.8843 1.2636
6552.3945 1.2438
6553.9019 1.2217
6555.4136 1.2021
6556.9214 1.1750
6558.4336 1.1412
6559.9424 1.0958
6561.4512 1.0253
6562.9644 0.9840
6564.4741 1.0233
6565.9878 1.0965
6567.4985 1.1448
6569.0127 1.1752
6570.5239 1.1976
6572.0356 1.2164
6573.5513 1.2335
6575.0635 1.2507
6576.5796 1.2685
6578.0923 1.2781
6579.6094 1.2849
6581.1230 1.2923
6582.6372 1.2997
6584.1548 1.3065
6585.6694 1.3098
6587.1885 1.3092
6588.7036 1.3145
6590.2231 1.3216
6591.7393 1.3230
6593.2554 1.3262
6594.7759 1.3385
6596.2930 1.3429
6597.8140 1.3423
6599.3320 1.3434
6600.8535 1.3462
6602.3721 1.3461
6603.8911 1.3434
6605.4141 1.3411
6606.9336 1.3434
6608.4570 1.3467
6609.9771 1.3475
6611.5015 1.3501
6613.0225 1.3530
6614.5439 1.3586
6616.0693 1.3579
6617.5913 1.3524
6619.1172 1.3504
6620.6396 1.3514
6622.1665 1.3501
6623.6899 1.3484
6625.2139 1.3504
6626.7417 1.3523
6628.2661 1.3497
6629.7944 1.3462
6631.3198 1.3422
6632.8486 1.3398
6634.3745 1.3416
6635.9009 1.3467
6637.4312 1.3517
6638.9580 1.3534
6640.4888 1.3501
6642.0166 1.3471
6643.5483 1.3426
6645.0767 1.3403
6646.6055 1.3435
6648.1382 1.3456
6649.6675 1.3443
6651.2007 1.3441
6652.7310 1.3406
6654.2651 1.3365
6655.7959 1.3366
6657.3271 1.3371
6658.8623 1.3352
6660.3940 1.3375
6661.9297 1.3360
6663.4624 1.3329
6664.9990 1.3359
6666.5322 1.3414
6668.0659 1.3404
6669.6035 1.3332
6671.1377 1.3272
6672.6763 1.3282
6674.2114 1.3348
6675.7505 1.3368
6677.2861 1.3263
6678.8257 1.3178
6680.3623 1.3198
6681.8989 1.3264
6683.4399 1.3287
6684.9775 1.3287
6686.5190 1.3329
6688.0571 1.3321
6689.5996 1.3312
6691.1382 1.3311
6692.6777 1.3287
6694.2212 1.3252
6695.7607 1.3241
6697.3052 1.3182
6698.8457 1.3118
6700.3906 1.3127
6701.9316 1.3198
6703.4736 1.3202
6705.0195 1.3171
6706.5620 1.3155
6708.1084 1.3148
6709.6519 1.3154
6711.1987 1.3160
6712.7427 1.3118
6714.2871 1.3094
6715.8354 1.3065
6717.3804 1.3034
6718.9292 1.3039
6720.4751 1.3076
6722.0249 1.3075
6723.5713 1.3091
6725.1177 1.3100
6726.6685 1.3073
6728.2163 1.3063
6729.7676 1.3099
6731.3159 1.3087
6732.8682 1.3061
6734.4170 1.3055
6735.9663 1.3023
6737.5195 1.2987
6739.0693 1.2997
6740.6235 1.3020
6742.1743 1.2997
6743.7290 1.2964
6745.2803 1.2971
6746.8320 1.2959
6748.3877 1.2895
6749.9404 1.2906
6751.4966 1.2960
6753.0498 1.2978
6754.6069 1.2953
6756.1611 1.2895
6757.7153 1.2853
6759.2734 1.2898
6760.8286 1.2930
6762.3877 1.2937
6763.9434 1.2939
6765.5029 1.2932
6767.0596 1.2913
6768.6162 1.2906
6770.1772 1.2911
6771.7344 1.2902
6773.2959 1.2889
6774.8540 1.2881
6776.4165 1.2879
6777.9756 1.2879
6779.5347 1.2878
6781.0981 1.2866
6782.6582 1.2845
6784.2222 1.2823
6785.7827 1.2812
6787.3477 1.2818
6788.9092 1.2820
6790.4707 1.2811
6792.0366 1.2807
6793.5991 1.2805
6795.1655 1.2798
6796.7290 1.2792
6798.2964 1.2780
6799.8604 1.2773
6801.4282 1.2777
6802.9927 1.2779
6804.5581 1.2770
6806.1270 1.2766
6807.6929 1.2762
6809.2627 1.2749
6810.8291 1.2738
6812.3994 1.2732
6813.9668 1.2725
6815.5342 1.2721
6817.1060 1.2719
6818.6743 1.2708
6820.2466 1.2693
6821.8154 1.2685
6823.3887 1.2687
6824.9585 1.2680
6826.5283 1.2626
6828.1025 1.2547
6829.6733 1.2572
6831.2485 1.2645
6832.8198 1.2650
6834.3955 1.2648
6835.9678 1.2640
6837.5405 1.2633
6839.1172 1.2622
6840.6904 1.2604
6842.2681 1.2584
6843.8418 1.2584
6845.4199 1.2594
6846.9946 1.2597
6848.5698 1.2594
6850.1494 1.2588
6851.7251 1.2581
6853.3052 1.2567
6854.8818 1.2531
6856.4624 1.2513
6858.0396 1.2519
6859.6177 1.2525
6861.1992 1.2517
6862.7778 1.2520
6864.3604 1.2529
6865.9395 1.2527
6867.5225 1.2521
6869.1025 1.2511
6870.6826 1.2500
6872.2671 1.2497
6873.8481 1.2498
6875.4331 1.2493
6877.0146 1.2487
6878.6006 1.2482
6880.1831 1.2473
6881.7656 1.2459
6883.3525 1.2452
6884.9360 1.2449
6886.5239 1.2438
6888.1079 1.2429
6889.6963 1.2436
6891.2812 1.2436
6892.8667 1.2431
6894.4561 1.2425
6896.0425 1.2419
6897.6323 1.2413
6899.2192 1.2407
6900.8105 1.2401
6902.3979 1.2394
6903.9858 1.2381
6905.5776 1.2363
6907.1665 1.2355
6908.7593 1.2360
6910.3486 1.2355
6911.9419 1.2342
6913.5322 1.2333
6915.1226 1.2325
6916.7173 1.2319
6918.3081 1.2315
6919.9038 1.2303
6921.4956 1.2286
6923.0918 1.2290
6924.6846 1.2292
6926.2812 1.2283
6927.8745 1.2273
6929.4683 1.2269
6931.0664 1.2269
6932.6606 1.2267
6934.2593 1.2265
6935.8545 1.2262
6937.4541 1.2253
6939.0498 1.2240
6940.6460 1.2231
6942.2466 1.2231
6943.8438 1.2220
6945.4448 1.2205
6947.0430 1.2202
6948.6445 1.2203
6950.2432 1.2199
6951.8423 1.2189
6953.4453 1.2184
6955.0449 1.2180
6956.6489 1.2172
6958.2490 1.2171
6959.8535 1.2168
6961.4546 1.2143
6963.0562 1.2125
6964.6621 1.2128
6966.2642 1.2138
6967.8706 1.2137
6969.4736 1.2121
6971.0806 1.2104
6972.6841 1.2105
6974.2886 1.2103
6975.8965 1.2070
6977.5015 1.2034
6979.1104 1.2029
6980.7158 1.2034
6982.3257 1.2057
6983.9321 1.2080
6985.5386 1.2074
6987.1494 1.2064
6988.7568 1.2063
6990.3687 1.2064
6991.9766 1.2053
6993.5889 1.2039
6995.1978 1.2039
6996.8071 1.2049
6998.4204 1.2038
7000.0303 1.2013
7001.6445 1.1978
7003.2554 1.1948
7004.8701 1.1944
7006.4819 1.1970
7008.0938 1.2015
7009.7095 1.2016
7011.3223 1.1992
7012.9390 1.1972
7014.5522 1.1960
7016.1699 1.1949
7017.7837 1.1949
7019.3984 1.1977
7021.0171 1.1980
7022.6323 1.1950
7024.2515 1.1926
7025.8677 1.1928
7027.4878 1.1956
7029.1045 1.1965
7030.7212 1.1951
7032.3428 1.1920
7033.9604 1.1876
7035.5825 1.1850
7037.2007 1.1872
7038.8237 1.1888
7040.4429 1.1896
7042.0664 1.1902
7043.6865 1.1905
7045.3066 1.1908
7046.9316 1.1912
7048.5527 1.1877
7050.1782 1.1861
7051.7998 1.1879
7053.4263 1.1888
7055.0488 1.1865
7056.6719 1.1831
7058.2988 1.1792
7059.9229 1.1764
7061.5508 1.1758
7063.1753 1.1752
7064.8037 1.1716
7066.4292 1.1726
7068.0547 1.1771
7069.6846 1.1798
7071.3110 1.1784
7072.9419 1.1754
7074.5688 1.1742
7076.2002 1.1724
7077.8281 1.1693
7079.4561 1.1702
7081.0889 1.1743
7082.7178 1.1764
7084.3511 1.1754
7085.9810 1.1718
7087.6147 1.1659
7089.2451 1.1652
7090.8760 1.1681
7092.5112 1.1680
7094.1431 1.1671
7095.7788 1.1682
7097.4111 1.1680
7099.0479 1.1653
7100.6812 1.1638
7102.3145 1.1661
7103.9521 1.1678
7105.5864 1.1669
7107.2251 1.1641
7108.8599 1.1609
7110.4995 1.1559
7112.1353 1.1485
7113.7715 1.1439
7115.4116 1.1426
7117.0483 1.1448
7118.6899 1.1488
7120.3271 1.1515
7121.9692 1.1523
7123.6079 1.1563
7125.2466 1.1600
7126.8896 1.1596
7128.5293 1.1569
7130.1729 1.1542
7131.8130 1.1529
7133.4580 1.1543
7135.0986 1.1556
7136.7402 1.1550
7138.3857 1.1541
7140.0283 1.1536
7141.6748 1.1523
7143.3174 1.1501
7144.9648 1.1512
7146.6084 1.1459
7148.2524 1.1409
7149.9009 1.1430
7151.5459 1.1490
7153.1948 1.1488
7154.8403 1.1469
7156.4902 1.1443
7158.1367 1.1446
7159.7832 1.1461
7161.4346 1.1444
7163.0820 1.1406
7164.7339 1.1338
7166.3818 1.1352
7168.0347 1.1399
7169.6836 1.1425
7171.3369 1.1425
7172.9863 1.1422
7174.6367 1.1410
7176.2910 1.1392
7177.9419 1.1388
7179.5972 1.1379
7181.2490 1.1350
7182.9048 1.1352
7184.5571 1.1362
7186.2100 1.1300
7187.8672 1.1273
7189.5210 1.1309
7191.1787 1.1328
7192.8330 1.1286
7194.4917 1.1279
7196.1465 1.1297
7197.8022 1.1306
7199.4619 1.1292
7201.1182 1.1256
7202.7788 1.1220
7204.4355 1.1257
7206.0972 1.1224
7207.7549 1.1190
7209.4131 1.1212
7211.0757 1.1247
7212.7344 1.1231
7214.3975 1.1205
7216.0571 1.1207
7217.7212 1.1213
7219.3818 1.1206
7221.0425 1.1183
7222.7075 1.1142
7224.3691 1.1123
7226.0352 1.1145
7227.6973 1.1165
7229.3643 1.1169
7231.0273 1.1173
7232.6909 1.1169
7234.3584 1.1152
7236.0229 1.1141
7237.6914 1.1131
7239.3564 1.1099
7241.0259 1.1060
7242.6919 1.1073
7244.3579 1.1068
7246.0283 1.1081
7247.6953 1.1098
7249.3667 1.1085
7251.0342 1.1052
7252.7065 1.1056
7254.3750 1.1046
7256.0439 1.1052
7257.7168 1.1064
7259.3867 1.1058
7261.0605 1.1034
7262.7310 1.1027
7264.4058 1.1030
7266.0771 1.1028
7267.7485 1.1026
7269.4243 1.1023
7271.0967 1.1012
7272.7734 1.1000
7274.4463 1.0977
7276.1240 1.0968
7277.7979 1.0974
7279.4722 1.0977
7281.1509 1.0966
7282.8257 1.0950
7284.5054 1.0934
7286.1812 1.0933
7287.8613 1.0861
7289.5376 1.0797
7291.2148 1.0850
7292.8960 1.0887
7294.5737 1.0899
7296.2559 1.0903
7297.9341 1.0892
7299.6172 1.0873
7301.2964 1.0862
7302.9800 1.0858
7304.6602 1.0860
7306.3408 1.0829
7308.0254 1.0794
7309.7065 1.0785
7311.3921 1.0805
7313.0742 1.0829
7314.7607 1.0837
7316.4434 1.0833
7318.1265 1.0818
7319.8140 1.0788
7321.4980 1.0767
7323.1860 1.0788
7324.8711 1.0751
7326.5601 1.0717
7328.2456 1.0736
7329.9312 1.0761
7331.6216 1.0745
7333.3081 1.0753
7334.9995 1.0750
7336.6865 1.0749
7338.3784 1.0742
7340.0669 1.0731
7341.7554 1.0730
7343.4482 1.0727
7345.1377 1.0721
7346.8315 1.0713
7348.5215 1.0706
7350.2163 1.0697
7351.9067 1.0682
7353.5981 1.0668
7355.2939 1.0653
7356.9858 1.0659
7358.6826 1.0670
7360.3755 1.0667
7362.0728 1.0650
7363.7661 1.0639
7365.4604 1.0642
7367.1587 1.0644
7368.8535 1.0640
7370.5527 1.0630
7372.2485 1.0618
7373.9487 1.0608
7375.6450 1.0606
7377.3418 1.0614
7379.0430 1.0612
7380.7402 1.0597
7382.4424 1.0584
7384.1406 1.0572
7385.8433 1.0532
7387.5425 1.0503
7389.2422 1.0509
7390.9458 1.0533
7392.6465 1.0540
7394.3511 1.0523
7396.0522 1.0538
7397.7573 1.0547
7399.4595 1.0529
7401.1616 1.0506
7402.8682 1.0498
7404.5713 1.0463
7406.2788 1.0415
7407.9824 1.0387
7409.6909 1.0348
7411.3955 1.0348
7413.1006 1.0407
7414.8101 1.0370
7416.5156 1.0355
7418.2261 1.0405
7419.9326 1.0407
7421.6436 1.0335
7423.3506 1.0279
7425.0586 1.0314
7426.7705 1.0395
7428.4795 1.0425
7430.1924 1.0413
7431.9014 1.0404
7433.6152 1.0418
7435.3257 1.0427
7437.0400 1.0418
7438.7510 1.0408
7440.4624 1.0366
7442.1777 1.0318
7443.8901 1.0304
7445.6064 1.0283
7447.3193 1.0294
7449.0366 1.0281
7450.7505 1.0288
7452.4644 1.0323
7454.1831 1.0343
7455.8979 1.0336
7457.6172 1.0340
7459.3325 1.0332
7461.0527 1.0260
7462.7690 1.0200
7464.4858 1.0241
7466.2070 1.0273
7467.9248 1.0245
7469.6470 1.0255
7471.3652 1.0277
7473.0884 1.0275
7474.8076 1.0251
7476.5269 1.0231
7478.2510 1.0243
7479.9712 1.0243
7481.6963 1.0229
7483.4175 1.0220
7485.1431 1.0226
7486.8652 1.0222
7488.5874 1.0214
7490.3145 1.0202
7492.0371 1.0194
7493.7651 1.0159
7495.4888 1.0103
7497.2173 1.0140
7498.9419 1.0171
7500.6670 1.0169
7502.3970 1.0157
7504.1226 1.0147
7505.8530 1.0140
7507.5801 1.0142
7509.3110 1.0098
7511.0386 1.0031
7512.7666 1.0022
7514.4990 1.0049
7516.2275 1.0055
7517.9609 1.0086
7519.6904 1.0096
7521.4243 1.0062
7523.1548 1.0019
7524.8853 1.0018
7526.6206 1.0060
7528.3521 1.0065
7530.0884 1.0045
7531.8203 1.0015
7533.5571 1.0009
7535.2905 1.0024
7537.0239 1.0032
7538.7617 1.0029
7540.4961 1.0023
7542.2349 1.0011
7543.9702 1.0004
7545.7095 0.9998
7547.4453 0.9986
7549.1816 0.9982
7550.9229 0.9981
7552.6597 0.9975
7554.4014 0.9951
7556.1392 0.9933
7557.8818 0.9945
7559.6201 0.9937
7561.3594 0.9927
7563.1030 0.9925
7564.8428 0.9922
7566.5874 0.9914
7568.3281 0.9901
7570.0732 0.9891
7571.8149 0.9896
7573.5610 0.9880
7575.3032 0.9867
7577.0459 0.9869
7578.7930 0.9870
7580.5366 0.9862
7582.2847 0.9852
7584.0288 0.9834
7585.7778 0.9823
7587.5229 0.9826
7589.2686 0.9833
7591.0186 0.9829
7592.7646 0.9823
7594.5156 0.9815
7596.2627 0.9808
7598.0142 0.9803
7599.7622 0.9796
7601.5107 0.9780
7603.2637 0.9773
7605.0127 0.9774
7606.7661 0.9773
7608.5161 0.9767
7610.2710 0.9758
7612.0215 0.9749
7613.7725 0.9743
7615.5283 0.9710
7617.2803 0.9679
7619.0366 0.9671
7620.7896 0.9681
7622.5469 0.9693
7624.3003 0.9699
7626.0542 0.9696
7627.8130 0.9690
7629.5679 0.9684
7631.3271 0.9678
7633.0825 0.9671
7634.8428 0.9662
7636.5991 0.9659
7638.3560 0.9652
7640.1172 0.9641
7641.8750 0.9637
7643.6372 0.9635
7645.3955 0.9627
7647.1587 0.9621
7648.9180 0.9616
7650.6772 0.9611
7652.4419 0.9598
7654.2021 0.9570
7655.9673 0.9537
7657.7285 0.9500
7659.4941 0.9489
7661.2563 0.9493
7663.0186 0.9474
7664.7856 0.9448
7666.5493 0.9499
7668.3169 0.9532
7670.0811 0.9533
7671.8496 0.9527
7673.6147 0.9523
7675.3799 0.9513
7677.1499 0.9516
7678.9160 0.9485
7680.6870 0.9468
7682.4536 0.9478
7684.2251 0.9472
7685.9932 0.9445
7687.7612 0.9457
7689.5342 0.9458
7691.3027 0.9449
7693.0767 0.9446
7694.8462 0.9446
7696.6206 0.9425
7698.3911 0.9391
7700.1621 0.9397
7701.9380 0.9417
7703.7100 0.9421
7705.4863 0.9409
7707.2588 0.9403
7709.0361 0.9385
7710.8096 0.9303
7712.5879 0.9285
7714.3618 0.9341
7716.1367 0.9366
7717.9160 0.9358
7719.6914 0.9346
7721.4717 0.9328
7723.2480 0.9315
7725.0288 0.9308
7726.8062 0.9295
7728.5835 0.9288
7730.3657 0.9303
7732.1440 0.9301
7733.9272 0.9300
7735.7065 0.9305
7737.4902 0.9299
7739.2700 0.9291
7741.0508 0.9271
7742.8354 0.9247
7744.6167 0.9243
7746.4028 0.9242
7748.1851 0.9221
7749.9717 0.9221
7751.7544 0.9244
7753.5376 0.9253
7755.3257 0.9248
7757.1099 0.9239
7758.8984 0.9227
7760.6836 0.9220
7762.4731 0.9219
7764.2588 0.9219
7766.0449 0.9215
7767.8359 0.9201
7769.6226 0.9118
7771.4146 0.8872
7773.2021 0.8638
7774.9946 0.8622
7776.7832 0.8858
7778.5723 0.9098
7780.3662 0.9120
7782.1558 0.9137
7783.9507 0.9150
7785.7412 0.9147
7787.5366 0.9145
7789.3281 0.9147
7791.1201 0.9146
7792.9165 0.9147
7794.7095 0.9149
7796.5068 0.9113
7798.3003 0.9074
7800.0986 0.9069
7801.8931 0.9086
7803.6880 0.9077
7805.4873 0.9071
7807.2832 0.9066
7809.0835 0.9066
7810.8799 0.9081
7812.6812 0.9101
7814.4785 0.9083
7816.2759 0.9069
7818.0786 0.9070
7819.8770 0.9069
7821.6802 0.9060
7823.4795 0.9053
7825.2837 0.9039
7827.0840 0.9014
7828.8843 0.9003
7830.6899 0.8954
7832.4912 0.8909
7834.2974 0.8932
7836.0996 0.8933
7837.9067 0.8945
7839.7100 0.8966
7841.5132 0.8970
7843.3213 0.8959
7845.1260 0.8955
7846.9351 0.8953
7848.7402 0.8928
7850.5498 0.8927
7852.3560 0.8927
7854.1665 0.8906
7855.9736 0.8886
7857.7808 0.8907
7859.5928 0.8877
7861.4009 0.8868
7863.2139 0.8871
7865.0225 0.8858
7866.8364 0.8845
7868.6460 0.8866
7870.4561 0.8845
7872.2710 0.8868
7874.0820 0.8836
7875.8979 0.8746
7877.7100 0.8723
7879.5264 0.8784
7881.3389 0.8780
7883.1519 0.8798
7884.9697 0.8774
7886.7837 0.8733
7888.6025 0.8748
7890.4175 0.8713
7892.2368 0.8674
7894.0522 0.8548
7895.8687 0.8484
7897.6890 0.8579
7899.5059 0.8694
7901.3276 0.8596
7903.1455 0.8633
7904.9678 0.8744
7906.7861 0.8708
7908.6055 0.8597
7910.4292 0.8638
7912.2485 0.8721
7914.0732 0.8706
7915.8940 0.8617
7917.7192 0.8562
7919.5405 0.8566
7921.3628 0.8584
7923.1895 0.8618
7925.0122 0.8616
7926.8394 0.8575
7928.6631 0.8532
7930.4912 0.8526
7932.3159 0.8570
7934.1406 0.8626
7935.9702 0.8627
7937.7959 0.8609
7939.6265 0.8614
7941.4526 0.8602
7943.2842 0.8527
7945.1113 0.8481
7946.9390 0.8481
7948.7720 0.8518
7950.6006 0.8533
7952.4336 0.8535
7954.2632 0.8560
7956.0977 0.8555
7957.9277 0.8477
7959.7583 0.8422
7961.5938 0.8389
7963.4253 0.8411
7965.2617 0.8505
7967.0942 0.8527
7968.9316 0.8490
7970.7646 0.8471
7972.5981 0.8482
7974.4370 0.8490
7976.2715 0.8471
7978.1108 0.8456
7979.9458 0.8456
7981.7861 0.8455
7983.6226 0.8439
7985.4590 0.8442
7987.3003 0.8485
7989.1377 0.8487
7990.9800 0.8478
7992.8184 0.8457
7994.6616 0.8441
7996.5005 0.8382
7998.3447 0.8253
8000.1846 0.8218
8002.0249 0.8333
8003.8706 0.8395
8005.7114 0.8302
8007.5576 0.8219
8009.3999 0.8309
8011.2471 0.8325
8013.0898 0.8255
8014.9331 0.8301
8016.7812 0.8355
8018.6255 0.8336
8020.4746 0.8290
8022.3198 0.8235
8024.1699 0.8215
8026.0156 0.8191
8027.8623 0.8174
8029.7134 0.8214
8031.5605 0.8291
8033.4126 0.8253
8035.2607 0.8229
8037.1138 0.8261
8038.9624 0.8283
8040.8120 0.8254
8042.6660 0.8190
8044.5161 0.8129
8046.3711 0.8136
8048.2222 0.8187
8050.0781 0.8222
8051.9302 0.8223
8053.7827 0.8217
8055.6396 0.8228
8057.4927 0.8213
8059.3511 0.8196
8061.2051 0.8185
8063.0640 0.8176
8064.9189 0.8173
8066.7739 0.8176
8068.6343 0.8140
8070.4902 0.8114
8072.3516 0.8123
8074.2085 0.8145
8076.0703 0.8143
8077.9282 0.8127
8079.7866 0.8108
8081.6499 0.8111
8083.5088 0.8075
8085.3730 0.8036
8087.2329 0.8070
8089.0981 0.8085
8090.9590 0.8072
8092.8203 0.8057
8094.6865 0.8053
8096.5483 0.8046
8098.4155 0.8031
8100.2788 0.8036
8102.1465 0.8042
8104.0103 0.8038
8105.8745 0.8033
8107.7441 0.8027
8109.6089 0.8020
8111.4790 0.8013
8113.3452 0.8007
8115.2163 0.7997
8117.0830 0.7991
8118.9502 0.7989
8120.8228 0.7984
8122.6909 0.7978
8124.5640 0.7973
8126.4326 0.7966
8128.3066 0.7960
8130.1768 0.7953
8132.0513 0.7943
8133.9224 0.7935
8135.7935 0.7933
8137.6694 0.7928
8139.5415 0.7920
8141.4185 0.7913
8143.2915 0.7908
8145.1694 0.7903
8147.0430 0.7898
8148.9175 0.7889
8150.7964 0.7880
8152.6714 0.7875
8154.5513 0.7870
8156.4272 0.7862
8158.3081 0.7855
8160.1851 0.7847
8162.0625 0.7838
8163.9443 0.7833
8165.8228 0.7831
8167.7056 0.7826
8169.5845 0.7822
8171.4683 0.7816
8173.3481 0.7809
8175.2285 0.7804
8177.1138 0.7798
8178.9951 0.7788
8180.8809 0.7771
8182.7632 0.7690
8184.6499 0.7669
8186.5327 0.7715
8188.4160 0.7723
8190.3042 0.7742
8192.1885 0.7741
8194.0771 0.7653
8195.9629 0.7637
8197.8525 0.7698
8199.7383 0.7676
8201.6250 0.7603
8203.5156 0.7650
8205.4033 0.7696
8207.2959 0.7697
8209.1836 0.7677
8211.0762 0.7663
8212.9658 0.7640
8214.8545 0.7593
8216.7490 0.7596
8218.6396 0.7597
8220.5342 0.7567
8222.4258 0.7557
8224.3223 0.7602
8226.2139 0.7630
8228.1064 0.7604
8230.0039 0.7565
8231.8965 0.7546
8233.7949 0.7540
8235.6895 0.7537
8237.5889 0.7578
8239.4834 0.7585
8241.3789 0.7558
8243.2793 0.7546
8245.1758 0.7560
8247.0771 0.7517
8248.9746 0.7419
8250.8770 0.7483
8252.7744 0.7528
8254.6729 0.7490
8256.5771 0.7503
8258.4766 0.7528
8260.3809 0.7527
8262.2812 0.7516
8264.1865 0.7506
8266.0869 0.7503
8267.9893 0.7503
8269.8955 0.7494
8271.7979 0.7488
8273.7051 0.7476
8275.6084 0.7468
8277.5166 0.7467
8279.4209 0.7462
8281.3301 0.7452
8283.2354 0.7447
8285.1416 0.7436
8287.0518 0.7410
8288.9580 0.7398
8290.8691 0.7418
8292.7773 0.7417
8294.6895 0.7410
8296.5977 0.7402
8298.5059 0.7397
8300.4199 0.7396
8302.3291 0.7390
8304.2432 0.7372
8306.1543 0.7358
8308.0693 0.7351
8309.9805 0.7346
8311.8926 0.7344
8313.8086 0.7346
8315.7217 0.7349
8317.6396 0.7338
8319.5527 0.7328
8321.4707 0.7325
8323.3857 0.7313
8325.2998 0.7277
8327.2197 0.7248
8329.1357 0.7269
8331.0566 0.7273
8332.9727 0.7187
8334.8945 0.7089
8336.8115 0.7125
8338.7295 0.7234
8340.6523 0.7259
8342.5713 0.7253
8344.4951 0.7228
8346.4150 0.7203
8348.3398 0.7207
8350.2598 0.7227
8352.1807 0.7230
8354.1074 0.7208
8356.0293 0.7196
8357.9561 0.7198
8359.8789 0.7194
8361.8066 0.7196
8363.7295 0.7191
8365.6543 0.7182
8367.5830 0.7173
8369.5078 0.7167
8371.4375 0.7165
8373.3643 0.7150
8375.2949 0.7143
8377.2217 0.7143
8379.1484 0.7143
8381.0811 0.7143
8383.0088 0.7146
8384.9424 0.7129
8386.8711 0.7072
8388.8047 0.7051
8390.7344 0.7066
8392.6650 0.7075
8394.6006 0.7063
8396.5312 0.7073
8398.4678 0.7082
8400.3994 0.7084
8402.3369 0.7067
8404.2695 0.7044
8406.2031 0.7036
8408.1416 0.7019
8410.0762 0.7024
8412.0156 0.7007
8413.9502 0.6989
8415.8906 0.6992
8417.8271 0.7010
8419.7637 0.7024
8421.7051 0.7022
8423.6426 0.7010
8425.5850 0.7008
8427.5234 0.7013
8429.4668 0.7004
8431.4053 0.6989
8433.3496 0.6954
8435.2900 0.6917
8437.2305 0.6896
8439.1758 0.6889
8441.1172 0.6895
8443.0645 0.6894
8445.0059 0.6698
8446.9541 0.6598
8448.8965 0.6740
8450.8408 0.6929
8452.7891 0.6931
8454.7344 0.6955
8456.6836 0.6945
8458.6289 0.6907
8460.5791 0.6873
8462.5254 0.6842
8464.4727 0.6791
8466.4248 0.6741
8468.3721 0.6714
8470.3252 0.6746
8472.2734 0.6801
8474.2275 0.6843
8476.1768 0.6869
8478.1270 0.6880
8480.0820 0.6894
8482.0322 0.6895
8483.9883 0.6887
8485.9404 0.6878
8487.8975 0.6868
8489.8496 0.6839
8491.8027 0.6792
8493.7607 0.6768
8495.7148 0.6557
8497.6738 0.6268
8499.6289 0.6265
8501.5889 0.6459
8503.5449 0.6529
8505.5010 0.6586
8507.4619 0.6652
8509.4199 0.6694
8511.3818 0.6708
8513.3398 0.6715
8515.3027 0.6739
8517.2617 0.6764
8519.2217 0.6780
8521.1855 0.6789
8523.1465 0.6788
8525.1113 0.6757
8527.0723 0.6724
8529.0391 0.6710
8531.0010 0.6699
8532.9639 0.6672
8534.9316 0.6624
8536.8945 0.6541
8538.8633 0.6380
8540.8281 0.5878
8542.7969 0.5655
8544.7627 0.5932
8546.7285 0.6241
8548.6992 0.6365
8550.6660 0.6456
8552.6377 0.6517
8554.6045 0.6530
8556.5771 0.6534
8558.5459 0.6585
8560.5146 0.6640
8562.4893 0.6656
8564.4590 0.6653
8566.4336 0.6643
8568.4043 0.6636
8570.3799 0.6637
8572.3516 0.6634
8574.3242 0.6635
8576.3008 0.6632
8578.2744 0.6624
8580.2520 0.6601
8582.2256 0.6555
8584.2051 0.6503
8586.1797 0.6444
8588.1602 0.6426
8590.1357 0.6395
8592.1113 0.6314
8594.0928 0.6204
8596.0703 0.6088
8598.0527 0.5996
8600.0303 0.6023
8602.0137 0.6126
8603.9922 0.6226
8605.9717 0.6294
8607.9561 0.6353
8609.9365 0.6394
8611.9219 0.6435
8613.9033 0.6462
8615.8896 0.6468
8617.8711 0.6477
8619.8535 0.6504
8621.8418 0.6518
8623.8252 0.6524
8625.8135 0.6517
8627.7979 0.6504
8629.7881 0.6502
8631.7725 0.6509
8633.7588 0.6504
8635.7500 0.6502
8637.7363 0.6499
8639.7285 0.6483
8641.7158 0.6453
8643.7080 0.6430
8645.6973 0.6375
8647.6855 0.6287
8649.6797 0.6246
8651.6699 0.6251
8653.6650 0.6218
8655.6553 0.6141
8657.6514 0.6051
8659.6436 0.5779
8661.6357 0.5411
8663.6328 0.5269
8665.6260 0.5515
8667.6240 0.5678
8669.6182 0.5807
8671.6172 0.5928
8673.6123 0.6026
8675.6074 0.6098
8677.6084 0.6130
8679.6045 0.6082
8681.6055 0.6114
8683.6025 0.6199
8685.6055 0.6227
8687.6035 0.6199
8689.6025 0.6224
8691.6055 0.6297
8693.6055 0.6255
8695.6104 0.6271
8697.6104 0.6330
8699.6162 0.6357
8701.6172 0.6343
8703.6191 0.6323
8705.6260 0.6338
8707.6289 0.6340
8709.6367 0.6298
8711.6406 0.6256
8713.6494 0.6275
8715.6543 0.6295
8717.6592 0.6262
8719.6699 0.6241
8721.6758 0.6246
8723.6865 0.6250
8725.6934 0.6219
8727.7061 0.6158
8729.7129 0.6139
8731.7217 0.6138
8733.7354 0.6099
8735.7441 0.6029
8737.7588 0.5980
8739.7686 0.5928
8741.7842 0.5831
8743.7949 0.5739
8745.8115 0.5623
8747.8232 0.5455
8749.8359 0.5286
8751.8535 0.5271
8753.8672 0.5424
8755.8857 0.5581
8757.9004 0.5704
8759.9199 0.5804
8761.9346 0.5867
8763.9502 0.5893
8765.9717 0.5943
8767.9883 0.5998
8770.0098 0.6034
8772.0273 0.6039
8774.0498 0.6031
8776.0684 0.6066
8778.0879 0.6103
8780.1113 0.6112
8782.1318 0.6115
8784.1562 0.6124
8786.1777 0.6125
8788.2031 0.6112
8790.2256 0.6071
8792.2471 0.6054
8794.2754 0.6074
8796.2979 0.6111
8798.3262 0.6134
8800.3506 0.6119
8802.3799 0.6112
8804.4053 0.6033
8806.4307 0.5927
8808.4609 0.5917
8810.4873 0.6033
8812.5195 0.6065
8814.5459 0.6060
8816.5791 0.6039
8818.6074 0.6017
8820.6357 0.5996
8822.6699 0.5961
8824.6992 0.5911
8826.7344 0.5941
8828.7646 0.5951
8830.8008 0.5927
8832.8330 0.5901
8834.8643 0.5881
8836.9014 0.5840
8838.9346 0.5792
8840.9727 0.5763
8843.0068 0.5727
8845.0459 0.5670
8847.0811 0.5616
8849.1162 0.5570
8851.1562 0.5513
8853.1924 0.5440
8855.2344 0.5335
8857.2715 0.5199
8859.3145 0.5035
8861.3516 0.4830
8863.3906 0.4734
8865.4346 0.4843
8867.4736 0.5029
8869.5186 0.5179
8871.5596 0.5282
8873.6045 0.5332
8875.6465 0.5405
8877.6885 0.5477
8879.7354 0.5517
8881.7783 0.5530
8883.8262 0.5554
8885.8701 0.5607
8887.9189 0.5652
8889.9639 0.5668
8892.0088 0.5669
8894.0596 0.5680
8896.1055 0.5705
8898.1562 0.5711
8900.2041 0.5717
8902.2559 0.5729
8904.3037 0.5735
8906.3574 0.5737
8908.4062 0.5736
8910.4561 0.5674
8912.5107 0.5582
8914.5605 0.5670
8916.6162 0.5748
8918.6680 0.5718
8920.7246 0.5718
8922.7764 0.5713
8924.8291 0.5677
8926.8867 0.5549
8928.9404 0.5556
8931.0000 0.5691
8933.0547 0.5702
8935.1143 0.5698
8937.1699 0.5692
8939.2256 0.5685
8941.2871 0.5678
8943.3438 0.5660
8945.4062 0.5632
8947.4639 0.5631
8949.5273 0.5627
8951.5859 0.5628
8953.6455 0.5624
8955.7100 0.5612
8957.7705 0.5602
8959.8359 0.5588
8961.8975 0.5580
8963.9639 0.5547
8966.0264 0.5514
8968.0889 0.5504
8970.1572 0.5505
8972.2207 0.5490
8974.2891 0.5473
8976.3535 0.5431
8978.4238 0.5404
8980.4893 0.5402
8982.5557 0.5390
8984.6270 0.5361
8986.6934 0.5333
8988.7656 0.5299
8990.8340 0.5262
8992.9072 0.5223
8994.9756 0.5181
8997.0449 0.5126
8999.1201 0.5047
9001.1904 0.4990
9003.2656 0.4932
9005.3369 0.4845
9007.4131 0.4731
9009.4854 0.4590
9011.5586 0.4426
9013.6357 0.4195
9015.7100 0.4120
9017.7891 0.4277
9019.8633 0.4472
9021.9434 0.4605
9024.0186 0.4714
9026.0947 0.4799
9028.1758 0.4863
9030.2529 0.4918
9032.3350 0.4967
9034.4131 0.4997
9036.4971 0.5013
9038.5752 0.5047
9040.6543 0.5084
9042.7393 0.5104
9044.8193 0.5114
9046.9053 0.5124
9048.9863 0.5135
9051.0732 0.5141
9053.1553 0.5152
9055.2383 0.5168
9057.3262 0.5167
9059.4102 0.5105
9061.4990 0.4819
9063.5840 0.4910
9065.6738 0.5132
9067.7588 0.5185
9069.8506 0.5173
9071.9365 0.5164
9074.0234 0.5182
9076.1162 0.5088
9078.2041 0.4991
9080.2979 0.5027
9082.3867 0.5152
9084.4805 0.5158
9086.5703 0.5075
9088.6611 0.4941
9090.7568 0.5000
9092.8486 0.5070
9094.9453 0.4843
9097.0371 0.4991
9099.1348 0.5094
9101.2285 0.5102
9103.3223 0.5088
9105.4209 0.5088
9107.5156 0.5081
9109.6162 0.5035
9111.7119 0.4859
9113.8125 0.4936
9115.9092 0.5050
9118.0068 0.5032
9120.1094 0.5029
9122.2070 0.5006
9124.3105 0.4995
9126.4102 0.4990
9128.5146 0.4994
9130.6143 0.4994
9132.7148 0.4974
9134.8213 0.4979
9136.9219 0.4976
9139.0293 0.4967
9141.1318 0.4959
9143.2393 0.4950
9145.3428 0.4936
9147.4473 0.4917
9149.5566 0.4914
9151.6611 0.4910
9153.7715 0.4898
9155.8770 0.4883
9157.9883 0.4876
9160.0957 0.4868
9162.2031 0.4855
9164.3154 0.4839
9166.4238 0.4828
9168.5371 0.4819
9170.6465 0.4803
9172.7617 0.4786
9174.8711 0.4745
9176.9824 0.4714
9179.0986 0.4713
9181.2100 0.4703
9183.3271 0.4659
9185.4395 0.4673
9187.5576 0.4653
9189.6719 0.4643
9191.7852 0.4632
9193.9053 0.4606
9196.0205 0.4579
9198.1406 0.4545
9200.2568 0.4520
9202.3789 0.4472
9204.4951 0.4425
9206.6133 0.4396
9208.7363 0.4356
9210.8545 0.4278
9212.9785 0.4151
9215.0977 0.4133
9217.2227 0.4074
9219.3428 0.3953
9221.4639 0.3919
9223.5908 0.3794
9225.7129 0.3624
9227.8398 0.3386
9229.9629 0.3324
9232.0908 0.3504
9234.2148 0.3687
9236.3447 0.3782
9238.4688 0.3855
9240.5947 0.3980
9242.7256 0.4026
9244.8516 0.4019
9246.9834 0.4124
9249.1104 0.4183
9251.2432 0.4214
9253.3721 0.4204
9255.5010 0.4200
9257.6348 0.4222
9259.7646 0.4209
9261.8994 0.4108
9264.0303 0.4134
9266.1670 0.4179
9268.2988 0.4260
9270.4307 0.4347
9272.5684 0.4340
9274.7012 0.4349
9276.8398 0.4351
9278.9746 0.4351
9281.1143 0.4351
9283.2490 0.4350
9285.3848 0.4349
9287.5264 0.4346
9289.6621 0.4339
9291.8047 0.4336
9293.9424 0.4333
9296.0850 0.4325
9298.2236 0.4322
9300.3633 0.4324
9302.5078 0.4315
9304.6475 0.4308
9306.7930 0.4305
9308.9346 0.4301
9311.0811 0.4292
9313.2227 0.4288
9315.3652 0.4284
9317.5137 0.4261
9319.6572 0.4248
9321.8057 0.4254
9323.9502 0.4253
9326.1006 0.4241
9328.2461 0.4236
9330.3916 0.4236
9332.5439 0.4230
9334.6904 0.4221
9336.8428 0.4215
9338.9912 0.4206
9341.1445 0.4197
9343.2939 0.4186
9345.4434 0.4181
9347.5977 0.4174
9349.7480 0.4156
9351.9043 0.4148
9354.0557 0.4149
9356.2129 0.4143
9358.3652 0.4134
9360.5186 0.4126
9362.6768 0.4118
9364.8301 0.4113
9366.9902 0.4105
9369.1445 0.4097
9371.3057 0.4086
9373.4609 0.4075
9375.6172 0.4069
9377.7793 0.4063
9379.9365 0.4048
9382.0996 0.4048
9384.2578 0.4027
9386.4219 0.3985
9388.5820 0.3982
9390.7461 0.3991
9392.9072 0.3932
9395.0674 0.3955
9397.2344 0.3989
9399.3965 0.3970
9401.5635 0.3951
9403.7266 0.3881
9405.8945 0.3687
9408.0586 0.3803
9410.2227 0.3921
9412.3926 0.3786
9414.5586 0.3674
9416.7295 0.3820
9418.8955 0.3884
9421.0674 0.3837
9423.2344 0.3824
9425.4023 0.3866
9427.5762 0.3850
9429.7451 0.3828
9431.9189 0.3814
9434.0889 0.3811
9436.2646 0.3761
9438.4355 0.3714
9440.6064 0.3769
9442.7832 0.3777
9444.9561 0.3749
9447.1338 0.3751
9449.3076 0.3762
9451.4863 0.3754
9453.6602 0.3741
9455.8350 0.3730
9458.0156 0.3723
9460.1914 0.3706
9462.3730 0.3690
9464.5498 0.3684
9466.7324 0.3677
9468.9102 0.3671
9471.0889 0.3661
9473.2725 0.3649
9475.4521 0.3638
9477.6367 0.3627
9479.8174 0.3614
9482.0029 0.3594
9484.1846 0.3579
9486.3662 0.3572
9488.5537 0.3562
9490.7363 0.3545
9492.9258 0.3528
9495.1094 0.3511
9497.2988 0.3492
9499.4834 0.3475
9501.6689 0.3459
9503.8604 0.3435
9506.0459 0.3406
9508.2383 0.3395
9510.4258 0.3374
9512.6191 0.3349
9514.8076 0.3323
9516.9961 0.3294
9519.1904 0.3261
9521.3809 0.3226
9523.5762 0.3187
9525.7666 0.3143
9527.9639 0.3093
9530.1553 0.3039
9532.3477 0.2977
9534.5459 0.2903
9536.7393 0.2820
9538.9385 0.2715
9541.1328 0.2586
9543.3330 0.2406
9545.5283 0.2205
9547.7246 0.2237
9549.9268 0.2425
9552.1230 0.2576
9554.3262 0.2677
9556.5234 0.2762
9558.7275 0.2823
9560.9268 0.2875
9563.1309 0.2916
9565.3311 0.2952
9567.5322 0.2978
9569.7383 0.2994
9571.9395 0.3013
9574.1465 0.3034
9576.3496 0.3053
9578.5576 0.3066
9580.7607 0.3075
9582.9648 0.3083
9585.1748 0.3087
9587.3799 0.3091
9589.5908 0.3094
9591.7969 0.3090
9594.0088 0.3087
9596.2158 0.3091
9598.4238 0.3090
9600.6367 0.3067
9602.8457 0.2968
9605.0596 0.3003
9607.2695 0.3069
9609.4854 0.3070
9611.6953 0.3076
9613.9062 0.3062
9616.1240 0.3082
9618.3359 0.3007
9620.5537 0.2918
9622.7666 0.2936
9624.9863 0.3030
9627.2002 0.3007
9629.4150 0.3009
9631.6357 0.2942
9633.8516 0.2917
9636.0723 0.2977
9638.2891 0.2993
9640.5117 0.2992
9642.7295 0.2979
9644.9482 0.2983
9647.1719 0.2950
9649.3916 0.2887
9651.6172 0.2892
9653.8369 0.2937
9656.0635 0.2881
9658.2842 0.2766
9660.5068 0.2794
9662.7344 0.2915
9664.9570 0.2888
9667.1855 0.2895
9669.4102 0.2880
9671.6396 0.2840
9673.8643 0.2829
9676.0898 0.2843
9678.3213 0.2814
9680.5479 0.2766
9682.7803 0.2792
9685.0078 0.2807
9687.2412 0.2797
9689.4697 0.2775
9691.6982 0.2739
9693.9336 0.2742
9696.1631 0.2759
9698.3994 0.2761
9700.6299 0.2757
9702.8672 0.2753
9705.0996 0.2744
9707.3320 0.2737
9709.5703 0.2728
9711.8047 0.2719
9714.0439 0.2711
9716.2783 0.2702
9718.5186 0.2693
9720.7549 0.2683
9722.9912 0.2661
9725.2334 0.2654
9727.4707 0.2653
9729.7139 0.2646
9731.9521 0.2637
9734.1963 0.2626
9736.4355 0.2577
9738.6807 0.2528
9740.9209 0.2534
9743.1621 0.2576
9745.4082 0.2575
9747.6504 0.2560
9749.8984 0.2558
9752.1416 0.2554
9754.3896 0.2546
9756.6338 0.2537
9758.8789 0.2526
9761.1289 0.2516
9763.3740 0.2495
9765.6260 0.2490
9767.8721 0.2488
9770.1250 0.2479
9772.3721 0.2473
9774.6201 0.2463
9776.8750 0.2453
9779.1240 0.2444
9781.3789 0.2435
9783.6289 0.2423
9785.8848 0.2410
9788.1367 0.2397
9790.3877 0.2390
9792.6455 0.2386
9794.8984 0.2375
9797.1572 0.2358
9799.4111 0.2345
9801.6709 0.2339
9803.9258 0.2340
9806.1807 0.2333
9808.4424 0.2320
9810.6982 0.2306
9812.9609 0.2296
9815.2188 0.2292
9817.4814 0.2285
9819.7402 0.2270
9821.9990 0.2254
9824.2646 0.2240
9826.5244 0.2223
9828.7900 0.2227
9831.0518 0.2224
9833.3184 0.2210
9835.5801 0.2199
9837.8428 0.2195
9840.1113 0.2183
9842.3750 0.2166
9844.6455 0.2164
9846.9102 0.2160
9849.1807 0.2148
9851.4463 0.2118
9853.7129 0.2069
9855.9844 0.2063
9858.2520 0.2056
9860.5254 0.2043
9862.7939 0.2052
9865.0684 0.2075
9867.3379 0.2070
9869.6074 0.2061
9871.8838 0.2048
9874.1543 0.2040
9876.4316 0.2033
9878.7031 0.2025
9880.9814 0.2015
9883.2549 0.1998
9885.5283 0.2002
9887.8076 0.1948
9890.0830 0.1862
9892.3633 0.1849
9894.6387 0.1941
9896.9209 0.1939
9899.1973 0.1906
9901.4746 0.1907
9903.7578 0.1914
9906.0361 0.1900
9908.3203 0.1889
9910.5996 0.1875
9912.8857 0.1848
9915.1660 0.1814
9917.4521 0.1818
9919.7334 0.1848
9922.0156 0.1837
9924.3037 0.1821
9926.5869 0.1825
9928.8760 0.1777
9931.1602 0.1721
9933.4502 0.1726
9935.7354 0.1775
9938.0205 0.1765
9940.3125 0.1721
9942.5996 0.1710
9944.8926 0.1721
9947.1797 0.1720
9949.4736 0.1699
9951.7627 0.1689
9954.0518 0.1684
9956.3477 0.1671
9958.6377 0.1658
9960.9346 0.1648
9963.2256 0.1637
9965.5234 0.1630
9967.8154 0.1619
9970.1094 0.1605
9972.4082 0.1594
9974.7021 0.1583
9977.0020 0.1569
9979.2979 0.1557
9981.5986 0.1543
9983.8945 0.1529
9986.1914 0.1516
9988.4941 0.1503
9990.7920 0.1489
9993.0967 0.1472
9995.3955 0.1443
9997.7002 0.1412
10000.0000 0.1405
10002.3057 0.1410
10004.6016 0.1388
10006.9082 0.1372
10009.2158 0.1352
10011.5244 0.1330
10013.8223 0.1307
10016.1309 0.1282
10018.4404 0.1253
10020.7402 0.1226
10023.0508 0.1195
10025.3623 0.1158
10027.6738 0.1121
10029.9756 0.1081
10032.2881 0.1032
10034.6016 0.0981
10036.9043 0.0920
10039.2188 0.0849
10041.5342 0.0762
10043.8496 0.0655
10046.1543 0.0512
10048.4707 0.0316
10050.7881 0.0299
10053.0947 0.0451
10055.4131 0.0600
10057.7324 0.0676
10060.0508 0.0751
10062.3604 0.0801
10064.6807 0.0844
10067.0010 0.0876
10069.3115 0.0903
10071.6338 0.0928
10073.9561 0.0947
10076.2793 0.0959
10078.5918 0.0970
10080.9160 0.0980
10083.2402 0.0985
10085.5547 0.0989
10087.8799 0.0996
10090.2061 0.0998
10092.5332 0.0999
10094.8496 0.0999
10097.1777 0.0997
10099.5059 0.0995
10101.8232 0.0991
10104.1533 0.0980
10106.4834 0.0965
10108.8135 0.0961
10111.1338 0.0946
10113.4648 0.0922
10115.7969 0.0926
10118.1191 0.0947
10120.4521 0.0949
10122.7861 0.0859
10125.1201 0.0830
10127.4434 0.0906
10129.7793 0.0915
10132.1152 0.0909
10134.4404 0.0902
10136.7773 0.0894
10139.1152 0.0886
10141.4531 0.0877
10143.7803 0.0862
10146.1191 0.0835
10148.4590 0.0840
10150.7881 0.0842
10153.1289 0.0831
10155.4707 0.0817
10157.8125 0.0811
10160.1436 0.0808
10162.4863 0.0773
10164.8301 0.0753
10167.1621 0.0762
10169.5068 0.0772
10171.8525 0.0754
10174.1973 0.0743
10176.5322 0.0734
10178.8789 0.0734
10181.2266 0.0709
10183.5742 0.0668
10185.9111 0.0672
10188.2607 0.0686
10190.6094 0.0677
10192.9482 0.0667
10195.2988 0.0659
10197.6504 0.0649
10200.0020 0.0639
10202.3428 0.0628
10204.6953 0.0619
10207.0479 0.0608
10209.3906 0.0598
10211.7451 0.0589
10214.0996 0.0576
10216.4551 0.0545
10218.7998 0.0549
10221.1562 0.0549
10223.5137 0.0538
10225.8594 0.0528
10228.2178 0.0518
10230.5762 0.0508
10232.9355 0.0500
10235.2842 0.0488
10237.6436 0.0473
10240.0049 0.0463
10242.3545 0.0458
10244.7168 0.0444
10247.0791 0.0434
10249.4424 0.0427
10251.7939 0.0418
10254.1582 0.0406
10256.5234 0.0395
10258.8770 0.0386
10261.2422 0.0376
10263.6084 0.0365
10265.9756 0.0355
10268.3311 0.0345
10270.6992 0.0334
10273.0674 0.0321
10275.4258 0.0307
10277.7949 0.0301
10280.1650 0.0294
10282.5352 0.0282
10284.8955 0.0272
10287.2666 0.0251
10289.6396 0.0227
10292.0010 0.0231
10294.3740 0.0234
10296.7480 0.0218
10299.1221 0.0209
10301.4863 0.0195
10303.8613 0.0186
10306.2373 0.0178
10308.6025 0.0166
10310.9795 0.0150
10313.3574 0.0137
10315.7363 0.0134
10318.1035 0.0124
10320.4824 0.0113
10322.8623 0.0102
10325.2314 0.0092
10327.6123 0.0081
10329.9941 0.0066
