3570.2617 5.0163
3571.0830 5.0141
3571.9065 5.0209
3572.7283 5.0322
3573.5520 5.0427
3574.3740 5.0503
3575.1963 5.0582
3576.0208 5.0701
3576.8435 5.0831
3577.6682 5.0889
3578.4915 5.0835
3579.3167 5.0727
3580.1399 5.0633
3580.9636 5.0529
3581.7893 5.0270
3582.6133 4.9791
3583.4395 4.9198
3584.2639 4.8738
3585.0903 4.8572
3585.9150 4.8689
3586.7400 4.8952
3587.5671 4.9251
3588.3923 4.9553
3589.2200 4.9864
3590.0457 5.0151
3590.8735 5.0351
3591.6995 5.0459
3592.5259 5.0532
3593.3542 5.0624
3594.1809 5.0739
3595.0098 5.0854
3595.8367 5.0952
3596.6660 5.0987
3597.4934 5.0931
3598.3208 5.0783
3599.1506 5.0558
3599.9788 5.0258
3600.8088 4.9928
3601.6372 4.9664
3602.4678 4.9527
3603.2964 4.9522
3604.1252 4.9620
3604.9565 4.9772
3605.7859 4.9888
3606.6172 4.9855
3607.4470 4.9683
3608.2788 4.9470
3609.1089 4.9321
3609.9392 4.9240
3610.7717 4.9173
3611.6023 4.9135
3612.4351 4.9226
3613.2661 4.9474
3614.0994 4.9746
3614.9307 4.9833
3615.7625 4.9642
3616.5962 4.9306
3617.4282 4.9057
3618.2625 4.9032
3619.0947 4.9193
3619.9292 4.9410
3620.7620 4.9591
3621.5969 4.9714
3622.4302 4.9830
3623.2634 5.0012
3624.0989 5.0300
3624.9326 5.0623
3625.7686 5.0828
3626.6028 5.0742
3627.4390 5.0300
3628.2734 4.9593
3629.1082 4.8858
3629.9451 4.8370
3630.7800 4.8303
3631.6174 4.8592
3632.4529 4.9038
3633.2903 4.9467
3634.1262 4.9799
3634.9622 5.0000
3635.8005 5.0075
3636.6370 5.0081
3637.4756 5.0037
3638.3123 4.9916
3639.1514 4.9682
3639.9885 4.9381
3640.8259 4.9106
3641.6653 4.8929
3642.5032 4.8870
3643.3430 4.8914
3644.1812 4.9021
3645.0215 4.9129
3645.8601 4.9183
3646.6990 4.9166
3647.5398 4.9084
3648.3789 4.8990
3649.2202 4.8984
3650.0596 4.9128
3650.9014 4.9378
3651.7412 4.9639
3652.5813 4.9841
3653.4236 4.9964
3654.2642 5.0031
3655.1067 5.0062
3655.9475 5.0046
3656.7908 4.9969
3657.6318 4.9833
3658.4734 4.9665
3659.3169 4.9521
3660.1587 4.9450
3661.0029 4.9450
3661.8450 4.9490
3662.6895 4.9534
3663.5320 4.9554
3664.3748 4.9543
3665.2197 4.9536
3666.0630 4.9530
3666.9084 4.9468
3667.7520 4.9392
3668.5977 4.9385
3669.4417 4.9478
3670.2859 4.9603
3671.1321 4.9667
3671.9768 4.9626
3672.8235 4.9473
3673.6685 4.9216
3674.5156 4.8881
3675.3608 4.8522
3676.2063 4.8208
3677.0542 4.8044
3677.8999 4.8065
3678.7480 4.8221
3679.5945 4.8403
3680.4429 4.8510
3681.2896 4.8452
3682.1365 4.8228
3682.9856 4.7927
3683.8328 4.7675
3684.6824 4.7591
3685.5300 4.7753
3686.3799 4.8116
3687.2278 4.8482
3688.0781 4.8686
3688.9265 4.8711
3689.7751 4.8707
3690.6260 4.8829
3691.4751 4.9081
3692.3264 4.9266
3693.1758 4.9185
3694.0273 4.8835
3694.8772 4.8469
3695.7273 4.8401
3696.5793 4.8790
3697.4299 4.9486
3698.2825 5.0090
3699.1333 5.0222
3699.9863 4.9723
3700.8374 4.8741
3701.6887 4.7653
3702.5425 4.6854
3703.3943 4.6596
3704.2483 4.6941
3705.1003 4.7733
3705.9548 4.8576
3706.8074 4.8996
3707.6599 4.8736
3708.5149 4.7949
3709.3682 4.7063
3710.2234 4.6594
3711.0771 4.6876
3711.9329 4.7882
3712.7866 4.9309
3713.6409 5.0785
3714.4973 5.1977
3715.3518 5.2617
3716.2085 5.2506
3717.0635 5.1546
3717.9204 4.9877
3718.7759 4.7941
3719.6313 4.6336
3720.4890 4.5647
3721.3450 4.6162
3722.2031 4.7689
3723.0593 4.9561
3723.9180 5.1138
3724.7747 5.2148
3725.6316 5.2738
3726.4905 5.3116
3727.3479 5.3304
3728.2073 5.3052
3729.0649 5.2080
3729.9250 5.0341
3730.7830 4.8153
3731.6414 4.6057
3732.5017 4.4591
3733.3604 4.4116
3734.2214 4.4719
3735.0803 4.6246
3735.9417 4.8357
3736.8013 5.0635
3737.6609 5.2660
3738.5227 5.4057
3739.3828 5.4725
3740.2451 5.4787
3741.1055 5.4454
3741.9683 5.3820
3742.8291 5.2893
3743.6899 5.1689
3744.5532 5.0221
3745.4148 4.8512
3746.2786 4.6651
3747.1404 4.4921
3748.0044 4.3798
3748.8667 4.3767
3749.7290 4.4912
3750.5938 4.6943
3751.4565 4.9344
3752.3215 5.1637
3753.1848 5.3480
3754.0503 5.4666
3754.9138 5.5127
3755.7798 5.4988
3756.6438 5.4577
3757.5081 5.4293
3758.3745 5.4337
3759.2390 5.4655
3760.1060 5.5064
3760.9709 5.5359
3761.8381 5.5366
3762.7036 5.4980
3763.5693 5.4153
3764.4370 5.2898
3765.3032 5.1259
3766.1714 4.9321
3767.0378 4.7265
3767.9065 4.5446
3768.7732 4.4368
3769.6401 4.4440
3770.5095 4.5569
3771.3770 4.7337
3772.2466 4.9271
3773.1145 5.1122
3773.9844 5.2897
3774.8528 5.4679
3775.7209 5.6419
3776.5918 5.7994
3777.4604 5.9309
3778.3315 6.0345
3779.2009 6.1122
3780.0723 6.1629
3780.9419 6.1903
3781.8118 6.1948
3782.6838 6.1685
3783.5540 6.1042
3784.4265 6.0099
3785.2971 5.9086
3786.1699 5.8248
3787.0410 5.7691
3787.9121 5.7315
3788.7856 5.6912
3789.6572 5.6290
3790.5310 5.5271
3791.4031 5.3760
3792.2773 5.1797
3793.1499 4.9552
3794.0225 4.7198
3794.8972 4.5007
3795.7703 4.3482
3796.6455 4.3076
3797.5190 4.3967
3798.3948 4.5936
3799.2686 4.8459
3800.1426 5.0983
3801.0188 5.3198
3801.8933 5.4974
3802.7700 5.6261
3803.6448 5.7095
3804.5220 5.7748
3805.3972 5.8597
3806.2727 5.9806
3807.1504 6.1257
3808.0261 6.2598
3808.9043 6.3345
3809.7805 6.3180
3810.6589 6.2258
3811.5356 6.1134
3812.4126 6.0389
3813.2917 6.0381
3814.1689 6.1124
3815.0483 6.2274
3815.9260 6.3280
3816.8059 6.3610
3817.6841 6.3214
3818.5623 6.2441
3819.4429 6.1748
3820.3215 6.1247
3821.2024 6.0673
3822.0815 5.9736
3822.9629 5.8543
3823.8423 5.7389
3824.7241 5.6457
3825.6040 5.5644
3826.4841 5.4765
3827.3665 5.3786
3828.2468 5.2655
3829.1296 5.1227
3830.0105 4.9338
3830.8938 4.7062
3831.7751 4.4735
3832.6565 4.2833
3833.5403 4.1795
3834.4224 4.1859
3835.3064 4.2942
3836.1887 4.4657
3837.0735 4.6543
3837.9561 4.8432
3838.8391 5.0358
3839.7244 5.2337
3840.6077 5.4255
3841.4932 5.5957
3842.3770 5.7320
3843.2629 5.8424
3844.1472 5.9436
3845.0315 6.0439
3845.9182 6.1346
3846.8030 6.2024
3847.6899 6.2523
3848.5752 6.3113
3849.4626 6.3913
3850.3481 6.4799
3851.2339 6.5463
3852.1221 6.5611
3853.0083 6.5243
3853.8967 6.4756
3854.7832 6.4469
3855.6721 6.4434
3856.5591 6.4496
3857.4463 6.4616
3858.3359 6.4998
3859.2234 6.5714
3860.1135 6.6501
3861.0015 6.7034
3861.8918 6.7180
3862.7803 6.7028
3863.6687 6.6822
3864.5598 6.6810
3865.4487 6.7032
3866.3401 6.7335
3867.2297 6.7449
3868.1213 6.7084
3869.0112 6.6068
3869.9014 6.4666
3870.7937 6.3451
3871.6841 6.2865
3872.5769 6.2876
3873.4678 6.2989
3874.3611 6.2553
3875.2524 6.1359
3876.1438 5.9883
3877.0376 5.8750
3877.9297 5.8213
3878.8237 5.7964
3879.7161 5.7421
3880.6108 5.6285
3881.5037 5.4631
3882.3965 5.2640
3883.2917 5.0396
3884.1851 4.7939
3885.0808 4.5390
3885.9746 4.3162
3886.8706 4.1781
3887.7649 4.1619
3888.6592 4.2704
3889.5559 4.4696
3890.4507 4.7011
3891.3479 4.9132
3892.2429 5.0874
3893.1406 5.2301
3894.0361 5.3553
3894.9341 5.4659
3895.8301 5.5560
3896.7263 5.6253
3897.6250 5.6920
3898.5215 5.7748
3899.4207 5.8735
3900.3176 5.9655
3901.2170 6.0276
3902.1145 6.0543
3903.0122 6.0709
3903.9121 6.1115
3904.8103 6.1958
3905.7107 6.3195
3906.6094 6.4654
3907.5100 6.6018
3908.4089 6.6972
3909.3081 6.7315
3910.2097 6.7044
3911.1091 6.6402
3912.0110 6.5845
3912.9111 6.5632
3913.8132 6.5654
3914.7136 6.5685
3915.6143 6.5616
3916.5171 6.5500
3917.4182 6.5526
3918.3215 6.5839
3919.2229 6.6373
3920.1267 6.6962
3921.0286 6.7439
3921.9307 6.7647
3922.8350 6.7455
3923.7373 6.6801
3924.6421 6.5677
3925.5452 6.4107
3926.4502 6.2082
3927.3535 5.9427
3928.2571 5.5921
3929.1628 5.1474
3930.0667 4.6481
3930.9731 4.1962
3931.8774 3.9420
3932.7839 3.9994
3933.6887 4.3610
3934.5938 4.8752
3935.5010 5.3858
3936.4062 5.8026
3937.3142 6.1130
3938.2200 6.3259
3939.1279 6.4480
3940.0342 6.4865
3940.9407 6.4738
3941.8494 6.4537
3942.7561 6.4575
3943.6653 6.4795
3944.5725 6.4862
3945.4822 6.4583
3946.3899 6.4059
3947.2979 6.3509
3948.2080 6.3083
3949.1162 6.2821
3950.0269 6.2705
3950.9355 6.2682
3951.8467 6.2571
3952.7559 6.2167
3953.6650 6.1407
3954.5769 6.0500
3955.4866 5.9804
3956.3987 5.9453
3957.3088 5.9126
3958.2214 5.8405
3959.1321 5.7159
3960.0449 5.5598
3960.9561 5.3958
3961.8672 5.2205
3962.7808 5.0090
3963.6924 4.7377
3964.6064 4.4070
3965.5186 4.0569
3966.4329 3.7651
3967.3455 3.6167
3968.2581 3.6433
3969.1731 3.8188
3970.0862 4.0780
3971.0017 4.3598
3971.9153 4.6280
3972.8313 4.8656
3973.7451 5.0709
3974.6592 5.2512
3975.5759 5.4173
3976.4905 5.5716
3977.4075 5.7063
3978.3225 5.8106
3979.2397 5.8842
3980.1553 5.9381
3981.0708 5.9905
3981.9888 6.0520
3982.9050 6.1216
3983.8232 6.1870
3984.7397 6.2449
3985.6587 6.3025
3986.5757 6.3700
3987.4927 6.4448
3988.4121 6.5167
3989.3298 6.5874
3990.2498 6.6591
3991.1677 6.7211
3992.0879 6.7462
3993.0063 6.7174
3993.9250 6.6467
3994.8459 6.5769
3995.7649 6.5566
3996.6863 6.6054
3997.6057 6.6958
3998.5276 6.7816
3999.4475 6.8322
4000.3674 6.8420
4001.2900 6.8068
4002.2104 6.7342
4003.1333 6.6611
4004.0544 6.6419
4004.9775 6.7023
4005.8989 6.8086
4006.8206 6.9061
4007.7446 6.9578
4008.6665 6.9635
4009.5908 6.9439
4010.5132 6.9228
4011.4380 6.9158
4012.3608 6.9266
4013.2839 6.9490
4014.2095 6.9739
4015.1328 7.0034
4016.0588 7.0471
4016.9827 7.0958
4017.9089 7.1185
4018.8333 7.0835
4019.7578 6.9916
4020.6848 6.9049
4021.6096 6.8765
4022.5371 6.8832
4023.4624 6.9137
4024.3901 6.9615
4025.3162 6.9959
4026.2422 6.9762
4027.1704 6.8916
4028.0969 6.7836
4029.0259 6.6988
4029.9526 6.6631
4030.8821 6.6771
4031.8093 6.7330
4032.7390 6.8164
4033.6667 6.9134
4034.5947 7.0073
4035.5251 7.0824
4036.4534 7.1271
4037.3843 7.1349
4038.3130 7.1124
4039.2441 7.0871
4040.1736 7.0608
4041.1030 7.0109
4042.0347 6.9173
4042.9646 6.8073
4043.8970 6.7479
4044.8271 6.7770
4045.7600 6.8658
4046.6907 6.9576
4047.6216 7.0105
4048.5549 7.0153
4049.4863 6.9751
4050.4202 6.8995
4051.3521 6.8152
4052.2861 6.7510
4053.2185 6.7204
4054.1509 6.7140
4055.0857 6.7139
4056.0186 6.7284
4056.9539 6.7694
4057.8872 6.8247
4058.8230 6.8489
4059.7566 6.8031
4060.6907 6.7025
4061.6270 6.6214
4062.5613 6.5973
4063.4983 6.6157
4064.4331 6.6355
4065.3701 6.6443
4066.3054 6.6578
4067.2410 6.6656
4068.1787 6.6423
4069.1147 6.5850
4070.0530 6.5301
4070.9893 6.5057
4071.9280 6.5017
4072.8647 6.4692
4073.8018 6.3822
4074.7412 6.2604
4075.6787 6.1643
4076.6184 6.1429
4077.5562 6.2028
4078.4966 6.2904
4079.4348 6.3457
4080.3733 6.3381
4081.3142 6.2786
4082.2532 6.1950
4083.1943 6.1228
4084.1338 6.0808
4085.0757 6.0605
4086.0154 6.0421
4086.9553 6.0099
4087.8977 5.9546
4088.8381 5.8765
4089.7810 5.7814
4090.7219 5.6727
4091.6653 5.5530
4092.6064 5.4243
4093.5481 5.2823
4094.4919 5.1150
4095.4338 4.9214
4096.3784 4.7034
4097.3208 4.4649
4098.2656 4.2225
4099.2085 4.0268
4100.1514 3.9423
4101.0967 4.0060
4102.0400 4.1939
4102.9863 4.4423
4103.9302 4.6833
4104.8765 4.8829
4105.8208 5.0434
4106.7676 5.1786
4107.7124 5.3030
4108.6572 5.4259
4109.6045 5.5483
4110.5503 5.6661
4111.4980 5.7755
4112.4438 5.8714
4113.3921 5.9459
4114.3384 5.9932
4115.2852 6.0164
4116.2339 6.0279
4117.1807 6.0390
4118.1304 6.0609
4119.0776 6.0960
4120.0273 6.1365
4120.9751 6.1713
4121.9233 6.2037
4122.8740 6.2353
4123.8223 6.2478
4124.7734 6.2359
4125.7222 6.2144
4126.6733 6.2051
4127.6230 6.2057
4128.5723 6.2007
4129.5244 6.1923
4130.4746 6.1989
4131.4268 6.2394
4132.3774 6.3182
4133.3301 6.4171
4134.2812 6.5083
4135.2324 6.5834
4136.1855 6.6460
4137.1372 6.6946
4138.0913 6.7130
4139.0435 6.6839
4139.9976 6.6029
4140.9502 6.5046
4141.9028 6.4443
4142.8579 6.4539
4143.8110 6.5127
4144.7666 6.5711
4145.7202 6.5895
4146.6758 6.5742
4147.6299 6.5546
4148.5840 6.5496
4149.5405 6.5495
4150.4951 6.5324
4151.4526 6.4843
4152.4072 6.4253
4153.3647 6.3823
4154.3203 6.3714
4155.2764 6.3923
4156.2344 6.4334
4157.1904 6.4712
4158.1489 6.4908
4159.1055 6.4960
4160.0649 6.5001
4161.0220 6.5143
4161.9790 6.5442
4162.9390 6.5792
4163.8965 6.5945
4164.8564 6.5879
4165.8149 6.5737
4166.7754 6.5606
4167.7339 6.5260
4168.6929 6.4354
4169.6538 6.2981
4170.6133 6.1784
4171.5752 6.1391
4172.5347 6.1833
4173.4971 6.2486
4174.4570 6.2679
4175.4175 6.2450
4176.3799 6.2285
4177.3408 6.2556
4178.3042 6.3130
4179.2651 6.3631
4180.2290 6.3830
4181.1909 6.3826
4182.1548 6.3822
4183.1172 6.3876
4184.0796 6.3819
4185.0444 6.3618
4186.0068 6.3533
4186.9722 6.3800
4187.9355 6.4331
4188.9014 6.4903
4189.8647 6.5395
4190.8286 6.5751
4191.7949 6.5876
4192.7593 6.5628
4193.7261 6.4958
4194.6909 6.4009
4195.6582 6.3115
4196.6235 6.2559
4197.5889 6.2389
4198.5571 6.2504
4199.5229 6.2759
4200.4912 6.3014
4201.4575 6.3203
4202.4263 6.3450
4203.3931 6.3860
4204.3599 6.4287
4205.3296 6.4552
4206.2969 6.4594
4207.2671 6.4525
4208.2349 6.4524
4209.2051 6.4715
4210.1738 6.4930
4211.1421 6.4883
4212.1133 6.4418
4213.0820 6.3710
4214.0537 6.3201
4215.0229 6.3193
4215.9951 6.3535
4216.9648 6.3927
4217.9351 6.4150
4218.9077 6.4170
4219.8784 6.4037
4220.8516 6.3634
4221.8223 6.2750
4222.7959 6.1491
4223.7676 6.0310
4224.7393 5.9834
4225.7134 6.0457
4226.6855 6.2026
4227.6602 6.3723
4228.6328 6.4613
4229.6079 6.4281
4230.5806 6.3201
4231.5542 6.2183
4232.5298 6.1739
4233.5034 6.1872
4234.4800 6.2231
4235.4541 6.2462
4236.4307 6.2508
4237.4053 6.2606
4238.3799 6.2927
4239.3574 6.3355
4240.3325 6.3717
4241.3105 6.3847
4242.2861 6.3600
4243.2642 6.2929
4244.2407 6.2060
4245.2168 6.1518
4246.1958 6.1400
4247.1729 6.1476
4248.1519 6.1559
4249.1294 6.1738
4250.1094 6.2060
4251.0869 6.2418
4252.0649 6.2769
4253.0454 6.3129
4254.0239 6.3449
4255.0049 6.3508
4255.9834 6.3131
4256.9648 6.2442
4257.9443 6.1813
4258.9263 6.1623
4259.9058 6.2011
4260.8857 6.2781
4261.8687 6.3534
4262.8491 6.3998
4263.8320 6.4115
4264.8130 6.3924
4265.7964 6.3442
4266.7778 6.2672
4267.7593 6.1674
4268.7432 6.0713
4269.7256 6.0079
4270.7100 5.9927
4271.6924 6.0204
4272.6772 6.0795
4273.6606 6.1501
4274.6436 6.2150
4275.6294 6.2678
4276.6128 6.3020
4277.5991 6.3032
4278.5830 6.2664
4279.5698 6.2031
4280.5542 6.1421
4281.5391 6.1115
4282.5264 6.1175
4283.5117 6.1317
4284.4990 6.1080
4285.4849 6.0225
4286.4731 5.9002
4287.4590 5.8040
4288.4453 5.7886
4289.4346 5.8565
4290.4214 5.9529
4291.4106 6.0054
4292.3979 6.0048
4293.3877 5.9803
4294.3755 5.9511
4295.3633 5.8991
4296.3535 5.8063
4297.3423 5.6897
4298.3330 5.5874
4299.3218 5.5361
4300.3135 5.5535
4301.3027 5.6250
4302.2920 5.7114
4303.2842 5.7692
4304.2744 5.7649
4305.2666 5.7220
4306.2573 5.6954
4307.2500 5.7201
4308.2412 5.7723
4309.2319 5.7939
4310.2261 5.7395
4311.2173 5.6304
4312.2114 5.5320
4313.2036 5.5042
4314.1982 5.5491
4315.1904 5.6176
4316.1836 5.6496
4317.1787 5.6282
4318.1719 5.5799
4319.1675 5.5464
4320.1611 5.5314
4321.1572 5.4960
4322.1514 5.4141
4323.1460 5.3134
4324.1426 5.2426
4325.1377 5.2226
4326.1348 5.2278
4327.1299 5.2083
4328.1279 5.1526
4329.1235 5.0776
4330.1196 4.9972
4331.1182 4.9034
4332.1143 4.7837
4333.1133 4.6300
4334.1104 4.4386
4335.1099 4.2107
4336.1069 3.9607
4337.1069 3.7279
4338.1045 3.5761
4339.1025 3.5553
4340.1030 3.6658
4341.1016 3.8690
4342.1025 4.1078
4343.1016 4.3307
4344.1030 4.5197
4345.1025 4.6826
4346.1021 4.8131
4347.1040 4.8965
4348.1040 4.9295
4349.1069 4.9389
4350.1074 4.9701
4351.1104 5.0535
4352.1113 5.1770
4353.1128 5.3065
4354.1167 5.4096
4355.1182 5.4747
4356.1226 5.5167
4357.1245 5.5527
4358.1294 5.5909
4359.1318 5.6425
4360.1348 5.7102
4361.1401 5.7758
4362.1436 5.8185
4363.1494 5.8322
4364.1528 5.8085
4365.1592 5.7618
4366.1636 5.7230
4367.1680 5.7192
4368.1753 5.7483
4369.1802 5.7852
4370.1875 5.7875
4371.1929 5.7458
4372.2007 5.6923
4373.2065 5.6827
4374.2129 5.7414
4375.2212 5.8422
4376.2280 5.9352
4377.2368 5.9917
4378.2441 5.9986
4379.2534 5.9436
4380.2612 5.8302
4381.2686 5.7005
4382.2793 5.6127
4383.2871 5.5996
4384.2979 5.6580
4385.3066 5.7516
4386.3179 5.8313
4387.3267 5.8715
4388.3359 5.8883
4389.3481 5.8904
4390.3579 5.8680
4391.3701 5.8104
4392.3804 5.7459
4393.3936 5.7254
4394.4043 5.7583
4395.4150 5.8029
4396.4287 5.8102
4397.4399 5.7740
4398.4541 5.7392
4399.4658 5.7541
4400.4805 5.7972
4401.4927 5.8364
4402.5054 5.8593
4403.5205 5.8759
4404.5337 5.8898
4405.5493 5.8975
4406.5625 5.8953
4407.5786 5.8954
4408.5928 5.9117
4409.6069 5.9349
4410.6240 5.9283
4411.6387 5.8605
4412.6558 5.7484
4413.6709 5.6424
4414.6885 5.5971
4415.7041 5.6406
4416.7227 5.7482
4417.7388 5.8509
4418.7549 5.9058
4419.7739 5.9181
4420.7905 5.9132
4421.8101 5.9049
4422.8271 5.8982
4423.8472 5.8944
4424.8647 5.9000
4425.8828 5.9118
4426.9033 5.9224
4427.9219 5.9288
4428.9429 5.9216
4429.9619 5.8924
4430.9834 5.8468
4432.0024 5.8015
4433.0220 5.7824
4434.0444 5.8147
4435.0645 5.8887
4436.0874 5.9633
4437.1079 5.9916
4438.1309 5.9487
4439.1519 5.8405
4440.1733 5.7083
4441.1968 5.6203
4442.2188 5.6286
4443.2432 5.7098
4444.2651 5.8044
4445.2900 5.8616
4446.3125 5.8707
4447.3354 5.8506
4448.3613 5.8314
4449.3843 5.8185
4450.4106 5.7981
4451.4341 5.7559
4452.4609 5.6973
4453.4849 5.6540
4454.5098 5.6530
4455.5366 5.6823
4456.5615 5.7136
4457.5894 5.7288
4458.6147 5.7364
4459.6431 5.7478
4460.6689 5.7577
4461.6953 5.7630
4462.7241 5.7567
4463.7505 5.7291
4464.7798 5.6761
4465.8071 5.6122
4466.8369 5.5792
4467.8643 5.6063
4468.8921 5.6785
4469.9229 5.7592
4470.9512 5.8224
4471.9819 5.8537
4473.0107 5.8558
4474.0425 5.8488
4475.0718 5.8317
4476.1011 5.7789
4477.1333 5.6644
4478.1631 5.5129
4479.1958 5.4120
4480.2266 5.4282
4481.2593 5.5449
4482.2905 5.6915
4483.3213 5.7961
4484.3555 5.8221
4485.3872 5.7795
4486.4214 5.7108
4487.4536 5.6577
4488.4883 5.6447
4489.5210 5.6696
4490.5537 5.7074
4491.5889 5.7366
4492.6226 5.7553
4493.6582 5.7729
4494.6919 5.7941
4495.7285 5.8065
4496.7627 5.7915
4497.7998 5.7493
4498.8345 5.7155
4499.8696 5.7211
4500.9072 5.7714
4501.9424 5.8393
4502.9805 5.8800
4504.0166 5.8610
4505.0552 5.8091
4506.0913 5.7710
4507.1279 5.7746
4508.1675 5.8070
4509.2046 5.8381
4510.2446 5.8365
4511.2822 5.7995
4512.3223 5.7470
4513.3604 5.7062
4514.3984 5.6943
4515.4395 5.7000
4516.4785 5.6911
4517.5200 5.6631
4518.5591 5.6287
4519.6011 5.6019
4520.6406 5.5893
4521.6807 5.5930
4522.7236 5.6040
4523.7642 5.5988
4524.8071 5.5692
4525.8481 5.5303
4526.8916 5.5100
4527.9331 5.5128
4528.9746 5.5234
4530.0190 5.5027
4531.0610 5.4552
4532.1060 5.4264
4533.1489 5.4635
4534.1938 5.5602
4535.2373 5.6573
4536.2803 5.7033
4537.3267 5.6974
4538.3701 5.6695
4539.4170 5.6447
4540.4609 5.6325
4541.5083 5.6301
4542.5527 5.6332
4543.5981 5.6216
4544.6455 5.5705
4545.6909 5.4752
4546.7393 5.3718
4547.7852 5.3203
4548.8340 5.3449
4549.8804 5.3978
4550.9272 5.4120
4551.9766 5.3760
4553.0239 5.3389
4554.0737 5.3463
4555.1216 5.3938
4556.1719 5.4590
4557.2197 5.5220
4558.2686 5.5702
4559.3193 5.5867
4560.3682 5.5547
4561.4199 5.5026
4562.4692 5.4720
4563.5215 5.4878
4564.5713 5.5397
4565.6211 5.5922
4566.6743 5.6089
4567.7246 5.5790
4568.7778 5.5240
4569.8291 5.4805
4570.8828 5.4747
4571.9341 5.5023
4572.9888 5.5311
4574.0405 5.5364
4575.0928 5.5230
4576.1479 5.5049
4577.2007 5.4793
4578.2559 5.4385
4579.3091 5.3783
4580.3652 5.3108
4581.4189 5.2685
4582.4731 5.2778
4583.5298 5.3258
4584.5840 5.3681
4585.6411 5.3788
4586.6963 5.3712
4587.7539 5.3627
4588.8091 5.3637
4589.8647 5.3800
4590.9233 5.4091
4591.9795 5.4400
4593.0386 5.4641
4594.0952 5.4786
4595.1543 5.4836
4596.2114 5.4804
4597.2690 5.4744
4598.3291 5.4675
4599.3867 5.4625
4600.4473 5.4608
4601.5059 5.4616
4602.5669 5.4635
4603.6255 5.4673
4604.6846 5.4716
4605.7466 5.4776
4606.8062 5.4818
4607.8687 5.4791
4608.9287 5.4692
4609.9912 5.4550
4611.0518 5.4468
4612.1128 5.4360
4613.1763 5.4130
4614.2373 5.3780
4615.3013 5.3421
4616.3633 5.3167
4617.4277 5.3133
4618.4897 5.3365
4619.5522 5.3780
4620.6177 5.4195
4621.6807 5.4414
4622.7466 5.4366
4623.8096 5.4134
4624.8760 5.3812
4625.9399 5.3469
4627.0044 5.3220
4628.0713 5.3234
4629.1357 5.3426
4630.2031 5.3515
4631.2686 5.3410
4632.3364 5.3237
4633.4023 5.3166
4634.4678 5.3236
4635.5366 5.3393
4636.6030 5.3550
4637.6724 5.3689
4638.7393 5.3805
4639.8091 5.3870
4640.8765 5.3835
4641.9438 5.3673
4643.0142 5.3368
4644.0825 5.3027
4645.1533 5.2792
4646.2222 5.2760
4647.2935 5.2928
4648.3623 5.3212
4649.4316 5.3407
4650.5039 5.3367
4651.5737 5.3146
4652.6465 5.2893
4653.7168 5.2704
4654.7900 5.2721
4655.8608 5.2934
4656.9346 5.3224
4658.0059 5.3450
4659.0771 5.3494
4660.1519 5.3313
4661.2236 5.2983
4662.2983 5.2535
4663.3711 5.2029
4664.4463 5.1581
4665.5195 5.1307
4666.5928 5.1266
4667.6689 5.1500
4668.7427 5.1881
4669.8193 5.2264
4670.8936 5.2620
4671.9707 5.2941
4673.0454 5.3120
4674.1206 5.3075
4675.1982 5.2873
4676.2739 5.2650
4677.3521 5.2507
4678.4282 5.2506
4679.5073 5.2661
4680.5835 5.2821
4681.6602 5.2832
4682.7397 5.2767
4683.8174 5.2738
4684.8975 5.2781
4685.9751 5.2813
4687.0557 5.2747
4688.1338 5.2574
4689.2124 5.2423
4690.2935 5.2378
4691.3726 5.2416
4692.4546 5.2441
4693.5342 5.2416
4694.6162 5.2322
4695.6963 5.2175
4696.7764 5.1994
4697.8594 5.1755
4698.9404 5.1418
4700.0239 5.1090
4701.1050 5.0998
4702.1890 5.1145
4703.2710 5.1350
4704.3530 5.1420
4705.4375 5.1339
4706.5200 5.1269
4707.6055 5.1379
4708.6885 5.1592
4709.7744 5.1733
4710.8579 5.1702
4711.9414 5.1578
4713.0283 5.1521
4714.1123 5.1397
4715.1992 5.1338
4716.2842 5.1499
4717.3716 5.1792
4718.4570 5.1903
4719.5425 5.1980
4720.6309 5.2054
4721.7168 5.2078
4722.8057 5.2020
4723.8921 5.1864
4724.9814 5.1599
4726.0684 5.1283
4727.1553 5.0961
4728.2456 5.0700
4729.3335 5.0624
4730.4238 5.0789
4731.5122 5.1025
4732.6030 5.1086
4733.6919 5.0939
4734.7808 5.0785
4735.8726 5.0793
4736.9624 5.0987
4738.0547 5.1235
4739.1445 5.1374
4740.2373 5.1391
4741.3276 5.1348
4742.4214 5.1267
4743.5122 5.1143
4744.6035 5.1019
4745.6973 5.0954
4746.7891 5.0923
4747.8838 5.0878
4748.9761 5.0796
4750.0713 5.0663
4751.1641 5.0471
4752.2568 5.0281
4753.3525 5.0189
4754.4463 5.0231
4755.5425 5.0332
4756.6367 5.0361
4757.7334 5.0211
4758.8281 4.9860
4759.9229 4.9425
4761.0205 4.9082
4762.1157 4.8947
4763.2139 4.9039
4764.3096 4.9272
4765.4082 4.9505
4766.5044 4.9621
4767.6011 4.9568
4768.7002 4.9425
4769.7974 4.9336
4770.8975 4.9386
4771.9951 4.9544
4773.0952 4.9706
4774.1934 4.9734
4775.2915 4.9618
4776.3926 4.9438
4777.4917 4.9254
4778.5933 4.9122
4779.6924 4.9093
4780.7949 4.9178
4781.8945 4.9262
4782.9946 4.9222
4784.0977 4.9106
4785.1982 4.9012
4786.3018 4.8979
4787.4028 4.9015
4788.5068 4.9094
4789.6084 4.9195
4790.7100 4.9316
4791.8149 4.9404
4792.9170 4.9399
4794.0225 4.9293
4795.1255 4.9101
4796.2310 4.8872
4797.3345 4.8702
4798.4380 4.8634
4799.5444 4.8601
4800.6489 4.8475
4801.7559 4.8243
4802.8604 4.8022
4803.9678 4.7962
4805.0732 4.8068
4806.1782 4.8198
4807.2866 4.8264
4808.3926 4.8259
4809.5015 4.8220
4810.6079 4.8199
4811.7173 4.8231
4812.8242 4.8285
4813.9312 4.8321
4815.0415 4.8305
4816.1489 4.8235
4817.2598 4.8129
4818.3677 4.7915
4819.4790 4.7508
4820.5879 4.7002
4821.6968 4.6599
4822.8086 4.6469
4823.9180 4.6602
4825.0303 4.6794
4826.1401 4.6852
4827.2534 4.6778
4828.3638 4.6650
4829.4771 4.6525
4830.5884 4.6391
4831.6992 4.6214
4832.8135 4.5995
4833.9253 4.5777
4835.0400 4.5572
4836.1523 4.5359
4837.2676 4.5131
4838.3804 4.4903
4839.4937 4.4671
4840.6094 4.4409
4841.7231 4.4080
4842.8394 4.3658
4843.9536 4.3137
4845.0708 4.2535
4846.1851 4.1924
4847.3003 4.1397
4848.4180 4.0933
4849.5332 4.0390
4850.6514 3.9624
4851.7676 3.8646
4852.8862 3.7516
4854.0024 3.6253
4855.1191 3.4776
4856.2388 3.3017
4857.3560 3.1159
4858.4761 2.9784
4859.5938 2.9431
4860.7144 3.0218
4861.8325 3.1850
4862.9512 3.3784
4864.0723 3.5507
4865.1914 3.6866
4866.3135 3.7858
4867.4326 3.8517
4868.5552 3.8986
4869.6753 3.9455
4870.7954 4.0004
4871.9189 4.0600
4873.0396 4.1128
4874.1631 4.1569
4875.2847 4.2016
4876.4087 4.2554
4877.5308 4.3114
4878.6528 4.3545
4879.7778 4.3726
4880.9004 4.3746
4882.0259 4.3759
4883.1489 4.3869
4884.2749 4.4069
4885.3984 4.4249
4886.5225 4.4231
4887.6494 4.4089
4888.7734 4.4079
4889.9009 4.4405
4891.0259 4.4993
4892.1538 4.5618
4893.2793 4.6068
4894.4048 4.6260
4895.5337 4.6215
4896.6597 4.6029
4897.7891 4.5852
4898.9155 4.5759
4900.0454 4.5776
4901.1724 4.5912
4902.2998 4.6109
4903.4307 4.6285
4904.5586 4.6392
4905.6895 4.6311
4906.8179 4.6024
4907.9497 4.5753
4909.0786 4.5704
4910.2080 4.5937
4911.3403 4.6323
4912.4702 4.6600
4913.6030 4.6542
4914.7334 4.6126
4915.8667 4.5509
4916.9976 4.4954
4918.1313 4.4681
4919.2627 4.4626
4920.3945 4.4611
4921.5288 4.4737
4922.6611 4.5113
4923.7964 4.5700
4924.9292 4.6297
4926.0649 4.6671
4927.1978 4.6741
4928.3315 4.6514
4929.4678 4.6088
4930.6021 4.5650
4931.7388 4.5402
4932.8735 4.5397
4934.0107 4.5533
4935.1460 4.5653
4936.2812 4.5730
4937.4194 4.5866
4938.5557 4.6153
4939.6943 4.6503
4940.8306 4.6718
4941.9702 4.6727
4943.1069 4.6619
4944.2441 4.6541
4945.3843 4.6547
4946.5220 4.6593
4947.6626 4.6592
4948.8008 4.6529
4949.9419 4.6447
4951.0806 4.6350
4952.2197 4.6095
4953.3618 4.5586
4954.5010 4.5091
4955.6436 4.4955
4956.7837 4.5282
4957.9268 4.5884
4959.0674 4.6390
4960.2080 4.6563
4961.3521 4.6485
4962.4932 4.6289
4963.6377 4.6069
4964.7793 4.5891
4965.9243 4.5817
4967.0669 4.5860
4968.2095 4.5950
4969.3550 4.6069
4970.4980 4.6205
4971.6445 4.6321
4972.7881 4.6370
4973.9351 4.6343
4975.0791 4.6212
4976.2236 4.5940
4977.3711 4.5499
4978.5161 4.4912
4979.6641 4.4306
4980.8096 4.3909
4981.9585 4.3929
4983.1045 4.4346
4984.2510 4.4945
4985.4004 4.5426
4986.5469 4.5582
4987.6968 4.5455
4988.8442 4.5256
4989.9946 4.5160
4991.1426 4.5216
4992.2910 4.5372
4993.4419 4.5533
4994.5908 4.5588
4995.7427 4.5427
4996.8921 4.5074
4998.0439 4.4655
4999.1938 4.4337
5000.3438 4.4213
5001.4971 4.4153
5002.6475 4.3998
5003.8013 4.3896
5004.9521 4.4024
5006.1064 4.4367
5007.2583 4.4633
5008.4126 4.4624
5009.5649 4.4407
5010.7173 4.4154
5011.8730 4.3952
5013.0259 4.3744
5014.1816 4.3393
5015.3354 4.2957
5016.4917 4.2702
5017.6460 4.2845
5018.8003 4.3349
5019.9575 4.3966
5021.1123 4.4425
5022.2700 4.4640
5023.4258 4.4648
5024.5840 4.4573
5025.7397 4.4487
5026.8960 4.4422
5028.0552 4.4436
5029.2119 4.4530
5030.3716 4.4584
5031.5288 4.4553
5032.6890 4.4446
5033.8472 4.4279
5035.0049 4.4050
5036.1660 4.3744
5037.3247 4.3332
5038.4863 4.3038
5039.6455 4.3096
5040.8076 4.3561
5041.9668 4.4203
5043.1270 4.4654
5044.2900 4.4682
5045.4502 4.4422
5046.6138 4.4065
5047.7749 4.3746
5048.9390 4.3574
5050.1001 4.3623
5051.2622 4.3812
5052.4268 4.3987
5053.5894 4.4125
5054.7544 4.4302
5055.9175 4.4531
5057.0830 4.4713
5058.2466 4.4788
5059.4102 4.4722
5060.5771 4.4520
5061.7412 4.4239
5062.9082 4.3980
5064.0732 4.3820
5065.2407 4.3811
5066.4062 4.3849
5067.5718 4.3828
5068.7402 4.3731
5069.9062 4.3631
5071.0752 4.3550
5072.2417 4.3544
5073.4116 4.3601
5074.5786 4.3603
5075.7461 4.3447
5076.9165 4.3215
5078.0845 4.3055
5079.2554 4.3074
5080.4238 4.3267
5081.5957 4.3508
5082.7646 4.3653
5083.9336 4.3703
5085.1060 4.3728
5086.2759 4.3770
5087.4487 4.3848
5088.6191 4.3935
5089.7925 4.3988
5090.9634 4.3995
5092.1348 4.3918
5093.3091 4.3667
5094.4805 4.3295
5095.6553 4.2962
5096.8276 4.2827
5098.0029 4.2932
5099.1758 4.3210
5100.3516 4.3535
5101.5249 4.3742
5102.6987 4.3752
5103.8750 4.3606
5105.0493 4.3440
5106.2266 4.3315
5107.4014 4.3235
5108.5791 4.3267
5109.7544 4.3407
5110.9297 4.3573
5112.1084 4.3692
5113.2842 4.3763
5114.4634 4.3777
5115.6401 4.3736
5116.8198 4.3647
5117.9966 4.3504
5119.1743 4.3284
5120.3545 4.3025
5121.5327 4.2769
5122.7134 4.2610
5123.8921 4.2552
5125.0737 4.2519
5126.2524 4.2468
5127.4321 4.2444
5128.6143 4.2470
5129.7939 4.2501
5130.9771 4.2530
5132.1572 4.2564
5133.3408 4.2539
5134.5220 4.2377
5135.7031 4.2115
5136.8872 4.1925
5138.0688 4.1903
5139.2539 4.2036
5140.4360 4.2256
5141.6216 4.2412
5142.8042 4.2479
5143.9873 4.2486
5145.1738 4.2471
5146.3574 4.2466
5147.5439 4.2487
5148.7280 4.2467
5149.9155 4.2314
5151.1001 4.2148
5152.2852 4.2125
5153.4731 4.2298
5154.6587 4.2552
5155.8477 4.2732
5157.0337 4.2693
5158.2227 4.2499
5159.4097 4.2305
5160.5962 4.2159
5161.7861 4.1867
5162.9736 4.1248
5164.1646 4.0302
5165.3525 3.9520
5166.5435 3.9238
5167.7319 3.9412
5168.9209 3.9759
5170.1128 4.0184
5171.3022 4.0771
5172.4946 4.1512
5173.6846 4.2192
5174.8779 4.2562
5176.0684 4.2613
5177.2588 4.2483
5178.4526 4.2036
5179.6440 4.1293
5180.8384 4.0584
5182.0303 4.0285
5183.2251 4.0385
5184.4175 4.0648
5185.6104 4.0766
5186.8062 4.0723
5187.9995 4.0667
5189.1958 4.0707
5190.3896 4.0769
5191.5864 4.0796
5192.7808 4.0772
5193.9780 4.0726
5195.1729 4.0759
5196.3682 4.0950
5197.5664 4.1217
5198.7622 4.1405
5199.9609 4.1316
5201.1572 4.1002
5202.3564 4.0651
5203.5532 4.0423
5204.7505 4.0350
5205.9507 4.0507
5207.1484 4.0830
5208.3491 4.1216
5209.5474 4.1493
5210.7485 4.1514
5211.9473 4.1336
5213.1460 4.1155
5214.3481 4.1100
5215.5479 4.1261
5216.7505 4.1564
5217.9507 4.1827
5219.1538 4.1912
5220.3545 4.1766
5221.5557 4.1224
5222.7598 4.0373
5223.9609 3.9627
5225.1655 3.9429
5226.3677 3.9780
5227.5728 4.0328
5228.7754 4.0541
5229.9785 4.0329
5231.1846 3.9981
5232.3877 3.9858
5233.5942 4.0050
5234.7983 4.0434
5236.0054 4.0807
5237.2100 4.1041
5238.4150 4.1127
5239.6230 4.1143
5240.8281 4.1173
5242.0366 4.1226
5243.2427 4.1268
5244.4517 4.1242
5245.6582 4.1137
5246.8652 4.1010
5248.0747 4.0936
5249.2822 4.0887
5250.4927 4.0825
5251.7007 4.0769
5252.9116 4.0788
5254.1201 4.0906
5255.3286 4.1008
5256.5405 4.0904
5257.7500 4.0521
5258.9624 3.9939
5260.1724 3.9316
5261.3853 3.8838
5262.5957 3.8638
5263.8062 3.8654
5265.0200 3.8647
5266.2310 3.8598
5267.4458 3.8609
5268.6572 3.8771
5269.8721 3.9055
5271.0845 3.9250
5272.2974 3.9246
5273.5132 3.9283
5274.7261 3.9500
5275.9424 3.9805
5277.1562 4.0000
5278.3730 3.9922
5279.5874 3.9665
5280.8047 3.9508
5282.0195 3.9609
5283.2349 3.9939
5284.4531 4.0353
5285.6689 4.0670
5286.8877 4.0798
5288.1040 4.0800
5289.3232 4.0753
5290.5400 4.0690
5291.7573 4.0599
5292.9775 4.0463
5294.1953 4.0279
5295.4160 4.0128
5296.6343 4.0069
5297.8555 4.0077
5299.0742 4.0078
5300.2935 4.0069
5301.5156 3.9888
5302.7354 3.9677
5303.9580 3.9677
5305.1782 3.9917
5306.4014 4.0078
5307.6221 4.0191
5308.8433 4.0208
5310.0674 4.0095
5311.2891 3.9801
5312.5137 3.9351
5313.7358 3.8985
5314.9614 3.8987
5316.1841 3.9371
5317.4072 3.9824
5318.6333 4.0030
5319.8569 3.9872
5321.0835 3.9505
5322.3076 3.9120
5323.5347 3.8730
5324.7598 3.8428
5325.9844 3.8354
5327.2129 3.8582
5328.4380 3.9016
5329.6670 3.9479
5330.8931 3.9604
5332.1221 3.9418
5333.3491 3.9125
5334.5757 3.8876
5335.8062 3.8659
5337.0337 3.8604
5338.2642 3.8810
5339.4922 3.9120
5340.7236 3.9366
5341.9521 3.9476
5343.1812 3.9466
5344.4131 3.9398
5345.6426 3.9310
5346.8755 3.9284
5348.1055 3.9344
5349.3389 3.9458
5350.5693 3.9591
5351.8003 3.9699
5353.0342 3.9760
5354.2656 3.9789
5355.5005 3.9790
5356.7324 3.9727
5357.9678 3.9521
5359.2002 3.9125
5360.4331 3.8715
5361.6694 3.8495
5362.9028 3.8502
5364.1392 3.8587
5365.3735 3.8533
5366.6108 3.8325
5367.8452 3.8156
5369.0801 3.8218
5370.3184 3.8529
5371.5537 3.8941
5372.7925 3.9259
5374.0283 3.9365
5375.2676 3.9244
5376.5039 3.8982
5377.7441 3.8674
5378.9810 3.8423
5380.2183 3.8372
5381.4590 3.8590
5382.6973 3.8876
5383.9385 3.9071
5385.1768 3.9119
5386.4189 3.9046
5387.6577 3.8918
5388.8975 3.8777
5390.1401 3.8697
5391.3799 3.8607
5392.6230 3.8460
5393.8638 3.8301
5395.1074 3.8206
5396.3486 3.8168
5397.5903 3.8240
5398.8350 3.8220
5400.0767 3.7993
5401.3223 3.7684
5402.5645 3.7547
5403.8105 3.7619
5405.0537 3.7780
5406.2969 3.7901
5407.5439 3.7952
5408.7876 3.7974
5410.0352 3.7986
5411.2798 3.7967
5412.5273 3.7992
5413.7725 3.8076
5415.0181 3.8189
5416.2666 3.8285
5417.5127 3.8309
5418.7617 3.8208
5420.0083 3.7957
5421.2583 3.7755
5422.5054 3.7717
5423.7529 3.7787
5425.0034 3.7844
5426.2515 3.7827
5427.5029 3.7780
5428.7515 3.7762
5430.0034 3.7771
5431.2524 3.7769
5432.5020 3.7788
5433.7549 3.7954
5435.0049 3.8202
5436.2578 3.8392
5437.5088 3.8486
5438.7627 3.8496
5440.0137 3.8340
5441.2651 3.8017
5442.5200 3.7669
5443.7720 3.7490
5445.0273 3.7563
5446.2798 3.7829
5447.5356 3.8143
5448.7891 3.8299
5450.0425 3.8148
5451.2993 3.7830
5452.5532 3.7567
5453.8105 3.7522
5455.0654 3.7724
5456.3232 3.8032
5457.5786 3.8118
5458.8340 3.7933
5460.0928 3.7663
5461.3486 3.7526
5462.6084 3.7548
5463.8647 3.7742
5465.1250 3.7939
5466.3823 3.7988
5467.6396 3.7939
5468.9004 3.7912
5470.1587 3.7814
5471.4199 3.7555
5472.6787 3.7198
5473.9404 3.6929
5475.1997 3.6891
5476.4624 3.7096
5477.7222 3.7394
5478.9824 3.7612
5480.2461 3.7729
5481.5068 3.7736
5482.7705 3.7649
5484.0322 3.7541
5485.2964 3.7506
5486.5586 3.7542
5487.8208 3.7574
5489.0859 3.7591
5490.3491 3.7582
5491.6147 3.7529
5492.8784 3.7452
5494.1450 3.7425
5495.4087 3.7355
5496.6729 3.7270
5497.9404 3.7223
5499.2056 3.7193
5500.4736 3.7097
5501.7388 3.7061
5503.0073 3.7127
5504.2734 3.7140
5505.5396 3.7058
5506.8096 3.7002
5508.0762 3.7073
5509.3462 3.7148
5510.6138 3.7168
5511.8843 3.7210
5513.1523 3.7294
5514.4209 3.7374
5515.6924 3.7429
5516.9614 3.7457
5518.2334 3.7412
5519.5029 3.7327
5520.7759 3.7176
5522.0459 3.6877
5523.3159 3.6449
5524.5898 3.6063
5525.8608 3.5976
5527.1348 3.6213
5528.4062 3.6558
5529.6812 3.6739
5530.9536 3.6727
5532.2256 3.6643
5533.5015 3.6631
5534.7744 3.6786
5536.0508 3.7014
5537.3242 3.7113
5538.6011 3.7030
5539.8755 3.6883
5541.1499 3.6757
5542.4277 3.6721
5543.7026 3.6761
5544.9810 3.6810
5546.2568 3.6855
5547.5356 3.6905
5548.8115 3.6894
5550.0884 3.6819
5551.3682 3.6757
5552.6450 3.6760
5553.9258 3.6754
5555.2031 3.6774
5556.4844 3.6773
5557.7627 3.6700
5559.0410 3.6570
5560.3232 3.6459
5561.6021 3.6438
5562.8848 3.6450
5564.1646 3.6391
5565.4473 3.6310
5566.7280 3.6232
5568.0083 3.6148
5569.2925 3.6110
5570.5737 3.6108
5571.8579 3.6110
5573.1401 3.6181
5574.4253 3.6303
5575.7075 3.6381
5576.9932 3.6383
5578.2764 3.6341
5579.5596 3.6276
5580.8462 3.6188
5582.1299 3.6007
5583.4170 3.5689
5584.7017 3.5397
5585.9893 3.5296
5587.2744 3.5400
5588.5601 3.5583
5589.8486 3.5722
5591.1348 3.5764
5592.4238 3.5729
5593.7104 3.5616
5595.0005 3.5507
5596.2876 3.5428
5597.5747 3.5359
5598.8657 3.5317
5600.1538 3.5422
5601.4448 3.5608
5602.7334 3.5872
5604.0254 3.6076
5605.3149 3.6137
5606.6045 3.6112
5607.8970 3.6110
5609.1870 3.6058
5610.4805 3.5850
5611.7715 3.5564
5613.0654 3.5348
5614.3569 3.5331
5615.6484 3.5535
5616.9434 3.5779
5618.2354 3.5825
5619.5308 3.5739
5620.8237 3.5649
5622.1201 3.5613
5623.4131 3.5626
5624.7070 3.5686
5626.0039 3.5786
5627.2983 3.5816
5628.5957 3.5759
5629.8906 3.5692
5631.1890 3.5633
5632.4844 3.5572
5633.7803 3.5514
5635.0791 3.5476
5636.3755 3.5433
5637.6753 3.5368
5638.9722 3.5367
5640.2725 3.5404
5641.5703 3.5510
5642.8682 3.5570
5644.1694 3.5544
5645.4678 3.5509
5646.7695 3.5519
5648.0684 3.5505
5649.3711 3.5435
5650.6704 3.5332
5651.9707 3.5183
5653.2739 3.4950
5654.5742 3.4694
5655.8784 3.4616
5657.1797 3.4581
5658.4839 3.4648
5659.7856 3.4804
5661.0879 3.4916
5662.3931 3.4962
5663.6958 3.5004
5665.0020 3.4990
5666.3052 3.4999
5667.6118 3.5077
5668.9155 3.5154
5670.2197 3.5121
5671.5273 3.5113
5672.8320 3.5119
5674.1401 3.5130
5675.4453 3.5116
5676.7539 3.5032
5678.0601 3.4890
5679.3696 3.4776
5680.6758 3.4662
5681.9829 3.4564
5683.2930 3.4516
5684.6006 3.4536
5685.9111 3.4610
5687.2192 3.4661
5688.5308 3.4731
5689.8394 3.4814
5691.1484 3.4868
5692.4609 3.4875
5693.7705 3.4872
5695.0835 3.4818
5696.3936 3.4733
5697.7070 3.4682
5699.0176 3.4668
5700.3286 3.4653
5701.6431 3.4632
5702.9551 3.4558
5704.2700 3.4384
5705.5825 3.4228
5706.8979 3.4176
5708.2109 3.4216
5709.5239 3.4301
5710.8408 3.4389
5712.1543 3.4534
5713.4717 3.4585
5714.7861 3.4524
5716.1040 3.4495
5717.4189 3.4530
5718.7339 3.4532
5720.0527 3.4542
5721.3687 3.4568
5722.6880 3.4549
5724.0044 3.4464
5725.3242 3.4458
5726.6416 3.4467
5727.9590 3.4436
5729.2798 3.4415
5730.5977 3.4412
5731.9194 3.4405
5733.2378 3.4432
5734.5601 3.4391
5735.8794 3.4341
5737.1987 3.4311
5738.5215 3.4300
5739.8418 3.4310
5741.1655 3.4334
5742.4863 3.4261
5743.8105 3.4211
5745.1318 3.4189
5746.4536 3.4161
5747.7783 3.4104
5749.1006 3.3998
5750.4268 3.3923
5751.7495 3.3935
5753.0757 3.4026
5754.3994 3.4100
5755.7231 3.4068
5757.0503 3.4004
5758.3745 3.3922
5759.7026 3.3824
5761.0273 3.3817
5762.3560 3.3921
5763.6816 3.4029
5765.0078 3.4041
5766.3369 3.4010
5767.6636 3.4004
5768.9937 3.4011
5770.3208 3.3992
5771.6514 3.3938
5772.9790 3.3885
5774.3071 3.3858
5775.6387 3.3832
5776.9673 3.3817
5778.2993 3.3816
5779.6289 3.3800
5780.9614 3.3752
5782.2915 3.3764
5783.6250 3.3786
5784.9556 3.3770
5786.2861 3.3721
5787.6206 3.3669
5788.9521 3.3607
5790.2871 3.3577
5791.6191 3.3585
5792.9546 3.3615
5794.2871 3.3652
5795.6201 3.3683
5796.9565 3.3695
5798.2900 3.3723
5799.6274 3.3742
5800.9614 3.3708
5802.2993 3.3641
5803.6338 3.3603
5804.9692 3.3609
5806.3076 3.3633
5807.6436 3.3643
5808.9824 3.3650
5810.3188 3.3647
5811.6587 3.3605
5812.9956 3.3536
5814.3330 3.3541
5815.6738 3.3607
5817.0117 3.3647
5818.3530 3.3629
5819.6914 3.3596
5821.0337 3.3597
5822.3726 3.3633
5823.7119 3.3668
5825.0552 3.3664
5826.3950 3.3626
5827.7388 3.3599
5829.0791 3.3603
5830.4233 3.3580
5831.7646 3.3535
5833.1064 3.3524
5834.4517 3.3563
5835.7935 3.3602
5837.1396 3.3573
5838.4824 3.3523
5839.8286 3.3512
5841.1719 3.3507
5842.5156 3.3511
5843.8633 3.3542
5845.2075 3.3528
5846.5552 3.3494
5847.9004 3.3386
5849.2490 3.3243
5850.5942 3.3112
5851.9404 3.2980
5853.2896 3.2814
5854.6362 3.2761
5855.9863 3.2746
5857.3335 3.2804
5858.6841 3.2938
5860.0322 3.3052
5861.3799 3.3058
5862.7319 3.3094
5864.0806 3.3186
5865.4326 3.3227
5866.7822 3.3196
5868.1348 3.3179
5869.4849 3.3201
5870.8350 3.3181
5872.1890 3.3114
5873.5400 3.3048
5874.8940 3.3025
5876.2456 3.3020
5877.6006 3.2934
5878.9531 3.2841
5880.3052 3.2800
5881.6611 3.2745
5883.0146 3.2568
5884.3711 3.2214
5885.7246 3.1788
5887.0820 3.1472
5888.4365 3.1458
5889.7939 3.1658
5891.1489 3.1793
5892.5044 3.1678
5893.8633 3.1538
5895.2192 3.1656
5896.5786 3.2015
5897.9351 3.2329
5899.2949 3.2474
5900.6523 3.2532
5902.0098 3.2528
5903.3706 3.2544
5904.7285 3.2517
5906.0903 3.2478
5907.4487 3.2435
5908.8110 3.2361
5910.1704 3.2302
5911.5303 3.2213
5912.8931 3.2251
5914.2534 3.2293
5915.6172 3.2239
5916.9780 3.2197
5918.3428 3.2314
5919.7041 3.2271
5921.0659 3.2161
5922.4312 3.2209
5923.7939 3.2319
5925.1597 3.2245
5926.5229 3.2168
5927.8896 3.2128
5929.2534 3.2094
5930.6172 3.2132
5931.9849 3.2231
5933.3496 3.2291
5934.7178 3.2289
5936.0830 3.2249
5937.4517 3.2064
5938.8179 3.1879
5940.1841 3.1847
5941.5537 3.1914
5942.9204 3.1845
5944.2910 3.1762
5945.6587 3.1703
5947.0298 3.1707
5948.3975 3.1782
5949.7661 3.1877
5951.1382 3.1903
5952.5073 3.1882
5953.8799 3.1815
5955.2495 3.1738
5956.6226 3.1749
5957.9932 3.1879
5959.3638 3.1937
5960.7378 3.1934
5962.1094 3.1913
5963.4839 3.1823
5964.8560 3.1698
5966.2314 3.1660
5967.6040 3.1716
5968.9766 3.1785
5970.3530 3.1776
5971.7266 3.1692
5973.1035 3.1592
5974.4780 3.1539
5975.8555 3.1559
5977.2305 3.1566
5978.6055 3.1525
5979.9839 3.1473
5981.3599 3.1431
5982.7388 3.1388
5984.1152 3.1349
5985.4951 3.1335
5986.8721 3.1316
5988.2495 3.1326
5989.6304 3.1369
5991.0083 3.1404
5992.3896 3.1422
5993.7681 3.1454
5995.1504 3.1439
5996.5298 3.1366
5997.9126 3.1294
5999.2920 3.1282
6000.6724 3.1282
6002.0562 3.1248
6003.4370 3.1224
6004.8213 3.1155
6006.2026 3.1065
6007.5874 3.1065
6008.9697 3.1139
6010.3521 3.1134
6011.7378 3.1057
6013.1211 3.1011
6014.5078 3.1008
6015.8911 3.0976
6017.2783 3.0929
6018.6626 3.0889
6020.0474 3.0843
6021.4355 3.0837
6022.8208 3.0881
6024.2095 3.0928
6025.5957 3.0956
6026.9849 3.1003
6028.3716 3.1004
6029.7583 3.1013
6031.1489 3.1034
6032.5361 3.1024
6033.9272 3.1077
6035.3154 3.1096
6036.7070 3.1046
6038.0957 3.0950
6039.4849 3.0854
6040.8774 3.0800
6042.2671 3.0798
6043.6606 3.0823
6045.0508 3.0871
6046.4448 3.0886
6047.8359 3.0844
6049.2271 3.0778
6050.6221 3.0734
6052.0142 3.0697
6053.4097 3.0714
6054.8022 3.0750
6056.1982 3.0791
6057.5918 3.0850
6058.9854 3.0853
6060.3823 3.0751
6061.7764 3.0637
6063.1743 3.0578
6064.5693 3.0575
6065.9678 3.0611
6067.3633 3.0707
6068.7588 3.0785
6070.1582 3.0727
6071.5547 3.0726
6072.9551 3.0780
6074.3521 3.0664
6075.7529 3.0454
6077.1504 3.0450
6078.5483 3.0446
6079.9502 3.0375
6081.3491 3.0360
6082.7515 3.0497
6084.1504 3.0586
6085.5537 3.0539
6086.9536 3.0515
6088.3540 3.0528
6089.7578 3.0522
6091.1587 3.0479
6092.5635 3.0454
6093.9648 3.0430
6095.3701 3.0433
6096.7725 3.0337
6098.1782 3.0127
6099.5811 2.9981
6100.9844 3.0041
6102.3911 3.0067
6103.7949 3.0124
6105.2026 3.0246
6106.6069 3.0342
6108.0151 3.0316
6109.4204 3.0277
6110.8257 3.0276
6112.2349 3.0256
6113.6411 3.0239
6115.0508 3.0203
6116.4575 3.0092
6117.8682 2.9968
6119.2754 2.9866
6120.6831 2.9806
6122.0947 2.9865
6123.5029 3.0033
6124.9150 3.0179
6126.3242 3.0180
6127.7368 3.0108
6129.1465 3.0020
6130.5566 2.9910
6131.9702 2.9759
6133.3809 2.9568
6134.7954 2.9373
6136.2065 2.9301
6137.6216 2.9318
6139.0337 2.9367
6140.4458 2.9442
6141.8618 2.9537
6143.2749 2.9552
6144.6914 2.9510
6146.1050 2.9504
6147.5220 2.9551
6148.9365 2.9621
6150.3511 2.9654
6151.7690 2.9563
6153.1846 2.9367
6154.6035 2.9213
6156.0190 2.9125
6157.4390 2.9066
6158.8555 2.9040
6160.2720 2.9099
6161.6929 2.9105
6163.1104 2.9245
6164.5312 2.9410
6165.9497 2.9425
6167.3711 2.9324
6168.7900 2.9402
6170.2095 2.9528
6171.6323 2.9472
6173.0518 2.9470
6174.4756 2.9599
6175.8960 2.9655
6177.3198 2.9656
6178.7412 2.9636
6180.1626 2.9544
6181.5874 2.9536
6183.0098 2.9585
6184.4355 2.9494
6185.8579 2.9357
6187.2847 2.9316
6188.7080 2.9284
6190.1318 2.9232
6191.5591 2.9232
6192.9834 2.9334
6194.4116 2.9393
6195.8364 2.9405
6197.2651 2.9448
6198.6909 2.9430
6200.1172 2.9306
6201.5469 2.9191
6202.9731 2.9242
6204.4038 2.9394
6205.8311 2.9424
6207.2622 2.9348
6208.6899 2.9274
6210.1216 2.9229
6211.5503 2.9137
6212.9795 2.9062
6214.4121 2.9013
6215.8418 2.8982
6217.2749 2.8939
6218.7056 2.8878
6220.1392 2.8911
6221.5703 2.9057
6223.0015 2.9080
6224.4365 2.8996
6225.8687 2.8877
6227.3042 2.8745
6228.7368 2.8665
6230.1729 2.8658
6231.6064 2.8735
6233.0400 2.8765
6234.4771 2.8694
6235.9116 2.8600
6237.3496 2.8542
6238.7842 2.8600
6240.2231 2.8625
6241.6587 2.8485
6243.0942 2.8282
6244.5342 2.8228
6245.9707 2.8258
6247.4111 2.8386
6248.8481 2.8529
6250.2891 2.8526
6251.7271 2.8423
6253.1650 2.8427
6254.6069 2.8515
6256.0459 2.8614
6257.4888 2.8658
6258.9282 2.8641
6260.3716 2.8626
6261.8115 2.8668
6263.2520 2.8678
6264.6963 2.8641
6266.1377 2.8584
6267.5825 2.8545
6269.0244 2.8532
6270.4702 2.8528
6271.9126 2.8456
6273.3555 2.7840
6274.8022 2.7226
6276.2456 2.7214
6277.6929 2.7635
6279.1372 2.7873
6280.5850 2.8061
6282.0298 2.8174
6283.4751 2.8205
6284.9238 2.8158
6286.3696 2.8076
6287.8193 2.8030
6289.2661 2.8053
6290.7163 2.8084
6292.1636 2.8049
6293.6108 2.7990
6295.0620 2.7957
6296.5103 2.7932
6297.9624 2.7869
6299.4111 2.7780
6300.8638 2.7900
6302.3135 2.8011
6303.7632 2.8042
6305.2168 2.8142
6306.6675 2.8106
6308.1216 2.8087
6309.5728 2.8142
6311.0278 2.8101
6312.4795 2.7931
6313.9316 2.7809
6315.3877 2.7817
6316.8403 2.7867
6318.2974 2.8021
6319.7510 2.8142
6321.2080 2.8128
6322.6621 2.8055
6324.1201 2.8059
6325.5752 2.8097
6327.0303 2.8136
6328.4893 2.8065
6329.9453 2.7911
6331.4048 2.7838
6332.8613 2.7852
6334.3218 2.7826
6335.7788 2.7841
6337.2363 2.7894
6338.6978 2.7906
6340.1558 2.7816
6341.6182 2.7658
6343.0767 2.7439
6344.5396 2.7373
6345.9990 2.7495
6347.4590 2.7699
6348.9229 2.7860
6350.3833 2.7964
6351.8477 2.7931
6353.3091 2.7878
6354.7739 2.7887
6356.2358 2.7884
6357.6982 2.7768
6359.1641 2.7712
6360.6270 2.7781
6362.0938 2.7847
6363.5576 2.7794
6365.0249 2.7633
6366.4893 2.7483
6367.9536 2.7425
6369.4224 2.7471
6370.8877 2.7592
6372.3564 2.7746
6373.8228 2.7878
6375.2925 2.7935
6376.7588 2.7905
6378.2261 2.7803
6379.6968 2.7715
6381.1646 2.7726
6382.6357 2.7792
6384.1040 2.7783
6385.5762 2.7739
6387.0454 2.7762
6388.5146 2.7728
6389.9878 2.7660
6391.4580 2.7599
6392.9316 2.7547
6394.4023 2.7570
6395.8770 2.7543
6397.3481 2.7461
6398.8198 2.7450
6400.2954 2.7536
6401.7681 2.7590
6403.2441 2.7521
6404.7173 2.7445
6406.1943 2.7356
6407.6680 2.7322
6409.1421 2.7356
6410.6196 2.7382
6412.0947 2.7361
6413.5732 2.7257
6415.0488 2.7186
6416.5278 2.7236
6418.0039 2.7338
6419.4805 2.7389
6420.9609 2.7526
6422.4380 2.7506
6423.9189 2.7524
6425.3970 2.7536
6426.8784 2.7428
6428.3569 2.7240
6429.8359 2.7151
6431.3184 2.7106
6432.7979 2.7114
6434.2812 2.7078
6435.7617 2.7008
6437.2456 2.7045
6438.7266 2.7203
6440.2114 2.7313
6441.6929 2.7311
6443.1748 2.7226
6444.6606 2.7139
6446.1431 2.7116
6447.6294 2.7113
6449.1128 2.7073
6450.6001 2.6863
6452.0840 2.6605
6453.5684 2.6428
6455.0566 2.6370
6456.5415 2.6489
6458.0303 2.6688
6459.5161 2.6735
6461.0054 2.6741
6462.4917 2.6809
6463.9785 2.6848
6465.4692 2.6786
6466.9565 2.6708
6468.4478 2.6681
6469.9360 2.6616
6471.4277 2.6498
6472.9165 2.6491
6474.4058 2.6710
6475.8984 2.6696
6477.3882 2.6644
6478.8818 2.6563
6480.3726 2.6461
6481.8667 2.6486
6483.3579 2.6663
6484.8496 2.6707
6486.3447 2.6514
6487.8369 2.6265
6489.3330 2.6043
6490.8262 2.5777
6492.3228 2.5589
6493.8164 2.5669
6495.3101 2.6009
6496.8081 2.6345
6498.3027 2.6521
6499.8013 2.6596
6501.2964 2.6617
6502.7954 2.6619
6504.2915 2.6560
6505.7876 2.6550
6507.2881 2.6592
6508.7852 2.6512
6510.2861 2.6245
6511.7837 2.5851
6513.2852 2.5629
6514.7837 2.5656
6516.2822 2.5851
6517.7852 2.6075
6519.2842 2.6161
6520.7876 2.6061
6522.2876 2.6046
6523.7920 2.6054
6525.2925 2.6019
6526.7939 2.5996
6528.2988 2.5884
6529.8008 2.5686
6531.3062 2.5619
6532.8091 2.5596
6534.3154 2.5541
6535.8184 2.5506
6537.3223 2.5404
6538.8296 2.5197
6540.3340 2.4865
6541.8423 2.4698
6543.3472 2.4669
6544.8560 2.4435
6546.3613 2.4175
6547.8677 2.3971
6549.3774 2.3619
6550.8843 2.3241
6552.3945 2.2853
6553.9019 2.2235
6555.4136 2.1375
6556.9214 2.0290
6558.4336 1.9315
6559.9424 1.8785
6561.4512 1.8946
6562.9644 1.9825
6564.4741 2.0983
6565.9878 2.1892
6567.4985 2.2509
6569.0127 2.2966
6570.5239 2.3358
6572.0356 2.3746
6573.5513 2.4206
6575.0635 2.4443
6576.5796 2.4510
6578.0923 2.4632
6579.6094 2.4805
6581.1230 2.4823
6582.6372 2.4789
6584.1548 2.4861
6585.6694 2.5030
6587.1885 2.5151
6588.7036 2.5181
6590.2231 2.5214
6591.7393 2.5292
6593.2554 2.5486
6594.7759 2.5564
6596.2930 2.5531
6597.8140 2.5513
6599.3320 2.5554
6600.8535 2.5528
6602.3721 2.5490
6603.8911 2.5524
6605.4141 2.5574
6606.9336 2.5581
6608.4570 2.5578
6609.9771 2.5631
6611.5015 2.5614
6613.0225 2.5565
6614.5439 2.5580
6616.0693 2.5620
6617.5913 2.5583
6619.1172 2.5618
6620.6396 2.5698
6622.1665 2.5684
6623.6899 2.5622
6625.2139 2.5579
6626.7417 2.5536
6628.2661 2.5473
6629.7944 2.5485
6631.3198 2.5546
6632.8486 2.5527
6634.3745 2.5470
6635.9009 2.5537
6637.4312 2.5560
6638.9580 2.5506
6640.4888 2.5506
6642.0166 2.5532
6643.5483 2.5528
6645.0767 2.5510
6646.6055 2.5495
6648.1382 2.5487
6649.6675 2.5454
6651.2007 2.5441
6652.7310 2.5448
6654.2651 2.5427
6655.7959 2.5440
6657.3271 2.5374
6658.8623 2.5287
6660.3940 2.5259
6661.9297 2.5288
6663.4624 2.5322
6664.9990 2.5372
6666.5322 2.5396
6668.0659 2.5380
6669.6035 2.5330
6671.1377 2.5249
6672.6763 2.5161
6674.2114 2.5138
6675.7505 2.5128
6677.2861 2.5125
6678.8257 2.5144
6680.3623 2.5183
6681.8989 2.5216
6683.4399 2.5211
6684.9775 2.5190
6686.5190 2.5228
6688.0571 2.5238
6689.5996 2.5180
6691.1382 2.5150
6692.6777 2.5169
6694.2212 2.5083
6695.7607 2.5012
6697.3052 2.4984
6698.8457 2.4986
6700.3906 2.5028
6701.9316 2.5079
6703.4736 2.5047
6705.0195 2.5007
6706.5620 2.4986
6708.1084 2.4975
6709.6519 2.4958
6711.1987 2.4894
6712.7427 2.4791
6714.2871 2.4681
6715.8354 2.4639
6717.3804 2.4685
6718.9292 2.4759
6720.4751 2.4809
6722.0249 2.4816
6723.5713 2.4813
6725.1177 2.4782
6726.6685 2.4735
6728.2163 2.4715
6729.7676 2.4673
6731.3159 2.4618
6732.8682 2.4688
6734.4170 2.4755
6735.9663 2.4718
6737.5195 2.4629
6739.0693 2.4493
6740.6235 2.4475
6742.1743 2.4463
6743.7290 2.4446
6745.2803 2.4469
6746.8320 2.4522
6748.3877 2.4534
6749.9404 2.4549
6751.4966 2.4442
6753.0498 2.4342
6754.6069 2.4362
6756.1611 2.4434
6757.7153 2.4475
6759.2734 2.4557
6760.8286 2.4501
6762.3877 2.4417
6763.9434 2.4420
6765.5029 2.4442
6767.0596 2.4412
6768.6162 2.4404
6770.1772 2.4376
6771.7344 2.4343
6773.2959 2.4343
6774.8540 2.4368
6776.4165 2.4348
6777.9756 2.4318
6779.5347 2.4311
6781.0981 2.4324
6782.6582 2.4339
6784.2222 2.4348
6785.7827 2.4362
6787.3477 2.4334
6788.9092 2.4336
6790.4707 2.4370
6792.0366 2.4379
6793.5991 2.4334
6795.1655 2.4312
6796.7290 2.4292
6798.2964 2.4270
6799.8604 2.4277
6801.4282 2.4309
6802.9927 2.4306
6804.5581 2.4250
6806.1270 2.4190
6807.6929 2.4193
6809.2627 2.4212
6810.8291 2.4197
6812.3994 2.4176
6813.9668 2.4196
6815.5342 2.4183
6817.1060 2.4143
6818.6743 2.4128
6820.2466 2.4146
6821.8154 2.4128
6823.3887 2.4014
6824.9585 2.3850
6826.5283 2.3907
6828.1025 2.4032
6829.6733 2.4064
6831.2485 2.4068
6832.8198 2.4046
6834.3955 2.4026
6835.9678 2.3993
6837.5405 2.3920
6839.1172 2.3856
6840.6904 2.3885
6842.2681 2.3951
6843.8418 2.3973
6845.4199 2.3967
6846.9946 2.3957
6848.5698 2.3944
6850.1494 2.3894
6851.7251 2.3768
6853.3052 2.3730
6854.8818 2.3776
6856.4624 2.3798
6858.0396 2.3783
6859.6177 2.3818
6861.1992 2.3855
6862.7778 2.3854
6864.3604 2.3840
6865.9395 2.3824
6867.5225 2.3809
6869.1025 2.3803
6870.6826 2.3801
6872.2671 2.3789
6873.8481 2.3780
6875.4331 2.3771
6877.0146 2.3746
6878.6006 2.3702
6880.1831 2.3689
6881.7656 2.3693
6883.3525 2.3657
6884.9360 2.3645
6886.5239 2.3683
6888.1079 2.3696
6889.6963 2.3688
6891.2812 2.3676
6892.8667 2.3666
6894.4561 2.3655
6896.0425 2.3643
6897.6323 2.3633
6899.2192 2.3619
6900.8105 2.3591
6902.3979 2.3551
6903.9858 2.3541
6905.5776 2.3557
6907.1665 2.3537
6908.7593 2.3496
6910.3486 2.3469
6911.9419 2.3446
6913.5322 2.3440
6915.1226 2.3441
6916.7173 2.3416
6918.3081 2.3391
6919.9038 2.3412
6921.4956 2.3410
6923.0918 2.3400
6924.6846 2.3405
6926.2812 2.3400
6927.8745 2.3396
6929.4683 2.3389
6931.0664 2.3390
6932.6606 2.3392
6934.2593 2.3379
6935.8545 2.3357
6937.4541 2.3347
6939.0498 2.3351
6940.6460 2.3306
6942.2466 2.3267
6943.8438 2.3280
6945.4448 2.3301
6947.0430 2.3290
6948.6445 2.3259
6950.2432 2.3253
6951.8423 2.3245
6953.4453 2.3221
6955.0449 2.3218
6956.6489 2.3220
6958.2490 2.3149
6959.8535 2.3108
6961.4546 2.3132
6963.0562 2.3174
6964.6621 2.3181
6966.2642 2.3167
6967.8706 2.3127
6969.4736 2.3100
6971.0806 2.3072
6972.6841 2.3004
6974.2886 2.2909
6975.8965 2.2895
6977.5015 2.2948
6979.1104 2.2999
6980.7158 2.3034
6982.3257 2.3062
6983.9321 2.3072
6985.5386 2.3065
6987.1494 2.3076
6988.7568 2.3108
6990.3687 2.3101
6991.9766 2.3040
6993.5889 2.2981
6995.1978 2.2939
6996.8071 2.2915
6998.4204 2.2866
7000.0303 2.2821
7001.6445 2.2801
7003.2554 2.2802
7004.8701 2.2874
7006.4819 2.2961
7008.0938 2.2950
7009.7095 2.2859
7011.3223 2.2798
7012.9390 2.2828
7014.5522 2.2833
7016.1699 2.2838
7017.7837 2.2842
7019.3984 2.2834
7021.0171 2.2817
7022.6323 2.2815
7024.2515 2.2849
7025.8677 2.2857
7027.4878 2.2783
7029.1045 2.2712
7030.7212 2.2688
7032.3428 2.2657
7033.9604 2.2698
7035.5825 2.2767
7037.2007 2.2791
7038.8237 2.2799
7040.4429 2.2812
7042.0664 2.2777
7043.6865 2.2700
7045.3066 2.2702
7046.9316 2.2741
7048.5527 2.2753
7050.1782 2.2748
7051.7998 2.2764
7053.4263 2.2696
7055.0488 2.2562
7056.6719 2.2480
7058.2988 2.2477
7059.9229 2.2479
7061.5508 2.2417
7063.1753 2.2399
7064.8037 2.2502
7066.4292 2.2534
7068.0547 2.2486
7069.6846 2.2449
7071.3110 2.2456
7072.9419 2.2431
7074.5688 2.2377
7076.2002 2.2424
7077.8281 2.2532
7079.4561 2.2568
7081.0889 2.2473
7082.7178 2.2358
7084.3511 2.2266
7085.9810 2.2289
7087.6147 2.2330
7089.2451 2.2323
7090.8760 2.2341
7092.5112 2.2388
7094.1431 2.2369
7095.7788 2.2313
7097.4111 2.2292
7099.0479 2.2324
7100.6812 2.2354
7102.3145 2.2358
7103.9521 2.2321
7105.5864 2.2206
7107.2251 2.2047
7108.8599 2.1922
7110.4995 2.1868
7112.1353 2.1823
7113.7715 2.1862
7115.4116 2.1957
7117.0483 2.2013
7118.6899 2.2023
7120.3271 2.2082
7121.9692 2.2162
7123.6079 2.2185
7125.2466 2.2146
7126.8896 2.2077
7128.5293 2.2046
7130.1729 2.2101
7131.8130 2.2123
7133.4580 2.2119
7135.0986 2.2121
7136.7402 2.2114
7138.3857 2.2075
7140.0283 2.2030
7141.6748 2.2050
7143.3174 2.1880
7144.9648 2.1751
7146.6084 2.1844
7148.2524 2.2026
7149.9009 2.2023
7151.5459 2.1985
7153.1948 2.1946
7154.8403 2.1966
7156.4902 2.1980
7158.1367 2.1920
7159.7832 2.1778
7161.4346 2.1547
7163.0820 2.1653
7164.7339 2.1833
7166.3818 2.1914
7168.0347 2.1918
7169.6836 2.1914
7171.3369 2.1874
7172.9863 2.1812
7174.6367 2.1826
7176.2910 2.1794
7177.9419 2.1697
7179.5972 2.1719
7181.2490 2.1760
7182.9048 2.1563
7184.5571 2.1519
7186.2100 2.1651
7187.8672 2.1709
7189.5210 2.1578
7191.1787 2.1578
7192.8330 2.1660
7194.4917 2.1707
7196.1465 2.1667
7197.8022 2.1545
7199.4619 2.1448
7201.1182 2.1596
7202.7788 2.1457
7204.4355 2.1376
7206.0972 2.1486
7207.7549 2.1610
7209.4131 2.1566
7211.0757 2.1523
7212.7344 2.1540
7214.3975 2.1540
7216.0571 2.1513
7217.7212 2.1457
7219.3818 2.1361
7221.0425 2.1330
7222.7075 2.1386
7224.3691 2.1430
7226.0352 2.1459
7227.6973 2.1490
7229.3643 2.1485
7231.0273 2.1428
7232.6909 2.1401
7234.3584 2.1392
7236.0229 2.1324
7237.6914 2.1246
7239.3564 2.1274
7241.0259 2.1236
7242.6919 2.1289
7244.3579 2.1350
7246.0283 2.1300
7247.6953 2.1215
7249.3667 2.1273
7251.0342 2.1290
7252.7065 2.1300
7254.3750 2.1323
7256.0439 2.1287
7257.7168 2.1206
7259.3867 2.1211
7261.0605 2.1262
7262.7310 2.1262
7264.4058 2.1258
7266.0771 2.1249
7267.7485 2.1221
7269.4243 2.1187
7271.0967 2.1117
7272.7734 2.1101
7274.4463 2.1139
7276.1240 2.1164
7277.7979 2.1133
7279.4722 2.1075
7281.1509 2.1037
7282.8257 2.1064
7284.5054 2.0825
7286.1812 2.0673
7287.8613 2.0829
7289.5376 2.0933
7291.2148 2.0996
7292.8960 2.1041
7294.5737 2.1010
7296.2559 2.0967
7297.9341 2.0968
7299.6172 2.0979
7301.2964 2.0997
7302.9800 2.0921
7304.6602 2.0825
7306.3408 2.0773
7308.0254 2.0794
7309.7065 2.0866
7311.3921 2.0894
7313.0742 2.0884
7314.7607 2.0850
7316.4434 2.0783
7318.1265 2.0751
7319.8140 2.0803
7321.4980 2.0664
7323.1860 2.0564
7324.8711 2.0664
7326.5601 2.0742
7328.2456 2.0703
7329.9312 2.0743
7331.6216 2.0746
7333.3081 2.0757
7334.9995 2.0737
7336.6865 2.0720
7338.3784 2.0731
7340.0669 2.0731
7341.7554 2.0719
7343.4482 2.0707
7345.1377 2.0698
7346.8315 2.0669
7348.5215 2.0625
7350.2163 2.0599
7351.9067 2.0558
7353.5981 2.0588
7355.2939 2.0626
7356.9858 2.0606
7358.6826 2.0550
7360.3755 2.0543
7362.0728 2.0581
7363.7661 2.0604
7365.4604 2.0607
7367.1587 2.0589
7368.8535 2.0554
7370.5527 2.0518
7372.2485 2.0510
7373.9487 2.0514
7375.6450 2.0501
7377.3418 2.0488
7379.0430 2.0487
7380.7402 2.0449
7382.4424 2.0325
7384.1406 2.0285
7385.8433 2.0314
7387.5425 2.0359
7389.2422 2.0385
7390.9458 2.0384
7392.6465 2.0401
7394.3511 2.0411
7396.0522 2.0380
7397.7573 2.0330
7399.4595 2.0295
7401.1616 2.0266
7402.8682 2.0187
7404.5713 2.0106
7406.2788 2.0064
7407.9824 2.0115
7409.6909 2.0192
7411.3955 2.0153
7413.1006 2.0134
7414.8101 2.0128
7416.5156 2.0144
7418.2261 2.0144
7419.9326 2.0101
7421.6436 2.0064
7423.3506 2.0150
7425.0586 2.0211
7426.7705 2.0183
7428.4795 2.0162
7430.1924 2.0204
7431.9014 2.0232
7433.6152 2.0226
7435.3257 2.0209
7437.0400 2.0175
7438.7510 2.0126
7440.4624 2.0057
7442.1777 1.9974
7443.8901 1.9968
7445.6064 2.0026
7447.3193 2.0040
7449.0366 2.0042
7450.7505 2.0092
7452.4644 2.0149
7454.1831 2.0113
7455.8979 2.0012
7457.6172 1.9963
7459.3325 1.9919
7461.0527 1.9862
7462.7690 1.9887
7464.4858 1.9926
7466.2070 1.9922
7467.9248 1.9982
7469.6470 2.0052
7471.3652 2.0050
7473.0884 1.9996
7474.8076 1.9914
7476.5269 1.9920
7478.2510 1.9945
7479.9712 1.9994
7481.6963 2.0033
7483.4175 1.9978
7485.1431 1.9985
7486.8652 1.9920
7488.5874 1.9822
7490.3145 1.9748
7492.0371 1.9710
7493.7651 1.9698
7495.4888 1.9749
7497.2173 1.9836
7498.9419 1.9872
7500.6670 1.9859
7502.3970 1.9826
7504.1226 1.9768
7505.8530 1.9687
7507.5801 1.9592
7509.3110 1.9607
7511.0386 1.9661
7512.7666 1.9685
7514.4990 1.9733
7516.2275 1.9736
7517.9609 1.9672
7519.6904 1.9579
7521.4243 1.9559
7523.1548 1.9622
7524.8853 1.9655
7526.6206 1.9675
7528.3521 1.9636
7530.0884 1.9617
7531.8203 1.9634
7533.5571 1.9659
7535.2905 1.9674
7537.0239 1.9660
7538.7617 1.9631
7540.4961 1.9623
7542.2349 1.9611
7543.9702 1.9589
7545.7095 1.9593
7547.4453 1.9588
7549.1816 1.9575
7550.9229 1.9490
7552.6597 1.9453
7554.4014 1.9497
7556.1392 1.9470
7557.8818 1.9450
7559.6201 1.9471
7561.3594 1.9483
7563.1030 1.9460
7564.8428 1.9421
7566.5874 1.9408
7568.3281 1.9449
7570.0732 1.9394
7571.8149 1.9380
7573.5610 1.9406
7575.3032 1.9410
7577.0459 1.9390
7578.7930 1.9350
7580.5366 1.9276
7582.2847 1.9257
7584.0288 1.9300
7585.7778 1.9344
7587.5229 1.9340
7589.2686 1.9326
7591.0186 1.9302
7592.7646 1.9288
7594.5156 1.9285
7596.2627 1.9266
7598.0142 1.9216
7599.7622 1.9208
7601.5107 1.9224
7603.2637 1.9231
7605.0127 1.9216
7606.7661 1.9192
7608.5161 1.9185
7610.2710 1.9186
7612.0215 1.9072
7613.7725 1.8965
7615.5283 1.8952
7617.2803 1.9018
7619.0366 1.9089
7620.7896 1.9111
7622.5469 1.9108
7624.3003 1.9099
7626.0542 1.9091
7627.8130 1.9081
7629.5679 1.9071
7631.3271 1.9054
7633.0825 1.9051
7634.8428 1.9031
7636.5991 1.9008
7638.3560 1.9006
7640.1172 1.9011
7641.8750 1.8997
7643.6372 1.8989
7645.3955 1.8982
7647.1587 1.8970
7648.9180 1.8929
7650.6772 1.8838
7652.4419 1.8749
7654.2021 1.8620
7655.9673 1.8601
7657.7285 1.8646
7659.4941 1.8599
7661.2563 1.8489
7663.0186 1.8701
7664.7856 1.8812
7666.5493 1.8820
7668.3169 1.8821
7670.0811 1.8832
7671.8496 1.8814
7673.6147 1.8823
7675.3799 1.8703
7677.1499 1.8670
7678.9160 1.8727
7680.6870 1.8736
7682.4536 1.8675
7684.2251 1.8711
7685.9932 1.8721
7687.7612 1.8712
7689.5342 1.8713
7691.3027 1.8708
7693.0767 1.8643
7694.8462 1.8527
7696.6206 1.8576
7698.3911 1.8667
7700.1621 1.8694
7701.9380 1.8671
7703.7100 1.8659
7705.4863 1.8589
7707.2588 1.8389
7709.0361 1.8397
7710.8096 1.8530
7712.5879 1.8577
7714.3618 1.8560
7716.1367 1.8528
7717.9160 1.8468
7719.6914 1.8439
7721.4717 1.8419
7723.2480 1.8383
7725.0288 1.8378
7726.8062 1.8460
7728.5835 1.8473
7730.3657 1.8460
7732.1440 1.8459
7733.9272 1.8462
7735.7065 1.8440
7737.4902 1.8369
7739.2700 1.8319
7741.0508 1.8308
7742.8354 1.8275
7744.6167 1.8226
7746.4028 1.8265
7748.1851 1.8345
7749.9717 1.8355
7751.7544 1.8352
7753.5376 1.8339
7755.3257 1.8319
7757.1099 1.8341
7758.8984 1.8353
7760.6836 1.8328
7762.4731 1.8291
7764.2588 1.8220
7766.0449 1.8020
7767.8359 1.7638
7769.6226 1.7354
7771.4146 1.7326
7773.2021 1.7582
7774.9946 1.7918
7776.7832 1.8117
7778.5723 1.8154
7780.3662 1.8145
7782.1558 1.8180
7783.9507 1.8180
7785.7412 1.8158
7787.5366 1.8171
7789.3281 1.8202
7791.1201 1.8149
7792.9165 1.8134
7794.7095 1.8126
7796.5068 1.8102
7798.3003 1.8065
7800.0986 1.8038
7801.8931 1.8118
7803.6880 1.8082
7805.4873 1.8059
7807.2832 1.8081
7809.0835 1.8109
7810.8799 1.8129
7812.6812 1.8101
7814.4785 1.8085
7816.2759 1.8071
7818.0786 1.8042
7819.8770 1.8035
7821.6802 1.8088
7823.4795 1.8045
7825.2837 1.7951
7827.0840 1.7945
7828.8843 1.7948
7830.6899 1.7876
7832.4912 1.7822
7834.2974 1.7836
7836.0996 1.7876
7837.9067 1.7944
7839.7100 1.7967
7841.5132 1.7924
7843.3213 1.7918
7845.1260 1.7946
7846.9351 1.7960
7848.7402 1.7938
7850.5498 1.7915
7852.3560 1.7898
7854.1665 1.7847
7855.9736 1.7820
7857.7808 1.7777
7859.5928 1.7723
7861.4009 1.7693
7863.2139 1.7728
7865.0225 1.7821
7866.8364 1.7825
7868.6460 1.7761
7870.4561 1.7717
7872.2710 1.7689
7874.0820 1.7671
7875.8979 1.7696
7877.7100 1.7706
7879.5264 1.7761
7881.3389 1.7712
7883.1519 1.7629
7884.9697 1.7620
7886.7837 1.7624
7888.6025 1.7576
7890.4175 1.7327
7892.2368 1.7198
7894.0522 1.7335
7895.8687 1.7532
7897.6890 1.7501
7899.5059 1.7544
7901.3276 1.7660
7903.1455 1.7569
7904.9678 1.7387
7906.7861 1.7370
7908.6055 1.7506
7910.4292 1.7530
7912.2485 1.7476
7914.0732 1.7458
7915.8940 1.7483
7917.7192 1.7510
7919.5405 1.7540
7921.3628 1.7566
7923.1895 1.7548
7925.0122 1.7382
7926.8394 1.7303
7928.6631 1.7380
7930.4912 1.7324
7932.3159 1.7389
7934.1406 1.7427
7935.9702 1.7347
7937.7959 1.7285
7939.6265 1.7301
7941.4526 1.7258
7943.2842 1.7275
7945.1113 1.7351
7946.9390 1.7351
7948.7720 1.7382
7950.6006 1.7476
7952.4336 1.7426
7954.2632 1.7334
7956.0977 1.7189
7957.9277 1.7007
7959.7583 1.7013
7961.5938 1.7209
7963.4253 1.7222
7965.2617 1.7135
7967.0942 1.7181
7968.9316 1.7197
7970.7646 1.7209
7972.5981 1.7288
7974.4370 1.7320
7976.2715 1.7273
7978.1108 1.7268
7979.9458 1.7209
7981.7861 1.7171
7983.6226 1.7207
7985.4590 1.7195
7987.3003 1.7205
7989.1377 1.7240
7990.9800 1.7155
7992.8184 1.6999
7994.6616 1.6893
7996.5005 1.6887
7998.3447 1.7062
8000.1846 1.7190
8002.0249 1.7015
8003.8706 1.6864
8005.7114 1.6977
8007.5576 1.6996
8009.3999 1.6790
8011.2471 1.6883
8013.0898 1.6984
8014.9331 1.7007
8016.7812 1.6987
8018.6255 1.6846
8020.4746 1.6784
8022.3198 1.6814
8024.1699 1.6771
8026.0156 1.6773
8027.8623 1.6866
8029.7134 1.6826
8031.5605 1.6786
8033.4126 1.6822
8035.2607 1.6910
8037.1138 1.6908
8038.9624 1.6765
8040.8120 1.6638
8042.6660 1.6653
8044.5161 1.6714
8046.3711 1.6746
8048.2222 1.6761
8050.0781 1.6766
8051.9302 1.6733
8053.7827 1.6756
8055.6396 1.6723
8057.4927 1.6721
8059.3511 1.6742
8061.2051 1.6737
8063.0640 1.6719
8064.9189 1.6674
8066.7739 1.6633
8068.6343 1.6650
8070.4902 1.6665
8072.3516 1.6647
8074.2085 1.6658
8076.0703 1.6622
8077.9282 1.6642
8079.7866 1.6555
8081.6499 1.6492
8083.5088 1.6576
8085.3730 1.6623
8087.2329 1.6588
8089.0981 1.6553
8090.9590 1.6540
8092.8203 1.6506
8094.6865 1.6463
8096.5483 1.6506
8098.4155 1.6545
8100.2788 1.6545
8102.1465 1.6537
8104.0103 1.6528
8105.8745 1.6515
8107.7441 1.6506
8109.6089 1.6497
8111.4790 1.6480
8113.3452 1.6473
8115.2163 1.6471
8117.0830 1.6463
8118.9502 1.6455
8120.8228 1.6446
8122.6909 1.6435
8124.5640 1.6428
8126.4326 1.6419
8128.3066 1.6404
8130.1768 1.6392
8132.0513 1.6391
8133.9224 1.6378
8135.7935 1.6361
8137.6694 1.6351
8139.5415 1.6347
8141.4185 1.6341
8143.2915 1.6336
8145.1694 1.6313
8147.0430 1.6298
8148.9175 1.6295
8150.7964 1.6291
8152.6714 1.6279
8154.5513 1.6272
8156.4272 1.6242
8158.3081 1.6215
8160.1851 1.6217
8162.0625 1.6233
8163.9443 1.6224
8165.8228 1.6216
8167.7056 1.6202
8169.5845 1.6193
8171.4683 1.6189
8173.3481 1.6179
8175.2285 1.6155
8177.1138 1.6098
8178.9951 1.5860
8180.8809 1.5871
8182.7632 1.6015
8184.6499 1.6045
8186.5327 1.6090
8188.4160 1.6065
8190.3042 1.5787
8192.1885 1.5797
8194.0771 1.5961
8195.9629 1.5906
8197.8525 1.5778
8199.7383 1.5915
8201.6250 1.6009
8203.5156 1.5995
8205.4033 1.5955
8207.2959 1.5940
8209.1836 1.5895
8211.0762 1.5812
8212.9658 1.5853
8214.8545 1.5794
8216.7490 1.5700
8218.6396 1.5749
8220.5342 1.5884
8222.4258 1.5930
8224.3223 1.5867
8226.2139 1.5742
8228.1064 1.5687
8230.0039 1.5737
8231.8965 1.5767
8233.7949 1.5853
8235.6895 1.5858
8237.5889 1.5815
8239.4834 1.5808
8241.3789 1.5812
8243.2793 1.5682
8245.1758 1.5478
8247.0771 1.5659
8248.9746 1.5726
8250.8770 1.5669
8252.7744 1.5711
8254.6729 1.5751
8256.5771 1.5762
8258.4766 1.5757
8260.3809 1.5751
8262.2812 1.5746
8264.1865 1.5738
8266.0869 1.5728
8267.9893 1.5717
8269.8955 1.5695
8271.7979 1.5690
8273.7051 1.5685
8275.6084 1.5668
8277.5166 1.5667
8279.4209 1.5653
8281.3301 1.5648
8283.2354 1.5629
8285.1416 1.5603
8287.0518 1.5592
8288.9580 1.5587
8290.8691 1.5588
8292.7773 1.5578
8294.6895 1.5587
8296.5977 1.5590
8298.5059 1.5562
8300.4199 1.5533
8302.3291 1.5508
8304.2432 1.5467
8306.1543 1.5454
8308.0693 1.5474
8309.9805 1.5493
8311.8926 1.5489
8313.8086 1.5491
8315.7217 1.5481
8317.6396 1.5457
8319.5527 1.5417
8321.4707 1.5364
8323.3857 1.5318
8325.2998 1.5269
8327.2197 1.5201
8329.1357 1.5109
8331.0566 1.5042
8332.9727 1.5058
8334.8945 1.5154
8336.8115 1.5264
8338.7295 1.5309
8340.6523 1.5305
8342.5713 1.5271
8344.4951 1.5242
8346.4150 1.5263
8348.3398 1.5286
8350.2598 1.5280
8352.1807 1.5255
8354.1074 1.5230
8356.0293 1.5230
8357.9561 1.5257
8359.8789 1.5249
8361.8066 1.5225
8363.7295 1.5226
8365.6543 1.5229
8367.5830 1.5213
8369.5078 1.5209
8371.4375 1.5202
8373.3643 1.5190
8375.2949 1.5175
8377.2217 1.5165
8379.1484 1.5139
8381.0811 1.5065
8383.0088 1.5012
8384.9424 1.5028
8386.8711 1.5053
8388.8047 1.5032
8390.7344 1.4999
8392.6650 1.5046
8394.6006 1.5085
8396.5312 1.5096
8398.4678 1.5062
8400.3994 1.5009
8402.3369 1.4970
8404.2695 1.4931
8406.2031 1.4880
8408.1416 1.4919
8410.0762 1.4915
8412.0156 1.4878
8413.9502 1.4889
8415.8906 1.4935
8417.8271 1.5001
8419.7637 1.5004
8421.7051 1.4979
8423.6426 1.4948
8425.5850 1.4913
8427.5234 1.4890
8429.4668 1.4870
8431.4053 1.4780
8433.3496 1.4707
8435.2900 1.4701
8437.2305 1.4692
8439.1758 1.4552
8441.1172 1.4384
8443.0645 1.4357
8445.0059 1.4468
8446.9541 1.4661
8448.8965 1.4837
8450.8408 1.4882
8452.7891 1.4847
8454.7344 1.4790
8456.6836 1.4710
8458.6289 1.4622
8460.5791 1.4541
8462.5254 1.4473
8464.4727 1.4460
8466.4248 1.4495
8468.3721 1.4592
8470.3252 1.4695
8472.2734 1.4752
8474.2275 1.4786
8476.1768 1.4802
8478.1270 1.4798
8480.0820 1.4807
8482.0322 1.4800
8483.9883 1.4752
8485.9404 1.4704
8487.8975 1.4617
8489.8496 1.4375
8491.8027 1.4022
8493.7607 1.3732
8495.7148 1.3640
8497.6738 1.3730
8499.6289 1.3991
8501.5889 1.4174
8503.5449 1.4291
8505.5010 1.4369
8507.4619 1.4400
8509.4199 1.4423
8511.3818 1.4534
8513.3398 1.4588
8515.3027 1.4615
8517.2617 1.4642
8519.2217 1.4639
8521.1855 1.4593
8523.1465 1.4590
8525.1113 1.4557
8527.0723 1.4506
8529.0391 1.4426
8531.0010 1.4269
8532.9639 1.3948
8534.9316 1.3327
8536.8945 1.2728
8538.8633 1.2460
8540.8281 1.2608
8542.7969 1.3067
8544.7627 1.3596
8546.7285 1.3921
8548.6992 1.4116
8550.6660 1.4195
8552.6377 1.4246
8554.6045 1.4335
8556.5771 1.4402
8558.5459 1.4457
8560.5146 1.4490
8562.4893 1.4510
8564.4590 1.4517
8566.4336 1.4497
8568.4043 1.4446
8570.3799 1.4427
8572.3516 1.4405
8574.3242 1.4402
8576.3008 1.4392
8578.2744 1.4326
8580.2520 1.4217
8582.2256 1.4154
8584.2051 1.4089
8586.1797 1.3997
8588.1602 1.3847
8590.1357 1.3641
8592.1113 1.3446
8594.0928 1.3312
8596.0703 1.3315
8598.0527 1.3448
8600.0303 1.3643
8602.0137 1.3818
8603.9922 1.3924
8605.9717 1.3996
8607.9561 1.4051
8609.9365 1.4100
8611.9219 1.4157
8613.9033 1.4221
8615.8896 1.4268
8617.8711 1.4290
8619.8535 1.4304
8621.8418 1.4324
8623.8252 1.4319
8625.8135 1.4287
8627.7979 1.4285
8629.7881 1.4284
8631.7725 1.4275
8633.7588 1.4258
8635.7500 1.4243
8637.7363 1.4221
8639.7285 1.4160
8641.7158 1.4062
8643.7080 1.4005
8645.6973 1.3939
8647.6855 1.3851
8649.6797 1.3750
8651.6699 1.3569
8653.6650 1.3181
8655.6553 1.2620
8657.6514 1.2141
8659.6436 1.1924
8661.6357 1.2045
8663.6328 1.2463
8665.6260 1.2852
8667.6240 1.3139
8669.6182 1.3363
8671.6172 1.3499
8673.6123 1.3542
8675.6074 1.3576
8677.6084 1.3600
8679.6045 1.3643
8681.6055 1.3713
8683.6025 1.3784
8685.6055 1.3834
8687.6035 1.3877
8689.6025 1.3907
8691.6055 1.3966
8693.6055 1.4020
8695.6104 1.4047
8697.6104 1.4053
8699.6162 1.4045
8701.6172 1.4038
8703.6191 1.4018
8705.6260 1.3993
8707.6289 1.3983
8709.6367 1.3987
8711.6406 1.3979
8713.6494 1.3959
8715.6543 1.3952
8717.6592 1.3924
8719.6699 1.3870
8721.6758 1.3809
8723.6865 1.3745
8725.6934 1.3695
8727.7061 1.3615
8729.7129 1.3540
8731.7217 1.3462
8733.7354 1.3356
8735.7441 1.3237
8737.7588 1.3120
8739.7686 1.2929
8741.7842 1.2654
8743.7949 1.2354
8745.8115 1.2133
8747.8232 1.2088
8749.8359 1.2235
8751.8535 1.2534
8753.8672 1.2822
8755.8857 1.3019
8757.9004 1.3151
8759.9199 1.3264
8761.9346 1.3358
8763.9502 1.3437
8765.9717 1.3480
8767.9883 1.3510
8770.0098 1.3552
8772.0273 1.3587
8774.0498 1.3629
8776.0684 1.3654
8778.0879 1.3688
8780.1113 1.3707
8782.1318 1.3673
8784.1562 1.3615
8786.1777 1.3589
8788.2031 1.3592
8790.2256 1.3626
8792.2471 1.3680
8794.2754 1.3717
8796.2979 1.3693
8798.3262 1.3626
8800.3506 1.3524
8802.3799 1.3445
8804.4053 1.3433
8806.4307 1.3497
8808.4609 1.3585
8810.4873 1.3605
8812.5195 1.3595
8814.5459 1.3552
8816.5791 1.3472
8818.6074 1.3392
8820.6357 1.3378
8822.6699 1.3385
8824.6992 1.3381
8826.7344 1.3361
8828.7646 1.3321
8830.8008 1.3264
8832.8330 1.3212
8834.8643 1.3160
8836.9014 1.3105
8838.9346 1.3041
8840.9727 1.2953
8843.0068 1.2850
8845.0459 1.2766
8847.0811 1.2646
8849.1162 1.2489
8851.1562 1.2298
8853.1924 1.2048
8855.2344 1.1731
8857.2715 1.1429
8859.3145 1.1314
8861.3516 1.1465
8863.3906 1.1749
8865.4346 1.2042
8867.4736 1.2250
8869.5186 1.2330
8871.5596 1.2470
8873.6045 1.2581
8875.6465 1.2633
8877.6885 1.2650
8879.7354 1.2686
8881.7783 1.2785
8883.8262 1.2870
8885.8701 1.2893
8887.9189 1.2874
8889.9639 1.2892
8892.0088 1.2952
8894.0596 1.2951
8896.1055 1.2953
8898.1562 1.2981
8900.2041 1.2992
8902.2559 1.2997
8904.3037 1.2981
8906.3574 1.2839
8908.4062 1.2661
8910.4561 1.2891
8912.5107 1.3012
8914.5605 1.2946
8916.6162 1.2934
8918.6680 1.2922
8920.7246 1.2841
8922.7764 1.2570
8924.8291 1.2648
8926.8867 1.2911
8928.9404 1.2949
8931.0000 1.2942
8933.0547 1.2939
8935.1143 1.2929
8937.1699 1.2914
8939.2256 1.2860
8941.2871 1.2790
8943.3438 1.2809
8945.4062 1.2811
8947.4639 1.2838
8949.5273 1.2844
8951.5859 1.2827
8953.6455 1.2812
8955.7100 1.2791
8957.7705 1.2777
8959.8359 1.2717
8961.8975 1.2648
8963.9639 1.2629
8966.0264 1.2654
8968.0889 1.2639
8970.1572 1.2602
8972.2207 1.2522
8974.2891 1.2495
8976.3535 1.2513
8978.4238 1.2499
8980.4893 1.2450
8982.5557 1.2413
8984.6270 1.2365
8986.6934 1.2309
8988.7656 1.2253
8990.8340 1.2189
8992.9072 1.2087
8994.9756 1.1915
8997.0449 1.1862
8999.1201 1.1806
9001.1904 1.1663
9003.2656 1.1443
9005.3369 1.1169
9007.4131 1.0871
9009.4854 1.0410
9011.5586 1.0336
9013.6357 1.0682
9015.7100 1.1056
9017.7891 1.1280
9019.8633 1.1480
9021.9434 1.1631
9024.0186 1.1738
9026.0947 1.1826
9028.1758 1.1900
9030.2529 1.1932
9032.3350 1.1934
9034.4131 1.2006
9036.4971 1.2075
9038.5752 1.2107
9040.6543 1.2125
9042.7393 1.2142
9044.8193 1.2154
9046.9053 1.2152
9048.9863 1.2177
9051.0732 1.2210
9053.1553 1.2199
9055.2383 1.2028
9057.3262 1.1389
9059.4102 1.1695
9061.4990 1.2146
9063.5840 1.2251
9065.6738 1.2219
9067.7588 1.2212
9069.8506 1.2252
9071.9365 1.2026
9074.0234 1.1821
9076.1162 1.1921
9078.2041 1.2207
9080.2979 1.2208
9082.3867 1.1998
9084.4805 1.1673
9086.5703 1.1898
9088.6611 1.1974
9090.7568 1.1507
9092.8486 1.1889
9094.9453 1.2100
9097.0371 1.2123
9099.1348 1.2107
9101.2285 1.2106
9103.3223 1.2097
9105.4209 1.1982
9107.5156 1.1589
9109.6162 1.1849
9111.7119 1.2062
9113.8125 1.2020
9115.9092 1.2019
9118.0068 1.2010
9120.1094 1.1994
9122.2070 1.1985
9124.3105 1.1995
9126.4102 1.1995
9128.5146 1.1976
9130.6143 1.1985
9132.7148 1.1975
9134.8213 1.1965
9136.9219 1.1957
9139.0293 1.1942
9141.1318 1.1905
9143.2393 1.1856
9145.3428 1.1880
9147.4473 1.1886
9149.5566 1.1865
9151.6611 1.1846
9153.7715 1.1840
9155.8770 1.1828
9157.9883 1.1802
9160.0957 1.1769
9162.2031 1.1761
9164.3154 1.1756
9166.4238 1.1727
9168.5371 1.1693
9170.6465 1.1622
9172.7617 1.1589
9174.8711 1.1599
9176.9824 1.1566
9179.0986 1.1491
9181.2100 1.1534
9183.3271 1.1512
9185.4395 1.1500
9187.5576 1.1477
9189.6719 1.1437
9191.7852 1.1395
9193.9053 1.1340
9196.0205 1.1294
9198.1406 1.1222
9200.2568 1.1160
9202.3789 1.1108
9204.4951 1.1020
9206.6133 1.0847
9208.7363 1.0579
9210.8545 1.0638
9212.9785 1.0525
9215.0977 1.0322
9217.2227 1.0293
9219.3428 1.0037
9221.4639 0.9660
9223.5908 0.9119
9225.7129 0.9082
9227.8398 0.9517
9229.9629 0.9895
9232.0908 1.0047
9234.2148 1.0173
9236.3447 1.0467
9238.4688 1.0522
9240.5947 1.0500
9242.7256 1.0705
9244.8516 1.0816
9246.9834 1.0868
9249.1104 1.0792
9251.2432 1.0745
9253.3721 1.0792
9255.5010 1.0805
9257.6348 1.0653
9259.7646 1.0708
9261.8994 1.0789
9264.0303 1.0965
9266.1670 1.1109
9268.2988 1.1093
9270.4307 1.1111
9272.5684 1.1118
9274.7012 1.1121
9276.8398 1.1123
9278.9746 1.1123
9281.1143 1.1122
9283.2490 1.1118
9285.3848 1.1095
9287.5264 1.1100
9289.6621 1.1100
9291.8047 1.1092
9293.9424 1.1099
9296.0850 1.1105
9298.2236 1.1093
9300.3633 1.1083
9302.5078 1.1079
9304.6475 1.1072
9306.7930 1.1060
9308.9346 1.1064
9311.0811 1.1059
9313.2227 1.0992
9315.3652 1.0984
9317.5137 1.1022
9319.6572 1.1021
9321.8057 1.1009
9323.9502 1.1007
9326.1006 1.1008
9328.2461 1.0997
9330.3916 1.0984
9332.5439 1.0981
9334.6904 1.0972
9336.8428 1.0959
9338.9912 1.0935
9341.1445 1.0936
9343.2939 1.0923
9345.4434 1.0871
9347.5977 1.0867
9349.7480 1.0890
9351.9043 1.0885
9354.0557 1.0868
9356.2129 1.0856
9358.3652 1.0849
9360.5186 1.0852
9362.6768 1.0844
9364.8301 1.0836
9366.9902 1.0808
9369.1445 1.0785
9371.3057 1.0794
9373.4609 1.0789
9375.6172 1.0763
9377.7793 1.0769
9379.9365 1.0733
9382.0996 1.0673
9384.2578 1.0668
9386.4219 1.0684
9388.5820 1.0580
9390.7461 1.0641
9392.9072 1.0689
9395.0674 1.0650
9397.2344 1.0586
9399.3965 1.0413
9401.5635 0.9982
9403.7266 1.0348
9405.8945 1.0563
9408.0586 1.0221
9410.2227 0.9969
9412.3926 1.0382
9414.5586 1.0540
9416.7295 1.0415
9418.8955 1.0424
9421.0674 1.0530
9423.2344 1.0501
9425.4023 1.0448
9427.5762 1.0401
9429.7451 1.0418
9431.9189 1.0280
9434.0889 1.0188
9436.2646 1.0346
9438.4355 1.0369
9440.6064 1.0304
9442.7832 1.0346
9444.9561 1.0386
9447.1338 1.0370
9449.3076 1.0344
9451.4863 1.0331
9453.6602 1.0333
9455.8350 1.0308
9458.0156 1.0278
9460.1914 1.0265
9462.3730 1.0265
9464.5498 1.0262
9466.7324 1.0247
9468.9102 1.0228
9471.0889 1.0213
9473.2725 1.0200
9475.4521 1.0180
9477.6367 1.0152
9479.8174 1.0132
9482.0029 1.0119
9484.1846 1.0102
9486.3662 1.0077
9488.5537 1.0050
9490.7363 1.0020
9492.9258 0.9993
9495.1094 0.9973
9497.2988 0.9946
9499.4834 0.9892
9501.6689 0.9838
9503.8604 0.9843
9506.0459 0.9817
9508.2383 0.9777
9510.4258 0.9737
9512.6191 0.9691
9514.8076 0.9636
9516.9961 0.9580
9519.1904 0.9518
9521.3809 0.9444
9523.5762 0.9358
9525.7666 0.9265
9527.9639 0.9161
9530.1553 0.9028
9532.3477 0.8874
9534.5459 0.8663
9536.7393 0.8389
9538.9385 0.7964
9541.1328 0.7541
9543.3330 0.7669
9545.5283 0.8131
9547.7246 0.8456
9549.9268 0.8672
9552.1230 0.8843
9554.3262 0.8961
9556.5234 0.9058
9558.7275 0.9125
9560.9268 0.9200
9563.1309 0.9236
9565.3311 0.9251
9567.5322 0.9294
9569.7383 0.9340
9571.9395 0.9379
9574.1465 0.9410
9576.3496 0.9431
9578.5576 0.9443
9580.7607 0.9452
9582.9648 0.9463
9585.1748 0.9478
9587.3799 0.9461
9589.5908 0.9457
9591.7969 0.9475
9594.0088 0.9481
9596.2158 0.9420
9598.4238 0.9201
9600.6367 0.9310
9602.8457 0.9438
9605.0596 0.9461
9607.2695 0.9486
9609.4854 0.9463
9611.6953 0.9514
9613.9062 0.9325
9616.1240 0.9145
9618.3359 0.9222
9620.5537 0.9416
9622.7666 0.9346
9624.9863 0.9403
9627.2002 0.9283
9629.4150 0.9253
9631.6357 0.9350
9633.8516 0.9387
9636.0723 0.9393
9638.2891 0.9378
9640.5117 0.9398
9642.7295 0.9308
9644.9482 0.9186
9647.1719 0.9216
9649.3916 0.9312
9651.6172 0.9174
9653.8369 0.8917
9656.0635 0.9057
9658.2842 0.9318
9660.5068 0.9259
9662.7344 0.9287
9664.9570 0.9251
9667.1855 0.9161
9669.4102 0.9157
9671.6396 0.9193
9673.8643 0.9130
9676.0898 0.9037
9678.3213 0.9121
9680.5479 0.9157
9682.7803 0.9135
9685.0078 0.9082
9687.2412 0.9025
9689.4697 0.9045
9691.6982 0.9095
9693.9336 0.9108
9696.1631 0.9107
9698.3994 0.9106
9700.6299 0.9096
9702.8672 0.9091
9705.0996 0.9082
9707.3320 0.9071
9709.5703 0.9062
9711.8047 0.9052
9714.0439 0.9039
9716.2783 0.9025
9718.5186 0.8987
9720.7549 0.8984
9722.9912 0.8986
9725.2334 0.8976
9727.4707 0.8966
9729.7139 0.8942
9731.9521 0.8820
9734.1963 0.8696
9736.4355 0.8753
9738.6807 0.8877
9740.9209 0.8874
9743.1621 0.8849
9745.4082 0.8860
9747.6504 0.8862
9749.8984 0.8856
9752.1416 0.8842
9754.3896 0.8825
9756.6338 0.8807
9758.8789 0.8748
9761.1289 0.8764
9763.3740 0.8775
9765.6260 0.8763
9767.8721 0.8766
9770.1250 0.8754
9772.3721 0.8741
9774.6201 0.8732
9776.8750 0.8716
9779.1240 0.8692
9781.3789 0.8667
9783.6289 0.8648
9785.8848 0.8650
9788.1367 0.8656
9790.3877 0.8633
9792.6455 0.8595
9794.8984 0.8572
9797.1572 0.8571
9799.4111 0.8599
9801.6709 0.8592
9803.9258 0.8572
9806.1807 0.8555
9808.4424 0.8541
9810.6982 0.8540
9812.9609 0.8534
9815.2188 0.8498
9817.4814 0.8475
9819.7402 0.8464
9821.9990 0.8447
9824.2646 0.8447
9826.5244 0.8449
9828.7900 0.8421
9831.0518 0.8409
9833.3184 0.8411
9835.5801 0.8393
9837.8428 0.8373
9840.1113 0.8379
9842.3750 0.8374
9844.6455 0.8355
9846.9102 0.8295
9849.1807 0.8208
9851.4463 0.8206
9853.7129 0.8198
9855.9844 0.8156
9858.2520 0.8194
9860.5254 0.8264
9862.7939 0.8259
9865.0684 0.8246
9867.3379 0.8226
9869.6074 0.8221
9871.8838 0.8216
9874.1543 0.8205
9876.4316 0.8189
9878.7031 0.8165
9880.9814 0.8179
9883.2549 0.8035
9885.5283 0.7862
9887.8076 0.7893
9890.0830 0.8097
9892.3633 0.8079
9894.6387 0.7989
9896.9209 0.8028
9899.1973 0.8056
9901.4746 0.8031
9903.7578 0.8023
9906.0361 0.7995
9908.3203 0.7925
9910.5996 0.7877
9912.8857 0.7920
9915.1660 0.7982
9917.4521 0.7965
9919.7334 0.7942
9922.0156 0.7960
9924.3037 0.7850
9926.5869 0.7747
9928.8760 0.7782
9931.1602 0.7892
9933.4502 0.7868
9935.7354 0.7786
9938.0205 0.7777
9940.3125 0.7810
9942.5996 0.7812
9944.8926 0.7771
9947.1797 0.7753
9949.4736 0.7761
9951.7627 0.7743
9954.0518 0.7720
9956.3477 0.7703
9958.6377 0.7690
9960.9346 0.7692
9963.2256 0.7675
9965.5234 0.7652
9967.8154 0.7640
9970.1094 0.7626
9972.4082 0.7602
9974.7021 0.7587
9977.0020 0.7568
9979.2979 0.7545
9981.5986 0.7525
9983.8945 0.7509
9986.1914 0.7492
9988.4941 0.7454
9990.7920 0.7409
9993.0967 0.7361
9995.3955 0.7363
9997.7002 0.7376
10000.0000 0.7342
10002.3057 0.7321
10004.6016 0.7289
10006.9082 0.7254
10009.2158 0.7219
10011.5244 0.7179
10013.8223 0.7133
10016.1309 0.7089
10018.4404 0.7037
10020.7402 0.6968
10023.0508 0.6908
10025.3623 0.6844
10027.6738 0.6757
10029.9756 0.6669
10032.2881 0.6556
10034.6016 0.6416
10036.9043 0.6235
10039.2188 0.5998
10041.5342 0.5655
10043.8496 0.5213
10046.1543 0.5231
10048.4707 0.5635
10050.7881 0.5970
10053.0947 0.6145
10055.4131 0.6314
10057.7324 0.6420
10060.0508 0.6510
10062.3604 0.6570
10064.6807 0.6626
10067.0010 0.6682
10069.3115 0.6724
10071.6338 0.6751
10073.9561 0.6775
10076.2793 0.6796
10078.5918 0.6806
10080.9160 0.6818
10083.2402 0.6842
10085.5547 0.6851
10087.8799 0.6860
10090.2061 0.6866
10092.5332 0.6868
10094.8496 0.6871
10097.1777 0.6869
10099.5059 0.6856
10101.8232 0.6841
10104.1533 0.6842
10106.4834 0.6818
10108.8135 0.6789
10111.1338 0.6802
10113.4648 0.6836
10115.7969 0.6837
10118.1191 0.6616
10120.4521 0.6609
10122.7861 0.6786
10125.1201 0.6812
10127.4434 0.6803
10129.7793 0.6798
10132.1152 0.6788
10134.4404 0.6781
10136.7773 0.6770
10139.1152 0.6729
10141.4531 0.6670
10143.7803 0.6722
10146.1191 0.6734
10148.4590 0.6715
10150.7881 0.6699
10153.1289 0.6693
10155.4707 0.6697
10157.8125 0.6603
10160.1436 0.6574
10162.4863 0.6627
10164.8301 0.6662
10167.1621 0.6629
10169.5068 0.6620
10171.8525 0.6604
10174.1973 0.6624
10176.5322 0.6547
10178.8789 0.6445
10181.2266 0.6486
10183.5742 0.6556
10185.9111 0.6541
10188.2607 0.6523
10190.6094 0.6518
10192.9482 0.6510
10195.2988 0.6494
10197.6504 0.6477
10200.0020 0.6471
10202.3428 0.6454
10204.6953 0.6442
10207.0479 0.6440
10209.3906 0.6412
10211.7451 0.6327
10214.0996 0.6372
10216.4551 0.6392
10218.7998 0.6381
10221.1562 0.6369
10223.5137 0.6356
10225.8594 0.6344
10228.2178 0.6338
10230.5762 0.6319
10232.9355 0.6290
10235.2842 0.6279
10237.6436 0.6288
10240.0049 0.6268
10242.3545 0.6257
10244.7168 0.6250
10247.0791 0.6240
10249.4424 0.6225
10251.7939 0.6212
10254.1582 0.6201
10256.5234 0.6189
10258.8770 0.6176
10261.2422 0.6164
10263.6084 0.6153
10265.9756 0.6139
10268.3311 0.6119
10270.6992 0.6099
10273.0674 0.6100
10275.4258 0.6092
10277.7949 0.6078
10280.1650 0.6064
10282.5352 0.6007
10284.8955 0.5951
10287.2666 0.6004
10289.6396 0.6027
10292.0010 0.5996
10294.3740 0.5987
10296.7480 0.5962
10299.1221 0.5958
10301.4863 0.5952
10303.8613 0.5936
10306.2373 0.5907
10308.6025 0.5881
10310.9795 0.5897
10313.3574 0.5889
10315.7363 0.5874
10318.1035 0.5862
10320.4824 0.5850
10322.8623 0.5834
10325.2314 0.5812
10327.6123 0.5787
10329.9941 0.5791
10332.3760 0.5791
10334.7471 0.5772
10337.1309 0.5730
10339.5146 0.5664
10341.8877 0.5711
10344.2725 0.5719
10346.6572 0.5704
10349.0430 0.5696
10351.4189 0.5682
10353.8057 0.5671
10356.1934 0.5663
10358.5693 0.5630
10360.9580 0.5628
10363.3477 0.5594
10365.7373 0.5476
10368.1162 0.5475
