3573.5520 217.2720
3574.3740 217.8599
3575.1963 218.3487
3576.0208 218.9458
3576.8435 219.7600
3577.6682 220.5031
3578.4915 220.5975
3579.3167 220.1567
3580.1399 219.5893
3580.9636 219.0915
3581.7893 218.2964
3582.6133 216.3097
3583.4395 213.0500
3584.2639 209.7867
3585.0903 207.7623
3585.9150 207.5222
3586.7400 208.7316
3587.5671 210.4913
3588.3923 212.3046
3589.2200 214.1822
3590.0457 216.0451
3590.8735 217.6255
3591.6995 218.6388
3592.5259 219.1780
3593.3542 219.6954
3594.1809 220.3564
3595.0098 221.0996
3595.8367 221.8075
3596.6660 222.3316
3597.4934 222.3887
3598.3208 221.8769
3599.1506 220.8736
3599.9788 219.4069
3600.8088 217.5800
3601.6372 215.7518
3602.4678 214.5117
3603.2964 214.0818
3604.1252 214.3685
3604.9565 215.1629
3605.7859 216.0949
3606.6172 216.5706
3607.4470 216.0369
3608.2788 214.8678
3609.1089 213.7941
3609.9392 213.1372
3610.7717 212.7775
3611.6023 212.4751
3612.4351 212.4887
3613.2661 213.5282
3614.0994 215.2361
3614.9307 216.5475
3615.7625 216.5011
3616.5962 214.9398
3617.4282 212.9899
3618.2625 212.0975
3619.0947 212.5158
3619.9292 213.7097
3620.7620 215.0100
3621.5969 216.0029
3622.4302 216.6949
3623.2634 217.5318
3624.0989 218.9377
3624.9326 220.8318
3625.7686 222.6238
3626.6028 223.3385
3627.4390 222.0515
3628.2734 218.6948
3629.1082 214.3183
3629.9451 210.4724
3630.7800 208.5315
3631.6174 209.1082
3632.4529 211.4417
3633.2903 214.1653
3634.1262 216.5555
3634.9622 218.2708
3635.8005 219.2039
3636.6370 219.4865
3637.4756 219.4583
3638.3123 219.1136
3639.1514 218.1634
3639.9885 216.6330
3640.8259 214.8980
3641.6653 213.5020
3642.5032 212.7852
3643.3430 212.7510
3644.1812 213.2453
3645.0215 213.9629
3645.8601 214.5575
3646.6990 214.7672
3647.5398 214.5535
3648.3789 214.0060
3649.2202 213.6536
3650.0596 214.0091
3650.9014 215.1972
3651.7412 216.8346
3652.5813 218.3311
3653.4236 219.3735
3654.2642 220.0053
3655.1067 220.3623
3655.9475 220.4922
3656.7908 220.3156
3657.6318 219.7580
3658.4734 218.8879
3659.3169 217.9632
3660.1587 217.3151
3661.0029 217.1187
3661.8450 217.2869
3662.6895 217.6113
3663.5320 217.8793
3664.3748 217.9531
3665.2197 217.9382
3666.0630 217.9537
3666.9084 217.8870
3667.7520 217.4511
3668.5977 217.1628
3669.4417 217.4378
3670.2859 218.1542
3671.1321 218.8575
3671.9768 219.0649
3672.8235 218.6002
3673.6685 217.4880
3674.5156 215.8046
3675.3608 213.7792
3676.2063 211.7583
3677.0542 210.2165
3677.8999 209.7308
3678.7480 210.3060
3679.5945 211.3991
3680.4429 212.4001
3681.2896 212.7485
3682.1365 212.0510
3682.9856 210.4825
3683.8328 208.7622
3684.6824 207.6496
3685.5300 207.7660
3686.3799 209.2920
3687.2278 211.6640
3688.0781 213.6139
3688.9265 214.3402
3689.7751 214.3611
3690.6260 214.6301
3691.4751 215.7226
3692.3264 217.2913
3693.1758 217.9574
3694.0273 216.7179
3694.8772 214.4529
3695.7273 212.8984
3696.5793 213.5418
3697.4299 216.7745
3698.2825 221.1447
3699.1333 223.8601
3699.9863 223.1569
3700.8374 218.9777
3701.6887 212.7071
3702.5425 206.6943
3703.3943 203.1267
3704.2483 203.1247
3705.1003 206.4820
3705.9548 211.5721
3706.8074 215.9157
3707.6599 217.0092
3708.5149 213.9909
3709.3682 208.7048
3710.2234 204.2372
3711.0771 203.1763
3711.9329 206.6430
3712.7866 213.9038
3713.6409 222.8314
3714.4973 231.1729
3715.3518 237.1136
3716.2085 239.2700
3717.0635 236.7130
3717.9204 229.2707
3718.7759 218.3256
3719.6313 207.1749
3720.4890 199.6351
3721.3450 198.3851
3722.2031 204.0323
3723.0593 214.5045
3723.9180 225.4270
3724.7747 233.3806
3725.6316 238.2797
3726.4905 241.2512
3727.3479 243.1047
3728.2073 243.4691
3729.0649 240.5640
3729.9250 232.8729
3730.7830 221.2562
3731.6414 208.2759
3732.5017 197.0593
3733.3604 190.5080
3734.2214 190.2969
3735.0803 196.3177
3735.9417 207.0204
3736.8013 220.1756
3737.6609 233.3758
3738.5227 244.2097
3739.3828 250.7756
3740.2451 253.1627
3741.1055 252.5783
3741.9683 249.9201
3742.8291 245.5282
3743.6899 239.4219
3744.5532 231.7165
3745.4148 222.4878
3746.2786 211.9162
3747.1404 201.0517
3748.0044 191.9606
3748.8667 187.5461
3749.7290 190.2679
3750.5938 199.5737
3751.4565 212.8105
3752.3215 227.0324
3753.1848 239.7954
3754.0503 249.3418
3754.9138 254.7082
3755.7798 255.8422
3756.6438 254.1687
3757.5081 251.9101
3758.3745 250.9393
3759.2390 251.9655
3760.1060 254.2958
3760.9709 256.6478
3761.8381 257.8340
3762.7036 257.0407
3763.5693 253.7938
3764.4370 247.9215
3765.3032 239.5986
3766.1714 229.1414
3767.0378 217.2490
3767.9065 205.4492
3768.7732 196.1307
3769.6401 192.1993
3770.5095 195.4394
3771.3770 204.0790
3772.2466 215.1575
3773.1145 226.5182
3773.9844 237.3111
3774.8528 247.7988
3775.7209 258.3946
3776.5918 268.4409
3777.4604 277.2137
3778.3315 284.3817
3779.2009 289.9346
3780.0723 293.9571
3780.9419 296.3976
3781.8118 297.5825
3782.6838 297.2279
3783.5540 294.8276
3784.4265 290.2917
3785.2971 284.3924
3786.1699 278.6478
3787.0410 274.4429
3787.9121 271.7383
3788.7856 269.6045
3789.6572 266.8728
3790.5310 262.4376
3791.4031 255.3475
3792.2773 245.2595
3793.1499 232.9290
3794.0225 219.3151
3794.8972 205.6117
3795.7703 193.8279
3796.6455 187.1237
3797.5190 187.8935
3798.3948 196.0279
3799.2686 209.3149
3800.1426 224.6378
3801.0188 239.0777
3801.8933 251.2506
3802.7700 260.6837
3803.6448 267.1357
3804.5220 271.5092
3805.3972 275.6348
3806.2727 281.4546
3807.1504 289.4240
3808.0261 298.1980
3808.9043 305.0219
3809.7805 307.4110
3810.6589 304.5508
3811.5356 298.1689
3812.4126 291.9800
3813.2917 289.2453
3814.1689 291.1706
3815.0483 296.8000
3815.9260 303.6800
3816.8059 308.4924
3817.6841 308.6066
3818.5623 304.9918
3819.4429 300.5286
3820.3215 296.9522
3821.2024 294.0528
3822.0815 290.0703
3822.9629 283.6930
3823.8423 276.5557
3824.7241 270.3277
3825.6040 265.2137
3826.4841 260.4048
3827.3665 255.0097
3828.2468 248.9771
3829.1296 241.8074
3830.0105 232.3108
3830.8938 220.1657
3831.7751 206.3772
3832.6565 193.2622
3833.5403 183.7166
3834.4224 180.1905
3835.3064 183.2083
3836.1887 191.3691
3837.0735 202.2432
3837.9561 213.5186
3838.8391 224.7371
3839.7244 236.3719
3840.6077 248.0702
3841.4932 259.0334
3842.3770 268.4186
3843.2629 275.8152
3844.1472 282.0090
3845.0315 288.0640
3845.9182 293.9025
3846.8030 298.8027
3847.6899 302.3762
3848.5752 305.3354
3849.4626 309.3540
3850.3481 314.5657
3851.2339 319.5274
3852.1221 322.3799
3853.0083 322.0449
3853.8967 319.2502
3854.7832 316.6864
3855.6721 315.7628
3856.5591 315.8707
3857.4463 316.3721
3858.3359 317.5991
3859.2234 320.6533
3860.1135 325.4626
3861.0015 329.7151
3861.8918 331.9743
3862.7803 332.0934
3863.6687 330.9350
3864.5598 330.0203
3865.4487 330.6030
3866.3401 332.3490
3867.2297 333.9230
3868.1213 333.6490
3869.0112 330.0816
3869.9014 322.9189
3870.7937 314.5081
3871.6841 308.7480
3872.5769 306.9753
3873.4678 307.6389
3874.3611 307.4705
3875.2524 303.2231
3876.1438 294.8596
3877.0376 286.6432
3877.9297 281.5022
3878.8237 279.2806
3879.7161 277.5440
3880.6108 273.1520
3881.5037 265.0491
3882.3965 254.4329
3883.2917 242.0801
3884.1851 228.3060
3885.0808 213.4868
3885.9746 198.8287
3886.8706 187.1886
3887.7649 181.8075
3888.6592 183.9719
3889.5559 192.8015
3890.4507 205.7757
3891.3479 219.4396
3892.2429 231.1479
3893.1406 240.6187
3894.0361 248.6581
3894.9341 255.7692
3895.8301 261.9102
3896.7263 266.7809
3897.6250 270.6196
3898.5215 274.9270
3899.4207 280.3601
3900.3176 286.2100
3901.2170 291.1295
3902.1145 294.0198
3903.0122 295.0581
3903.9121 296.4322
3904.8103 299.8918
3905.7107 305.8943
3906.6094 313.9031
3907.5100 322.6159
3908.4089 330.0237
3909.3081 334.3282
3910.2097 334.8435
3911.1091 332.2219
3912.0110 328.3582
3912.9111 325.7479
3913.8132 325.3189
3914.7136 325.6287
3915.6143 325.6049
3916.5171 325.0591
3917.4182 324.6110
3918.3215 325.3760
3919.2229 327.9299
3920.1267 331.3871
3921.0286 334.7420
3921.9307 337.0522
3922.8350 337.4674
3923.7373 335.3206
3924.6421 330.3766
3925.5452 322.6874
3926.4502 312.4612
3927.3535 299.1542
3928.2571 281.6359
3929.1628 258.7699
3930.0667 230.6534
3930.9731 201.0414
3931.8774 178.1691
3932.7839 170.1143
3933.6887 180.8807
3934.5938 207.3121
3935.5010 238.8996
3936.4062 267.1035
3937.3142 289.2672
3938.2200 305.3354
3939.1279 315.8014
3940.0342 321.0490
3940.9407 321.7592
3941.8494 320.5477
3942.7561 319.9424
3943.6653 320.7306
3944.5725 321.9423
3945.4822 321.6794
3946.3899 319.2790
3947.2979 316.0117
3948.2080 313.0495
3949.1162 310.9440
3950.0269 309.7875
3950.9355 309.4003
3951.8467 309.3130
3952.7559 308.1164
3953.6650 304.8325
3954.5769 299.8724
3955.4866 294.8045
3956.3987 291.4708
3957.3088 289.9614
3958.2214 287.3222
3959.1321 281.7640
3960.0449 273.5646
3960.9561 264.0417
3961.8672 254.1888
3962.7808 243.2962
3963.6924 229.4969
3964.6064 211.9063
3965.5186 191.6112
3966.4329 171.7525
3967.3455 157.2187
3968.2581 152.5666
3969.1731 158.1667
3970.0862 170.9330
3971.0017 187.1126
3971.9153 203.7154
3972.8313 218.9954
3973.7451 232.2978
3974.6592 243.7896
3975.5759 254.1348
3976.4905 263.7325
3977.4075 272.4922
3978.3225 279.8745
3979.2397 285.3138
3980.1553 289.0875
3981.0708 292.1996
3981.9888 295.5148
3982.9050 299.3983
3983.8232 303.5638
3984.7397 307.2682
3985.6587 310.6142
3986.5757 314.2900
3987.4927 318.5233
3988.4121 322.9798
3989.3298 327.2028
3990.2498 331.4334
3991.1677 335.7060
3992.0879 338.6736
3993.0063 338.9614
3993.9250 336.1924
3994.8459 331.6757
3995.7649 328.3304
3996.6863 328.9434
3997.6057 333.1112
3998.5276 338.6108
3999.4475 343.0750
4000.3674 345.1394
4001.2900 344.7630
4002.2104 341.6071
4003.1333 337.0017
4004.0544 333.7285
4004.9775 334.3782
4005.8989 339.4347
4006.8206 346.0580
4007.7446 350.8358
4008.6665 352.7435
4009.5908 352.3992
4010.5132 351.0857
4011.4380 350.0956
4012.3608 350.1458
4013.2839 351.1860
4014.2095 352.6065
4015.1328 354.1878
4016.0588 356.2402
4016.9827 359.0897
4017.9089 361.7497
4018.8333 361.9145
4019.7578 358.2171
4020.6848 352.5992
4021.6096 348.5665
4022.5371 348.0757
4023.4624 349.0025
4024.3901 351.4508
4025.3162 354.2513
4026.2422 355.2163
4027.1704 352.5873
4028.0969 346.6419
4029.0259 340.4669
4029.9526 336.6119
4030.8821 335.7313
4031.8093 337.6296
4032.7390 341.7132
4033.6667 347.1070
4034.5947 352.9599
4035.5251 358.2079
4036.4534 362.0253
4037.3843 363.8461
4038.3130 363.5649
4039.2441 361.9467
4040.1736 360.6003
4041.1030 358.7738
4042.0347 354.7340
4042.9646 348.5980
4043.8970 342.8515
4044.8271 341.2171
4045.7600 344.9030
4046.6907 350.6522
4047.6216 355.2931
4048.5549 357.3540
4049.4863 356.5848
4050.4202 353.3196
4051.3521 348.3676
4052.2861 343.7332
4053.2185 340.7865
4054.1509 339.6488
4055.0857 339.5608
4056.0186 339.8072
4056.9539 341.2315
4057.8872 344.3714
4058.8230 347.2204
4059.7566 347.1452
4060.6907 343.0150
4061.6270 336.8612
4062.5613 333.3582
4063.4983 333.3350
4064.4331 334.6050
4065.3701 335.5498
4066.3054 336.1041
4067.2410 336.9420
4068.1787 336.9686
4069.1147 334.5363
4070.0530 331.0369
4070.9893 328.4612
4071.9280 327.6388
4072.8647 327.2206
4073.8018 324.1196
4074.7412 317.7095
4075.6787 310.8101
4076.6184 306.7206
4077.5562 307.4073
4078.4966 312.1649
4079.4348 317.1003
4080.3733 318.8857
4081.3142 317.1049
4082.2532 312.8763
4083.1943 307.9965
4084.1338 304.3539
4085.0757 302.5943
4086.0154 301.6044
4086.9553 300.2916
4087.8977 297.9047
4088.8381 294.1183
4089.7810 289.0765
4090.7219 283.1502
4091.6653 276.4660
4092.6064 269.2198
4093.5481 261.3689
4094.4919 252.4848
4095.4338 241.9824
4096.3784 229.9722
4097.3208 216.5717
4098.2656 202.1396
4099.2085 188.6057
4100.1514 179.2356
4101.0967 177.5075
4102.0400 184.6982
4102.9863 197.8501
4103.9302 212.6551
4104.8765 226.0779
4105.8208 236.9585
4106.7676 245.7703
4107.7124 253.4267
4108.6572 260.7627
4109.6045 268.0708
4110.5503 275.2544
4111.4980 282.0822
4112.4438 288.3145
4113.3921 293.5981
4114.3384 297.3969
4115.2852 299.5965
4116.2339 300.6581
4117.1807 301.2839
4118.1304 302.1333
4119.0776 303.7975
4120.0273 306.1433
4120.9751 308.4273
4121.9233 310.4431
4122.8740 312.3710
4123.8223 314.0131
4124.7734 314.1574
4125.7222 313.0392
4126.6733 312.0683
4127.6230 311.8257
4128.5723 311.8605
4129.5244 311.4576
4130.4746 311.1267
4131.4268 312.2562
4132.3774 315.6624
4133.3301 320.9515
4134.2812 326.8310
4135.2324 331.9033
4136.1855 336.0198
4137.1372 339.5410
4138.0913 341.8468
4139.0435 341.9272
4139.9976 339.0198
4140.9502 333.4969
4141.9028 328.0725
4142.8579 326.2586
4143.8110 328.2842
4144.7666 332.0470
4145.7202 334.8251
4146.6758 335.0092
4147.6299 333.7231
4148.5840 332.9783
4149.5405 332.9526
4150.4951 332.6856
4151.4526 331.0453
4152.4072 327.7475
4153.3647 324.4402
4154.3203 322.6540
4155.2764 322.8353
4156.2344 324.6664
4157.1904 327.2083
4158.1489 329.1450
4159.1055 329.8770
4160.0649 330.0959
4161.0220 330.5558
4161.9790 331.7950
4162.9390 333.8011
4163.8965 335.6588
4164.8564 335.9654
4165.8149 335.2942
4166.7754 334.6070
4167.7339 333.5161
4168.6929 330.4038
4169.6538 323.8045
4170.6133 315.3418
4171.5752 310.0029
4172.5347 309.9720
4173.4971 313.4788
4174.4570 316.7083
4175.4175 316.7082
4176.3799 314.9710
4177.3408 315.0870
4178.3042 317.6382
4179.2651 321.0752
4180.2290 323.4819
4181.1909 324.0691
4182.1548 323.8832
4183.1172 324.1754
4184.0796 324.3124
4185.0444 323.6210
4186.0068 322.5365
4186.9722 322.7090
4187.9355 325.1779
4188.9014 328.5482
4189.8647 331.8109
4190.8286 334.4701
4191.7949 336.1274
4192.7593 336.1446
4193.7261 333.7036
4194.6909 328.8578
4195.6582 323.2104
4196.6235 318.6298
4197.5889 316.2661
4198.5571 316.0585
4199.5229 317.2303
4200.4912 318.8551
4201.4575 320.1793
4202.4263 321.3936
4203.3931 323.2076
4204.3599 325.8677
4205.3296 328.1792
4206.2969 329.1839
4207.2671 329.0968
4208.2349 328.7817
4209.2051 329.1870
4210.1738 330.5943
4211.1421 331.5544
4212.1133 330.2516
4213.0820 326.7144
4214.0537 322.7929
4215.0229 320.8112
4215.9951 321.8238
4216.9648 324.2705
4217.9351 326.2696
4218.9077 327.1091
4219.8784 326.9011
4220.8516 325.6031
4221.8223 322.3036
4222.7959 315.9471
4223.7676 308.1935
4224.7393 302.5983
4225.7134 302.2745
4226.6855 308.3758
4227.6602 318.7619
4228.6328 327.7267
4229.6079 329.8766
4230.5806 325.7258
4231.5542 319.1107
4232.5298 314.1620
4233.5034 313.0091
4234.4800 314.7787
4235.4541 316.7372
4236.4307 317.5795
4237.4053 317.8748
4238.3799 318.9081
4239.3574 321.2350
4240.3325 323.7845
4241.3105 325.5352
4242.2861 325.5000
4243.2642 323.0414
4244.2407 318.4479
4245.2168 313.6267
4246.1958 311.6219
4247.1729 311.6025
4248.1519 312.0652
4249.1294 312.7630
4250.1094 314.1612
4251.0869 316.2941
4252.0649 318.3976
4253.0454 320.5241
4254.0239 322.6998
4255.0049 324.1248
4255.9834 323.5810
4256.9648 320.4777
4257.9443 316.1579
4258.9263 313.3189
4259.9058 313.6443
4260.8857 317.0167
4261.8687 321.8353
4262.8491 325.8184
4263.8320 327.7328
4264.8130 327.7143
4265.7964 325.9278
4266.7778 322.4152
4267.7593 317.2990
4268.7432 311.2523
4269.7256 306.1182
4270.7100 303.5498
4271.6924 303.7381
4272.6772 306.2219
4273.6606 310.1491
4274.6436 314.3418
4275.6294 317.9323
4276.6128 320.7672
4277.5991 322.0903
4278.5830 321.2937
4279.5698 318.4215
4280.5542 314.4912
4281.5391 311.4047
4282.5264 310.6490
4283.5117 311.4871
4284.4990 311.6855
4285.4849 308.9810
4286.4731 302.7813
4287.4590 295.5048
4288.4453 291.5930
4289.4346 292.9129
4290.4214 297.9768
4291.4106 303.1500
4292.3979 304.9604
4293.3877 304.0279
4294.3755 302.6240
4295.3633 300.5130
4296.3535 296.5340
4297.3423 290.3584
4298.3330 283.4817
4299.3218 278.3616
4300.3135 277.0160
4301.3027 279.5402
4302.2920 284.3784
4303.2842 289.1331
4304.2744 291.3681
4305.2666 289.7293
4306.2573 287.2155
4307.2500 286.9312
4308.2412 289.2739
4309.2319 292.0811
4310.2261 291.9259
4311.2173 286.9271
4312.2114 280.1848
4313.2036 275.9441
4314.1982 276.1237
4315.1904 279.7316
4316.1836 283.4406
4317.1787 284.0084
4318.1719 281.7513
4319.1675 279.1779
4320.1611 277.7256
4321.1572 276.6758
4322.1514 273.6826
4323.1460 267.9079
4324.1426 262.4274
4325.1377 259.5411
4326.1348 259.1726
4327.1299 259.2630
4328.1279 257.2819
4329.1235 253.3229
4330.1196 248.8355
4331.1182 243.8598
4332.1143 237.7882
4333.1133 229.9862
4334.1104 220.0554
4335.1099 207.8671
4336.1069 193.6461
4337.1069 178.9256
4338.1045 166.7375
4339.1025 160.5424
4340.1030 162.5121
4341.1016 171.7256
4342.1025 185.0547
4343.1016 198.9870
4344.1030 211.4461
4345.1025 221.9717
4346.1021 230.9640
4347.1040 237.7559
4348.1040 241.3759
4349.1069 242.5465
4350.1074 243.4025
4351.1104 246.3203
4352.1113 252.4043
4353.1128 260.2295
4354.1167 267.4358
4355.1182 272.6078
4356.1226 275.8471
4357.1245 278.1007
4358.1294 280.2651
4359.1318 282.7278
4360.1348 286.3094
4361.1401 290.4184
4362.1436 293.8731
4363.1494 295.7712
4364.1528 295.8036
4365.1592 293.6314
4366.1636 290.8172
4367.1680 289.3354
4368.1753 289.9640
4369.1802 292.0872
4370.1875 293.8510
4371.1929 292.8535
4372.2007 289.6613
4373.2065 287.3457
4374.2129 288.3654
4375.2212 293.0741
4376.2280 299.3113
4377.2368 304.0837
4378.2441 306.4056
4379.2534 305.4020
4380.2612 300.7051
4381.2686 293.3154
4382.2793 286.1562
4383.2871 282.6085
4384.2979 283.7682
4385.3066 288.3532
4386.3179 293.8224
4387.3267 297.7732
4388.3359 299.4085
4389.3481 300.1077
4390.3579 299.8367
4391.3701 297.5984
4392.3804 293.8364
4393.3936 290.7256
4394.4043 290.8183
4395.4150 293.6380
4396.4287 295.5726
4397.4399 294.8013
4398.4541 292.4411
4399.4658 291.2690
4400.4805 293.1653
4401.4927 295.8750
4402.5054 297.7437
4403.5205 298.9444
4404.5337 299.8804
4405.5493 300.6046
4406.5625 300.8813
4407.5786 300.6254
4408.5928 301.0434
4409.6069 302.3807
4410.6240 303.2821
4411.6387 301.6639
4412.6558 296.3939
4413.6709 289.3759
4414.6885 284.2397
4415.7041 283.7271
4416.7227 288.0573
4417.7388 294.8214
4418.7549 300.0686
4419.7739 302.0733
4420.7905 302.2952
4421.8101 301.9067
4422.8271 301.4561
4423.8472 301.1367
4424.8647 301.0883
4425.8828 301.6807
4426.9033 302.3808
4427.9219 302.9801
4428.9429 303.1159
4429.9619 302.2457
4430.9834 300.0780
4432.0024 297.2220
4433.0220 294.9204
4434.0444 295.0204
4435.0645 298.0510
4436.0874 302.7670
4437.1079 306.4919
4438.1309 306.6115
4439.1519 302.3141
4440.1733 294.9992
4441.1968 287.8711
4442.2188 284.6281
4443.2432 287.2051
4444.2651 292.9507
4445.2900 297.8305
4446.3125 300.0364
4447.3354 299.7757
4448.3613 298.4267
4449.3843 297.4729
4450.4106 296.7444
4451.4341 295.0599
4452.4609 292.0421
4453.4849 288.7771
4454.5098 287.0632
4455.5366 287.9154
4456.5615 289.9975
4457.5894 291.4415
4458.6147 292.1122
4459.6431 292.6354
4460.6689 293.3431
4461.6953 293.8566
4462.7241 294.0132
4463.7505 293.2214
4464.7798 290.9627
4465.8071 287.4556
4466.8369 284.1180
4467.8643 283.3967
4468.8921 286.4326
4469.9229 291.1383
4470.9512 295.6243
4471.9819 298.6829
4473.0107 299.8354
4474.0425 299.5675
4475.0718 299.0977
4476.1011 297.5497
4477.1333 292.9427
4478.1631 285.0513
4479.1958 276.6562
4480.2266 272.9870
4481.2593 276.8911
4482.2905 285.1074
4483.3213 293.0878
4484.3555 297.5739
4485.3872 297.4054
4486.4214 293.8949
4487.4536 289.8943
4488.4883 287.6802
4489.5210 287.9386
4490.5537 289.8737
4491.5889 292.0662
4492.6226 293.5372
4493.6582 294.5228
4494.6919 295.7390
4495.7285 296.9144
4496.7627 297.1005
4497.7998 295.5634
4498.8345 292.9214
4499.8696 291.6762
4500.9072 293.2379
4501.9424 296.8882
4502.9805 300.5262
4504.0166 301.7433
4505.0552 299.5162
4506.0913 296.3614
4507.1279 295.1671
4508.1675 296.2260
4509.2046 298.3071
4510.2446 299.6066
4511.2822 298.6524
4512.3223 295.8638
4513.3604 292.8742
4514.3984 291.1785
4515.4395 291.0128
4516.4785 291.2539
4517.5200 290.2592
4518.5591 288.3194
4519.6011 286.4261
4520.6406 285.1655
4521.6807 284.8285
4522.7236 285.3181
4523.7642 285.8246
4524.8071 284.9267
4525.8481 282.7242
4526.8916 280.8156
4527.9331 280.1888
4528.9746 280.6838
4530.0190 280.9562
4531.0610 278.7955
4532.1060 276.0016
4533.1489 275.8121
4534.1938 279.5612
4535.2373 285.7543
4536.2803 290.6980
4537.3267 291.9571
4538.3701 290.8939
4539.4170 289.2587
4540.4609 288.0789
4541.5083 287.6324
4542.5527 287.6703
4543.5981 287.7959
4544.6455 286.3101
4545.6909 282.1211
4546.7393 276.0522
4547.7852 270.7518
4548.8340 269.4102
4549.8804 272.3199
4550.9272 274.7661
4551.9766 274.2315
4553.0239 271.8046
4554.0737 270.3851
4555.1216 271.9334
4556.1719 275.3903
4557.2197 279.2963
4558.2686 282.7861
4559.3193 285.0145
4560.3682 284.9691
4561.4199 282.2863
4562.4692 279.3640
4563.5215 278.6856
4564.5713 280.6588
4565.6211 283.9707
4566.6743 286.4976
4567.7246 286.4324
4568.7778 283.7599
4569.8291 280.5461
4570.8828 278.8496
4571.9341 279.3880
4572.9888 281.3060
4574.0405 282.6491
4575.0928 282.3465
4576.1479 281.4697
4577.2007 280.2794
4578.2559 278.4671
4579.3091 275.6371
4580.3652 271.7859
4581.4189 268.0197
4582.4731 266.7716
4583.5298 268.4722
4584.5840 271.4238
4585.6411 273.3510
4586.6963 273.3744
4587.7539 272.8122
4588.8091 272.4944
4589.8647 272.9287
4590.9233 274.2387
4591.9795 276.1053
4593.0386 277.8489
4594.0952 279.0630
4595.1543 279.7119
4596.2114 279.8084
4597.2690 279.5468
4598.3291 279.1725
4599.3867 278.8012
4600.4473 278.5993
4601.5059 278.5898
4602.5669 278.6782
4603.6255 278.8495
4604.6846 279.1107
4605.7466 279.4089
4606.8062 279.8020
4607.8687 279.9089
4608.9287 279.5903
4609.9912 278.8897
4611.0518 278.1333
4612.1128 277.7289
4613.1763 276.8688
4614.2373 275.1640
4615.3013 273.0233
4616.3633 271.0945
4617.4277 270.0476
4618.4897 270.4612
4619.5522 272.4228
4620.6177 275.0561
4621.6807 277.1305
4622.7466 277.8296
4623.8096 277.0582
4624.8760 275.4188
4625.9399 273.4341
4627.0044 271.4735
4628.0713 270.6420
4629.1357 271.2469
4630.2031 272.3628
4631.2686 272.4695
4632.3364 271.5027
4633.4023 270.6901
4634.4678 270.6372
4635.5366 271.3074
4636.6030 272.3088
4637.6724 273.2118
4638.7393 274.0075
4639.8091 274.6302
4640.8765 274.8154
4641.9438 274.3407
4643.0142 273.0681
4644.0825 271.0777
4645.1533 269.2011
4646.2222 268.2899
4647.2935 268.6158
4648.3623 269.9684
4649.4316 271.6057
4650.5039 272.3269
4651.5737 271.5244
4652.6465 270.0943
4653.7168 268.6803
4654.7900 268.0079
4655.8608 268.6070
4656.9346 270.1784
4658.0059 271.8784
4659.0771 272.8635
4660.1519 272.5807
4661.2236 271.1362
4662.2983 268.9077
4663.3711 266.0825
4664.4463 263.1079
4665.5195 260.8392
4666.5928 259.7444
4667.6689 260.1650
4668.7427 262.0161
4669.8193 264.4046
4670.8936 266.5800
4671.9707 268.6998
4673.0454 270.3363
4674.1206 270.9060
4675.1982 270.2278
4676.2739 268.8728
4677.3521 267.7021
4678.4282 267.1636
4679.5073 267.6028
4680.5835 268.6381
4681.6602 269.3491
4682.7397 269.1345
4683.8174 268.7660
4684.8975 268.8380
4685.9751 269.1339
4687.0557 269.1451
4688.1338 268.5105
4689.2124 267.4196
4690.2935 266.7694
4691.3726 266.7900
4692.4546 267.0276
4693.5342 267.0923
4694.6162 266.8062
4695.6963 266.1176
4696.7764 265.1773
4697.8594 264.0387
4698.9404 262.3732
4700.0239 260.3279
4701.1050 258.7960
4702.1890 258.8840
4703.2710 260.1336
4704.3530 261.0909
4705.4375 261.0960
4706.5200 260.5566
4707.6055 260.4718
4708.6885 261.5028
4709.7744 262.7711
4710.8579 263.1789
4711.9414 262.6972
4713.0283 262.0942
4714.1123 261.7217
4715.1992 260.9716
4716.2842 261.0616
4717.3716 262.6560
4718.4570 263.9458
4719.5425 264.4622
4720.6309 264.9186
4721.7168 265.3087
4722.8057 265.2779
4723.8921 264.7377
4724.9814 263.5494
4726.0684 261.8461
4727.1553 259.9458
4728.2456 258.1346
4729.3335 256.9002
4730.4238 257.1343
4731.5122 258.4292
4732.6030 259.5390
4733.6919 259.4191
4734.7808 258.3322
4735.8726 257.7263
4736.9624 258.3134
4738.0547 259.6964
4739.1445 260.9914
4740.2373 261.5347
4741.3276 261.4426
4742.4214 261.1347
4743.5122 260.5422
4744.6035 259.7889
4745.6973 259.1868
4746.7891 258.9196
4747.8838 258.7573
4748.9761 258.4217
4750.0713 257.8523
4751.1641 256.9159
4752.2568 255.7522
4753.3525 254.8081
4754.4463 254.5789
4755.5425 255.0960
4756.6367 255.6283
4757.7334 255.4243
4758.8281 254.0684
4759.9229 251.7098
4761.0205 249.2153
4762.1157 247.6273
4763.2139 247.4284
4764.3096 248.3911
4765.4082 249.8597
4766.5044 251.0511
4767.6011 251.3839
4768.7002 250.7368
4769.7974 249.9472
4770.8975 249.7580
4771.9951 250.3532
4773.0952 251.3903
4774.1934 252.1615
4775.2915 251.9287
4776.3926 251.0646
4777.4917 249.9707
4778.5933 248.9843
4779.6924 248.4237
4780.7949 248.5305
4781.8945 249.2225
4782.9946 249.4184
4784.0977 248.9668
4785.1982 248.2957
4786.3018 247.8735
4787.4028 247.8560
4788.5068 248.2170
4789.6084 248.7396
4790.7100 249.4199
4791.8149 250.1060
4792.9170 250.4599
4794.0225 250.1994
4795.1255 249.3714
4796.2310 248.0824
4797.3345 246.8414
4798.4380 246.0835
4799.5444 245.8356
4800.6489 245.5466
4801.7559 244.4957
4802.8604 243.0308
4803.9678 242.0857
4805.0732 242.1569
4806.1782 242.9610
4807.2866 243.6440
4808.3926 243.8540
4809.5015 243.7177
4810.6079 243.5182
4811.7173 243.5214
4812.8242 243.8027
4813.9312 244.1242
4815.0415 244.2531
4816.1489 244.0168
4817.2598 243.5589
4818.3677 242.7391
4819.4790 241.0872
4820.5879 238.3362
4821.6968 235.3878
4822.8086 233.6237
4823.9180 233.5733
4825.0303 234.6340
4826.1401 235.5946
4827.2534 235.5851
4828.3638 234.9595
4829.4771 234.2258
4830.5884 233.4956
4831.6992 232.6285
4832.8135 231.4864
4833.9253 230.1644
4835.0400 228.9340
4836.1523 227.7243
4837.2676 226.4363
4838.3804 225.0920
4839.4937 223.7517
4840.6094 222.3504
4841.7231 220.6841
4842.8394 218.5406
4843.9536 215.8186
4845.0708 212.5381
4846.1851 208.9124
4847.3003 205.4264
4848.4180 202.5691
4849.5332 199.7828
4850.6514 196.0768
4851.7676 191.0410
4852.8862 184.8675
4854.0024 177.8829
4855.1191 170.0453
4856.2388 160.5984
4857.3560 149.6954
4858.4761 139.5019
4859.5938 133.4184
4860.7144 134.0240
4861.8325 141.1066
4862.9512 151.9144
4864.0723 163.0151
4865.1914 172.4253
4866.3135 179.6035
4867.4326 184.6763
4868.5552 187.9428
4869.6753 190.6500
4870.7954 193.6215
4871.9189 197.0274
4873.0396 200.4905
4874.1631 203.4081
4875.2847 205.9111
4876.4087 208.8158
4877.5308 212.1382
4878.6528 215.2461
4879.7778 217.2941
4880.9004 217.8726
4882.0259 217.8541
4883.1489 218.1584
4884.2749 219.0767
4885.3984 220.3012
4886.5225 221.0362
4887.6494 220.5241
4888.7734 219.7150
4889.9009 220.4793
4891.0259 223.1392
4892.1538 226.8498
4893.2793 230.2928
4894.4048 232.3900
4895.5337 232.9301
4896.6597 232.2231
4897.7891 231.1042
4898.9155 230.2323
4900.0454 229.9360
4901.1724 230.3222
4902.2998 231.3701
4903.4307 232.5219
4904.5586 233.4733
4905.6895 233.7292
4906.8179 232.7773
4907.9497 230.8887
4909.0786 229.6924
4910.2080 230.1407
4911.3403 232.0197
4912.4702 234.2110
4913.6030 235.2218
4914.7334 234.0160
4915.8667 230.8798
4916.9976 227.1798
4918.1313 224.5619
4919.2627 223.5307
4920.3945 223.4337
4921.5288 223.5280
4922.6611 224.8322
4923.7964 227.6985
4924.9292 231.3380
4926.0649 234.4694
4927.1978 236.0186
4928.3315 235.7270
4929.4678 233.7918
4930.6021 231.0837
4931.7388 228.8937
4932.8735 228.0046
4934.0107 228.3990
4935.1460 229.3160
4936.2812 229.8632
4937.4194 230.3738
4938.5557 231.5613
4939.6943 233.4898
4940.8306 235.4012
4941.9702 236.2226
4943.1069 235.8562
4944.2441 235.2396
4945.3843 234.9944
4946.5220 235.1697
4947.6626 235.4029
4948.8008 235.2581
4949.9419 234.7843
4951.0806 234.3787
4952.2197 233.5184
4953.3618 231.4238
4954.5010 228.2305
4955.6436 225.8656
4956.7837 226.2241
4957.9268 229.0976
4959.0674 232.6061
4960.2080 234.9136
4961.3521 235.2711
4962.4932 234.4325
4963.6377 233.1775
4964.7793 231.9283
4965.9243 231.1119
4967.0669 230.9669
4968.2095 231.3913
4969.3550 232.0034
4970.4980 232.7763
4971.6445 233.5867
4972.7881 234.1378
4973.9351 234.2669
4975.0791 233.8958
4976.2236 232.8309
4977.3711 230.8507
4978.5161 227.8351
4979.6641 224.2131
4980.8096 220.9930
4981.9585 219.4950
4983.1045 220.6295
4984.2510 223.8056
4985.4004 227.2684
4986.5469 229.3821
4987.6968 229.5970
4988.8442 228.5202
4989.9946 227.4720
4991.1426 227.2988
4992.2910 227.9346
4993.4419 228.9389
4994.5908 229.7225
4995.7427 229.6237
4996.8921 228.1744
4998.0439 225.7856
4999.1938 223.4509
5000.3438 222.0756
5001.4971 221.5880
5002.6475 221.1222
5003.8013 220.1341
5004.9521 219.9695
5006.1064 221.4578
5007.2583 223.4473
5008.4126 224.4629
5009.5649 223.8555
5010.7173 222.3345
5011.8730 220.9648
5013.0259 219.8936
5014.1816 218.3418
5015.3354 216.0035
5016.4917 213.6484
5017.6460 212.9284
5018.8003 214.8140
5019.9575 218.2890
5021.1123 221.6564
5022.2700 223.8385
5023.4258 224.5948
5024.5840 224.3376
5025.7397 223.8632
5026.8960 223.3669
5028.0552 223.1627
5029.2119 223.4609
5030.3716 224.0298
5031.5288 224.1644
5032.6890 223.7922
5033.8472 223.0293
5035.0049 221.9110
5036.1660 220.3964
5037.3247 218.3615
5038.4863 215.9540
5039.6455 214.8964
5040.8076 216.3409
5041.9668 219.7024
5043.1270 223.2592
5044.2900 225.0859
5045.4502 224.3793
5046.6138 222.5006
5047.7749 220.4020
5048.9390 218.8167
5050.1001 218.3077
5051.2622 219.0045
5052.4268 220.2418
5053.5894 221.1169
5054.7544 222.0062
5055.9175 223.2263
5057.0830 224.5353
5058.2466 225.4063
5059.4102 225.5489
5060.5771 224.8232
5061.7412 223.3775
5062.9082 221.7274
5064.0732 220.3912
5065.2407 219.7763
5066.4062 219.9729
5067.5718 220.1232
5068.7402 219.7712
5069.9062 219.1814
5071.0752 218.6242
5072.2417 218.2890
5073.4116 218.4390
5074.5786 218.8186
5075.7461 218.4204
5076.9165 217.2543
5078.0845 215.9787
5079.2554 215.3896
5080.4238 215.9467
5081.5957 217.3851
5082.7646 218.6068
5083.9336 219.2223
5085.1060 219.4292
5086.2759 219.6000
5087.4487 219.9324
5088.6191 220.4731
5089.7925 220.9202
5090.9634 221.1508
5092.1348 221.0366
5093.3091 220.2448
5094.4805 218.3969
5095.6553 216.1193
5096.8276 214.5750
5098.0029 214.3667
5099.1758 215.4518
5100.3516 217.3100
5101.5249 219.1038
5102.6987 219.8881
5103.8750 219.4815
5105.0493 218.5326
5106.2266 217.6299
5107.4014 217.0049
5108.5791 216.7280
5109.7544 217.2435
5110.9297 218.2054
5112.1084 219.0946
5113.2842 219.6937
5114.4634 219.9994
5115.6401 219.9535
5116.8198 219.5987
5117.9966 218.9784
5119.1743 217.9493
5120.3545 216.5420
5121.5327 214.9920
5122.7134 213.6236
5123.8921 212.9965
5125.0737 212.7630
5126.2524 212.5210
5127.4321 212.2659
5128.6143 212.2359
5129.7939 212.4646
5130.9771 212.6151
5132.1572 212.8476
5133.3408 212.9626
5134.5220 212.5311
5135.7031 211.3082
5136.8872 209.7569
5138.0688 209.0309
5139.2539 209.3031
5140.4360 210.3768
5141.6216 211.6100
5142.8042 212.3347
5143.9873 212.5624
5145.1738 212.5320
5146.3574 212.4517
5147.5439 212.5141
5148.7280 212.5959
5149.9155 212.2391
5151.1001 211.1488
5152.2852 210.3949
5153.4731 210.7998
5154.6587 212.1006
5155.8477 213.5296
5157.0337 214.1871
5158.2227 213.4885
5159.4097 212.2024
5160.5962 211.3065
5161.7861 210.2193
5162.9736 207.8176
5164.1646 203.3632
5165.3525 197.6229
5166.5435 194.0984
5167.7319 193.7322
5168.9209 195.2585
5170.1128 197.5235
5171.3022 200.3520
5172.4946 204.2350
5173.6846 208.7803
5174.8779 212.1240
5176.0684 213.5069
5177.2588 213.3458
5178.4526 211.9677
5179.6440 208.5584
5180.8384 203.7939
5182.0303 200.5352
5183.2251 199.8000
5184.4175 200.9387
5185.6104 202.3796
5186.8062 202.6330
5187.9995 202.1860
5189.1958 202.1371
5190.3896 202.4664
5191.5864 202.7868
5192.7808 202.8421
5193.9780 202.6242
5195.1729 202.4095
5196.3682 203.0291
5197.5664 204.4188
5198.7622 205.9200
5199.9609 206.5291
5201.1572 205.3657
5202.3564 203.2299
5203.5532 201.4357
5204.7505 200.4198
5205.9507 200.5073
5207.1484 201.8925
5208.3491 204.0436
5209.5474 206.2784
5210.7485 207.3071
5211.9473 206.8800
5213.1460 205.7169
5214.3481 204.8669
5215.5479 204.9916
5216.7505 206.4489
5217.9507 208.2654
5219.1538 209.4508
5220.3545 209.4684
5221.5557 207.8040
5222.7598 203.7313
5223.9609 198.4214
5225.1655 195.2439
5226.3677 195.4976
5227.5728 198.2865
5228.7754 201.1345
5229.9785 201.3427
5231.1846 199.3770
5232.3877 197.7521
5233.5942 197.8022
5234.7983 199.4849
5236.0054 201.8839
5237.2100 203.8521
5238.4150 204.8414
5239.6230 205.1227
5240.8281 205.2382
5242.0366 205.4791
5243.2427 205.8026
5244.4517 205.9492
5245.6582 205.5845
5246.8652 204.8506
5248.0747 204.2289
5249.2822 203.8774
5250.4927 203.5898
5251.7007 203.2087
5252.9116 202.9857
5254.1201 203.4041
5255.3286 204.1706
5256.5405 204.3939
5257.7500 203.1643
5258.9624 200.3404
5260.1724 196.6434
5261.3853 193.1823
5262.5957 191.0079
5263.8062 190.4017
5265.0200 190.6311
5266.2310 190.4406
5267.4458 190.1885
5268.6572 190.6025
5269.8721 191.9436
5271.0845 193.5374
5272.2974 194.2898
5273.5132 194.0760
5274.7261 194.7516
5275.9424 196.3906
5277.1562 198.0503
5278.3730 198.6302
5279.5874 197.6554
5280.8047 196.0990
5282.0195 195.7670
5283.2349 197.0001
5284.4531 199.2510
5285.6689 201.5768
5286.8877 203.0654
5288.1040 203.4401
5289.3232 203.3008
5290.5400 203.0002
5291.7573 202.5745
5292.9775 201.9451
5294.1953 201.0355
5295.4160 199.9341
5296.6343 199.2566
5297.8555 199.1314
5299.0742 199.1754
5300.2935 199.1892
5301.5156 198.8647
5302.7354 197.5168
5303.9580 196.5726
5305.1782 197.4108
5306.4014 198.6882
5307.6221 199.5204
5308.8433 200.0110
5310.0674 199.8357
5311.2891 198.8075
5312.5137 196.5539
5313.7358 193.9353
5314.9614 192.5032
5316.1841 193.4458
5317.4072 196.2244
5318.6333 198.5371
5319.8569 198.8138
5321.0835 197.2920
5322.3076 194.9934
5323.5347 192.7168
5324.7598 190.5123
5325.9844 189.1347
5327.2129 189.4686
5328.4380 191.3845
5329.6670 194.1575
5330.8931 196.3852
5332.1221 196.2550
5333.3491 194.7079
5334.5757 193.1115
5335.8062 191.6692
5337.0337 190.6940
5338.2642 190.9214
5339.4922 192.5912
5340.7236 194.3755
5341.9521 195.5146
5343.1812 195.8604
5344.4131 195.6361
5345.6426 195.1704
5346.8755 194.7165
5348.1055 194.8009
5349.3389 195.3092
5350.5693 196.0549
5351.8003 196.8152
5353.0342 197.3635
5354.2656 197.6310
5355.5005 197.7549
5356.7324 197.6747
5357.9678 197.0089
5359.2002 195.3437
5360.4331 192.8233
5361.6694 190.6859
5362.9028 190.0035
5364.1392 190.4116
5365.3735 190.6411
5366.6108 189.9395
5367.8452 188.6456
5369.0801 188.0480
5370.3184 189.1032
5371.5537 191.3299
5372.7925 193.6342
5374.0283 195.0790
5375.2676 195.1755
5376.5039 194.0425
5377.7441 192.3190
5378.9810 190.5260
5380.2183 189.4560
5381.4590 189.7881
5382.6973 191.4169
5383.9385 193.0033
5385.1768 193.8178
5386.4189 193.7732
5387.6577 193.1894
5388.8975 192.3783
5390.1401 191.6412
5391.3799 191.2530
5392.6230 190.5715
5393.8638 189.6127
5395.1074 188.8184
5396.3486 188.3915
5397.5903 188.3915
5398.8350 188.8585
5400.0767 188.2235
5401.3223 186.4883
5402.5645 185.0066
5403.8105 184.6936
5405.0537 185.4321
5406.2969 186.4013
5407.5439 186.9157
5408.7876 187.1337
5410.0352 187.2538
5411.2798 187.2562
5412.5273 187.1894
5413.7725 187.4938
5415.0181 188.0956
5416.2666 188.7699
5417.5127 189.2045
5418.7617 189.0838
5420.0083 188.1501
5421.2583 186.5581
5422.5054 185.7696
5423.7529 185.8907
5425.0034 186.3252
5426.2515 186.5162
5427.5029 186.3057
5428.7515 186.0508
5430.0034 186.0618
5431.2524 186.0870
5432.5020 186.0719
5433.7549 186.4824
5435.0049 187.7285
5436.2578 189.1932
5437.5088 190.0446
5438.7627 190.4772
5440.0137 190.1692
5441.2651 188.8381
5442.5200 186.7592
5443.7720 184.9277
5445.0273 184.4862
5446.2798 185.4651
5447.5356 187.2598
5448.7891 188.8692
5450.0425 189.1695
5451.2993 187.6877
5452.5532 185.7668
5453.8105 184.6776
5455.0654 185.0352
5456.3232 186.6002
5457.5786 188.1579
5458.8340 187.9843
5460.0928 186.4375
5461.3486 185.1335
5462.6084 184.6854
5463.8647 185.2426
5465.1250 186.5409
5466.3823 187.4750
5467.6396 187.3578
5468.9004 187.1860
5470.1587 186.9157
5471.4199 185.9942
5472.6787 184.1737
5473.9404 182.0910
5475.1997 180.9764
5476.4624 181.4217
5477.7222 182.9516
5478.9824 184.6145
5480.2461 185.6670
5481.5068 186.1226
5482.7705 185.9036
5484.0322 185.2668
5485.2964 184.7832
5486.5586 184.7598
5487.8208 185.0316
5489.0859 185.1761
5490.3491 185.2429
5491.6147 185.0868
5492.8784 184.6869
5494.1450 184.3310
5495.4087 184.1568
5496.6729 183.6434
5497.9404 183.2104
5499.2056 183.0636
5500.4736 182.6996
5501.7388 182.2051
5503.0073 182.2204
5504.2734 182.6732
5505.5396 182.4378
5506.8096 181.9155
5508.0762 181.9189
5509.3462 182.4225
5510.6138 182.7705
5511.8843 182.8486
5513.1523 183.2497
5514.4209 183.7578
5515.6924 184.1793
5516.9614 184.4548
5518.2334 184.4873
5519.5029 184.0768
5520.7759 183.5164
5522.0459 182.2908
5523.3159 180.1611
5524.5898 177.6115
5525.8608 175.8434
5527.1348 176.1417
5528.4062 178.1115
5529.6812 179.8168
5530.9536 180.4010
5532.2256 180.0857
5533.5015 179.6571
5534.7744 179.9162
5536.0508 181.2176
5537.3242 182.3325
5538.6011 182.4612
5539.8755 181.7508
5541.1499 180.8790
5542.4277 180.2965
5543.7026 180.3402
5544.9810 180.6133
5546.2568 180.8929
5547.5356 181.1780
5548.8115 181.3895
5550.0884 181.1589
5551.3682 180.6457
5552.6450 180.4988
5553.9258 180.4986
5555.2031 180.5141
5556.4844 180.6293
5557.7627 180.4999
5559.0410 179.8814
5560.3232 179.0903
5561.6021 178.6581
5562.8848 178.6626
5564.1646 178.6440
5565.4473 178.1590
5566.7280 177.7249
5568.0083 177.2084
5569.2925 176.8197
5570.5737 176.6965
5571.8579 176.7180
5573.1401 176.8144
5574.4253 177.4555
5575.7075 178.1111
5576.9932 178.3909
5578.2764 178.2835
5579.5596 177.9732
5580.8462 177.5405
5582.1299 176.9180
5583.4170 175.4238
5584.7017 173.5139
5585.9893 172.1563
5587.2744 172.0547
5588.5601 172.9989
5589.8486 174.0512
5591.1348 174.6376
5592.4238 174.7088
5593.7104 174.3095
5595.0005 173.5895
5596.2876 173.0167
5597.5747 172.6136
5598.8657 172.1628
5600.1538 172.2663
5601.4448 173.1188
5602.7334 174.4037
5604.0254 175.9898
5605.3149 176.8532
5606.6045 176.9150
5607.8970 176.8274
5609.1870 176.7558
5610.4805 176.1646
5611.7715 174.6331
5613.0654 172.9772
5614.3569 172.1220
5615.6484 172.6006
5616.9434 174.0294
5618.2354 175.1842
5619.5308 174.9971
5620.8237 174.4097
5622.1201 174.0125
5623.4131 173.9180
5624.7070 174.1080
5626.0039 174.5698
5627.2983 175.1220
5628.5957 175.0135
5629.8906 174.6404
5631.1890 174.2697
5632.4844 173.9234
5633.7803 173.5633
5635.0791 173.2575
5636.3755 173.0815
5637.6753 172.7059
5638.9722 172.4725
5640.2725 172.5690
5641.5703 172.9230
5642.8682 173.5927
5644.1694 173.6834
5645.4678 173.4574
5646.7695 173.3775
5648.0684 173.4250
5649.3711 173.2292
5650.6704 172.7041
5651.9707 172.0489
5653.2739 170.9573
5654.5742 169.4331
5655.8784 168.2536
5657.1797 168.0352
5658.4839 167.9386
5659.7856 168.6903
5661.0879 169.5416
5662.3931 170.0321
5663.6958 170.2734
5665.0020 170.4440
5666.3052 170.3033
5667.6118 170.5448
5668.9155 171.1173
5670.2197 171.2859
5671.5273 171.0816
5672.8320 171.0980
5674.1401 171.1418
5675.4453 171.2088
5676.7539 170.9677
5678.0601 170.3003
5679.3696 169.4897
5680.6758 168.8505
5681.9829 168.1831
5683.2930 167.7040
5684.6006 167.5789
5685.9111 167.8581
5687.2192 168.2804
5688.5308 168.5873
5689.8394 169.0625
5691.1484 169.5292
5692.4609 169.7067
5693.7705 169.7375
5695.0835 169.6227
5696.3936 169.2100
5697.7070 168.7265
5699.0176 168.5632
5700.3286 168.4793
5701.6431 168.3960
5702.9551 168.1823
5704.2700 167.5461
5705.5825 166.4086
5706.8979 165.7314
5708.2109 165.6741
5709.5239 166.0445
5710.8408 166.5708
5712.1543 167.1810
5713.4717 168.0151
5714.7861 167.9064
5716.1040 167.5823
5717.4189 167.5958
5718.7339 167.7740
5720.0527 167.7616
5721.3687 167.8694
5722.6880 168.0166
5724.0044 167.6249
5725.3242 167.3068
5726.6416 167.3559
5727.9590 167.3488
5729.2798 167.1235
5730.5977 167.0918
5731.9194 167.0244
5733.2378 167.1009
5734.5601 167.1500
5735.8794 166.8250
5737.1987 166.5718
5738.5215 166.4479
5739.8418 166.4240
5741.1655 166.5668
5742.4863 166.5275
5743.8105 166.0346
5745.1318 165.8573
5746.4536 165.7269
5747.7783 165.5228
5749.1006 165.0479
5750.4268 164.4453
5751.7495 164.1720
5753.0757 164.4579
5754.3994 165.0999
5755.7231 165.2350
5757.0503 164.9510
5758.3745 164.5282
5759.7026 164.0099
5761.0273 163.5224
5762.3560 163.8220
5763.6816 164.5393
5765.0078 164.9560
5766.3369 164.8874
5767.6636 164.7171
5768.9937 164.7521
5770.3208 164.7634
5771.6514 164.5471
5772.9790 164.2143
5774.3071 163.9561
5775.6387 163.8245
5776.9673 163.6766
5778.2993 163.6429
5779.6289 163.6288
5780.9614 163.4311
5782.2915 163.2506
5783.6250 163.3996
5784.9556 163.4779
5786.2861 163.2630
5787.6206 162.9820
5788.9521 162.6414
5790.2871 162.3281
5791.6191 162.2432
5792.9546 162.3616
5794.2871 162.5632
5795.6201 162.7870
5796.9565 162.9182
5798.2900 163.0136
5799.6274 163.1878
5800.9614 163.2191
5802.2993 162.8712
5803.6338 162.5300
5804.9692 162.4184
5806.3076 162.5151
5807.6436 162.6520
5808.9824 162.6817
5810.3188 162.7355
5811.6587 162.6317
5812.9956 162.2803
5814.3330 161.9997
5815.6738 162.2025
5817.0117 162.6194
5818.3530 162.6927
5819.6914 162.5134
5821.0337 162.3917
5822.3726 162.4900
5823.7119 162.7309
5825.0552 162.8816
5826.3950 162.7420
5827.7388 162.5194
5829.0791 162.4498
5830.4233 162.4421
5831.7646 162.2458
5833.1064 162.0047
5834.4517 162.0838
5835.7935 162.3779
5837.1396 162.4514
5838.4824 162.1997
5839.8286 161.9524
5841.1719 161.9609
5842.5156 161.8974
5843.8633 162.0482
5845.2075 162.1326
5846.5552 161.9953
5847.9004 161.6742
5849.2490 160.8821
5850.5942 160.0577
5851.9404 159.3289
5853.2896 158.4221
5854.6362 157.6376
5855.9863 157.4947
5857.3335 157.5034
5858.6841 158.0937
5860.0322 158.9323
5861.3799 159.3235
5862.7319 159.3518
5864.0806 159.6938
5865.4326 160.2513
5866.7822 160.2427
5868.1348 160.0620
5869.4849 160.0788
5870.8350 160.1566
5872.1890 159.9245
5873.5400 159.4765
5874.8940 159.1708
5876.2456 159.1694
5877.6006 158.9453
5878.9531 158.3718
5880.3052 157.9108
5881.6611 157.7279
5883.0146 157.2175
5884.3711 155.6972
5885.7246 153.3529
5887.0820 150.9769
5888.4365 149.6798
5889.7939 150.2728
5891.1489 151.6023
5892.5044 151.6851
5893.8633 150.7970
5895.2192 150.4349
5896.5786 151.7542
5897.9351 154.0845
5899.2949 155.4575
5900.6523 156.1064
5902.0098 156.2703
5903.3706 156.2593
5904.7285 156.3180
5906.0903 156.0627
5907.4487 155.8832
5908.8110 155.5151
5910.1704 155.1250
5911.5303 154.7148
5912.8931 154.3494
5914.2534 154.7979
5915.6172 154.7797
5916.9780 154.3295
5918.3428 154.5465
5919.7041 155.0324
5921.0659 154.4935
5922.4312 154.0121
5923.7939 154.8047
5925.1597 154.8957
5926.5229 154.4019
5927.8896 154.0255
5929.2534 153.8333
5930.6172 153.7085
5931.9849 154.1879
5933.3496 154.7098
5934.7178 154.9154
5936.0830 154.8158
5937.4517 154.3298
5938.8179 153.0224
5940.1841 152.2447
5941.5537 152.4881
5942.9204 152.5717
5944.2910 152.0545
5945.6587 151.6115
5947.0298 151.3713
5948.3975 151.5854
5949.7661 152.1527
5951.1382 152.5643
5952.5073 152.5943
5953.8799 152.3670
5955.2495 151.9032
5956.6226 151.5410
5957.9932 152.0331
5959.3638 152.6699
5960.7378 152.8542
5962.1094 152.7643
5963.4839 152.5597
5964.8560 151.8105
5966.2314 151.2619
5967.6040 151.2846
5968.9766 151.7003
5970.3530 151.9972
5971.7266 151.7313
5973.1035 151.1396
5974.4780 150.6266
5975.8555 150.5116
5977.2305 150.6534
5978.6055 150.6018
5979.9839 150.2811
5981.3599 150.0158
5982.7388 149.7672
5984.1152 149.5123
5985.4951 149.3347
5986.8721 149.2737
5988.2495 149.1733
5989.6304 149.3555
5991.0083 149.6068
5992.3896 149.7648
5993.7681 149.8959
5995.1504 150.0328
5996.5298 149.7977
5997.9126 149.2850
5999.2920 149.0294
6000.6724 149.0140
6002.0562 148.9542
6003.4370 148.7376
6004.8213 148.5759
6006.2026 147.9951
6007.5874 147.6663
6008.9697 147.9019
6010.3521 148.2393
6011.7378 148.0110
6013.1211 147.5177
6014.5078 147.4394
6015.8911 147.3515
6017.2783 147.1191
6018.6626 146.8481
6020.0474 146.6079
6021.4355 146.3738
6022.8208 146.4994
6024.2095 146.7947
6025.5957 147.0187
6026.9849 147.2145
6028.3716 147.4505
6029.7583 147.3787
6031.1489 147.5580
6032.5361 147.5260
6033.9272 147.6304
6035.3154 147.9281
6036.7070 147.8948
6038.0957 147.4565
6039.4849 146.8472
6040.8774 146.3681
6042.2671 146.1801
6043.6606 146.2481
6045.0508 146.4502
6046.4448 146.7247
6047.8359 146.6645
6049.2271 146.3209
6050.6221 145.9790
6052.0142 145.7411
6053.4097 145.6091
6054.8022 145.8219
6056.1982 146.0052
6057.5918 146.3412
6058.9854 146.5955
6060.3823 146.3819
6061.7764 145.6673
6063.1743 145.0895
6064.5693 144.9055
6065.9678 144.9560
6067.3633 145.3324
6068.7588 145.9155
6070.1582 146.1439
6071.5547 145.6641
6072.9551 146.0665
6074.3521 145.9759
6075.7529 144.9414
6077.1504 144.0481
6078.5483 144.2508
6079.9502 144.0418
6081.3491 143.5709
6082.7515 143.9768
6084.1504 144.7510
6085.5537 144.9837
6086.9536 144.6127
6088.3540 144.6168
6089.7578 144.6945
6091.1587 144.5302
6092.5635 144.3144
6093.9648 144.1773
6095.3701 144.0769
6096.7725 144.0294
6098.1782 143.0596
6099.5811 141.8250
6100.9844 141.5020
6102.3911 141.9073
6103.7949 142.0419
6105.2026 142.5395
6106.6069 143.3572
6108.0151 143.5664
6109.4204 143.3393
6110.8257 143.1824
6112.2349 143.1900
6113.6411 143.0281
6115.0508 142.9730
6116.4575 142.5448
6117.8682 141.8335
6119.2754 141.1337
6120.6831 140.6170
6122.0947 140.4575
6123.5029 141.1656
6124.9150 142.2141
6126.3242 142.7404
6127.7368 142.5279
6129.1465 142.0285
6130.5566 141.4879
6131.9702 140.7463
6133.3809 139.7489
6134.7954 138.5594
6136.2065 137.6314
6137.6216 137.4630
6139.0337 137.6844
6140.4458 138.0029
6141.8618 138.5711
6143.2749 138.9626
6144.6914 138.8936
6146.1050 138.6549
6147.5220 138.7646
6148.9365 139.1325
6150.3511 139.5307
6151.7690 139.4524
6153.1846 138.6396
6154.6035 137.4560
6156.0190 136.7332
6157.4390 136.3120
6158.8555 135.9862
6160.2720 136.0708
6161.6929 136.3546
6163.1104 136.5275
6164.5312 137.6311
6165.9497 138.3415
6167.3711 137.9234
6168.7900 137.7231
6170.2095 138.4066
6171.6323 138.9048
6173.0518 138.3311
6174.4756 138.8678
6175.8960 139.4594
6177.3198 139.6478
6178.7412 139.5936
6180.1626 139.3535
6181.5874 138.8001
6183.0098 139.1447
6184.4355 139.0618
6185.8579 138.3456
6187.2847 137.6960
6188.7080 137.5722
6190.1318 137.3248
6191.5591 137.0230
6192.9834 137.3739
6194.4116 137.9140
6195.8364 138.1398
6197.2651 138.2214
6198.6909 138.4763
6200.1172 138.0571
6201.5469 137.2190
6202.9731 136.9112
6204.4038 137.5179
6205.8311 138.3183
6207.2622 138.1335
6208.6899 137.6266
6210.1216 137.3206
6211.5503 136.9422
6212.9795 136.4018
6214.4121 136.0215
6215.8418 135.7832
6217.2749 135.6182
6218.7056 135.2455
6220.1392 135.0718
6221.5703 135.5487
6223.0015 136.3329
6224.4365 136.0977
6225.8687 135.5219
6227.3042 134.7456
6228.7368 134.0658
6230.1729 133.7524
6231.6064 133.9057
6233.0400 134.4146
6234.4771 134.2855
6235.9116 133.7749
6237.3496 133.2607
6238.7842 133.1656
6240.2231 133.5754
6241.6587 133.4279
6243.0942 132.1875
6244.5342 131.3802
6245.9707 131.2676
6247.4111 131.6758
6248.8481 132.5428
6250.2891 133.2082
6251.7271 132.7135
6253.1650 132.3596
6254.6069 132.6113
6256.0459 133.2049
6257.4888 133.7105
6258.9282 133.8151
6260.3716 133.6281
6261.8115 133.7348
6263.2520 133.9348
6264.6963 133.8917
6266.1377 133.6033
6267.5825 133.2751
6269.0244 133.1252
6270.4702 133.0714
6271.9126 133.0796
6273.3555 131.5865
6274.8022 127.3961
6276.2456 124.7269
6277.6929 126.4272
6279.1372 128.4077
6280.5850 129.6796
6282.0298 130.6409
6283.4751 131.1186
6284.9238 131.1147
6286.3696 130.6906
6287.8193 130.2558
6289.2661 130.1586
6290.7163 130.3601
6292.1636 130.4456
6293.6108 130.1047
6295.0620 129.8172
6296.5103 129.6773
6297.9624 129.4558
6299.4111 128.9910
6300.8638 128.7543
6302.3135 129.8080
6303.7632 130.0217
6305.2168 130.5356
6306.6675 130.8060
6308.1216 130.5324
6309.5728 130.5758
6311.0278 130.8940
6312.4795 130.1855
6313.9316 129.2150
6315.3877 128.8136
6316.8403 129.0105
6318.2974 129.4815
6319.7510 130.5200
6321.2080 130.8888
6322.6621 130.5594
6324.1201 130.2936
6325.5752 130.4348
6327.0303 130.6847
6328.4893 130.7840
6329.9453 129.9963
6331.4048 129.2510
6332.8613 129.0649
6334.3218 129.1188
6335.7788 128.9762
6337.2363 129.2043
6338.6978 129.5032
6340.1558 129.3157
6341.6182 128.6199
6343.0767 127.5197
6344.5396 126.3998
6345.9990 126.4987
6347.4590 127.5538
6348.9229 128.6659
6350.3833 129.5218
6351.8477 129.8522
6353.3091 129.4950
6354.7739 129.2867
6356.2358 129.4881
6357.6982 129.0901
6359.1641 128.4836
6360.6270 128.4301
6362.0938 128.9519
6363.5576 129.1491
6365.0249 128.4786
6366.4893 127.4928
6367.9536 126.8018
6369.4224 126.7031
6370.8877 127.1761
6372.3564 128.0077
6373.8228 128.9264
6375.2925 129.5475
6376.7588 129.6815
6378.2261 129.3199
6379.6968 128.6792
6381.1646 128.3218
6382.6357 128.6704
6384.1040 128.8742
6385.5762 128.6971
6387.0454 128.5521
6388.5146 128.6820
6389.9878 128.3089
6391.4580 127.9546
6392.9316 127.5524
6394.4023 127.4480
6395.8770 127.5446
6397.3481 127.2402
6398.8198 126.7789
6400.2954 127.0509
6401.7681 127.5725
6403.2441 127.5863
6404.7173 127.0932
6406.1943 126.6422
6407.6680 126.1502
6409.1421 126.1831
6410.6196 126.3927
6412.0947 126.4609
6413.5732 126.1541
6415.0488 125.5105
6416.5278 125.3219
6418.0039 125.9242
6419.4805 126.2821
6420.9609 126.8375
6422.4380 127.4102
6423.9189 127.1689
6425.3970 127.4263
6426.8784 127.2463
6428.3569 126.2850
6429.8359 125.3801
6431.3184 124.9958
6432.7979 124.8414
6434.2812 124.9126
6435.7617 124.4741
6437.2456 124.2799
6438.7266 124.8356
6440.2114 125.7617
6441.6929 126.1863
6443.1748 125.9277
6444.6606 125.3337
6446.1431 124.9930
6447.6294 124.9346
6449.1128 124.8787
6450.6001 124.3508
6452.0840 122.7980
6453.5684 121.4454
6455.0566 120.6272
6456.5415 120.7125
6458.0303 121.6862
6459.5161 122.7014
6461.0054 122.6469
6462.4917 122.9009
6463.9785 123.3048
6465.4692 123.2915
6466.9565 122.8280
6468.4478 122.4459
6469.9360 122.3354
6471.4277 121.7081
6472.9165 121.1318
6474.4058 121.7490
6475.8984 122.7483
6477.3882 122.3311
6478.8818 122.0760
6480.3726 121.4066
6481.8667 121.0509
6483.3579 121.6425
6484.8496 122.5536
6486.3447 122.3074
6487.8369 120.7904
6489.3330 119.4986
6490.8262 118.0184
6492.3228 116.5357
6493.8164 115.9497
6495.3101 117.0735
6496.8081 119.3839
6498.3027 120.9493
6499.8013 121.7234
6501.2964 122.0183
6502.7954 122.0855
6504.2915 121.9996
6505.7876 121.6113
6507.2881 121.8428
6508.7852 121.8652
6510.2861 120.9593
6511.7837 119.0177
6513.2852 116.8317
6514.7837 116.1460
6516.2822 116.8028
6517.7852 118.1431
6519.2842 119.2053
6520.7876 119.2773
6522.2876 118.6413
6523.7920 118.8127
6525.2925 118.6632
6526.7939 118.5533
6528.2988 118.2388
6529.8008 117.3525
6531.3062 116.3014
6532.8091 116.2171
6534.3154 115.9179
6535.8184 115.6976
6537.3223 115.3700
6538.8296 114.5423
6540.3340 113.0349
6541.8423 111.0990
6543.3472 110.8767
6544.8560 110.1243
6546.3613 108.6089
6547.8677 107.1812
6549.3774 105.8237
6550.8843 103.4321
6552.3945 101.4137
6553.9019 98.6022
6555.4136 94.3841
6556.9214 88.7269
6558.4336 82.2715
6559.9424 77.2868
6561.4512 75.6152
6562.9644 78.5087
6564.4741 84.6371
6565.9878 91.1976
6567.4985 95.8490
6569.0127 98.9916
6570.5239 101.5218
6572.0356 103.7459
6573.5513 106.2862
6575.0635 108.6571
6576.5796 109.5657
6578.0923 109.8662
6579.6094 110.9657
6581.1230 111.5814
6582.6372 111.4934
6584.1548 111.4548
6585.6694 112.1484
6587.1885 113.1971
6588.7036 113.6077
6590.2231 113.7682
6591.7393 114.0339
6593.2554 114.7506
6594.7759 115.8488
6596.2930 115.9344
6597.8140 115.6778
6599.3320 115.8085
6600.8535 115.9124
6602.3721 115.6850
6603.8911 115.5717
6605.4141 115.9151
6606.9336 116.1024
6608.4570 116.0607
6609.9771 116.2017
6611.5015 116.4267
6613.0225 116.1978
6614.5439 115.9741
6616.0693 116.2876
6617.5913 116.2421
6619.1172 116.1632
6620.6396 116.5134
6622.1665 116.8914
6623.6899 116.5774
6625.2139 116.2650
6626.7417 116.0395
6628.2661 115.7171
6629.7944 115.4675
6631.3198 115.6939
6632.8486 116.0145
6634.3745 115.5797
6635.9009 115.6453
6637.4312 115.9965
6638.9580 115.9538
6640.4888 115.6408
6642.0166 115.8052
6643.5483 115.8773
6645.0767 115.8100
6646.6055 115.7073
6648.1382 115.6414
6649.6675 115.5694
6651.2007 115.3473
6652.7310 115.4031
6654.2651 115.3259
6655.7959 115.3030
6657.3271 115.2645
6658.8623 114.7559
6660.3940 114.3208
6661.9297 114.3576
6663.4624 114.5327
6664.9990 114.7823
6666.5322 115.0488
6668.0659 115.1059
6669.6035 114.9251
6671.1377 114.5607
6672.6763 114.0106
6674.2114 113.6423
6675.7505 113.5740
6677.2861 113.5292
6678.8257 113.5504
6680.3623 113.7329
6681.8989 113.9766
6683.4399 114.0849
6684.9775 114.0012
6686.5190 113.9579
6688.0571 114.2610
6689.5996 114.0745
6691.1382 113.7634
6692.6777 113.7452
6694.2212 113.6970
6695.7607 113.0934
6697.3052 112.8168
6698.8457 112.7045
6700.3906 112.8222
6701.9316 113.1328
6703.4736 113.2895
6705.0195 112.9995
6706.5620 112.8238
6708.1084 112.7270
6709.6519 112.6813
6711.1987 112.4832
6712.7427 112.0070
6714.2871 111.3584
6715.8354 110.7879
6717.3804 110.7999
6718.9292 111.1766
6720.4751 111.5778
6722.0249 111.7834
6723.5713 111.7749
6725.1177 111.7299
6726.6685 111.4497
6728.2163 111.2711
6729.7676 111.1157
6731.3159 110.8203
6732.8682 110.6681
6734.4170 111.3033
6735.9663 111.3930
6737.5195 111.0683
6739.0693 110.3837
6740.6235 109.7691
6742.1743 109.8082
6743.7290 109.6726
6745.2803 109.6536
6746.8320 109.9144
6748.3877 110.1381
6749.9404 110.2035
6751.4966 110.1272
6753.0498 109.2918
6754.6069 109.0275
6756.1611 109.3412
6757.7153 109.6925
6759.2734 110.0008
6760.8286 110.3418
6762.3877 109.7184
6763.9434 109.4737
6765.5029 109.6010
6767.0596 109.6083
6768.6162 109.4401
6770.1772 109.4000
6771.7344 109.1802
6773.2959 109.0503
6774.8540 109.1653
6776.4165 109.2175
6777.9756 109.0502
6779.5347 108.9073
6781.0981 108.9301
6782.6582 109.0325
6784.2222 109.0964
6785.7827 109.1757
6787.3477 109.1871
6788.9092 109.0209
6790.4707 109.1526
6792.0366 109.3551
6793.5991 109.2307
6795.1655 109.0077
6796.7290 108.9023
6798.2964 108.7847
6799.8604 108.6811
6801.4282 108.8402
6802.9927 108.9704
6804.5581 108.8230
6806.1270 108.4494
6807.6929 108.1950
6809.2627 108.3440
6810.8291 108.3670
6812.3994 108.2270
6813.9668 108.2144
6815.5342 108.3046
6817.1060 108.1456
6818.6743 107.9163
6820.2466 107.9594
6821.8154 108.0329
6823.3887 107.7130
6824.9585 106.8705
6826.5283 106.1845
6828.1025 107.0069
6829.6733 107.4574
6831.2485 107.5855
6832.8198 107.5424
6834.3955 107.4018
6835.9678 107.2811
6837.5405 107.0149
6839.1172 106.4982
6840.6904 106.3674
6842.2681 106.6707
6843.8418 107.0066
6845.4199 107.0441
6846.9946 106.9844
6848.5698 106.9394
6850.1494 106.8250
6851.7251 106.3154
6853.3052 105.6787
6854.8818 105.6887
6856.4624 106.0291
6858.0396 105.9640
6859.6177 106.0190
6861.1992 106.2608
6862.7778 106.4145
6864.3604 106.3521
6865.9395 106.2725
6867.5225 106.1723
6869.1025 106.1123
6870.6826 106.0969
6872.2671 106.0710
6873.8481 105.9976
6875.4331 105.9585
6877.0146 105.8891
6878.6006 105.6648
6880.1831 105.4703
6881.7656 105.4517
6883.3525 105.4387
6884.9360 105.1760
6886.5239 105.3045
6888.1079 105.4746
6889.6963 105.4997
6891.2812 105.4376
6892.8667 105.3759
6894.4561 105.3190
6896.0425 105.2529
6897.6323 105.1942
6899.2192 105.1321
6900.8105 105.0259
6902.3979 104.8344
6903.9858 104.6129
6905.5776 104.6924
6907.1665 104.7059
6908.7593 104.5253
6910.3486 104.2965
6911.9419 104.1694
6913.5322 104.0521
6915.1226 104.0773
6916.7173 104.0137
6918.3081 103.8497
6919.9038 103.7961
6921.4956 103.9406
6923.0918 103.8529
6924.6846 103.8648
6926.2812 103.8654
6927.8745 103.8407
6929.4683 103.8180
6931.0664 103.7856
6932.6606 103.8177
6934.2593 103.7976
6935.8545 103.6908
6937.4541 103.5871
6939.0498 103.5705
6940.6460 103.5385
6942.2466 103.1862
6943.8438 103.1160
6945.4448 103.2476
6947.0430 103.3079
6948.6445 103.1861
6950.2432 103.0307
6951.8423 103.0520
6953.4453 102.9315
6955.0449 102.8405
6956.6489 102.8643
6958.2490 102.7492
6959.8535 102.2950
6961.4546 102.2293
6963.0562 102.4792
6964.6621 102.6430
6966.2642 102.6368
6967.8706 102.4953
6969.4736 102.2552
6971.0806 102.1377
6972.6841 101.9061
6974.2886 101.3694
6975.8965 100.9744
6977.5015 101.0747
6979.1104 101.4474
6980.7158 101.6992
6982.3257 101.9012
6983.9321 102.0323
6985.5386 102.0466
6987.1494 102.0289
6988.7568 102.1555
6990.3687 102.3297
6991.9766 102.1092
6993.5889 101.7427
6995.1978 101.4331
6996.8071 101.2350
6998.4204 101.0763
7000.0303 100.7453
7001.6445 100.5652
7003.2554 100.4629
7004.8701 100.6403
7006.4819 101.1526
7008.0938 101.5364
7009.7095 101.2075
7011.3223 100.6373
7012.9390 100.5730
7014.5522 100.7224
7016.1699 100.7340
7017.7837 100.7768
7019.3984 100.7837
7021.0171 100.7000
7022.6323 100.6203
7024.2515 100.7116
7025.8677 100.9004
7027.4878 100.7987
7029.1045 100.2362
7030.7212 100.0151
7032.3428 99.8080
7033.9604 99.7871
7035.5825 100.1348
7037.2007 100.5043
7038.8237 100.5368
7040.4429 100.6528
7042.0664 100.6305
7043.6865 100.2922
7045.3066 99.9562
7046.9316 100.1222
7048.5527 100.3399
7050.1782 100.3034
7051.7998 100.3982
7053.4263 100.3242
7055.0488 99.7457
7056.6719 98.9790
7058.2988 98.7053
7059.9229 98.8094
7061.5508 98.6167
7063.1753 98.3029
7064.8037 98.4572
7066.4292 99.0933
7068.0547 99.0037
7069.6846 98.6964
7071.3110 98.6354
7072.9419 98.6280
7074.5688 98.4019
7076.2002 98.2020
7077.8281 98.7515
7079.4561 99.3238
7081.0889 99.1662
7082.7178 98.5199
7084.3511 97.8730
7085.9810 97.5240
7087.6147 97.8750
7089.2451 97.9340
7090.8760 97.9399
7092.5112 98.1473
7094.1431 98.3336
7095.7788 98.0958
7097.4111 97.7802
7099.0479 97.8338
7100.6812 98.0424
7102.3145 98.1749
7103.9521 98.1161
7105.5864 97.7541
7107.2251 96.9132
7108.8599 95.9904
7110.4995 95.4700
7112.1353 95.1752
7113.7715 95.0605
7115.4116 95.4708
7117.0483 96.0449
7118.6899 96.1643
7120.3271 96.3500
7121.9692 96.7851
7123.6079 97.1780
7125.2466 97.1631
7126.8896 96.8307
7128.5293 96.4330
7130.1729 96.5333
7131.8130 96.8160
7133.4580 96.8777
7135.0986 96.8459
7136.7402 96.8763
7138.3857 96.7746
7140.0283 96.4609
7141.6748 96.4052
7143.3174 96.2293
7144.9648 95.0565
7146.6084 94.7395
7148.2524 95.8437
7149.9009 96.4112
7151.5459 96.2647
7153.1948 96.0262
7154.8403 95.8850
7156.4902 96.1075
7158.1367 96.0096
7159.7832 95.5144
7161.4346 94.3512
7163.0820 93.5320
7164.7339 94.6650
7166.3818 95.5398
7168.0347 95.7630
7169.6836 95.7890
7171.3369 95.6921
7172.9863 95.3930
7174.6367 95.1225
7176.2910 95.3077
7177.9419 94.7572
7179.5972 94.5020
7181.2490 94.7868
7182.9048 94.6008
7184.5571 93.3893
7186.2100 93.7508
7187.8672 94.5864
7189.5210 94.2849
7191.1787 93.7426
7192.8330 93.9946
7194.4917 94.5015
7196.1465 94.5938
7197.8022 94.1475
7199.4619 93.2904
7201.1182 93.3852
7202.7788 93.9115
7204.4355 92.8006
7206.0972 92.8503
7207.7549 93.7810
7209.4131 94.0336
7211.0757 93.7164
7212.7344 93.5830
7214.3975 93.7290
7216.0571 93.6417
7217.7212 93.4602
7219.3818 92.9780
7221.0425 92.5314
7222.7075 92.5539
7224.3691 92.9617
7226.0352 93.1376
7227.6973 93.3504
7229.3643 93.4771
7231.0273 93.3132
7232.6909 92.9997
7234.3584 92.9201
7236.0229 92.8119
7237.6914 92.2104
7239.3564 92.1231
7241.0259 92.1453
7242.6919 92.0354
7244.3579 92.4849
7246.0283 92.6833
7247.6953 92.0670
7249.3667 92.0175
7251.0342 92.3159
7252.7065 92.3734
7254.3750 92.4580
7256.0439 92.5591
7257.7168 92.1046
7259.3867 91.8423
7261.0605 92.0221
7262.7310 92.2661
7264.4058 92.2010
7266.0771 92.2128
7267.7485 92.0963
7269.4243 91.9487
7271.0967 91.6539
7272.7734 91.3158
7274.4463 91.3687
7276.1240 91.6487
7277.7979 91.6526
7279.4722 91.3856
7281.1509 91.0669
7282.8257 91.0010
7284.5054 90.8620
7286.1812 89.0053
7287.8613 89.2157
7289.5376 90.0372
7291.2148 90.5514
7292.8960 90.8798
7294.5737 91.0349
7296.2559 90.7133
7297.9341 90.6057
7299.6172 90.6367
7301.2964 90.7529
7302.9800 90.7023
7304.6602 90.1246
7306.3408 89.6323
7308.0254 89.4929
7309.7065 89.8061
7311.3921 90.1622
7313.0742 90.2338
7314.7607 90.1170
7316.4434 89.8573
7318.1265 89.4087
7319.8140 89.6171
7321.4980 89.5037
7323.1860 88.6076
7324.8711 88.3907
7326.5601 89.2829
7328.2456 89.2332
7329.9312 89.2633
7331.6216 89.4449
7333.3081 89.4549
7334.9995 89.4992
7336.6865 89.3254
7338.3784 89.3353
7340.0669 89.3827
7341.7554 89.3604
7343.4482 89.2924
7345.1377 89.2336
7346.8315 89.1708
7348.5215 88.9198
7350.2163 88.7354
7351.9067 88.5403
7353.5981 88.4183
7355.2939 88.6992
7356.9858 88.8331
7358.6826 88.5521
7360.3755 88.3332
7362.0728 88.4201
7363.7661 88.6564
7365.4604 88.7450
7367.1587 88.7245
7368.8535 88.5759
7370.5527 88.3550
7372.2485 88.2114
7373.9487 88.2094
7375.6450 88.2240
7377.3418 88.1175
7379.0430 88.1067
7380.7402 88.0687
7382.4424 87.6172
7384.1406 86.9763
7385.8433 86.9604
7387.5425 87.2147
7389.2422 87.4652
7390.9458 87.5310
7392.6465 87.5672
7394.3511 87.6805
7396.0522 87.6793
7397.7573 87.4145
7399.4595 87.1522
7401.1616 87.0040
7402.8682 86.7266
7404.5713 86.2266
7406.2788 85.8142
7407.9824 85.7426
7409.6909 86.2984
7411.3955 86.4119
7413.1006 86.1955
7414.8101 86.1301
7416.5156 86.1461
7418.2261 86.2615
7419.9326 86.1577
7421.6436 85.8365
7423.3506 85.9179
7425.0586 86.4807
7426.7705 86.6653
7428.4795 86.3818
7430.1924 86.4848
7431.9014 86.7265
7433.6152 86.8193
7435.3257 86.7495
7437.0400 86.6285
7438.7510 86.3910
7440.4624 86.0831
7442.1777 85.5914
7443.8901 85.2617
7445.6064 85.4037
7447.3193 85.7540
7449.0366 85.7141
7450.7505 85.8558
7452.4644 86.2443
7454.1831 86.3959
7455.8979 86.0062
7457.6172 85.4377
7459.3325 85.2887
7461.0527 84.8894
7462.7690 84.7816
7464.4858 85.0061
7466.2070 85.1712
7467.9248 85.1940
7469.6470 85.7176
7471.3652 85.9522
7473.0884 85.8214
7474.8076 85.4072
7476.5269 85.0664
7478.2510 85.2429
7479.9712 85.3938
7481.6963 85.8035
7483.4175 85.7189
7485.1431 85.5361
7486.8652 85.5098
7488.5874 84.9895
7490.3145 84.4347
7492.0371 84.1114
7493.7651 83.9320
7495.4888 84.0135
7497.2173 84.4348
7498.9419 84.9140
7500.6670 84.9733
7502.3970 84.8616
7504.1226 84.6133
7505.8530 84.2227
7507.5801 83.7054
7509.3110 83.2917
7511.0386 83.6436
7512.7666 83.8250
7514.4990 84.0723
7516.2275 84.2862
7517.9609 84.1600
7519.6904 83.6871
7521.4243 83.2012
7523.1548 83.4066
7524.8853 83.7119
7526.6206 83.8937
7528.3521 83.9054
7530.0884 83.6439
7531.8203 83.6586
7533.5571 83.7973
7535.2905 83.9428
7537.0239 83.9753
7538.7617 83.8540
7540.4961 83.7069
7542.2349 83.7102
7543.9702 83.5775
7545.7095 83.5333
7547.4453 83.5544
7549.1816 83.5180
7550.9229 83.3407
7552.6597 82.7687
7554.4014 82.9243
7556.1392 82.9889
7557.8818 82.8196
7559.6201 82.7933
7561.3594 82.9591
7563.1030 82.9562
7564.8428 82.7612
7566.5874 82.5685
7568.3281 82.6574
7570.0732 82.7705
7571.8149 82.3914
7573.5610 82.5044
7575.3032 82.6171
7577.0459 82.5919
7578.7930 82.4408
7580.5366 82.1344
7582.2847 81.7477
7584.0288 81.8279
7585.7778 82.1582
7587.5229 82.2979
7589.2686 82.2457
7591.0186 82.1466
7592.7646 82.0207
7594.5156 81.9819
7596.2627 81.9706
7598.0142 81.7491
7599.7622 81.5422
7601.5107 81.5786
7603.2637 81.6909
7605.0127 81.6879
7606.7661 81.5614
7608.5161 81.4611
7610.2710 81.4822
7612.0215 81.3001
7613.7725 80.5107
7615.5283 80.0790
7617.2803 80.2567
7619.0366 80.7064
7620.7896 81.0315
7622.5469 81.0948
7624.3003 81.0557
7626.0542 81.0201
7627.8130 80.9752
7629.5679 80.9287
7631.3271 80.8559
7633.0825 80.7875
7634.8428 80.7733
7636.5991 80.6188
7638.3560 80.5473
7640.1172 80.5812
7641.8750 80.5769
7643.6372 80.4977
7645.3955 80.4747
7647.1587 80.4330
7648.9180 80.3422
7650.6772 79.9572
7652.4419 79.4262
7654.2021 78.8360
7655.9673 78.1865
7657.7285 78.3934
7659.4941 78.5489
7661.2563 77.8585
7663.0186 77.9546
7664.7856 79.2862
7666.5493 79.6134
7668.3169 79.5828
7670.0811 79.6822
7671.8496 79.6430
7673.6147 79.6344
7675.3799 79.4900
7677.1499 78.7500
7678.9160 78.9207
7680.6870 79.2263
7682.4536 79.0178
7684.2251 78.8722
7685.9932 79.1209
7687.7612 79.1125
7689.5342 79.0779
7691.3027 79.1249
7693.0767 78.9815
7694.8462 78.4303
7696.6206 78.0034
7698.3911 78.5672
7700.1621 79.0083
7701.9380 78.9823
7703.7100 78.9139
7705.4863 78.7615
7707.2588 78.0746
7709.0361 77.0470
7710.8096 77.7172
7712.5879 78.3025
7714.3618 78.4093
7716.1367 78.2728
7717.9160 78.0353
7719.6914 77.7046
7721.4717 77.6262
7723.2480 77.4549
7725.0288 77.2742
7726.8062 77.4795
7728.5835 77.9169
7730.3657 77.8666
7732.1440 77.8230
7733.9272 77.8583
7735.7065 77.8486
7737.4902 77.6025
7739.2700 77.1945
7741.0508 77.0010
7742.8354 76.9768
7744.6167 76.6356
7746.4028 76.5771
7748.1851 76.9603
7749.9717 77.3437
7751.7544 77.3071
7753.5376 77.3206
7755.3257 77.1723
7757.1099 77.1898
7758.8984 77.3312
7760.6836 77.3367
7762.4731 77.1439
7764.2588 76.9021
7766.0449 76.3153
7767.8359 74.5629
7769.6226 72.4158
7771.4146 71.2553
7773.2021 71.7678
7774.9946 73.7549
7776.7832 75.4852
7778.5723 76.2335
7780.3662 76.2964
7782.1558 76.3102
7783.9507 76.5394
7785.7412 76.4245
7787.5366 76.3689
7789.3281 76.5707
7791.1201 76.5738
7792.9165 76.2766
7794.7095 76.2727
7796.5068 76.1885
7798.3003 76.0386
7800.0986 75.7745
7801.8931 75.8987
7803.6880 76.2599
7805.4873 75.9153
7807.2832 75.9569
7809.0835 76.1123
7810.8799 76.2973
7812.6812 76.3142
7814.4785 76.1486
7816.2759 76.0912
7818.0786 75.9933
7819.8770 75.7993
7821.6802 76.0057
7823.4795 76.1495
7825.2837 75.7362
7827.0840 75.2747
7828.8843 75.4550
7830.6899 75.2276
7832.4912 74.8150
7834.2974 74.6608
7836.0996 74.8466
7837.9067 75.1504
7839.7100 75.5674
7841.5132 75.4559
7843.3213 75.2888
7845.1260 75.3575
7846.9351 75.5367
7848.7402 75.5550
7850.5498 75.3797
7852.3560 75.3247
7854.1665 75.1239
7855.9736 74.8837
7857.7808 74.7258
7859.5928 74.4387
7861.4009 74.1514
7863.2139 74.1046
7865.0225 74.5496
7866.8364 74.9470
7868.6460 74.7951
7870.4561 74.4004
7872.2710 74.2409
7874.0820 74.0556
7875.8979 74.0957
7877.7100 74.2256
7879.5264 74.3676
7881.3389 74.6202
7883.1519 74.0710
7884.9697 73.8097
7886.7837 73.8298
7888.6025 73.8053
7890.4175 73.1366
7892.2368 71.6097
7894.0522 71.5036
7895.8687 72.8356
7897.6890 73.3227
7899.5059 73.2238
7901.3276 73.6961
7903.1455 74.1725
7904.9678 73.1098
7906.7861 72.3678
7908.6055 72.7987
7910.4292 73.4378
7912.2485 73.3598
7914.0732 73.0342
7915.8940 73.0999
7917.7192 73.2608
7919.5405 73.4445
7921.3628 73.6383
7923.1895 73.7329
7925.0122 73.3856
7926.8394 72.2352
7928.6631 72.5124
7930.4912 72.5288
7932.3159 72.4384
7934.1406 72.8981
7935.9702 72.9063
7937.7959 72.2688
7939.6265 72.2676
7941.4526 72.1754
7943.2842 72.0321
7945.1113 72.3023
7946.9390 72.7139
7948.7720 72.5754
7950.6006 73.1499
7952.4336 73.3375
7954.2632 72.9240
7956.0977 72.2781
7957.9277 71.3269
7959.7583 70.4065
7961.5938 71.2910
7963.4253 72.0298
7965.2617 71.7967
7967.0942 71.4691
7968.9316 71.8931
7970.7646 71.8149
7972.5981 72.1568
7974.4370 72.5598
7976.2715 72.5587
7978.1108 72.3158
7979.9458 72.2905
7981.7861 71.8254
7983.6226 71.9246
7985.4590 72.0065
7987.3003 71.9744
7989.1377 72.1140
7990.9800 72.1954
7992.8184 71.3807
7994.6616 70.5692
7996.5005 70.1216
7998.3447 70.5442
8000.1846 71.6569
8002.0249 71.9177
8003.8706 70.3707
8005.7114 70.4144
8007.5576 71.0197
8009.3999 70.5366
8011.2471 69.6856
8013.0898 70.6756
8014.9331 70.9580
8016.7812 71.1341
8018.6255 70.6365
8020.4746 69.9285
8022.3198 69.8019
8024.1699 69.9822
8026.0156 69.5857
8027.8623 70.0804
8029.7134 70.2776
8031.5605 69.9872
8033.4126 69.9009
8035.2607 70.2920
8037.1138 70.7822
8038.9624 70.3314
8040.8120 69.4431
8042.6660 69.0174
8044.5161 69.3027
8046.3711 69.6590
8048.2222 69.7750
8050.0781 69.9092
8051.9302 69.8024
8053.7827 69.7457
8055.6396 69.8407
8057.4927 69.6211
8059.3511 69.7609
8061.2051 69.8207
8063.0640 69.7816
8064.9189 69.6206
8066.7739 69.3532
8068.6343 69.2200
8070.4902 69.4370
8072.3516 69.3783
8074.2085 69.3993
8076.0703 69.3669
8077.9282 69.2323
8079.7866 69.3040
8081.6499 68.5546
8083.5088 68.7102
8085.3730 69.1814
8087.2329 69.2760
8089.0981 69.0226
8090.9590 68.8776
8092.8203 68.8300
8094.6865 68.5052
8096.5483 68.5097
8098.4155 68.8090
8100.2788 68.9777
8102.1465 68.9348
8104.0103 68.9147
8105.8745 68.8564
8107.7441 68.8032
8109.6089 68.7676
8111.4790 68.7125
8113.3452 68.6306
8115.2163 68.6358
8117.0830 68.6167
8118.9502 68.5854
8120.8228 68.5538
8122.6909 68.5114
8124.5640 68.4626
8126.4326 68.4418
8128.3066 68.3812
8130.1768 68.3057
8132.0513 68.2790
8133.9224 68.2774
8135.7935 68.1915
8137.6694 68.1159
8139.5415 68.0951
8141.4185 68.0799
8143.2915 68.0634
8145.1694 68.0150
8147.0430 67.8816
8148.9175 67.8501
8150.7964 67.8569
8152.6714 67.8194
8154.5513 67.7764
8156.4272 67.7142
8158.3081 67.5251
8160.1851 67.4336
8162.0625 67.5390
8163.9443 67.5776
8165.8228 67.5339
8167.7056 67.4953
8169.5845 67.4252
8171.4683 67.4067
8173.3481 67.3924
8175.2285 67.3165
8177.1138 67.1562
8178.9951 66.4890
8180.8809 65.2145
8182.7632 66.0715
8184.6499 66.5303
8186.5327 66.7828
8188.4160 66.9761
8190.3042 66.3389
8192.1885 64.8045
8194.0771 65.8099
8195.9629 66.2307
8197.8525 65.5263
8199.7383 65.3572
8201.6250 66.3204
8203.5156 66.6235
8205.4033 66.3878
8207.2959 66.2748
8209.1836 66.1520
8211.0762 65.7737
8212.9658 65.4856
8214.8545 65.7741
8216.7490 65.0956
8218.6396 64.9029
8220.5342 65.5123
8222.4258 66.1816
8224.3223 66.2107
8226.2139 65.6622
8228.1064 64.9514
8230.0039 65.0308
8231.8965 65.2510
8233.7949 65.5802
8235.6895 66.0151
8237.5889 65.8775
8239.4834 65.6512
8241.3789 65.8006
8243.2793 65.5347
8245.1758 64.4779
8247.0771 63.9067
8248.9746 65.3288
8250.8770 65.0640
8252.7744 65.0646
8254.6729 65.3491
8256.5771 65.5401
8258.4766 65.5725
8260.3809 65.5475
8262.2812 65.5308
8264.1865 65.5097
8266.0869 65.4745
8267.9893 65.4306
8269.8955 65.3600
8271.7979 65.2577
8273.7051 65.2869
8275.6084 65.2082
8277.5166 65.1775
8279.4209 65.1630
8281.3301 65.1000
8283.2354 65.0865
8285.1416 64.9392
8287.0518 64.8436
8288.9580 64.8091
8290.8691 64.8161
8292.7773 64.8204
8294.6895 64.7867
8296.5977 64.9009
8298.5059 64.8335
8300.4199 64.6771
8302.3291 64.5357
8304.2432 64.3766
8306.1543 64.1717
8308.0693 64.2104
8309.9805 64.3744
8311.8926 64.4324
8313.8086 64.4310
8315.7217 64.4491
8317.6396 64.3681
8319.5527 64.2161
8321.4707 63.9455
8323.3857 63.6669
8325.2998 63.4084
8327.2197 63.1020
8329.1357 62.6663
8331.0566 62.1220
8332.9727 61.9261
8334.8945 62.2575
8336.8115 62.9152
8338.7295 63.4790
8340.6523 63.6166
8342.5713 63.5309
8344.4951 63.3037
8346.4150 63.2864
8348.3398 63.4573
8350.2598 63.5596
8352.1807 63.4779
8354.1074 63.3321
8356.0293 63.2403
8357.9561 63.3545
8359.8789 63.4708
8361.8066 63.3840
8363.7295 63.2796
8365.6543 63.3654
8367.5830 63.3229
8369.5078 63.2768
8371.4375 63.2694
8373.3643 63.2348
8375.2949 63.1692
8377.2217 63.1028
8379.1484 63.0718
8381.0811 62.7928
8383.0088 62.3855
8384.9424 62.2240
8386.8711 62.4237
8388.8047 62.5146
8390.7344 62.2710
8392.6650 62.3213
8394.6006 62.6350
8396.5312 62.8242
8398.4678 62.8170
8400.3994 62.5365
8402.3369 62.2805
8404.2695 62.0828
8406.2031 61.8232
8408.1416 61.6831
8410.0762 61.9938
8412.0156 61.7866
8413.9502 61.7115
8415.8906 61.8802
8417.8271 62.2375
8419.7637 62.5521
8421.7051 62.4681
8423.6426 62.3346
8425.5850 62.1433
8427.5234 61.9816
8429.4668 61.8904
8431.4053 61.6710
8433.3496 61.0929
8435.2900 60.8343
8437.2305 60.9526
8439.1758 60.5742
8441.1172 59.6252
8443.0645 58.8708
8445.0059 59.0901
8446.9541 60.0146
8448.8965 61.2538
8450.8408 61.9922
8452.7891 62.0590
8454.7344 61.7806
8456.6836 61.4190
8458.6289 60.9167
8460.5791 60.4386
8462.5254 59.9853
8464.4727 59.7141
8466.4248 59.7756
8468.3721 60.1298
8470.3252 60.8254
8472.2734 61.3234
8474.2275 61.6202
8476.1768 61.7991
8478.1270 61.8662
8480.0820 61.8535
8482.0322 61.9567
8483.9883 61.7924
8485.9404 61.5374
8487.8975 61.2204
8489.8496 60.4383
8491.8027 58.6939
8493.7607 56.5726
8495.7148 55.3571
8497.6738 55.2478
8499.6289 56.2580
8501.5889 57.8150
8503.5449 58.6846
8505.5010 59.3197
8507.4619 59.6796
8509.4199 59.7991
8511.3818 60.1554
8513.3398 60.8047
8515.3027 61.0101
8517.2617 61.2025
8519.2217 61.3480
8521.1855 61.2009
8523.1465 61.0301
8525.1113 61.0178
8527.0723 60.7695
8529.0391 60.4525
8531.0010 59.8624
8532.9639 58.6691
8534.9316 56.0715
8536.8945 52.2192
8538.8633 49.2411
8540.8281 48.6818
8542.7969 50.4704
8544.7627 53.5448
8546.7285 56.2994
8548.6992 57.8638
8550.6660 58.7792
8552.6377 59.0684
8554.6045 59.5391
8556.5771 60.0317
8558.5459 60.4154
8560.5146 60.7155
8562.4893 60.8901
8564.4590 61.0073
8566.4336 61.0238
8568.4043 60.8132
8570.3799 60.5912
8572.3516 60.5244
8574.3242 60.4217
8576.3008 60.4713
8578.2744 60.3070
8580.2520 59.7840
8582.2256 59.2441
8584.2051 58.9261
8586.1797 58.5123
8588.1602 57.8919
8590.1357 56.8346
8592.1113 55.6324
8594.0928 54.6092
8596.0703 54.1040
8598.0527 54.4724
8600.0303 55.5042
8602.0137 56.6850
8603.9922 57.5663
8605.9717 58.1167
8607.9561 58.5111
8609.9365 58.8385
8611.9219 59.1541
8613.9033 59.5466
8615.8896 59.9151
8617.8711 60.1538
8619.8535 60.2685
8621.8418 60.3806
8623.8252 60.5102
8625.8135 60.3757
8627.7979 60.2836
8629.7881 60.3094
8631.7725 60.3119
8633.7588 60.2546
8635.7500 60.1712
8637.7363 60.1172
8639.7285 59.9244
8641.7158 59.4778
8643.7080 58.9592
8645.6973 58.6970
8647.6855 58.2414
8649.6797 57.7425
8651.6699 57.0554
8653.6650 55.5633
8655.6553 52.8358
8657.6514 49.4861
8659.6436 47.2021
8661.6357 46.6944
8663.6328 48.3022
8665.6260 50.8671
8667.6240 52.9735
8669.6182 54.4992
8671.6172 55.7066
8673.6123 56.2315
8675.6074 56.4785
8677.6084 56.6734
8679.6045 56.8593
8681.6055 57.1999
8683.6025 57.6764
8685.6055 58.0497
8687.6035 58.3570
8689.6025 58.5980
8691.6055 58.8347
8693.6055 59.2413
8695.6104 59.5117
8697.6104 59.6394
8699.6162 59.6569
8701.6172 59.6338
8703.6191 59.5930
8705.6260 59.4728
8707.6289 59.3614
8709.6367 59.3796
8711.6406 59.4007
8713.6494 59.3422
8715.6543 59.2628
8717.6592 59.2342
8719.6699 59.0029
8721.6758 58.6887
8723.6865 58.3322
8725.6934 58.0138
8727.7061 57.7005
8729.7129 57.2118
8731.7217 56.8262
8733.7354 56.3143
8735.7441 55.6619
8737.7588 54.9920
8739.7686 54.2064
8741.7842 52.8900
8743.7949 51.1491
8745.8115 49.4926
8747.8232 48.5983
8749.8359 48.8070
8751.8535 50.0906
8753.8672 52.0138
8755.8857 53.5245
8757.9004 54.5175
8759.9199 55.2723
8761.9346 55.9170
8763.9502 56.4561
8765.9717 56.8900
8767.9883 57.0819
8770.0098 57.3305
8772.0273 57.5793
8774.0498 57.8264
8776.0684 58.0761
8778.0879 58.2303
8780.1113 58.4772
8782.1318 58.4769
8784.1562 58.2095
8786.1777 57.9405
8788.2031 57.8849
8790.2256 57.9945
8792.2471 58.2870
8794.2754 58.6354
8796.2979 58.7269
8798.3262 58.4974
8800.3506 58.0387
8802.3799 57.4530
8804.4053 57.1377
8806.4307 57.2958
8808.4609 57.8066
8810.4873 58.2196
8812.5195 58.2580
8814.5459 58.1561
8816.5791 57.8383
8818.6074 57.3137
8820.6357 57.0325
8822.6699 57.0496
8824.6992 57.1089
8826.7344 57.0662
8828.7646 56.9330
8830.8008 56.6580
8832.8330 56.3559
8834.8643 56.0746
8836.9014 55.7865
8838.9346 55.4677
8840.9727 55.0754
8843.0068 54.4968
8845.0459 53.9797
8847.0811 53.4471
8849.1162 52.6716
8851.1562 51.6793
8853.1924 50.4758
8855.2344 48.8242
8857.2715 46.9138
8859.3145 45.5059
8861.3516 45.4346
8863.3906 46.8132
8865.4346 48.6100
8867.4736 50.2540
8869.5186 51.1126
8871.5596 51.6910
8873.6045 52.5529
8875.6465 53.0992
8877.6885 53.3121
8879.7354 53.4220
8881.7783 53.8401
8883.8262 54.4603
8885.8701 54.8707
8887.9189 54.8969
8889.9639 54.8091
8892.0088 55.1491
8894.0596 55.3639
8896.1055 55.3557
8898.1562 55.4452
8900.2041 55.6453
8902.2559 55.6665
8904.3037 55.7831
8906.3574 55.4041
8908.4062 54.3751
8910.4561 54.0143
8912.5107 55.7908
8914.5605 55.7342
8916.6162 55.5359
8918.6680 55.5270
8920.7246 55.3705
8922.7764 54.5275
8924.8291 53.1827
8926.8867 54.7657
8928.9404 55.6593
8931.0000 55.7607
8933.0547 55.7408
8935.1143 55.7416
8937.1699 55.6903
8939.2256 55.5837
8941.2871 55.1315
8943.3438 54.9962
8945.4062 55.1288
8947.4639 55.1889
8949.5273 55.3833
8951.5859 55.3458
8953.6455 55.2909
8955.7100 55.2027
8957.7705 55.1231
8959.8359 54.9999
8961.8975 54.5908
8963.9639 54.2784
8966.0264 54.3761
8968.0889 54.4544
8970.1572 54.3384
8972.2207 54.0576
8974.2891 53.6249
8976.3535 53.6899
8978.4238 53.7592
8980.4893 53.5938
8982.5557 53.3431
8984.6270 53.1460
8986.6934 52.8574
8988.7656 52.5520
8990.8340 52.2409
8992.9072 51.8284
8994.9756 51.0633
8997.0449 50.2138
8999.1201 50.0977
9001.1904 49.5811
9003.2656 48.5698
9005.3369 47.1427
9007.4131 45.5085
9009.4854 43.4709
9011.5586 41.0634
9013.6357 42.0369
9015.7100 44.3704
9017.7891 46.2124
9019.8633 47.4576
9021.9434 48.5814
9024.0186 49.3848
9026.0947 49.9739
9028.1758 50.5144
9030.2529 50.8796
9032.3350 50.9987
9034.4131 51.1348
9036.4971 51.6832
9038.5752 52.0030
9040.6543 52.1758
9042.7393 52.3068
9044.8193 52.4248
9046.9053 52.4964
9048.9863 52.5259
9051.0732 52.7824
9053.1553 52.9099
9055.2383 52.7392
9057.3262 50.5101
9059.4102 47.9410
9061.4990 51.3498
9063.5840 53.0442
9065.6738 53.2293
9067.7588 53.0801
9069.8506 53.2322
9071.9365 53.0929
9074.0234 51.4450
9076.1162 50.8374
9078.2041 52.3404
9080.2979 53.4075
9082.3867 52.8967
9084.4805 51.3263
9086.5703 50.0461
9088.6611 52.5868
9090.7568 50.2869
9092.8486 49.9011
9094.9453 52.2232
9097.0371 52.9681
9099.1348 52.9166
9101.2285 52.8929
9103.3223 52.9325
9105.4209 52.8014
9107.5156 51.3845
9109.6162 49.9466
9111.7119 52.3970
9113.8125 52.6580
9115.9092 52.5756
9118.0068 52.5819
9120.1094 52.5372
9122.2070 52.4787
9124.3105 52.4863
9126.4102 52.5979
9128.5146 52.5291
9130.6143 52.5297
9132.7148 52.5821
9134.8213 52.5325
9136.9219 52.5108
9139.0293 52.4834
9141.1318 52.3805
9143.2393 52.1154
9145.3428 52.0067
9147.4473 52.2054
9149.5566 52.1868
9151.6611 52.0699
9153.7715 52.0288
9155.8770 52.0147
9157.9883 51.9415
9160.0957 51.7905
9162.2031 51.6536
9164.3154 51.6936
9166.4238 51.6088
9168.5371 51.4708
9170.6465 51.2122
9172.7617 50.8528
9174.8711 50.8034
9176.9824 50.9062
9179.0986 50.4556
9181.2100 50.3958
9183.3271 50.5861
9185.4395 50.4334
9187.5576 50.4169
9189.6719 50.2404
9191.7852 50.0440
9193.9053 49.7802
9196.0205 49.5007
9198.1406 49.2244
9200.2568 48.8003
9202.3789 48.5261
9204.4951 48.1975
9206.6133 47.5383
9208.7363 46.2441
9210.8545 45.1596
9212.9785 45.7778
9215.0977 44.3164
9217.2227 43.9414
9219.3428 43.2576
9221.4639 41.4509
9223.5908 38.8822
9225.7129 36.1748
9227.8398 37.6779
9229.9629 40.3388
9232.0908 42.0019
9234.2148 42.7467
9236.3447 43.8058
9238.4688 45.4927
9240.5947 45.0623
9242.7256 45.7975
9244.8516 46.8344
9246.9834 47.3738
9249.1104 47.4604
9251.2432 46.9215
9253.3721 46.9365
9255.5010 47.3629
9257.6348 46.9040
9259.7646 46.3965
9261.8994 46.9797
9264.0303 47.5753
9266.1670 48.8631
9268.2988 49.1812
9270.4307 49.1961
9272.5684 49.3274
9274.7012 49.3791
9276.8398 49.4283
9278.9746 49.4640
9281.1143 49.4860
9283.2490 49.5134
9285.3848 49.4742
9287.5264 49.3980
9289.6621 49.4958
9291.8047 49.4731
9293.9424 49.4994
9296.0850 49.5783
9298.2236 49.6072
9300.3633 49.5536
9302.5078 49.5367
9304.6475 49.5565
9306.7930 49.5061
9308.9346 49.5102
9311.0811 49.5665
9313.2227 49.4515
9315.3652 49.0796
9317.5137 49.3026
9319.6572 49.4440
9321.8057 49.4255
9323.9502 49.4017
9326.1006 49.4382
9328.2461 49.4595
9330.3916 49.3913
9332.5439 49.3837
9334.6904 49.3836
9336.8428 49.3520
9338.9912 49.2854
9341.1445 49.1935
9343.2939 49.2818
9345.4434 49.0640
9347.5977 48.8982
9349.7480 48.9883
9351.9043 49.1268
9354.0557 49.0650
9356.2129 49.0114
9358.3652 48.9755
9360.5186 48.9987
9362.6768 49.0262
9364.8301 49.0002
9366.9902 48.9632
9369.1445 48.7814
9371.3057 48.7889
9373.4609 48.8502
9375.6172 48.7952
9377.7793 48.7110
9379.9365 48.7771
9382.0996 48.4321
9384.2578 48.2357
9386.4219 48.3725
9388.5820 48.2234
9390.7461 47.8086
9392.9072 48.4468
9395.0674 48.4568
9397.2344 48.2255
9399.3965 47.7570
9401.5635 46.0316
9403.7266 44.6068
9405.8945 47.7707
9408.0586 47.3637
9410.2227 44.8741
9412.3926 45.3461
9414.5586 47.6326
9416.7295 47.8522
9418.8955 47.0425
9421.0674 47.7285
9423.2344 47.9751
9425.4023 47.7540
9427.5762 47.4662
9429.7451 47.3342
9431.9189 47.3490
9434.0889 46.1792
9436.2646 46.6040
9438.4355 47.2879
9440.6064 47.1919
9442.7832 46.9526
9444.9561 47.3998
9447.1338 47.4872
9449.3076 47.3812
9451.4863 47.2826
9453.6602 47.2784
9455.8350 47.2910
9458.0156 47.1282
9460.1914 47.0198
9462.3730 47.0156
9464.5498 47.0510
9466.7324 47.0418
9468.9102 46.9656
9471.0889 46.8952
9473.2725 46.8467
9475.4521 46.7920
9477.6367 46.6794
9479.8174 46.5553
9482.0029 46.4921
9484.1846 46.4517
9486.3662 46.3585
9488.5537 46.2368
9490.7363 46.1012
9492.9258 45.9645
9495.1094 45.8501
9497.2988 45.7630
9499.4834 45.5883
9501.6689 45.2285
9503.8604 45.1158
9506.0459 45.1441
9508.2383 44.9669
9510.4258 44.7602
9512.6191 44.5531
9514.8076 44.2857
9516.9961 43.9912
9519.1904 43.6814
9521.3809 43.3239
9523.5762 42.8899
9525.7666 42.3922
9527.9639 41.8694
9530.1553 41.2151
9532.3477 40.4133
9534.5459 39.4316
9536.7393 38.0641
9538.9385 36.2590
9541.1328 33.2527
9543.3330 32.0876
9545.5283 33.8460
9547.7246 36.6233
9549.9268 38.1650
9552.1230 39.3997
9554.3262 40.2894
9556.5234 40.9744
9558.7275 41.5100
9560.9268 41.9325
9563.1309 42.3822
9565.3311 42.4985
9567.5322 42.7077
9569.7383 43.0138
9571.9395 43.3073
9574.1465 43.5515
9576.3496 43.7523
9578.5576 43.8816
9580.7607 43.9728
9582.9648 44.0642
9585.1748 44.1807
9587.3799 44.2514
9589.5908 44.1585
9591.7969 44.2520
9594.0088 44.3864
9596.2158 44.3726
9598.4238 43.6325
9600.6367 42.7712
9602.8457 43.9757
9605.0596 44.3314
9607.2695 44.5817
9609.4854 44.5866
9611.6953 44.6575
9613.9062 44.6753
9616.1240 43.2437
9618.3359 42.7327
9620.5537 43.9167
9622.7666 44.3341
9624.9863 44.1297
9627.2002 44.3482
9629.4150 43.4904
9631.6357 43.9055
9633.8516 44.3466
9636.0723 44.5217
9638.2891 44.5304
9640.5117 44.5229
9642.7295 44.5915
9644.9482 43.7641
9647.1719 43.4495
9649.3916 43.9770
9651.6172 44.1428
9653.8369 42.9463
9656.0635 41.8895
9658.2842 43.8575
9660.5068 44.2980
9662.7344 44.2049
9664.9570 44.3287
9667.1855 43.9995
9669.4102 43.5587
9671.6396 43.8543
9673.8643 43.8551
9676.0898 43.3313
9678.3213 43.1763
9680.5479 43.7888
9682.7803 43.8359
9685.0078 43.6832
9687.2412 43.3174
9689.4697 43.2048
9691.6982 43.4630
9693.9336 43.7553
9696.1631 43.7877
9698.3994 43.8372
9700.6299 43.8295
9702.8672 43.8227
9705.0996 43.8255
9707.3320 43.7989
9709.5703 43.7727
9711.8047 43.7569
9714.0439 43.7233
9716.2783 43.6939
9718.5186 43.5892
9720.7549 43.4382
9722.9912 43.5211
9725.2334 43.5259
9727.4707 43.4984
9729.7139 43.4886
9731.9521 43.1749
9734.1963 42.3989
9736.4355 41.9604
9738.6807 42.7927
9740.9209 43.1876
9743.1621 43.1155
9745.4082 43.0706
9747.6504 43.1879
9749.8984 43.2056
9752.1416 43.1933
9754.3896 43.1281
9756.6338 43.0830
9758.8789 42.9182
9761.1289 42.6943
9763.3740 42.9349
9765.6260 42.9144
9767.8721 42.9417
9770.1250 42.9609
9772.3721 42.9199
9774.6201 42.8860
9776.8750 42.8653
9779.1240 42.7791
9781.3789 42.6718
9783.6289 42.5694
9785.8848 42.5391
9788.1367 42.6115
9790.3877 42.6449
9792.6455 42.4702
9794.8984 42.3153
9797.1572 42.2646
9799.4111 42.3706
9801.6709 42.5394
9803.9258 42.4627
9806.1807 42.3928
9808.4424 42.3285
9810.6982 42.3212
9812.9609 42.3520
9815.2188 42.3014
9817.4814 42.1059
9819.7402 42.0737
9821.9990 42.0093
9824.2646 41.9876
9826.5244 42.0440
9828.7900 42.0463
9831.0518 41.8936
9833.3184 41.9473
9835.5801 41.9417
9837.8428 41.8519
9840.1113 41.8260
9842.3750 41.9037
9844.6455 41.8735
9846.9102 41.7542
9849.1807 41.2600
9851.4463 41.0076
9853.7129 41.0659
9855.9844 40.9864
9858.2520 40.8347
9860.5254 41.3517
9862.7939 41.5725
9865.0684 41.5531
9867.3379 41.4936
9869.6074 41.4307
9871.8838 41.4635
9874.1543 41.4508
9876.4316 41.4253
9878.7031 41.3218
9880.9814 41.3216
9883.2549 41.2262
9885.5283 40.1395
9887.8076 39.4415
9890.0830 40.4400
9892.3633 41.1613
9894.6387 40.8180
9896.9209 40.4966
9899.1973 40.9466
9901.4746 40.9171
9903.7578 40.8798
9906.0361 40.8416
9908.3203 40.6130
9910.5996 40.2388
9912.8857 40.1505
9915.1660 40.6505
9917.4521 40.8189
9919.7334 40.7057
9922.0156 40.7126
9924.3037 40.6873
9926.5869 39.8921
9928.8760 39.6122
9931.1602 40.2273
9933.4502 40.6012
9935.7354 40.3055
9938.0205 39.9417
9940.3125 40.0960
9942.5996 40.3111
9944.8926 40.2084
9947.1797 40.0446
9949.4736 40.0459
9951.7627 40.1147
9954.0518 39.9959
9956.3477 39.9268
9958.6377 39.8621
9960.9346 39.8763
9963.2256 39.8961
9965.5234 39.8050
9967.8154 39.7244
9970.1094 39.7150
9972.4082 39.6302
9974.7021 39.5506
9977.0020 39.4990
9979.2979 39.4175
9981.5986 39.3244
9983.8945 39.2523
9986.1914 39.2151
9988.4941 39.1027
9990.7920 38.8981
9993.0967 38.6623
9995.3955 38.4740
9997.7002 38.6640
10000.0000 38.6168
10002.3057 38.4897
10004.6016 38.3900
10006.9082 38.2235
10009.2158 38.0604
10011.5244 37.8884
10013.8223 37.6697
10016.1309 37.4482
10018.4404 37.2174
10020.7402 36.9150
10023.0508 36.5416
10025.3623 36.2601
10027.6738 35.8421
10029.9756 35.3731
10032.2881 34.8492
10034.6016 34.1568
10036.9043 33.2919
10039.2188 32.1398
10041.5342 30.6246
10043.8496 28.1509
10046.1543 26.4119
10048.4707 27.5903
10050.7881 30.3067
10053.0947 31.7280
10055.4131 32.8494
10057.7324 33.7305
10060.0508 34.3417
10062.3604 34.8591
10064.6807 35.2117
10067.0010 35.6045
10069.3115 35.9475
10071.6338 36.1953
10073.9561 36.3847
10076.2793 36.5651
10078.5918 36.7171
10080.9160 36.7943
10083.2402 36.9595
10085.5547 37.1057
10087.8799 37.1958
10090.2061 37.2872
10092.5332 37.3524
10094.8496 37.4095
10097.1777 37.4629
10099.5059 37.4667
10101.8232 37.4221
10104.1533 37.4021
10106.4834 37.4383
10108.8135 37.2579
10111.1338 37.2401
10113.4648 37.4315
10115.7969 37.6532
10118.1191 37.3118
10120.4521 36.0132
10122.7861 36.9309
10125.1201 37.5768
10127.4434 37.6556
10129.7793 37.6425
10132.1152 37.6576
10134.4404 37.6341
10136.7773 37.6475
10139.1152 37.5701
10141.4531 37.2661
10143.7803 37.1838
10146.1191 37.5703
10148.4590 37.5488
10150.7881 37.4870
10153.1289 37.4389
10155.4707 37.5257
10157.8125 37.3871
10160.1436 36.8871
10162.4863 36.9909
10164.8301 37.4246
10167.1621 37.4299
10169.5068 37.3363
10171.8525 37.3209
10174.1973 37.3174
10176.5322 37.4201
10178.8789 36.6900
10181.2266 36.5434
10183.5742 36.9677
10185.9111 37.2628
10188.2607 37.1338
10190.6094 37.1206
10192.9482 37.1353
10195.2988 37.1095
10197.6504 37.0512
10200.0020 37.0182
10202.3428 37.0161
10204.6953 36.9498
10207.0479 36.9558
10209.3906 36.9867
10211.7451 36.6497
10214.0996 36.4341
10216.4551 36.8281
10218.7998 36.8616
10221.1562 36.8385
10223.5137 36.8088
10225.8594 36.7783
10228.2178 36.7687
10230.5762 36.7600
10232.9355 36.6580
10235.2842 36.5454
10237.6436 36.6161
10240.0049 36.6363
10242.3545 36.5689
10244.7168 36.5658
10247.0791 36.5685
10249.4424 36.5351
10251.7939 36.4956
10254.1582 36.4698
10256.5234 36.4488
10258.8770 36.4175
10261.2422 36.3870
10263.6084 36.3690
10265.9756 36.3458
10268.3311 36.2925
10270.6992 36.2139
10273.0674 36.1743
10275.4258 36.2403
10277.7949 36.1919
10280.1650 36.1956
10282.5352 36.0506
10284.8955 35.7257
10287.2666 35.6179
10289.6396 36.0910
10292.0010 36.0266
10294.3740 35.9785
10296.7480 35.9230
10299.1221 35.8563
10301.4863 35.8965
10303.8613 35.8795
10306.2373 35.8064
10308.6025 35.6419
10310.9795 35.6577
10313.3574 35.7732
10315.7363 35.7319
10318.1035 35.6970
10320.4824 35.6765
10322.8623 35.6455
10325.2314 35.5847
10327.6123 35.4868
10329.9941 35.4256
10332.3760 35.5321
10334.7471 35.5237
10337.1309 35.4289
10339.5146 35.1075
10341.8877 34.9883
10344.2725 35.3559
10346.6572 35.3158
10349.0430 35.3111
10351.4189 35.2917
