3562.8704 3.4650
3563.6899 3.4215
3564.5117 3.3780
3565.3318 3.3505
3566.1538 3.3448
3566.9744 3.3520
3567.7969 3.3542
3568.6177 3.3461
3569.4385 3.3327
3570.2617 3.3200
3571.0830 3.3128
3571.9065 3.3128
3572.7283 3.3196
3573.5520 3.3286
3574.3740 3.3359
3575.1963 3.3415
3576.0208 3.3482
3576.8435 3.3581
3577.6682 3.3676
3578.4915 3.3690
3579.3167 3.3628
3580.1399 3.3540
3580.9636 3.3463
3581.7893 3.3358
3582.6133 3.3101
3583.4395 3.2668
3584.2639 3.2210
3585.0903 3.1900
3585.9150 3.1832
3586.7400 3.1970
3587.5671 3.2192
3588.3923 3.2427
3589.2200 3.2669
3590.0457 3.2912
3590.8735 3.3123
3591.6995 3.3258
3592.5259 3.3326
3593.3542 3.3385
3594.1809 3.3461
3595.0098 3.3552
3595.8367 3.3639
3596.6660 3.3705
3597.4934 3.3712
3598.3208 3.3642
3599.1506 3.3504
3599.9788 3.3305
3600.8088 3.3053
3601.6372 3.2792
3602.4678 3.2605
3603.2964 3.2525
3604.1252 3.2544
3604.9565 3.2636
3605.7859 3.2754
3606.6172 3.2821
3607.4470 3.2754
3608.2788 3.2593
3609.1089 3.2434
3609.9392 3.2329
3610.7717 3.2270
3611.6023 3.2217
3612.4351 3.2200
3613.2661 3.2315
3614.0994 3.2529
3614.9307 3.2713
3615.7625 3.2722
3616.5962 3.2519
3617.4282 3.2243
3618.2625 3.2094
3619.0947 3.2121
3619.9292 3.2267
3620.7620 3.2435
3621.5969 3.2565
3622.4302 3.2651
3623.2634 3.2750
3624.0989 3.2919
3624.9326 3.3160
3625.7686 3.3401
3626.6028 3.3512
3627.4390 3.3362
3628.2734 3.2929
3629.1082 3.2339
3629.9451 3.1790
3630.7800 3.1482
3631.6174 3.1517
3632.4529 3.1803
3633.2903 3.2161
3634.1262 3.2481
3634.9622 3.2716
3635.8005 3.2844
3636.6370 3.2880
3637.4756 3.2872
3638.3123 3.2822
3639.1514 3.2696
3639.9885 3.2488
3640.8259 3.2244
3641.6653 3.2039
3642.5032 3.1922
3643.3430 3.1899
3644.1812 3.1949
3645.0215 3.2036
3645.8601 3.2112
3646.6990 3.2138
3647.5398 3.2106
3648.3789 3.2026
3649.2202 3.1963
3650.0596 3.1988
3650.9014 3.2128
3651.7412 3.2337
3652.5813 3.2535
3653.4236 3.2673
3654.2642 3.2755
3655.1067 3.2797
3655.9475 3.2810
3656.7908 3.2783
3657.6318 3.2704
3658.4734 3.2582
3659.3169 3.2448
3660.1587 3.2345
3661.0029 3.2303
3661.8450 3.2312
3662.6895 3.2346
3663.5320 3.2375
3664.3748 3.2380
3665.2197 3.2369
3666.0630 3.2361
3666.9084 3.2348
3667.7520 3.2283
3668.5977 3.2230
3669.4417 3.2248
3670.2859 3.2332
3671.1321 3.2423
3671.9768 3.2451
3672.8235 3.2390
3673.6685 3.2241
3674.5156 3.2014
3675.3608 3.1735
3676.2063 3.1451
3677.0542 3.1223
3677.8999 3.1131
3678.7480 3.1186
3679.5945 3.1320
3680.4429 3.1452
3681.2896 3.1505
3682.1365 3.1418
3682.9856 3.1207
3683.8328 3.0965
3684.6824 3.0793
3685.5300 3.0776
3686.3799 3.0954
3687.2278 3.1261
3688.0781 3.1527
3688.9265 3.1635
3689.7751 3.1636
3690.6260 3.1651
3691.4751 3.1777
3692.3264 3.1982
3693.1758 3.2085
3694.0273 3.1938
3694.8772 3.1633
3695.7273 3.1388
3696.5793 3.1425
3697.4299 3.1820
3698.2825 3.2400
3699.1333 3.2795
3699.9863 3.2752
3700.8374 3.2229
3701.6887 3.1389
3702.5425 3.0551
3703.3943 3.0016
3704.2483 2.9950
3705.1003 3.0345
3705.9548 3.1014
3706.8074 3.1625
3707.6599 3.1822
3708.5149 3.1462
3709.3682 3.0761
3710.2234 3.0120
3711.0771 2.9898
3711.9329 3.0290
3712.7866 3.1215
3713.6409 3.2398
3714.4973 3.3533
3715.3518 3.4371
3716.2085 3.4721
3717.0635 3.4446
3717.9204 3.3502
3718.7759 3.2055
3719.6313 3.0527
3720.4890 2.9426
3721.3450 2.9136
3722.2031 2.9793
3723.0593 3.1152
3723.9180 3.2631
3724.7747 3.3748
3725.6316 3.4442
3726.4905 3.4853
3727.3479 3.5110
3728.2073 3.5187
3729.0649 3.4848
3729.9250 3.3878
3730.7830 3.2358
3731.6414 3.0597
3732.5017 2.9025
3733.3604 2.8049
3734.2214 2.7914
3735.0803 2.8626
3735.9417 2.9998
3736.8013 3.1743
3737.6609 3.3531
3738.5227 3.5034
3739.3828 3.5977
3740.2451 3.6350
3741.1055 3.6301
3741.9683 3.5962
3742.8291 3.5389
3743.6899 3.4584
3744.5532 3.3562
3745.4148 3.2334
3746.2786 3.0922
3747.1404 2.9443
3748.0044 2.8160
3748.8667 2.7465
3749.7290 2.7714
3750.5938 2.8869
3751.4565 3.0599
3752.3215 3.2515
3753.1848 3.4264
3754.0503 3.5598
3754.9138 3.6379
3755.7798 3.6584
3756.6438 3.6384
3757.5081 3.6060
3758.3745 3.5893
3759.2390 3.5996
3760.1060 3.6290
3760.9709 3.6605
3761.8381 3.6781
3762.7036 3.6702
3763.5693 3.6296
3764.4370 3.5537
3765.3032 3.4444
3766.1714 3.3058
3767.0378 3.1466
3767.9065 2.9851
3768.7732 2.8526
3769.6401 2.7889
3770.5095 2.8215
3771.3770 2.9303
3772.2466 3.0766
3773.1145 3.2297
3773.9844 3.3750
3774.8528 3.5155
3775.7209 3.6576
3776.5918 3.7934
3777.4604 3.9131
3778.3315 4.0114
3779.2009 4.0877
3780.0723 4.1435
3780.9419 4.1778
3781.8118 4.1950
3782.6838 4.1920
3783.5540 4.1625
3784.4265 4.1035
3785.2971 4.0243
3786.1699 3.9450
3787.0410 3.8849
3787.9121 3.8456
3788.7856 3.8162
3789.6572 3.7804
3790.5310 3.7233
3791.4031 3.6314
3792.2773 3.4992
3793.1499 3.3353
3794.0225 3.1524
3794.8972 2.9659
3795.7703 2.8012
3796.6455 2.7007
3797.5190 2.6983
3798.3948 2.7961
3799.2686 2.9689
3800.1426 3.1739
3801.0188 3.3701
3801.8933 3.5371
3802.7700 3.6678
3803.6448 3.7586
3804.5220 3.8186
3805.3972 3.8720
3806.2727 3.9465
3807.1504 4.0504
3808.0261 4.1678
3808.9043 4.2636
3809.7805 4.3036
3810.6589 4.2716
3811.5356 4.1876
3812.4126 4.1011
3813.2917 4.0570
3814.1689 4.0746
3815.0483 4.1455
3815.9260 4.2381
3816.8059 4.3076
3817.6841 4.3153
3818.5623 4.2704
3819.4429 4.2090
3820.3215 4.1580
3821.2024 4.1186
3822.0815 4.0671
3822.9629 3.9833
3823.8423 3.8866
3824.7241 3.7997
3825.6040 3.7289
3826.4841 3.6638
3827.3665 3.5913
3828.2468 3.5106
3829.1296 3.4155
3830.0105 3.2912
3830.8938 3.1308
3831.7751 2.9452
3832.6565 2.7647
3833.5403 2.6283
3834.4224 2.5701
3835.3064 2.5999
3836.1887 2.7029
3837.0735 2.8467
3837.9561 2.9976
3838.8391 3.1478
3839.7244 3.3031
3840.6077 3.4601
3841.4932 3.6089
3842.3770 3.7376
3843.2629 3.8390
3844.1472 3.9228
3845.0315 4.0036
3845.9182 4.0820
3846.8030 4.1495
3847.6899 4.1986
3848.5752 4.2374
3849.4626 4.2889
3850.3481 4.3570
3851.2339 4.4244
3852.1221 4.4669
3853.0083 4.4665
3853.8967 4.4300
3854.7832 4.3933
3855.6721 4.3775
3856.5591 4.3772
3857.4463 4.3830
3858.3359 4.3966
3859.2234 4.4340
3860.1135 4.4966
3861.0015 4.5551
3861.8918 4.5885
3862.7803 4.5923
3863.6687 4.5768
3864.5598 4.5623
3865.4487 4.5672
3866.3401 4.5887
3867.2297 4.6103
3868.1213 4.6102
3869.0112 4.5674
3869.9014 4.4742
3870.7937 4.3598
3871.6841 4.2760
3872.5769 4.2449
3873.4678 4.2517
3874.3611 4.2532
3875.2524 4.2020
3876.1438 4.0927
3877.0376 3.9790
3877.9297 3.9030
3878.8237 3.8692
3879.7161 3.8472
3880.6108 3.7925
3881.5037 3.6878
3882.3965 3.5474
3883.2917 3.3826
3884.1851 3.1985
3885.0808 2.9993
3885.9746 2.7990
3886.8706 2.6348
3887.7649 2.5508
3888.6592 2.5672
3889.5559 2.6767
3890.4507 2.8471
3891.3479 3.0315
3892.2429 3.1919
3893.1406 3.3219
3894.0361 3.4311
3894.9341 3.5274
3895.8301 3.6112
3896.7263 3.6780
3897.6250 3.7298
3898.5215 3.7858
3899.4207 3.8563
3900.3176 3.9348
3901.2170 4.0029
3902.1145 4.0444
3903.0122 4.0593
3903.9121 4.0754
3904.8103 4.1172
3905.7107 4.1936
3906.6094 4.2985
3907.5100 4.4155
3908.4089 4.5178
3909.3081 4.5805
3910.2097 4.5928
3911.1091 4.5606
3912.0110 4.5075
3912.9111 4.4689
3913.8132 4.4597
3914.7136 4.4629
3915.6143 4.4629
3916.5171 4.4555
3917.4182 4.4476
3918.3215 4.4548
3919.2229 4.4862
3920.1267 4.5313
3921.0286 4.5765
3921.9307 4.6093
3922.8350 4.6177
3923.7373 4.5923
3924.6421 4.5293
3925.5452 4.4292
3926.4502 4.2946
3927.3535 4.1203
3928.2571 3.8913
3929.1628 3.5912
3930.0667 3.2180
3930.9731 2.8173
3931.8774 2.4930
3932.7839 2.3549
3933.6887 2.4710
3934.5938 2.8096
3935.5010 3.2321
3936.4062 3.6194
3937.3142 3.9271
3938.2200 4.1517
3939.1279 4.3004
3940.0342 4.3781
3940.9407 4.3925
3941.8494 4.3770
3942.7561 4.3658
3943.6653 4.3738
3944.5725 4.3905
3945.4822 4.3892
3946.3899 4.3589
3947.2979 4.3148
3948.2080 4.2732
3949.1162 4.2427
3950.0269 4.2251
3950.9355 4.2183
3951.8467 4.2168
3952.7559 4.2024
3953.6650 4.1612
3954.5769 4.0954
3955.4866 4.0249
3956.3987 3.9763
3957.3088 3.9541
3958.2214 3.9211
3959.1321 3.8508
3960.0449 3.7428
3960.9561 3.6148
3961.8672 3.4823
3962.7808 3.3377
3963.6924 3.1565
3964.6064 2.9251
3965.5186 2.6536
3966.4329 2.3811
3967.3455 2.1729
3968.2581 2.0937
3969.1731 2.1537
3970.0862 2.3161
3971.0017 2.5312
3971.9153 2.7551
3972.8313 2.9628
3973.7451 3.1443
3974.6592 3.3009
3975.5759 3.4409
3976.4905 3.5705
3977.4075 3.6895
3978.3225 3.7909
3979.2397 3.8664
3980.1553 3.9188
3981.0708 3.9604
3981.9888 4.0035
3982.9050 4.0544
3983.8232 4.1100
3984.7397 4.1600
3985.6587 4.2047
3986.5757 4.2526
3987.4927 4.3082
3988.4121 4.3678
3989.3298 4.4242
3990.2498 4.4805
3991.1677 4.5377
3992.0879 4.5800
3993.0063 4.5884
3993.9250 4.5545
3994.8459 4.4937
3995.7649 4.4444
3996.6863 4.4454
3997.6057 4.4961
3998.5276 4.5698
3999.4475 4.6323
4000.3674 4.6632
4001.2900 4.6615
4002.2104 4.6223
4003.1333 4.5609
4004.0544 4.5113
4004.9775 4.5123
4005.8989 4.5749
4006.8206 4.6632
4007.7446 4.7310
4008.6665 4.7607
4009.5908 4.7579
4010.5132 4.7399
4011.4380 4.7249
4012.3608 4.7233
4013.2839 4.7354
4014.2095 4.7538
4015.1328 4.7741
4016.0588 4.7999
4016.9827 4.8370
4017.9089 4.8738
4018.8333 4.8803
4019.7578 4.8365
4020.6848 4.7601
4021.6096 4.7002
4022.5371 4.6891
4023.4624 4.6990
4024.3901 4.7292
4025.3162 4.7667
4026.2422 4.7840
4027.1704 4.7540
4028.0969 4.6763
4029.0259 4.5912
4029.9526 4.5342
4030.8821 4.5171
4031.8093 4.5381
4032.7390 4.5899
4033.6667 4.6605
4034.5947 4.7386
4035.5251 4.8102
4036.4534 4.8636
4037.3843 4.8910
4038.3130 4.8895
4039.2441 4.8678
4040.1736 4.8489
4041.1030 4.8252
4042.0347 4.7748
4042.9646 4.6936
4043.8970 4.6117
4044.8271 4.5815
4045.7600 4.6240
4046.6907 4.6996
4047.6216 4.7649
4048.5549 4.7965
4049.4863 4.7897
4050.4202 4.7485
4051.3521 4.6827
4052.2861 4.6182
4053.2185 4.5747
4054.1509 4.5564
4055.0857 4.5540
4056.0186 4.5556
4056.9539 4.5720
4057.8872 4.6115
4058.8230 4.6513
4059.7566 4.6563
4060.6907 4.6055
4061.6270 4.5216
4062.5613 4.4688
4063.4983 4.4631
4064.4331 4.4793
4065.3701 4.4927
4066.3054 4.4992
4067.2410 4.5102
4068.1787 4.5123
4069.1147 4.4827
4070.0530 4.4354
4070.9893 4.3972
4071.9280 4.3834
4072.8647 4.3789
4073.8018 4.3414
4074.7412 4.2589
4075.6787 4.1640
4076.6184 4.1015
4077.5562 4.1026
4078.4966 4.1626
4079.4348 4.2304
4080.3733 4.2597
4081.3142 4.2405
4082.2532 4.1854
4083.1943 4.1184
4084.1338 4.0663
4085.0757 4.0396
4086.0154 4.0252
4086.9553 4.0081
4087.8977 3.9775
4088.8381 3.9280
4089.7810 3.8612
4090.7219 3.7821
4091.6653 3.6926
4092.6064 3.5952
4093.5481 3.4900
4094.4919 3.3720
4095.4338 3.2325
4096.3784 3.0724
4097.3208 2.8934
4098.2656 2.6998
4099.2085 2.5133
4100.1514 2.3770
4101.0967 2.3402
4102.0400 2.4241
4102.9863 2.5937
4103.9302 2.7926
4104.8765 2.9767
4105.8208 3.1263
4106.7676 3.2470
4107.7124 3.3508
4108.6572 3.4492
4109.6045 3.5470
4110.5503 3.6436
4111.4980 3.7357
4112.4438 3.8202
4113.3921 3.8926
4114.3384 3.9457
4115.2852 3.9772
4116.2339 3.9921
4117.1807 4.0002
4118.1304 4.0102
4119.0776 4.0308
4120.0273 4.0611
4120.9751 4.0919
4121.9233 4.1188
4122.8740 4.1442
4123.8223 4.1672
4124.7734 4.1709
4125.7222 4.1567
4126.6733 4.1419
4127.6230 4.1371
4128.5723 4.1374
4129.5244 4.1318
4130.4746 4.1259
4131.4268 4.1377
4132.3774 4.1792
4133.3301 4.2478
4134.2812 4.3269
4135.2324 4.3961
4136.1855 4.4523
4137.1372 4.5001
4138.0913 4.5331
4139.0435 4.5379
4139.9976 4.5031
4140.9502 4.4304
4141.9028 4.3545
4142.8579 4.3229
4143.8110 4.3442
4144.7666 4.3941
4145.7202 4.4344
4146.6758 4.4396
4147.6299 4.4228
4148.5840 4.4108
4149.5405 4.4091
4150.4951 4.4064
4151.4526 4.3866
4152.4072 4.3431
4153.3647 4.2970
4154.3203 4.2696
4155.2764 4.2684
4156.2344 4.2905
4157.1904 4.3242
4158.1489 4.3513
4159.1055 4.3622
4160.0649 4.3649
4161.0220 4.3698
4161.9790 4.3844
4162.9390 4.4103
4163.8965 4.4362
4164.8564 4.4420
4165.8149 4.4335
4166.7754 4.4232
4167.7339 4.4096
4168.6929 4.3720
4169.6538 4.2872
4170.6133 4.1728
4171.5752 4.0935
4172.5347 4.0836
4173.4971 4.1279
4174.4570 4.1746
4175.4175 4.1782
4176.3799 4.1549
4177.3408 4.1519
4178.3042 4.1822
4179.2651 4.2285
4180.2290 4.2630
4181.1909 4.2726
4182.1548 4.2699
4183.1172 4.2725
4184.0796 4.2747
4185.0444 4.2665
4186.0068 4.2506
4186.9722 4.2496
4187.9355 4.2794
4188.9014 4.3237
4189.8647 4.3678
4190.8286 4.4043
4191.7949 4.4280
4192.7593 4.4309
4193.7261 4.4014
4194.6909 4.3389
4195.6582 4.2624
4196.6235 4.1971
4197.5889 4.1612
4198.5571 4.1551
4199.5229 4.1689
4200.4912 4.1900
4201.4575 4.2082
4202.4263 4.2236
4203.3931 4.2461
4204.3599 4.2810
4205.3296 4.3128
4206.2969 4.3281
4207.2671 4.3278
4208.2349 4.3225
4209.2051 4.3258
4210.1738 4.3436
4211.1421 4.3579
4212.1133 4.3438
4213.0820 4.2988
4214.0537 4.2439
4215.0229 4.2124
4215.9951 4.2219
4216.9648 4.2533
4217.9351 4.2812
4218.9077 4.2940
4219.8784 4.2920
4220.8516 4.2763
4221.8223 4.2354
4222.7959 4.1533
4223.7676 4.0490
4224.7393 3.9675
4225.7134 3.9524
4226.6855 4.0251
4227.6602 4.1618
4228.6328 4.2878
4229.6079 4.3281
4230.5806 4.2801
4231.5542 4.1903
4232.5298 4.1183
4233.5034 4.0969
4234.4800 4.1173
4235.4541 4.1441
4236.4307 4.1572
4237.4053 4.1603
4238.3799 4.1718
4239.3574 4.2014
4240.3325 4.2356
4241.3105 4.2605
4242.2861 4.2628
4243.2642 4.2333
4244.2407 4.1732
4245.2168 4.1057
4246.1958 4.0740
4247.1729 4.0710
4248.1519 4.0769
4249.1294 4.0850
4250.1094 4.1021
4251.0869 4.1298
4252.0649 4.1578
4253.0454 4.1859
4254.0239 4.2146
4255.0049 4.2356
4255.9834 4.2317
4256.9648 4.1926
4257.9443 4.1342
4258.9263 4.0920
4259.9058 4.0903
4260.8857 4.1314
4261.8687 4.1956
4262.8491 4.2510
4263.8320 4.2796
4264.8130 4.2817
4265.7964 4.2599
4266.7778 4.2148
4267.7593 4.1476
4268.7432 4.0659
4269.7256 3.9938
4270.7100 3.9543
4271.6924 3.9523
4272.6772 3.9823
4273.6606 4.0334
4274.6436 4.0897
4275.6294 4.1387
4276.6128 4.1778
4277.5991 4.1981
4278.5830 4.1905
4279.5698 4.1540
4280.5542 4.1009
4281.5391 4.0566
4282.5264 4.0421
4283.5117 4.0513
4284.4990 4.0569
4285.4849 4.0256
4286.4731 3.9455
4287.4590 3.8462
4288.4453 3.7860
4289.4346 3.7947
4290.4214 3.8593
4291.4106 3.9318
4292.3979 3.9608
4293.3877 3.9507
4294.3755 3.9314
4295.3633 3.9043
4296.3535 3.8542
4297.3423 3.7730
4298.3330 3.6793
4299.3218 3.6059
4300.3135 3.5809
4301.3027 3.6088
4302.2920 3.6719
4303.2842 3.7376
4304.2744 3.7724
4305.2666 3.7545
4306.2573 3.7197
4307.2500 3.7102
4308.2412 3.7384
4309.2319 3.7779
4310.2261 3.7816
4311.2173 3.7200
4312.2114 3.6292
4313.2036 3.5652
4314.1982 3.5601
4315.1904 3.6055
4316.1836 3.6574
4317.1787 3.6697
4318.1719 3.6423
4319.1675 3.6059
4320.1611 3.5838
4321.1572 3.5707
4322.1514 3.5339
4323.1460 3.4585
4324.1426 3.3821
4325.1377 3.3377
4326.1348 3.3296
4327.1299 3.3322
4328.1279 3.3084
4329.1235 3.2569
4330.1196 3.1964
4331.1182 3.1299
4332.1143 3.0501
4333.1133 2.9476
4334.1104 2.8168
4335.1099 2.6557
4336.1069 2.4664
4337.1069 2.2674
4338.1045 2.0958
4339.1025 2.0004
4340.1030 2.0144
4341.1016 2.1286
4342.1025 2.3033
4343.1016 2.4917
4344.1030 2.6623
4345.1025 2.8060
4346.1021 2.9295
4347.1040 3.0245
4348.1040 3.0778
4349.1069 3.0962
4350.1074 3.1055
4351.1104 3.1399
4352.1113 3.2174
4353.1128 3.3211
4354.1167 3.4197
4355.1182 3.4928
4356.1226 3.5382
4357.1245 3.5689
4358.1294 3.5975
4359.1318 3.6293
4360.1348 3.6753
4361.1401 3.7301
4362.1436 3.7783
4363.1494 3.8060
4364.1528 3.8093
4365.1592 3.7823
4366.1636 3.7439
4367.1680 3.7203
4368.1753 3.7251
4369.1802 3.7523
4370.1875 3.7781
4371.1929 3.7685
4372.2007 3.7274
4373.2065 3.6923
4374.2129 3.6991
4375.2212 3.7579
4376.2280 3.8413
4377.2368 3.9083
4378.2441 3.9434
4379.2534 3.9351
4380.2612 3.8772
4381.2686 3.7793
4382.2793 3.6796
4383.2871 3.6249
4384.2979 3.6330
4385.3066 3.6902
4386.3179 3.7646
4387.3267 3.8209
4388.3359 3.8451
4389.3481 3.8554
4390.3579 3.8532
4391.3701 3.8264
4392.3804 3.7764
4393.3936 3.7306
4394.4043 3.7265
4395.4150 3.7619
4396.4287 3.7905
4397.4399 3.7846
4398.4541 3.7527
4399.4658 3.7324
4400.4805 3.7543
4401.4927 3.7903
4402.5054 3.8168
4403.5205 3.8332
4404.5337 3.8456
4405.5493 3.8555
4406.5625 3.8597
4407.5786 3.8561
4408.5928 3.8598
4409.6069 3.8761
4410.6240 3.8904
4411.6387 3.8736
4412.6558 3.8067
4413.6709 3.7124
4414.6885 3.6382
4415.7041 3.6223
4416.7227 3.6738
4417.7388 3.7642
4418.7549 3.8383
4419.7739 3.8694
4420.7905 3.8739
4421.8101 3.8686
4422.8271 3.8621
4423.8472 3.8571
4424.8647 3.8554
4425.8828 3.8622
4426.9033 3.8714
4427.9219 3.8793
4428.9429 3.8819
4429.9619 3.8718
4430.9834 3.8439
4432.0024 3.8054
4433.0220 3.7723
4434.0444 3.7684
4435.0645 3.8047
4436.0874 3.8673
4437.1079 3.9205
4438.1309 3.9281
4439.1519 3.8764
4440.1733 3.7810
4441.1968 3.6810
4442.2188 3.6286
4443.2432 3.6556
4444.2651 3.7301
4445.2900 3.7985
4446.3125 3.8326
4447.3354 3.8316
4448.3613 3.8133
4449.3843 3.7995
4450.4106 3.7896
4451.4341 3.7685
4452.4609 3.7297
4453.4849 3.6841
4454.5098 3.6571
4455.5366 3.6651
4456.5615 3.6920
4457.5894 3.7127
4458.6147 3.7223
4459.6431 3.7285
4460.6689 3.7378
4461.6953 3.7447
4462.7241 3.7474
4463.7505 3.7381
4464.7798 3.7099
4465.8071 3.6637
4466.8369 3.6160
4467.8643 3.6009
4468.8921 3.6366
4469.9229 3.6982
4470.9512 3.7597
4471.9819 3.8035
4473.0107 3.8214
4474.0425 3.8186
4475.0718 3.8126
4476.1011 3.7939
4477.1333 3.7376
4478.1631 3.6351
4479.1958 3.5181
4480.2266 3.4586
4481.2593 3.5005
4482.2905 3.6065
4483.3213 3.7168
4484.3555 3.7842
4485.3872 3.7881
4486.4214 3.7436
4487.4536 3.6887
4488.4883 3.6549
4489.5210 3.6541
4490.5537 3.6785
4491.5889 3.7083
4492.6226 3.7288
4493.6582 3.7421
4494.6919 3.7576
4495.7285 3.7735
4496.7627 3.7782
4497.7998 3.7598
4498.8345 3.7238
4499.8696 3.7035
4500.9072 3.7197
4501.9424 3.7661
4502.9805 3.8170
4504.0166 3.8383
4505.0552 3.8116
4506.0913 3.7684
4507.1279 3.7481
4508.1675 3.7588
4509.2046 3.7864
4510.2446 3.8063
4511.2822 3.7964
4512.3223 3.7605
4513.3604 3.7193
4514.3984 3.6933
4515.4395 3.6888
4516.4785 3.6927
4517.5200 3.6808
4518.5591 3.6553
4519.6011 3.6289
4520.6406 3.6104
4521.6807 3.6039
4522.7236 3.6094
4523.7642 3.6169
4524.8071 3.6068
4525.8481 3.5784
4526.8916 3.5507
4527.9331 3.5397
4528.9746 3.5450
4530.0190 3.5505
4531.0610 3.5242
4532.1060 3.4858
4533.1489 3.4767
4534.1938 3.5209
4535.2373 3.6033
4536.2803 3.6734
4537.3267 3.6953
4538.3701 3.6833
4539.4170 3.6608
4540.4609 3.6434
4541.5083 3.6361
4542.5527 3.6358
4543.5981 3.6379
4544.6455 3.6209
4545.6909 3.5689
4546.7393 3.4880
4547.7852 3.4123
4548.8340 3.3871
4549.8804 3.4218
4550.9272 3.4574
4551.9766 3.4555
4553.0239 3.4229
4554.0737 3.3999
4555.1216 3.4165
4556.1719 3.4607
4557.2197 3.5129
4558.2686 3.5607
4559.3193 3.5931
4560.3682 3.5965
4561.4199 3.5626
4562.4692 3.5217
4563.5215 3.5080
4564.5713 3.5303
4565.6211 3.5743
4566.6743 3.6109
4567.7246 3.6139
4568.7778 3.5806
4569.8291 3.5367
4570.8828 3.5099
4571.9341 3.5136
4572.9888 3.5386
4574.0405 3.5582
4575.0928 3.5559
4576.1479 3.5442
4577.2007 3.5284
4578.2559 3.5051
4579.3091 3.4684
4580.3652 3.4172
4581.4189 3.3647
4582.4731 3.3428
4583.5298 3.3610
4584.5840 3.4008
4585.6411 3.4292
4586.6963 3.4312
4587.7539 3.4237
4588.8091 3.4184
4589.8647 3.4225
4590.9233 3.4386
4591.9795 3.4631
4593.0386 3.4868
4594.0952 3.5038
4595.1543 3.5131
4596.2114 3.5149
4597.2690 3.5114
4598.3291 3.5062
4599.3867 3.5008
4600.4473 3.4975
4601.5059 3.4968
4602.5669 3.4976
4603.6255 3.4994
4604.6846 3.5026
4605.7466 3.5062
4606.8062 3.5113
4607.8687 3.5130
4608.9287 3.5091
4609.9912 3.4999
4611.0518 3.4890
4612.1128 3.4832
4613.1763 3.4724
4614.2373 3.4505
4615.3013 3.4216
4616.3633 3.3945
4617.4277 3.3782
4618.4897 3.3811
4619.5522 3.4053
4620.6177 3.4400
4621.6807 3.4694
4622.7466 3.4810
4623.8096 3.4722
4624.8760 3.4508
4625.9399 3.4241
4627.0044 3.3970
4628.0713 3.3829
4629.1357 3.3889
4630.2031 3.4043
4631.2686 3.4072
4632.3364 3.3949
4633.4023 3.3829
4634.4678 3.3805
4635.5366 3.3884
4636.6030 3.4015
4637.6724 3.4136
4638.7393 3.4242
4639.8091 3.4327
4640.8765 3.4358
4641.9438 3.4303
4643.0142 3.4142
4644.0825 3.3877
4645.1533 3.3614
4646.2222 3.3471
4647.2935 3.3492
4648.3623 3.3660
4649.4316 3.3883
4650.5039 3.3997
4651.5737 3.3906
4652.6465 3.3715
4653.7168 3.3519
4654.7900 3.3407
4655.8608 3.3466
4656.9346 3.3666
4658.0059 3.3896
4659.0771 3.4041
4660.1519 3.4022
4661.2236 3.3839
4662.2983 3.3547
4663.3711 3.3171
4664.4463 3.2765
4665.5195 3.2442
4666.5928 3.2272
4667.6689 3.2299
4668.7427 3.2531
4669.8193 3.2848
4670.8936 3.3141
4671.9707 3.3425
4673.0454 3.3655
4674.1206 3.3750
4675.1982 3.3671
4676.2739 3.3491
4677.3521 3.3324
4678.4282 3.3237
4679.5073 3.3277
4680.5835 3.3412
4681.6602 3.3518
4682.7397 3.3495
4683.8174 3.3442
4684.8975 3.3441
4685.9751 3.3477
4687.0557 3.3485
4688.1338 3.3407
4689.2124 3.3259
4690.2935 3.3159
4691.3726 3.3150
4692.4546 3.3180
4693.5342 3.3191
4694.6162 3.3156
4695.6963 3.3066
4696.7764 3.2940
4697.8594 3.2788
4698.9404 3.2572
4700.0239 3.2295
4701.1050 3.2068
4702.1890 3.2054
4703.2710 3.2210
4704.3530 3.2347
4705.4375 3.2363
4706.5200 3.2288
4707.6055 3.2259
4708.6885 3.2384
4709.7744 3.2555
4710.8579 3.2624
4711.9414 3.2569
4713.0283 3.2478
4714.1123 3.2430
4715.1992 3.2324
4716.2842 3.2316
4717.3716 3.2507
4718.4570 3.2700
4719.5425 3.2770
4720.6309 3.2829
4721.7168 3.2883
4722.8057 3.2884
4723.8921 3.2817
4724.9814 3.2666
4726.0684 3.2439
4727.1553 3.2182
4728.2456 3.1931
4729.3335 3.1748
4730.4238 3.1753
4731.5122 3.1914
4732.6030 3.2077
4733.6919 3.2078
4734.7808 3.1934
4735.8726 3.1837
4736.9624 3.1895
4738.0547 3.2071
4739.1445 3.2253
4740.2373 3.2335
4741.3276 3.2327
4742.4214 3.2286
4743.5122 3.2209
4744.6035 3.2106
4745.6973 3.2017
4746.7891 3.1976
4747.8838 3.1952
4748.9761 3.1908
4750.0713 3.1833
4751.1641 3.1711
4752.2568 3.1553
4753.3525 3.1415
4754.4463 3.1370
4755.5425 3.1430
4756.6367 3.1503
4757.7334 3.1490
4758.8281 3.1324
4759.9229 3.1014
4761.0205 3.0670
4762.1157 3.0436
4763.2139 3.0385
4764.3096 3.0498
4765.4082 3.0692
4766.5044 3.0860
4767.6011 3.0917
4768.7002 3.0839
4769.7974 3.0728
4770.8975 3.0687
4771.9951 3.0754
4773.0952 3.0890
4774.1934 3.1001
4775.2915 3.0983
4776.3926 3.0871
4777.4917 3.0723
4778.5933 3.0584
4779.6924 3.0497
4780.7949 3.0499
4781.8945 3.0586
4782.9946 3.0623
4784.0977 3.0568
4785.1982 3.0474
4786.3018 3.0410
4787.4028 3.0399
4788.5068 3.0441
4789.6084 3.0507
4790.7100 3.0594
4791.8149 3.0687
4792.9170 3.0740
4794.0225 3.0712
4795.1255 3.0607
4796.2310 3.0437
4797.3345 3.0263
4798.4380 3.0149
4799.5444 3.0109
4800.6489 3.0075
4801.7559 2.9942
4802.8604 2.9745
4803.9678 2.9601
4805.0732 2.9592
4806.1782 2.9695
4807.2866 2.9789
4808.3926 2.9823
4809.5015 2.9806
4810.6079 2.9776
4811.7173 2.9770
4812.8242 2.9803
4813.9312 2.9845
4815.0415 2.9865
4816.1489 2.9837
4817.2598 2.9775
4818.3677 2.9672
4819.4790 2.9464
4820.5879 2.9103
4821.6968 2.8699
4822.8086 2.8436
4823.9180 2.8399
4825.0303 2.8533
4826.1401 2.8671
4827.2534 2.8681
4828.3638 2.8601
4829.4771 2.8500
4830.5884 2.8400
4831.6992 2.8285
4832.8135 2.8133
4833.9253 2.7954
4835.0400 2.7785
4836.1523 2.7620
4837.2676 2.7447
4838.3804 2.7264
4839.4937 2.7081
4840.6094 2.6893
4841.7231 2.6672
4842.8394 2.6390
4843.9536 2.6031
4845.0708 2.5595
4846.1851 2.5107
4847.3003 2.4629
4848.4180 2.4235
4849.5332 2.3861
4850.6514 2.3381
4851.7676 2.2721
4852.8862 2.1902
4854.0024 2.0972
4855.1191 1.9931
4856.2388 1.8685
4857.3560 1.7234
4858.4761 1.5819
4859.5938 1.4911
4860.7144 1.4886
4861.8325 1.5752
4862.9512 1.7166
4864.0723 1.8678
4865.1914 1.9976
4866.3135 2.0975
4867.4326 2.1687
4868.5552 2.2146
4869.6753 2.2511
4870.7954 2.2902
4871.9189 2.3353
4873.0396 2.3823
4874.1631 2.4222
4875.2847 2.4559
4876.4087 2.4940
4877.5308 2.5381
4878.6528 2.5808
4879.7778 2.6104
4880.9004 2.6197
4882.0259 2.6196
4883.1489 2.6227
4884.2749 2.6339
4885.3984 2.6502
4886.5225 2.6616
4887.6494 2.6559
4888.7734 2.6442
4889.9009 2.6512
4891.0259 2.6841
4892.1538 2.7334
4893.2793 2.7809
4894.4048 2.8113
4895.5337 2.8207
4896.6597 2.8126
4897.7891 2.7973
4898.9155 2.7847
4900.0454 2.7796
4901.1724 2.7835
4902.2998 2.7967
4903.4307 2.8122
4904.5586 2.8252
4905.6895 2.8302
4906.8179 2.8191
4907.9497 2.7939
4909.0786 2.7758
4910.2080 2.7789
4911.3403 2.8022
4912.4702 2.8324
4913.6030 2.8487
4914.7334 2.8356
4915.8667 2.7955
4916.9976 2.7455
4918.1313 2.7073
4919.2627 2.6911
4920.3945 2.6891
4921.5288 2.6893
4922.6611 2.7045
4923.7964 2.7406
4924.9292 2.7890
4926.0649 2.8330
4927.1978 2.8564
4928.3315 2.8550
4929.4678 2.8309
4930.6021 2.7949
4931.7388 2.7635
4932.8735 2.7491
4934.0107 2.7528
4935.1460 2.7649
4936.2812 2.7726
4937.4194 2.7791
4938.5557 2.7933
4939.6943 2.8184
4940.8306 2.8450
4941.9702 2.8577
4943.1069 2.8540
4944.2441 2.8455
4945.3843 2.8411
4946.5220 2.8429
4947.6626 2.8462
4948.8008 2.8447
4949.9419 2.8385
4951.0806 2.8327
4952.2197 2.8222
4953.3618 2.7964
4954.5010 2.7535
4955.6436 2.7188
4956.7837 2.7191
4957.9268 2.7543
4959.0674 2.8020
4960.2080 2.8360
4961.3521 2.8431
4962.4932 2.8330
4963.6377 2.8163
4964.7793 2.7991
4965.9243 2.7870
4967.0669 2.7838
4968.2095 2.7888
4969.3550 2.7966
4970.4980 2.8067
4971.6445 2.8175
4972.7881 2.8254
4973.9351 2.8277
4975.0791 2.8235
4976.2236 2.8102
4977.3711 2.7849
4978.5161 2.7457
4979.6641 2.6973
4980.8096 2.6520
4981.9585 2.6281
4983.1045 2.6395
4984.2510 2.6799
4985.4004 2.7269
4986.5469 2.7584
4987.6968 2.7639
4988.8442 2.7501
4989.9946 2.7352
4991.1426 2.7313
4992.2910 2.7386
4993.4419 2.7518
4994.5908 2.7631
4995.7427 2.7635
4996.8921 2.7457
4998.0439 2.7143
4999.1938 2.6821
5000.3438 2.6614
5001.4971 2.6540
5002.6475 2.6483
5003.8013 2.6348
5004.9521 2.6305
5006.1064 2.6479
5007.2583 2.6750
5008.4126 2.6910
5009.5649 2.6848
5010.7173 2.6648
5011.8730 2.6458
5013.0259 2.6309
5014.1816 2.6113
5015.3354 2.5807
5016.4917 2.5475
5017.6460 2.5344
5018.8003 2.5560
5019.9575 2.6009
5021.1123 2.6475
5022.2700 2.6791
5023.4258 2.6911
5024.5840 2.6885
5025.7397 2.6821
5026.8960 2.6752
5028.0552 2.6716
5029.2119 2.6747
5030.3716 2.6824
5031.5288 2.6849
5032.6890 2.6805
5033.8472 2.6706
5035.0049 2.6560
5036.1660 2.6361
5037.3247 2.6095
5038.4863 2.5764
5039.6455 2.5592
5040.8076 2.5744
5041.9668 2.6174
5043.1270 2.6667
5044.2900 2.6948
5045.4502 2.6882
5046.6138 2.6639
5047.7749 2.6354
5048.9390 2.6127
5050.1001 2.6037
5051.2622 2.6115
5052.4268 2.6279
5053.5894 2.6401
5054.7544 2.6517
5055.9175 2.6673
5057.0830 2.6852
5058.2466 2.6977
5059.4102 2.7008
5060.5771 2.6922
5061.7412 2.6735
5062.9082 2.6511
5064.0732 2.6321
5065.2407 2.6224
5066.4062 2.6242
5067.5718 2.6266
5068.7402 2.6226
5069.9062 2.6145
5071.0752 2.6068
5072.2417 2.6015
5073.4116 2.6028
5074.5786 2.6080
5075.7461 2.6041
5076.9165 2.5892
5078.0845 2.5713
5079.2554 2.5618
5080.4238 2.5675
5081.5957 2.5859
5082.7646 2.6031
5083.9336 2.6123
5085.1060 2.6152
5086.2759 2.6173
5087.4487 2.6214
5088.6191 2.6284
5089.7925 2.6346
5090.9634 2.6379
5092.1348 2.6370
5093.3091 2.6277
5094.4805 2.6040
5095.6553 2.5732
5096.8276 2.5506
5098.0029 2.5454
5099.1758 2.5582
5100.3516 2.5826
5101.5249 2.6074
5102.6987 2.6196
5103.8750 2.6158
5105.0493 2.6031
5106.2266 2.5905
5107.4014 2.5816
5108.5791 2.5769
5109.7544 2.5826
5110.9297 2.5950
5112.1084 2.6073
5113.2842 2.6157
5114.4634 2.6202
5115.6401 2.6200
5116.8198 2.6156
5117.9966 2.6076
5119.1743 2.5944
5120.3545 2.5757
5121.5327 2.5548
5122.7134 2.5356
5123.8921 2.5259
5125.0737 2.5223
5126.2524 2.5192
5127.4321 2.5155
5128.6143 2.5145
5129.7939 2.5174
5130.9771 2.5194
5132.1572 2.5223
5133.3408 2.5241
5134.5220 2.5195
5135.7031 2.5039
5136.8872 2.4826
5138.0688 2.4712
5139.2539 2.4733
5140.4360 2.4866
5141.6216 2.5037
5142.8042 2.5141
5143.9873 2.5177
5145.1738 2.5175
5146.3574 2.5163
5147.5439 2.5167
5148.7280 2.5180
5149.9155 2.5142
5151.1001 2.4999
5152.2852 2.4886
5153.4731 2.4919
5154.6587 2.5084
5155.8477 2.5281
5157.0337 2.5387
5158.2227 2.5308
5159.4097 2.5138
5160.5962 2.5007
5161.7861 2.4871
5162.9736 2.4576
5164.1646 2.4006
5165.3525 2.3228
5166.5435 2.2709
5167.7319 2.2610
5168.9209 2.2799
5170.1128 2.3096
5171.3022 2.3463
5172.4946 2.3970
5173.6846 2.4580
5174.8779 2.5057
5176.0684 2.5275
5177.2588 2.5267
5178.4526 2.5108
5179.6440 2.4676
5180.8384 2.4041
5182.0303 2.3564
5183.2251 2.3424
5184.4175 2.3559
5185.6104 2.3762
5186.8062 2.3812
5187.9995 2.3756
5189.1958 2.3738
5190.3896 2.3779
5191.5864 2.3824
5192.7808 2.3835
5193.9780 2.3808
5195.1729 2.3774
5196.3682 2.3840
5197.5664 2.4018
5198.7622 2.4225
5199.9609 2.4329
5201.1572 2.4194
5202.3564 2.3913
5203.5532 2.3660
5204.7505 2.3510
5205.9507 2.3499
5207.1484 2.3669
5208.3491 2.3950
5209.5474 2.4256
5210.7485 2.4418
5211.9473 2.4381
5213.1460 2.4225
5214.3481 2.4100
5215.5479 2.4097
5216.7505 2.4276
5217.9507 2.4521
5219.1538 2.4696
5220.3545 2.4717
5221.5557 2.4526
5222.7598 2.4008
5223.9609 2.3294
5225.1655 2.2817
5226.3677 2.2795
5227.5728 2.3148
5228.7754 2.3555
5229.9785 2.3622
5231.1846 2.3377
5232.3877 2.3140
5233.5942 2.3115
5234.7983 2.3322
5236.0054 2.3643
5237.2100 2.3918
5238.4150 2.4065
5239.6230 2.4111
5240.8281 2.4124
5242.0366 2.4154
5243.2427 2.4197
5244.4517 2.4221
5245.6582 2.4179
5246.8652 2.4084
5248.0747 2.3994
5249.2822 2.3943
5250.4927 2.3905
5251.7007 2.3853
5252.9116 2.3817
5254.1201 2.3861
5255.3286 2.3963
5256.5405 2.4010
5257.7500 2.3869
5258.9624 2.3508
5260.1724 2.3017
5261.3853 2.2540
5262.5957 2.2220
5263.8062 2.2117
5265.0200 2.2146
5266.2310 2.2125
5267.4458 2.2087
5268.6572 2.2129
5269.8721 2.2294
5271.0845 2.2515
5272.2974 2.2633
5273.5132 2.2606
5274.7261 2.2679
5275.9424 2.2887
5277.1562 2.3118
5278.3730 2.3221
5279.5874 2.3107
5280.8047 2.2893
5282.0195 2.2825
5283.2349 2.2967
5284.4531 2.3259
5285.6689 2.3579
5286.8877 2.3796
5288.1040 2.3859
5289.3232 2.3845
5290.5400 2.3805
5291.7573 2.3750
5292.9775 2.3668
5294.1953 2.3550
5295.4160 2.3400
5296.6343 2.3300
5297.8555 2.3274
5299.0742 2.3281
5300.2935 2.3282
5301.5156 2.3252
5302.7354 2.3077
5303.9580 2.2934
5305.1782 2.3016
5306.4014 2.3197
5307.6221 2.3313
5308.8433 2.3386
5310.0674 2.3373
5311.2891 2.3250
5312.5137 2.2965
5313.7358 2.2608
5314.9614 2.2381
5316.1841 2.2472
5317.4072 2.2833
5318.6333 2.3162
5319.8569 2.3235
5321.0835 2.3051
5322.3076 2.2743
5323.5347 2.2437
5324.7598 2.2133
5325.9844 2.1930
5327.2129 2.1945
5328.4380 2.2181
5329.6670 2.2549
5330.8931 2.2875
5332.1221 2.2888
5333.3491 2.2693
5334.5757 2.2473
5335.8062 2.2277
5337.0337 2.2132
5338.2642 2.2139
5339.4922 2.2350
5340.7236 2.2594
5341.9521 2.2759
5343.1812 2.2817
5344.4131 2.2792
5345.6426 2.2731
5346.8755 2.2666
5348.1055 2.2668
5349.3389 2.2731
5350.5693 2.2828
5351.8003 2.2932
5353.0342 2.3010
5354.2656 2.3049
5355.5005 2.3068
5356.7324 2.3060
5357.9678 2.2983
5359.2002 2.2777
5360.4331 2.2441
5361.6694 2.2138
5362.9028 2.2024
5364.1392 2.2066
5365.3735 2.2110
5366.6108 2.2030
5367.8452 2.1855
5369.0801 2.1756
5370.3184 2.1873
5371.5537 2.2158
5372.7925 2.2476
5374.0283 2.2689
5375.2676 2.2723
5376.5039 2.2584
5377.7441 2.2358
5378.9810 2.2114
5380.2183 2.1952
5381.4590 2.1971
5382.6973 2.2180
5383.9385 2.2400
5385.1768 2.2523
5386.4189 2.2529
5387.6577 2.2455
5388.8975 2.2347
5390.1401 2.2243
5391.3799 2.2189
5392.6230 2.2103
5393.8638 2.1977
5395.1074 2.1863
5396.3486 2.1800
5397.5903 2.1790
5398.8350 2.1856
5400.0767 2.1790
5401.3223 2.1570
5402.5645 2.1354
5403.8105 2.1292
5405.0537 2.1381
5406.2969 2.1513
5407.5439 2.1589
5408.7876 2.1621
5410.0352 2.1638
5411.2798 2.1641
5412.5273 2.1629
5413.7725 2.1664
5415.0181 2.1741
5416.2666 2.1832
5417.5127 2.1896
5418.7617 2.1891
5420.0083 2.1778
5421.2583 2.1564
5422.5054 2.1442
5423.7529 2.1446
5425.0034 2.1505
5426.2515 2.1537
5427.5029 2.1512
5428.7515 2.1476
5430.0034 2.1474
5431.2524 2.1478
5432.5020 2.1476
5433.7549 2.1517
5435.0049 2.1676
5436.2578 2.1876
5437.5088 2.2000
5438.7627 2.2064
5440.0137 2.2038
5441.2651 2.1874
5442.5200 2.1598
5443.7720 2.1339
5445.0273 2.1256
5446.2798 2.1368
5447.5356 2.1602
5448.7891 2.1832
5450.0425 2.1898
5451.2993 2.1718
5452.5532 2.1458
5453.8105 2.1293
5455.0654 2.1316
5456.3232 2.1514
5457.5786 2.1740
5458.8340 2.1742
5460.0928 2.1547
5461.3486 2.1359
5462.6084 2.1285
5463.8647 2.1343
5465.1250 2.1515
5466.3823 2.1652
5467.6396 2.1648
5468.9004 2.1621
5470.1587 2.1590
5471.4199 2.1481
5472.6787 2.1245
5473.9404 2.0960
5475.1997 2.0791
5476.4624 2.0825
5477.7222 2.1020
5478.9824 2.1251
5480.2461 2.1402
5481.5068 2.1473
5482.7705 2.1453
5484.0322 2.1371
5485.2964 2.1299
5486.5586 2.1289
5487.8208 2.1324
5489.0859 2.1345
5490.3491 2.1356
5491.6147 2.1339
5492.8784 2.1289
5494.1450 2.1236
5495.4087 2.1215
5496.6729 2.1148
5497.9404 2.1087
5499.2056 2.1063
5500.4736 2.1022
5501.7388 2.0951
5503.0073 2.0943
5504.2734 2.1005
5505.5396 2.0984
5506.8096 2.0915
5508.0762 2.0901
5509.3462 2.0968
5510.6138 2.1019
5511.8843 2.1029
5513.1523 2.1078
5514.4209 2.1147
5515.6924 2.1206
5516.9614 2.1245
5518.2334 2.1255
5519.5029 2.1205
5520.7759 2.1133
5522.0459 2.0981
5523.3159 2.0709
5524.5898 2.0364
5525.8608 2.0101
5527.1348 2.0111
5528.4062 2.0360
5529.6812 2.0603
5530.9536 2.0701
5532.2256 2.0667
5533.5015 2.0604
5534.7744 2.0625
5536.0508 2.0789
5537.3242 2.0949
5538.6011 2.0985
5539.8755 2.0896
5541.1499 2.0778
5542.4277 2.0692
5543.7026 2.0690
5544.9810 2.0725
5546.2568 2.0764
5547.5356 2.0801
5548.8115 2.0834
5550.0884 2.0810
5551.3682 2.0742
5552.6450 2.0714
5553.9258 2.0716
5555.2031 2.0715
5556.4844 2.0732
5557.7627 2.0720
5559.0410 2.0643
5560.3232 2.0537
5561.6021 2.0469
5562.8848 2.0466
5564.1646 2.0469
5565.4473 2.0408
5566.7280 2.0348
5568.0083 2.0281
5569.2925 2.0224
5570.5737 2.0204
5571.8579 2.0206
5573.1401 2.0214
5574.4253 2.0294
5575.7075 2.0385
5576.9932 2.0431
5578.2764 2.0420
5579.5596 2.0381
5580.8462 2.0325
5582.1299 2.0247
5583.4170 2.0062
5584.7017 1.9804
5585.9893 1.9605
5587.2744 1.9572
5588.5601 1.9689
5589.8486 1.9834
5591.1348 1.9922
5592.4238 1.9939
5593.7104 1.9892
5595.0005 1.9796
5596.2876 1.9717
5597.5747 1.9661
5598.8657 1.9601
5600.1538 1.9600
5601.4448 1.9707
5602.7334 1.9873
5604.0254 2.0089
5605.3149 2.0219
5606.6045 2.0238
5607.8970 2.0223
5609.1870 2.0217
5610.4805 2.0150
5611.7715 1.9954
5613.0654 1.9727
5614.3569 1.9596
5615.6484 1.9637
5616.9434 1.9824
5618.2354 1.9995
5619.5308 1.9985
5620.8237 1.9908
5622.1201 1.9849
5623.4131 1.9832
5624.7070 1.9854
5626.0039 1.9912
5627.2983 1.9991
5628.5957 1.9986
5629.8906 1.9937
5631.1890 1.9886
5632.4844 1.9840
5633.7803 1.9792
5635.0791 1.9749
5636.3755 1.9725
5637.6753 1.9679
5638.9722 1.9641
5640.2725 1.9650
5641.5703 1.9692
5642.8682 1.9784
5644.1694 1.9806
5645.4678 1.9778
5646.7695 1.9762
5648.0684 1.9770
5649.3711 1.9749
5650.6704 1.9682
5651.9707 1.9597
5653.2739 1.9458
5654.5742 1.9259
5655.8784 1.9083
5657.1797 1.9048
5658.4839 1.9029
5659.7856 1.9119
5661.0879 1.9237
5662.3931 1.9310
5663.6958 1.9343
5665.0020 1.9371
5666.3052 1.9352
5667.6118 1.9378
5668.9155 1.9452
5670.2197 1.9488
5671.5273 1.9459
5672.8320 1.9459
5674.1401 1.9465
5675.4453 1.9475
5676.7539 1.9450
5678.0601 1.9367
5679.3696 1.9255
5680.6758 1.9169
5681.9829 1.9078
5683.2930 1.9010
5684.6006 1.8987
5685.9111 1.9019
5687.2192 1.9078
5688.5308 1.9119
5689.8394 1.9181
5691.1484 1.9246
5692.4609 1.9276
5693.7705 1.9280
5695.0835 1.9270
5696.3936 1.9217
5697.7070 1.9151
5699.0176 1.9125
5700.3286 1.9114
5701.6431 1.9103
5702.9551 1.9079
5704.2700 1.9002
5705.5825 1.8850
5706.8979 1.8750
5708.2109 1.8733
5709.5239 1.8779
5710.8408 1.8850
5712.1543 1.8928
5713.4717 1.9045
5714.7861 1.9044
5716.1040 1.8999
5717.4189 1.8994
5718.7339 1.9021
5720.0527 1.9020
5721.3687 1.9033
5722.6880 1.9055
5724.0044 1.9013
5725.3242 1.8961
5726.6416 1.8966
5727.9590 1.8968
5729.2798 1.8939
5730.5977 1.8932
5731.9194 1.8925
5733.2378 1.8931
5734.5601 1.8944
5735.8794 1.8902
5737.1987 1.8867
5738.5215 1.8849
5739.8418 1.8844
5741.1655 1.8861
5742.4863 1.8865
5743.8105 1.8799
5745.1318 1.8772
5746.4536 1.8755
5747.7783 1.8729
5749.1006 1.8672
5750.4268 1.8589
5751.7495 1.8545
5753.0757 1.8576
5754.3994 1.8661
5755.7231 1.8692
5757.0503 1.8656
5758.3745 1.8601
5759.7026 1.8533
5761.0273 1.8462
5762.3560 1.8491
5763.6816 1.8585
5765.0078 1.8652
5766.3369 1.8647
5767.6636 1.8623
5768.9937 1.8626
5770.3208 1.8630
5771.6514 1.8605
5772.9790 1.8561
5774.3071 1.8524
5775.6387 1.8506
5776.9673 1.8486
5778.2993 1.8481
5779.6289 1.8480
5780.9614 1.8458
5782.2915 1.8429
5783.6250 1.8447
5784.9556 1.8461
5786.2861 1.8436
5787.6206 1.8399
5788.9521 1.8355
5790.2871 1.8310
5791.6191 1.8296
5792.9546 1.8310
5794.2871 1.8337
5795.6201 1.8367
5796.9565 1.8388
5798.2900 1.8399
5799.6274 1.8424
5800.9614 1.8432
5802.2993 1.8390
5803.6338 1.8343
5804.9692 1.8324
5806.3076 1.8335
5807.6436 1.8355
5808.9824 1.8360
5810.3188 1.8368
5811.6587 1.8358
5812.9956 1.8315
5814.3330 1.8271
5815.6738 1.8293
5817.0117 1.8350
5818.3530 1.8366
5819.6914 1.8345
5821.0337 1.8326
5822.3726 1.8336
5823.7119 1.8369
5825.0552 1.8392
5826.3950 1.8378
5827.7388 1.8348
5829.0791 1.8335
5830.4233 1.8337
5831.7646 1.8313
5833.1064 1.8279
5834.4517 1.8285
5835.7935 1.8323
5837.1396 1.8341
5838.4824 1.8310
5839.8286 1.8274
5841.1719 1.8274
5842.5156 1.8267
5843.8633 1.8283
5845.2075 1.8300
5846.5552 1.8283
5847.9004 1.8247
5849.2490 1.8145
5850.5942 1.8034
5851.9404 1.7934
5853.2896 1.7819
5854.6362 1.7703
5855.9863 1.7680
5857.3335 1.7676
5858.6841 1.7748
5860.0322 1.7860
5861.3799 1.7926
5862.7319 1.7928
5864.0806 1.7970
5865.4326 1.8047
5866.7822 1.8055
5868.1348 1.8031
5869.4849 1.8029
5870.8350 1.8043
5872.1890 1.8017
5873.5400 1.7958
5874.8940 1.7914
5876.2456 1.7910
5877.6006 1.7889
5878.9531 1.7814
5880.3052 1.7748
5881.6611 1.7723
5883.0146 1.7664
5884.3711 1.7478
5885.7246 1.7172
5887.0820 1.6844
5888.4365 1.6645
5889.7939 1.6702
5891.1489 1.6881
5892.5044 1.6920
5893.8633 1.6807
5895.2192 1.6736
5896.5786 1.6891
5897.9351 1.7203
5899.2949 1.7406
5900.6523 1.7502
5902.0098 1.7532
5903.3706 1.7529
5904.7285 1.7540
5906.0903 1.7509
5907.4487 1.7484
5908.8110 1.7440
5910.1704 1.7385
5911.5303 1.7334
5912.8931 1.7276
5914.2534 1.7332
5915.6172 1.7340
5916.9780 1.7284
5918.3428 1.7293
5919.7041 1.7373
5921.0659 1.7310
5922.4312 1.7235
5923.7939 1.7329
5925.1597 1.7363
5926.5229 1.7297
5927.8896 1.7244
5929.2534 1.7217
5930.6172 1.7197
5931.9849 1.7254
5933.3496 1.7328
5934.7178 1.7362
5936.0830 1.7352
5937.4517 1.7299
5938.8179 1.7128
5940.1841 1.7011
5941.5537 1.7028
5942.9204 1.7056
5944.2910 1.6989
5945.6587 1.6928
5947.0298 1.6892
5948.3975 1.6914
5949.7661 1.6987
5951.1382 1.7050
5952.5073 1.7059
5953.8799 1.7033
5955.2495 1.6973
5956.6226 1.6920
5957.9932 1.6970
5959.3638 1.7065
5960.7378 1.7096
5962.1094 1.7087
5963.4839 1.7065
5964.8560 1.6970
5966.2314 1.6890
5967.6040 1.6884
5968.9766 1.6938
5970.3530 1.6985
5971.7266 1.6957
5973.1035 1.6881
5974.4780 1.6809
5975.8555 1.6786
5977.2305 1.6806
5978.6055 1.6804
5979.9839 1.6764
5981.3599 1.6727
5982.7388 1.6695
5984.1152 1.6661
5985.4951 1.6635
5986.8721 1.6628
5988.2495 1.6614
5989.6304 1.6635
5991.0083 1.6670
5992.3896 1.6694
5993.7681 1.6710
5995.1504 1.6733
5996.5298 1.6707
5997.9126 1.6641
5999.2920 1.6601
6000.6724 1.6598
6002.0562 1.6593
6003.4370 1.6565
6004.8213 1.6546
6006.2026 1.6473
6007.5874 1.6421
6008.9697 1.6445
6010.3521 1.6497
6011.7378 1.6475
6013.1211 1.6408
6014.5078 1.6392
6015.8911 1.6384
6017.2783 1.6355
6018.6626 1.6319
6020.0474 1.6287
6021.4355 1.6254
6022.8208 1.6266
6024.2095 1.6306
6025.5957 1.6339
6026.9849 1.6364
6028.3716 1.6400
6029.7583 1.6392
6031.1489 1.6414
6032.5361 1.6416
6033.9272 1.6423
6035.3154 1.6466
6036.7070 1.6469
6038.0957 1.6415
6039.4849 1.6335
6040.8774 1.6267
6042.2671 1.6238
6043.6606 1.6245
6045.0508 1.6271
6046.4448 1.6310
6047.8359 1.6308
6049.2271 1.6266
6050.6221 1.6218
6052.0142 1.6187
6053.4097 1.6165
6054.8022 1.6192
6056.1982 1.6218
6057.5918 1.6260
6058.9854 1.6300
6060.3823 1.6282
6061.7764 1.6189
6063.1743 1.6107
6064.5693 1.6078
6065.9678 1.6082
6067.3633 1.6127
6068.7588 1.6207
6070.1582 1.6249
6071.5547 1.6186
6072.9551 1.6230
6074.3521 1.6235
6075.7529 1.6109
6077.1504 1.5971
6078.5483 1.5995
6079.9502 1.5974
6081.3491 1.5911
6082.7515 1.5947
6084.1504 1.6056
6085.5537 1.6101
6086.9536 1.6053
6088.3540 1.6050
6089.7578 1.6062
6091.1587 1.6045
6092.5635 1.6015
6093.9648 1.5997
6095.3701 1.5982
6096.7725 1.5982
6098.1782 1.5866
6099.5811 1.5699
6100.9844 1.5633
6102.3911 1.5690
6103.7949 1.5708
6105.2026 1.5770
6106.6069 1.5880
6108.0151 1.5923
6109.4204 1.5894
6110.8257 1.5870
6112.2349 1.5873
6113.6411 1.5853
6115.0508 1.5846
6116.4575 1.5797
6117.8682 1.5704
6119.2754 1.5608
6120.6831 1.5536
6122.0947 1.5506
6123.5029 1.5590
6124.9150 1.5731
6126.3242 1.5817
6127.7368 1.5797
6129.1465 1.5733
6130.5566 1.5662
6131.9702 1.5567
6133.3809 1.5437
6134.7954 1.5280
6136.2065 1.5145
6137.6216 1.5114
6139.0337 1.5141
6140.4458 1.5183
6141.8618 1.5256
6143.2749 1.5317
6144.6914 1.5315
6146.1050 1.5281
6147.5220 1.5292
6148.9365 1.5339
6150.3511 1.5395
6151.7690 1.5397
6153.1846 1.5299
6154.6035 1.5139
6156.0190 1.5035
6157.4390 1.4976
6158.8555 1.4932
6160.2720 1.4934
6161.6929 1.4978
6163.1104 1.4993
6164.5312 1.5136
6165.9497 1.5244
6167.3711 1.5208
6168.7900 1.5162
6170.2095 1.5248
6171.6323 1.5330
6173.0518 1.5256
6174.4756 1.5312
6175.8960 1.5399
6177.3198 1.5431
6178.7412 1.5426
6180.1626 1.5401
6181.5874 1.5324
6183.0098 1.5360
6184.4355 1.5365
6185.8579 1.5275
6187.2847 1.5180
6188.7080 1.5161
6190.1318 1.5131
6191.5591 1.5089
6192.9834 1.5124
6194.4116 1.5202
6195.8364 1.5238
6197.2651 1.5248
6198.6909 1.5286
6200.1172 1.5241
6201.5469 1.5133
6202.9731 1.5075
6204.4038 1.5147
6205.8311 1.5264
6207.2622 1.5252
6208.6899 1.5186
6210.1216 1.5140
6211.5503 1.5096
6212.9795 1.5023
6214.4121 1.4970
6215.8418 1.4937
6217.2749 1.4916
6218.7056 1.4871
6220.1392 1.4840
6221.5703 1.4893
6223.0015 1.5007
6224.4365 1.4989
6225.8687 1.4915
6227.3042 1.4814
6228.7368 1.4719
6230.1729 1.4671
6231.6064 1.4685
6233.0400 1.4755
6234.4771 1.4750
6235.9116 1.4685
6237.3496 1.4614
6238.7842 1.4591
6240.2231 1.4648
6241.6587 1.4642
6243.0942 1.4488
6244.5342 1.4364
6245.9707 1.4343
6247.4111 1.4390
6248.8481 1.4504
6250.2891 1.4605
6251.7271 1.4554
6253.1650 1.4497
6254.6069 1.4523
6256.0459 1.4602
6257.4888 1.4675
6258.9282 1.4696
6260.3716 1.4674
6261.8115 1.4681
6263.2520 1.4712
6264.6963 1.4712
6266.1377 1.4676
6267.5825 1.4632
6269.0244 1.4610
6270.4702 1.4603
6271.9126 1.4604
6273.3555 1.4454
6274.8022 1.3900
6276.2456 1.3496
6277.6929 1.3670
6279.1372 1.3958
6280.5850 1.4134
6282.0298 1.4271
6283.4751 1.4343
6284.9238 1.4351
6286.3696 1.4299
6287.8193 1.4240
6289.2661 1.4220
6290.7163 1.4247
6292.1636 1.4264
6293.6108 1.4223
6295.0620 1.4183
6296.5103 1.4163
6297.9624 1.4138
6299.4111 1.4080
6300.8638 1.4033
6302.3135 1.4169
6303.7632 1.4212
6305.2168 1.4269
6306.6675 1.4323
6308.1216 1.4287
6309.5728 1.4287
6311.0278 1.4335
6312.4795 1.4256
6313.9316 1.4124
6315.3877 1.4057
6316.8403 1.4081
6318.2974 1.4137
6319.7510 1.4276
6321.2080 1.4340
6322.6621 1.4306
6324.1201 1.4262
6325.5752 1.4279
6327.0303 1.4313
6328.4893 1.4335
6329.9453 1.4241
6331.4048 1.4135
6332.8613 1.4101
6334.3218 1.4112
6335.7788 1.4092
6337.2363 1.4119
6338.6978 1.4162
6340.1558 1.4148
6341.6182 1.4061
6343.0767 1.3921
6344.5396 1.3760
6345.9990 1.3756
6347.4590 1.3889
6348.9229 1.4044
6350.3833 1.4164
6351.8477 1.4222
6353.3091 1.4179
6354.7739 1.4147
6356.2358 1.4172
6357.6982 1.4134
6359.1641 1.4048
6360.6270 1.4030
6362.0938 1.4099
6363.5576 1.4136
6365.0249 1.4059
6366.4893 1.3928
6367.9536 1.3827
6369.4224 1.3805
6370.8877 1.3862
6372.3564 1.3972
6373.8228 1.4097
6375.2925 1.4188
6376.7588 1.4215
6378.2261 1.4175
6379.6968 1.4089
6381.1646 1.4035
6382.6357 1.4074
6384.1040 1.4110
6385.5762 1.4092
6387.0454 1.4067
6388.5146 1.4088
6389.9878 1.4044
6391.4580 1.3996
6392.9316 1.3944
6394.4023 1.3922
6395.8770 1.3940
6397.3481 1.3905
6398.8198 1.3841
6400.2954 1.3867
6401.7681 1.3938
6403.2441 1.3955
6404.7173 1.3891
6406.1943 1.3832
6407.6680 1.3763
6409.1421 1.3761
6410.6196 1.3790
6412.0947 1.3804
6413.5732 1.3772
6415.0488 1.3685
6416.5278 1.3651
6418.0039 1.3724
6419.4805 1.3783
6420.9609 1.3846
6422.4380 1.3938
6423.9189 1.3907
6425.3970 1.3940
6426.8784 1.3927
6428.3569 1.3810
6429.8359 1.3679
6431.3184 1.3623
6432.7979 1.3599
6434.2812 1.3611
6435.7617 1.3560
6437.2456 1.3525
6438.7266 1.3588
6440.2114 1.3717
6441.6929 1.3784
6443.1748 1.3759
6444.6606 1.3682
6446.1431 1.3631
6447.6294 1.3621
6449.1128 1.3617
6450.6001 1.3561
6452.0840 1.3361
6453.5684 1.3173
6455.0566 1.3055
6456.5415 1.3050
6458.0303 1.3173
6459.5161 1.3321
6461.0054 1.3323
6462.4917 1.3351
6463.9785 1.3407
6465.4692 1.3417
6466.9565 1.3358
6468.4478 1.3304
6469.9360 1.3291
6471.4277 1.3215
6472.9165 1.3133
6474.4058 1.3188
6475.8984 1.3344
6477.3882 1.3297
6478.8818 1.3263
6480.3726 1.3179
6481.8667 1.3122
6483.3579 1.3185
6484.8496 1.3319
6486.3447 1.3308
6487.8369 1.3114
6489.3330 1.2936
6490.8262 1.2745
6492.3228 1.2541
6493.8164 1.2440
6495.3101 1.2568
6496.8081 1.2874
6498.3027 1.3101
6499.8013 1.3217
6501.2964 1.3263
6502.7954 1.3274
6504.2915 1.3269
6505.7876 1.3216
6507.2881 1.3240
6508.7852 1.3253
6510.2861 1.3150
6511.7837 1.2903
6513.2852 1.2599
6514.7837 1.2484
6516.2822 1.2556
6517.7852 1.2731
6519.2842 1.2888
6520.7876 1.2916
6522.2876 1.2828
6523.7920 1.2846
6525.2925 1.2833
6526.7939 1.2816
6528.2988 1.2783
6529.8008 1.2674
6531.3062 1.2525
6532.8091 1.2506
6534.3154 1.2472
6535.8184 1.2439
6537.3223 1.2402
6538.8296 1.2301
6540.3340 1.2110
6541.8423 1.1843
6543.3472 1.1791
6544.8560 1.1715
6546.3613 1.1514
6547.8677 1.1317
6549.3774 1.1145
6550.8843 1.0832
6552.3945 1.0557
6553.9019 1.0200
6555.4136 0.9655
6556.9214 0.8916
6558.4336 0.8044
6559.9424 0.7338
6561.4512 0.7055
6562.9644 0.7370
6564.4741 0.8167
6565.9878 0.9071
6567.4985 0.9726
6569.0127 1.0167
6570.5239 1.0516
6572.0356 1.0820
6573.5513 1.1151
6575.0635 1.1491
6576.5796 1.1631
6578.0923 1.1673
6579.6094 1.1811
6581.1230 1.1912
6582.6372 1.1907
6584.1548 1.1894
6585.6694 1.1979
6587.1885 1.2122
6588.7036 1.2189
6590.2231 1.2212
6591.7393 1.2246
6593.2554 1.2332
6594.7759 1.2488
6596.2930 1.2513
6597.8140 1.2480
6599.3320 1.2490
6600.8535 1.2513
6602.3721 1.2485
6603.8911 1.2465
6605.4141 1.2509
6606.9336 1.2539
6608.4570 1.2538
6609.9771 1.2550
6611.5015 1.2588
6613.0225 1.2562
6614.5439 1.2529
6616.0693 1.2566
6617.5913 1.2572
6619.1172 1.2555
6620.6396 1.2598
6622.1665 1.2656
6623.6899 1.2622
6625.2139 1.2579
6626.7417 1.2549
6628.2661 1.2510
6629.7944 1.2471
6631.3198 1.2497
6632.8486 1.2546
6634.3745 1.2497
6635.9009 1.2491
6637.4312 1.2544
6638.9580 1.2547
6640.4888 1.2503
6642.0166 1.2522
6643.5483 1.2535
6645.0767 1.2529
6646.6055 1.2516
6648.1382 1.2507
6649.6675 1.2500
6651.2007 1.2471
6652.7310 1.2476
6654.2651 1.2472
6655.7959 1.2464
6657.3271 1.2467
6658.8623 1.2403
6660.3940 1.2341
6661.9297 1.2340
6663.4624 1.2365
6664.9990 1.2398
6666.5322 1.2437
6668.0659 1.2449
6669.6035 1.2429
6671.1377 1.2384
6672.6763 1.2313
6674.2114 1.2258
6675.7505 1.2248
6677.2861 1.2243
6678.8257 1.2245
6680.3623 1.2268
6681.8989 1.2302
6683.4399 1.2321
6684.9775 1.2313
6686.5190 1.2304
6688.0571 1.2345
6689.5996 1.2330
6691.1382 1.2287
6692.6777 1.2279
6694.2212 1.2283
6695.7607 1.2204
6697.3052 1.2163
6698.8457 1.2146
6700.3906 1.2159
6701.9316 1.2200
6703.4736 1.2230
6705.0195 1.2194
6706.5620 1.2169
6708.1084 1.2156
6709.6519 1.2151
6711.1987 1.2130
6712.7427 1.2070
6714.2871 1.1985
6715.8354 1.1905
6717.3804 1.1898
6718.9292 1.1947
6720.4751 1.2004
6722.0249 1.2036
6723.5713 1.2038
6725.1177 1.2035
6726.6685 1.2001
6728.2163 1.1974
6729.7676 1.1957
6731.3159 1.1920
6732.8682 1.1891
6734.4170 1.1973
6735.9663 1.1998
6737.5195 1.1959
6739.0693 1.1874
6740.6235 1.1783
6742.1743 1.1786
6743.7290 1.1770
6745.2803 1.1766
6746.8320 1.1797
6748.3877 1.1833
6749.9404 1.1842
6751.4966 1.1842
6753.0498 1.1735
6754.6069 1.1688
6756.1611 1.1724
6757.7153 1.1777
6759.2734 1.1816
6760.8286 1.1872
6762.3877 1.1797
6763.9434 1.1756
6765.5029 1.1770
6767.0596 1.1778
6768.6162 1.1755
6770.1772 1.1752
6771.7344 1.1724
6773.2959 1.1705
6774.8540 1.1718
6776.4165 1.1731
6777.9756 1.1711
6779.5347 1.1691
6781.0981 1.1693
6782.6582 1.1707
6784.2222 1.1718
6785.7827 1.1728
6787.3477 1.1735
6788.9092 1.1712
6790.4707 1.1727
6792.0366 1.1756
6793.5991 1.1748
6795.1655 1.1716
6796.7290 1.1702
6798.2964 1.1688
6799.8604 1.1673
6801.4282 1.1692
6802.9927 1.1713
6804.5581 1.1700
6806.1270 1.1652
6807.6929 1.1614
6809.2627 1.1632
6810.8291 1.1639
6812.3994 1.1623
6813.9668 1.1618
6815.5342 1.1634
6817.1060 1.1616
6818.6743 1.1585
6820.2466 1.1588
6821.8154 1.1600
6823.3887 1.1568
6824.9585 1.1461
6826.5283 1.1354
6828.1025 1.1453
6829.6733 1.1525
6831.2485 1.1546
6832.8198 1.1544
6834.3955 1.1526
6835.9678 1.1512
6837.5405 1.1480
6839.1172 1.1413
6840.6904 1.1387
6842.2681 1.1425
6843.8418 1.1475
6845.4199 1.1484
6846.9946 1.1477
6848.5698 1.1472
6850.1494 1.1460
6851.7251 1.1402
6853.3052 1.1310
6854.8818 1.1304
6856.4624 1.1351
6858.0396 1.1349
6859.6177 1.1351
6861.1992 1.1385
6862.7778 1.1410
6864.3604 1.1404
6865.9395 1.1395
6867.5225 1.1382
6869.1025 1.1374
6870.6826 1.1373
6872.2671 1.1371
6873.8481 1.1362
6875.4331 1.1358
6877.0146 1.1351
6878.6006 1.1325
6880.1831 1.1296
6881.7656 1.1293
6883.3525 1.1295
6884.9360 1.1261
6886.5239 1.1273
6888.1079 1.1299
6889.6963 1.1306
6891.2812 1.1299
6892.8667 1.1291
6894.4561 1.1285
6896.0425 1.1277
6897.6323 1.1270
6899.2192 1.1263
6900.8105 1.1251
6902.3979 1.1227
6903.9858 1.1197
6905.5776 1.1205
6907.1665 1.1211
6908.7593 1.1190
6910.3486 1.1159
6911.9419 1.1143
6913.5322 1.1127
6915.1226 1.1130
6916.7173 1.1125
6918.3081 1.1105
6919.9038 1.1094
6921.4956 1.1116
6923.0918 1.1107
6924.6846 1.1107
6926.2812 1.1110
6927.8745 1.1107
6929.4683 1.1106
6931.0664 1.1102
6932.6606 1.1107
6934.2593 1.1106
6935.8545 1.1094
6937.4541 1.1080
6939.0498 1.1078
6940.6460 1.1078
6942.2466 1.1033
6943.8438 1.1019
6945.4448 1.1036
6947.0430 1.1048
6948.6445 1.1035
6950.2432 1.1014
6951.8423 1.1017
6953.4453 1.1004
6955.0449 1.0991
6956.6489 1.0993
6958.2490 1.0985
6959.8535 1.0925
6961.4546 1.0911
6963.0562 1.0942
6964.6621 1.0969
6966.2642 1.0971
6967.8706 1.0955
6969.4736 1.0924
6971.0806 1.0908
6972.6841 1.0881
6974.2886 1.0815
6975.8965 1.0755
6977.5015 1.0763
6979.1104 1.0813
6980.7158 1.0850
6982.3257 1.0879
6983.9321 1.0899
6985.5386 1.0904
6987.1494 1.0901
6988.7568 1.0917
6990.3687 1.0944
6991.9766 1.0921
6993.5889 1.0873
6995.1978 1.0831
6996.8071 1.0803
6998.4204 1.0784
7000.0303 1.0742
7001.6445 1.0716
7003.2554 1.0703
7004.8701 1.0720
7006.4819 1.0788
7008.0938 1.0848
7009.7095 1.0813
7011.3223 1.0737
7012.9390 1.0718
7014.5522 1.0743
7016.1699 1.0746
7017.7837 1.0752
7019.3984 1.0755
7021.0171 1.0746
7022.6323 1.0736
7024.2515 1.0745
7025.8677 1.0773
7027.4878 1.0767
7029.1045 1.0695
7030.7212 1.0660
7032.3428 1.0636
7033.9604 1.0627
7035.5825 1.0671
7037.2007 1.0725
7038.8237 1.0734
7040.4429 1.0749
7042.0664 1.0751
7043.6865 1.0712
7045.3066 1.0661
7046.9316 1.0680
7048.5527 1.0712
7050.1782 1.0711
7051.7998 1.0720
7053.4263 1.0720
7055.0488 1.0649
7056.6719 1.0544
7058.2988 1.0501
7059.9229 1.0513
7061.5508 1.0496
7063.1753 1.0452
7064.8037 1.0462
7066.4292 1.0552
7068.0547 1.0550
7069.6846 1.0510
7071.3110 1.0497
7072.9419 1.0500
7074.5688 1.0474
7076.2002 1.0441
7077.8281 1.0508
7079.4561 1.0590
7081.0889 1.0585
7082.7178 1.0500
7084.3511 1.0413
7085.9810 1.0358
7087.6147 1.0401
7089.2451 1.0416
7090.8760 1.0416
7092.5112 1.0441
7094.1431 1.0472
7095.7788 1.0446
7097.4111 1.0402
7099.0479 1.0405
7100.6812 1.0433
7102.3145 1.0455
7103.9521 1.0451
7105.5864 1.0410
7107.2251 1.0303
7108.8599 1.0178
7110.4995 1.0101
7112.1353 1.0063
7113.7715 1.0041
7115.4116 1.0091
7117.0483 1.0171
7118.6899 1.0195
7120.3271 1.0216
7121.9692 1.0273
7123.6079 1.0331
7125.2466 1.0336
7126.8896 1.0296
7128.5293 1.0242
7130.1729 1.0245
7131.8130 1.0288
7133.4580 1.0300
7135.0986 1.0297
7136.7402 1.0302
7138.3857 1.0292
7140.0283 1.0254
7141.6748 1.0238
7143.3174 1.0231
7144.9648 1.0076
7146.6084 1.0015
7148.2524 1.0149
7149.9009 1.0248
7151.5459 1.0232
7153.1948 1.0201
7154.8403 1.0179
7156.4902 1.0208
7158.1367 1.0202
7159.7832 1.0142
7161.4346 1.0001
7163.0820 0.9863
7164.7339 1.0003
7166.3818 1.0130
7168.0347 1.0170
7169.6836 1.0175
7171.3369 1.0166
7172.9863 1.0129
7174.6367 1.0089
7176.2910 1.0114
7177.9419 1.0052
7179.5972 1.0006
7181.2490 1.0041
7182.9048 1.0038
7184.5571 0.9870
7186.2100 0.9899
7187.8672 1.0014
7189.5210 1.0000
7191.1787 0.9914
7192.8330 0.9940
7194.4917 1.0011
7196.1465 1.0032
7197.8022 0.9981
7199.4619 0.9872
7201.1182 0.9855
7202.7788 0.9950
7204.4355 0.9804
7206.0972 0.9793
7207.7549 0.9912
7209.4131 0.9967
7211.0757 0.9925
7212.7344 0.9903
7214.3975 0.9923
7216.0571 0.9916
7217.7212 0.9894
7219.3818 0.9836
7221.0425 0.9771
7222.7075 0.9766
7224.3691 0.9822
7226.0352 0.9849
7227.6973 0.9877
7229.3643 0.9898
7231.0273 0.9883
7232.6909 0.9839
7234.3584 0.9827
7236.0229 0.9817
7237.6914 0.9743
7239.3564 0.9717
7241.0259 0.9730
7242.6919 0.9709
7244.3579 0.9768
7246.0283 0.9803
7247.6953 0.9730
7249.3667 0.9706
7251.0342 0.9753
7252.7065 0.9763
7254.3750 0.9774
7256.0439 0.9792
7257.7168 0.9739
7259.3867 0.9696
7261.0605 0.9716
7262.7310 0.9754
7264.4058 0.9747
7266.0771 0.9750
7267.7485 0.9737
7269.4243 0.9718
7271.0967 0.9684
7272.7734 0.9635
7274.4463 0.9638
7276.1240 0.9676
7277.7979 0.9683
7279.4722 0.9651
7281.1509 0.9608
7282.8257 0.9593
7284.5054 0.9594
7286.1812 0.9350
7287.8613 0.9342
7289.5376 0.9459
7291.2148 0.9534
7292.8960 0.9580
7294.5737 0.9608
7296.2559 0.9569
7297.9341 0.9551
7299.6172 0.9555
7301.2964 0.9570
7302.9800 0.9572
7304.6602 0.9499
7306.3408 0.9430
7308.0254 0.9406
7309.7065 0.9442
7311.3921 0.9495
7313.0742 0.9509
7314.7607 0.9497
7316.4434 0.9465
7318.1265 0.9406
7319.8140 0.9420
7321.4980 0.9427
7323.1860 0.9306
7324.8711 0.9262
7326.5601 0.9377
7328.2456 0.9388
7329.9312 0.9382
7331.6216 0.9412
7333.3081 0.9414
7334.9995 0.9423
7336.6865 0.9402
7338.3784 0.9400
7340.0669 0.9409
7341.7554 0.9408
7343.4482 0.9400
7345.1377 0.9392
7346.8315 0.9386
7348.5215 0.9356
7350.2163 0.9329
7351.9067 0.9306
7353.5981 0.9284
7355.2939 0.9321
7356.9858 0.9344
7358.6826 0.9313
7360.3755 0.9280
7362.0728 0.9287
7363.7661 0.9321
7365.4604 0.9336
7367.1587 0.9336
7368.8535 0.9318
7370.5527 0.9290
7372.2485 0.9269
7373.9487 0.9268
7375.6450 0.9272
7377.3418 0.9260
7379.0430 0.9257
7380.7402 0.9255
7382.4424 0.9205
7384.1406 0.9113
7385.8433 0.9105
7387.5425 0.9137
7389.2422 0.9173
7390.9458 0.9187
7392.6465 0.9190
7394.3511 0.9207
7396.0522 0.9211
7397.7573 0.9179
7399.4595 0.9143
7401.1616 0.9122
7402.8682 0.9091
7404.5713 0.9025
7406.2788 0.8967
7407.9824 0.8951
7409.6909 0.9020
7411.3955 0.9050
7413.1006 0.9020
7414.8101 0.9010
7416.5156 0.9012
7418.2261 0.9028
7419.9326 0.9019
7421.6436 0.8980
7423.3506 0.8978
7425.0586 0.9055
7426.7705 0.9089
7428.4795 0.9054
7430.1924 0.9061
7431.9014 0.9095
7433.6152 0.9112
7435.3257 0.9105
7437.0400 0.9090
7438.7510 0.9061
7440.4624 0.9022
7442.1777 0.8960
7443.8901 0.8909
7445.6064 0.8922
7447.3193 0.8972
7449.0366 0.8971
7450.7505 0.8986
7452.4644 0.9036
7454.1831 0.9067
7455.8979 0.9022
7457.6172 0.8943
7459.3325 0.8921
7461.0527 0.8872
7462.7690 0.8849
7464.4858 0.8879
7466.2070 0.8906
7467.9248 0.8906
7469.6470 0.8973
7471.3652 0.9013
7473.0884 0.9001
7474.8076 0.8950
7476.5269 0.8897
7478.2510 0.8918
7479.9712 0.8939
7481.6963 0.8992
7483.4175 0.8995
7485.1431 0.8963
7486.8652 0.8966
7488.5874 0.8901
7490.3145 0.8825
7492.0371 0.8779
7493.7651 0.8754
7495.4888 0.8760
7497.2173 0.8813
7498.9419 0.8882
7500.6670 0.8896
7502.3970 0.8884
7504.1226 0.8853
7505.8530 0.8804
7507.5801 0.8737
7509.3110 0.8674
7511.0386 0.8715
7512.7666 0.8745
7514.4990 0.8775
7516.2275 0.8809
7517.9609 0.8799
7519.6904 0.8739
7521.4243 0.8670
7523.1548 0.8688
7524.8853 0.8733
7526.6206 0.8759
7528.3521 0.8767
7530.0884 0.8732
7531.8203 0.8731
7533.5571 0.8750
7535.2905 0.8770
7537.0239 0.8778
7538.7617 0.8764
7540.4961 0.8744
7542.2349 0.8745
7543.9702 0.8730
7545.7095 0.8721
7547.4453 0.8726
7549.1816 0.8722
7550.9229 0.8704
7552.6597 0.8628
7554.4014 0.8638
7556.1392 0.8656
7557.8818 0.8633
7559.6201 0.8627
7561.3594 0.8650
7563.1030 0.8653
7564.8428 0.8630
7566.5874 0.8603
7568.3281 0.8609
7570.0732 0.8633
7571.8149 0.8582
7573.5610 0.8593
7575.3032 0.8611
7577.0459 0.8610
7578.7930 0.8592
7580.5366 0.8555
7582.2847 0.8500
7584.0288 0.8505
7585.7778 0.8549
7587.5229 0.8574
7589.2686 0.8568
7591.0186 0.8557
7592.7646 0.8540
7594.5156 0.8534
7596.2627 0.8534
7598.0142 0.8510
7599.7622 0.8478
7601.5107 0.8481
7603.2637 0.8497
7605.0127 0.8500
7606.7661 0.8485
7608.5161 0.8471
7610.2710 0.8472
7612.0215 0.8458
7613.7725 0.8355
7615.5283 0.8289
7617.2803 0.8305
7619.0366 0.8365
7620.7896 0.8414
7622.5469 0.8426
7624.3003 0.8422
7626.0542 0.8418
7627.8130 0.8413
7629.5679 0.8407
7631.3271 0.8399
7633.0825 0.8389
7634.8428 0.8389
7636.5991 0.8370
7638.3560 0.8359
7640.1172 0.8363
7641.8750 0.8365
7643.6372 0.8355
7645.3955 0.8352
7647.1587 0.8348
7648.9180 0.8338
7650.6772 0.8293
7652.4419 0.8221
7654.2021 0.8146
7655.9673 0.8052
7657.7285 0.8071
7659.4941 0.8099
7661.2563 0.8024
7663.0186 0.8001
7664.7856 0.8186
7666.5493 0.8242
7668.3169 0.8241
7670.0811 0.8253
7671.8496 0.8253
7673.6147 0.8247
7675.3799 0.8240
7677.1499 0.8137
7678.9160 0.8150
7680.6870 0.8194
7682.4536 0.8178
7684.2251 0.8148
7685.9932 0.8183
7687.7612 0.8185
7689.5342 0.8181
7691.3027 0.8187
7693.0767 0.8173
7694.8462 0.8107
7696.6206 0.8036
7698.3911 0.8106
7700.1621 0.8171
7701.9380 0.8175
7703.7100 0.8163
7705.4863 0.8148
7707.2588 0.8069
7709.0361 0.7919
7710.8096 0.7991
7712.5879 0.8079
7714.3618 0.8101
7716.1367 0.8084
7717.9160 0.8055
7719.6914 0.8010
7721.4717 0.7998
7723.2480 0.7977
7725.0288 0.7953
7726.8062 0.7971
7728.5835 0.8036
7730.3657 0.8033
7732.1440 0.8027
7733.9272 0.8031
7735.7065 0.8032
7737.4902 0.8005
7739.2700 0.7950
7741.0508 0.7921
7742.8354 0.7918
7744.6167 0.7877
7746.4028 0.7861
7748.1851 0.7908
7749.9717 0.7966
7751.7544 0.7964
7753.5376 0.7967
7755.3257 0.7950
7757.1099 0.7947
7758.8984 0.7968
7760.6836 0.7973
7762.4731 0.7949
7764.2588 0.7919
7766.0449 0.7849
7767.8359 0.7637
7769.6226 0.7340
7771.4146 0.7162
7773.2021 0.7206
7774.9946 0.7461
7776.7832 0.7706
7778.5723 0.7825
7780.3662 0.7838
7782.1558 0.7837
7783.9507 0.7870
7785.7412 0.7859
7787.5366 0.7849
7789.3281 0.7872
7791.1201 0.7883
7792.9165 0.7841
7794.7095 0.7839
7796.5068 0.7830
7798.3003 0.7811
7800.0986 0.7778
7801.8931 0.7783
7803.6880 0.7841
7805.4873 0.7797
7807.2832 0.7798
7809.0835 0.7819
7810.8799 0.7844
7812.6812 0.7852
7814.4785 0.7830
7816.2759 0.7822
7818.0786 0.7810
7819.8770 0.7785
7821.6802 0.7804
7823.4795 0.7834
7825.2837 0.7784
7827.0840 0.7717
7828.8843 0.7737
7830.6899 0.7716
7832.4912 0.7660
7834.2974 0.7633
7836.0996 0.7656
7837.9067 0.7695
7839.7100 0.7753
7841.5132 0.7747
7843.3213 0.7722
7845.1260 0.7728
7846.9351 0.7753
7848.7402 0.7759
7850.5498 0.7738
7852.3560 0.7729
7854.1665 0.7707
7855.9736 0.7672
7857.7808 0.7653
7859.5928 0.7616
7861.4009 0.7576
7863.2139 0.7565
7865.0225 0.7617
7866.8364 0.7680
7868.6460 0.7666
7870.4561 0.7613
7872.2710 0.7590
7874.0820 0.7566
7875.8979 0.7566
7877.7100 0.7586
7879.5264 0.7602
7881.3389 0.7643
7883.1519 0.7577
7884.9697 0.7534
7886.7837 0.7535
7888.6025 0.7535
7890.4175 0.7464
7892.2368 0.7254
7894.0522 0.7216
7895.8687 0.7381
7897.6890 0.7476
7899.5059 0.7455
7901.3276 0.7512
7903.1455 0.7590
7904.9678 0.7462
7906.7861 0.7349
7908.6055 0.7387
7910.4292 0.7486
7912.2485 0.7484
7914.0732 0.7439
7915.8940 0.7443
7917.7192 0.7465
7919.5405 0.7490
7921.3628 0.7516
7923.1895 0.7533
7925.0122 0.7498
7926.8394 0.7344
7928.6631 0.7358
7930.4912 0.7380
7932.3159 0.7355
7934.1406 0.7418
7935.9702 0.7429
7937.7959 0.7346
7939.6265 0.7335
7941.4526 0.7332
7943.2842 0.7307
7945.1113 0.7338
7946.9390 0.7398
7948.7720 0.7382
7950.6006 0.7448
7952.4336 0.7490
7954.2632 0.7438
7956.0977 0.7356
7957.9277 0.7232
7959.7583 0.7098
7961.5938 0.7190
7963.4253 0.7309
7965.2617 0.7290
7967.0942 0.7235
7968.9316 0.7291
7970.7646 0.7285
7972.5981 0.7323
7974.4370 0.7381
7976.2715 0.7390
7978.1108 0.7355
7979.9458 0.7354
7981.7861 0.7294
7983.6226 0.7297
7985.4590 0.7315
7987.3003 0.7309
7989.1377 0.7325
7990.9800 0.7345
7992.8184 0.7245
7994.6616 0.7132
7996.5005 0.7066
7998.3447 0.7104
8000.1846 0.7255
8002.0249 0.7315
8003.8706 0.7117
8005.7114 0.7091
8007.5576 0.7178
8009.3999 0.7140
8011.2471 0.7003
8013.0898 0.7128
8014.9331 0.7176
8016.7812 0.7201
8018.6255 0.7150
8020.4746 0.7047
8022.3198 0.7022
8024.1699 0.7050
8026.0156 0.6998
8027.8623 0.7050
8029.7134 0.7093
8031.5605 0.7055
8033.4126 0.7037
8035.2607 0.7084
8037.1138 0.7155
8038.9624 0.7111
8040.8120 0.6993
8042.6660 0.6921
8044.5161 0.6955
8046.3711 0.7005
8048.2222 0.7023
8050.0781 0.7041
8051.9302 0.7033
8053.7827 0.7019
8055.6396 0.7036
8057.4927 0.7007
8059.3511 0.7022
8061.2051 0.7033
8063.0640 0.7029
8064.9189 0.7010
8066.7739 0.6974
8068.6343 0.6952
8070.4902 0.6980
8072.3516 0.6977
8074.2085 0.6976
8076.0703 0.6977
8077.9282 0.6955
8079.7866 0.6971
8081.6499 0.6874
8083.5088 0.6878
8085.3730 0.6944
8087.2329 0.6966
8089.0981 0.6933
8090.9590 0.6911
8092.8203 0.6906
8094.6865 0.6866
8096.5483 0.6857
8098.4155 0.6898
8100.2788 0.6924
8102.1465 0.6920
8104.0103 0.6917
8105.8745 0.6910
8107.7441 0.6903
8109.6089 0.6898
8111.4790 0.6892
8113.3452 0.6881
8115.2163 0.6881
8117.0830 0.6879
8118.9502 0.6875
8120.8228 0.6871
8122.6909 0.6866
8124.5640 0.6859
8126.4326 0.6856
8128.3066 0.6849
8130.1768 0.6839
8132.0513 0.6835
8133.9224 0.6835
8135.7935 0.6825
8137.6694 0.6814
8139.5415 0.6811
8141.4185 0.6809
8143.2915 0.6807
8145.1694 0.6802
8147.0430 0.6784
8148.9175 0.6779
8150.7964 0.6780
8152.6714 0.6776
8154.5513 0.6770
8156.4272 0.6763
8158.3081 0.6738
8160.1851 0.6724
8162.0625 0.6736
8163.9443 0.6744
8165.8228 0.6738
8167.7056 0.6734
8169.5845 0.6724
8171.4683 0.6721
8173.3481 0.6720
8175.2285 0.6711
8177.1138 0.6691
8178.9951 0.6618
8180.8809 0.6432
8182.7632 0.6526
8184.6499 0.6602
8186.5327 0.6633
8188.4160 0.6664
8190.3042 0.6601
8192.1885 0.6380
8194.0771 0.6489
8195.9629 0.6567
8197.8525 0.6488
8199.7383 0.6436
8201.6250 0.6567
8203.5156 0.6618
8205.4033 0.6591
8207.2959 0.6572
8209.1836 0.6558
8211.0762 0.6512
8212.9658 0.6463
8214.8545 0.6506
8216.7490 0.6424
8218.6396 0.6385
8220.5342 0.6455
8222.4258 0.6554
8224.3223 0.6568
8226.2139 0.6501
8228.1064 0.6402
8230.0039 0.6399
8231.8965 0.6433
8233.7949 0.6471
8235.6895 0.6536
8237.5889 0.6523
8239.4834 0.6491
8241.3789 0.6506
8243.2793 0.6483
8245.1758 0.6353
8247.0771 0.6244
8248.9746 0.6434
8250.8770 0.6418
8252.7744 0.6406
8254.6729 0.6445
8256.5771 0.6473
8258.4766 0.6479
8260.3809 0.6476
8262.2812 0.6474
8264.1865 0.6471
8266.0869 0.6467
8267.9893 0.6461
8269.8955 0.6453
8271.7979 0.6438
8273.7051 0.6441
8275.6084 0.6432
8277.5166 0.6426
8279.4209 0.6426
8281.3301 0.6417
8283.2354 0.6415
8285.1416 0.6397
8287.0518 0.6383
8288.9580 0.6377
8290.8691 0.6378
8292.7773 0.6379
8294.6895 0.6374
8296.5977 0.6388
8298.5059 0.6383
8300.4199 0.6362
8302.3291 0.6342
8304.2432 0.6322
8306.1543 0.6293
8308.0693 0.6295
8309.9805 0.6316
8311.8926 0.6327
8313.8086 0.6326
8315.7217 0.6329
8317.6396 0.6319
8319.5527 0.6300
8321.4707 0.6266
8323.3857 0.6227
8325.2998 0.6192
8327.2197 0.6153
8329.1357 0.6096
8331.0566 0.6022
8332.9727 0.5988
8334.8945 0.6024
8336.8115 0.6111
8338.7295 0.6192
8340.6523 0.6216
8342.5713 0.6207
8344.4951 0.6177
8346.4150 0.6169
8348.3398 0.6192
8350.2598 0.6208
8352.1807 0.6199
8354.1074 0.6180
8356.0293 0.6166
8357.9561 0.6177
8359.8789 0.6196
8361.8066 0.6186
8363.7295 0.6170
8365.6543 0.6180
8367.5830 0.6177
8369.5078 0.6169
8371.4375 0.6169
8373.3643 0.6164
8375.2949 0.6156
8377.2217 0.6146
8379.1484 0.6142
8381.0811 0.6111
8383.0088 0.6054
8384.9424 0.6026
8386.8711 0.6051
8388.8047 0.6066
8390.7344 0.6037
8392.6650 0.6035
8394.6006 0.6078
8396.5312 0.6105
8398.4678 0.6108
8400.3994 0.6073
8402.3369 0.6037
8404.2695 0.6009
8406.2031 0.5977
8408.1416 0.5950
8410.0762 0.5993
8412.0156 0.5970
8413.9502 0.5955
8415.8906 0.5975
8417.8271 0.6020
8419.7637 0.6067
8421.7051 0.6059
8423.6426 0.6042
8425.5850 0.6016
8427.5234 0.5993
8429.4668 0.5980
8431.4053 0.5956
8433.3496 0.5879
8435.2900 0.5837
8437.2305 0.5850
8439.1758 0.5813
8441.1172 0.5689
8443.0645 0.5576
8445.0059 0.5592
8446.9541 0.5708
8448.8965 0.5873
8450.8408 0.5985
8452.7891 0.6002
8454.7344 0.5967
8456.6836 0.5919
8458.6289 0.5853
8460.5791 0.5787
8462.5254 0.5726
8464.4727 0.5684
8466.4248 0.5688
8468.3721 0.5730
8470.3252 0.5821
8472.2734 0.5893
8474.2275 0.5934
8476.1768 0.5960
8478.1270 0.5971
8480.0820 0.5968
8482.0322 0.5982
8483.9883 0.5964
8485.9404 0.5929
8487.8975 0.5889
8489.8496 0.5796
8491.8027 0.5573
8493.7607 0.5285
8495.7148 0.5103
8497.6738 0.5072
8499.6289 0.5189
8501.5889 0.5403
8503.5449 0.5528
8505.5010 0.5616
8507.4619 0.5669
8509.4199 0.5688
8511.3818 0.5726
8513.3398 0.5817
8515.3027 0.5848
8517.2617 0.5873
8519.2217 0.5894
8521.1855 0.5880
8523.1465 0.5852
8525.1113 0.5852
8527.0723 0.5821
8529.0391 0.5780
8531.0010 0.5706
8532.9639 0.5556
8534.9316 0.5237
8536.8945 0.4720
8538.8633 0.4293
8540.8281 0.4179
8542.7969 0.4387
8544.7627 0.4788
8546.7285 0.5179
8548.6992 0.5402
8550.6660 0.5535
8552.6377 0.5579
8554.6045 0.5637
8556.5771 0.5706
8558.5459 0.5758
8560.5146 0.5800
8562.4893 0.5825
8564.4590 0.5841
8566.4336 0.5845
8568.4043 0.5821
8570.3799 0.5787
8572.3516 0.5778
8574.3242 0.5762
8576.3008 0.5768
8578.2744 0.5750
8580.2520 0.5685
8582.2256 0.5608
8584.2051 0.5564
8586.1797 0.5510
8588.1602 0.5431
8590.1357 0.5294
8592.1113 0.5132
8594.0928 0.4989
8596.0703 0.4908
8598.0527 0.4945
8600.0303 0.5077
8602.0137 0.5236
8603.9922 0.5361
8605.9717 0.5438
8607.9561 0.5492
8609.9365 0.5537
8611.9219 0.5578
8613.9033 0.5630
8615.8896 0.5680
8617.8711 0.5715
8619.8535 0.5730
8621.8418 0.5745
8623.8252 0.5763
8625.8135 0.5749
8627.7979 0.5732
8629.7881 0.5735
8631.7725 0.5736
8633.7588 0.5728
8635.7500 0.5717
8637.7363 0.5709
8639.7285 0.5686
8641.7158 0.5629
8643.7080 0.5556
8645.6973 0.5520
8647.6855 0.5460
8649.6797 0.5393
8651.6699 0.5305
8653.6650 0.5123
8655.6553 0.4772
8657.6514 0.4318
8659.6436 0.3987
8661.6357 0.3889
8663.6328 0.4071
8665.6260 0.4418
8667.6240 0.4711
8669.6182 0.4922
8671.6172 0.5091
8673.6123 0.5172
8675.6074 0.5205
8677.6084 0.5232
8679.6045 0.5255
8681.6055 0.5298
8683.6025 0.5361
8685.6055 0.5413
8687.6035 0.5454
8689.6025 0.5487
8691.6055 0.5516
8693.6055 0.5570
8695.6104 0.5609
8697.6104 0.5627
8699.6162 0.5631
8701.6172 0.5627
8703.6191 0.5622
8705.6260 0.5606
8707.6289 0.5589
8709.6367 0.5589
8711.6406 0.5593
8713.6494 0.5585
8715.6543 0.5573
8717.6592 0.5570
8719.6699 0.5541
8721.6758 0.5499
8723.6865 0.5451
8725.6934 0.5406
8727.7061 0.5365
8729.7129 0.5299
8731.7217 0.5246
8733.7354 0.5179
8735.7441 0.5093
8737.7588 0.5001
8739.7686 0.4900
8741.7842 0.4730
8743.7949 0.4499
8745.8115 0.4271
8747.8232 0.4134
8749.8359 0.4143
8751.8535 0.4301
8753.8672 0.4557
8755.8857 0.4768
8757.9004 0.4909
8759.9199 0.5011
8761.9346 0.5099
8763.9502 0.5172
8765.9717 0.5233
8767.9883 0.5260
8770.0098 0.5291
8772.0273 0.5325
8774.0498 0.5357
8776.0684 0.5392
8778.0879 0.5411
8780.1113 0.5444
8782.1318 0.5449
8784.1562 0.5415
8786.1777 0.5375
8788.2031 0.5364
8790.2256 0.5376
8792.2471 0.5412
8794.2754 0.5459
8796.2979 0.5477
8798.3262 0.5449
8800.3506 0.5390
8802.3799 0.5309
8804.4053 0.5260
8806.4307 0.5273
8808.4609 0.5337
8810.4873 0.5399
8812.5195 0.5407
8814.5459 0.5395
8816.5791 0.5355
8818.6074 0.5286
8820.6357 0.5240
8822.6699 0.5239
8824.6992 0.5247
8826.7344 0.5242
8828.7646 0.5225
8830.8008 0.5189
8832.8330 0.5147
8834.8643 0.5109
8836.9014 0.5069
8838.9346 0.5026
8840.9727 0.4975
8843.0068 0.4899
8845.0459 0.4825
8847.0811 0.4756
8849.1162 0.4654
8851.1562 0.4523
8853.1924 0.4365
8855.2344 0.4149
8857.2715 0.3893
8859.3145 0.3685
8861.3516 0.3651
8863.3906 0.3821
8865.4346 0.4060
8867.4736 0.4286
8869.5186 0.4417
8871.5596 0.4487
8873.6045 0.4604
8875.6465 0.4682
8877.6885 0.4714
8879.7354 0.4728
8881.7783 0.4776
8883.8262 0.4859
8885.8701 0.4919
8887.9189 0.4926
8889.9639 0.4912
8892.0088 0.4950
8894.0596 0.4985
8896.1055 0.4983
8898.1562 0.4992
8900.2041 0.5019
8902.2559 0.5022
8904.3037 0.5036
8906.3574 0.4997
8908.4062 0.4865
8910.4561 0.4782
8912.5107 0.5017
8914.5605 0.5034
8916.6162 0.5000
8918.6680 0.4997
8920.7246 0.4980
8922.7764 0.4883
8924.8291 0.4681
8926.8867 0.4862
8928.9404 0.5006
8931.0000 0.5024
8933.0547 0.5020
8935.1143 0.5019
8937.1699 0.5012
8939.2256 0.4999
8941.2871 0.4942
8943.3438 0.4912
8945.4062 0.4931
8947.4639 0.4937
8949.5273 0.4962
8951.5859 0.4959
8953.6455 0.4950
8955.7100 0.4939
8957.7705 0.4926
8959.8359 0.4912
8961.8975 0.4858
8963.9639 0.4811
8966.0264 0.4817
8968.0889 0.4831
8970.1572 0.4816
8972.2207 0.4781
8974.2891 0.4719
8976.3535 0.4721
8978.4238 0.4732
8980.4893 0.4713
8982.5557 0.4677
8984.6270 0.4650
8986.6934 0.4611
8988.7656 0.4569
8990.8340 0.4527
8992.9072 0.4472
8994.9756 0.4377
8997.0449 0.4252
8999.1201 0.4232
9001.1904 0.4170
9003.2656 0.4040
9005.3369 0.3852
9007.4131 0.3632
9009.4854 0.3371
9011.5586 0.3023
9013.6357 0.3106
9015.7100 0.3411
9017.7891 0.3676
9019.8633 0.3844
9021.9434 0.3998
9024.0186 0.4110
9026.0947 0.4190
9028.1758 0.4263
9030.2529 0.4315
9032.3350 0.4333
9034.4131 0.4345
9036.4971 0.4416
9038.5752 0.4462
9040.6543 0.4486
9042.7393 0.4502
9044.8193 0.4518
9046.9053 0.4527
9048.9863 0.4529
9051.0732 0.4560
9053.1553 0.4580
9055.2383 0.4561
9057.3262 0.4316
9059.4102 0.3897
9061.4990 0.4317
9063.5840 0.4580
9065.6738 0.4620
9067.7588 0.4597
9069.8506 0.4609
9071.9365 0.4610
9074.0234 0.4393
9076.1162 0.4285
9078.2041 0.4457
9080.2979 0.4629
9082.3867 0.4579
9084.4805 0.4379
9086.5703 0.4169
9088.6611 0.4491
9090.7568 0.4271
9092.8486 0.4113
9094.9453 0.4442
9097.0371 0.4559
9099.1348 0.4557
9101.2285 0.4551
9103.3223 0.4555
9105.4209 0.4541
9107.5156 0.4383
9109.6162 0.4137
9111.7119 0.4451
9113.8125 0.4517
9115.9092 0.4500
9118.0068 0.4500
9120.1094 0.4494
9122.2070 0.4484
9124.3105 0.4483
9126.4102 0.4496
9128.5146 0.4489
9130.6143 0.4484
9132.7148 0.4492
9134.8213 0.4484
9136.9219 0.4480
9139.0293 0.4475
9141.1318 0.4462
9143.2393 0.4428
9145.3428 0.4404
9147.4473 0.4430
9149.5566 0.4429
9151.6611 0.4413
9153.7715 0.4404
9155.8770 0.4402
9157.9883 0.4392
9160.0957 0.4371
9162.2031 0.4350
9164.3154 0.4352
9166.4238 0.4343
9168.5371 0.4322
9170.6465 0.4290
9172.7617 0.4238
9174.8711 0.4226
9176.9824 0.4240
9179.0986 0.4187
9181.2100 0.4162
9183.3271 0.4193
9185.4395 0.4171
9187.5576 0.4168
9189.6719 0.4145
9191.7852 0.4117
9193.9053 0.4082
9196.0205 0.4041
9198.1406 0.4005
9200.2568 0.3947
9202.3789 0.3907
9204.4951 0.3863
9206.6133 0.3780
9208.7363 0.3617
9210.8545 0.3443
9212.9785 0.3528
9215.0977 0.3351
9217.2227 0.3272
9219.3428 0.3204
9221.4639 0.2969
9223.5908 0.2637
9225.7129 0.2240
9227.8398 0.2386
9229.9629 0.2743
9232.0908 0.2990
9234.2148 0.3093
9236.3447 0.3220
9238.4688 0.3458
9240.5947 0.3418
9242.7256 0.3487
9244.8516 0.3636
9246.9834 0.3712
9249.1104 0.3733
9251.2432 0.3660
9253.3721 0.3651
9255.5010 0.3705
9257.6348 0.3665
9259.7646 0.3574
9261.8994 0.3647
9264.0303 0.3720
9266.1670 0.3888
9268.2988 0.3949
9270.4307 0.3945
9272.5684 0.3962
9274.7012 0.3968
9276.8398 0.3974
9278.9746 0.3977
9281.1143 0.3979
9283.2490 0.3981
9285.3848 0.3976
9287.5264 0.3962
9289.6621 0.3974
9291.8047 0.3970
9293.9424 0.3971
9296.0850 0.3980
9298.2236 0.3984
9300.3633 0.3975
9302.5078 0.3971
9304.6475 0.3972
9306.7930 0.3965
9308.9346 0.3962
9311.0811 0.3968
9313.2227 0.3956
9315.3652 0.3902
9317.5137 0.3924
9319.6572 0.3946
9321.8057 0.3943
9323.9502 0.3937
9326.1006 0.3940
9328.2461 0.3942
9330.3916 0.3932
9332.5439 0.3928
9334.6904 0.3927
9336.8428 0.3922
9338.9912 0.3912
9341.1445 0.3897
9343.2939 0.3906
9345.4434 0.3881
9347.5977 0.3852
9349.7480 0.3860
9351.9043 0.3879
9354.0557 0.3871
9356.2129 0.3861
9358.3652 0.3854
9360.5186 0.3855
9362.6768 0.3858
9364.8301 0.3853
9366.9902 0.3848
9369.1445 0.3822
9371.3057 0.3818
9373.4609 0.3825
9375.6172 0.3819
9377.7793 0.3803
9379.9365 0.3812
9382.0996 0.3769
9384.2578 0.3735
9386.4219 0.3747
9388.5820 0.3739
9390.7461 0.3669
9392.9072 0.3749
9395.0674 0.3759
9397.2344 0.3728
9399.3965 0.3668
9401.5635 0.3467
9403.7266 0.3211
9405.8945 0.3623
9408.0586 0.3626
9410.2227 0.3300
9412.3926 0.3280
9414.5586 0.3610
9416.7295 0.3665
9418.8955 0.3550
9421.0674 0.3624
9423.2344 0.3671
9425.4023 0.3642
9427.5762 0.3601
9429.7451 0.3576
9431.9189 0.3585
9434.0889 0.3432
9436.2646 0.3455
9438.4355 0.3560
9440.6064 0.3555
9442.7832 0.3513
9444.9561 0.3568
9447.1338 0.3584
9449.3076 0.3570
9451.4863 0.3553
9453.6602 0.3549
9455.8350 0.3551
9458.0156 0.3529
9460.1914 0.3511
9462.3730 0.3507
9464.5498 0.3510
9466.7324 0.3508
9468.9102 0.3496
9471.0889 0.3485
9473.2725 0.3476
9475.4521 0.3467
9477.6367 0.3452
9479.8174 0.3432
9482.0029 0.3421
9484.1846 0.3414
9486.3662 0.3400
9488.5537 0.3382
9490.7363 0.3362
9492.9258 0.3342
9495.1094 0.3324
9497.2988 0.3311
9499.4834 0.3288
9501.6689 0.3239
9503.8604 0.3215
9506.0459 0.3220
9508.2383 0.3195
9510.4258 0.3166
9512.6191 0.3136
9514.8076 0.3100
9516.9961 0.3058
9519.1904 0.3015
9521.3809 0.2966
9523.5762 0.2906
9525.7666 0.2838
9527.9639 0.2766
9530.1553 0.2679
9532.3477 0.2571
9534.5459 0.2442
9536.7393 0.2261
9538.9385 0.2027
9541.1328 0.1635
9543.3330 0.1420
9545.5283 0.1621
9547.7246 0.2000
9549.9268 0.2219
9552.1230 0.2387
9554.3262 0.2510
9556.5234 0.2602
9558.7275 0.2675
9560.9268 0.2730
9563.1309 0.2791
9565.3311 0.2808
9567.5322 0.2831
9569.7383 0.2870
9571.9395 0.2908
9574.1465 0.2939
9576.3496 0.2965
9578.5576 0.2982
9580.7607 0.2992
9582.9648 0.3002
9585.1748 0.3015
9587.3799 0.3025
9589.5908 0.3011
9591.7969 0.3019
9594.0088 0.3035
9596.2158 0.3035
9598.4238 0.2952
9600.6367 0.2809
9602.8457 0.2958
9605.0596 0.3017
9607.2695 0.3046
9609.4854 0.3053
9611.6953 0.3051
9613.9062 0.3069
9616.1240 0.2881
9618.3359 0.2789
9620.5537 0.2923
9622.7666 0.3012
9624.9863 0.2968
9627.2002 0.3007
9629.4150 0.2889
9631.6357 0.2926
9633.8516 0.2990
9636.0723 0.3014
9638.2891 0.3015
9640.5117 0.3009
9642.7295 0.3023
9644.9482 0.2918
9647.1719 0.2859
9649.3916 0.2915
9651.6172 0.2958
9653.8369 0.2808
9656.0635 0.2637
9658.2842 0.2872
9660.5068 0.2970
9662.7344 0.2942
9664.9570 0.2963
9667.1855 0.2922
9669.4102 0.2855
9671.6396 0.2885
9673.8643 0.2892
9676.0898 0.2827
9678.3213 0.2786
9680.5479 0.2867
9682.7803 0.2878
9685.0078 0.2858
9687.2412 0.2809
9689.4697 0.2783
9691.6982 0.2812
9693.9336 0.2852
9696.1631 0.2857
9698.3994 0.2861
9700.6299 0.2859
9702.8672 0.2855
9705.0996 0.2853
9707.3320 0.2848
9709.5703 0.2842
9711.8047 0.2837
9714.0439 0.2831
9716.2783 0.2824
9718.5186 0.2810
9720.7549 0.2785
9722.9912 0.2793
9725.2334 0.2792
9727.4707 0.2786
9729.7139 0.2782
9731.9521 0.2747
9734.1963 0.2642
9736.4355 0.2568
9738.6807 0.2665
9740.9209 0.2730
9743.1621 0.2720
9745.4082 0.2708
9747.6504 0.2722
9749.8984 0.2723
9752.1416 0.2720
9754.3896 0.2709
9756.6338 0.2700
9758.8789 0.2680
9761.1289 0.2642
9763.3740 0.2670
9765.6260 0.2668
9767.8721 0.2667
9770.1250 0.2669
9772.3721 0.2661
9774.6201 0.2654
9776.8750 0.2649
9779.1240 0.2636
9781.3789 0.2619
9783.6289 0.2603
9785.8848 0.2594
9788.1367 0.2601
9790.3877 0.2605
9792.6455 0.2582
9794.8984 0.2557
9797.1572 0.2546
9799.4111 0.2555
9801.6709 0.2577
9803.9258 0.2567
9806.1807 0.2554
9808.4424 0.2543
9810.6982 0.2538
9812.9609 0.2540
9815.2188 0.2533
9817.4814 0.2504
9819.7402 0.2496
9821.9990 0.2486
9824.2646 0.2478
9826.5244 0.2483
9828.7900 0.2483
9831.0518 0.2460
9833.3184 0.2462
9835.5801 0.2461
9837.8428 0.2447
9840.1113 0.2438
9842.3750 0.2447
9844.6455 0.2442
9846.9102 0.2426
9849.1807 0.2362
9851.4463 0.2316
9853.7129 0.2321
9855.9844 0.2311
9858.2520 0.2284
9860.5254 0.2344
9862.7939 0.2380
9865.0684 0.2375
9867.3379 0.2365
9869.6074 0.2353
9871.8838 0.2354
9874.1543 0.2351
9876.4316 0.2345
9878.7031 0.2330
9880.9814 0.2322
9883.2549 0.2319
9885.5283 0.2177
9887.8076 0.2066
9890.0830 0.2171
9892.3633 0.2290
9894.6387 0.2249
9896.9209 0.2194
9899.1973 0.2249
9901.4746 0.2249
9903.7578 0.2239
9906.0361 0.2233
9908.3203 0.2203
9910.5996 0.2149
9912.8857 0.2127
9915.1660 0.2187
9917.4521 0.2216
9919.7334 0.2199
9922.0156 0.2192
9924.3037 0.2196
9926.5869 0.2090
9928.8760 0.2037
9931.1602 0.2105
9933.4502 0.2167
9935.7354 0.2131
9938.0205 0.2074
9940.3125 0.2087
9942.5996 0.2115
9944.8926 0.2104
9947.1797 0.2077
9949.4736 0.2071
9951.7627 0.2080
9954.0518 0.2062
9956.3477 0.2049
9958.6377 0.2038
9960.9346 0.2035
9963.2256 0.2037
9965.5234 0.2022
9967.8154 0.2008
9970.1094 0.2003
9972.4082 0.1991
9974.7021 0.1976
9977.0020 0.1967
9979.2979 0.1953
9981.5986 0.1938
9983.8945 0.1925
9986.1914 0.1917
9988.4941 0.1901
9990.7920 0.1871
9993.0967 0.1837
9995.3955 0.1805
9997.7002 0.1825
10000.0000 0.1821
10002.3057 0.1800
10004.6016 0.1784
10006.9082 0.1759
10009.2158 0.1735
10011.5244 0.1709
10013.8223 0.1677
10016.1309 0.1644
10018.4404 0.1611
10020.7402 0.1569
10023.0508 0.1515
10025.3623 0.1474
10027.6738 0.1418
10029.9756 0.1351
10032.2881 0.1280
10034.6016 0.1186
10036.9043 0.1070
10039.2188 0.0917
10041.5342 0.0717
10043.8496 0.0401
10046.1543 0.0121
10048.4707 0.0240
10050.7881 0.0600
10053.0947 0.0807
10055.4131 0.0954
10057.7324 0.1077
10060.0508 0.1158
10062.3604 0.1227
10064.6807 0.1273
10067.0010 0.1322
10069.3115 0.1366
10071.6338 0.1398
10073.9561 0.1421
10076.2793 0.1443
10078.5918 0.1461
10080.9160 0.1469
10083.2402 0.1486
10085.5547 0.1505
10087.8799 0.1514
10090.2061 0.1523
10092.5332 0.1529
10094.8496 0.1534
10097.1777 0.1538
10099.5059 0.1537
10101.8232 0.1528
10104.1533 0.1521
10106.4834 0.1524
10108.8135 0.1499
10111.1338 0.1489
10113.4648 0.1509
10115.7969 0.1537
10118.1191 0.1507
10120.4521 0.1320
10122.7861 0.1414
10125.1201 0.1514
10127.4434 0.1525
10129.7793 0.1520
10132.1152 0.1519
10134.4404 0.1513
10136.7773 0.1511
10139.1152 0.1500
10141.4531 0.1460
10143.7803 0.1435
10146.1191 0.1485
10148.4590 0.1483
10150.7881 0.1471
10153.1289 0.1461
10155.4707 0.1467
10157.8125 0.1455
10160.1436 0.1381
10162.4863 0.1383
10164.8301 0.1438
10167.1621 0.1444
10169.5068 0.1425
10171.8525 0.1420
10174.1973 0.1414
10176.5322 0.1430
10178.8789 0.1336
10181.2266 0.1298
10183.5742 0.1347
10185.9111 0.1392
10188.2607 0.1373
10190.6094 0.1367
10192.9482 0.1365
10195.2988 0.1359
10197.6504 0.1349
10200.0020 0.1340
10202.3428 0.1337
10204.6953 0.1325
10207.0479 0.1321
10209.3906 0.1323
10211.7451 0.1283
10214.0996 0.1238
10216.4551 0.1288
10218.7998 0.1293
10221.1562 0.1287
10223.5137 0.1279
10225.8594 0.1272
10228.2178 0.1267
10230.5762 0.1263
10232.9355 0.1247
10235.2842 0.1228
10237.6436 0.1231
10240.0049 0.1233
10242.3545 0.1220
10244.7168 0.1216
10247.0791 0.1213
10249.4424 0.1206
10251.7939 0.1197
10254.1582 0.1190
10256.5234 0.1184
10258.8770 0.1176
10261.2422 0.1169
10263.6084 0.1163
10265.9756 0.1156
10268.3311 0.1146
10270.6992 0.1133
10273.0674 0.1122
10275.4258 0.1128
10277.7949 0.1119
10280.1650 0.1115
10282.5352 0.1096
10284.8955 0.1050
