3569.4385 6.3801
3570.2617 6.3626
3571.0830 6.3558
3571.9065 6.3612
3572.7283 6.3757
3573.5520 6.3910
3574.3740 6.4020
3575.1963 6.4121
3576.0208 6.4263
3576.8435 6.4440
3577.6682 6.4567
3578.4915 6.4536
3579.3167 6.4405
3580.1399 6.4274
3580.9636 6.4148
3581.7893 6.3893
3582.6133 6.3349
3583.4395 6.2561
3584.2639 6.1862
3585.0903 6.1512
3585.9150 6.1557
3586.7400 6.1870
3587.5671 6.2270
3588.3923 6.2671
3589.2200 6.3089
3590.0457 6.3492
3590.8735 6.3802
3591.6995 6.3986
3592.5259 6.4086
3593.3542 6.4199
3594.1809 6.4347
3595.0098 6.4505
3595.8367 6.4648
3596.6660 6.4730
3597.4934 6.4698
3598.3208 6.4537
3599.1506 6.4270
3599.9788 6.3898
3600.8088 6.3463
3601.6372 6.3068
3602.4678 6.2826
3603.2964 6.2769
3604.1252 6.2863
3604.9565 6.3055
3605.7859 6.3238
3606.6172 6.3275
3607.4470 6.3092
3608.2788 6.2803
3609.1089 6.2575
3609.9392 6.2445
3610.7717 6.2354
3611.6023 6.2288
3612.4351 6.2332
3613.2661 6.2616
3614.0994 6.3002
3614.9307 6.3215
3615.7625 6.3080
3616.5962 6.2668
3617.4282 6.2254
3618.2625 6.2128
3619.0947 6.2284
3619.9292 6.2564
3620.7620 6.2830
3621.5969 6.3022
3622.4302 6.3167
3623.2634 6.3372
3624.0989 6.3721
3624.9326 6.4156
3625.7686 6.4501
3626.6028 6.4535
3627.4390 6.4098
3628.2734 6.3230
3629.1082 6.2218
3629.9451 6.1434
3630.7800 6.1156
3631.6174 6.1409
3632.4529 6.1982
3633.2903 6.2581
3634.1262 6.3074
3634.9622 6.3400
3635.8005 6.3552
3636.6370 6.3582
3637.4756 6.3546
3638.3123 6.3428
3639.1514 6.3159
3639.9885 6.2775
3640.8259 6.2387
3641.6653 6.2100
3642.5032 6.1973
3643.3430 6.1994
3644.1812 6.2120
3645.0215 6.2273
3645.8601 6.2374
3646.6990 6.2384
3647.5398 6.2301
3648.3789 6.2164
3649.2202 6.2107
3650.0596 6.2239
3650.9014 6.2537
3651.7412 6.2898
3652.5813 6.3203
3653.4236 6.3399
3654.2642 6.3511
3655.1067 6.3568
3655.9475 6.3570
3656.7908 6.3496
3657.6318 6.3337
3658.4734 6.3120
3659.3169 6.2909
3660.1587 6.2782
3661.0029 6.2755
3661.8450 6.2797
3662.6895 6.2862
3663.5320 6.2903
3664.3748 6.2898
3665.2197 6.2887
3666.0630 6.2882
3666.9084 6.2833
3667.7520 6.2721
3668.5977 6.2673
3669.4417 6.2765
3670.2859 6.2930
3671.1321 6.3052
3671.9768 6.3048
3672.8235 6.2890
3673.6685 6.2590
3674.5156 6.2168
3675.3608 6.1690
3676.2063 6.1243
3677.0542 6.0945
3677.8999 6.0896
3678.7480 6.1066
3679.5945 6.1314
3680.4429 6.1503
3681.2896 6.1504
3682.1365 6.1273
3682.9856 6.0882
3683.8328 6.0503
3684.6824 6.0305
3685.5300 6.0421
3686.3799 6.0833
3687.2278 6.1354
3688.0781 6.1721
3688.9265 6.1809
3689.7751 6.1791
3690.6260 6.1895
3691.4751 6.2186
3692.3264 6.2498
3693.1758 6.2534
3694.0273 6.2144
3694.8772 6.1613
3695.7273 6.1371
3696.5793 6.1692
3697.4299 6.2524
3698.2825 6.3459
3699.1333 6.3880
3699.9863 6.3467
3700.8374 6.2319
3701.6887 6.0865
3702.5425 5.9618
3703.3943 5.9011
3704.2483 5.9231
3705.1003 6.0155
3705.9548 6.1321
3706.8074 6.2110
3707.6599 6.2082
3708.5149 6.1195
3709.3682 5.9958
3710.2234 5.9097
3711.0771 5.9147
3711.9329 6.0200
3712.7866 6.1982
3713.6409 6.4004
3714.4973 6.5769
3715.3518 6.6893
3716.2085 6.7081
3717.0635 6.6162
3717.9204 6.4204
3718.7759 6.1628
3719.6313 5.9231
3720.4890 5.7865
3721.3450 5.8051
3722.2031 5.9704
3723.0593 6.2171
3723.9180 6.4509
3724.7747 6.6083
3725.6316 6.7019
3726.4905 6.7607
3727.3479 6.7949
3728.2073 6.7845
3729.0649 6.6898
3729.9250 6.4860
3730.7830 6.2046
3731.6414 5.9135
3732.5017 5.6853
3733.3604 5.5750
3734.2214 5.6103
3735.0803 5.7805
3735.9417 6.0443
3736.8013 6.3473
3737.6609 6.6337
3738.5227 6.8526
3739.3828 6.9724
3740.2451 7.0026
3741.1055 6.9734
3741.9683 6.9012
3742.8291 6.7897
3743.6899 6.6401
3744.5532 6.4549
3745.4148 6.2361
3746.2786 5.9900
3747.1404 5.7475
3748.0044 5.5660
3748.8667 5.5084
3749.7290 5.6138
3750.5938 5.8565
3751.4565 6.1694
3752.3215 6.4856
3753.1848 6.7547
3754.0503 6.9440
3754.9138 7.0368
3755.7798 7.0389
3756.6438 6.9894
3757.5081 6.9429
3758.3745 6.9336
3759.2390 6.9661
3760.1060 7.0210
3760.9709 7.0687
3761.8381 7.0836
3762.7036 7.0496
3763.5693 6.9581
3764.4370 6.8081
3765.3032 6.6044
3766.1714 6.3557
3767.0378 6.0810
3767.9065 5.8216
3768.7732 5.6404
3769.6401 5.5956
3770.5095 5.7077
3771.3770 5.9260
3772.2466 6.1820
3773.1145 6.4339
3773.9844 6.6742
3774.8528 6.9111
3775.7209 7.1480
3776.5918 7.3679
3777.4604 7.5553
3778.3315 7.7058
3779.2009 7.8207
3780.0723 7.9004
3780.9419 7.9459
3781.8118 7.9630
3782.6838 7.9424
3783.5540 7.8721
3784.4265 7.7573
3785.2971 7.6211
3786.1699 7.4974
3787.0410 7.4121
3787.9121 7.3571
3788.7856 7.3069
3789.6572 7.2351
3790.5310 7.1183
3791.4031 6.9381
3792.2773 6.6920
3793.1499 6.4014
3794.0225 6.0881
3794.8972 5.7842
3795.7703 5.5439
3796.6455 5.4348
3797.5190 5.5007
3798.3948 5.7256
3799.2686 6.0466
3800.1426 6.3897
3801.0188 6.7029
3801.8933 6.9604
3802.7700 7.1542
3803.6448 7.2815
3804.5220 7.3722
3805.3972 7.4739
3806.2727 7.6187
3807.1504 7.8069
3808.0261 7.9996
3808.9043 8.1306
3809.7805 8.1472
3810.6589 8.0528
3811.5356 7.9018
3812.4126 7.7764
3813.2917 7.7419
3814.1689 7.8138
3815.0483 7.9566
3815.9260 8.1037
3816.8059 8.1842
3817.6841 8.1586
3818.5623 8.0622
3819.4429 7.9636
3820.3215 7.8906
3821.2024 7.8202
3822.0815 7.7146
3822.9629 7.5603
3823.8423 7.3998
3824.7241 7.2668
3825.6040 7.1552
3826.4841 7.0421
3827.3665 6.9154
3828.2468 6.7721
3829.1296 6.5975
3830.0105 6.3641
3830.8938 6.0727
3831.7751 5.7593
3832.6565 5.4794
3833.5403 5.2965
3834.4224 5.2580
3835.3064 5.3648
3836.1887 5.5730
3837.0735 5.8223
3837.9561 6.0763
3838.8391 6.3307
3839.7244 6.5949
3840.6077 6.8565
3841.4932 7.0952
3842.3770 7.2929
3843.2629 7.4498
3844.1472 7.5858
3845.0315 7.7215
3845.9182 7.8492
3846.8030 7.9497
3847.6899 8.0228
3848.5752 8.0933
3849.4626 8.1913
3850.3481 8.3113
3851.2339 8.4144
3852.1221 8.4573
3853.0083 8.4286
3853.8967 8.3615
3854.7832 8.3107
3855.6721 8.2984
3856.5591 8.3036
3857.4463 8.3155
3858.3359 8.3534
3859.2234 8.4345
3860.1135 8.5444
3861.0015 8.6298
3861.8918 8.6651
3862.7803 8.6549
3863.6687 8.6268
3864.5598 8.6135
3865.4487 8.6345
3866.3401 8.6761
3867.2297 8.7038
3868.1213 8.6781
3869.0112 8.5704
3869.9014 8.3939
3870.7937 8.2113
3871.6841 8.1043
3872.5769 8.0869
3873.4678 8.1057
3874.3611 8.0767
3875.2524 7.9507
3876.1438 7.7513
3877.0376 7.5782
3877.9297 7.4845
3878.8237 7.4456
3879.7161 7.3914
3880.6108 7.2680
3881.5037 7.0645
3882.3965 6.8109
3883.2917 6.5211
3884.1851 6.2002
3885.0808 5.8608
3885.9746 5.5421
3886.8706 5.3114
3887.7649 5.2356
3888.6592 5.3319
3889.5559 5.5663
3890.4507 5.8689
3891.3479 6.1681
3892.2429 6.4176
3893.1406 6.6191
3894.0361 6.7936
3894.9341 6.9483
3895.8301 7.0782
3896.7263 7.1796
3897.6250 7.2651
3898.5215 7.3679
3899.4207 7.4964
3900.3176 7.6254
3901.2170 7.7232
3902.1145 7.7743
3903.0122 7.7938
3903.9121 7.8335
3904.8103 7.9278
3905.7107 8.0783
3906.6094 8.2666
3907.5100 8.4582
3908.4089 8.6087
3909.3081 8.6818
3910.2097 8.6689
3911.1091 8.5938
3912.0110 8.5110
3912.9111 8.4649
3913.8132 8.4628
3914.7136 8.4692
3915.6143 8.4639
3916.5171 8.4484
3917.4182 8.4438
3918.3215 8.4716
3919.2229 8.5367
3920.1267 8.6160
3921.0286 8.6869
3921.9307 8.7280
3922.8350 8.7207
3923.7373 8.6536
3924.6421 8.5230
3925.5452 8.3314
3926.4502 8.0822
3927.3535 7.7566
3928.2571 7.3260
3929.1628 6.7719
3930.0667 6.1157
3930.9731 5.4648
3931.8774 5.0216
3932.7839 4.9622
3933.6887 5.3224
3934.5938 5.9724
3935.5010 6.6820
3936.4062 7.2831
3937.3142 7.7426
3938.2200 8.0681
3939.1279 8.2696
3940.0342 8.3557
3940.9407 8.3523
3941.8494 8.3217
3942.7561 8.3167
3943.6653 8.3418
3944.5725 8.3609
3945.4822 8.3405
3946.3899 8.2765
3947.2979 8.2010
3948.2080 8.1381
3949.1162 8.0961
3950.0269 8.0747
3950.9355 8.0686
3951.8467 8.0620
3952.7559 8.0229
3953.6650 7.9338
3954.5769 7.8147
3955.4866 7.7091
3956.3987 7.6464
3957.3088 7.6113
3958.2214 7.5356
3959.1321 7.3886
3960.0449 7.1903
3960.9561 6.9724
3961.8672 6.7442
3962.7808 6.4827
3963.6924 6.1469
3964.6064 5.7250
3965.5186 5.2564
3966.4329 4.8319
3967.3455 4.5597
3968.2581 4.5205
3969.1731 4.7026
3970.0862 5.0229
3971.0017 5.3958
3971.9153 5.7637
3972.8313 6.0965
3973.7451 6.3843
3974.6592 6.6340
3975.5759 6.8619
3976.4905 7.0739
3977.4075 7.2635
3978.3225 7.4178
3979.2397 7.5284
3980.1553 7.6057
3981.0708 7.6747
3981.9888 7.7529
3982.9050 7.8430
3983.8232 7.9345
3984.7397 8.0147
3985.6587 8.0896
3986.5757 8.1759
3987.4927 8.2740
3988.4121 8.3723
3989.3298 8.4667
3990.2498 8.5621
3991.1677 8.6539
3992.0879 8.7063
3993.0063 8.6904
3993.9250 8.6111
3994.8459 8.5100
3995.7649 8.4533
3996.6863 8.4926
3997.6057 8.6026
3998.5276 8.7238
3999.4475 8.8091
4000.3674 8.8395
4001.2900 8.8129
4002.2104 8.7269
4003.1333 8.6210
4004.0544 8.5680
4004.9775 8.6141
4005.8989 8.7439
4006.8206 8.8885
4007.7446 8.9783
4008.6665 9.0027
4009.5908 8.9845
4010.5132 8.9545
4011.4380 8.9371
4012.3608 8.9443
4013.2839 8.9714
4014.2095 9.0036
4015.1328 9.0400
4016.0588 9.0919
4016.9827 9.1571
4017.9089 9.2058
4018.8333 9.1866
4019.7578 9.0793
4020.6848 8.9540
4021.6096 8.8875
4022.5371 8.8878
4023.4624 8.9173
4024.3901 8.9782
4025.3162 9.0362
4026.2422 9.0355
4027.1704 8.9494
4028.0969 8.8069
4029.0259 8.6761
4029.9526 8.6070
4030.8821 8.6054
4031.8093 8.6639
4032.7390 8.7654
4033.6667 8.8914
4034.5947 9.0216
4035.5251 9.1323
4036.4534 9.2063
4037.3843 9.2321
4038.3130 9.2135
4039.2441 9.1760
4040.1736 9.1442
4041.1030 9.0928
4042.0347 8.9834
4042.9646 8.8361
4043.8970 8.7281
4044.8271 8.7250
4045.7600 8.8293
4046.6907 8.9592
4047.6216 9.0484
4048.5549 9.0755
4049.4863 9.0402
4050.4202 8.9525
4051.3521 8.8371
4052.2861 8.7395
4053.2185 8.6852
4054.1509 8.6684
4055.0857 8.6669
4056.0186 8.6778
4056.9539 8.7195
4057.8872 8.7949
4058.8230 8.8471
4059.7566 8.8159
4060.6907 8.7008
4061.6270 8.5708
4062.5613 8.5128
4063.4983 8.5274
4064.4331 8.5557
4065.3701 8.5711
4066.3054 8.5858
4067.2410 8.6014
4068.1787 8.5889
4069.1147 8.5206
4070.0530 8.4414
4070.9893 8.3956
4071.9280 8.3841
4072.8647 8.3614
4073.8018 8.2696
4074.7412 8.1113
4075.6787 7.9639
4076.6184 7.9010
4077.5562 7.9478
4078.4966 8.0633
4079.4348 8.1609
4080.3733 8.1767
4081.3142 8.1154
4082.2532 8.0097
4083.1943 7.9047
4084.1338 7.8335
4085.0757 7.8009
4086.0154 7.7784
4086.9553 7.7427
4087.8977 7.6789
4088.8381 7.5838
4089.7810 7.4628
4090.7219 7.3229
4091.6653 7.1669
4092.6064 6.9990
4093.5481 6.8160
4094.4919 6.6040
4095.4338 6.3558
4096.3784 6.0742
4097.3208 5.7627
4098.2656 5.4334
4099.2085 5.1440
4100.1514 4.9769
4101.0967 4.9945
4102.0400 5.2029
4102.9863 5.5221
4103.9302 5.8533
4104.8765 6.1390
4105.8208 6.3696
4106.7676 6.5589
4107.7124 6.7275
4108.6572 6.8922
4109.6045 7.0567
4110.5503 7.2167
4111.4980 7.3671
4112.4438 7.5021
4113.3921 7.6125
4114.3384 7.6874
4115.2852 7.7270
4116.2339 7.7460
4117.1807 7.7597
4118.1304 7.7827
4119.0776 7.8246
4120.0273 7.8789
4120.9751 7.9276
4121.9233 7.9716
4122.8740 8.0146
4123.8223 8.0431
4124.7734 8.0365
4125.7222 8.0071
4126.6733 7.9894
4127.6230 7.9875
4128.5723 7.9846
4129.5244 7.9737
4130.4746 7.9717
4131.4268 8.0097
4132.3774 8.1011
4133.3301 8.2280
4134.2812 8.3559
4135.2324 8.4638
4136.1855 8.5516
4137.1372 8.6250
4138.0913 8.6652
4139.0435 8.6477
4139.9976 8.5607
4140.9502 8.4299
4141.9028 8.3221
4142.8579 8.3070
4143.8110 8.3718
4144.7666 8.4555
4145.7202 8.5002
4146.6758 8.4914
4147.6299 8.4606
4148.5840 8.4487
4149.5405 8.4497
4150.4951 8.4361
4151.4526 8.3855
4152.4072 8.3070
4153.3647 8.2380
4154.3203 8.2093
4155.2764 8.2251
4156.2344 8.2739
4157.1904 8.3285
4158.1489 8.3643
4159.1055 8.3750
4160.0649 8.3789
4161.0220 8.3925
4161.9790 8.4265
4162.9390 8.4729
4163.8965 8.5060
4164.8564 8.5041
4165.8149 8.4856
4166.7754 8.4703
4167.7339 8.4372
4168.6929 8.3427
4169.6538 8.1756
4170.6133 7.9919
4171.5752 7.9014
4172.5347 7.9333
4173.4971 8.0200
4174.4570 8.0711
4175.4175 8.0550
4176.3799 8.0187
4177.3408 8.0373
4178.3042 8.1066
4179.2651 8.1801
4180.2290 8.2212
4181.1909 8.2265
4182.1548 8.2221
4183.1172 8.2301
4184.0796 8.2283
4185.0444 8.2053
4186.0068 8.1858
4186.9722 8.2031
4187.9355 8.2679
4188.9014 8.3449
4189.8647 8.4150
4190.8286 8.4694
4191.7949 8.4972
4192.7593 8.4823
4193.7261 8.4104
4194.6909 8.2897
4195.6582 8.1632
4196.6235 8.0730
4197.5889 8.0338
4198.5571 8.0391
4199.5229 8.0700
4200.4912 8.1060
4201.4575 8.1325
4202.4263 8.1616
4203.3931 8.2090
4204.3599 8.2686
4205.3296 8.3138
4206.2969 8.3275
4207.2671 8.3203
4208.2349 8.3155
4209.2051 8.3322
4210.1738 8.3637
4211.1421 8.3742
4212.1133 8.3282
4213.0820 8.2375
4214.0537 8.1566
4215.0229 8.1320
4215.9951 8.1669
4216.9648 8.2230
4217.9351 8.2610
4218.9077 8.2715
4219.8784 8.2610
4220.8516 8.2203
4221.8223 8.1260
4222.7959 7.9679
4223.7676 7.7955
4224.7393 7.6951
4225.7134 7.7313
4226.6855 7.9048
4227.6602 8.1413
4228.6328 8.3110
4229.6079 8.3126
4230.5806 8.1883
4231.5542 8.0420
4232.5298 7.9539
4233.5034 7.9489
4234.4800 7.9961
4235.4541 8.0348
4236.4307 8.0455
4237.4053 8.0540
4238.3799 8.0863
4239.3574 8.1419
4240.3325 8.1961
4241.3105 8.2261
4242.2861 8.2103
4243.2642 8.1369
4244.2407 8.0254
4245.2168 7.9299
4246.1958 7.8998
4247.1729 7.9059
4248.1519 7.9156
4249.1294 7.9347
4250.1094 7.9715
4251.0869 8.0201
4252.0649 8.0669
4253.0454 8.1147
4254.0239 8.1622
4255.0049 8.1837
4255.9834 8.1530
4256.9648 8.0709
4257.9443 7.9758
4258.9263 7.9279
4259.9058 7.9573
4260.8857 8.0482
4261.8687 8.1541
4262.8491 8.2319
4263.8320 8.2615
4264.8130 8.2487
4265.7964 8.1966
4266.7778 8.1054
4267.7593 7.9804
4268.7432 7.8453
4269.7256 7.7416
4270.7100 7.7013
4271.6924 7.7215
4272.6772 7.7894
4273.6606 7.8811
4274.6436 7.9728
4275.6294 8.0487
4276.6128 8.1050
4277.5991 8.1218
4278.5830 8.0880
4279.5698 8.0126
4280.5542 7.9250
4281.5391 7.8666
4282.5264 7.8627
4283.5117 7.8850
4284.4990 7.8733
4285.4849 7.7865
4286.4731 7.6327
4287.4590 7.4789
4288.4453 7.4209
4289.4346 7.4831
4290.4214 7.6084
4291.4106 7.7042
4292.3979 7.7245
4293.3877 7.6945
4294.3755 7.6603
4295.3633 7.6035
4296.3535 7.4959
4297.3423 7.3472
4298.3330 7.1977
4299.3218 7.1014
4300.3135 7.0965
4301.3027 7.1745
4302.2920 7.2888
4303.2842 7.3831
4304.2744 7.4085
4305.2666 7.3572
4306.2573 7.3064
4307.2500 7.3199
4308.2412 7.3839
4309.2319 7.4325
4310.2261 7.3983
4311.2173 7.2649
4312.2114 7.1165
4313.2036 7.0476
4314.1982 7.0808
4315.1904 7.1687
4316.1836 7.2364
4317.1787 7.2286
4318.1719 7.1670
4319.1675 7.1143
4320.1611 7.0896
4321.1572 7.0556
4322.1514 6.9690
4323.1460 6.8317
4324.1426 6.7189
4325.1377 6.6732
4326.1348 6.6747
4327.1299 6.6642
4328.1279 6.6050
4329.1235 6.5080
4330.1196 6.4039
4331.1182 6.2858
4332.1143 6.1379
4333.1133 5.9475
4334.1104 5.7079
4335.1099 5.4178
4336.1069 5.0874
4337.1069 4.7596
4338.1045 4.5152
4339.1025 4.4271
4340.1030 4.5209
4341.1016 4.7631
4342.1025 5.0772
4343.1016 5.3854
4344.1030 5.6526
4345.1025 5.8808
4346.1021 6.0710
4347.1040 6.2057
4348.1040 6.2680
4349.1069 6.2841
4350.1074 6.3121
4351.1104 6.3991
4352.1113 6.5509
4353.1128 6.7288
4354.1167 6.8810
4355.1182 6.9825
4356.1226 7.0464
4357.1245 7.0954
4358.1294 7.1447
4359.1318 7.2052
4360.1348 7.2918
4361.1401 7.3836
4362.1436 7.4517
4363.1494 7.4829
4364.1528 7.4686
4365.1592 7.4106
4366.1636 7.3498
4367.1680 7.3294
4368.1753 7.3565
4369.1802 7.4060
4370.1875 7.4309
4371.1929 7.3913
4372.2007 7.3145
4373.2065 7.2784
4374.2129 7.3291
4375.2212 7.4501
4376.2280 7.5862
4377.2368 7.6795
4378.2441 7.7124
4379.2534 7.6654
4380.2612 7.5349
4381.2686 7.3627
4382.2793 7.2179
4383.2871 7.1659
4384.2979 7.2186
4385.3066 7.3360
4386.3179 7.4526
4387.3267 7.5250
4388.3359 7.5532
4389.3481 7.5628
4390.3579 7.5467
4391.3701 7.4813
4392.3804 7.3924
4393.3936 7.3410
4394.4043 7.3629
4395.4150 7.4294
4396.4287 7.4582
4397.4399 7.4225
4398.4541 7.3693
4399.4658 7.3640
4400.4805 7.4161
4401.4927 7.4749
4402.5054 7.5105
4403.5205 7.5348
4404.5337 7.5546
4405.5493 7.5680
4406.5625 7.5698
4407.5786 7.5648
4408.5928 7.5800
4409.6069 7.6131
4410.6240 7.6211
4411.6387 7.5588
4412.6558 7.4230
4413.6709 7.2672
4414.6885 7.1741
4415.7041 7.1967
4416.7227 7.3201
4417.7388 7.4673
4418.7549 7.5664
4419.7739 7.5955
4420.7905 7.5935
4421.8101 7.5830
4422.8271 7.5731
4423.8472 7.5664
4424.8647 7.5686
4425.8828 7.5837
4426.9033 7.5985
4427.9219 7.6102
4428.9429 7.6074
4429.9619 7.5783
4430.9834 7.5228
4432.0024 7.4582
4433.0220 7.4159
4434.0444 7.4378
4435.0645 7.5228
4436.0874 7.6274
4437.1079 7.6923
4438.1309 7.6671
4439.1519 7.5447
4440.1733 7.3685
4441.1968 7.2247
4442.2188 7.1906
4443.2432 7.2751
4444.2651 7.4083
4445.2900 7.5038
4446.3125 7.5342
4447.3354 7.5165
4448.3613 7.4873
4449.3843 7.4676
4450.4106 7.4474
4451.4341 7.4004
4452.4609 7.3247
4453.4849 7.2567
4454.5098 7.2350
4455.5366 7.2648
4456.5615 7.3116
4457.5894 7.3377
4458.6147 7.3492
4459.6431 7.3628
4460.6689 7.3774
4461.6953 7.3867
4462.7241 7.3851
4463.7505 7.3585
4464.7798 7.2969
4465.8071 7.2120
4466.8369 7.1498
4467.8643 7.1566
4468.8921 7.2413
4469.9229 7.3502
4470.9512 7.4445
4471.9819 7.5004
4473.0107 7.5147
4474.0425 7.5054
4475.0718 7.4901
4476.1011 7.4406
4477.1333 7.3116
4478.1631 7.1164
4479.1958 6.9495
4480.2266 6.9122
4481.2593 7.0373
4482.2905 7.2334
4483.3213 7.3974
4484.3555 7.4663
4485.3872 7.4362
4486.4214 7.3476
4487.4536 7.2632
4488.4883 7.2281
4489.5210 7.2485
4490.5537 7.2964
4491.5889 7.3411
4492.6226 7.3700
4493.6582 7.3916
4494.6919 7.4199
4495.7285 7.4431
4496.7627 7.4354
4497.7998 7.3895
4498.8345 7.3337
4499.8696 7.3205
4500.9072 7.3722
4501.9424 7.4618
4502.9805 7.5324
4504.0166 7.5347
4505.0552 7.4724
4506.0913 7.4068
4507.1279 7.3952
4508.1675 7.4302
4509.2046 7.4761
4510.2446 7.4909
4511.2822 7.4555
4512.3223 7.3866
4513.3604 7.3232
4514.3984 7.2958
4515.4395 7.2991
4516.4785 7.2967
4517.5200 7.2666
4518.5591 7.2201
4519.6011 7.1798
4520.6406 7.1562
4521.6807 7.1549
4522.7236 7.1679
4523.7642 7.1721
4524.8071 7.1421
4525.8481 7.0885
4526.8916 7.0522
4527.9331 7.0471
4528.9746 7.0603
4530.0190 7.0530
4531.0610 6.9941
4532.1060 6.9380
4533.1489 6.9591
4534.1938 7.0681
4535.2373 7.2051
4536.2803 7.2957
4537.3267 7.3044
4538.3701 7.2717
4539.4170 7.2356
4540.4609 7.2138
4541.5083 7.2068
4542.5527 7.2092
4543.5981 7.2054
4544.6455 7.1561
4545.6909 7.0432
4546.7393 6.9018
4547.7852 6.8043
4548.8340 6.8029
4549.8804 6.8774
4550.9272 6.9173
4551.9766 6.8841
4553.0239 6.8291
4554.0737 6.8158
4555.1216 6.8652
4556.1719 6.9493
4557.2197 7.0362
4558.2686 7.1093
4559.3193 7.1471
4560.3682 7.1259
4561.4199 7.0582
4562.4692 7.0005
4563.5215 7.0025
4564.5713 7.0612
4565.6211 7.1356
4566.6743 7.1768
4567.7246 7.1571
4568.7778 7.0873
4569.8291 7.0188
4570.8828 6.9948
4571.9341 7.0202
4572.9888 7.0621
4574.0405 7.0825
4575.0928 7.0685
4576.1479 7.0464
4577.2007 7.0164
4578.2559 6.9690
4579.3091 6.8968
4580.3652 6.8069
4581.4189 6.7317
4582.4731 6.7227
4583.5298 6.7765
4584.5840 6.8395
4585.6411 6.8692
4586.6963 6.8630
4587.7539 6.8496
4588.8091 6.8458
4589.8647 6.8610
4590.9233 6.8955
4591.9795 6.9374
4593.0386 6.9736
4594.0952 6.9970
4595.1543 7.0076
4596.2114 7.0061
4597.2690 6.9988
4598.3291 6.9897
4599.3867 6.9817
4600.4473 6.9779
4601.5059 6.9782
4602.5669 6.9802
4603.6255 6.9844
4604.6846 6.9900
4605.7466 6.9970
4606.8062 7.0046
4607.8687 7.0040
4608.9287 6.9936
4609.9912 6.9753
4611.0518 6.9609
4612.1128 6.9499
4613.1763 6.9253
4614.2373 6.8818
4615.3013 6.8324
4616.3633 6.7925
4617.4277 6.7773
4618.4897 6.7965
4619.5522 6.8472
4620.6177 6.9061
4621.6807 6.9451
4622.7466 6.9496
4623.8096 6.9252
4624.8760 6.8845
4625.9399 6.8385
4627.0044 6.7975
4628.0713 6.7887
4629.1357 6.8094
4630.2031 6.8288
4631.2686 6.8233
4632.3364 6.7989
4633.4023 6.7840
4634.4678 6.7880
4635.5366 6.8061
4636.6030 6.8279
4637.6724 6.8473
4638.7393 6.8639
4639.8091 6.8756
4640.8765 6.8756
4641.9438 6.8595
4643.0142 6.8247
4644.0825 6.7782
4645.1533 6.7397
4646.2222 6.7264
4647.2935 6.7412
4648.3623 6.7762
4649.4316 6.8085
4650.5039 6.8151
4651.5737 6.7899
4652.6465 6.7560
4653.7168 6.7258
4654.7900 6.7188
4655.8608 6.7394
4656.9346 6.7771
4658.0059 6.8124
4659.0771 6.8273
4660.1519 6.8116
4661.2236 6.7732
4662.2983 6.7179
4663.3711 6.6516
4664.4463 6.5864
4665.5195 6.5414
4666.5928 6.5250
4667.6689 6.5453
4668.7427 6.5918
4669.8193 6.6451
4670.8936 6.6930
4671.9707 6.7391
4673.0454 6.7704
4674.1206 6.7737
4675.1982 6.7522
4676.2739 6.7208
4677.3521 6.6971
4678.4282 6.6900
4679.5073 6.7059
4680.5835 6.7290
4681.6602 6.7381
4682.7397 6.7303
4683.8174 6.7231
4684.8975 6.7270
4685.9751 6.7331
4687.0557 6.7288
4688.1338 6.7098
4689.2124 6.6860
4690.2935 6.6750
4691.3726 6.6782
4692.4546 6.6827
4693.5342 6.6817
4694.6162 6.6721
4695.6963 6.6542
4696.7764 6.6312
4697.8594 6.6029
4698.9404 6.5607
4700.0239 6.5141
4701.1050 6.4893
4702.1890 6.4999
4703.2710 6.5295
4704.3530 6.5456
4705.4375 6.5390
4706.5200 6.5271
4707.6055 6.5326
4708.6885 6.5590
4709.7744 6.5843
4710.8579 6.5866
4711.9414 6.5714
4713.0283 6.5612
4714.1123 6.5489
4715.1992 6.5346
4716.2842 6.5448
4717.3716 6.5853
4718.4570 6.6062
4719.5425 6.6169
4720.6309 6.6268
4721.7168 6.6332
4722.8057 6.6289
4723.8921 6.6126
4724.9814 6.5810
4726.0684 6.5403
4727.1553 6.4968
4728.2456 6.4580
4729.3335 6.4371
4730.4238 6.4511
4731.5122 6.4833
4732.6030 6.5002
4733.6919 6.4889
4734.7808 6.4644
4735.8726 6.4567
4736.9624 6.4766
4738.0547 6.5098
4739.1445 6.5338
4740.2373 6.5411
4741.3276 6.5365
4742.4214 6.5277
4743.5122 6.5123
4744.6035 6.4948
4745.6973 6.4834
4746.7891 6.4782
4747.8838 6.4735
4748.9761 6.4641
4750.0713 6.4489
4751.1641 6.4249
4752.2568 6.3983
4753.3525 6.3808
4754.4463 6.3803
4755.5425 6.3937
4756.6367 6.4025
4757.7334 6.3907
4758.8281 6.3514
4759.9229 6.2950
4761.0205 6.2422
4762.1157 6.2140
4763.2139 6.2178
4764.3096 6.2448
4765.4082 6.2774
4766.5044 6.2990
4767.6011 6.2997
4768.7002 6.2815
4769.7974 6.2654
4770.8975 6.2663
4771.9951 6.2837
4773.0952 6.3065
4774.1934 6.3182
4775.2915 6.3072
4776.3926 6.2849
4777.4917 6.2596
4778.5933 6.2390
4779.6924 6.2301
4780.7949 6.2366
4781.8945 6.2514
4782.9946 6.2508
4784.0977 6.2371
4785.1982 6.2227
4786.3018 6.2154
4787.4028 6.2172
4788.5068 6.2266
4789.6084 6.2389
4790.7100 6.2549
4791.8149 6.2687
4792.9170 6.2725
4794.0225 6.2625
4795.1255 6.2401
4796.2310 6.2092
4797.3345 6.1831
4798.4380 6.1700
4799.5444 6.1650
4800.6489 6.1543
4801.7559 6.1263
4802.8604 6.0933
4803.9678 6.0779
4805.0732 6.0860
4806.1782 6.1041
4807.2866 6.1166
4808.3926 6.1183
4809.5015 6.1137
4810.6079 6.1094
4811.7173 6.1115
4812.8242 6.1182
4813.9312 6.1243
4815.0415 6.1249
4816.1489 6.1171
4817.2598 6.1053
4818.3677 6.0822
4819.4790 6.0366
4820.5879 5.9707
4821.6968 5.9080
4822.8086 5.8782
4823.9180 5.8874
4825.0303 5.9129
4826.1401 5.9282
4827.2534 5.9228
4828.3638 5.9064
4829.4771 5.8896
4830.5884 5.8725
4831.6992 5.8507
4832.8135 5.8230
4833.9253 5.7929
4835.0400 5.7652
4836.1523 5.7372
4837.2676 5.7071
4838.3804 5.6764
4839.4937 5.6457
4840.6094 5.6124
4841.7231 5.5718
4842.8394 5.5194
4843.9536 5.4537
4845.0708 5.3759
4846.1851 5.2935
4847.3003 5.2178
4848.4180 5.1550
4849.5332 5.0886
4850.6514 4.9956
4851.7676 4.8732
4852.8862 4.7278
4854.0024 4.5644
4855.1191 4.3784
4856.2388 4.1537
4857.3560 3.9016
4858.4761 3.6903
4859.5938 3.5938
4860.7144 3.6507
4861.8325 3.8419
4862.9512 4.0973
4864.0723 4.3396
4865.1914 4.5374
4866.3135 4.6855
4867.4326 4.7873
4868.5552 4.8540
4869.6753 4.9149
4870.7954 4.9851
4871.9189 5.0638
4873.0396 5.1386
4874.1631 5.2010
4875.2847 5.2578
4876.4087 5.3266
4877.5308 5.4026
4878.6528 5.4673
4879.7778 5.5031
4880.9004 5.5101
4882.0259 5.5093
4883.1489 5.5197
4884.2749 5.5438
4885.3984 5.5705
4886.5225 5.5783
4887.6494 5.5620
4888.7734 5.5490
4889.9009 5.5788
4891.0259 5.6492
4892.1538 5.7339
4893.2793 5.8037
4894.4048 5.8410
4895.5337 5.8439
4896.6597 5.8223
4897.7891 5.7971
4898.9155 5.7805
4900.0454 5.7778
4901.1724 5.7907
4902.2998 5.8163
4903.4307 5.8412
4904.5586 5.8600
4905.6895 5.8578
4906.8179 5.8279
4907.9497 5.7862
4909.0786 5.7675
4910.2080 5.7881
4911.3403 5.8367
4912.4702 5.8812
4913.6030 5.8900
4914.7334 5.8488
4915.8667 5.7703
4916.9976 5.6889
4918.1313 5.6407
4919.2627 5.6256
4920.3945 5.6237
4921.5288 5.6313
4922.6611 5.6701
4923.7964 5.7426
4924.9292 5.8254
4926.0649 5.8865
4927.1978 5.9093
4928.3315 5.8911
4929.4678 5.8398
4930.6021 5.7778
4931.7388 5.7355
4932.8735 5.7249
4934.0107 5.7385
4935.1460 5.7579
4936.2812 5.7685
4937.4194 5.7820
4938.5557 5.8147
4939.6943 5.8607
4940.8306 5.8976
4941.9702 5.9079
4943.1069 5.8951
4944.2441 5.8821
4945.3843 5.8797
4946.5220 5.8849
4947.6626 5.8877
4948.8008 5.8817
4949.9419 5.8702
4951.0806 5.8601
4952.2197 5.8344
4953.3618 5.7756
4954.5010 5.7049
4955.6436 5.6656
4956.7837 5.6910
4957.9268 5.7660
4959.0674 5.8415
4960.2080 5.8793
4961.3521 5.8779
4962.4932 5.8545
4963.6377 5.8250
4964.7793 5.7981
4965.9243 5.7834
4967.0669 5.7846
4968.2095 5.7954
4969.3550 5.8100
4970.4980 5.8278
4971.6445 5.8451
4972.7881 5.8546
4973.9351 5.8544
4975.0791 5.8416
4976.2236 5.8118
4977.3711 5.7602
4978.5161 5.6862
4979.6641 5.6028
4980.8096 5.5382
4981.9585 5.5209
4983.1045 5.5612
4984.2510 5.6391
4985.4004 5.7126
4986.5469 5.7473
4987.6968 5.7405
4988.8442 5.7141
4989.9946 5.6944
4991.1426 5.6959
4992.2910 5.7138
4993.4419 5.7367
4994.5908 5.7498
4995.7427 5.7385
4996.8921 5.6983
4998.0439 5.6418
4999.1938 5.5926
5000.3438 5.5692
5001.4971 5.5602
5002.6475 5.5449
5003.8013 5.5249
5004.9521 5.5299
5006.1064 5.5713
5007.2583 5.6133
5008.4126 5.6242
5009.5649 5.6026
5010.7173 5.5670
5011.8730 5.5378
5013.0259 5.5130
5014.1816 5.4718
5015.3354 5.4147
5016.4917 5.3694
5017.6460 5.3685
5018.8003 5.4242
5019.9575 5.5067
5021.1123 5.5764
5022.2700 5.6156
5023.4258 5.6247
5024.5840 5.6158
5025.7397 5.6044
5026.8960 5.5937
5028.0552 5.5919
5029.2119 5.6019
5030.3716 5.6123
5031.5288 5.6118
5032.6890 5.6003
5033.8472 5.5805
5035.0049 5.5526
5036.1660 5.5152
5037.3247 5.4645
5038.4863 5.4150
5039.6455 5.4046
5040.8076 5.4525
5041.9668 5.5357
5043.1270 5.6075
5044.2900 5.6313
5045.4502 5.6047
5046.6138 5.5584
5047.7749 5.5122
5048.9390 5.4817
5050.1001 5.4789
5051.2622 5.4995
5052.4268 5.5262
5053.5894 5.5445
5054.7544 5.5659
5055.9175 5.5955
5057.0830 5.6227
5058.2466 5.6379
5059.4102 5.6354
5060.5771 5.6136
5061.7412 5.5777
5062.9082 5.5408
5064.0732 5.5144
5065.2407 5.5063
5066.4062 5.5119
5067.5718 5.5127
5068.7402 5.5016
5069.9062 5.4879
5071.0752 5.4757
5072.2417 5.4710
5073.4116 5.4765
5074.5786 5.4824
5075.7461 5.4671
5076.9165 5.4373
5078.0845 5.4114
5079.2554 5.4050
5080.4238 5.4240
5081.5957 5.4577
5082.7646 5.4815
5083.9336 5.4913
5085.1060 5.4950
5086.2759 5.4994
5087.4487 5.5081
5088.6191 5.5203
5089.7925 5.5288
5090.9634 5.5321
5092.1348 5.5262
5093.3091 5.5009
5094.4805 5.4545
5095.6553 5.4046
5096.8276 5.3770
5098.0029 5.3815
5099.1758 5.4124
5100.3516 5.4555
5101.5249 5.4910
5102.6987 5.5009
5103.8750 5.4855
5105.0493 5.4631
5106.2266 5.4443
5107.4014 5.4316
5108.5791 5.4295
5109.7544 5.4450
5110.9297 5.4674
5112.1084 5.4853
5113.2842 5.4969
5114.4634 5.5013
5115.6401 5.4979
5116.8198 5.4879
5117.9966 5.4715
5119.1743 5.4449
5120.3545 5.4114
5121.5327 5.3764
5122.7134 5.3491
5123.8921 5.3384
5125.0737 5.3338
5126.2524 5.3272
5127.4321 5.3224
5128.6143 5.3235
5129.7939 5.3285
5130.9771 5.3317
5132.1572 5.3369
5133.3408 5.3371
5134.5220 5.3214
5135.7031 5.2898
5136.8872 5.2577
5138.0688 5.2475
5139.2539 5.2593
5140.4360 5.2871
5141.6216 5.3115
5142.8042 5.3242
5143.9873 5.3270
5145.1738 5.3253
5146.3574 5.3236
5147.5439 5.3260
5148.7280 5.3261
5149.9155 5.3121
5151.1001 5.2871
5152.2852 5.2756
5153.4731 5.2920
5154.6587 5.3245
5155.8477 5.3535
5157.0337 5.3590
5158.2227 5.3374
5159.4097 5.3083
5160.5962 5.2897
5161.7861 5.2595
5162.9736 5.1915
5164.1646 5.0779
5165.3525 4.9556
5166.5435 4.8949
5167.7319 4.9037
5168.9209 4.9444
5170.1128 4.9976
5171.3022 5.0681
5172.4946 5.1614
5173.6846 5.2611
5174.8779 5.3246
5176.0684 5.3429
5177.2588 5.3334
5178.4526 5.2890
5179.6440 5.2006
5180.8384 5.0949
5182.0303 5.0366
5183.2251 5.0358
5184.4175 5.0673
5185.6104 5.0926
5186.8062 5.0922
5187.9995 5.0817
5189.1958 5.0840
5190.3896 5.0922
5191.5864 5.0976
5192.7808 5.0967
5193.9780 5.0907
5195.1729 5.0889
5196.3682 5.1088
5197.5664 5.1432
5198.7622 5.1738
5199.9609 5.1758
5201.1572 5.1410
5202.3564 5.0914
5203.5532 5.0554
5204.7505 5.0379
5205.9507 5.0491
5207.1484 5.0862
5208.3491 5.1368
5209.5474 5.1826
5210.7485 5.1958
5211.9473 5.1778
5213.1460 5.1518
5214.3481 5.1377
5215.5479 5.1487
5216.7505 5.1865
5217.9507 5.2258
5219.1538 5.2455
5220.3545 5.2371
5221.5557 5.1833
5222.7598 5.0796
5223.9609 4.9644
5225.1655 4.9133
5226.3677 4.9408
5227.5728 5.0111
5228.7754 5.0600
5229.9785 5.0485
5231.1846 4.9994
5232.3877 4.9711
5233.5942 4.9846
5234.7983 5.0298
5236.0054 5.0825
5237.2100 5.1213
5238.4150 5.1379
5239.6230 5.1414
5240.8281 5.1445
5242.0366 5.1508
5243.2427 5.1573
5244.4517 5.1577
5245.6582 5.1463
5246.8652 5.1287
5248.0747 5.1167
5249.2822 5.1094
5250.4927 5.1020
5251.7007 5.0936
5252.9116 5.0913
5254.1201 5.1044
5255.3286 5.1213
5256.5405 5.1174
5257.7500 5.0785
5258.9624 5.0071
5260.1724 4.9221
5261.3853 4.8492
5262.5957 4.8108
5263.8062 4.8056
5265.0200 4.8085
5266.2310 4.8026
5267.4458 4.7992
5268.6572 4.8141
5269.8721 4.8496
5271.0845 4.8813
5272.2974 4.8899
5273.5132 4.8872
5274.7261 4.9091
5275.9424 4.9493
5277.1562 4.9826
5278.3730 4.9840
5279.5874 4.9553
5280.8047 4.9245
5282.0195 4.9267
5283.2349 4.9630
5284.4531 5.0173
5285.6689 5.0653
5286.8877 5.0912
5288.1040 5.0949
5289.3232 5.0898
5290.5400 5.0822
5291.7573 5.0713
5292.9775 5.0551
5294.1953 5.0324
5295.4160 5.0089
5296.6343 4.9969
5297.8555 4.9964
5299.0742 4.9968
5300.2935 4.9971
5301.5156 4.9820
5302.7354 4.9508
5303.9580 4.9377
5305.1782 4.9655
5306.4014 4.9905
5307.6221 5.0076
5308.8433 5.0147
5310.0674 5.0055
5311.2891 4.9750
5312.5137 4.9179
5313.7358 4.8612
5314.9614 4.8442
5316.1841 4.8800
5317.4072 4.9443
5318.6333 4.9866
5319.8569 4.9788
5321.0835 4.9359
5322.3076 4.8840
5323.5347 4.8320
5324.7598 4.7856
5325.9844 4.7632
5327.2129 4.7822
5328.4380 4.8334
5329.6670 4.8974
5330.8931 4.9329
5332.1221 4.9183
5333.3491 4.8795
5334.5757 4.8448
5335.8062 4.8128
5337.0337 4.7971
5338.2642 4.8126
5339.4922 4.8536
5340.7236 4.8912
5341.9521 4.9115
5343.1812 4.9144
5344.4131 4.9072
5345.6426 4.8958
5346.8755 4.8879
5348.1055 4.8929
5349.3389 4.9062
5350.5693 4.9238
5351.8003 4.9397
5353.0342 4.9500
5354.2656 4.9547
5355.5005 4.9562
5356.7324 4.9518
5357.9678 4.9311
5359.2002 4.8852
5360.4331 4.8284
5361.6694 4.7875
5362.9028 4.7804
5364.1392 4.7924
5365.3735 4.7917
5366.6108 4.7692
5367.8452 4.7421
5369.0801 4.7377
5370.3184 4.7706
5371.5537 4.8247
5372.7925 4.8730
5374.0283 4.8968
5375.2676 4.8902
5376.5039 4.8592
5377.7441 4.8184
5378.9810 4.7799
5380.2183 4.7632
5381.4590 4.7819
5382.6973 4.8201
5383.9385 4.8521
5385.1768 4.8647
5386.4189 4.8589
5387.6577 4.8435
5388.8975 4.8244
5390.1401 4.8103
5391.3799 4.8007
5392.6230 4.7830
5393.8638 4.7607
5395.1074 4.7452
5396.3486 4.7373
5397.5903 4.7418
5398.8350 4.7480
5400.0767 4.7257
5401.3223 4.6831
5402.5645 4.6564
5403.8105 4.6577
5405.0537 4.6771
5406.2969 4.6970
5407.5439 4.7059
5408.7876 4.7096
5410.0352 4.7119
5411.2798 4.7102
5412.5273 4.7107
5413.7725 4.7196
5415.0181 4.7341
5416.2666 4.7485
5417.5127 4.7554
5418.7617 4.7476
5420.0083 4.7204
5421.2583 4.6867
5422.5054 4.6749
5423.7529 4.6816
5425.0034 4.6908
5426.2515 4.6917
5427.5029 4.6858
5428.7515 4.6812
5430.0034 4.6822
5431.2524 4.6822
5432.5020 4.6821
5433.7549 4.6977
5435.0049 4.7285
5436.2578 4.7589
5437.5088 4.7745
5438.7627 4.7809
5440.0137 4.7673
5441.2651 4.7303
5442.5200 4.6827
5443.7720 4.6480
5445.0273 4.6475
5446.2798 4.6768
5447.5356 4.7195
5448.7891 4.7490
5450.0425 4.7433
5451.2993 4.7038
5452.5532 4.6626
5453.8105 4.6461
5455.0654 4.6640
5456.3232 4.7036
5457.5786 4.7287
5458.8340 4.7143
5460.0928 4.6765
5461.3486 4.6519
5462.6084 4.6477
5463.8647 4.6673
5465.1250 4.6959
5466.3823 4.7109
5467.6396 4.7048
5468.9004 4.7016
5470.1587 4.6927
5471.4199 4.6649
5472.6787 4.6202
5473.9404 4.5767
5475.1997 4.5603
5476.4624 4.5795
5477.7222 4.6178
5478.9824 4.6513
5480.2461 4.6712
5481.5068 4.6771
5482.7705 4.6685
5484.0322 4.6532
5485.2964 4.6451
5486.5586 4.6473
5487.8208 4.6528
5489.0859 4.6553
5490.3491 4.6557
5491.6147 4.6503
5492.8784 4.6400
5494.1450 4.6344
5495.4087 4.6282
5496.6729 4.6160
5497.9404 4.6076
5499.2056 4.6048
5500.4736 4.5932
5501.7388 4.5848
5503.0073 4.5891
5504.2734 4.5967
5505.5396 4.5878
5506.8096 4.5769
5508.0762 4.5823
5509.3462 4.5931
5510.6138 4.5986
5511.8843 4.6013
5513.1523 4.6117
5514.4209 4.6229
5515.6924 4.6313
5516.9614 4.6365
5518.2334 4.6341
5519.5029 4.6233
5520.7759 4.6077
5522.0459 4.5743
5523.3159 4.5205
5524.5898 4.4645
5525.8608 4.4368
5527.1348 4.4558
5528.4062 4.5037
5529.6812 4.5358
5530.9536 4.5410
5532.2256 4.5313
5533.5015 4.5247
5534.7744 4.5370
5536.0508 4.5687
5537.3242 4.5888
5538.6011 4.5841
5539.8755 4.5659
5541.1499 4.5472
5542.4277 4.5374
5543.7026 4.5410
5544.9810 4.5474
5546.2568 4.5534
5547.5356 4.5601
5548.8115 4.5621
5550.0884 4.5544
5551.3682 4.5433
5552.6450 4.5424
5553.9258 4.5416
5555.2031 4.5432
5556.4844 4.5446
5557.7627 4.5388
5559.0410 4.5225
5560.3232 4.5053
5561.6021 4.4992
5562.8848 4.5003
5564.1646 4.4966
5565.4473 4.4849
5566.7280 4.4750
5568.0083 4.4629
5569.2925 4.4560
5570.5737 4.4544
5571.8579 4.4548
5573.1401 4.4596
5574.4253 4.4758
5575.7075 4.4888
5576.9932 4.4919
5578.2764 4.4878
5579.5596 4.4798
5580.8462 4.4691
5582.1299 4.4511
5583.4170 4.4119
5584.7017 4.3694
5585.9893 4.3467
5587.2744 4.3521
5588.5601 4.3760
5589.8486 4.3978
5591.1348 4.4073
5592.4238 4.4058
5593.7104 4.3935
5595.0005 4.3776
5596.2876 4.3657
5597.5747 4.3568
5598.8657 4.3475
5600.1538 4.3559
5601.4448 4.3777
5602.7334 4.4097
5604.0254 4.4428
5605.3149 4.4568
5606.6045 4.4547
5607.8970 4.4540
5609.1870 4.4503
5610.4805 4.4303
5611.7715 4.3929
5613.0654 4.3582
5614.3569 4.3464
5615.6484 4.3662
5616.9434 4.3996
5618.2354 4.4170
5619.5308 4.4080
5620.8237 4.3946
5622.1201 4.3876
5623.4131 4.3871
5624.7070 4.3932
5626.0039 4.4050
5627.2983 4.4144
5628.5957 4.4087
5629.8906 4.3998
5631.1890 4.3917
5632.4844 4.3835
5633.7803 4.3755
5635.0791 4.3692
5636.3755 4.3648
5637.6753 4.3554
5638.9722 4.3527
5640.2725 4.3560
5641.5703 4.3667
5642.8682 4.3797
5644.1694 4.3784
5645.4678 4.3729
5646.7695 4.3731
5648.0684 4.3728
5649.3711 4.3660
5650.6704 4.3529
5651.9707 4.3361
5653.2739 4.3080
5654.5742 4.2719
5655.8784 4.2535
5657.1797 4.2493
5658.4839 4.2512
5659.7856 4.2712
5661.0879 4.2886
5662.3931 4.2968
5663.6958 4.3025
5665.0020 4.3038
5666.3052 4.3016
5667.6118 4.3096
5668.9155 4.3224
5670.2197 4.3212
5671.5273 4.3183
5672.8320 4.3189
5674.1401 4.3200
5675.4453 4.3203
5676.7539 4.3121
5678.0601 4.2944
5679.3696 4.2776
5680.6758 4.2628
5681.9829 4.2483
5683.2930 4.2393
5684.6006 4.2390
5685.9111 4.2475
5687.2192 4.2556
5688.5308 4.2634
5689.8394 4.2744
5691.1484 4.2837
5692.4609 4.2858
5693.7705 4.2863
5695.0835 4.2813
5696.3936 4.2708
5697.7070 4.2612
5699.0176 4.2588
5700.3286 4.2567
5701.6431 4.2547
5702.9551 4.2476
5704.2700 4.2290
5705.5825 4.2042
5706.8979 4.1928
5708.2109 4.1949
5709.5239 4.2050
5710.8408 4.2165
5712.1543 4.2327
5713.4717 4.2475
5714.7861 4.2409
5716.1040 4.2347
5717.4189 4.2378
5718.7339 4.2398
5720.0527 4.2400
5721.3687 4.2430
5722.6880 4.2443
5724.0044 4.2327
5725.3242 4.2291
5726.6416 4.2304
5727.9590 4.2284
5729.2798 4.2237
5730.5977 4.2235
5731.9194 4.2218
5733.2378 4.2252
5734.5601 4.2228
5735.8794 4.2154
5737.1987 4.2103
5738.5215 4.2082
5739.8418 4.2083
5741.1655 4.2125
5742.4863 4.2067
5743.8105 4.1971
5745.1318 4.1939
5746.4536 4.1906
5747.7783 4.1848
5749.1006 4.1717
5750.4268 4.1595
5751.7495 4.1568
5753.0757 4.1661
5754.3994 4.1796
5755.7231 4.1785
5757.0503 4.1709
5758.3745 4.1606
5759.7026 4.1482
5761.0273 4.1408
5762.3560 4.1516
5763.6816 4.1679
5765.0078 4.1731
5766.3369 4.1700
5767.6636 4.1673
5768.9937 4.1684
5770.3208 4.1675
5771.6514 4.1612
5772.9790 4.1536
5774.3071 4.1489
5775.6387 4.1457
5776.9673 4.1428
5778.2993 4.1424
5779.6289 4.1414
5780.9614 4.1353
5782.2915 4.1340
5783.6250 4.1375
5784.9556 4.1376
5786.2861 4.1315
5787.6206 4.1250
5788.9521 4.1166
5790.2871 4.1109
5791.6191 4.1103
5792.9546 4.1137
5794.2871 4.1184
5795.6201 4.1232
5796.9565 4.1252
5798.2900 4.1282
5799.6274 4.1315
5800.9614 4.1300
5802.2993 4.1209
5803.6338 4.1143
5804.9692 4.1135
5806.3076 4.1162
5807.6436 4.1186
5808.9824 4.1191
5810.3188 4.1198
5811.6587 4.1158
5812.9956 4.1065
5814.3330 4.1035
5815.6738 4.1102
5817.0117 4.1183
5818.3530 4.1178
5819.6914 4.1131
5821.0337 4.1117
5822.3726 4.1152
5823.7119 4.1204
5825.0552 4.1222
5826.3950 4.1177
5827.7388 4.1130
5829.0791 4.1128
5830.4233 4.1112
5831.7646 4.1059
5833.1064 4.1018
5834.4517 4.1053
5835.7935 4.1120
5837.1396 4.1106
5838.4824 4.1041
5839.8286 4.1002
5841.1719 4.1004
5842.5156 4.0993
5843.8633 4.1038
5845.2075 4.1036
5846.5552 4.1000
5847.9004 4.0895
5849.2490 4.0704
5850.5942 4.0521
5851.9404 4.0355
5853.2896 4.0130
5854.6362 4.0006
5855.9863 3.9983
5857.3335 4.0013
5858.6841 4.0174
5860.0322 4.0356
5861.3799 4.0395
5862.7319 4.0419
5864.0806 4.0518
5865.4326 4.0621
5866.7822 4.0592
5868.1348 4.0556
5869.4849 4.0578
5870.8350 4.0574
5872.1890 4.0503
5873.5400 4.0403
5874.8940 4.0350
5876.2456 4.0356
5877.6006 4.0268
5878.9531 4.0139
5880.3052 4.0055
5881.6611 4.0006
5883.0146 3.9841
5884.3711 3.9429
5885.7246 3.8867
5887.0820 3.8375
5888.4365 3.8205
5889.7939 3.8416
5891.1489 3.8686
5892.5044 3.8607
5893.8633 3.8391
5895.2192 3.8423
5896.5786 3.8811
5897.9351 3.9313
5899.2949 3.9560
5900.6523 3.9673
5902.0098 3.9683
5903.3706 3.9694
5904.7285 3.9686
5906.0903 3.9625
5907.4487 3.9581
5908.8110 3.9485
5910.1704 3.9405
5911.5303 3.9293
5912.8931 3.9267
5914.2534 3.9364
5915.6172 3.9323
5916.9780 3.9225
5918.3428 3.9351
5919.7041 3.9376
5921.0659 3.9235
5922.4312 3.9190
5923.7939 3.9386
5925.1597 3.9334
5926.5229 3.9224
5927.8896 3.9155
5929.2534 3.9111
5930.6172 3.9112
5931.9849 3.9241
5933.3496 3.9344
5934.7178 3.9364
5936.0830 3.9331
5937.4517 3.9159
5938.8179 3.8868
5940.1841 3.8751
5941.5537 3.8844
5942.9204 3.8800
5944.2910 3.8684
5945.6587 3.8593
5947.0298 3.8563
5948.3975 3.8638
5949.7661 3.8773
5951.1382 3.8836
5952.5073 3.8826
5953.8799 3.8756
5955.2495 3.8648
5956.6226 3.8601
5957.9932 3.8758
5959.3638 3.8869
5960.7378 3.8887
5962.1094 3.8861
5963.4839 3.8786
5964.8560 3.8605
5966.2314 3.8514
5967.6040 3.8557
5968.9766 3.8654
5970.3530 3.8687
5971.7266 3.8599
5973.1035 3.8459
5974.4780 3.8361
5975.8555 3.8366
5977.2305 3.8389
5978.6055 3.8357
5979.9839 3.8281
5981.3599 3.8224
5982.7388 3.8166
5984.1152 3.8109
5985.4951 3.8080
5986.8721 3.8062
5988.2495 3.8051
5989.6304 3.8104
5991.0083 3.8157
5992.3896 3.8184
5993.7681 3.8222
5995.1504 3.8232
5996.5298 3.8156
5997.9126 3.8042
5999.2920 3.8007
6000.6724 3.8008
6002.0562 3.7977
6003.4370 3.7934
6004.8213 3.7878
6006.2026 3.7740
6007.5874 3.7700
6008.9697 3.7787
6010.3521 3.7823
6011.7378 3.7744
6013.1211 3.7647
6014.5078 3.7644
6015.8911 3.7612
6017.2783 3.7553
6018.6626 3.7495
6020.0474 3.7437
6021.4355 3.7401
6022.8208 3.7447
6024.2095 3.7514
6025.5957 3.7555
6026.9849 3.7610
6028.3716 3.7642
6029.7583 3.7631
6031.1489 3.7673
6032.5361 3.7653
6033.9272 3.7707
6035.3154 3.7756
6036.7070 3.7720
6038.0957 3.7604
6039.4849 3.7467
6040.8774 3.7374
6042.2671 3.7352
6043.6606 3.7376
6045.0508 3.7430
6046.4448 3.7478
6047.8359 3.7442
6049.2271 3.7355
6050.6221 3.7287
6052.0142 3.7233
6053.4097 3.7227
6054.8022 3.7280
6056.1982 3.7323
6057.5918 3.7406
6058.9854 3.7442
6060.3823 3.7348
6061.7764 3.7186
6063.1743 3.7077
6064.5693 3.7055
6065.9678 3.7081
6067.3633 3.7192
6068.7588 3.7315
6070.1582 3.7309
6071.5547 3.7228
6072.9551 3.7335
6074.3521 3.7248
6075.7529 3.6968
6077.1504 3.6867
6078.5483 3.6901
6079.9502 3.6828
6081.3491 3.6747
6082.7515 3.6897
6084.1504 3.7052
6085.5537 3.7043
6086.9536 3.6976
6088.3540 3.6989
6089.7578 3.6998
6091.1587 3.6946
6092.5635 3.6906
6093.9648 3.6873
6095.3701 3.6862
6096.7725 3.6810
6098.1782 3.6549
6099.5811 3.6293
6100.9844 3.6312
6102.3911 3.6374
6103.7949 3.6421
6105.2026 3.6558
6106.6069 3.6729
6108.0151 3.6728
6109.4204 3.6673
6110.8257 3.6656
6112.2349 3.6647
6113.6411 3.6612
6115.0508 3.6591
6116.4575 3.6464
6117.8682 3.6298
6119.2754 3.6150
6120.6831 3.6049
6122.0947 3.6060
6123.5029 3.6260
6124.9150 3.6488
6126.3242 3.6546
6127.7368 3.6472
6129.1465 3.6355
6130.5566 3.6223
6131.9702 3.6040
6133.3809 3.5798
6134.7954 3.5524
6136.2065 3.5368
6137.6216 3.5362
6139.0337 3.5423
6140.4458 3.5505
6141.8618 3.5641
6143.2749 3.5696
6144.6914 3.5657
6146.1050 3.5621
6147.5220 3.5665
6148.9365 3.5756
6150.3511 3.5832
6151.7690 3.5764
6153.1846 3.5537
6154.6035 3.5292
6156.0190 3.5152
6157.4390 3.5068
6158.8555 3.5005
6160.2720 3.5064
6161.6929 3.5095
6163.1104 3.5194
6164.5312 3.5448
6165.9497 3.5550
6167.3711 3.5409
6168.7900 3.5444
6170.2095 3.5614
6171.6323 3.5647
6173.0518 3.5546
6174.4756 3.5713
6175.8960 3.5818
6177.3198 3.5838
6178.7412 3.5821
6180.1626 3.5736
6181.5874 3.5647
6183.0098 3.5743
6184.4355 3.5669
6185.8579 3.5486
6187.2847 3.5386
6188.7080 3.5356
6190.1318 3.5292
6191.5591 3.5246
6192.9834 3.5365
6194.4116 3.5466
6195.8364 3.5498
6197.2651 3.5532
6198.6909 3.5562
6200.1172 3.5428
6201.5469 3.5241
6202.9731 3.5241
6204.4038 3.5418
6205.8311 3.5542
6207.2622 3.5463
6208.6899 3.5350
6210.1216 3.5292
6211.5503 3.5184
6212.9795 3.5072
6214.4121 3.4995
6215.8418 3.4948
6217.2749 3.4905
6218.7056 3.4813
6220.1392 3.4811
6221.5703 3.4969
6223.0015 3.5088
6224.4365 3.4997
6225.8687 3.4853
6227.3042 3.4672
6228.7368 3.4539
6230.1729 3.4497
6231.6064 3.4564
6233.0400 3.4657
6234.4771 3.4590
6235.9116 3.4466
6237.3496 3.4361
6238.7842 3.4392
6240.2231 3.4465
6241.6587 3.4367
6243.0942 3.4067
6244.5342 3.3942
6245.9707 3.3946
6247.4111 3.4078
6248.8481 3.4277
6250.2891 3.4368
6251.7271 3.4222
6253.1650 3.4184
6254.6069 3.4274
6256.0459 3.4410
6257.4888 3.4501
6258.9282 3.4501
6260.3716 3.4461
6261.8115 3.4508
6263.2520 3.4539
6264.6963 3.4510
6266.1377 3.4438
6267.5825 3.4371
6269.0244 3.4347
6270.4702 3.4338
6271.9126 3.4331
6273.3555 3.3744
6274.8022 3.2823
6276.2456 3.2459
6277.6929 3.2996
6279.1372 3.3370
6280.5850 3.3644
6282.0298 3.3830
6283.4751 3.3907
6284.9238 3.3876
6286.3696 3.3768
6287.8193 3.3683
6289.2661 3.3691
6290.7163 3.3737
6292.1636 3.3728
6293.6108 3.3644
6295.0620 3.3588
6296.5103 3.3560
6297.9624 3.3494
6299.4111 3.3374
6300.8638 3.3410
6302.3135 3.3637
6303.7632 3.3659
6305.2168 3.3804
6306.6675 3.3801
6308.1216 3.3754
6309.5728 3.3793
6311.0278 3.3824
6312.4795 3.3617
6313.9316 3.3416
6315.3877 3.3381
6316.8403 3.3434
6318.2974 3.3584
6319.7510 3.3802
6321.2080 3.3834
6322.6621 3.3736
6324.1201 3.3711
6325.5752 3.3753
6327.0303 3.3809
6328.4893 3.3787
6329.9453 3.3580
6331.4048 3.3443
6332.8613 3.3439
6334.3218 3.3427
6335.7788 3.3414
6337.2363 3.3479
6338.6978 3.3530
6340.1558 3.3448
6341.6182 3.3265
6343.0767 3.2988
6344.5396 3.2802
6345.9990 3.2896
6347.4590 3.3162
6348.9229 3.3397
6350.3833 3.3572
6351.8477 3.3587
6353.3091 3.3504
6354.7739 3.3481
6356.2358 3.3519
6357.6982 3.3384
6359.1641 3.3272
6360.6270 3.3314
6362.0938 3.3425
6363.5576 3.3422
6365.0249 3.3231
6366.4893 3.3012
6367.9536 3.2893
6369.4224 3.2911
6370.8877 3.3045
6372.3564 3.3245
6373.8228 3.3444
6375.2925 3.3555
6376.7588 3.3551
6378.2261 3.3441
6379.6968 3.3305
6381.1646 3.3264
6382.6357 3.3360
6384.1040 3.3377
6385.5762 3.3320
6387.0454 3.3322
6388.5146 3.3324
6389.9878 3.3228
6391.4580 3.3150
6392.9316 3.3062
6394.4023 3.3074
6395.8770 3.3069
6397.3481 3.2980
6398.8198 3.2906
6400.2954 3.3003
6401.7681 3.3108
6403.2441 3.3057
6404.7173 3.2951
6406.1943 3.2842
6407.6680 3.2754
6409.1421 3.2786
6410.6196 3.2830
6412.0947 3.2828
6413.5732 3.2722
6415.0488 3.2594
6416.5278 3.2599
6418.0039 3.2752
6419.4805 3.2811
6420.9609 3.2985
6422.4380 3.3034
6423.9189 3.3004
6425.3970 3.3057
6426.8784 3.2970
6428.3569 3.2720
6429.8359 3.2561
6431.3184 3.2487
6432.7979 3.2473
6434.2812 3.2470
6435.7617 3.2360
6437.2456 3.2358
6438.7266 3.2536
6440.2114 3.2719
6441.6929 3.2770
6443.1748 3.2682
6444.6606 3.2548
6446.1431 3.2496
6447.6294 3.2492
6449.1128 3.2464
6450.6001 3.2275
6452.0840 3.1909
6453.5684 3.1635
6455.0566 3.1495
6456.5415 3.1587
6458.0303 3.1838
6459.5161 3.1999
6461.0054 3.1977
6462.4917 3.2057
6463.9785 3.2138
6465.4692 3.2090
6466.9565 3.1983
6468.4478 3.1919
6469.9360 3.1876
6471.4277 3.1716
6472.9165 3.1628
6474.4058 3.1875
6475.8984 3.1980
6477.3882 3.1883
6478.8818 3.1812
6480.3726 3.1655
6481.8667 3.1623
6483.3579 3.1827
6484.8496 3.1968
6486.3447 3.1819
6487.8369 3.1460
6489.3330 3.1176
6490.8262 3.0823
6492.3228 3.0514
6493.8164 3.0495
6495.3101 3.0847
6496.8081 3.1362
6498.3027 3.1655
6499.8013 3.1792
6501.2964 3.1838
6502.7954 3.1849
6504.2915 3.1804
6505.7876 3.1739
6507.2881 3.1808
6508.7852 3.1766
6510.2861 3.1486
6511.7837 3.0995
6513.2852 3.0579
6514.7837 3.0518
6516.2822 3.0729
6517.7852 3.1044
6519.2842 3.1229
6520.7876 3.1166
6522.2876 3.1066
6523.7920 3.1110
6525.2925 3.1061
6526.7939 3.1042
6528.2988 3.0934
6529.8008 3.0697
6531.3062 3.0518
6532.8091 3.0511
6534.3154 3.0433
6535.8184 3.0392
6537.3223 3.0291
6538.8296 3.0062
6540.3340 2.9673
6541.8423 2.9306
6543.3472 2.9301
6544.8560 2.9050
6546.3613 2.8699
6547.8677 2.8407
6549.3774 2.8034
6550.8843 2.7488
6552.3945 2.7024
6553.9019 2.6300
6555.4136 2.5253
6556.9214 2.3881
6558.4336 2.2477
6559.9424 2.1525
6561.4512 2.1414
6562.9644 2.2346
6564.4741 2.3846
6565.9878 2.5206
6567.4985 2.6149
6569.0127 2.6801
6570.5239 2.7350
6572.0356 2.7850
6573.5513 2.8467
6575.0635 2.8899
6576.5796 2.9043
6578.0923 2.9138
6579.6094 2.9401
6581.1230 2.9480
6582.6372 2.9437
6584.1548 2.9478
6585.6694 2.9671
6587.1885 2.9886
6588.7036 2.9946
6590.2231 2.9984
6591.7393 3.0059
6593.2554 3.0275
6594.7759 3.0469
6596.2930 3.0449
6597.8140 3.0398
6599.3320 3.0452
6600.8535 3.0444
6602.3721 3.0390
6603.8911 3.0395
6605.4141 3.0477
6606.9336 3.0503
6608.4570 3.0489
6609.9771 3.0550
6611.5015 3.0565
6613.0225 3.0504
6614.5439 3.0480
6616.0693 3.0558
6617.5913 3.0516
6619.1172 3.0531
6620.6396 3.0629
6622.1665 3.0673
6623.6899 3.0586
6625.2139 3.0523
6626.7417 3.0473
6628.2661 3.0388
6629.7944 3.0366
6631.3198 3.0435
6632.8486 3.0473
6634.3745 3.0365
6635.9009 3.0430
6637.4312 3.0489
6638.9580 3.0446
6640.4888 3.0401
6642.0166 3.0446
6643.5483 3.0452
6645.0767 3.0431
6646.6055 3.0410
6648.1382 3.0399
6649.6675 3.0371
6651.2007 3.0330
6652.7310 3.0350
6654.2651 3.0320
6655.7959 3.0335
6657.3271 3.0288
6658.8623 3.0168
6660.3940 3.0094
6661.9297 3.0123
6663.4624 3.0164
6664.9990 3.0229
6666.5322 3.0277
6668.0659 3.0275
6669.6035 3.0221
6671.1377 3.0127
6672.6763 3.0000
6674.2114 2.9946
6675.7505 2.9932
6677.2861 2.9925
6678.8257 2.9939
6680.3623 2.9988
6681.8989 3.0041
6683.4399 3.0049
6684.9775 3.0024
6686.5190 3.0040
6688.0571 3.0095
6689.5996 3.0029
6691.1382 2.9969
6692.6777 2.9991
6694.2212 2.9928
6695.7607 2.9804
6697.3052 2.9757
6698.8457 2.9743
6700.3906 2.9786
6701.9316 2.9863
6703.4736 2.9859
6705.0195 2.9795
6706.5620 2.9762
6708.1084 2.9744
6709.6519 2.9733
6711.1987 2.9668
6712.7427 2.9546
6714.2871 2.9398
6715.8354 2.9297
6717.3804 2.9333
6718.9292 2.9428
6720.4751 2.9510
6722.0249 2.9539
6723.5713 2.9534
6725.1177 2.9513
6726.6685 2.9445
6728.2163 2.9415
6729.7676 2.9370
6731.3159 2.9297
6732.8682 2.9316
6734.4170 2.9454
6735.9663 2.9435
6737.5195 2.9343
6739.0693 2.9164
6740.6235 2.9082
6742.1743 2.9088
6743.7290 2.9057
6745.2803 2.9068
6746.8320 2.9139
6748.3877 2.9171
6749.9404 2.9192
6751.4966 2.9123
6753.0498 2.8942
6754.6069 2.8928
6756.1611 2.9019
6757.7153 2.9081
6759.2734 2.9175
6760.8286 2.9192
6762.3877 2.9045
6763.9434 2.9023
6765.5029 2.9060
6767.0596 2.9036
6768.6162 2.9012
6770.1772 2.8993
6771.7344 2.8943
6773.2959 2.8927
6774.8540 2.8963
6776.4165 2.8954
6777.9756 2.8915
6779.5347 2.8893
6781.0981 2.8905
6782.6582 2.8929
6784.2222 2.8941
6785.7827 2.8964
6787.3477 2.8946
6788.9092 2.8924
6790.4707 2.8965
6792.0366 2.9000
6793.5991 2.8951
6795.1655 2.8913
6796.7290 2.8889
6798.2964 2.8861
6799.8604 2.8850
6801.4282 2.8895
6802.9927 2.8911
6804.5581 2.8856
6806.1270 2.8771
6807.6929 2.8741
6809.2627 2.8779
6810.8291 2.8771
6812.3994 2.8737
6813.9668 2.8755
6815.5342 2.8758
6817.1060 2.8713
6818.6743 2.8672
6820.2466 2.8694
6821.8154 2.8698
6823.3887 2.8585
6824.9585 2.8373
6826.5283 2.8313
6828.1025 2.8519
6829.6733 2.8586
6831.2485 2.8606
6832.8198 2.8584
6834.3955 2.8556
6835.9678 2.8523
6837.5405 2.8448
6839.1172 2.8336
6840.6904 2.8344
6842.2681 2.8428
6843.8418 2.8482
6845.4199 2.8481
6846.9946 2.8467
6848.5698 2.8456
6850.1494 2.8417
6851.7251 2.8265
6853.3052 2.8165
6854.8818 2.8198
6856.4624 2.8263
6858.0396 2.8236
6859.6177 2.8270
6861.1992 2.8325
6862.7778 2.8343
6864.3604 2.8326
6865.9395 2.8307
6867.5225 2.8285
6869.1025 2.8276
6870.6826 2.8274
6872.2671 2.8264
6873.8481 2.8249
6875.4331 2.8240
6877.0146 2.8218
6878.6006 2.8160
6880.1831 2.8130
6881.7656 2.8133
6883.3525 2.8113
6884.9360 2.8065
6886.5239 2.8112
6888.1079 2.8141
6889.6963 2.8139
6891.2812 2.8125
6892.8667 2.8111
6894.4561 2.8098
6896.0425 2.8084
6897.6323 2.8071
6899.2192 2.8056
6900.8105 2.8027
6902.3979 2.7979
6903.9858 2.7942
6905.5776 2.7969
6907.1665 2.7958
6908.7593 2.7908
6910.3486 2.7865
6911.9419 2.7837
6913.5322 2.7818
6915.1226 2.7826
6916.7173 2.7801
6918.3081 2.7764
6919.9038 2.7773
6921.4956 2.7794
6923.0918 2.7773
6924.6846 2.7781
6926.2812 2.7777
6927.8745 2.7774
6929.4683 2.7766
6931.0664 2.7764
6932.6606 2.7771
6934.2593 2.7761
6935.8545 2.7733
6937.4541 2.7715
6939.0498 2.7718
6940.6460 2.7690
6942.2466 2.7615
6943.8438 2.7619
6945.4448 2.7653
6947.0430 2.7652
6948.6445 2.7618
6950.2432 2.7594
6951.8423 2.7597
6953.4453 2.7565
6955.0449 2.7552
6956.6489 2.7563
6958.2490 2.7503
6959.8535 2.7417
6961.4546 2.7426
6963.0562 2.7489
6964.6621 2.7513
6966.2642 2.7504
6967.8706 2.7461
6969.4736 2.7414
6971.0806 2.7387
6972.6841 2.7319
6974.2886 2.7186
6975.8965 2.7133
6977.5015 2.7181
6979.1104 2.7262
6980.7158 2.7314
6982.3257 2.7357
6983.9321 2.7380
6985.5386 2.7376
6987.1494 2.7381
6988.7568 2.7418
6990.3687 2.7441
6991.9766 2.7372
6993.5889 2.7290
6995.1978 2.7228
6996.8071 2.7190
6998.4204 2.7144
7000.0303 2.7072
7001.6445 2.7041
7003.2554 2.7025
7004.8701 2.7097
7006.4819 2.7218
7008.0938 2.7263
7009.7095 2.7160
7011.3223 2.7044
7012.9390 2.7067
7014.5522 2.7086
7016.1699 2.7092
7017.7837 2.7101
7019.3984 2.7098
7021.0171 2.7076
7022.6323 2.7064
7024.2515 2.7102
7025.8677 2.7132
7027.4878 2.7076
7029.1045 2.6954
7030.7212 2.6921
7032.3428 2.6870
7033.9604 2.6897
7035.5825 2.6986
7037.2007 2.7050
7038.8237 2.7053
7040.4429 2.7081
7042.0664 2.7057
7043.6865 2.6960
7045.3066 2.6923
7046.9316 2.6972
7048.5527 2.7011
7050.1782 2.6998
7051.7998 2.7029
7053.4263 2.6976
7055.0488 2.6820
7056.6719 2.6671
7058.2988 2.6639
7059.9229 2.6663
7061.5508 2.6594
7063.1753 2.6540
7064.8037 2.6630
7066.4292 2.6739
7068.0547 2.6690
7069.6846 2.6627
7071.3110 2.6631
7072.9419 2.6615
7074.5688 2.6551
7076.2002 2.6550
7077.8281 2.6695
7079.4561 2.6796
7081.0889 2.6708
7082.7178 2.6558
7084.3511 2.6420
7085.9810 2.6389
7087.6147 2.6472
7089.2451 2.6468
7090.8760 2.6480
7092.5112 2.6543
7094.1431 2.6554
7095.7788 2.6488
7097.4111 2.6432
7099.0479 2.6463
7100.6812 2.6511
7102.3145 2.6530
7103.9521 2.6502
7105.5864 2.6389
7107.2251 2.6184
7108.8599 2.5989
7110.4995 2.5901
7112.1353 2.5832
7113.7715 2.5844
7115.4116 2.5957
7117.0483 2.6070
7118.6899 2.6082
7120.3271 2.6144
7121.9692 2.6253
7123.6079 2.6315
7125.2466 2.6289
7126.8896 2.6204
7128.5293 2.6130
7130.1729 2.6188
7131.8130 2.6235
7133.4580 2.6240
7135.0986 2.6236
7136.7402 2.6240
7138.3857 2.6205
7140.0283 2.6130
7141.6748 2.6157
7143.3174 2.6024
7144.9648 2.5786
7146.6084 2.5801
7148.2524 2.6080
7149.9009 2.6134
7151.5459 2.6092
7153.1948 2.6038
7154.8403 2.6031
7156.4902 2.6077
7158.1367 2.6027
7159.7832 2.5885
7161.4346 2.5570
7163.0820 2.5545
7164.7339 2.5816
7166.3818 2.5976
7168.0347 2.5999
7169.6836 2.6003
7171.3369 2.5966
7172.9863 2.5890
7174.6367 2.5861
7176.2910 2.5882
7177.9419 2.5736
7179.5972 2.5727
7181.2490 2.5806
7182.9048 2.5651
7184.5571 2.5452
7186.2100 2.5598
7187.8672 2.5755
7189.5210 2.5610
7191.1787 2.5551
7192.8330 2.5638
7194.4917 2.5735
7196.1465 2.5723
7197.8022 2.5591
7199.4619 2.5404
7201.1182 2.5550
7202.7788 2.5520
7204.4355 2.5309
7206.0972 2.5392
7207.7549 2.5604
7209.4131 2.5594
7211.0757 2.5526
7212.7344 2.5523
7214.3975 2.5547
7216.0571 2.5518
7217.7212 2.5466
7219.3818 2.5341
7221.0425 2.5267
7222.7075 2.5309
7224.3691 2.5393
7226.0352 2.5428
7227.6973 2.5477
7229.3643 2.5493
7231.0273 2.5432
7232.6909 2.5378
7234.3584 2.5366
7236.0229 2.5318
7237.6914 2.5181
7239.3564 2.5206
7241.0259 2.5173
7242.6919 2.5195
7244.3579 2.5296
7246.0283 2.5297
7247.6953 2.5148
7249.3667 2.5196
7251.0342 2.5240
7252.7065 2.5254
7254.3750 2.5278
7256.0439 2.5277
7257.7168 2.5160
7259.3867 2.5135
7261.0605 2.5196
7262.7310 2.5226
7264.4058 2.5213
7266.0771 2.5213
7267.7485 2.5180
7269.4243 2.5145
7271.0967 2.5061
7272.7734 2.5010
7274.4463 2.5043
7276.1240 2.5100
7277.7979 2.5080
7279.4722 2.5009
7281.1509 2.4945
7282.8257 2.4964
7284.5054 2.4817
7286.1812 2.4446
7287.8613 2.4605
7289.5376 2.4769
7291.2148 2.4869
7292.8960 2.4939
7294.5737 2.4943
7296.2559 2.4869
7297.9341 2.4861
7299.6172 2.4872
7301.2964 2.4905
7302.9800 2.4851
7304.6602 2.4716
7306.3408 2.4623
7308.0254 2.4620
7309.7065 2.4712
7311.3921 2.4772
7313.0742 2.4775
7314.7607 2.4740
7316.4434 2.4669
7318.1265 2.4584
7319.8140 2.4668
7321.4980 2.4551
7323.1860 2.4375
7324.8711 2.4407
7326.5601 2.4594
7328.2456 2.4542
7329.9312 2.4583
7331.6216 2.4604
7333.3081 2.4613
7334.9995 2.4610
7336.6865 2.4574
7338.3784 2.4586
7340.0669 2.4593
7341.7554 2.4584
7343.4482 2.4569
7345.1377 2.4557
7346.8315 2.4535
7348.5215 2.4474
7350.2163 2.4440
7351.9067 2.4386
7353.5981 2.4392
7355.2939 2.4456
7356.9858 2.4464
7358.6826 2.4388
7360.3755 2.4358
7362.0728 2.4398
7363.7661 2.4443
7365.4604 2.4455
7367.1587 2.4443
7368.8535 2.4403
7370.5527 2.4354
7372.2485 2.4333
7373.9487 2.4337
7375.6450 2.4334
7377.3418 2.4311
7379.0430 2.4313
7380.7402 2.4291
7382.4424 2.4148
7384.1406 2.4046
7385.8433 2.4067
7387.5425 2.4131
7389.2422 2.4180
7390.9458 2.4184
7392.6465 2.4202
7394.3511 2.4225
7396.0522 2.4208
7397.7573 2.4142
7399.4595 2.4089
7401.1616 2.4059
7402.8682 2.3974
7404.5713 2.3862
7406.2788 2.3786
7407.9824 2.3806
7409.6909 2.3939
7411.3955 2.3918
7413.1006 2.3882
7414.8101 2.3872
7416.5156 2.3884
7418.2261 2.3904
7419.9326 2.3865
7421.6436 2.3793
7423.3506 2.3869
7425.0586 2.3978
7426.7705 2.3986
7428.4795 2.3928
7430.1924 2.3974
7431.9014 2.4024
7433.6152 2.4030
7435.3257 2.4012
7437.0400 2.3979
7438.7510 2.3920
7440.4624 2.3842
7442.1777 2.3725
7443.8901 2.3684
7445.6064 2.3742
7447.3193 2.3800
7449.0366 2.3789
7450.7505 2.3840
7452.4644 2.3932
7454.1831 2.3926
7455.8979 2.3814
7457.6172 2.3710
7459.3325 2.3676
7461.0527 2.3582
7462.7690 2.3591
7464.4858 2.3648
7466.2070 2.3664
7467.9248 2.3699
7469.6470 2.3818
7471.3652 2.3845
7473.0884 2.3796
7474.8076 2.3687
7476.5269 2.3653
7478.2510 2.3697
7479.9712 2.3741
7481.6963 2.3829
7483.4175 2.3771
7485.1431 2.3765
7486.8652 2.3722
7488.5874 2.3595
7490.3145 2.3480
7492.0371 2.3420
7493.7651 2.3389
7495.4888 2.3435
7497.2173 2.3544
7498.9419 2.3630
7500.6670 2.3626
7502.3970 2.3593
7504.1226 2.3528
7505.8530 2.3431
7507.5801 2.3308
7509.3110 2.3261
7511.0386 2.3352
7512.7666 2.3383
7514.4990 2.3451
7516.2275 2.3480
7517.9609 2.3425
7519.6904 2.3309
7521.4243 2.3229
7523.1548 2.3306
7524.8853 2.3363
7526.6206 2.3402
7528.3521 2.3378
7530.0884 2.3331
7531.8203 2.3347
7533.5571 2.3382
7535.2905 2.3412
7537.0239 2.3407
7538.7617 2.3374
7540.4961 2.3351
7542.2349 2.3350
7543.9702 2.3316
7545.7095 2.3318
7547.4453 2.3318
7549.1816 2.3308
7550.9229 2.3239
7552.6597 2.3132
7554.4014 2.3196
7556.1392 2.3181
7557.8818 2.3148
7559.6201 2.3160
7561.3594 2.3192
7563.1030 2.3179
7564.8428 2.3129
7566.5874 2.3096
7568.3281 2.3144
7570.0732 2.3122
7571.8149 2.3058
7573.5610 2.3098
7575.3032 2.3115
7577.0459 2.3101
7578.7930 2.3060
7580.5366 2.2976
7582.2847 2.2913
7584.0288 2.2954
7585.7778 2.3029
7587.5229 2.3041
7589.2686 2.3027
7591.0186 2.3001
7592.7646 2.2978
7594.5156 2.2973
7596.2627 2.2964
7598.0142 2.2901
7599.7622 2.2874
7601.5107 2.2892
7603.2637 2.2913
7605.0127 2.2904
7606.7661 2.2873
7608.5161 2.2857
7610.2710 2.2870
7612.0215 2.2776
7613.7725 2.2606
7615.5283 2.2545
7617.2803 2.2615
7619.0366 2.2719
7620.7896 2.2772
7622.5469 2.2777
7624.3003 2.2768
7626.0542 2.2760
7627.8130 2.2750
7629.5679 2.2739
7631.3271 2.2720
7633.0825 2.2712
7634.8428 2.2701
7636.5991 2.2666
7638.3560 2.2658
7640.1172 2.2669
7641.8750 2.2659
7643.6372 2.2646
7645.3955 2.2641
7647.1587 2.2630
7648.9180 2.2598
7650.6772 2.2491
7652.4419 2.2376
7654.2021 2.2222
7655.9673 2.2124
7657.7285 2.2192
7659.4941 2.2191
7661.2563 2.2003
7663.0186 2.2181
7664.7856 2.2417
7666.5493 2.2455
7668.3169 2.2448
7670.0811 2.2473
7671.8496 2.2452
7673.6147 2.2470
7675.3799 2.2375
7677.1499 2.2250
7678.9160 2.2320
7680.6870 2.2370
7682.4536 2.2294
7684.2251 2.2309
7685.9932 2.2348
7687.7612 2.2340
7689.5342 2.2337
7691.3027 2.2345
7693.0767 2.2290
7694.8462 2.2137
7696.6206 2.2119
7698.3911 2.2257
7700.1621 2.2332
7701.9380 2.2308
7703.7100 2.2299
7705.4863 2.2243
7707.2588 2.2029
7709.0361 2.1889
7710.8096 2.2082
7712.5879 2.2182
7714.3618 2.2181
7716.1367 2.2147
7717.9160 2.2082
7719.6914 2.2021
7721.4717 2.2006
7723.2480 2.1962
7725.0288 2.1932
7726.8062 2.2021
7728.5835 2.2083
7730.3657 2.2065
7732.1440 2.2060
7733.9272 2.2070
7735.7065 2.2058
7737.4902 2.1981
7739.2700 2.1901
7741.0508 2.1872
7742.8354 2.1857
7744.6167 2.1776
7746.4028 2.1799
7748.1851 2.1903
7749.9717 2.1957
7751.7544 2.1946
7753.5376 2.1945
7755.3257 2.1910
7757.1099 2.1932
7758.8984 2.1959
7760.6836 2.1945
7762.4731 2.1898
7764.2588 2.1830
7766.0449 2.1646
7767.8359 2.1176
7769.6226 2.0732
7771.4146 2.0576
7773.2021 2.0800
7774.9946 2.1274
7776.7832 2.1613
7778.5723 2.1719
7780.3662 2.1717
7782.1558 2.1743
7783.9507 2.1778
7785.7412 2.1745
7787.5366 2.1747
7789.3281 2.1802
7791.1201 2.1762
7792.9165 2.1718
7794.7095 2.1717
7796.5068 2.1693
7798.3003 2.1654
7800.0986 2.1596
7801.8931 2.1679
7803.6880 2.1701
7805.4873 2.1634
7807.2832 2.1660
7809.0835 2.1697
7810.8799 2.1738
7812.6812 2.1720
7814.4785 2.1691
7816.2759 2.1678
7818.0786 2.1650
7819.8770 2.1616
7821.6802 2.1690
7823.4795 2.1677
7825.2837 2.1566
7827.0840 2.1500
7828.8843 2.1541
7830.6899 2.1462
7832.4912 2.1376
7834.2974 2.1371
7836.0996 2.1421
7837.9067 2.1501
7839.7100 2.1576
7841.5132 2.1527
7843.3213 2.1504
7845.1260 2.1535
7846.9351 2.1568
7848.7402 2.1558
7850.5498 2.1520
7852.3560 2.1509
7854.1665 2.1450
7855.9736 2.1409
7857.7808 2.1364
7859.5928 2.1296
7861.4009 2.1241
7863.2139 2.1256
7865.0225 2.1382
7866.8364 2.1431
7868.6460 2.1372
7870.4561 2.1294
7872.2710 2.1263
7874.0820 2.1225
7875.8979 2.1253
7877.7100 2.1272
7879.5264 2.1328
7881.3389 2.1340
7883.1519 2.1207
7884.9697 2.1175
7886.7837 2.1186
7888.6025 2.1165
7890.4175 2.0923
7892.2368 2.0637
7894.0522 2.0714
7895.8687 2.1034
7897.6890 2.1048
7899.5059 2.1067
7901.3276 2.1204
7903.1455 2.1223
7904.9678 2.0956
7906.7861 2.0851
7908.6055 2.1014
7910.4292 2.1103
7912.2485 2.1057
7914.0732 2.1002
7915.8940 2.1032
7917.7192 2.1069
7919.5405 2.1113
7921.3628 2.1156
7923.1895 2.1160
7925.0122 2.1022
7926.8394 2.0803
7928.6631 2.0921
7930.4912 2.0865
7932.3159 2.0909
7934.1406 2.0993
7935.9702 2.0949
7937.7959 2.0816
7939.6265 2.0844
7941.4526 2.0797
7943.2842 2.0793
7945.1113 2.0878
7946.9390 2.0938
7948.7720 2.0923
7950.6006 2.1074
7952.4336 2.1058
7954.2632 2.0953
7956.0977 2.0786
7957.9277 2.0557
7959.7583 2.0427
7961.5938 2.0695
7963.4253 2.0787
7965.2617 2.0691
7967.0942 2.0684
7968.9316 2.0761
7970.7646 2.0746
7972.5981 2.0847
7974.4370 2.0921
7976.2715 2.0884
7978.1108 2.0854
7979.9458 2.0824
7981.7861 2.0731
7983.6226 2.0780
7985.4590 2.0778
7987.3003 2.0781
7989.1377 2.0825
7990.9800 2.0793
7992.8184 2.0585
7994.6616 2.0421
7996.5005 2.0356
7998.3447 2.0534
8000.1846 2.0758
8002.0249 2.0693
8003.8706 2.0365
8005.7114 2.0472
8007.5576 2.0574
8009.3999 2.0352
8011.2471 2.0310
8013.0898 2.0523
8014.9331 2.0560
8016.7812 2.0582
8018.6255 2.0419
8020.4746 2.0296
8022.3198 2.0305
8024.1699 2.0313
8026.0156 2.0246
8027.8623 2.0390
8029.7134 2.0378
8031.5605 2.0316
8033.4126 2.0330
8035.2607 2.0437
8037.1138 2.0510
8038.9624 2.0356
8040.8120 2.0160
8042.6660 2.0127
8044.5161 2.0204
8046.3711 2.0272
8048.2222 2.0293
8050.0781 2.0319
8051.9302 2.0278
8053.7827 2.0296
8055.6396 2.0288
8057.4927 2.0254
8059.3511 2.0293
8061.2051 2.0297
8063.0640 2.0283
8064.9189 2.0235
8066.7739 2.0178
8068.6343 2.0171
8070.4902 2.0218
8072.3516 2.0193
8074.2085 2.0212
8076.0703 2.0179
8077.9282 2.0179
8079.7866 2.0148
8081.6499 1.9994
8083.5088 2.0084
8085.3730 2.0175
8087.2329 2.0161
8089.0981 2.0108
8090.9590 2.0084
8092.8203 2.0064
8094.6865 1.9989
8096.5483 2.0026
8098.4155 2.0090
8100.2788 2.0111
8102.1465 2.0100
8104.0103 2.0095
8105.8745 2.0080
8107.7441 2.0070
8109.6089 2.0062
8111.4790 2.0046
8113.3452 2.0033
8115.2163 2.0035
8117.0830 2.0029
8118.9502 2.0023
8120.8228 2.0015
8122.6909 2.0005
8124.5640 1.9995
8126.4326 1.9990
8128.3066 1.9974
8130.1768 1.9958
8132.0513 1.9958
8133.9224 1.9952
8135.7935 1.9931
8137.6694 1.9917
8139.5415 1.9915
8141.4185 1.9911
8143.2915 1.9908
8145.1694 1.9889
8147.0430 1.9863
8148.9175 1.9861
8150.7964 1.9862
8152.6714 1.9850
8154.5513 1.9844
8156.4272 1.9819
8158.3081 1.9779
8160.1851 1.9770
8162.0625 1.9798
8163.9443 1.9797
8165.8228 1.9789
8167.7056 1.9777
8169.5845 1.9764
8171.4683 1.9761
8173.3481 1.9756
8175.2285 1.9734
8177.1138 1.9691
8178.9951 1.9456
8180.8809 1.9279
8182.7632 1.9515
8184.6499 1.9576
8186.5327 1.9642
8188.4160 1.9663
8190.3042 1.9405
8192.1885 1.9188
8194.0771 1.9462
8195.9629 1.9475
8197.8525 1.9281
8199.7383 1.9371
8201.6250 1.9554
8203.5156 1.9581
8205.4033 1.9521
8207.2959 1.9504
8209.1836 1.9465
8211.0762 1.9357
8212.9658 1.9353
8214.8545 1.9371
8216.7490 1.9210
8218.6396 1.9221
8220.5342 1.9395
8222.4258 1.9505
8224.3223 1.9470
8226.2139 1.9324
8228.1064 1.9193
8230.0039 1.9249
8231.8965 1.9288
8233.7949 1.9394
8235.6895 1.9452
8237.5889 1.9405
8239.4834 1.9369
8241.3789 1.9406
8243.2793 1.9292
8245.1758 1.9009
8247.0771 1.9060
8248.9746 1.9318
8250.8770 1.9218
8252.7744 1.9256
8254.6729 1.9319
8256.5771 1.9349
8258.4766 1.9352
8260.3809 1.9346
8262.2812 1.9342
8264.1865 1.9337
8266.0869 1.9328
8267.9893 1.9318
8269.8955 1.9297
8271.7979 1.9282
8273.7051 1.9287
8275.6084 1.9265
8277.5166 1.9266
8279.4209 1.9255
8281.3301 1.9247
8283.2354 1.9237
8285.1416 1.9202
8287.0518 1.9186
8288.9580 1.9181
8290.8691 1.9185
8292.7773 1.9180
8294.6895 1.9181
8296.5977 1.9204
8298.5059 1.9177
8300.4199 1.9142
8302.3291 1.9112
8304.2432 1.9069
8306.1543 1.9034
8308.0693 1.9055
8309.9805 1.9092
8311.8926 1.9095
8313.8086 1.9100
8315.7217 1.9098
8317.6396 1.9074
8319.5527 1.9034
8321.4707 1.8968
8323.3857 1.8908
8325.2998 1.8848
8327.2197 1.8772
8329.1357 1.8663
8331.0566 1.8552
8332.9727 1.8539
8334.8945 1.8646
8336.8115 1.8800
8338.7295 1.8899
8340.6523 1.8912
8342.5713 1.8882
8344.4951 1.8833
8346.4150 1.8850
8348.3398 1.8888
8350.2598 1.8898
8352.1807 1.8873
8354.1074 1.8841
8356.0293 1.8829
8357.9561 1.8868
8359.8789 1.8877
8361.8066 1.8852
8363.7295 1.8839
8365.6543 1.8859
8367.5830 1.8842
8369.5078 1.8837
8371.4375 1.8834
8373.3643 1.8823
8375.2949 1.8808
8377.2217 1.8795
8379.1484 1.8781
8381.0811 1.8698
8383.0088 1.8615
8384.9424 1.8608
8386.8711 1.8654
8388.8047 1.8657
8390.7344 1.8598
8392.6650 1.8643
8394.6006 1.8708
8396.5312 1.8740
8398.4678 1.8720
8400.3994 1.8651
8402.3369 1.8598
8404.2695 1.8554
8406.2031 1.8485
8408.1416 1.8496
8410.0762 1.8544
8412.0156 1.8488
8413.9502 1.8489
8415.8906 1.8540
8417.8271 1.8631
8419.7637 1.8673
8421.7051 1.8646
8423.6426 1.8613
8425.5850 1.8568
8427.5234 1.8536
8429.4668 1.8519
8431.4053 1.8438
8433.3496 1.8317
8435.2900 1.8284
8437.2305 1.8308
8439.1758 1.8169
8441.1172 1.7942
8443.0645 1.7834
8445.0059 1.7935
8446.9541 1.8174
8448.8965 1.8446
8450.8408 1.8561
8452.7891 1.8546
8454.7344 1.8477
8456.6836 1.8386
8458.6289 1.8270
8460.5791 1.8165
8462.5254 1.8066
8464.4727 1.8028
8466.4248 1.8059
8468.3721 1.8163
8470.3252 1.8321
8472.2734 1.8416
8474.2275 1.8475
8476.1768 1.8509
8478.1270 1.8515
8480.0820 1.8519
8482.0322 1.8535
8483.9883 1.8482
8485.9404 1.8426
8487.8975 1.8342
8489.8496 1.8099
8491.8027 1.7664
8493.7607 1.7213
8495.7148 1.7013
8497.6738 1.7057
8499.6289 1.7361
8501.5889 1.7668
8503.5449 1.7842
8505.5010 1.7970
8507.4619 1.8034
8509.4199 1.8055
8511.3818 1.8180
8513.3398 1.8295
8515.3027 1.8334
8517.2617 1.8376
8519.2217 1.8398
8521.1855 1.8345
8523.1465 1.8330
8525.1113 1.8311
8527.0723 1.8248
8529.0391 1.8165
8531.0010 1.8002
8532.9639 1.7672
8534.9316 1.6951
8536.8945 1.6104
8538.8633 1.5564
8540.8281 1.5596
8542.7969 1.6117
8544.7627 1.6843
8546.7285 1.7373
8548.6992 1.7683
8550.6660 1.7845
8552.6377 1.7903
8554.6045 1.8023
8556.5771 1.8125
8558.5459 1.8208
8560.5146 1.8266
8562.4893 1.8301
8564.4590 1.8323
8566.4336 1.8315
8568.4043 1.8254
8570.3799 1.8221
8572.3516 1.8201
8574.3242 1.8186
8576.3008 1.8193
8578.2744 1.8135
8580.2520 1.7998
8582.2256 1.7899
8584.2051 1.7823
8586.1797 1.7719
8588.1602 1.7555
8590.1357 1.7295
8592.1113 1.7028
8594.0928 1.6818
8596.0703 1.6760
8598.0527 1.6892
8600.0303 1.7148
8602.0137 1.7406
8603.9922 1.7578
8605.9717 1.7690
8607.9561 1.7773
8609.9365 1.7845
8611.9219 1.7920
8613.9033 1.8011
8615.8896 1.8088
8617.8711 1.8130
8619.8535 1.8155
8621.8418 1.8182
8623.8252 1.8201
8625.8135 1.8160
8627.7979 1.8152
8629.7881 1.8158
8631.7725 1.8154
8633.7588 1.8138
8635.7500 1.8120
8637.7363 1.8105
8639.7285 1.8046
8641.7158 1.7927
8643.7080 1.7831
8645.6973 1.7766
8647.6855 1.7655
8649.6797 1.7536
8651.6699 1.7353
8653.6650 1.6929
8655.6553 1.6246
8657.6514 1.5527
8659.6436 1.5112
8661.6357 1.5127
8663.6328 1.5612
8665.6260 1.6168
8667.6240 1.6603
8669.6182 1.6925
8671.6172 1.7163
8673.6123 1.7246
8675.6074 1.7300
8677.6084 1.7339
8679.6045 1.7390
8681.6055 1.7477
8683.6025 1.7583
8685.6055 1.7660
8687.6035 1.7727
8689.6025 1.7774
8691.6055 1.7842
8693.6055 1.7930
8695.6104 1.7981
8697.6104 1.8001
8699.6162 1.8000
8701.6172 1.7996
8703.6191 1.7980
8705.6260 1.7951
8707.6289 1.7932
8709.6367 1.7941
8711.6406 1.7941
8713.6494 1.7922
8715.6543 1.7910
8717.6592 1.7894
8719.6699 1.7832
8721.6758 1.7758
8723.6865 1.7676
8725.6934 1.7611
8727.7061 1.7526
8729.7129 1.7418
8731.7217 1.7329
8733.7354 1.7202
8735.7441 1.7049
8737.7588 1.6902
8739.7686 1.6691
8741.7842 1.6361
8743.7949 1.5960
8745.8115 1.5616
8747.8232 1.5482
8749.8359 1.5603
8751.8535 1.5951
8753.8672 1.6376
8755.8857 1.6684
8757.9004 1.6883
8759.9199 1.7047
8761.9346 1.7185
8763.9502 1.7302
8765.9717 1.7385
8767.9883 1.7424
8770.0098 1.7484
8772.0273 1.7537
8774.0498 1.7597
8776.0684 1.7645
8778.0879 1.7684
8780.1113 1.7732
8782.1318 1.7712
8784.1562 1.7641
8786.1777 1.7595
8788.2031 1.7593
8790.2256 1.7629
8792.2471 1.7702
8794.2754 1.7773
8796.2979 1.7769
8798.3262 1.7702
8800.3506 1.7584
8802.3799 1.7461
8804.4053 1.7417
8806.4307 1.7480
8808.4609 1.7607
8810.4873 1.7668
8812.5195 1.7667
8814.5459 1.7631
8816.5791 1.7545
8818.6074 1.7427
8820.6357 1.7390
8822.6699 1.7401
8824.6992 1.7408
8826.7344 1.7392
8828.7646 1.7354
8830.8008 1.7285
8832.8330 1.7219
8834.8643 1.7155
8836.9014 1.7088
8838.9346 1.7012
8840.9727 1.6913
8843.0068 1.6776
8845.0459 1.6669
8847.0811 1.6532
8849.1162 1.6341
8851.1562 1.6104
8853.1924 1.5808
8855.2344 1.5409
8857.2715 1.4979
8859.3145 1.4737
8861.3516 1.4827
8863.3906 1.5184
8865.4346 1.5592
8867.4736 1.5930
8869.5186 1.6069
8871.5596 1.6235
8873.6045 1.6413
8875.6465 1.6513
8877.6885 1.6548
8879.7354 1.6581
8881.7783 1.6702
8883.8262 1.6834
8885.8701 1.6900
8887.9189 1.6891
8889.9639 1.6886
8892.0088 1.6978
8894.0596 1.7000
8896.1055 1.7001
8898.1562 1.7032
8900.2041 1.7069
8902.2559 1.7072
8904.3037 1.7089
8906.3574 1.6952
8908.4062 1.6692
8910.4561 1.6796
8912.5107 1.7136
8914.5605 1.7059
8916.6162 1.7034
8918.6680 1.7032
8920.7246 1.6971
8922.7764 1.6696
8924.8291 1.6543
8926.8867 1.6957
8928.9404 1.7074
8931.0000 1.7081
8933.0547 1.7080
8935.1143 1.7076
8937.1699 1.7062
8939.2256 1.7022
8941.2871 1.6914
8943.3438 1.6922
8945.4062 1.6938
8947.4639 1.6964
8949.5273 1.6997
8951.5859 1.6981
8953.6455 1.6969
8955.7100 1.6945
8957.7705 1.6933
8959.8359 1.6883
8961.8975 1.6788
8963.9639 1.6737
8966.0264 1.6775
8968.0889 1.6775
8970.1572 1.6742
8972.2207 1.6659
8974.2891 1.6584
8976.3535 1.6614
8978.4238 1.6617
8980.4893 1.6564
8982.5557 1.6515
8984.6270 1.6464
8986.6934 1.6395
8988.7656 1.6326
8990.8340 1.6251
8992.9072 1.6145
8994.9756 1.5935
8997.0449 1.5800
8999.1201 1.5767
9001.1904 1.5616
9003.2656 1.5358
9005.3369 1.5013
9007.4131 1.4641
9009.4854 1.4103
9011.5586 1.3725
9013.6357 1.4097
9015.7100 1.4633
9017.7891 1.4986
9019.8633 1.5265
9021.9434 1.5498
9024.0186 1.5663
9026.0947 1.5789
9028.1758 1.5905
9030.2529 1.5970
9032.3350 1.5982
9034.4131 1.6046
9036.4971 1.6164
9038.5752 1.6223
9040.6543 1.6256
9042.7393 1.6285
9044.8193 1.6310
9046.9053 1.6319
9048.9863 1.6337
9051.0732 1.6396
9053.1553 1.6407
9055.2383 1.6319
9057.3262 1.5564
9059.4102 1.5435
9061.4990 1.6223
9063.5840 1.6477
9065.6738 1.6467
9067.7588 1.6443
9069.8506 1.6509
9071.9365 1.6354
9074.0234 1.6000
9076.1162 1.5982
9078.2041 1.6388
9080.2979 1.6511
9082.3867 1.6316
9084.4805 1.5914
9086.5703 1.5855
9088.6611 1.6340
9090.7568 1.5625
9092.8486 1.5912
9094.9453 1.6318
9097.0371 1.6419
9099.1348 1.6395
9101.2285 1.6395
9103.3223 1.6400
9105.4209 1.6335
9107.5156 1.5863
9109.6162 1.5848
9111.7119 1.6354
9113.8125 1.6323
9115.9092 1.6319
9118.0068 1.6317
9120.1094 1.6303
9122.2070 1.6292
9124.3105 1.6301
9126.4102 1.6321
9128.5146 1.6298
9130.6143 1.6310
9132.7148 1.6311
9134.8213 1.6301
9136.9219 1.6296
9139.0293 1.6286
9141.1318 1.6254
9143.2393 1.6186
9145.3428 1.6196
9147.4473 1.6228
9149.5566 1.6214
9151.6611 1.6187
9153.7715 1.6182
9155.8770 1.6177
9157.9883 1.6153
9160.0957 1.6116
9162.2031 1.6095
9164.3154 1.6103
9166.4238 1.6074
9168.5371 1.6042
9170.6465 1.5964
9172.7617 1.5901
9174.8711 1.5905
9176.9824 1.5909
9179.0986 1.5792
9181.2100 1.5831
9183.3271 1.5836
9185.4395 1.5810
9187.5576 1.5800
9189.6719 1.5754
9191.7852 1.5708
9193.9053 1.5641
9196.0205 1.5584
9198.1406 1.5508
9200.2568 1.5417
9202.3789 1.5357
9204.4951 1.5268
9206.6133 1.5087
9208.7363 1.4740
9210.8545 1.4648
9212.9785 1.4702
9215.0977 1.4349
9217.2227 1.4326
9219.3428 1.4075
9221.4639 1.3628
9223.5908 1.2974
9225.7129 1.2574
9227.8398 1.3082
9229.9629 1.3659
9232.0908 1.3941
9234.2148 1.4101
9236.3447 1.4418
9238.4688 1.4693
9240.5947 1.4578
9242.7256 1.4828
9244.8516 1.5019
9246.9834 1.5123
9249.1104 1.5088
9251.2432 1.4982
9253.3721 1.5019
9255.5010 1.5100
9257.6348 1.4919
9259.7646 1.4909
9261.8994 1.5037
9264.0303 1.5211
9266.1670 1.5483
9268.2988 1.5495
9270.4307 1.5515
9272.5684 1.5536
9274.7012 1.5547
9276.8398 1.5556
9278.9746 1.5563
9281.1143 1.5567
9283.2490 1.5572
9285.3848 1.5552
9287.5264 1.5548
9289.6621 1.5566
9291.8047 1.5558
9293.9424 1.5568
9296.0850 1.5586
9298.2236 1.5583
9300.3633 1.5571
9302.5078 1.5570
9304.6475 1.5571
9306.7930 1.5557
9308.9346 1.5565
9311.0811 1.5574
9313.2227 1.5519
9315.3652 1.5462
9317.5137 1.5526
9319.6572 1.5542
9321.8057 1.5533
9323.9502 1.5532
9326.1006 1.5540
9328.2461 1.5539
9330.3916 1.5523
9332.5439 1.5524
9334.6904 1.5520
9336.8428 1.5511
9338.9912 1.5491
9341.1445 1.5479
9343.2939 1.5492
9345.4434 1.5427
9347.5977 1.5409
9349.7480 1.5440
9351.9043 1.5456
9354.0557 1.5438
9356.2129 1.5427
9358.3652 1.5420
9360.5186 1.5429
9362.6768 1.5428
9364.8301 1.5423
9366.9902 1.5405
9369.1445 1.5366
9371.3057 1.5379
9373.4609 1.5386
9375.6172 1.5362
9377.7793 1.5359
9379.9365 1.5354
9382.0996 1.5268
9384.2578 1.5244
9386.4219 1.5286
9388.5820 1.5188
9390.7461 1.5175
9392.9072 1.5305
9395.0674 1.5275
9397.2344 1.5212
9399.3965 1.5070
9401.5635 1.4531
9403.7266 1.4583
9405.8945 1.5200
9408.0586 1.4903
9410.2227 1.4378
9412.3926 1.4777
9414.5586 1.5147
9416.7295 1.5089
9418.8955 1.4969
9421.0674 1.5153
9423.2344 1.5156
9425.4023 1.5098
9427.5762 1.5032
9429.7451 1.5031
9431.9189 1.4967
9434.0889 1.4730
9436.2646 1.4917
9438.4355 1.5013
9440.6064 1.4952
9442.7832 1.4950
9444.9561 1.5044
9447.1338 1.5042
9449.3076 1.5014
9451.4863 1.4995
9453.6602 1.5001
9455.8350 1.4990
9458.0156 1.4952
9460.1914 1.4932
9462.3730 1.4935
9464.5498 1.4942
9466.7324 1.4933
9468.9102 1.4914
9471.0889 1.4898
9473.2725 1.4887
9475.4521 1.4871
9477.6367 1.4841
9479.8174 1.4816
9482.0029 1.4803
9484.1846 1.4791
9486.3662 1.4766
9488.5537 1.4737
9490.7363 1.4704
9492.9258 1.4673
9495.1094 1.4649
9497.2988 1.4625
9499.4834 1.4575
9501.6689 1.4492
9503.8604 1.4493
9506.0459 1.4480
9508.2383 1.4436
9510.4258 1.4388
9512.6191 1.4338
9514.8076 1.4273
9516.9961 1.4205
9519.1904 1.4132
9521.3809 1.4045
9523.5762 1.3941
9525.7666 1.3825
9527.9639 1.3701
9530.1553 1.3540
9532.3477 1.3352
9534.5459 1.3105
9536.7393 1.2771
9538.9385 1.2301
9541.1328 1.1624
9543.3330 1.1585
9545.5283 1.2114
9547.7246 1.2664
9549.9268 1.2975
9552.1230 1.3235
9554.3262 1.3415
9556.5234 1.3562
9558.7275 1.3669
9560.9268 1.3769
9563.1309 1.3852
9565.3311 1.3871
9567.5322 1.3928
9569.7383 1.3998
9571.9395 1.4059
9574.1465 1.4111
9576.3496 1.4151
9578.5576 1.4176
9580.7607 1.4194
9582.9648 1.4215
9585.1748 1.4243
9587.3799 1.4243
9589.5908 1.4228
9591.7969 1.4255
9594.0088 1.4280
9596.2158 1.4254
9598.4238 1.4001
9600.6367 1.3961
9602.8457 1.4226
9605.0596 1.4269
9607.2695 1.4325
9609.4854 1.4301
9611.6953 1.4363
9613.9062 1.4253
9616.1240 1.3942
9618.3359 1.3925
9620.5537 1.4234
9622.7666 1.4207
9624.9863 1.4241
9627.2002 1.4199
9629.4150 1.4050
9631.6357 1.4185
9633.8516 1.4261
9636.0723 1.4288
9638.2891 1.4279
9640.5117 1.4294
9642.7295 1.4262
9644.9482 1.4066
9647.1719 1.4052
9649.3916 1.4204
9651.6172 1.4131
9653.8369 1.3818
9656.0635 1.3744
9658.2842 1.4217
9660.5068 1.4195
9662.7344 1.4218
9664.9570 1.4212
9667.1855 1.4115
9669.4102 1.4052
9671.6396 1.4129
9673.8643 1.4090
9676.0898 1.3952
9678.3213 1.4003
9680.5479 1.4108
9682.7803 1.4098
9685.0078 1.4050
9687.2412 1.3965
9689.4697 1.3970
9691.6982 1.4039
9693.9336 1.4085
9696.1631 1.4088
9698.3994 1.4097
9700.6299 1.4091
9702.8672 1.4091
9705.0996 1.4088
9707.3320 1.4080
9709.5703 1.4073
9711.8047 1.4068
9714.0439 1.4059
9716.2783 1.4051
9718.5186 1.4013
9720.7549 1.3995
9722.9912 1.4013
9725.2334 1.4008
9727.4707 1.4001
9729.7139 1.3995
9731.9521 1.3877
9734.1963 1.3704
9736.4355 1.3677
9738.6807 1.3884
9740.9209 1.3924
9743.1621 1.3897
9745.4082 1.3904
9747.6504 1.3923
9749.8984 1.3923
9752.1416 1.3916
9754.3896 1.3899
9756.6338 1.3889
9758.8789 1.3828
9761.1289 1.3812
9763.3740 1.3860
9765.6260 1.3846
9767.8721 1.3857
9770.1250 1.3853
9772.3721 1.3843
9774.6201 1.3835
9776.8750 1.3826
9779.1240 1.3803
9781.3789 1.3777
9783.6289 1.3754
9785.8848 1.3755
9788.1367 1.3771
9790.3877 1.3765
9792.6455 1.3719
9794.8984 1.3689
9797.1572 1.3684
9799.4111 1.3720
9801.6709 1.3740
9803.9258 1.3717
9806.1807 1.3702
9808.4424 1.3687
9810.6982 1.3689
9812.9609 1.3693
9815.2188 1.3667
9817.4814 1.3628
9819.7402 1.3623
9821.9990 1.3605
9824.2646 1.3606
9826.5244 1.3619
9828.7900 1.3604
9831.0518 1.3576
9833.3184 1.3591
9835.5801 1.3581
9837.8428 1.3558
9840.1113 1.3563
9842.3750 1.3573
9844.6455 1.3559
9846.9102 1.3514
9849.1807 1.3391
9851.4463 1.3370
9853.7129 1.3376
9855.9844 1.3341
9858.2520 1.3340
9860.5254 1.3464
9862.7939 1.3484
9865.0684 1.3476
9867.3379 1.3458
9869.6074 1.3449
9871.8838 1.3455
9874.1543 1.3448
9876.4316 1.3439
9878.7031 1.3409
9880.9814 1.3432
9883.2549 1.3336
9885.5283 1.3084
9887.8076 1.3006
9890.0830 1.3295
9892.3633 1.3360
9894.6387 1.3255
9896.9209 1.3241
9899.1973 1.3331
9901.4746 1.3305
9903.7578 1.3301
9906.0361 1.3283
9908.3203 1.3211
9910.5996 1.3136
9912.8857 1.3151
9915.1660 1.3267
9917.4521 1.3273
9919.7334 1.3243
9922.0156 1.3267
9924.3037 1.3201
9926.5869 1.3028
9928.8760 1.3016
9931.1602 1.3181
9933.4502 1.3207
9935.7354 1.3117
9938.0205 1.3067
9940.3125 1.3115
9942.5996 1.3149
9944.8926 1.3108
9947.1797 1.3079
9949.4736 1.3090
9951.7627 1.3091
9954.0518 1.3061
9956.3477 1.3047
9958.6377 1.3032
9960.9346 1.3041
9963.2256 1.3034
9965.5234 1.3010
9967.8154 1.2995
9970.1094 1.2990
9972.4082 1.2965
9974.7021 1.2950
9977.0020 1.2935
9979.2979 1.2913
9981.5986 1.2891
9983.8945 1.2875
9986.1914 1.2865
9988.4941 1.2829
9990.7920 1.2779
9993.0967 1.2722
9995.3955 1.2699
9997.7002 1.2743
10000.0000 1.2712
10002.3057 1.2689
10004.6016 1.2659
10006.9082 1.2619
10009.2158 1.2581
10011.5244 1.2538
10013.8223 1.2485
10016.1309 1.2434
10018.4404 1.2377
10020.7402 1.2300
10023.0508 1.2218
10025.3623 1.2150
10027.6738 1.2045
10029.9756 1.1939
10032.2881 1.1807
10034.6016 1.1639
10036.9043 1.1426
10039.2188 1.1142
10041.5342 1.0757
10043.8496 1.0139
10046.1543 0.9952
10048.4707 1.0360
10050.7881 1.0934
10053.0947 1.1197
10055.4131 1.1447
10057.7324 1.1617
10060.0508 1.1751
10062.3604 1.1854
10064.6807 1.1931
10067.0010 1.2018
10069.3115 1.2088
10071.6338 1.2136
10073.9561 1.2177
10076.2793 1.2215
10078.5918 1.2243
10080.9160 1.2260
10083.2402 1.2300
10085.5547 1.2325
10087.8799 1.2344
10090.2061 1.2362
10092.5332 1.2374
10094.8496 1.2385
10097.1777 1.2394
10099.5059 1.2388
10101.8232 1.2375
10104.1533 1.2376
10106.4834 1.2372
10108.8135 1.2329
10111.1338 1.2339
10113.4648 1.2389
10115.7969 1.2429
10118.1191 1.2253
10120.4521 1.2052
10122.7861 1.2320
10125.1201 1.2406
10127.4434 1.2410
10129.7793 1.2409
10132.1152 1.2407
10134.4404 1.2402
10136.7773 1.2401
10139.1152 1.2370
10141.4531 1.2288
10143.7803 1.2322
10146.1191 1.2384
10148.4590 1.2367
10150.7881 1.2352
10153.1289 1.2344
10155.4707 1.2369
10157.8125 1.2287
10160.1436 1.2206
10162.4863 1.2258
10164.8301 1.2345
10167.1621 1.2319
10169.5068 1.2308
10171.8525 1.2296
10174.1973 1.2311
10176.5322 1.2291
10178.8789 1.2120
10181.2266 1.2139
10183.5742 1.2246
10185.9111 1.2269
10188.2607 1.2243
10190.6094 1.2242
10192.9482 1.2242
10195.2988 1.2232
10197.6504 1.2216
10200.0020 1.2212
10202.3428 1.2204
10204.6953 1.2190
10207.0479 1.2193
10209.3906 1.2188
10211.7451 1.2080
10214.0996 1.2095
10216.4551 1.2163
10218.7998 1.2158
10221.1562 1.2151
10223.5137 1.2142
10225.8594 1.2134
10228.2178 1.2132
10230.5762 1.2122
10232.9355 1.2094
10235.2842 1.2074
10237.6436 1.2095
10240.0049 1.2085
10242.3545 1.2073
10244.7168 1.2072
10247.0791 1.2069
10249.4424 1.2058
10251.7939 1.2048
10254.1582 1.2041
10256.5234 1.2033
10258.8770 1.2024
10261.2422 1.2016
10263.6084 1.2010
10265.9756 1.2001
10268.3311 1.1985
10270.6992 1.1965
10273.0674 1.1963
10275.4258 1.1972
10277.7949 1.1957
10280.1650 1.1956
10282.5352 1.1903
10284.8955 1.1826
10287.2666 1.1847
10289.6396 1.1936
10292.0010 1.1901
10294.3740 1.1897
10296.7480 1.1874
10299.1221 1.1868
10301.4863 1.1872
10303.8613 1.1863
10306.2373 1.1839
10308.6025 1.1801
10310.9795 1.1822
10313.3574 1.1832
10315.7363 1.1820
10318.1035 1.1811
10320.4824 1.1804
10322.8623 1.1794
10325.2314 1.1776
10327.6123 1.1749
10329.9941 1.1746
10332.3760 1.1766
10334.7471 1.1754
10337.1309 1.1722
10339.5146 1.1633
10341.8877 1.1660
10344.2725 1.1717
10346.6572 1.1699
10349.0430 1.1698
10351.4189 1.1690
10353.8057 1.1682
10356.1934 1.1680
10358.5693 1.1658
10360.9580 1.1636
10363.3477 1.1646
10365.7373 1.1494
10368.1162 1.1450
