3562.8704 27.9228
3563.6899 27.7499
3564.5117 27.5095
3565.3318 27.2603
3566.1538 27.0360
3566.9744 26.8344
3567.7969 26.6646
3568.6177 26.5444
3569.4385 26.4680
3570.2617 26.4068
3571.0830 26.3380
3571.9065 26.2667
3572.7283 26.2182
3573.5520 26.2161
3574.3740 26.2584
3575.1963 26.3327
3576.0208 26.4243
3576.8435 26.5142
3577.6682 26.5721
3578.4915 26.5804
3579.3167 26.5661
3580.1399 26.5599
3580.9636 26.5622
3581.7893 26.5340
3582.6133 26.4404
3583.4395 26.2615
3584.2639 26.0193
3585.0903 25.7666
3585.9150 25.5487
3586.7400 25.3845
3587.5671 25.2967
3588.3923 25.3167
3589.2200 25.4524
3590.0457 25.6608
3590.8735 25.8708
3591.6995 26.0233
3592.5259 26.1244
3593.3542 26.2240
3594.1809 26.3245
3595.0098 26.4178
3595.8367 26.5090
3596.6660 26.6102
3597.4934 26.6983
3598.3208 26.7459
3599.1506 26.7484
3599.9788 26.7105
3600.8088 26.6268
3601.6372 26.4795
3602.4678 26.2726
3603.2964 26.0436
3604.1252 25.8484
3604.9565 25.7116
3605.7859 25.6331
3606.6172 25.6050
3607.4470 25.6139
3608.2788 25.6189
3609.1089 25.5850
3609.9392 25.5127
3610.7717 25.4204
3611.6023 25.3252
3612.4351 25.2461
3613.2661 25.2046
3614.0994 25.2163
3614.9307 25.2665
3615.7625 25.3227
3616.5962 25.3549
3617.4282 25.3506
3618.2625 25.3075
3619.0947 25.2321
3619.9292 25.1473
3620.7620 25.0864
3621.5969 25.0817
3622.4302 25.1463
3623.2634 25.2636
3624.0989 25.3996
3624.9326 25.5364
3625.7686 25.6667
3626.6028 25.7768
3627.4390 25.8339
3628.2734 25.7945
3629.1082 25.6369
3629.9451 25.3821
3630.7800 25.0791
3631.6174 24.7902
3632.4529 24.5816
3633.2903 24.5027
3634.1262 24.5631
3634.9622 24.7290
3635.8005 24.9395
3636.6370 25.1278
3637.4756 25.2549
3638.3123 25.3082
3639.1514 25.2809
3639.9885 25.1859
3640.8259 25.0486
3641.6653 24.8933
3642.5032 24.7305
3643.3430 24.5725
3644.1812 24.4606
3645.0215 24.4034
3645.8601 24.3785
3646.6990 24.3608
3647.5398 24.3500
3648.3789 24.3365
3649.2202 24.3207
3650.0596 24.3156
3650.9014 24.3351
3651.7412 24.3848
3652.5813 24.4649
3653.4236 24.5593
3654.2642 24.6526
3655.1067 24.7368
3655.9475 24.8013
3656.7908 24.8284
3657.6318 24.8117
3658.4734 24.7556
3659.3169 24.6741
3660.1587 24.5826
3661.0029 24.4950
3661.8450 24.4187
3662.6895 24.3508
3663.5320 24.2921
3664.3748 24.2611
3665.2197 24.2571
3666.0630 24.2578
3666.9084 24.2361
3667.7520 24.1936
3668.5977 24.1585
3669.4417 24.1408
3670.2859 24.1200
3671.1321 24.0803
3671.9768 24.0368
3672.8235 24.0096
3673.6685 23.9854
3674.5156 23.9220
3675.3608 23.8003
3676.2063 23.6306
3677.0542 23.4422
3677.8999 23.2680
3678.7480 23.1289
3679.5945 23.0262
3680.4429 22.9666
3681.2896 22.9544
3682.1365 22.9697
3682.9856 22.9572
3683.8328 22.8733
3684.6824 22.7313
3685.5300 22.5929
3686.3799 22.5226
3687.2278 22.5431
3688.0781 22.6199
3688.9265 22.7051
3689.7751 22.7901
3690.6260 22.8828
3691.4751 22.9817
3692.3264 23.0661
3693.1758 23.1172
3694.0273 23.1176
3694.8772 23.0519
3695.7273 22.9473
3696.5793 22.8597
3697.4299 22.8446
3698.2825 22.9306
3699.1333 23.0924
3699.9863 23.2534
3700.8374 23.3184
3701.6887 23.2103
3702.5425 22.9081
3703.3943 22.4756
3704.2483 22.0363
3705.1003 21.7403
3705.9548 21.6852
3706.8074 21.8655
3707.6599 22.1519
3708.5149 22.3617
3709.3682 22.3579
3710.2234 22.1399
3711.0771 21.8225
3711.9329 21.5530
3712.7866 21.4540
3713.6409 21.6321
3714.4973 22.1316
3715.3518 22.8571
3716.2085 23.6067
3717.0635 24.1532
3717.9204 24.3209
3718.7759 24.0479
3719.6313 23.3938
3720.4890 22.5211
3721.3450 21.6642
3722.2031 21.0593
3723.0593 20.8710
3723.9180 21.1395
3724.7747 21.7694
3725.6316 22.5969
3726.4905 23.4531
3727.3479 24.1799
3728.2073 24.6454
3729.0649 24.7919
3729.9250 24.6252
3730.7830 24.1447
3731.6414 23.3605
3732.5017 22.3418
3733.3604 21.2522
3734.2214 20.3017
3735.0803 19.6849
3735.9417 19.5371
3736.8013 19.8974
3737.6609 20.7003
3738.5227 21.7733
3739.3828 22.8866
3740.2451 23.8504
3741.1055 24.5610
3741.9683 24.9695
3742.8291 25.0639
3743.6899 24.8662
3744.5532 24.4263
3745.4148 23.7897
3746.2786 22.9695
3747.1404 21.9945
3748.0044 20.9429
3748.8667 19.9583
3749.7290 19.2136
3750.5938 18.8525
3751.4565 18.9488
3752.3215 19.4986
3753.1848 20.4183
3754.0503 21.5390
3754.9138 22.6407
3755.7798 23.5334
3756.6438 24.1318
3757.5081 24.4486
3758.3745 24.5508
3759.2390 24.5268
3760.1060 24.4707
3760.9709 24.4606
3761.8381 24.5097
3762.7036 24.5482
3763.5693 24.4814
3764.4370 24.2526
3765.3032 23.8485
3766.1714 23.2536
3767.0378 22.4456
3767.9065 21.4661
3768.7732 20.4245
3769.6401 19.4747
3770.5095 18.7684
3771.3770 18.4136
3772.2466 18.4562
3773.1145 18.8852
3773.9844 19.6410
3774.8528 20.6158
3775.7209 21.6675
3776.5918 22.6697
3777.4604 23.5767
3778.3315 24.3942
3779.2009 25.1280
3780.0723 25.7527
3780.9419 26.2434
3781.8118 26.5947
3782.6838 26.8130
3783.5540 26.8860
3784.4265 26.8003
3785.2971 26.5722
3786.1699 26.2534
3787.0410 25.8900
3787.9121 25.4845
3788.7856 25.0512
3789.6572 24.6209
3790.5310 24.2080
3791.4031 23.7513
3792.2773 23.1715
3793.1499 22.4371
3794.0225 21.5429
3794.8972 20.5101
3795.7703 19.4080
3796.6455 18.3664
3797.5190 17.5371
3798.3948 17.0573
3799.2686 17.0016
3800.1426 17.3746
3801.0188 18.1109
3801.8933 19.0879
3802.7700 20.1370
3803.6448 21.0913
3804.5220 21.8825
3805.3972 22.5306
3806.2727 23.0960
3807.1504 23.6172
3808.0261 24.1073
3808.9043 24.5705
3809.7805 24.9808
3810.6589 25.2847
3811.5356 25.4241
3812.4126 25.3886
3813.2917 25.2238
3814.1689 25.0204
3815.0483 24.8793
3815.9260 24.8660
3816.8059 24.9730
3817.6841 25.1312
3818.5623 25.2575
3819.4429 25.2907
3820.3215 25.1945
3821.2024 24.9532
3822.0815 24.5754
3822.9629 24.1069
3823.8423 23.6214
3824.7241 23.1540
3825.6040 22.6794
3826.4841 22.1710
3827.3665 21.6515
3828.2468 21.1438
3829.1296 20.6269
3830.0105 20.0408
3830.8938 19.3551
3831.7751 18.5721
3832.6565 17.7135
3833.5403 16.8307
3834.4224 16.0264
3835.3064 15.4258
3836.1887 15.1239
3837.0735 15.1607
3837.9561 15.5091
3838.8391 16.1030
3839.7244 16.8596
3840.6077 17.6908
3841.4932 18.5223
3842.3770 19.3068
3843.2629 20.0303
3844.1472 20.6951
3845.0315 21.2953
3845.9182 21.8124
3846.8030 22.2302
3847.6899 22.5533
3848.5752 22.8202
3849.4626 23.0794
3850.3481 23.3429
3851.2339 23.5887
3852.1221 23.7901
3853.0083 23.9326
3853.8967 24.0163
3854.7832 24.0339
3855.6721 23.9717
3856.5591 23.8583
3857.4463 23.7461
3858.3359 23.6857
3859.2234 23.7028
3860.1135 23.7862
3861.0015 23.8873
3861.8918 23.9843
3862.7803 24.0765
3863.6687 24.1555
3864.5598 24.1930
3865.4487 24.1835
3866.3401 24.1473
3867.2297 24.1238
3868.1213 24.1077
3869.0112 24.0475
3869.9014 23.8821
3870.7937 23.6064
3871.6841 23.2592
3872.5769 22.9057
3873.4678 22.5927
3874.3611 22.3277
3875.2524 22.0764
3876.1438 21.8051
3877.0376 21.5077
3877.9297 21.1756
3878.8237 20.7988
3879.7161 20.3870
3880.6108 19.9791
3881.5037 19.5945
3882.3965 19.1984
3883.2917 18.7136
3884.1851 18.0887
3885.0808 17.3200
3885.9746 16.4555
3886.8706 15.5753
3887.7649 14.7774
3888.6592 14.1692
3889.5559 13.8355
3890.4507 13.8173
3891.3479 14.0961
3892.2429 14.6118
3893.1406 15.2704
3894.0361 15.9672
3894.9341 16.6227
3895.8301 17.1894
3896.7263 17.6544
3897.6250 18.0365
3898.5215 18.3647
3899.4207 18.6625
3900.3176 18.9389
3901.2170 19.1935
3902.1145 19.4242
3903.0122 19.6374
3903.9121 19.8382
3904.8103 20.0141
3905.7107 20.1774
3906.6094 20.3685
3907.5100 20.6298
3908.4089 20.9481
3909.3081 21.2767
3910.2097 21.5583
3911.1091 21.7364
3912.0110 21.7832
3912.9111 21.7252
3913.8132 21.6199
3914.7136 21.5090
3915.6143 21.4063
3916.5171 21.3249
3917.4182 21.2757
3918.3215 21.2550
3919.2229 21.2488
3920.1267 21.2577
3921.0286 21.3015
3921.9307 21.3813
3922.8350 21.4717
3923.7373 21.5296
3924.6421 21.5172
3925.5452 21.4050
3926.4502 21.1763
3927.3535 20.8194
3928.2571 20.3214
3929.1628 19.6640
3930.0667 18.8220
3930.9731 17.7557
3931.8774 16.4729
3932.7839 15.1465
3933.6887 14.0856
3934.5938 13.6242
3935.5010 13.9311
3936.4062 14.8879
3937.3142 16.1595
3938.2200 17.4283
3939.1279 18.4862
3940.0342 19.2615
3940.9407 19.7615
3941.8494 20.0258
3942.7561 20.1224
3943.6653 20.1193
3944.5725 20.0648
3945.4822 19.9820
3946.3899 19.8916
3947.2979 19.7993
3948.2080 19.7041
3949.1162 19.6017
3950.0269 19.4874
3950.9355 19.3648
3951.8467 19.2539
3952.7559 19.1555
3953.6650 19.0410
3954.5769 18.8866
3955.4866 18.6921
3956.3987 18.4805
3957.3088 18.2576
3958.2214 18.0099
3959.1321 17.7297
3960.0449 17.4243
3960.9561 17.0989
3961.8672 16.7365
3962.7808 16.3030
3963.6924 15.7727
3964.6064 15.1335
3965.5186 14.3850
3966.4329 13.5447
3967.3455 12.6626
3968.2581 11.8276
3969.1731 11.1736
3970.0862 10.8408
3971.0017 10.8833
3971.9153 11.2655
3972.8313 11.8878
3973.7451 12.6309
3974.6592 13.3852
3975.5759 14.0759
3976.4905 14.6836
3977.4075 15.2204
3978.3225 15.6956
3979.2397 16.1024
3980.1553 16.4429
3981.0708 16.7381
3981.9888 17.0036
3982.9050 17.2369
3983.8232 17.4214
3984.7397 17.5638
3985.6587 17.7047
3986.5757 17.8691
3987.4927 18.0499
3988.4121 18.2301
3989.3298 18.4074
3990.2498 18.5792
3991.1677 18.7338
3992.0879 18.8708
3993.0063 18.9870
3993.9250 19.0665
3994.8459 19.0850
3995.7649 19.0418
3996.6863 18.9684
3997.6057 18.9102
3998.5276 18.8998
3999.4475 18.9466
4000.3674 19.0344
4001.2900 19.1265
4002.2104 19.1745
4003.1333 19.1364
4004.0544 19.0305
4004.9775 18.9199
4005.8989 18.8663
4006.8206 18.8833
4007.7446 18.9598
4008.6665 19.0831
4009.5908 19.2111
4010.5132 19.2923
4011.4380 19.3066
4012.3608 19.2776
4013.2839 19.2447
4014.2095 19.2326
4015.1328 19.2441
4016.0588 19.2747
4016.9827 19.3246
4017.9089 19.3862
4018.8333 19.4381
4019.7578 19.4569
4020.6848 19.4137
4021.6096 19.3095
4022.5371 19.2050
4023.4624 19.1490
4024.3901 19.1097
4025.3162 19.0691
4026.2422 19.0311
4027.1704 18.9972
4028.0969 18.9481
4029.0259 18.8673
4029.9526 18.7458
4030.8821 18.5921
4031.8093 18.4512
4032.7390 18.3760
4033.6667 18.3861
4034.5947 18.4710
4035.5251 18.6103
4036.4534 18.7675
4037.3843 18.9089
4038.3130 19.0131
4039.2441 19.0747
4040.1736 19.0928
4041.1030 19.0627
4042.0347 18.9782
4042.9646 18.8377
4043.8970 18.6610
4044.8271 18.4978
4045.7600 18.3889
4046.6907 18.3379
4047.6216 18.3433
4048.5549 18.4031
4049.4863 18.4954
4050.4202 18.5647
4051.3521 18.5656
4052.2861 18.4995
4053.2185 18.3831
4054.1509 18.2432
4055.0857 18.1119
4056.0186 18.0169
4056.9539 17.9752
4057.8872 17.9891
4058.8230 18.0278
4059.7566 18.0482
4060.6907 18.0214
4061.6270 17.9526
4062.5613 17.8636
4063.4983 17.7637
4064.4331 17.6551
4065.3701 17.5649
4066.3054 17.5265
4067.2410 17.5408
4068.1787 17.5675
4069.1147 17.5511
4070.0530 17.4869
4070.9893 17.4038
4071.9280 17.3249
4072.8647 17.2397
4073.8018 17.1305
4074.7412 16.9858
4075.6787 16.8265
4076.6184 16.6778
4077.5562 16.5548
4078.4966 16.4623
4079.4348 16.4114
4080.3733 16.4105
4081.3142 16.4398
4082.2532 16.4531
4083.1943 16.4104
4084.1338 16.3122
4085.0757 16.1854
4086.0154 16.0523
4086.9553 15.9201
4087.8977 15.7899
4088.8381 15.6594
4089.7810 15.5220
4090.7219 15.3676
4091.6653 15.1731
4092.6064 14.9229
4093.5481 14.6218
4094.4919 14.2803
4095.4338 13.8972
4096.3784 13.4734
4097.3208 13.0017
4098.2656 12.4676
4099.2085 11.8882
4100.1514 11.3194
4101.0967 10.8441
4102.0400 10.5415
4102.9863 10.4637
4103.9302 10.6112
4104.8765 10.9483
4105.8208 11.4165
4106.7676 11.9438
4107.7124 12.4579
4108.6572 12.9129
4109.6045 13.3018
4110.5503 13.6369
4111.4980 13.9341
4112.4438 14.2055
4113.3921 14.4646
4114.3384 14.7164
4115.2852 14.9482
4116.2339 15.1433
4117.1807 15.2928
4118.1304 15.4010
4119.0776 15.4742
4120.0273 15.5227
4120.9751 15.5679
4121.9233 15.6340
4122.8740 15.7276
4123.8223 15.8190
4124.7734 15.8760
4125.7222 15.8964
4126.6733 15.8957
4127.6230 15.8858
4128.5723 15.8672
4129.5244 15.8329
4130.4746 15.7924
4131.4268 15.7769
4132.3774 15.8055
4133.3301 15.8804
4134.2812 15.9925
4135.2324 16.1272
4136.1855 16.2657
4137.1372 16.4023
4138.0913 16.5392
4139.0435 16.6590
4139.9976 16.7288
4140.9502 16.7246
4141.9028 16.6520
4142.8579 16.5413
4143.8110 16.4333
4144.7666 16.3597
4145.7202 16.3345
4146.6758 16.3520
4147.6299 16.3974
4148.5840 16.4535
4149.5405 16.4910
4150.4951 16.4916
4151.4526 16.4525
4152.4072 16.3830
4153.3647 16.3015
4154.3203 16.2253
4155.2764 16.1581
4156.2344 16.1077
4157.1904 16.0884
4158.1489 16.1101
4159.1055 16.1608
4160.0649 16.2176
4161.0220 16.2658
4161.9790 16.3031
4162.9390 16.3314
4163.8965 16.3473
4164.8564 16.3459
4165.8149 16.3398
4166.7754 16.3367
4167.7339 16.3200
4168.6929 16.2617
4169.6538 16.1487
4170.6133 15.9908
4171.5752 15.8162
4172.5347 15.6613
4173.4971 15.5419
4174.4570 15.4590
4175.4175 15.4165
4176.3799 15.4216
4177.3408 15.4570
4178.3042 15.4934
4179.2651 15.5235
4180.2290 15.5581
4181.1909 15.6075
4182.1548 15.6711
4183.1172 15.7384
4184.0796 15.7780
4185.0444 15.7778
4186.0068 15.7521
4186.9722 15.7286
4187.9355 15.7192
4188.9014 15.7219
4189.8647 15.7504
4190.8286 15.8197
4191.7949 15.9213
4192.7593 16.0108
4193.7261 16.0526
4194.6909 16.0259
4195.6582 15.9333
4196.6235 15.7992
4197.5889 15.6532
4198.5571 15.5157
4199.5229 15.4127
4200.4912 15.3613
4201.4575 15.3584
4202.4263 15.3922
4203.3931 15.4481
4204.3599 15.5116
4205.3296 15.5760
4206.2969 15.6368
4207.2671 15.6798
4208.2349 15.6989
4209.2051 15.7023
4210.1738 15.7075
4211.1421 15.7121
4212.1133 15.6949
4213.0820 15.6542
4214.0537 15.6001
4215.0229 15.5409
4215.9951 15.4782
4216.9648 15.4252
4217.9351 15.3964
4218.9077 15.3946
4219.8784 15.4142
4220.8516 15.4356
4221.8223 15.4222
4222.7959 15.3538
4223.7676 15.2286
4224.7393 15.0621
4225.7134 14.9007
4226.6855 14.7997
4227.6602 14.7858
4228.6328 14.8559
4229.6079 14.9790
4230.5806 15.1100
4231.5542 15.1925
4232.5298 15.1835
4233.5034 15.0915
4234.4800 14.9812
4235.4541 14.9097
4236.4307 14.8973
4237.4053 14.9372
4238.3799 15.0023
4239.3574 15.0541
4240.3325 15.0825
4241.3105 15.1011
4242.2861 15.1091
4243.2642 15.1021
4244.2407 15.0733
4245.2168 15.0126
4246.1958 14.9246
4247.1729 14.8283
4248.1519 14.7286
4249.1294 14.6472
4250.1094 14.6165
4251.0869 14.6484
4252.0649 14.7072
4253.0454 14.7569
4254.0239 14.8086
4255.0049 14.8699
4255.9834 14.9206
4256.9648 14.9240
4257.9443 14.8762
4258.9263 14.8029
4259.9058 14.7318
4260.8857 14.6822
4261.8687 14.6673
4262.8491 14.6989
4263.8320 14.7817
4264.8130 14.8876
4265.7964 14.9648
4266.7778 14.9822
4267.7593 14.9300
4268.7432 14.8099
4269.7256 14.6455
4270.7100 14.4735
4271.6924 14.3191
4272.6772 14.2054
4273.6606 14.1554
4274.6436 14.1811
4275.6294 14.2636
4276.6128 14.3715
4277.5991 14.4805
4278.5830 14.5706
4279.5698 14.6188
4280.5542 14.6049
4281.5391 14.5447
4282.5264 14.4695
4283.5117 14.3966
4284.4990 14.3300
4285.4849 14.2633
4286.4731 14.1825
4287.4590 14.0747
4288.4453 13.9437
4289.4346 13.8288
4290.4214 13.7556
4291.4106 13.7261
4292.3979 13.7326
4293.3877 13.7728
4294.3755 13.8276
4295.3633 13.8457
4296.3535 13.7932
4297.3423 13.6746
4298.3330 13.5273
4299.3218 13.3728
4300.3135 13.2120
4301.3027 13.0823
4302.2920 13.0188
4303.2842 13.0303
4304.2744 13.0907
4305.2666 13.1566
4306.2573 13.1931
4307.2500 13.2126
4308.2412 13.2316
4309.2319 13.2482
4310.2261 13.2416
4311.2173 13.1968
4312.2114 13.1232
4313.2036 13.0354
4314.1982 12.9421
4315.1904 12.8551
4316.1836 12.7978
4317.1787 12.7848
4318.1719 12.8027
4319.1675 12.8174
4320.1611 12.8030
4321.1572 12.7472
4322.1514 12.6484
4323.1460 12.5151
4324.1426 12.3619
4325.1377 12.2222
4326.1348 12.1023
4327.1299 11.9833
4328.1279 11.8530
4329.1235 11.7280
4330.1196 11.6185
4331.1182 11.4936
4332.1143 11.3225
4333.1133 11.0945
4334.1104 10.8177
4335.1099 10.4869
4336.1069 10.0957
4337.1069 9.6352
4338.1045 9.1350
4339.1025 8.6633
4340.1030 8.3009
4341.1016 8.1027
4342.1025 8.0982
4343.1016 8.2825
4344.1030 8.6254
4345.1025 9.0712
4346.1021 9.5411
4347.1040 9.9625
4348.1040 10.3020
4349.1069 10.5542
4350.1074 10.7360
4351.1104 10.8792
4352.1113 11.0175
4353.1128 11.1724
4354.1167 11.3449
4355.1182 11.5306
4356.1226 11.7286
4357.1245 11.9287
4358.1294 12.1011
4359.1318 12.2354
4360.1348 12.3407
4361.1401 12.4253
4362.1436 12.5071
4363.1494 12.5977
4364.1528 12.6766
4365.1592 12.7139
4366.1636 12.7021
4367.1680 12.6640
4368.1753 12.6253
4369.1802 12.6015
4370.1875 12.5935
4371.1929 12.5949
4372.2007 12.5857
4373.2065 12.5569
4374.2129 12.5308
4375.2212 12.5371
4376.2280 12.5763
4377.2368 12.6319
4378.2441 12.7094
4379.2534 12.7961
4380.2612 12.8457
4381.2686 12.8098
4382.2793 12.6883
4383.2871 12.5259
4384.2979 12.3768
4385.3066 12.2816
4386.3179 12.2572
4387.3267 12.2976
4388.3359 12.3806
4389.3481 12.4876
4390.3579 12.5794
4391.3701 12.6094
4392.3804 12.5756
4393.3936 12.5105
4394.4043 12.4439
4395.4150 12.3944
4396.4287 12.3618
4397.4399 12.3338
4398.4541 12.3179
4399.4658 12.3257
4400.4805 12.3412
4401.4927 12.3396
4402.5054 12.3284
4403.5205 12.3319
4404.5337 12.3585
4405.5493 12.3975
4406.5625 12.4326
4407.5786 12.4564
4408.5928 12.4788
4409.6069 12.4988
4410.6240 12.5023
4411.6387 12.4751
4412.6558 12.4164
4413.6709 12.3269
4414.6885 12.2104
4415.7041 12.0906
4416.7227 11.9990
4417.7388 11.9630
4418.7549 11.9939
4419.7739 12.0761
4420.7905 12.1769
4421.8101 12.2710
4422.8271 12.3369
4423.8472 12.3602
4424.8647 12.3486
4425.8828 12.3366
4426.9033 12.3317
4427.9219 12.3192
4428.9429 12.3015
4429.9619 12.2884
4430.9834 12.2682
4432.0024 12.2253
4433.0220 12.1670
4434.0444 12.1200
4435.0645 12.0995
4436.0874 12.1076
4437.1079 12.1407
4438.1309 12.1783
4439.1519 12.1980
4440.1733 12.1694
4441.1968 12.0860
4442.2188 11.9720
4443.2432 11.8666
4444.2651 11.7909
4445.2900 11.7622
4446.3125 11.7852
4447.3354 11.8416
4448.3613 11.9025
4449.3843 11.9485
4450.4106 11.9605
4451.4341 11.9242
4452.4609 11.8569
4453.4849 11.7908
4454.5098 11.7454
4455.5366 11.7070
4456.5615 11.6684
4457.5894 11.6414
4458.6147 11.6345
4459.6431 11.6462
4460.6689 11.6656
4461.6953 11.6757
4462.7241 11.6696
4463.7505 11.6530
4464.7798 11.6219
4465.8071 11.5715
4466.8369 11.5061
4467.8643 11.4441
4468.8921 11.4065
4469.9229 11.4116
4470.9512 11.4516
4471.9819 11.5118
4473.0107 11.5796
4474.0425 11.6455
4475.0718 11.6971
4476.1011 11.7168
4477.1333 11.6828
4478.1631 11.5837
4479.1958 11.4304
4480.2266 11.2622
4481.2593 11.1285
4482.2905 11.0644
4483.3213 11.0847
4484.3555 11.1811
4485.3872 11.3155
4486.4214 11.4229
4487.4536 11.4600
4488.4883 11.4347
4489.5210 11.3838
4490.5537 11.3340
4491.5889 11.2983
4492.6226 11.2891
4493.6582 11.3181
4494.6919 11.3724
4495.7285 11.4293
4496.7627 11.4681
4497.7998 11.4752
4498.8345 11.4511
4499.8696 11.4132
4500.9072 11.3857
4501.9424 11.3780
4502.9805 11.3857
4504.0166 11.4013
4505.0552 11.4233
4506.0913 11.4379
4507.1279 11.4276
4508.1675 11.4022
4509.2046 11.3781
4510.2446 11.3645
4511.2822 11.3570
4512.3223 11.3490
4513.3604 11.3350
4514.3984 11.3029
4515.4395 11.2543
4516.4785 11.2020
4517.5200 11.1547
4518.5591 11.1091
4519.6011 11.0616
4520.6406 11.0153
4521.6807 10.9723
4522.7236 10.9350
4523.7642 10.9097
4524.8071 10.8978
4525.8481 10.8813
4526.8916 10.8534
4527.9331 10.8224
4528.9746 10.7978
4530.0190 10.7717
4531.0610 10.7317
4532.1060 10.6851
4533.1489 10.6467
4534.1938 10.6346
4535.2373 10.6611
4536.2803 10.7193
4537.3267 10.7854
4538.3701 10.8495
4539.4170 10.9017
4540.4609 10.9331
4541.5083 10.9401
4542.5527 10.9289
4543.5981 10.9063
4544.6455 10.8795
4545.6909 10.8312
4546.7393 10.7428
4547.7852 10.6167
4548.8340 10.4867
4549.8804 10.3901
4550.9272 10.3330
4551.9766 10.3021
4553.0239 10.2941
4554.0737 10.3082
4555.1216 10.3227
4556.1719 10.3144
4557.2197 10.3063
4558.2686 10.3412
4559.3193 10.4194
4560.3682 10.5018
4561.4199 10.5524
4562.4692 10.5637
4563.5215 10.5454
4564.5713 10.5236
4565.6211 10.5175
4566.6743 10.5316
4567.7246 10.5563
4568.7778 10.5725
4569.8291 10.5612
4570.8828 10.5297
4571.9341 10.4923
4572.9888 10.4593
4574.0405 10.4345
4575.0928 10.4229
4576.1479 10.4254
4577.2007 10.4232
4578.2559 10.4015
4579.3091 10.3579
4580.3652 10.2973
4581.4189 10.2188
4582.4731 10.1315
4583.5298 10.0593
4584.5840 10.0175
4585.6411 10.0081
4586.6963 10.0257
4587.7539 10.0525
4588.8091 10.0681
4589.8647 10.0717
4590.9233 10.0759
4591.9795 10.0939
4593.0386 10.1256
4594.0952 10.1598
4595.1543 10.1861
4596.2114 10.2041
4597.2690 10.2154
4598.3291 10.2182
4599.3867 10.2093
4600.4473 10.1974
4601.5059 10.1925
4602.5669 10.1845
4603.6255 10.1720
4604.6846 10.1660
4605.7466 10.1719
4606.8062 10.1782
4607.8687 10.1727
4608.9287 10.1623
4609.9912 10.1534
4611.0518 10.1446
4612.1128 10.1305
4613.1763 10.1059
4614.2373 10.0703
4615.3013 10.0209
4616.3633 9.9609
4617.4277 9.9013
4618.4897 9.8554
4619.5522 9.8272
4620.6177 9.8219
4621.6807 9.8416
4622.7466 9.8761
4623.8096 9.9091
4624.8760 9.9304
4625.9399 9.9275
4627.0044 9.8938
4628.0713 9.8441
4629.1357 9.7990
4630.2031 9.7682
4631.2686 9.7415
4632.3364 9.7145
4633.4023 9.7016
4634.4678 9.6984
4635.5366 9.6910
4636.6030 9.6770
4637.6724 9.6783
4638.7393 9.7017
4639.8091 9.7290
4640.8765 9.7428
4641.9438 9.7411
4643.0142 9.7293
4644.0825 9.7047
4645.1533 9.6650
4646.2222 9.6204
4647.2935 9.5849
4648.3623 9.5641
4649.4316 9.5555
4650.5039 9.5535
4651.5737 9.5496
4652.6465 9.5449
4653.7168 9.5366
4654.7900 9.5235
4655.8608 9.5103
4656.9346 9.5035
4658.0059 9.4998
4659.0771 9.5005
4660.1519 9.5055
4661.2236 9.5102
4662.2983 9.5036
4663.3711 9.4708
4664.4463 9.4049
4665.5195 9.3261
4666.5928 9.2573
4667.6689 9.2073
4668.7427 9.1769
4669.8193 9.1712
4670.8936 9.1873
4671.9707 9.2191
4673.0454 9.2584
4674.1206 9.2930
4675.1982 9.3116
4676.2739 9.3139
4677.3521 9.3065
4678.4282 9.2910
4679.5073 9.2726
4680.5835 9.2582
4681.6602 9.2517
4682.7397 9.2499
4683.8174 9.2521
4684.8975 9.2566
4685.9751 9.2545
4687.0557 9.2432
4688.1338 9.2271
4689.2124 9.2084
4690.2935 9.1867
4691.3726 9.1683
4692.4546 9.1542
4693.5342 9.1409
4694.6162 9.1250
4695.6963 9.1077
4696.7764 9.0886
4697.8594 9.0679
4698.9404 9.0410
4700.0239 9.0007
4701.1050 8.9474
4702.1890 8.8984
4703.2710 8.8648
4704.3530 8.8466
4705.4375 8.8378
4706.5200 8.8346
4707.6055 8.8377
4708.6885 8.8491
4709.7744 8.8581
4710.8579 8.8565
4711.9414 8.8549
4713.0283 8.8604
4714.1123 8.8692
4715.1992 8.8700
4716.2842 8.8534
4717.3716 8.8346
4718.4570 8.8386
4719.5425 8.8595
4720.6309 8.8721
4721.7168 8.8737
4722.8057 8.8691
4723.8921 8.8645
4724.9814 8.8505
4726.0684 8.8244
4727.1553 8.7920
4728.2456 8.7549
4729.3335 8.7133
4730.4238 8.6746
4731.5122 8.6473
4732.6030 8.6322
4733.6919 8.6241
4734.7808 8.6201
4735.8726 8.6236
4736.9624 8.6314
4738.0547 8.6340
4739.1445 8.6303
4740.2373 8.6263
4741.3276 8.6237
4742.4214 8.6263
4743.5122 8.6281
4744.6035 8.6235
4745.6973 8.6149
4746.7891 8.6063
4747.8838 8.5959
4748.9761 8.5882
4750.0713 8.5785
4751.1641 8.5647
4752.2568 8.5515
4753.3525 8.5424
4754.4463 8.5314
4755.5425 8.5203
4756.6367 8.5139
4757.7334 8.5081
4758.8281 8.4976
4759.9229 8.4799
4761.0205 8.4544
4762.1157 8.4220
4763.2139 8.3910
4764.3096 8.3644
4765.4082 8.3473
4766.5044 8.3477
4767.6011 8.3658
4768.7002 8.3865
4769.7974 8.4034
4770.8975 8.4164
4771.9951 8.4265
4773.0952 8.4348
4774.1934 8.4438
4775.2915 8.4558
4776.3926 8.4661
4777.4917 8.4728
4778.5933 8.4742
4779.6924 8.4698
4780.7949 8.4631
4781.8945 8.4585
4782.9946 8.4454
4784.0977 8.4228
4785.1982 8.4017
4786.3018 8.3907
4787.4028 8.3810
4788.5068 8.3710
4789.6084 8.3633
4790.7100 8.3641
4791.8149 8.3727
4792.9170 8.3829
4794.0225 8.3900
4795.1255 8.3885
4796.2310 8.3775
4797.3345 8.3638
4798.4380 8.3486
4799.5444 8.3287
4800.6489 8.3067
4801.7559 8.2787
4802.8604 8.2440
4803.9678 8.2161
4805.0732 8.2011
4806.1782 8.1934
4807.2866 8.1851
4808.3926 8.1795
4809.5015 8.1870
4810.6079 8.1980
4811.7173 8.2004
4812.8242 8.1942
4813.9312 8.1933
4815.0415 8.1987
4816.1489 8.1964
4817.2598 8.1901
4818.3677 8.1814
4819.4790 8.1612
4820.5879 8.1190
4821.6968 8.0623
4822.8086 8.0049
4823.9180 7.9533
4825.0303 7.9112
4826.1401 7.8826
4827.2534 7.8702
4828.3638 7.8718
4829.4771 7.8786
4830.5884 7.8776
4831.6992 7.8641
4832.8135 7.8396
4833.9253 7.8039
4835.0400 7.7658
4836.1523 7.7271
4837.2676 7.6840
4838.3804 7.6365
4839.4937 7.5888
4840.6094 7.5430
4841.7231 7.4964
4842.8394 7.4440
4843.9536 7.3812
4845.0708 7.3032
4846.1851 7.2091
4847.3003 7.1074
4848.4180 7.0082
4849.5332 6.9123
4850.6514 6.8059
4851.7676 6.6806
4852.8862 6.5391
4854.0024 6.3850
4855.1191 6.2048
4856.2388 5.9838
4857.3560 5.7160
4858.4761 5.4130
4859.5938 5.1132
4860.7144 4.8786
4861.8325 4.7428
4862.9512 4.7156
4864.0723 4.8031
4865.1914 5.0007
4866.3135 5.2771
4867.4326 5.5663
4868.5552 5.8112
4869.6753 6.0073
4870.7954 6.1620
4871.9189 6.2850
4873.0396 6.3869
4874.1631 6.4764
4875.2847 6.5599
4876.4087 6.6514
4877.5308 6.7480
4878.6528 6.8388
4879.7778 6.9151
4880.9004 6.9766
4882.0259 7.0270
4883.1489 7.0720
4884.2749 7.1096
4885.3984 7.1343
4886.5225 7.1422
4887.6494 7.1365
4888.7734 7.1292
4889.9009 7.1348
4891.0259 7.1574
4892.1538 7.1921
4893.2793 7.2321
4894.4048 7.2752
4895.5337 7.3253
4896.6597 7.3751
4897.7891 7.4103
4898.9155 7.4230
4900.0454 7.4164
4901.1724 7.4004
4902.2998 7.3844
4903.4307 7.3830
4904.5586 7.3898
4905.6895 7.3929
4906.8179 7.3873
4907.9497 7.3784
4909.0786 7.3690
4910.2080 7.3616
4911.3403 7.3528
4912.4702 7.3445
4913.6030 7.3431
4914.7334 7.3458
4915.8667 7.3363
4916.9976 7.3121
4918.1313 7.2724
4919.2627 7.2183
4920.3945 7.1533
4921.5288 7.0853
4922.6611 7.0357
4923.7964 7.0295
4924.9292 7.0643
4926.0649 7.1242
4927.1978 7.1902
4928.3315 7.2453
4929.4678 7.2790
4930.6021 7.2786
4931.7388 7.2506
4932.8735 7.2108
4934.0107 7.1732
4935.1460 7.1428
4936.2812 7.1205
4937.4194 7.1154
4938.5557 7.1292
4939.6943 7.1546
4940.8306 7.1798
4941.9702 7.1971
4943.1069 7.2088
4944.2441 7.2254
4945.3843 7.2359
4946.5220 7.2341
4947.6626 7.2254
4948.8008 7.2150
4949.9419 7.2030
4951.0806 7.1953
4952.2197 7.1814
4953.3618 7.1524
4954.5010 7.1083
4955.6436 7.0545
4956.7837 7.0079
4957.9268 6.9802
4959.0674 6.9731
4960.2080 6.9859
4961.3521 7.0167
4962.4932 7.0581
4963.6377 7.0924
4964.7793 7.1003
4965.9243 7.0814
4967.0669 7.0488
4968.2095 7.0211
4969.3550 7.0092
4970.4980 7.0069
4971.6445 7.0094
4972.7881 7.0153
4973.9351 7.0221
4975.0791 7.0248
4976.2236 7.0191
4977.3711 7.0019
4978.5161 6.9697
4979.6641 6.9199
4980.8096 6.8584
4981.9585 6.7966
4983.1045 6.7426
4984.2510 6.7113
4985.4004 6.7056
4986.5469 6.7195
4987.6968 6.7460
4988.8442 6.7760
4989.9946 6.7959
4991.1426 6.8023
4992.2910 6.7968
4993.4419 6.7914
4994.5908 6.7929
4995.7427 6.7975
4996.8921 6.7948
4998.0439 6.7775
4999.1938 6.7495
5000.3438 6.7169
5001.4971 6.6796
5002.6475 6.6350
5003.8013 6.5899
5004.9521 6.5574
5006.1064 6.5508
5007.2583 6.5622
5008.4126 6.5731
5009.5649 6.5719
5010.7173 6.5689
5011.8730 6.5674
5013.0259 6.5653
5014.1816 6.5415
5015.3354 6.4877
5016.4917 6.4196
5017.6460 6.3638
5018.8003 6.3337
5019.9575 6.3297
5021.1123 6.3446
5022.2700 6.3779
5023.4258 6.4293
5024.5840 6.4809
5025.7397 6.5114
5026.8960 6.5253
5028.0552 6.5262
5029.2119 6.5193
5030.3716 6.5133
5031.5288 6.5137
5032.6890 6.5114
5033.8472 6.5014
5035.0049 6.4900
5036.1660 6.4773
5037.3247 6.4532
5038.4863 6.4104
5039.6455 6.3641
5040.8076 6.3311
5041.9668 6.3195
5043.1270 6.3278
5044.2900 6.3487
5045.4502 6.3773
5046.6138 6.4106
5047.7749 6.4278
5048.9390 6.4139
5050.1001 6.3782
5051.2622 6.3446
5052.4268 6.3231
5053.5894 6.3131
5054.7544 6.3085
5055.9175 6.3153
5057.0830 6.3378
5058.2466 6.3696
5059.4102 6.3952
5060.5771 6.4093
5061.7412 6.4130
5062.9082 6.4056
5064.0732 6.3861
5065.2407 6.3571
5066.4062 6.3269
5067.5718 6.2983
5068.7402 6.2778
5069.9062 6.2675
5071.0752 6.2606
5072.2417 6.2510
5073.4116 6.2443
5074.5786 6.2351
5075.7461 6.2188
5076.9165 6.1994
5078.0845 6.1835
5079.2554 6.1748
5080.4238 6.1702
5081.5957 6.1660
5082.7646 6.1604
5083.9336 6.1598
5085.1060 6.1695
5086.2759 6.1880
5087.4487 6.2065
5088.6191 6.2159
5089.7925 6.2207
5090.9634 6.2242
5092.1348 6.2245
5093.3091 6.2181
5094.4805 6.2042
5095.6553 6.1779
5096.8276 6.1471
5098.0029 6.1203
5099.1758 6.0998
5100.3516 6.0861
5101.5249 6.0859
5102.6987 6.0964
5103.8750 6.1081
5105.0493 6.1175
5106.2266 6.1223
5107.4014 6.1199
5108.5791 6.1115
5109.7544 6.0993
5110.9297 6.0873
5112.1084 6.0834
5113.2842 6.0904
5114.4634 6.1037
5115.6401 6.1150
5116.8198 6.1205
5117.9966 6.1155
5119.1743 6.0986
5120.3545 6.0726
5121.5327 6.0438
5122.7134 6.0195
5123.8921 5.9964
5125.0737 5.9678
5126.2524 5.9406
5127.4321 5.9217
5128.6143 5.9121
5129.7939 5.9086
5130.9771 5.9068
5132.1572 5.9033
5133.3408 5.8973
5134.5220 5.8891
5135.7031 5.8780
5136.8872 5.8601
5138.0688 5.8391
5139.2539 5.8183
5140.4360 5.8042
5141.6216 5.8019
5142.8042 5.8102
5143.9873 5.8208
5145.1738 5.8315
5146.3574 5.8384
5147.5439 5.8415
5148.7280 5.8416
5149.9155 5.8381
5151.1001 5.8297
5152.2852 5.8194
5153.4731 5.8116
5154.6587 5.8094
5155.8477 5.8093
5157.0337 5.8066
5158.2227 5.8088
5159.4097 5.8152
5160.5962 5.8145
5161.7861 5.8015
5162.9736 5.7741
5164.1646 5.7264
5165.3525 5.6495
5166.5435 5.5573
5167.7319 5.4710
5168.9209 5.3984
5170.1128 5.3475
5171.3022 5.3346
5172.4946 5.3743
5173.6846 5.4530
5174.8779 5.5428
5176.0684 5.6221
5177.2588 5.6850
5178.4526 5.7291
5179.6440 5.7364
5180.8384 5.7013
5182.0303 5.6382
5183.2251 5.5707
5184.4175 5.5151
5185.6104 5.4772
5186.8062 5.4573
5187.9995 5.4548
5189.1958 5.4640
5190.3896 5.4710
5191.5864 5.4701
5192.7808 5.4671
5193.9780 5.4665
5195.1729 5.4648
5196.3682 5.4673
5197.5664 5.4772
5198.7622 5.4913
5199.9609 5.5020
5201.1572 5.5041
5202.3564 5.5017
5203.5532 5.4953
5204.7505 5.4792
5205.9507 5.4559
5207.1484 5.4365
5208.3491 5.4266
5209.5474 5.4313
5210.7485 5.4549
5211.9473 5.4826
5213.1460 5.4988
5214.3481 5.5004
5215.5479 5.4982
5216.7505 5.4950
5217.9507 5.4946
5219.1538 5.5004
5220.3545 5.5126
5221.5557 5.5228
5222.7598 5.5104
5223.9609 5.4647
5225.1655 5.4009
5226.3677 5.3424
5227.5728 5.3010
5228.7754 5.2744
5229.9785 5.2568
5231.1846 5.2489
5232.3877 5.2538
5233.5942 5.2616
5234.7983 5.2644
5236.0054 5.2652
5237.2100 5.2761
5238.4150 5.3018
5239.6230 5.3310
5240.8281 5.3610
5242.0366 5.3867
5243.2427 5.4002
5244.4517 5.4031
5245.6582 5.3995
5246.8652 5.3896
5248.0747 5.3794
5249.2822 5.3705
5250.4927 5.3588
5251.7007 5.3443
5252.9116 5.3279
5254.1201 5.3158
5255.3286 5.3143
5256.5405 5.3180
5257.7500 5.3118
5258.9624 5.2879
5260.1724 5.2520
5261.3853 5.2125
5262.5957 5.1676
5263.8062 5.1150
5265.0200 5.0591
5266.2310 5.0110
5267.4458 4.9768
5268.6572 4.9604
5269.8721 4.9653
5271.0845 4.9798
5272.2974 4.9851
5273.5132 4.9854
5274.7261 4.9992
5275.9424 5.0260
5277.1562 5.0445
5278.3730 5.0494
5279.5874 5.0546
5280.8047 5.0637
5282.0195 5.0699
5283.2349 5.0746
5284.4531 5.0806
5285.6689 5.0915
5286.8877 5.1101
5288.1040 5.1362
5289.3232 5.1668
5290.5400 5.1898
5291.7573 5.1946
5292.9775 5.1836
5294.1953 5.1678
5295.4160 5.1493
5296.6343 5.1306
5297.8555 5.1124
5299.0742 5.0938
5300.2935 5.0784
5301.5156 5.0695
5302.7354 5.0605
5303.9580 5.0544
5305.1782 5.0232
5306.4014 4.9922
5307.6221 4.9979
5308.8433 5.0370
5310.0674 5.0515
5311.2891 5.0532
5312.5137 5.0380
5313.7358 5.0021
5314.9614 4.9580
5316.1841 4.9271
5317.4072 4.9139
5318.6333 4.9164
5319.8569 4.9211
5321.0835 4.9277
5322.3076 4.9352
5323.5347 4.9320
5324.7598 4.9026
5325.9844 4.8580
5327.2129 4.8161
5328.4380 4.7905
5329.6670 4.7883
5330.8931 4.8060
5332.1221 4.8264
5333.3491 4.8427
5334.5757 4.8556
5335.8062 4.8530
5337.0337 4.8323
5338.2642 4.8079
5339.4922 4.7968
5340.7236 4.7980
5341.9521 4.8032
5343.1812 4.8154
5344.4131 4.8302
5345.6426 4.8378
5346.8755 4.8450
5348.1055 4.8475
5349.3389 4.8429
5350.5693 4.8399
5351.8003 4.8443
5353.0342 4.8529
5354.2656 4.8584
5355.5005 4.8626
5356.7324 4.8645
5357.9678 4.8586
5359.2002 4.8422
5360.4331 4.8168
5361.6694 4.7848
5362.9028 4.7528
5364.1392 4.7220
5365.3735 4.6958
5366.6108 4.6743
5367.8452 4.6550
5369.0801 4.6406
5370.3184 4.6408
5371.5537 4.6491
5372.7925 4.6652
5374.0283 4.6873
5375.2676 4.7085
5376.5039 4.7238
5377.7441 4.7296
5378.9810 4.7167
5380.2183 4.6887
5381.4590 4.6607
5382.6973 4.6466
5383.9385 4.6420
5385.1768 4.6438
5386.4189 4.6527
5387.6577 4.6651
5388.8975 4.6747
5390.1401 4.6749
5391.3799 4.6624
5392.6230 4.6425
5393.8638 4.6189
5395.1074 4.6009
5396.3486 4.5905
5397.5903 4.5816
5398.8350 4.5712
5400.0767 4.5556
5401.3223 4.5347
5402.5645 4.5131
5403.8105 4.4966
5405.0537 4.4866
5406.2969 4.4756
5407.5439 4.4631
5408.7876 4.4638
5410.0352 4.4704
5411.2798 4.4739
5412.5273 4.4756
5413.7725 4.4787
5415.0181 4.4789
5416.2666 4.4815
5417.5127 4.4837
5418.7617 4.4818
5420.0083 4.4756
5421.2583 4.4681
5422.5054 4.4610
5423.7529 4.4507
5425.0034 4.4355
5426.2515 4.4179
5427.5029 4.4049
5428.7515 4.4032
5430.0034 4.4062
5431.2524 4.4058
5432.5020 4.4029
5433.7549 4.4018
5435.0049 4.4066
5436.2578 4.4185
5437.5088 4.4279
5438.7627 4.4346
5440.0137 4.4456
5441.2651 4.4547
5442.5200 4.4468
5443.7720 4.4255
5445.0273 4.4013
5446.2798 4.3798
5447.5356 4.3687
5448.7891 4.3676
5450.0425 4.3700
5451.2993 4.3766
5452.5532 4.3799
5453.8105 4.3744
5455.0654 4.3643
5456.3232 4.3536
5457.5786 4.3435
5458.8340 4.3366
5460.0928 4.3386
5461.3486 4.3423
5462.6084 4.3395
5463.8647 4.3308
5465.1250 4.3223
5466.3823 4.3133
5467.6396 4.3091
5468.9004 4.3151
5470.1587 4.3202
5471.4199 4.3142
5472.6787 4.2971
5473.9404 4.2739
5475.1997 4.2491
5476.4624 4.2265
5477.7222 4.2085
5478.9824 4.1982
5480.2461 4.1994
5481.5068 4.2128
5482.7705 4.2371
5484.0322 4.2508
5485.2964 4.2514
5486.5586 4.2474
5487.8208 4.2446
5489.0859 4.2381
5490.3491 4.2271
5491.6147 4.2203
5492.8784 4.2185
5494.1450 4.2159
5495.4087 4.2078
5496.6729 4.1995
5497.9404 4.1944
5499.2056 4.1835
5500.4736 4.1680
5501.7388 4.1561
5503.0073 4.1515
5504.2734 4.1449
5505.5396 4.1358
5506.8096 4.1310
5508.0762 4.1297
5509.3462 4.1283
5510.6138 4.1259
5511.8843 4.1253
5513.1523 4.1283
5514.4209 4.1349
5515.6924 4.1389
5516.9614 4.1412
5518.2334 4.1475
5519.5029 4.1509
5520.7759 4.1452
5522.0459 4.1362
5523.3159 4.1196
5524.5898 4.0910
5525.8608 4.0566
5527.1348 4.0314
5528.4062 4.0158
5529.6812 4.0042
5530.9536 3.9984
5532.2256 4.0019
5533.5015 4.0147
5534.7744 4.0317
5536.0508 4.0395
5537.3242 4.0416
5538.6011 4.0443
5539.8755 4.0495
5541.1499 4.0544
5542.4277 4.0541
5543.7026 4.0462
5544.9810 4.0369
5546.2568 4.0299
5547.5356 4.0267
5548.8115 4.0268
5550.0884 4.0247
5551.3682 4.0235
5552.6450 4.0222
5553.9258 4.0191
5555.2031 4.0114
5556.4844 3.9987
5557.7627 3.9888
5559.0410 3.9884
5560.3232 3.9896
5561.6021 3.9840
5562.8848 3.9734
5564.1646 3.9651
5565.4473 3.9567
5566.7280 3.9463
5568.0083 3.9352
5569.2925 3.9217
5570.5737 3.9081
5571.8579 3.9000
5573.1401 3.8938
5574.4253 3.8899
5575.7075 3.8958
5576.9932 3.9044
5578.2764 3.9100
5579.5596 3.9145
5580.8462 3.9161
5582.1299 3.9123
5583.4170 3.9013
5584.7017 3.8791
5585.9893 3.8503
5587.2744 3.8268
5588.5601 3.8114
5589.8486 3.7972
5591.1348 3.7879
5592.4238 3.7881
5593.7104 3.7958
5595.0005 3.8020
5596.2876 3.7997
5597.5747 3.7892
5598.8657 3.7800
5600.1538 3.7756
5601.4448 3.7741
5602.7334 3.7740
5604.0254 3.7819
5605.3149 3.7956
5606.6045 3.8066
5607.8970 3.8166
5609.1870 3.8272
5610.4805 3.8312
5611.7715 3.8176
5613.0654 3.7953
5614.3569 3.7779
5615.6484 3.7659
5616.9434 3.7556
5618.2354 3.7469
5619.5308 3.7437
5620.8237 3.7423
5622.1201 3.7426
5623.4131 3.7442
5624.7070 3.7445
5626.0039 3.7411
5627.2983 3.7394
5628.5957 3.7405
5629.8906 3.7385
5631.1890 3.7388
5632.4844 3.7409
5633.7803 3.7362
5635.0791 3.7263
5636.3755 3.7133
5637.6753 3.7012
5638.9722 3.6926
5640.2725 3.6865
5641.5703 3.6815
5642.8682 3.6793
5644.1694 3.6811
5645.4678 3.6824
5646.7695 3.6821
5648.0684 3.6823
5649.3711 3.6826
5650.6704 3.6769
5651.9707 3.6695
5653.2739 3.6544
5654.5742 3.6328
5655.8784 3.6111
5657.1797 3.5946
5658.4839 3.5798
5659.7856 3.5684
5661.0879 3.5622
5662.3931 3.5591
5663.6958 3.5602
5665.0020 3.5678
5666.3052 3.5751
5667.6118 3.5800
5668.9155 3.5826
5670.2197 3.5825
5671.5273 3.5829
5672.8320 3.5873
5674.1401 3.5906
5675.4453 3.5883
5676.7539 3.5874
5678.0601 3.5834
5679.3696 3.5711
5680.6758 3.5539
5681.9829 3.5383
5683.2930 3.5242
5684.6006 3.5094
5685.9111 3.4970
5687.2192 3.4905
5688.5308 3.4894
5689.8394 3.4897
5691.1484 3.4913
5692.4609 3.4952
5693.7705 3.5005
5695.0835 3.5051
5696.3936 3.5072
5697.7070 3.5042
5699.0176 3.5000
5700.3286 3.4916
5701.6431 3.4814
5702.9551 3.4734
5704.2700 3.4662
5705.5825 3.4515
5706.8979 3.4306
5708.2109 3.4133
5709.5239 3.4037
5710.8408 3.4016
5712.1543 3.4046
5713.4717 3.4080
5714.7861 3.4105
5716.1040 3.4153
5717.4189 3.4196
5718.7339 3.4199
5720.0527 3.4165
5721.3687 3.4124
5722.6880 3.4121
5724.0044 3.4124
5725.3242 3.4100
5726.6416 3.4046
5727.9590 3.3989
5729.2798 3.3956
5730.5977 3.3910
5731.9194 3.3863
5733.2378 3.3817
5734.5601 3.3762
5735.8794 3.3707
5737.1987 3.3698
5738.5215 3.3678
5739.8418 3.3629
5741.1655 3.3549
5742.4863 3.3466
5743.8105 3.3416
5745.1318 3.3374
5746.4536 3.3278
5747.7783 3.3194
5749.1006 3.3118
5750.4268 3.3036
5751.7495 3.2966
5753.0757 3.2909
5754.3994 3.2868
5755.7231 3.2842
5757.0503 3.2821
5758.3745 3.2804
5759.7026 3.2794
5761.0273 3.2763
5762.3560 3.2674
5763.6816 3.2615
5765.0078 3.2543
5766.3369 3.2453
5767.6636 3.2433
5768.9937 3.2487
5770.3208 3.2497
5771.6514 3.2467
5772.9790 3.2447
5774.3071 3.2434
5775.6387 3.2375
5776.9673 3.2279
5778.2993 3.2213
5779.6289 3.2148
5780.9614 3.2070
5782.2915 3.2005
5783.6250 3.1989
5784.9556 3.1975
5786.2861 3.1953
5787.6206 3.1905
5788.9521 3.1826
5790.2871 3.1746
5791.6191 3.1710
5792.9546 3.1707
5794.2871 3.1713
5795.6201 3.1705
5796.9565 3.1670
5798.2900 3.1641
5799.6274 3.1668
5800.9614 3.1701
5802.2993 3.1650
5803.6338 3.1605
5804.9692 3.1555
5806.3076 3.1479
5807.6436 3.1429
5808.9824 3.1451
5810.3188 3.1447
5811.6587 3.1437
5812.9956 3.1456
5814.3330 3.1470
5815.6738 3.1413
5817.0117 3.1320
5818.3530 3.1252
5819.6914 3.1299
5821.0337 3.1286
5822.3726 3.1160
5823.7119 3.1095
5825.0552 3.1111
5826.3950 3.1110
5827.7388 3.1100
5829.0791 3.1080
5830.4233 3.1055
5831.7646 3.1040
5833.1064 3.1036
5834.4517 3.1006
5835.7935 3.0971
5837.1396 3.0945
5838.4824 3.0914
5839.8286 3.0863
5841.1719 3.0842
5842.5156 3.0820
5843.8633 3.0758
5845.2075 3.0679
5846.5552 3.0625
5847.9004 3.0604
5849.2490 3.0566
5850.5942 3.0469
5851.9404 3.0346
5853.2896 3.0230
5854.6362 3.0120
5855.9863 3.0003
5857.3335 2.9929
5858.6841 2.9890
5860.0322 2.9864
5861.3799 2.9867
5862.7319 2.9913
5864.0806 2.9978
5865.4326 3.0016
5866.7822 3.0029
5868.1348 3.0061
5869.4849 3.0090
5870.8350 3.0083
5872.1890 3.0032
5873.5400 2.9949
5874.8940 2.9934
5876.2456 2.9903
5877.6006 2.9860
5878.9531 2.9842
5880.3052 2.9831
5881.6611 2.9748
5883.0146 2.9650
5884.3711 2.9564
5885.7246 2.9385
5887.0820 2.9069
5888.4365 2.8689
5889.7939 2.8303
5891.1489 2.8024
5892.5044 2.7928
5893.8633 2.7908
5895.2192 2.7916
5896.5786 2.8024
5897.9351 2.8193
5899.2949 2.8370
5900.6523 2.8524
5902.0098 2.8692
5903.3706 2.8884
5904.7285 2.9044
5906.0903 2.9118
5907.4487 2.9126
5908.8110 2.9080
5910.1704 2.8998
5911.5303 2.8909
5912.8931 2.8840
5914.2534 2.8790
5915.6172 2.8765
5916.9780 2.8789
5918.3428 2.8769
5919.7041 2.8684
5921.0659 2.8645
5922.4312 2.8699
5923.7939 2.8688
5925.1597 2.8583
5926.5229 2.8507
5927.8896 2.8492
5929.2534 2.8454
5930.6172 2.8428
5931.9849 2.8369
5933.3496 2.8315
5934.7178 2.8306
5936.0830 2.8326
5937.4517 2.8337
5938.8179 2.8358
5940.1841 2.8347
5941.5537 2.8277
5942.9204 2.8195
5944.2910 2.8149
5945.6587 2.8119
5947.0298 2.8040
5948.3975 2.7974
5949.7661 2.7961
5951.1382 2.7944
5952.5073 2.7916
5953.8799 2.7929
5955.2495 2.7921
5956.6226 2.7891
5957.9932 2.7808
5959.3638 2.7732
5960.7378 2.7726
5962.1094 2.7775
5963.4839 2.7793
5964.8560 2.7778
5966.2314 2.7765
5967.6040 2.7739
5968.9766 2.7688
5970.3530 2.7647
5971.7266 2.7650
5973.1035 2.7660
5974.4780 2.7616
5975.8555 2.7504
5977.2305 2.7389
5978.6055 2.7353
5979.9839 2.7340
5981.3599 2.7262
5982.7388 2.7185
5984.1152 2.7143
5985.4951 2.7113
5986.8721 2.7074
5988.2495 2.7067
5989.6304 2.7060
5991.0083 2.7067
5992.3896 2.7087
5993.7681 2.7098
5995.1504 2.7087
5996.5298 2.7088
5997.9126 2.7063
5999.2920 2.7050
6000.6724 2.6996
6002.0562 2.6888
6003.4370 2.6802
6004.8213 2.6767
6006.2026 2.6728
6007.5874 2.6719
6008.9697 2.6680
6010.3521 2.6601
6011.7378 2.6564
6013.1211 2.6563
6014.5078 2.6601
6015.8911 2.6554
6017.2783 2.6459
6018.6626 2.6407
6020.0474 2.6405
6021.4355 2.6373
6022.8208 2.6314
6024.2095 2.6261
6025.5957 2.6243
6026.9849 2.6272
6028.3716 2.6335
6029.7583 2.6376
6031.1489 2.6407
6032.5361 2.6394
6033.9272 2.6370
6035.3154 2.6368
6036.7070 2.6367
6038.0957 2.6327
6039.4849 2.6317
6040.8774 2.6288
6042.2671 2.6236
6043.6606 2.6154
6045.0508 2.6035
6046.4448 2.5984
6047.8359 2.6003
6049.2271 2.6003
6050.6221 2.5957
6052.0142 2.5900
6053.4097 2.5878
6054.8022 2.5866
6056.1982 2.5830
6057.5918 2.5811
6058.9854 2.5817
6060.3823 2.5813
6061.7764 2.5770
6063.1743 2.5739
6064.5693 2.5716
6065.9678 2.5671
6067.3633 2.5609
6068.7588 2.5582
6070.1582 2.5635
6071.5547 2.5703
6072.9551 2.5725
6074.3521 2.5702
6075.7529 2.5678
6077.1504 2.5656
6078.5483 2.5590
6079.9502 2.5487
6081.3491 2.5473
6082.7515 2.5489
6084.1504 2.5489
6085.5537 2.5488
6086.9536 2.5496
6088.3540 2.5437
6089.7578 2.5405
6091.1587 2.5397
6092.5635 2.5362
6093.9648 2.5338
6095.3701 2.5391
6096.7725 2.5365
6098.1782 2.5298
6099.5811 2.5202
6100.9844 2.5130
6102.3911 2.5115
6103.7949 2.5119
6105.2026 2.5085
6106.6069 2.5046
6108.0151 2.5046
6109.4204 2.5112
6110.8257 2.5197
6112.2349 2.5199
6113.6411 2.5108
6115.0508 2.5107
6116.4575 2.5103
6117.8682 2.5031
6119.2754 2.4930
6120.6831 2.4874
6122.0947 2.4832
6123.5029 2.4733
6124.9150 2.4672
6126.3242 2.4651
6127.7368 2.4663
6129.1465 2.4728
6130.5566 2.4758
6131.9702 2.4718
6133.3809 2.4606
6134.7954 2.4554
6136.2065 2.4529
6137.6216 2.4337
6139.0337 2.4136
6140.4458 2.4070
6141.8618 2.4053
6143.2749 2.4034
6144.6914 2.4010
6146.1050 2.3980
6147.5220 2.3956
6148.9365 2.3945
6150.3511 2.3960
6151.7690 2.3974
6153.1846 2.3942
6154.6035 2.3852
6156.0190 2.3768
6157.4390 2.3677
6158.8555 2.3534
6160.2720 2.3478
6161.6929 2.3548
6163.1104 2.3593
6164.5312 2.3619
6165.9497 2.3636
6167.3711 2.3608
6168.7900 2.3638
6170.2095 2.3733
6171.6323 2.3742
6173.0518 2.3673
6174.4756 2.3636
6175.8960 2.3687
6177.3198 2.3753
6178.7412 2.3769
6180.1626 2.3756
6181.5874 2.3767
6183.0098 2.3804
6184.4355 2.3820
6185.8579 2.3820
6187.2847 2.3779
6188.7080 2.3641
6190.1318 2.3485
6191.5591 2.3413
6192.9834 2.3408
6194.4116 2.3431
6195.8364 2.3453
6197.2651 2.3470
6198.6909 2.3511
6200.1172 2.3514
6201.5469 2.3460
6202.9731 2.3403
6204.4038 2.3370
6205.8311 2.3336
6207.2622 2.3332
6208.6899 2.3317
6210.1216 2.3313
6211.5503 2.3290
6212.9795 2.3213
6214.4121 2.3110
6215.8418 2.3046
6217.2749 2.3036
6218.7056 2.2975
6220.1392 2.2907
6221.5703 2.2865
6223.0015 2.2809
6224.4365 2.2789
6225.8687 2.2702
6227.3042 2.2607
6228.7368 2.2530
6230.1729 2.2473
6231.6064 2.2434
6233.0400 2.2371
6234.4771 2.2247
6235.9116 2.2143
6237.3496 2.2096
6238.7842 2.2097
6240.2231 2.2118
6241.6587 2.2124
6243.0942 2.2097
6244.5342 2.2048
6245.9707 2.1987
6247.4111 2.1924
6248.8481 2.1882
6250.2891 2.1902
6251.7271 2.1984
6253.1650 2.2092
6254.6069 2.2146
6256.0459 2.2128
6257.4888 2.2112
6258.9282 2.2150
6260.3716 2.2210
6261.8115 2.2236
6263.2520 2.2235
6264.6963 2.2227
6266.1377 2.2199
6267.5825 2.2148
6269.0244 2.2088
6270.4702 2.2075
6271.9126 2.2060
6273.3555 2.2023
6274.8022 2.2006
6276.2456 2.1872
6277.6929 2.1310
6279.1372 2.0659
6280.5850 2.0495
6282.0298 2.0812
6283.4751 2.1026
6284.9238 2.1208
6286.3696 2.1465
6287.8193 2.1622
6289.2661 2.1573
6290.7163 2.1428
6292.1636 2.1381
6293.6108 2.1320
6295.0620 2.1237
6296.5103 2.1144
6297.9624 2.1120
6299.4111 2.1126
6300.8638 2.1048
6302.3135 2.1049
6303.7632 2.1007
6305.2168 2.1119
6306.6675 2.1211
6308.1216 2.1202
6309.5728 2.1288
6311.0278 2.1333
6312.4795 2.1295
6313.9316 2.1239
6315.3877 2.1169
6316.8403 2.1138
6318.2974 2.1210
6319.7510 2.1172
6321.2080 2.1154
6322.6621 2.1173
6324.1201 2.1160
6325.5752 2.1142
6327.0303 2.1216
6328.4893 2.1229
6329.9453 2.1182
6331.4048 2.1202
6332.8613 2.1208
6334.3218 2.1136
6335.7788 2.1076
6337.2363 2.1050
6338.6978 2.1038
6340.1558 2.1004
6341.6182 2.0968
6343.0767 2.0923
6344.5396 2.0832
6345.9990 2.0770
6347.4590 2.0714
6348.9229 2.0659
6350.3833 2.0677
6351.8477 2.0782
6353.3091 2.0884
6354.7739 2.0943
6356.2358 2.0970
6357.6982 2.1009
6359.1641 2.0993
6360.6270 2.0906
6362.0938 2.0855
6363.5576 2.0883
6365.0249 2.0854
6366.4893 2.0788
6367.9536 2.0735
6369.4224 2.0694
6370.8877 2.0632
6372.3564 2.0572
6373.8228 2.0518
6375.2925 2.0518
6376.7588 2.0585
6378.2261 2.0677
6379.6968 2.0735
6381.1646 2.0763
6382.6357 2.0754
6384.1040 2.0770
6385.5762 2.0762
6387.0454 2.0700
6388.5146 2.0650
6389.9878 2.0625
6391.4580 2.0589
6392.9316 2.0588
6394.4023 2.0582
6395.8770 2.0527
6397.3481 2.0450
6398.8198 2.0400
6400.2954 2.0441
6401.7681 2.0502
6403.2441 2.0518
6404.7173 2.0490
6406.1943 2.0457
6407.6680 2.0408
6409.1421 2.0386
6410.6196 2.0371
6412.0947 2.0333
6413.5732 2.0284
6415.0488 2.0266
6416.5278 2.0269
6418.0039 2.0225
6419.4805 2.0147
6420.9609 2.0143
6422.4380 2.0243
6423.9189 2.0346
6425.3970 2.0406
6426.8784 2.0384
6428.3569 2.0366
6429.8359 2.0327
6431.3184 2.0248
6432.7979 2.0203
6434.2812 2.0203
6435.7617 2.0189
6437.2456 2.0123
6438.7266 2.0079
6440.2114 2.0090
6441.6929 2.0091
6443.1748 2.0092
6444.6606 2.0103
6446.1431 2.0107
6447.6294 2.0128
6449.1128 2.0160
6450.6001 2.0125
6452.0840 1.9968
6453.5684 1.9816
6455.0566 1.9689
6456.5415 1.9593
6458.0303 1.9527
6459.5161 1.9483
6461.0054 1.9478
6462.4917 1.9596
6463.9785 1.9733
6465.4692 1.9809
6466.9565 1.9826
6468.4478 1.9842
6469.9360 1.9884
6471.4277 1.9953
6472.9165 1.9938
6474.4058 1.9862
6475.8984 1.9784
6477.3882 1.9721
6478.8818 1.9746
6480.3726 1.9749
6481.8667 1.9768
6483.3579 1.9768
6484.8496 1.9730
6486.3447 1.9705
6487.8369 1.9665
6489.3330 1.9612
6490.8262 1.9526
6492.3228 1.9347
6493.8164 1.9115
6495.3101 1.8986
6496.8081 1.8975
6498.3027 1.9022
6499.8013 1.9111
6501.2964 1.9235
6502.7954 1.9372
6504.2915 1.9480
6505.7876 1.9540
6507.2881 1.9539
6508.7852 1.9501
6510.2861 1.9466
6511.7837 1.9426
6513.2852 1.9346
6514.7837 1.9275
6516.2822 1.9163
6517.7852 1.9046
6519.2842 1.9005
6520.7876 1.9041
6522.2876 1.9073
6523.7920 1.9125
6525.2925 1.9091
6526.7939 1.9033
6528.2988 1.8999
6529.8008 1.8978
6531.3062 1.8918
6532.8091 1.8809
6534.3154 1.8665
6535.8184 1.8597
6537.3223 1.8549
6538.8296 1.8459
6540.3340 1.8371
6541.8423 1.8271
6543.3472 1.8084
6544.8560 1.7835
6546.3613 1.7608
6547.8677 1.7425
6549.3774 1.7211
6550.8843 1.6942
6552.3945 1.6613
6553.9019 1.6213
6555.4136 1.5752
6556.9214 1.5150
6558.4336 1.4262
6559.9424 1.3179
6561.4512 1.2192
6562.9644 1.1484
6564.4741 1.1208
6565.9878 1.1478
6567.4985 1.2265
6569.0127 1.3260
6570.5239 1.4291
6572.0356 1.5139
6573.5513 1.5713
6575.0635 1.6095
6576.5796 1.6447
6578.0923 1.6777
6579.6094 1.7093
6581.1230 1.7316
6582.6372 1.7464
6584.1548 1.7592
6585.6694 1.7704
6587.1885 1.7755
6588.7036 1.7821
6590.2231 1.7880
6591.7393 1.7911
6593.2554 1.7945
6594.7759 1.8025
6596.2930 1.8082
6597.8140 1.8124
6599.3320 1.8153
6600.8535 1.8212
6602.3721 1.8281
6603.8911 1.8271
6605.4141 1.8238
6606.9336 1.8253
6608.4570 1.8275
6609.9771 1.8280
6611.5015 1.8283
6613.0225 1.8303
6614.5439 1.8295
6616.0693 1.8248
6617.5913 1.8208
6619.1172 1.8232
6620.6396 1.8299
6622.1665 1.8312
6623.6899 1.8274
6625.2139 1.8258
6626.7417 1.8179
6628.2661 1.8081
6629.7944 1.8058
6631.3198 1.8105
6632.8486 1.8112
6634.3745 1.8105
6635.9009 1.8097
6637.4312 1.8088
6638.9580 1.8087
6640.4888 1.8105
6642.0166 1.8123
6643.5483 1.8098
6645.0767 1.8054
6646.6055 1.8029
6648.1382 1.8021
6649.6675 1.8005
6651.2007 1.8003
6652.7310 1.7985
6654.2651 1.7960
6655.7959 1.7915
6657.3271 1.7860
6658.8623 1.7836
6660.3940 1.7795
6661.9297 1.7757
6663.4624 1.7755
6664.9990 1.7761
6666.5322 1.7750
6668.0659 1.7745
6669.6035 1.7750
6671.1377 1.7726
6672.6763 1.7655
6674.2114 1.7585
6675.7505 1.7546
6677.2861 1.7507
6678.8257 1.7492
6680.3623 1.7482
6681.8989 1.7460
6683.4399 1.7460
6684.9775 1.7485
6686.5190 1.7495
6688.0571 1.7528
6689.5996 1.7511
6691.1382 1.7498
6692.6777 1.7490
6694.2212 1.7462
6695.7607 1.7430
6697.3052 1.7408
6698.8457 1.7397
6700.3906 1.7389
6701.9316 1.7356
6703.4736 1.7311
6705.0195 1.7306
6706.5620 1.7291
6708.1084 1.7256
6709.6519 1.7222
6711.1987 1.7209
6712.7427 1.7209
6714.2871 1.7189
6715.8354 1.7149
6717.3804 1.7108
6718.9292 1.7075
6720.4751 1.7069
6722.0249 1.7058
6723.5713 1.6990
6725.1177 1.6975
6726.6685 1.7054
6728.2163 1.6942
6729.7676 1.6819
6731.3159 1.6905
6732.8682 1.7040
6734.4170 1.6988
6735.9663 1.6941
6737.5195 1.6917
6739.0693 1.6905
6740.6235 1.6900
6742.1743 1.6888
6743.7290 1.6861
6745.2803 1.6801
6746.8320 1.6763
6748.3877 1.6762
6749.9404 1.6770
6751.4966 1.6760
6753.0498 1.6780
6754.6069 1.6771
6756.1611 1.6749
6757.7153 1.6724
6759.2734 1.6712
6760.8286 1.6745
6762.3877 1.6782
6763.9434 1.6798
6765.5029 1.6803
6767.0596 1.6789
6768.6162 1.6771
6770.1772 1.6795
6771.7344 1.6824
6773.2959 1.6812
6774.8540 1.6819
6776.4165 1.6851
6777.9756 1.6875
6779.5347 1.6874
6781.0981 1.6854
6782.6582 1.6869
6784.2222 1.6757
6785.7827 1.6603
6787.3477 1.6581
6788.9092 1.6687
6790.4707 1.6727
6792.0366 1.6735
6793.5991 1.6732
6795.1655 1.6708
6796.7290 1.6656
6798.2964 1.6599
6799.8604 1.6594
6801.4282 1.6606
6802.9927 1.6636
6804.5581 1.6650
6806.1270 1.6623
6807.6929 1.6578
6809.2627 1.6552
6810.8291 1.6524
6812.3994 1.6519
6813.9668 1.6545
6815.5342 1.6570
6817.1060 1.6560
6818.6743 1.6565
6820.2466 1.6550
6821.8154 1.6524
6823.3887 1.6509
6824.9585 1.6507
6826.5283 1.6498
6828.1025 1.6486
6829.6733 1.6461
6831.2485 1.6443
6832.8198 1.6421
6834.3955 1.6390
6835.9678 1.6378
6837.5405 1.6383
6839.1172 1.6378
6840.6904 1.6360
6842.2681 1.6337
6843.8418 1.6317
6845.4199 1.6307
6846.9946 1.6297
6848.5698 1.6287
6850.1494 1.6277
6851.7251 1.6267
6853.3052 1.6258
6854.8818 1.6251
6856.4624 1.6241
6858.0396 1.6230
6859.6177 1.6221
6861.1992 1.6212
6862.7778 1.6204
6864.3604 1.6195
6865.9395 1.6186
6867.5225 1.6178
6869.1025 1.6167
6870.6826 1.6154
6872.2671 1.6142
6873.8481 1.6134
6875.4331 1.6125
6877.0146 1.6117
6878.6006 1.6110
6880.1831 1.6101
6881.7656 1.6089
6883.3525 1.6074
6884.9360 1.6063
6886.5239 1.6055
6888.1079 1.6047
6889.6963 1.6040
6891.2812 1.6034
6892.8667 1.6027
6894.4561 1.6019
6896.0425 1.6013
6897.6323 1.6006
6899.2192 1.6000
6900.8105 1.5992
6902.3979 1.5984
6903.9858 1.5977
6905.5776 1.5973
6907.1665 1.5975
6908.7593 1.5975
6910.3486 1.5967
6911.9419 1.5955
6913.5322 1.5945
6915.1226 1.5938
6916.7173 1.5931
6918.3081 1.5923
6919.9038 1.5916
6921.4956 1.5908
6923.0918 1.5900
6924.6846 1.5893
6926.2812 1.5885
6927.8745 1.5875
6929.4683 1.5861
6931.0664 1.5850
6932.6606 1.5841
6934.2593 1.5833
6935.8545 1.5825
6937.4541 1.5816
6939.0498 1.5804
6940.6460 1.5788
6942.2466 1.5773
6943.8438 1.5763
6945.4448 1.5755
6947.0430 1.5748
6948.6445 1.5741
6950.2432 1.5733
6951.8423 1.5724
6953.4453 1.5714
6955.0449 1.5705
6956.6489 1.5694
6958.2490 1.5684
6959.8535 1.5677
6961.4546 1.5666
6963.0562 1.5663
6964.6621 1.5637
6966.2642 1.5615
6967.8706 1.5620
6969.4736 1.5622
6971.0806 1.5590
6972.6841 1.5557
6974.2886 1.5564
6975.8965 1.5573
6977.5015 1.5540
6979.1104 1.5493
6980.7158 1.5491
6982.3257 1.5477
6983.9321 1.5486
6985.5386 1.5502
6987.1494 1.5505
6988.7568 1.5511
6990.3687 1.5505
6991.9766 1.5490
6993.5889 1.5488
6995.1978 1.5486
6996.8071 1.5465
6998.4204 1.5435
7000.0303 1.5421
7001.6445 1.5432
7003.2554 1.5422
7004.8701 1.5397
7006.4819 1.5370
7008.0938 1.5333
7009.7095 1.5324
7011.3223 1.5332
7012.9390 1.5339
7014.5522 1.5350
7016.1699 1.5368
7017.7837 1.5373
7019.3984 1.5347
7021.0171 1.5353
7022.6323 1.5371
7024.2515 1.5366
7025.8677 1.5335
7027.4878 1.5324
7029.1045 1.5344
7030.7212 1.5311
7032.3428 1.5312
7033.9604 1.5339
7035.5825 1.5340
7037.2007 1.5326
7038.8237 1.5336
7040.4429 1.5352
7042.0664 1.5357
7043.6865 1.5332
7045.3066 1.5284
7046.9316 1.5263
7048.5527 1.5266
7050.1782 1.5274
7051.7998 1.5260
7053.4263 1.5243
7055.0488 1.5247
7056.6719 1.5246
7058.2988 1.5166
7059.9229 1.5059
7061.5508 1.5003
7063.1753 1.4991
7064.8037 1.4960
7066.4292 1.4901
7068.0547 1.4972
7069.6846 1.5080
7071.3110 1.5132
7072.9419 1.5102
7074.5688 1.5045
7076.2002 1.5037
7077.8281 1.5009
7079.4561 1.4875
7081.0889 1.4862
7082.7178 1.4970
7084.3511 1.5055
7085.9810 1.5061
7087.6147 1.5022
7089.2451 1.4915
7090.8760 1.4892
7092.5112 1.4931
7094.1431 1.4945
7095.7788 1.4940
7097.4111 1.4932
7099.0479 1.4902
7100.6812 1.4874
7102.3145 1.4878
7103.9521 1.4895
7105.5864 1.4879
7107.2251 1.4861
7108.8599 1.4839
7110.4995 1.4806
7112.1353 1.4772
7113.7715 1.4748
7115.4116 1.4732
7117.0483 1.4710
7118.6899 1.4695
7120.3271 1.4700
7121.9692 1.4727
7123.6079 1.4757
7125.2466 1.4767
7126.8896 1.4774
7128.5293 1.4755
7130.1729 1.4734
7131.8130 1.4725
7133.4580 1.4724
7135.0986 1.4720
7136.7402 1.4709
7138.3857 1.4684
7140.0283 1.4670
7141.6748 1.4662
7143.3174 1.4650
7144.9648 1.4634
7146.6084 1.4621
7148.2524 1.4604
7149.9009 1.4592
7151.5459 1.4585
7153.1948 1.4575
7154.8403 1.4565
7156.4902 1.4555
7158.1367 1.4544
7159.7832 1.4532
7161.4346 1.4521
7163.0820 1.4507
7164.7339 1.4488
7166.3818 1.4467
7168.0347 1.4450
7169.6836 1.4433
7171.3369 1.4416
7172.9863 1.4400
7174.6367 1.4383
7176.2910 1.4367
7177.9419 1.4351
7179.5972 1.4336
7181.2490 1.4320
7182.9048 1.4305
7184.5571 1.4291
7186.2100 1.4275
7187.8672 1.4259
7189.5210 1.4242
7191.1787 1.4235
7192.8330 1.4246
7194.4917 1.4265
7196.1465 1.4278
7197.8022 1.4282
7199.4619 1.4279
7201.1182 1.4275
7202.7788 1.4272
7204.4355 1.4267
7206.0972 1.4262
7207.7549 1.4257
7209.4131 1.4251
7211.0757 1.4244
7212.7344 1.4238
7214.3975 1.4230
7216.0571 1.4221
7217.7212 1.4209
7219.3818 1.4200
7221.0425 1.4194
7222.7075 1.4187
7224.3691 1.4178
7226.0352 1.4167
7227.6973 1.4149
7229.3643 1.4133
7231.0273 1.4121
7232.6909 1.4111
7234.3584 1.4100
7236.0229 1.4087
7237.6914 1.4076
7239.3564 1.4069
7241.0259 1.4063
7242.6919 1.4056
7244.3579 1.4048
7246.0283 1.4039
7247.6953 1.4028
7249.3667 1.4018
7251.0342 1.4009
7252.7065 1.3997
7254.3750 1.3982
7256.0439 1.3969
7257.7168 1.3959
7259.3867 1.3950
7261.0605 1.3945
7262.7310 1.3939
7264.4058 1.3928
7266.0771 1.3914
7267.7485 1.3906
7269.4243 1.3899
7271.0967 1.3891
7272.7734 1.3881
7274.4463 1.3870
7276.1240 1.3881
7277.7979 1.3845
7279.4722 1.3864
7281.1509 1.3453
7282.8257 1.2768
7284.5054 1.3028
7286.1812 1.3633
7287.8613 1.3796
7289.5376 1.3800
7291.2148 1.3806
7292.8960 1.3786
7294.5737 1.3780
7296.2559 1.3767
7297.9341 1.3754
7299.6172 1.3744
7301.2964 1.3732
7302.9800 1.3718
7304.6602 1.3703
7306.3408 1.3686
7308.0254 1.3673
7309.7065 1.3662
7311.3921 1.3644
7313.0742 1.3621
7314.7607 1.3609
7316.4434 1.3597
7318.1265 1.3575
7319.8140 1.3540
7321.4980 1.3515
7323.1860 1.3518
7324.8711 1.3529
7326.5601 1.3539
7328.2456 1.3540
7329.9312 1.3537
7331.6216 1.3533
7333.3081 1.3529
7334.9995 1.3524
7336.6865 1.3520
7338.3784 1.3516
7340.0669 1.3511
7341.7554 1.3504
7343.4482 1.3495
7345.1377 1.3488
7346.8315 1.3483
7348.5215 1.3479
7350.2163 1.3475
7351.9067 1.3471
7353.5981 1.3467
7355.2939 1.3466
7356.9858 1.3464
7358.6826 1.3460
7360.3755 1.3454
7362.0728 1.3445
7363.7661 1.3436
7365.4604 1.3431
7367.1587 1.3432
7368.8535 1.3424
7370.5527 1.3422
7372.2485 1.3419
7373.9487 1.3408
7375.6450 1.3404
7377.3418 1.3413
7379.0430 1.3411
7380.7402 1.3390
7382.4424 1.3361
7384.1406 1.3343
7385.8433 1.3339
7387.5425 1.3328
7389.2422 1.3325
7390.9458 1.3313
7392.6465 1.3299
7394.3511 1.3303
7396.0522 1.3328
7397.7573 1.3336
7399.4595 1.3320
7401.1616 1.3310
7402.8682 1.3304
7404.5713 1.3276
7406.2788 1.3226
7407.9824 1.3204
7409.6909 1.3191
7411.3955 1.3142
7413.1006 1.3121
7414.8101 1.3158
7416.5156 1.3158
7418.2261 1.3162
7419.9326 1.3189
7421.6436 1.3183
7423.3506 1.3154
7425.0586 1.3138
7426.7705 1.3136
7428.4795 1.3184
7430.1924 1.3238
7431.9014 1.3266
7433.6152 1.3277
7435.3257 1.3283
7437.0400 1.3263
7438.7510 1.3231
7440.4624 1.3201
7442.1777 1.3142
7443.8901 1.3091
7445.6064 1.3084
7447.3193 1.3084
7449.0366 1.3119
7450.7505 1.3146
7452.4644 1.3144
7454.1831 1.3138
7455.8979 1.3157
7457.6172 1.3176
7459.3325 1.3129
7461.0527 1.3105
7462.7690 1.3107
7464.4858 1.3106
7466.2070 1.3084
7467.9248 1.3053
7469.6470 1.3050
7471.3652 1.3078
7473.0884 1.3109
7474.8076 1.3127
7476.5269 1.3122
7478.2510 1.3080
7479.9712 1.3044
7481.6963 1.3040
7483.4175 1.3046
7485.1431 1.3035
7486.8652 1.3017
7488.5874 1.3024
7490.3145 1.3014
7492.0371 1.3008
7493.7651 1.3002
7495.4888 1.2986
7497.2173 1.2968
7498.9419 1.2965
7500.6670 1.2948
7502.3970 1.2960
7504.1226 1.2976
7505.8530 1.2967
7507.5801 1.2943
7509.3110 1.2932
7511.0386 1.2917
7512.7666 1.2906
7514.4990 1.2891
7516.2275 1.2879
7517.9609 1.2876
7519.6904 1.2883
7521.4243 1.2900
7523.1548 1.2901
7524.8853 1.2890
7526.6206 1.2883
7528.3521 1.2885
7530.0884 1.2873
7531.8203 1.2854
7533.5571 1.2849
7535.2905 1.2844
7537.0239 1.2840
7538.7617 1.2844
7540.4961 1.2852
7542.2349 1.2853
7543.9702 1.2845
7545.7095 1.2838
7547.4453 1.2832
7549.1816 1.2822
7550.9229 1.2817
7552.6597 1.2817
7554.4014 1.2811
7556.1392 1.2801
7557.8818 1.2793
7559.6201 1.2787
7561.3594 1.2782
7563.1030 1.2769
7564.8428 1.2754
7566.5874 1.2739
7568.3281 1.2726
7570.0732 1.2716
7571.8149 1.2707
7573.5610 1.2700
7575.3032 1.2692
7577.0459 1.2678
7578.7930 1.2667
7580.5366 1.2666
7582.2847 1.2662
7584.0288 1.2650
7585.7778 1.2633
7587.5229 1.2609
7589.2686 1.2600
7591.0186 1.2611
7592.7646 1.2607
7594.5156 1.2600
7596.2627 1.2589
7598.0142 1.2585
7599.7622 1.2586
7601.5107 1.2584
7603.2637 1.2580
7605.0127 1.2575
7606.7661 1.2570
7608.5161 1.2563
7610.2710 1.2554
7612.0215 1.2508
7613.7725 1.2400
7615.5283 1.2418
7617.2803 1.2472
7619.0366 1.2478
7620.7896 1.2459
7622.5469 1.2456
7624.3003 1.2448
7626.0542 1.2439
7627.8130 1.2432
7629.5679 1.2432
7631.3271 1.2434
7633.0825 1.2429
7634.8428 1.2424
7636.5991 1.2418
7638.3560 1.2414
7640.1172 1.2409
7641.8750 1.2404
7643.6372 1.2398
7645.3955 1.2392
7647.1587 1.2387
7648.9180 1.2378
7650.6772 1.2370
7652.4419 1.2365
7654.2021 1.2359
7655.9673 1.2354
7657.7285 1.2350
7659.4941 1.2344
7661.2563 1.2335
7663.0186 1.2328
7664.7856 1.2323
7666.5493 1.2318
7668.3169 1.2312
7670.0811 1.2310
7671.8496 1.2295
7673.6147 1.2279
7675.3799 1.2281
7677.1499 1.2288
7678.9160 1.2284
7680.6870 1.2279
7682.4536 1.2274
7684.2251 1.2268
7685.9932 1.2262
7687.7612 1.2257
7689.5342 1.2251
7691.3027 1.2243
7693.0767 1.2235
7694.8462 1.2229
7696.6206 1.2225
7698.3911 1.2220
7700.1621 1.2214
7701.9380 1.2207
7703.7100 1.2195
7705.4863 1.2183
7707.2588 1.2173
7709.0361 1.2163
7710.8096 1.2156
7712.5879 1.2149
7714.3618 1.2138
7716.1367 1.2127
7717.9160 1.2117
7719.6914 1.2104
7721.4717 1.2080
7723.2480 1.2072
7725.0288 1.2073
7726.8062 1.2073
7728.5835 1.2072
7730.3657 1.2073
7732.1440 1.2075
7733.9272 1.2072
7735.7065 1.2067
7737.4902 1.2063
7739.2700 1.2060
7741.0508 1.2057
7742.8354 1.2057
7744.6167 1.2048
7746.4028 1.2039
7748.1851 1.2030
7749.9717 1.2022
7751.7544 1.2023
7753.5376 1.2031
7755.3257 1.2020
7757.1099 1.2017
7758.8984 1.2028
7760.6836 1.2026
7762.4731 1.2004
7764.2588 1.1993
7766.0449 1.1973
7767.8359 1.1927
7769.6226 1.1841
7771.4146 1.1723
7773.2021 1.1617
7774.9946 1.1542
7776.7832 1.1526
7778.5723 1.1560
7780.3662 1.1636
7782.1558 1.1745
7783.9507 1.1851
7785.7412 1.1904
7787.5366 1.1936
7789.3281 1.1951
7791.1201 1.1940
7792.9165 1.1913
7794.7095 1.1899
7796.5068 1.1902
7798.3003 1.1912
7800.0986 1.1917
7801.8931 1.1899
7803.6880 1.1868
7805.4873 1.1865
7807.2832 1.1890
7809.0835 1.1881
7810.8799 1.1863
7812.6812 1.1863
7814.4785 1.1877
7816.2759 1.1885
7818.0786 1.1889
7819.8770 1.1879
7821.6802 1.1895
7823.4795 1.1914
7825.2837 1.1896
7827.0840 1.1864
7828.8843 1.1850
7830.6899 1.1810
7832.4912 1.1764
7834.2974 1.1749
7836.0996 1.1768
7837.9067 1.1763
7839.7100 1.1711
7841.5132 1.1703
7843.3213 1.1739
7845.1260 1.1762
7846.9351 1.1738
7848.7402 1.1714
7850.5498 1.1746
7852.3560 1.1748
7854.1665 1.1726
7855.9736 1.1725
7857.7808 1.1747
7859.5928 1.1735
7861.4009 1.1716
7863.2139 1.1737
7865.0225 1.1699
7866.8364 1.1613
7868.6460 1.1594
7870.4561 1.1678
7872.2710 1.1627
7874.0820 1.1667
7875.8979 1.1616
7877.7100 1.1520
7879.5264 1.1530
7881.3389 1.1560
7883.1519 1.1563
7884.9697 1.1618
7886.7837 1.1551
7888.6025 1.1455
7890.4175 1.1463
7892.2368 1.1419
7894.0522 1.1303
7895.8687 1.1125
7897.6890 1.1155
7899.5059 1.1358
7901.3276 1.1426
7903.1455 1.1230
7904.9678 1.1343
7906.7861 1.1603
7908.6055 1.1567
7910.4292 1.1362
7912.2485 1.1366
7914.0732 1.1546
7915.8940 1.1538
7917.7192 1.1403
7919.5405 1.1340
7921.3628 1.1326
7923.1895 1.1304
7925.0122 1.1373
7926.8394 1.1391
7928.6631 1.1339
7930.4912 1.1232
7932.3159 1.1252
7934.1406 1.1431
7935.9702 1.1467
7937.7959 1.1462
7939.6265 1.1459
7941.4526 1.1453
7943.2842 1.1444
7945.1113 1.1449
7946.9390 1.1463
7948.7720 1.1405
7950.6006 1.1397
7952.4336 1.1439
7954.2632 1.1474
7956.0977 1.1480
7957.9277 1.1470
7959.7583 1.1314
7961.5938 1.1188
7963.4253 1.1058
7965.2617 1.1089
7967.0942 1.1326
7968.9316 1.1387
7970.7646 1.1336
7972.5981 1.1345
7974.4370 1.1389
7976.2715 1.1449
7978.1108 1.1510
7979.9458 1.1507
7981.7861 1.1473
7983.6226 1.1481
7985.4590 1.1406
7987.3003 1.1356
7989.1377 1.1439
7990.9800 1.1463
7992.8184 1.1426
7994.6616 1.1408
7996.5005 1.1405
7998.3447 1.1335
8000.1846 1.1180
8002.0249 1.1106
8003.8706 1.1253
8005.7114 1.1396
8007.5576 1.1271
8009.3999 1.1157
8011.2471 1.1297
8013.0898 1.1302
8014.9331 1.1108
8016.7812 1.1212
8018.6255 1.1327
8020.4746 1.1318
8022.3198 1.1263
8024.1699 1.1173
8026.0156 1.1187
8027.8623 1.1248
8029.7134 1.1216
8031.5605 1.1209
8033.4126 1.1287
8035.2607 1.1207
8037.1138 1.1150
8038.9624 1.1218
8040.8120 1.1276
8042.6660 1.1238
8044.5161 1.1140
8046.3711 1.1092
8048.2222 1.1202
8050.0781 1.1291
8051.9302 1.1277
8053.7827 1.1212
8055.6396 1.1184
8057.4927 1.1209
8059.3511 1.1227
8061.2051 1.1218
8063.0640 1.1202
8064.9189 1.1199
8066.7739 1.1221
8068.6343 1.1253
8070.4902 1.1213
8072.3516 1.1184
8074.2085 1.1200
8076.0703 1.1206
8077.9282 1.1174
8079.7866 1.1174
8081.6499 1.1160
8083.5088 1.1151
8085.3730 1.1125
8087.2329 1.1105
8089.0981 1.1116
8090.9590 1.1109
8092.8203 1.1077
8094.6865 1.1064
8096.5483 1.1062
8098.4155 1.1059
8100.2788 1.1056
8102.1465 1.1057
8104.0103 1.1051
8105.8745 1.1046
8107.7441 1.1042
8109.6089 1.1039
8111.4790 1.1036
8113.3452 1.1034
8115.2163 1.1047
8117.0830 1.1040
8118.9502 1.1018
8120.8228 1.1003
8122.6909 1.1001
8124.5640 1.0996
8126.4326 1.0992
8128.3066 1.0987
8130.1768 1.0982
8132.0513 1.0977
8133.9224 1.0972
8135.7935 1.0974
8137.6694 1.1009
8139.5415 1.0989
8141.4185 1.0954
8143.2915 1.0939
8145.1694 1.0936
8147.0430 1.0929
8148.9175 1.0924
8150.7964 1.0919
8152.6714 1.0912
8154.5513 1.0904
8156.4272 1.0896
8158.3081 1.0890
8160.1851 1.0885
8162.0625 1.0881
8163.9443 1.0878
8165.8228 1.0871
8167.7056 1.0868
8169.5845 1.0895
8171.4683 1.0934
8173.3481 1.0873
8175.2285 1.0830
8177.1138 1.0829
8178.9951 1.0819
8180.8809 1.0814
8182.7632 1.0807
8184.6499 1.0802
8186.5327 1.0796
8188.4160 1.0790
8190.3042 1.0784
8192.1885 1.0779
8194.0771 1.0772
8195.9629 1.0766
8197.8525 1.0761
8199.7383 1.0755
8201.6250 1.0749
8203.5156 1.0743
8205.4033 1.0739
8207.2959 1.0735
8209.1836 1.0730
8211.0762 1.0723
8212.9658 1.0715
8214.8545 1.0710
8216.7490 1.0705
8218.6396 1.0699
8220.5342 1.0693
8222.4258 1.0687
8224.3223 1.0680
8226.2139 1.0674
8228.1064 1.0666
8230.0039 1.0656
8231.8965 1.0651
8233.7949 1.0640
8235.6895 1.0646
8237.5889 1.0727
8239.4834 1.0741
8241.3789 1.0641
8243.2793 1.0597
8245.1758 1.0609
8247.0771 1.0592
8248.9746 1.0589
8250.8770 1.0586
8252.7744 1.0578
8254.6729 1.0571
8256.5771 1.0568
8258.4766 1.0572
8260.3809 1.0578
8262.2812 1.0582
8264.1865 1.0564
8266.0869 1.0556
8267.9893 1.0523
8269.8955 1.0467
8271.7979 1.0513
8273.7051 1.0555
8275.6084 1.0561
8277.5166 1.0550
8279.4209 1.0531
8281.3301 1.0506
8283.2354 1.0497
8285.1416 1.0498
8287.0518 1.0487
8288.9580 1.0491
8290.8691 1.0484
8292.7773 1.0445
8294.6895 1.0432
8296.5977 1.0466
8298.5059 1.0443
8300.4199 1.0426
8302.3291 1.0425
8304.2432 1.0414
8306.1543 1.0424
8308.0693 1.0397
8309.9805 1.0338
8311.8926 1.0329
8313.8086 1.0364
8315.7217 1.0383
8317.6396 1.0386
8319.5527 1.0391
8321.4707 1.0383
8323.3857 1.0354
8325.2998 1.0303
8327.2197 1.0245
8329.1357 1.0202
8331.0566 1.0173
8332.9727 1.0157
8334.8945 1.0168
8336.8115 1.0180
8338.7295 1.0163
8340.6523 1.0139
8342.5713 1.0136
8344.4951 1.0160
8346.4150 1.0188
8348.3398 1.0206
8350.2598 1.0210
8352.1807 1.0194
8354.1074 1.0185
8356.0293 1.0180
8357.9561 1.0173
8359.8789 1.0178
8361.8066 1.0194
8363.7295 1.0187
8365.6543 1.0161
8367.5830 1.0159
8369.5078 1.0143
8371.4375 1.0118
8373.3643 1.0132
8375.2949 1.0185
8377.2217 1.0197
8379.1484 1.0155
8381.0811 1.0113
8383.0088 1.0089
8384.9424 1.0078
8386.8711 1.0085
8388.8047 1.0079
8390.7344 1.0077
8392.6650 1.0084
8394.6006 1.0075
8396.5312 1.0047
8398.4678 1.0048
8400.3994 1.0070
8402.3369 1.0109
8404.2695 1.0094
8406.2031 1.0046
8408.1416 1.0013
8410.0762 0.9956
8412.0156 0.9922
8413.9502 0.9942
8415.8906 0.9957
8417.8271 0.9947
8419.7637 0.9941
8421.7051 0.9962
8423.6426 0.9999
8425.5850 1.0022
8427.5234 1.0033
8429.4668 1.0019
8431.4053 0.9975
8433.3496 0.9931
8435.2900 0.9895
8437.2305 0.9875
8439.1758 0.9850
8441.1172 0.9793
8443.0645 0.9708
8445.0059 0.9648
8446.9541 0.9618
8448.8965 0.9625
8450.8408 0.9679
8452.7891 0.9748
8454.7344 0.9810
8456.6836 0.9894
8458.6289 0.9920
8460.5791 0.9884
8462.5254 0.9805
8464.4727 0.9725
8466.4248 0.9674
8468.3721 0.9637
8470.3252 0.9630
8472.2734 0.9652
8474.2275 0.9683
8476.1768 0.9743
8478.1270 0.9835
8480.0820 0.9883
8482.0322 0.9906
8483.9883 0.9941
8485.9404 0.9936
8487.8975 0.9895
8489.8496 0.9845
8491.8027 0.9752
8493.7607 0.9611
8495.7148 0.9444
8497.6738 0.9290
8499.6289 0.9176
8501.5889 0.9120
8503.5449 0.9134
8505.5010 0.9191
8507.4619 0.9298
8509.4199 0.9411
8511.3818 0.9492
8513.3398 0.9542
8515.3027 0.9602
8517.2617 0.9667
8519.2217 0.9714
8521.1855 0.9718
8523.1465 0.9703
8525.1113 0.9714
8527.0723 0.9742
8529.0391 0.9726
8531.0010 0.9693
8532.9639 0.9652
8534.9316 0.9528
8536.8945 0.9277
8538.8633 0.8994
8540.8281 0.8669
8542.7969 0.8344
8544.7627 0.8206
8546.7285 0.8291
8548.6992 0.8490
8550.6660 0.8709
8552.6377 0.8970
8554.6045 0.9186
8556.5771 0.9319
8558.5459 0.9408
8560.5146 0.9492
8562.4893 0.9541
8564.4590 0.9568
8566.4336 0.9598
8568.4043 0.9628
8570.3799 0.9643
8572.3516 0.9645
8574.3242 0.9648
8576.3008 0.9644
8578.2744 0.9591
8580.2520 0.9514
8582.2256 0.9447
8584.2051 0.9398
8586.1797 0.9348
8588.1602 0.9284
8590.1357 0.9176
8592.1113 0.9025
8594.0928 0.8867
8596.0703 0.8744
8598.0527 0.8662
8600.0303 0.8623
8602.0137 0.8630
8603.9922 0.8689
8605.9717 0.8795
8607.9561 0.8934
8609.9365 0.9081
8611.9219 0.9182
8613.9033 0.9245
8615.8896 0.9287
8617.8711 0.9321
8619.8535 0.9352
8621.8418 0.9377
8623.8252 0.9381
8625.8135 0.9374
8627.7979 0.9379
8629.7881 0.9390
8631.7725 0.9390
8633.7588 0.9375
8635.7500 0.9361
8637.7363 0.9366
8639.7285 0.9345
8641.7158 0.9310
8643.7080 0.9284
8645.6973 0.9226
8647.6855 0.9165
8649.6797 0.9116
8651.6699 0.9052
8653.6650 0.8941
8655.6553 0.8761
8657.6514 0.8522
8659.6436 0.8262
8661.6357 0.7982
8663.6328 0.7753
8665.6260 0.7649
8667.6240 0.7697
8669.6182 0.7849
8671.6172 0.8064
8673.6123 0.8312
8675.6074 0.8496
8677.6084 0.8617
8679.6045 0.8719
8681.6055 0.8774
8683.6025 0.8807
8685.6055 0.8872
8687.6035 0.8911
8689.6025 0.8932
8691.6055 0.8979
8693.6055 0.9017
8695.6104 0.9062
8697.6104 0.9086
8699.6162 0.9120
8701.6172 0.9160
8703.6191 0.9173
8705.6260 0.9158
8707.6289 0.9126
8709.6367 0.9106
8711.6406 0.9102
8713.6494 0.9099
8715.6543 0.9084
8717.6592 0.9056
8719.6699 0.9064
8721.6758 0.9052
8723.6865 0.9011
8725.6934 0.8979
8727.7061 0.8959
8729.7129 0.8889
8731.7217 0.8836
8733.7354 0.8800
8735.7441 0.8716
8737.7588 0.8620
8739.7686 0.8558
8741.7842 0.8438
8743.7949 0.8270
8745.8115 0.8084
8747.8232 0.7904
8749.8359 0.7754
8751.8535 0.7667
8753.8672 0.7679
8755.8857 0.7760
8757.9004 0.7878
8759.9199 0.8050
8761.9346 0.8226
8763.9502 0.8355
8765.9717 0.8491
8767.9883 0.8576
8770.0098 0.8629
8772.0273 0.8668
8774.0498 0.8701
8776.0684 0.8734
8778.0879 0.8784
8780.1113 0.8829
8782.1318 0.8834
8784.1562 0.8854
8786.1777 0.8872
8788.2031 0.8849
8790.2256 0.8838
8792.2471 0.8824
8794.2754 0.8806
8796.2979 0.8813
8798.3262 0.8831
8800.3506 0.8821
8802.3799 0.8790
8804.4053 0.8766
8806.4307 0.8732
8808.4609 0.8715
8810.4873 0.8711
8812.5195 0.8702
8814.5459 0.8723
8816.5791 0.8762
8818.6074 0.8769
8820.6357 0.8740
8822.6699 0.8701
8824.6992 0.8681
8826.7344 0.8678
8828.7646 0.8636
8830.8008 0.8597
8832.8330 0.8580
8834.8643 0.8564
8836.9014 0.8531
8838.9346 0.8500
8840.9727 0.8459
8843.0068 0.8403
8845.0459 0.8351
8847.0811 0.8292
8849.1162 0.8207
8851.1562 0.8120
8853.1924 0.8023
8855.2344 0.7911
8857.2715 0.7766
8859.3145 0.7608
8861.3516 0.7476
8863.3906 0.7382
8865.4346 0.7361
8867.4736 0.7425
8869.5186 0.7540
8871.5596 0.7674
8873.6045 0.7804
8875.6465 0.7906
8877.6885 0.7985
8879.7354 0.8039
8881.7783 0.8083
8883.8262 0.8121
8885.8701 0.8150
8887.9189 0.8169
8889.9639 0.8188
8892.0088 0.8200
8894.0596 0.8207
8896.1055 0.8211
8898.1562 0.8213
8900.2041 0.8212
8902.2559 0.8208
8904.3037 0.8205
8906.3574 0.8200
8908.4062 0.8196
8910.4561 0.8191
8912.5107 0.8182
8914.5605 0.8183
8916.6162 0.8132
8918.6680 0.8108
8920.7246 0.8132
8922.7764 0.8151
8924.8291 0.8141
8926.8867 0.8131
8928.9404 0.8117
8931.0000 0.8106
8933.0547 0.8098
8935.1143 0.8088
8937.1699 0.8079
8939.2256 0.8070
8941.2871 0.8060
8943.3438 0.8051
8945.4062 0.8041
8947.4639 0.8030
8949.5273 0.8019
8951.5859 0.8008
8953.6455 0.7998
8955.7100 0.7990
8957.7705 0.7984
8959.8359 0.7976
8961.8975 0.7959
8963.9639 0.7946
8966.0264 0.7934
8968.0889 0.7921
8970.1572 0.7909
8972.2207 0.7894
8974.2891 0.7879
8976.3535 0.7864
8978.4238 0.7848
8980.4893 0.7832
8982.5557 0.7814
8984.6270 0.7795
8986.6934 0.7774
8988.7656 0.7752
8990.8340 0.7723
8992.9072 0.7697
8994.9756 0.7636
8997.0449 0.7544
8999.1201 0.7544
9001.1904 0.7523
9003.2656 0.7464
9005.3369 0.7389
9007.4131 0.7304
9009.4854 0.7199
9011.5586 0.7073
9013.6357 0.6924
9015.7100 0.6761
9017.7891 0.6725
9019.8633 0.6833
9021.9434 0.6978
9024.0186 0.7094
9026.0947 0.7188
9028.1758 0.7263
9030.2529 0.7322
9032.3350 0.7368
9034.4131 0.7403
9036.4971 0.7428
9038.5752 0.7448
9040.6543 0.7462
9042.7393 0.7472
9044.8193 0.7478
9046.9053 0.7482
9048.9863 0.7481
9051.0732 0.7487
9053.1553 0.7470
9055.2383 0.7485
9057.3262 0.7411
9059.4102 0.7223
9061.4990 0.7304
9063.5840 0.7440
9065.6738 0.7448
9067.7588 0.7430
9069.8506 0.7432
9071.9365 0.7416
9074.0234 0.7410
9076.1162 0.7393
9078.2041 0.7396
9080.2979 0.7342
9082.3867 0.7286
9084.4805 0.7321
9086.5703 0.7349
9088.6611 0.7340
9090.7568 0.7329
9092.8486 0.7320
9094.9453 0.7308
9097.0371 0.7297
9099.1348 0.7285
9101.2285 0.7275
9103.3223 0.7265
9105.4209 0.7254
9107.5156 0.7245
9109.6162 0.7236
9111.7119 0.7227
9113.8125 0.7216
9115.9092 0.7205
9118.0068 0.7193
9120.1094 0.7181
9122.2070 0.7169
9124.3105 0.7158
9126.4102 0.7147
9128.5146 0.7136
9130.6143 0.7126
9132.7148 0.7115
9134.8213 0.7104
9136.9219 0.7093
9139.0293 0.7079
9141.1318 0.7064
9143.2393 0.7050
9145.3428 0.7037
9147.4473 0.7026
9149.5566 0.7014
9151.6611 0.7003
9153.7715 0.6991
9155.8770 0.6979
9157.9883 0.6968
9160.0957 0.6956
9162.2031 0.6944
9164.3154 0.6931
9166.4238 0.6917
9168.5371 0.6904
9170.6465 0.6891
9172.7617 0.6878
9174.8711 0.6866
9176.9824 0.6852
9179.0986 0.6839
9181.2100 0.6825
9183.3271 0.6808
9185.4395 0.6792
9187.5576 0.6777
9189.6719 0.6761
9191.7852 0.6745
9193.9053 0.6727
9196.0205 0.6708
9198.1406 0.6689
9200.2568 0.6664
9202.3789 0.6649
9204.4951 0.6588
9206.6133 0.6449
9208.7363 0.6353
9210.8545 0.6406
9212.9785 0.6443
9215.0977 0.6409
9217.2227 0.6344
9219.3428 0.6265
9221.4639 0.6170
9223.5908 0.6054
9225.7129 0.5909
9227.8398 0.5730
9229.9629 0.5529
9232.0908 0.5493
9234.2148 0.5639
9236.3447 0.5815
9238.4688 0.5947
9240.5947 0.6048
9242.7256 0.6126
9244.8516 0.6185
9246.9834 0.6230
9249.1104 0.6262
9251.2432 0.6282
9253.3721 0.6301
9255.5010 0.6315
9257.6348 0.6323
9259.7646 0.6326
9261.8994 0.6326
9264.0303 0.6324
9266.1670 0.6320
9268.2988 0.6315
9270.4307 0.6307
9272.5684 0.6298
9274.7012 0.6290
9276.8398 0.6281
9278.9746 0.6272
9281.1143 0.6262
9283.2490 0.6252
9285.3848 0.6241
9287.5264 0.6230
9289.6621 0.6220
9291.8047 0.6207
9293.9424 0.6197
9296.0850 0.6178
9298.2236 0.6120
9300.3633 0.6059
9302.5078 0.6127
9304.6475 0.6135
9306.7930 0.6123
9308.9346 0.6112
9311.0811 0.6099
9313.2227 0.6087
9315.3652 0.6074
9317.5137 0.6061
9319.6572 0.6046
9321.8057 0.6036
9323.9502 0.6009
9326.1006 0.5963
9328.2461 0.5979
9330.3916 0.5987
9332.5439 0.5976
9334.6904 0.5961
9336.8428 0.5949
9338.9912 0.5934
9341.1445 0.5918
9343.2939 0.5904
9345.4434 0.5884
9347.5977 0.5876
9349.7480 0.5855
9351.9043 0.5776
9354.0557 0.5683
9356.2129 0.5797
9358.3652 0.5811
9360.5186 0.5782
9362.6768 0.5783
9364.8301 0.5776
9366.9902 0.5762
9369.1445 0.5749
9371.3057 0.5736
9373.4609 0.5723
9375.6172 0.5710
9377.7793 0.5697
9379.9365 0.5684
9382.0996 0.5671
9384.2578 0.5657
9386.4219 0.5643
9388.5820 0.5628
9390.7461 0.5614
9392.9072 0.5601
9395.0674 0.5588
9397.2344 0.5574
9399.3965 0.5561
9401.5635 0.5547
9403.7266 0.5532
9405.8945 0.5517
9408.0586 0.5503
9410.2227 0.5489
9412.3926 0.5476
9414.5586 0.5463
9416.7295 0.5449
9418.8955 0.5435
9421.0674 0.5422
9423.2344 0.5408
9425.4023 0.5395
9427.5762 0.5382
9429.7451 0.5368
9431.9189 0.5354
9434.0889 0.5340
9436.2646 0.5327
9438.4355 0.5313
9440.6064 0.5299
9442.7832 0.5284
9444.9561 0.5269
9447.1338 0.5254
9449.3076 0.5241
9451.4863 0.5226
9453.6602 0.5211
9455.8350 0.5193
9458.0156 0.5179
9460.1914 0.5164
9462.3730 0.5150
9464.5498 0.5135
9466.7324 0.5120
9468.9102 0.5104
9471.0889 0.5089
9473.2725 0.5074
9475.4521 0.5059
9477.6367 0.5045
9479.8174 0.5030
9482.0029 0.5015
9484.1846 0.5000
9486.3662 0.4984
9488.5537 0.4969
9490.7363 0.4952
9492.9258 0.4935
9495.1094 0.4918
9497.2988 0.4902
9499.4834 0.4884
9501.6689 0.4870
9503.8604 0.4849
9506.0459 0.4834
9508.2383 0.4808
9510.4258 0.4671
9512.6191 0.4537
9514.8076 0.4669
9516.9961 0.4750
9519.1904 0.4676
9521.3809 0.4584
9523.5762 0.4416
9525.7666 0.4454
9527.9639 0.4509
9530.1553 0.4507
9532.3477 0.4458
9534.5459 0.4386
9536.7393 0.4304
9538.9385 0.4203
9541.1328 0.4077
9543.3330 0.3916
9545.5283 0.3702
9547.7246 0.3506
9549.9268 0.3549
9552.1230 0.3753
9554.3262 0.3917
9556.5234 0.4031
9558.7275 0.4120
9560.9268 0.4182
9563.1309 0.4229
9565.3311 0.4261
9567.5322 0.4284
9569.7383 0.4298
9571.9395 0.4306
9574.1465 0.4310
9576.3496 0.4309
9578.5576 0.4306
9580.7607 0.4300
9582.9648 0.4293
9585.1748 0.4283
9587.3799 0.4272
9589.5908 0.4261
9591.7969 0.4249
9594.0088 0.4237
9596.2158 0.4224
9598.4238 0.4211
9600.6367 0.4197
9602.8457 0.4185
9605.0596 0.4166
9607.2695 0.4161
9609.4854 0.4109
9611.6953 0.4057
9613.9062 0.4087
9616.1240 0.4092
9618.3359 0.4078
9620.5537 0.3978
9622.7666 0.3957
9624.9863 0.4017
9627.2002 0.4020
9629.4150 0.4000
9631.6357 0.3983
9633.8516 0.3967
9636.0723 0.3952
9638.2891 0.3936
9640.5117 0.3921
9642.7295 0.3905
9644.9482 0.3891
9647.1719 0.3876
9649.3916 0.3861
9651.6172 0.3845
9653.8369 0.3829
9656.0635 0.3813
9658.2842 0.3797
9660.5068 0.3781
9662.7344 0.3765
9664.9570 0.3749
9667.1855 0.3732
9669.4102 0.3716
9671.6396 0.3699
9673.8643 0.3681
9676.0898 0.3665
9678.3213 0.3649
9680.5479 0.3632
9682.7803 0.3616
9685.0078 0.3600
9687.2412 0.3583
9689.4697 0.3567
9691.6982 0.3551
9693.9336 0.3535
9696.1631 0.3516
9698.3994 0.3502
9700.6299 0.3474
9702.8672 0.3451
9705.0996 0.3426
9707.3320 0.3389
9709.5703 0.3380
9711.8047 0.3397
9714.0439 0.3379
9716.2783 0.3331
9718.5186 0.3298
9720.7549 0.3308
9722.9912 0.3310
9725.2334 0.3296
9727.4707 0.3279
9729.7139 0.3262
9731.9521 0.3245
9734.1963 0.3229
9736.4355 0.3212
9738.6807 0.3195
9740.9209 0.3178
9743.1621 0.3161
9745.4082 0.3143
9747.6504 0.3124
9749.8984 0.3107
9752.1416 0.3090
9754.3896 0.3073
9756.6338 0.3056
9758.8789 0.3039
9761.1289 0.3022
9763.3740 0.3004
9765.6260 0.2987
9767.8721 0.2970
9770.1250 0.2951
9772.3721 0.2933
9774.6201 0.2915
9776.8750 0.2898
9779.1240 0.2880
9781.3789 0.2863
9783.6289 0.2846
9785.8848 0.2828
9788.1367 0.2811
9790.3877 0.2794
9792.6455 0.2775
9794.8984 0.2759
9797.1572 0.2736
9799.4111 0.2727
9801.6709 0.2742
9803.9258 0.2713
9806.1807 0.2669
9808.4424 0.2648
9810.6982 0.2633
9812.9609 0.2613
9815.2188 0.2597
9817.4814 0.2578
9819.7402 0.2559
9821.9990 0.2540
9824.2646 0.2522
9826.5244 0.2504
9828.7900 0.2486
9831.0518 0.2468
9833.3184 0.2450
9835.5801 0.2432
9837.8428 0.2414
9840.1113 0.2396
9842.3750 0.2378
9844.6455 0.2358
9846.9102 0.2339
9849.1807 0.2321
9851.4463 0.2303
9853.7129 0.2285
9855.9844 0.2266
9858.2520 0.2248
9860.5254 0.2230
9862.7939 0.2211
9865.0684 0.2193
9867.3379 0.2174
9869.6074 0.2155
9871.8838 0.2135
9874.1543 0.2117
9876.4316 0.2098
9878.7031 0.2080
9880.9814 0.2061
9883.2549 0.2043
9885.5283 0.2024
9887.8076 0.2005
9890.0830 0.1987
9892.3633 0.1967
9894.6387 0.1948
9896.9209 0.1927
9899.1973 0.1895
9901.4746 0.1875
9903.7578 0.1868
9906.0361 0.1855
9908.3203 0.1833
9910.5996 0.1815
9912.8857 0.1796
9915.1660 0.1777
9917.4521 0.1757
9919.7334 0.1737
9922.0156 0.1717
9924.3037 0.1698
9926.5869 0.1679
9928.8760 0.1660
9931.1602 0.1641
9933.4502 0.1622
9935.7354 0.1603
9938.0205 0.1583
9940.3125 0.1564
9942.5996 0.1544
9944.8926 0.1524
9947.1797 0.1504
9949.4736 0.1484
9951.7627 0.1463
9954.0518 0.1441
9956.3477 0.1421
9958.6377 0.1402
9960.9346 0.1382
9963.2256 0.1362
9965.5234 0.1341
9967.8154 0.1319
9970.1094 0.1298
9972.4082 0.1278
9974.7021 0.1258
9977.0020 0.1237
9979.2979 0.1217
9981.5986 0.1197
9983.8945 0.1176
9986.1914 0.1156
9988.4941 0.1135
9990.7920 0.1114
9993.0967 0.1094
9995.3955 0.1072
9997.7002 0.1051
10000.0000 0.1029
10002.3057 0.1008
10004.6016 0.0985
10006.9082 0.0963
10009.2158 0.0940
10011.5244 0.0915
10013.8223 0.0891
10016.1309 0.0863
10018.4404 0.0839
10020.7402 0.0793
10023.0508 0.0632
10025.3623 0.0546
10027.6738 0.0582
10029.9756 0.0635
10032.2881 0.0629
10034.6016 0.0574
10036.9043 0.0515
10039.2188 0.0441
10041.5342 0.0352
10043.8496 0.0241
10046.1543 0.0097
10048.4707 -0.0103
10050.7881 -0.0341
10053.0947 -0.0349
10055.4131 -0.0159
10057.7324 0.0014
10060.0508 0.0105
10062.3604 0.0181
10064.6807 0.0226
10067.0010 0.0256
10069.3115 0.0275
10071.6338 0.0284
10073.9561 0.0286
10076.2793 0.0283
10078.5918 0.0277
10080.9160 0.0267
10083.2402 0.0255
10085.5547 0.0241
10087.8799 0.0226
10090.2061 0.0208
10092.5332 0.0190
10094.8496 0.0172
10097.1777 0.0153
10099.5059 0.0134
10101.8232 0.0115
10104.1533 0.0095
10106.4834 0.0075
10108.8135 0.0055
10111.1338 0.0035
10113.4648 0.0014
10115.7969 -0.0008
10118.1191 -0.0030
10120.4521 -0.0053
10122.7861 -0.0076
10125.1201 -0.0113
10127.4434 -0.0128
10129.7793 -0.0148
10132.1152 -0.0228
10134.4404 -0.0286
10136.7773 -0.0213
10139.1152 -0.0216
10141.4531 -0.0249
10143.7803 -0.0262
10146.1191 -0.0289
10148.4590 -0.0308
10150.7881 -0.0331
10153.1289 -0.0351
10155.4707 -0.0372
10157.8125 -0.0394
10160.1436 -0.0416
10162.4863 -0.0438
10164.8301 -0.0461
10167.1621 -0.0484
10169.5068 -0.0507
10171.8525 -0.0529
10174.1973 -0.0551
10176.5322 -0.0573
10178.8789 -0.0596
10181.2266 -0.0618
10183.5742 -0.0640
10185.9111 -0.0662
10188.2607 -0.0685
10190.6094 -0.0708
10192.9482 -0.0732
10195.2988 -0.0754
10197.6504 -0.0777
10200.0020 -0.0799
10202.3428 -0.0822
10204.6953 -0.0844
10207.0479 -0.0867
10209.3906 -0.0889
10211.7451 -0.0912
10214.0996 -0.0935
10216.4551 -0.0958
10218.7998 -0.0982
10221.1562 -0.1005
10223.5137 -0.1028
10225.8594 -0.1050
10228.2178 -0.1073
10230.5762 -0.1097
10232.9355 -0.1120
10235.2842 -0.1143
10237.6436 -0.1165
10240.0049 -0.1189
10242.3545 -0.1212
10244.7168 -0.1237
10247.0791 -0.1260
10249.4424 -0.1283
10251.7939 -0.1306
10254.1582 -0.1330
10256.5234 -0.1353
10258.8770 -0.1376
10261.2422 -0.1399
10263.6084 -0.1423
10265.9756 -0.1446
10268.3311 -0.1470
10270.6992 -0.1495
10273.0674 -0.1519
10275.4258 -0.1542
10277.7949 -0.1566
10280.1650 -0.1589
10282.5352 -0.1612
10284.8955 -0.1636
10287.2666 -0.1660
10289.6396 -0.1683
10292.0010 -0.1710
10294.3740 -0.1732
10296.7480 -0.1760
10299.1221 -0.1778
10301.4863 -0.1823
10303.8613 -0.2013
10306.2373 -0.2001
10308.6025 -0.1901
10310.9795 -0.1884
10313.3574 -0.1934
10315.7363 -0.1944
10318.1035 -0.1973
10320.4824 -0.1997
10322.8623 -0.2022
10325.2314 -0.2047
10327.6123 -0.2071
