3572.7283 8.0911
3573.5520 8.1428
3574.3740 8.1935
3575.1963 8.2286
3576.0208 8.2399
3576.8435 8.2406
3577.6682 8.2454
3578.4915 8.2540
3579.3167 8.2477
3580.1399 8.2097
3580.9636 8.1307
3581.7893 8.0216
3582.6133 7.9079
3583.4395 7.8112
3584.2639 7.7403
3585.0903 7.7064
3585.9150 7.7245
3586.7400 7.7981
3587.5671 7.9061
3588.3923 8.0142
3589.2200 8.0945
3590.0457 8.1504
3590.8735 8.2059
3591.6995 8.2617
3592.5259 8.3139
3593.3542 8.3654
3594.1809 8.4215
3595.0098 8.4711
3595.8367 8.5012
3596.6660 8.5095
3597.4934 8.4985
3598.3208 8.4653
3599.1506 8.4015
3599.9788 8.3092
3600.8088 8.2067
3601.6372 8.1207
3602.4678 8.0629
3603.2964 8.0331
3604.1252 8.0274
3604.9565 8.0392
3605.7859 8.0489
3606.6172 8.0397
3607.4470 8.0121
3608.2788 7.9751
3609.1089 7.9369
3609.9392 7.9065
3610.7717 7.8943
3611.6023 7.9078
3612.4351 7.9394
3613.2661 7.9737
3614.0994 7.9963
3614.9307 8.0014
3615.7625 7.9877
3616.5962 7.9586
3617.4282 7.9253
3618.2625 7.9038
3619.0947 7.9094
3619.9292 7.9483
3620.7620 8.0122
3621.5969 8.0850
3622.4302 8.1580
3623.2634 8.2279
3624.0989 8.2878
3624.9326 8.3220
3625.7686 8.3095
3626.6028 8.2402
3627.4390 8.1245
3628.2734 7.9861
3629.1082 7.8550
3629.9451 7.7628
3630.7800 7.7333
3631.6174 7.7706
3632.4529 7.8582
3633.2903 7.9666
3634.1262 8.0640
3634.9622 8.1318
3635.8005 8.1641
3636.6370 8.1576
3637.4756 8.1187
3638.3123 8.0598
3639.1514 7.9923
3639.9885 7.9213
3640.8259 7.8527
3641.6653 7.8067
3642.5032 7.7867
3643.3430 7.7821
3644.1812 7.7808
3645.0215 7.7828
3645.8601 7.7835
3646.6990 7.7831
3647.5398 7.7880
3648.3789 7.8047
3649.2202 7.8360
3650.0596 7.8819
3650.9014 7.9344
3651.7412 7.9864
3652.5813 8.0339
3653.4236 8.0718
3654.2642 8.0916
3655.1067 8.0904
3655.9475 8.0703
3656.7908 8.0381
3657.6318 8.0013
3658.4734 7.9663
3659.3169 7.9369
3660.1587 7.9114
3661.0029 7.8904
3661.8450 7.8829
3662.6895 7.8882
3663.5320 7.8955
3664.3748 7.8919
3665.2197 7.8785
3666.0630 7.8689
3666.9084 7.8675
3667.7520 7.8644
3668.5977 7.8523
3669.4417 7.8385
3670.2859 7.8326
3671.1321 7.8279
3671.9768 7.8040
3672.8235 7.7521
3673.6685 7.6773
3674.5156 7.5938
3675.3608 7.5173
3676.2063 7.4578
3677.0542 7.4157
3677.8999 7.3945
3678.7480 7.3959
3679.5945 7.4102
3680.4429 7.4108
3681.2896 7.3769
3682.1365 7.3153
3682.9856 7.2561
3683.8328 7.2300
3684.6824 7.2474
3685.5300 7.2915
3686.3799 7.3394
3687.2278 7.3872
3688.0781 7.4387
3688.9265 7.4931
3689.7751 7.5404
3690.6260 7.5716
3691.4751 7.5782
3692.3264 7.5530
3693.1758 7.5096
3694.0273 7.4748
3694.8772 7.4752
3695.7273 7.5241
3696.5793 7.6091
3697.4299 7.6931
3698.2825 7.7299
3699.1333 7.6833
3699.9863 7.5437
3700.8374 7.3422
3701.6887 7.1384
3702.5425 7.0046
3703.3943 6.9871
3704.2483 7.0819
3705.1003 7.2264
3705.9548 7.3329
3706.8074 7.3361
3707.6599 7.2366
3708.5149 7.0909
3709.3682 6.9691
3710.2234 6.9302
3711.0771 7.0248
3711.9329 7.2740
3712.7866 7.6307
3713.6409 7.9968
3714.4973 8.2636
3715.3518 8.3478
3716.2085 8.2201
3717.0635 7.9100
3717.9204 7.4964
3718.7759 7.0927
3719.6313 6.8116
3720.4890 6.7313
3721.3450 6.8703
3722.2031 7.1820
3723.0593 7.5873
3723.9180 8.0049
3724.7747 8.3592
3725.6316 8.5873
3726.4905 8.6620
3727.3479 8.5862
3728.2073 8.3595
3729.0649 7.9872
3729.9250 7.5032
3730.7830 6.9867
3731.6414 6.5384
3732.5017 6.2518
3733.3604 6.1914
3734.2214 6.3751
3735.0803 6.7703
3735.9417 7.2936
3736.8013 7.8348
3737.6609 8.3029
3738.5227 8.6488
3739.3828 8.8493
3740.2451 8.8989
3741.1055 8.8085
3741.9683 8.6021
3742.8291 8.3013
3743.6899 7.9124
3744.5532 7.4496
3745.4148 6.9509
3746.2786 6.4856
3747.1404 6.1368
3748.0044 5.9731
3748.8667 6.0296
3749.7290 6.3037
3750.5938 6.7543
3751.4565 7.3000
3752.3215 7.8351
3753.1848 8.2686
3754.0503 8.5603
3754.9138 8.7171
3755.7798 8.7715
3756.6438 8.7659
3757.5081 8.7455
3758.3745 8.7477
3759.2390 8.7783
3760.1060 8.8027
3760.9709 8.7760
3761.8381 8.6712
3762.7036 8.4821
3763.5693 8.2012
3764.4370 7.8177
3765.3032 7.3526
3766.1714 6.8588
3767.0378 6.4103
3767.9065 6.0796
3768.7732 5.9185
3769.6401 5.9486
3770.5095 6.1640
3771.3770 6.5357
3772.2466 7.0117
3773.1145 7.5236
3773.9844 8.0110
3774.8528 8.4524
3775.7209 8.8511
3776.5918 9.2093
3777.4604 9.5150
3778.3315 9.7561
3779.2009 9.9303
3780.0723 10.0406
3780.9419 10.0808
3781.8118 10.0448
3782.6838 9.9407
3783.5540 9.7934
3784.4265 9.6248
3785.2971 9.4360
3786.1699 9.2341
3787.0410 9.0339
3787.9121 8.8417
3788.7856 8.6280
3789.6572 8.3546
3790.5310 8.0069
3791.4031 7.5823
3792.2773 7.0915
3793.1499 6.5682
3794.0225 6.0751
3794.8972 5.6851
3795.7703 5.4639
3796.6455 5.4469
3797.5190 5.6355
3798.3948 5.9979
3799.2686 6.4749
3800.1426 6.9853
3801.0188 7.4489
3801.8933 7.8341
3802.7700 8.1510
3803.6448 8.4284
3804.5220 8.6849
3805.3972 8.9264
3806.2727 9.1551
3807.1504 9.3579
3808.0261 9.5090
3808.9043 9.5809
3809.7805 9.5688
3810.6589 9.4952
3811.5356 9.4037
3812.4126 9.3430
3813.2917 9.3439
3814.1689 9.4022
3815.0483 9.4845
3815.9260 9.5509
3816.8059 9.5722
3817.6841 9.5310
3818.5623 9.4201
3819.4429 9.2439
3820.3215 9.0245
3821.2024 8.7974
3822.0815 8.5792
3822.9629 8.3570
3823.8423 8.1187
3824.7241 7.8753
3825.6040 7.6375
3826.4841 7.3950
3827.3665 7.1188
3828.2468 6.7947
3829.1296 6.4239
3830.0105 6.0171
3830.8938 5.5991
3831.7751 5.2198
3832.6565 4.9392
3833.5403 4.8029
3834.4224 4.8292
3835.3064 5.0049
3836.1887 5.2979
3837.0735 5.6685
3837.9561 6.0743
3838.8391 6.4797
3839.7244 6.8623
3840.6077 7.2155
3841.4932 7.5406
3842.3770 7.8345
3843.2629 8.0883
3844.1472 8.2943
3845.0315 8.4550
3845.9182 8.5891
3846.8030 8.7197
3847.6899 8.8523
3848.5752 8.9762
3849.4626 9.0785
3850.3481 9.1526
3851.2339 9.1983
3852.1221 9.2122
3853.0083 9.1878
3853.8967 9.1390
3854.7832 9.0914
3855.6721 9.0689
3856.5591 9.0837
3857.4463 9.1301
3858.3359 9.1847
3859.2234 9.2372
3860.1135 9.2874
3861.0015 9.3311
3861.8918 9.3547
3862.7803 9.3558
3863.6687 9.3442
3864.5598 9.3391
3865.4487 9.3372
3866.3401 9.3135
3867.2297 9.2391
3868.1213 9.1118
3869.0112 8.9506
3869.9014 8.7868
3870.7937 8.6428
3871.6841 8.5215
3872.5769 8.4066
3873.4678 8.2820
3874.3611 8.1447
3875.2524 7.9907
3876.1438 7.8152
3877.0376 7.6231
3877.9297 7.4331
3878.8237 7.2543
3879.7161 7.0695
3880.6108 6.8415
3881.5037 6.5458
3882.3965 6.1813
3883.2917 5.7714
3884.1851 5.3545
3885.0808 4.9779
3885.9746 4.6932
3886.8706 4.5412
3887.7649 4.5406
3888.6592 4.6825
3889.5559 4.9376
3890.4507 5.2606
3891.3479 5.6012
3892.2429 5.9214
3893.1406 6.1987
3894.0361 6.4272
3894.9341 6.6160
3895.8301 6.7792
3896.7263 6.9279
3897.6250 7.0663
3898.5215 7.1942
3899.4207 7.3107
3900.3176 7.4188
3901.2170 7.5209
3902.1145 7.6109
3903.0122 7.6952
3903.9121 7.7932
3904.8103 7.9250
3905.7107 8.0839
3906.6094 8.2475
3907.5100 8.3880
3908.4089 8.4782
3909.3081 8.5054
3910.2097 8.4827
3911.1091 8.4376
3912.0110 8.3900
3912.9111 8.3464
3913.8132 8.3132
3914.7136 8.2955
3915.6143 8.2914
3916.5171 8.2942
3917.4182 8.3043
3918.3215 8.3314
3919.2229 8.3756
3920.1267 8.4246
3921.0286 8.4576
3921.9307 8.4567
3922.8350 8.4076
3923.7373 8.3023
3924.6421 8.1354
3925.5452 7.9006
3926.4502 7.5890
3927.3535 7.1884
3928.2571 6.6799
3929.1628 6.0675
3930.0667 5.4368
3930.9731 4.9362
3931.8774 4.7256
3932.7839 4.8843
3933.6887 5.3537
3934.5938 5.9716
3935.5010 6.5855
3936.4062 7.0974
3937.3142 7.4733
3938.2200 7.7171
3939.1279 7.8480
3940.0342 7.8990
3940.9407 7.9026
3941.8494 7.8816
3942.7561 7.8472
3943.6653 7.8093
3944.5725 7.7704
3945.4822 7.7302
3946.3899 7.6864
3947.2979 7.6369
3948.2080 7.5836
3949.1162 7.5359
3950.0269 7.4941
3950.9355 7.4444
3951.8467 7.3753
3952.7559 7.2871
3953.6650 7.1908
3954.5769 7.0891
3955.4866 6.9753
3956.3987 6.8459
3957.3088 6.7044
3958.2214 6.5533
3959.1321 6.3842
3960.0449 6.1807
3960.9561 5.9305
3961.8672 5.6280
3962.7808 5.2729
3963.6924 4.8741
3964.6064 4.4556
3965.5186 4.0606
3966.4329 3.7537
3967.3455 3.6021
3968.2581 3.6308
3969.1731 3.8220
3970.0862 4.1278
3971.0017 4.4908
3971.9153 4.8585
3972.8313 5.1950
3973.7451 5.4919
3974.6592 5.7547
3975.5759 5.9878
3976.4905 6.1882
3977.4075 6.3567
3978.3225 6.5037
3979.2397 6.6364
3980.1553 6.7535
3981.0708 6.8471
3981.9888 6.9207
3982.9050 6.9938
3983.8232 7.0784
3984.7397 7.1706
3985.6587 7.2625
3986.5757 7.3530
3987.4927 7.4408
3988.4121 7.5202
3989.3298 7.5913
3990.2498 7.6522
3991.1677 7.6953
3992.0879 7.7089
3993.0063 7.6931
3993.9250 7.6630
3994.8459 7.6406
3995.7649 7.6413
3996.6863 7.6695
3997.6057 7.7171
3998.5276 7.7665
3999.4475 7.7943
4000.3674 7.7805
4001.2900 7.7346
4002.2104 7.6870
4003.1333 7.6670
4004.0544 7.6809
4004.9775 7.7233
4005.8989 7.7881
4006.8206 7.8545
4007.7446 7.8983
4008.6665 7.9099
4009.5908 7.9010
4010.5132 7.8905
4011.4380 7.8900
4012.3608 7.9009
4013.2839 7.9210
4014.2095 7.9502
4015.1328 7.9851
4016.0588 8.0150
4016.9827 8.0289
4017.9089 8.0126
4018.8333 7.9676
4019.7578 7.9227
4020.6848 7.9012
4021.6096 7.8876
4022.5371 7.8732
4023.4624 7.8601
4024.3901 7.8489
4025.3162 7.8302
4026.2422 7.7963
4027.1704 7.7427
4028.0969 7.6738
4029.0259 7.6116
4029.9526 7.5812
4030.8821 7.5918
4031.8093 7.6382
4032.7390 7.7105
4033.6667 7.7912
4034.5947 7.8639
4035.5251 7.9188
4036.4534 7.9531
4037.3843 7.9665
4038.3130 7.9568
4039.2441 7.9208
4040.1736 7.8579
4041.1030 7.7780
4042.0347 7.7049
4042.9646 7.6581
4043.8970 7.6391
4044.8271 7.6471
4045.7600 7.6813
4046.6907 7.7307
4047.6216 7.7686
4048.5549 7.7735
4049.4863 7.7463
4050.4202 7.6950
4051.3521 7.6328
4052.2861 7.5749
4053.2185 7.5346
4054.1509 7.5200
4055.0857 7.5320
4056.0186 7.5557
4056.9539 7.5701
4057.8872 7.5619
4058.8230 7.5335
4059.7566 7.4956
4060.6907 7.4525
4061.6270 7.4052
4062.5613 7.3672
4063.4983 7.3541
4064.4331 7.3662
4065.3701 7.3839
4066.3054 7.3805
4067.2410 7.3543
4068.1787 7.3193
4069.1147 7.2863
4070.0530 7.2502
4070.9893 7.2024
4071.9280 7.1375
4072.8647 7.0659
4073.8018 6.9995
4074.7412 6.9455
4075.6787 6.9063
4076.6184 6.8870
4077.5562 6.8918
4078.4966 6.9109
4079.4348 6.9218
4080.3733 6.9057
4081.3142 6.8630
4082.2532 6.8068
4083.1943 6.7477
4084.1338 6.6891
4085.0757 6.6314
4086.0154 6.5735
4086.9553 6.5122
4087.8977 6.4427
4088.8381 6.3537
4089.7810 6.2378
4090.7219 6.0977
4091.6653 5.9380
4092.6064 5.7585
4093.5481 5.5593
4094.4919 5.3370
4095.4338 5.0846
4096.3784 4.8109
4097.3208 4.5428
4098.2656 4.3203
4099.2085 4.1812
4100.1514 4.1504
4101.0967 4.2278
4102.0400 4.3957
4102.9863 4.6261
4103.9302 4.8845
4104.8765 5.1359
4105.8208 5.3588
4106.7676 5.5499
4107.7124 5.7154
4108.6572 5.8627
4109.6045 5.9977
4110.5503 6.1269
4111.4980 6.2525
4112.4438 6.3684
4113.3921 6.4665
4114.3384 6.5427
4115.2852 6.5992
4116.2339 6.6388
4117.1807 6.6667
4118.1304 6.6931
4119.0776 6.7299
4120.0273 6.7796
4120.9751 6.8281
4121.9233 6.8599
4122.8740 6.8741
4123.8223 6.8783
4124.7734 6.8782
4125.7222 6.8738
4126.6733 6.8619
4127.6230 6.8472
4128.5723 6.8446
4129.5244 6.8634
4130.4746 6.9044
4131.4268 6.9631
4132.3774 7.0326
4133.3301 7.1038
4134.2812 7.1740
4135.2324 7.2444
4136.1855 7.3063
4137.1372 7.3439
4138.0913 7.3460
4139.0435 7.3153
4139.9976 7.2665
4140.9502 7.2194
4141.9028 7.1890
4142.8579 7.1818
4143.8110 7.1951
4144.7666 7.2216
4145.7202 7.2532
4146.6758 7.2755
4147.6299 7.2800
4148.5840 7.2656
4149.5405 7.2365
4150.4951 7.2019
4151.4526 7.1699
4152.4072 7.1423
4153.3647 7.1228
4154.3203 7.1183
4155.2764 7.1336
4156.2344 7.1626
4157.1904 7.1944
4158.1489 7.2220
4159.1055 7.2444
4160.0649 7.2624
4161.0220 7.2745
4161.9790 7.2782
4162.9390 7.2797
4163.8965 7.2828
4164.8564 7.2790
4165.8149 7.2551
4166.7754 7.2049
4167.7339 7.1332
4168.6929 7.0538
4169.6538 6.9841
4170.6133 6.9315
4171.5752 6.8964
4172.5347 6.8808
4173.4971 6.8880
4174.4570 6.9096
4175.4175 6.9315
4176.3799 6.9504
4177.3408 6.9715
4178.3042 6.9998
4179.2651 7.0349
4180.2290 7.0716
4181.1909 7.0947
4182.1548 7.0987
4183.1172 7.0908
4184.0796 7.0840
4185.0444 7.0839
4186.0068 7.0897
4186.9722 7.1081
4187.9355 7.1462
4188.9014 7.1994
4189.8647 7.2466
4190.8286 7.2706
4191.7949 7.2616
4192.7593 7.2210
4193.7261 7.1608
4194.6909 7.0950
4195.6582 7.0334
4196.6235 6.9886
4197.5889 6.9687
4198.5571 6.9720
4199.5229 6.9928
4200.4912 7.0241
4201.4575 7.0590
4202.4263 7.0942
4203.3931 7.1277
4204.3599 7.1525
4205.3296 7.1658
4206.2969 7.1717
4207.2671 7.1786
4208.2349 7.1850
4209.2051 7.1808
4210.1738 7.1654
4211.1421 7.1437
4212.1133 7.1195
4213.0820 7.0937
4214.0537 7.0726
4215.0229 7.0633
4215.9951 7.0669
4216.9648 7.0807
4217.9351 7.0951
4218.9077 7.0925
4219.8784 7.0634
4220.8516 7.0072
4221.8223 6.9311
4222.7959 6.8582
4223.7676 6.8145
4224.7393 6.8127
4225.7134 6.8512
4226.6855 6.9149
4227.6602 6.9819
4228.6328 7.0251
4229.6079 7.0243
4230.5806 6.9839
4231.5542 6.9352
4232.5298 6.9055
4233.5034 6.9042
4234.4800 6.9279
4235.4541 6.9633
4236.4307 6.9922
4237.4053 7.0099
4238.3799 7.0230
4239.3574 7.0309
4240.3325 7.0316
4241.3105 7.0217
4242.2861 6.9965
4243.2642 6.9582
4244.2407 6.9160
4245.2168 6.8723
4246.1958 6.8376
4247.1729 6.8275
4248.1519 6.8473
4249.1294 6.8798
4250.1094 6.9077
4251.0869 6.9368
4252.0649 6.9704
4253.0454 6.9986
4254.0239 7.0039
4255.0049 6.9848
4255.9834 6.9536
4256.9648 6.9236
4257.9443 6.9041
4258.9263 6.9014
4259.9058 6.9210
4260.8857 6.9652
4261.8687 7.0202
4262.8491 7.0610
4263.8320 7.0729
4264.8130 7.0513
4265.7964 6.9972
4266.7778 6.9221
4267.7593 6.8436
4268.7432 6.7736
4269.7256 6.7235
4270.7100 6.7041
4271.6924 6.7210
4272.6772 6.7650
4273.6606 6.8210
4274.6436 6.8773
4275.6294 6.9244
4276.6128 6.9511
4277.5991 6.9481
4278.5830 6.9229
4279.5698 6.8907
4280.5542 6.8598
4281.5391 6.8318
4282.5264 6.8037
4283.5117 6.7687
4284.4990 6.7207
4285.4849 6.6616
4286.4731 6.6107
4287.4590 6.5799
4288.4453 6.5699
4289.4346 6.5773
4290.4214 6.6008
4291.4106 6.6311
4292.3979 6.6432
4293.3877 6.6214
4294.3755 6.5680
4295.3633 6.5011
4296.3535 6.4307
4297.3423 6.3574
4298.3330 6.2994
4299.3218 6.2735
4300.3135 6.2834
4301.3027 6.3165
4302.2920 6.3520
4303.2842 6.3732
4304.2744 6.3865
4305.2666 6.3995
4306.2573 6.4113
4307.2500 6.4118
4308.2412 6.3939
4309.2319 6.3622
4310.2261 6.3239
4311.2173 6.2829
4312.2114 6.2451
4313.2036 6.2218
4314.1982 6.2197
4315.1904 6.2323
4316.1836 6.2431
4317.1787 6.2397
4318.1719 6.2164
4319.1675 6.1726
4320.1611 6.1121
4321.1572 6.0423
4322.1514 5.9792
4323.1460 5.9255
4324.1426 5.8721
4325.1377 5.8133
4326.1348 5.7571
4327.1299 5.7084
4328.1279 5.6519
4329.1235 5.5731
4330.1196 5.4669
4331.1182 5.3374
4332.1143 5.1818
4333.1133 4.9971
4334.1104 4.7791
4335.1099 4.5424
4336.1069 4.3202
4337.1069 4.1509
4338.1045 4.0609
4339.1025 4.0640
4340.1030 4.1577
4341.1016 4.3272
4342.1025 4.5457
4343.1016 4.7751
4344.1030 4.9808
4345.1025 5.1470
4346.1021 5.2713
4347.1040 5.3620
4348.1040 5.4344
4349.1069 5.5047
4350.1074 5.5830
4351.1104 5.6697
4352.1113 5.7628
4353.1128 5.8617
4354.1167 5.9614
4355.1182 6.0477
4356.1226 6.1157
4357.1245 6.1698
4358.1294 6.2140
4359.1318 6.2571
4360.1348 6.3044
4361.1401 6.3457
4362.1436 6.3670
4363.1494 6.3647
4364.1528 6.3499
4365.1592 6.3351
4366.1636 6.3275
4367.1680 6.3274
4368.1753 6.3317
4369.1802 6.3308
4370.1875 6.3205
4371.1929 6.3118
4372.2007 6.3188
4373.2065 6.3414
4374.2129 6.3719
4375.2212 6.4130
4376.2280 6.4582
4377.2368 6.4851
4378.2441 6.4708
4379.2534 6.4155
4380.2612 6.3410
4381.2686 6.2732
4382.2793 6.2316
4383.2871 6.2240
4384.2979 6.2474
4385.3066 6.2912
4386.3179 6.3463
4387.3267 6.3937
4388.3359 6.4110
4389.3481 6.3980
4390.3579 6.3703
4391.3701 6.3419
4392.3804 6.3219
4393.3936 6.3098
4394.4043 6.3000
4395.4150 6.2961
4396.4287 6.3035
4397.4399 6.3144
4398.4541 6.3171
4399.4658 6.3153
4400.4805 6.3207
4401.4927 6.3371
4402.5054 6.3594
4403.5205 6.3798
4404.5337 6.3947
4405.5493 6.4089
4406.5625 6.4220
4407.5786 6.4270
4408.5928 6.4172
4409.6069 6.3922
4410.6240 6.3526
4411.6387 6.2999
4412.6558 6.2459
4413.6709 6.2058
4414.6885 6.1924
4415.7041 6.2112
4416.7227 6.2545
4417.7388 6.3064
4418.7549 6.3550
4419.7739 6.3898
4420.7905 6.4042
4421.8101 6.4019
4422.8271 6.3997
4423.8472 6.4008
4424.8647 6.3981
4425.8828 6.3931
4426.9033 6.3903
4427.9219 6.3838
4428.9429 6.3665
4429.9619 6.3419
4430.9834 6.3229
4432.0024 6.3167
4433.0220 6.3242
4434.0444 6.3437
4435.0645 6.3651
4436.0874 6.3778
4437.1079 6.3669
4438.1309 6.3299
4439.1519 6.2785
4440.1733 6.2314
4441.1968 6.1987
4442.2188 6.1887
4443.2432 6.2035
4444.2651 6.2341
4445.2900 6.2667
4446.3125 6.2920
4447.3354 6.3008
4448.3613 6.2864
4449.3843 6.2572
4450.4106 6.2290
4451.4341 6.2106
4452.4609 6.1956
4453.4849 6.1804
4454.5098 6.1709
4455.5366 6.1711
4456.5615 6.1801
4457.5894 6.1928
4458.6147 6.2008
4459.6431 6.2011
4460.6689 6.1964
4461.6953 6.1846
4462.7241 6.1636
4463.7505 6.1354
4464.7798 6.1090
4465.8071 6.0945
4466.8369 6.1006
4467.8643 6.1233
4468.8921 6.1556
4469.9229 6.1915
4470.9512 6.2264
4471.9819 6.2543
4473.0107 6.2668
4474.0425 6.2532
4475.0718 6.2083
4476.1011 6.1377
4477.1333 6.0602
4478.1631 5.9996
4479.1958 5.9727
4480.2266 5.9864
4481.2593 6.0364
4482.2905 6.1042
4483.3213 6.1587
4484.3555 6.1792
4485.3872 6.1699
4486.4214 6.1486
4487.4536 6.1280
4488.4883 6.1142
4489.5210 6.1132
4490.5537 6.1307
4491.5889 6.1601
4492.6226 6.1906
4493.6582 6.2122
4494.6919 6.2185
4495.7285 6.2100
4496.7627 6.1949
4497.7998 6.1850
4498.8345 6.1847
4499.8696 6.1916
4500.9072 6.2024
4501.9424 6.2161
4502.9805 6.2262
4504.0166 6.2242
4505.0552 6.2151
4506.0913 6.2068
4507.1279 6.2035
4508.1675 6.2030
4509.2046 6.2023
4510.2446 6.1986
4511.2822 6.1862
4512.3223 6.1659
4513.3604 6.1439
4514.3984 6.1243
4515.4395 6.1056
4516.4785 6.0859
4517.5200 6.0667
4518.5591 6.0492
4519.6011 6.0345
4520.6406 6.0256
4521.6807 6.0230
4522.7236 6.0181
4523.7642 6.0077
4524.8071 5.9959
4525.8481 5.9872
4526.8916 5.9777
4527.9331 5.9615
4528.9746 5.9421
4530.0190 5.9269
4531.0610 5.9245
4532.1060 5.9405
4533.1489 5.9717
4534.1938 6.0066
4535.2373 6.0403
4536.2803 6.0684
4537.3267 6.0863
4538.3701 6.0925
4539.4170 6.0901
4540.4609 6.0822
4541.5083 6.0724
4542.5527 6.0519
4543.5981 6.0121
4544.6455 5.9544
4545.6909 5.8951
4546.7393 5.8520
4547.7852 5.8278
4548.8340 5.8161
4549.8804 5.8155
4550.9272 5.8254
4551.9766 5.8352
4553.0239 5.8341
4554.0737 5.8334
4555.1216 5.8536
4556.1719 5.8943
4557.2197 5.9368
4558.2686 5.9638
4559.3193 5.9719
4560.3682 5.9659
4561.4199 5.9585
4562.4692 5.9587
4563.5215 5.9686
4564.5713 5.9834
4565.6211 5.9940
4566.6743 5.9913
4567.7246 5.9790
4568.7778 5.9640
4569.8291 5.9511
4570.8828 5.9422
4571.9341 5.9397
4572.9888 5.9439
4574.0405 5.9456
4575.0928 5.9380
4576.1479 5.9198
4577.2007 5.8934
4578.2559 5.8585
4579.3091 5.8195
4580.3652 5.7879
4581.4189 5.7710
4582.4731 5.7696
4583.5298 5.7811
4584.5840 5.7968
4585.6411 5.8071
4586.6963 5.8117
4587.7539 5.8167
4588.8091 5.8283
4589.8647 5.8465
4590.9233 5.8658
4591.9795 5.8812
4593.0386 5.8926
4594.0952 5.9009
4595.1543 5.9050
4596.2114 5.9035
4597.2690 5.9006
4598.3291 5.9012
4599.3867 5.9001
4600.4473 5.8970
4601.5059 5.8970
4602.5669 5.9027
4603.6255 5.9086
4604.6846 5.9087
4605.7466 5.9065
4606.8062 5.9050
4607.8687 5.9036
4608.9287 5.8995
4609.9912 5.8905
4611.0518 5.8761
4612.1128 5.8550
4613.1763 5.8290
4614.2373 5.8032
4615.3013 5.7840
4616.3633 5.7734
4617.4277 5.7739
4618.4897 5.7863
4619.5522 5.8057
4620.6177 5.8242
4621.6807 5.8371
4622.7466 5.8383
4623.8096 5.8246
4624.8760 5.8035
4625.9399 5.7847
4627.0044 5.7727
4628.0713 5.7626
4629.1357 5.7524
4630.2031 5.7491
4631.2686 5.7503
4632.3364 5.7494
4633.4023 5.7455
4634.4678 5.7490
4635.5366 5.7631
4636.6030 5.7789
4637.6724 5.7881
4638.7393 5.7899
4639.8091 5.7869
4640.8765 5.7776
4641.9438 5.7612
4643.0142 5.7425
4644.0825 5.7282
4645.1533 5.7210
4646.2222 5.7197
4647.2935 5.7214
4648.3623 5.7222
4649.4316 5.7226
4650.5039 5.7213
4651.5737 5.7176
4652.6465 5.7140
4653.7168 5.7134
4654.7900 5.7143
4655.8608 5.7174
4656.9346 5.7225
4658.0059 5.7273
4659.0771 5.7267
4660.1519 5.7133
4661.2236 5.6841
4662.2983 5.6488
4663.3711 5.6186
4664.4463 5.5973
4665.5195 5.5855
4666.5928 5.5856
4667.6689 5.5961
4668.7427 5.6141
4669.8193 5.6357
4670.8936 5.6548
4671.9707 5.6662
4673.0454 5.6698
4674.1206 5.6688
4675.1982 5.6639
4676.2739 5.6576
4677.3521 5.6534
4678.4282 5.6529
4679.5073 5.6547
4680.5835 5.6583
4681.6602 5.6631
4682.7397 5.6645
4683.8174 5.6616
4684.8975 5.6565
4685.9751 5.6500
4687.0557 5.6421
4688.1338 5.6359
4689.2124 5.6317
4690.2935 5.6279
4691.3726 5.6228
4692.4546 5.6170
4693.5342 5.6103
4694.6162 5.6029
4695.6963 5.5924
4696.7764 5.5755
4697.8594 5.5524
4698.9404 5.5314
4700.0239 5.5180
4701.1050 5.5119
4702.1890 5.5102
4703.2710 5.5112
4704.3530 5.5152
4705.4375 5.5233
4706.5200 5.5300
4707.6055 5.5317
4708.6885 5.5335
4709.7744 5.5387
4710.8579 5.5454
4711.9414 5.5482
4713.0283 5.5426
4714.1123 5.5360
4715.1992 5.5407
4716.2842 5.5532
4717.3716 5.5617
4718.4570 5.5648
4719.5425 5.5650
4720.6309 5.5653
4721.7168 5.5609
4722.8057 5.5508
4723.8921 5.5376
4724.9814 5.5222
4726.0684 5.5047
4727.1553 5.4885
4728.2456 5.4780
4729.3335 5.4732
4730.4238 5.4718
4731.5122 5.4723
4732.6030 5.4765
4733.6919 5.4827
4734.7808 5.4863
4735.8726 5.4869
4736.9624 5.4874
4738.0547 5.4886
4739.1445 5.4923
4740.2373 5.4955
4741.3276 5.4956
4742.4214 5.4939
4743.5122 5.4922
4744.6035 5.4896
4745.6973 5.4883
4746.7891 5.4859
4747.8838 5.4817
4748.9761 5.4777
4750.0713 5.4757
4751.1641 5.4728
4752.2568 5.4698
4753.3525 5.4692
4754.4463 5.4687
4755.5425 5.4660
4756.6367 5.4598
4757.7334 5.4499
4758.8281 5.4366
4759.9229 5.4241
4761.0205 5.4136
4762.1157 5.4079
4763.2139 5.4106
4764.3096 5.4217
4765.4082 5.4340
4766.5044 5.4444
4767.6011 5.4529
4768.7002 5.4601
4769.7974 5.4663
4770.8975 5.4730
4771.9951 5.4811
4773.0952 5.4883
4774.1934 5.4938
4775.2915 5.4968
4776.3926 5.4969
4777.4917 5.4960
4778.5933 5.4961
4779.6924 5.4919
4780.7949 5.4833
4781.8945 5.4755
4782.9946 5.4726
4784.0977 5.4702
4785.1982 5.4677
4786.3018 5.4663
4787.4028 5.4690
4788.5068 5.4754
4789.6084 5.4825
4790.7100 5.4882
4791.8149 5.4896
4792.9170 5.4865
4794.0225 5.4822
4795.1255 5.4771
4796.2310 5.4698
4797.3345 5.4614
4798.4380 5.4501
4799.5444 5.4357
4800.6489 5.4246
4801.7559 5.4197
4802.8604 5.4182
4803.9678 5.4165
4805.0732 5.4161
4806.1782 5.4220
4807.2866 5.4294
4808.3926 5.4327
4809.5015 5.4319
4810.6079 5.4337
4811.7173 5.4385
4812.8242 5.4395
4813.9312 5.4387
4815.0415 5.4367
4816.1489 5.4290
4817.2598 5.4107
4818.3677 5.3856
4819.4790 5.3602
4820.5879 5.3377
4821.6968 5.3197
4822.8086 5.3082
4823.9180 5.3046
4825.0303 5.3076
4826.1401 5.3130
4827.2534 5.3146
4828.3638 5.3101
4829.4771 5.3004
4830.5884 5.2854
4831.6992 5.2692
4832.8135 5.2527
4833.9253 5.2341
4835.0400 5.2134
4836.1523 5.1926
4837.2676 5.1727
4838.3804 5.1524
4839.4937 5.1293
4840.6094 5.1011
4841.7231 5.0656
4842.8394 5.0224
4843.9536 4.9756
4845.0708 4.9301
4846.1851 4.8861
4847.3003 4.8369
4848.4180 4.7787
4849.5332 4.7127
4850.6514 4.6406
4851.7676 4.5558
4852.8862 4.4514
4854.0024 4.3244
4855.1191 4.1807
4856.2388 4.0390
4857.3560 3.9290
4858.4761 3.8666
4859.5938 3.8565
4860.7144 3.9015
4861.8325 3.9993
4862.9512 4.1345
4864.0723 4.2754
4865.1914 4.3947
4866.3135 4.4906
4867.4326 4.5667
4868.5552 4.6276
4869.6753 4.6785
4870.7954 4.7235
4871.9189 4.7656
4873.0396 4.8117
4874.1631 4.8601
4875.2847 4.9057
4876.4087 4.9442
4877.5308 4.9757
4878.6528 5.0019
4879.7778 5.0255
4880.9004 5.0455
4882.0259 5.0592
4883.1489 5.0649
4884.2749 5.0641
4885.3984 5.0626
4886.5225 5.0674
4887.6494 5.0804
4888.7734 5.0991
4889.9009 5.1203
4891.0259 5.1431
4892.1538 5.1691
4893.2793 5.1950
4894.4048 5.2137
4895.5337 5.2216
4896.6597 5.2203
4897.7891 5.2145
4898.9155 5.2088
4900.0454 5.2102
4901.1724 5.2154
4902.2998 5.2188
4903.4307 5.2180
4904.5586 5.2157
4905.6895 5.2131
4906.8179 5.2115
4907.9497 5.2091
4909.0786 5.2072
4910.2080 5.2085
4911.3403 5.2117
4912.4702 5.2089
4913.6030 5.1990
4914.7334 5.1818
4915.8667 5.1576
4916.9976 5.1282
4918.1313 5.0975
4919.2627 5.0758
4920.3945 5.0751
4921.5288 5.0940
4922.6611 5.1248
4923.7964 5.1583
4924.9292 5.1866
4926.0649 5.2044
4927.1978 5.2058
4928.3315 5.1941
4929.4678 5.1768
4930.6021 5.1607
4931.7388 5.1480
4932.8735 5.1392
4934.0107 5.1388
4935.1460 5.1474
4936.2812 5.1615
4937.4194 5.1754
4938.5557 5.1856
4939.6943 5.1930
4940.8306 5.2029
4941.9702 5.2096
4943.1069 5.2105
4944.2441 5.2082
4945.3843 5.2050
4946.5220 5.2011
4947.6626 5.1992
4948.8008 5.1942
4949.9419 5.1820
4951.0806 5.1625
4952.2197 5.1385
4953.3618 5.1180
4954.5010 5.1067
4955.6436 5.1052
4956.7837 5.1133
4957.9268 5.1301
4959.0674 5.1518
4960.2080 5.1699
4961.3521 5.1753
4962.4932 5.1678
4963.6377 5.1539
4964.7793 5.1425
4965.9243 5.1386
4967.0669 5.1394
4968.2095 5.1424
4969.3550 5.1470
4970.4980 5.1520
4971.6445 5.1550
4972.7881 5.1540
4973.9351 5.1474
4975.0791 5.1335
4976.2236 5.1112
4977.3711 5.0834
4978.5161 5.0555
4979.6641 5.0314
4980.8096 5.0183
4981.9585 5.0174
4983.1045 5.0260
4984.2510 5.0405
4985.4004 5.0566
4986.5469 5.0678
4987.6968 5.0725
4988.8442 5.0716
4989.9946 5.0707
4991.1426 5.0732
4992.2910 5.0771
4993.4419 5.0774
4994.5908 5.0707
4995.7427 5.0589
4996.8921 5.0449
4998.0439 5.0286
4999.1938 5.0089
5000.3438 4.9890
5001.4971 4.9752
5002.6475 4.9739
5003.8013 4.9811
5004.9521 4.9879
5006.1064 4.9890
5007.2583 4.9893
5008.4126 4.9902
5009.5649 4.9908
5010.7173 4.9808
5011.8730 4.9564
5013.0259 4.9254
5014.1816 4.9004
5015.3354 4.8878
5016.4917 4.8877
5017.6460 4.8966
5018.8003 4.9144
5019.9575 4.9409
5021.1123 4.9672
5022.2700 4.9833
5023.4258 4.9915
5024.5840 4.9935
5025.7397 4.9918
5026.8960 4.9906
5028.0552 4.9924
5029.2119 4.9929
5030.3716 4.9897
5031.5288 4.9858
5032.6890 4.9813
5033.8472 4.9712
5035.0049 4.9521
5036.1660 4.9315
5037.3247 4.9174
5038.4863 4.9136
5039.6455 4.9193
5040.8076 4.9310
5041.9668 4.9464
5043.1270 4.9640
5044.2900 4.9736
5045.4502 4.9683
5046.6138 4.9527
5047.7749 4.9382
5048.9390 4.9295
5050.1001 4.9263
5051.2622 4.9257
5052.4268 4.9307
5053.5894 4.9432
5054.7544 4.9600
5055.9175 4.9738
5057.0830 4.9821
5058.2466 4.9853
5059.4102 4.9832
5060.5771 4.9753
5061.7412 4.9629
5062.9082 4.9499
5064.0732 4.9377
5065.2407 4.9295
5066.4062 4.9261
5067.5718 4.9243
5068.7402 4.9213
5069.9062 4.9196
5071.0752 4.9166
5072.2417 4.9102
5073.4116 4.9024
5074.5786 4.8964
5075.7461 4.8938
5076.9165 4.8931
5078.0845 4.8925
5079.2554 4.8913
5080.4238 4.8926
5081.5957 4.8989
5082.7646 4.9093
5083.9336 4.9196
5085.1060 4.9256
5086.2759 4.9294
5087.4487 4.9325
5088.6191 4.9341
5089.7925 4.9324
5090.9634 4.9271
5092.1348 4.9159
5093.3091 4.9026
5094.4805 4.8912
5095.6553 4.8829
5096.8276 4.8778
5098.0029 4.8793
5099.1758 4.8858
5100.3516 4.8929
5101.5249 4.8989
5102.6987 4.9025
5103.8750 4.9028
5105.0493 4.9001
5106.2266 4.8957
5107.4014 4.8914
5108.5791 4.8911
5109.7544 4.8959
5110.9297 4.9038
5112.1084 4.9106
5113.2842 4.9146
5114.4634 4.9135
5115.6401 4.9067
5116.8198 4.8956
5117.9966 4.8832
5119.1743 4.8729
5120.3545 4.8632
5121.5327 4.8509
5122.7134 4.8393
5123.8921 4.8317
5125.0737 4.8285
5126.2524 4.8282
5127.4321 4.8287
5128.6143 4.8284
5129.7939 4.8269
5130.9771 4.8243
5132.1572 4.8203
5133.3408 4.8131
5134.5220 4.8044
5135.7031 4.7957
5136.8872 4.7904
5138.0688 4.7908
5139.2539 4.7962
5140.4360 4.8026
5141.6216 4.8091
5142.8042 4.8138
5143.9873 4.8166
5145.1738 4.8179
5146.3574 4.8176
5147.5439 4.8149
5148.7280 4.8113
5149.9155 4.8089
5151.1001 4.8092
5152.2852 4.8105
5153.4731 4.8105
5154.6587 4.8130
5155.8477 4.8174
5157.0337 4.8182
5158.2227 4.8132
5159.4097 4.8013
5160.5962 4.7794
5161.7861 4.7436
5162.9736 4.7006
5164.1646 4.6605
5165.3525 4.6271
5166.5435 4.6041
5167.7319 4.5996
5168.9209 4.6203
5170.1128 4.6597
5171.3022 4.7041
5172.4946 4.7434
5173.6846 4.7747
5174.8779 4.7970
5176.0684 4.8015
5177.2588 4.7856
5178.4526 4.7564
5179.6440 4.7253
5180.8384 4.7000
5182.0303 4.6832
5183.2251 4.6750
5184.4175 4.6752
5185.6104 4.6810
5186.8062 4.6855
5187.9995 4.6863
5189.1958 4.6861
5190.3896 4.6871
5191.5864 4.6875
5192.7808 4.6900
5193.9780 4.6961
5195.1729 4.7041
5196.3682 4.7104
5197.5664 4.7126
5198.7622 4.7126
5199.9609 4.7108
5201.1572 4.7041
5202.3564 4.6942
5203.5532 4.6861
5204.7505 4.6827
5205.9507 4.6863
5207.1484 4.6990
5208.3491 4.7134
5209.5474 4.7223
5210.7485 4.7242
5211.9473 4.7243
5213.1460 4.7240
5214.3481 4.7251
5215.5479 4.7291
5216.7505 4.7362
5217.9507 4.7422
5219.1538 4.7372
5220.3545 4.7162
5221.5557 4.6867
5222.7598 4.6599
5223.9609 4.6413
5225.1655 4.6297
5226.3677 4.6225
5227.5728 4.6200
5228.7754 4.6236
5229.9785 4.6285
5231.1846 4.6309
5232.3877 4.6325
5233.5942 4.6390
5234.7983 4.6526
5236.0054 4.6678
5237.2100 4.6834
5238.4150 4.6968
5239.6230 4.7043
5240.8281 4.7068
5242.0366 4.7061
5243.2427 4.7025
5244.4517 4.6988
5245.6582 4.6956
5246.8652 4.6911
5248.0747 4.6853
5249.2822 4.6785
5250.4927 4.6739
5251.7007 4.6744
5252.9116 4.6772
5254.1201 4.6752
5255.3286 4.6647
5256.5405 4.6485
5257.7500 4.6307
5258.9624 4.6101
5260.1724 4.5859
5261.3853 4.5601
5262.5957 4.5382
5263.8062 4.5230
5265.0200 4.5164
5266.2310 4.5200
5267.4458 4.5280
5268.6572 4.5316
5269.8721 4.5328
5271.0845 4.5406
5272.2974 4.5546
5273.5132 4.5644
5274.7261 4.5679
5275.9424 4.5715
5277.1562 4.5769
5278.3730 4.5809
5279.5874 4.5842
5280.8047 4.5882
5282.0195 4.5945
5283.2349 4.6046
5284.4531 4.6182
5285.6689 4.6340
5286.8877 4.6460
5288.1040 4.6492
5289.3232 4.6449
5290.5400 4.6383
5291.7573 4.6304
5292.9775 4.6225
5294.1953 4.6148
5295.4160 4.6069
5296.6343 4.6006
5297.8555 4.5973
5299.0742 4.5940
5300.2935 4.5921
5301.5156 4.5778
5302.7354 4.5642
5303.9580 4.5683
5305.1782 4.5881
5306.4014 4.5959
5307.6221 4.5976
5308.8433 4.5912
5310.0674 4.5747
5311.2891 4.5546
5312.5137 4.5409
5313.7358 4.5357
5314.9614 4.5379
5316.1841 4.5412
5317.4072 4.5454
5318.6333 4.5500
5319.8569 4.5492
5321.0835 4.5359
5322.3076 4.5154
5323.5347 4.4963
5324.7598 4.4852
5325.9844 4.4853
5327.2129 4.4948
5328.4380 4.5056
5329.6670 4.5143
5330.8931 4.5214
5332.1221 4.5210
5333.3491 4.5119
5334.5757 4.5012
5335.8062 4.4969
5337.0337 4.4985
5338.2642 4.5020
5339.4922 4.5088
5340.7236 4.5168
5341.9521 4.5214
5343.1812 4.5258
5344.4131 4.5279
5345.6426 4.5266
5346.8755 4.5261
5348.1055 4.5292
5349.3389 4.5342
5350.5693 4.5378
5351.8003 4.5407
5353.0342 4.5425
5354.2656 4.5405
5355.5005 4.5335
5356.7324 4.5221
5357.9678 4.5076
5359.2002 4.4931
5360.4331 4.4793
5361.6694 4.4676
5362.9028 4.4582
5364.1392 4.4499
5365.3735 4.4439
5366.6108 4.4450
5367.8452 4.4499
5369.0801 4.4586
5370.3184 4.4701
5371.5537 4.4811
5372.7925 4.4893
5374.0283 4.4929
5375.2676 4.4874
5376.5039 4.4748
5377.7441 4.4623
5378.9810 4.4565
5380.2183 4.4552
5381.4590 4.4569
5382.6973 4.4621
5383.9385 4.4690
5385.1768 4.4744
5386.4189 4.4752
5387.6577 4.4700
5388.8975 4.4612
5390.1401 4.4507
5391.3799 4.4430
5392.6230 4.4389
5393.8638 4.4355
5395.1074 4.4312
5396.3486 4.4245
5397.5903 4.4153
5398.8350 4.4058
5400.0767 4.3987
5401.3223 4.3947
5402.5645 4.3903
5403.8105 4.3851
5405.0537 4.3864
5406.2969 4.3904
5407.5439 4.3928
5408.7876 4.3945
5410.0352 4.3968
5411.2798 4.3977
5412.5273 4.3997
5413.7725 4.4016
5415.0181 4.4014
5416.2666 4.3993
5417.5127 4.3964
5418.7617 4.3938
5420.0083 4.3896
5421.2583 4.3830
5422.5054 4.3754
5423.7529 4.3700
5425.0034 4.3700
5426.2515 4.3722
5427.5029 4.3728
5428.7515 4.3722
5430.0034 4.3725
5431.2524 4.3756
5432.5020 4.3821
5433.7549 4.3873
5435.0049 4.3913
5436.2578 4.3974
5437.5088 4.4024
5438.7627 4.3993
5440.0137 4.3897
5441.2651 4.3789
5442.5200 4.3693
5443.7720 4.3648
5445.0273 4.3651
5446.2798 4.3670
5447.5356 4.3710
5448.7891 4.3732
5450.0425 4.3713
5451.2993 4.3671
5452.5532 4.3627
5453.8105 4.3586
5455.0654 4.3561
5456.3232 4.3578
5457.5786 4.3603
5458.8340 4.3596
5460.0928 4.3561
5461.3486 4.3528
5462.6084 4.3492
5463.8647 4.3479
5465.1250 4.3516
5466.3823 4.3546
5467.6396 4.3524
5468.9004 4.3448
5470.1587 4.3343
5471.4199 4.3231
5472.6787 4.3130
5473.9404 4.3051
5475.1997 4.3009
5476.4624 4.3022
5477.7222 4.3094
5478.9824 4.3218
5480.2461 4.3290
5481.5068 4.3299
5482.7705 4.3286
5484.0322 4.3280
5485.2964 4.3255
5486.5586 4.3208
5487.8208 4.3183
5489.0859 4.3182
5490.3491 4.3175
5491.6147 4.3142
5492.8784 4.3109
5494.1450 4.3092
5495.4087 4.3045
5496.6729 4.2977
5497.9404 4.2927
5499.2056 4.2911
5500.4736 4.2886
5501.7388 4.2849
5503.0073 4.2833
5504.2734 4.2833
5505.5396 4.2832
5506.8096 4.2827
5508.0762 4.2831
5509.3462 4.2852
5510.6138 4.2890
5511.8843 4.2915
5513.1523 4.2933
5514.4209 4.2970
5515.6924 4.2991
5516.9614 4.2970
5518.2334 4.2933
5519.5029 4.2858
5520.7759 4.2726
5522.0459 4.2567
5523.3159 4.2453
5524.5898 4.2384
5525.8608 4.2335
5527.1348 4.2314
5528.4062 4.2337
5529.6812 4.2406
5530.9536 4.2493
5532.2256 4.2535
5533.5015 4.2551
5534.7744 4.2571
5536.0508 4.2602
5537.3242 4.2631
5538.6011 4.2635
5539.8755 4.2602
5541.1499 4.2563
5542.4277 4.2535
5543.7026 4.2526
5544.9810 4.2532
5546.2568 4.2528
5547.5356 4.2528
5548.8115 4.2527
5550.0884 4.2518
5551.3682 4.2486
5552.6450 4.2430
5553.9258 4.2389
5555.2031 4.2393
5556.4844 4.2404
5557.7627 4.2382
5559.0410 4.2337
5560.3232 4.2302
5561.6021 4.2267
5562.8848 4.2223
5564.1646 4.2175
5565.4473 4.2115
5566.7280 4.2055
5568.0083 4.2022
5569.2925 4.1997
5570.5737 4.1984
5571.8579 4.2019
5573.1401 4.2065
5574.4253 4.2097
5575.7075 4.2124
5576.9932 4.2137
5578.2764 4.2123
5579.5596 4.2075
5580.8462 4.1972
5582.1299 4.1839
5583.4170 4.1732
5584.7017 4.1663
5585.9893 4.1600
5587.2744 4.1561
5588.5601 4.1568
5589.8486 4.1610
5591.1348 4.1645
5592.4238 4.1637
5593.7104 4.1592
5595.0005 4.1553
5596.2876 4.1537
5597.5747 4.1534
5598.8657 4.1539
5600.1538 4.1583
5601.4448 4.1654
5602.7334 4.1711
5604.0254 4.1764
5605.3149 4.1819
5606.6045 4.1842
5607.8970 4.1780
5609.1870 4.1678
5610.4805 4.1600
5611.7715 4.1547
5613.0654 4.1502
5614.3569 4.1465
5615.6484 4.1454
5616.9434 4.1453
5618.2354 4.1458
5619.5308 4.1471
5620.8237 4.1476
5622.1201 4.1465
5623.4131 4.1461
5624.7070 4.1471
5626.0039 4.1465
5627.2983 4.1472
5628.5957 4.1486
5629.8906 4.1467
5631.1890 4.1424
5632.4844 4.1365
5633.7803 4.1312
5635.0791 4.1275
5636.3755 4.1250
5637.6753 4.1230
5638.9722 4.1224
5640.2725 4.1237
5641.5703 4.1247
5642.8682 4.1250
5644.1694 4.1255
5645.4678 4.1260
5646.7695 4.1237
5648.0684 4.1205
5649.3711 4.1136
5650.6704 4.1036
5651.9707 4.0936
5653.2739 4.0861
5654.5742 4.0794
5655.8784 4.0744
5657.1797 4.0718
5658.4839 4.0707
5659.7856 4.0717
5661.0879 4.0758
5662.3931 4.0796
5663.6958 4.0824
5665.0020 4.0840
5666.3052 4.0843
5667.6118 4.0849
5668.9155 4.0874
5670.2197 4.0893
5671.5273 4.0886
5672.8320 4.0885
5674.1401 4.0869
5675.4453 4.0813
5676.7539 4.0734
5678.0601 4.0663
5679.3696 4.0599
5680.6758 4.0531
5681.9829 4.0475
5683.2930 4.0448
5684.6006 4.0447
5685.9111 4.0452
5687.2192 4.0463
5688.5308 4.0486
5689.8394 4.0514
5691.1484 4.0540
5692.4609 4.0553
5693.7705 4.0542
5695.0835 4.0525
5696.3936 4.0487
5697.7070 4.0442
5699.0176 4.0407
5700.3286 4.0375
5701.6431 4.0307
5702.9551 4.0210
5704.2700 4.0131
5705.5825 4.0088
5706.8979 4.0082
5708.2109 4.0100
5709.5239 4.0119
5710.8408 4.0134
5712.1543 4.0161
5713.4717 4.0184
5714.7861 4.0188
5716.1040 4.0175
5717.4189 4.0158
5718.7339 4.0160
5720.0527 4.0164
5721.3687 4.0156
5722.6880 4.0132
5724.0044 4.0108
5725.3242 4.0096
5726.6416 4.0076
5727.9590 4.0057
5729.2798 4.0037
5730.5977 4.0014
5731.9194 3.9990
5733.2378 3.9989
5734.5601 3.9982
5735.8794 3.9961
5737.1987 3.9925
5738.5215 3.9888
5739.8418 3.9867
5741.1655 3.9849
5742.4863 3.9806
5743.8105 3.9768
5745.1318 3.9734
5746.4536 3.9697
5747.7783 3.9667
5749.1006 3.9642
5750.4268 3.9625
5751.7495 3.9615
5753.0757 3.9607
5754.3994 3.9602
5755.7231 3.9599
5757.0503 3.9587
5758.3745 3.9546
5759.7026 3.9521
5761.0273 3.9488
5762.3560 3.9447
5763.6816 3.9441
5765.0078 3.9469
5766.3369 3.9476
5767.6636 3.9464
5768.9937 3.9457
5770.3208 3.9452
5771.6514 3.9426
5772.9790 3.9382
5774.3071 3.9353
5775.6387 3.9324
5776.9673 3.9288
5778.2993 3.9260
5779.6289 3.9254
5780.9614 3.9250
5782.2915 3.9242
5783.6250 3.9220
5784.9556 3.9184
5786.2861 3.9148
5787.6206 3.9133
5788.9521 3.9134
5790.2871 3.9139
5791.6191 3.9137
5792.9546 3.9122
5794.2871 3.9110
5795.6201 3.9125
5796.9565 3.9142
5798.2900 3.9119
5799.6274 3.9100
5800.9614 3.9078
5802.2993 3.9043
5803.6338 3.9021
5804.9692 3.9034
5806.3076 3.9033
5807.6436 3.9031
5808.9824 3.9042
5810.3188 3.9050
5811.6587 3.9024
5812.9956 3.8981
5814.3330 3.8950
5815.6738 3.8976
5817.0117 3.8969
5818.3530 3.8911
5819.6914 3.8882
5821.0337 3.8891
5822.3726 3.8892
5823.7119 3.8888
5825.0552 3.8880
5826.3950 3.8870
5827.7388 3.8865
5829.0791 3.8864
5830.4233 3.8851
5831.7646 3.8835
5833.1064 3.8824
5834.4517 3.8811
5835.7935 3.8788
5837.1396 3.8780
5838.4824 3.8770
5839.8286 3.8741
5841.1719 3.8705
5842.5156 3.8680
5843.8633 3.8672
5845.2075 3.8654
5846.5552 3.8609
5847.9004 3.8551
5849.2490 3.8497
5850.5942 3.8445
5851.9404 3.8390
5853.2896 3.8356
5854.6362 3.8338
5855.9863 3.8327
5857.3335 3.8330
5858.6841 3.8354
5860.0322 3.8386
5861.3799 3.8405
5862.7319 3.8412
5864.0806 3.8429
5865.4326 3.8444
5866.7822 3.8441
5868.1348 3.8417
5869.4849 3.8378
5870.8350 3.8372
5872.1890 3.8358
5873.5400 3.8338
5874.8940 3.8331
5876.2456 3.8326
5877.6006 3.8287
5878.9531 3.8241
5880.3052 3.8200
5881.6611 3.8114
5883.0146 3.7962
5884.3711 3.7780
5885.7246 3.7596
5887.0820 3.7464
5888.4365 3.7419
5889.7939 3.7410
5891.1489 3.7416
5892.5044 3.7469
5893.8633 3.7551
5895.2192 3.7637
5896.5786 3.7711
5897.9351 3.7793
5899.2949 3.7886
5900.6523 3.7963
5902.0098 3.7998
5903.3706 3.8002
5904.7285 3.7980
5906.0903 3.7941
5907.4487 3.7899
5908.8110 3.7867
5910.1704 3.7843
5911.5303 3.7832
5912.8931 3.7844
5914.2534 3.7834
5915.6172 3.7794
5916.9780 3.7776
5918.3428 3.7803
5919.7041 3.7797
5921.0659 3.7746
5922.4312 3.7711
5923.7939 3.7704
5925.1597 3.7686
5926.5229 3.7673
5927.8896 3.7645
5929.2534 3.7620
5930.6172 3.7616
5931.9849 3.7626
5933.3496 3.7631
5934.7178 3.7641
5936.0830 3.7636
5937.4517 3.7602
5938.8179 3.7563
5940.1841 3.7541
5941.5537 3.7527
5942.9204 3.7489
5944.2910 3.7458
5945.6587 3.7451
5947.0298 3.7443
5948.3975 3.7430
5949.7661 3.7436
5951.1382 3.7432
5952.5073 3.7417
5953.8799 3.7377
5955.2495 3.7341
5956.6226 3.7339
5957.9932 3.7362
5959.3638 3.7371
5960.7378 3.7363
5962.1094 3.7357
5963.4839 3.7343
5964.8560 3.7319
5966.2314 3.7299
5967.6040 3.7301
5968.9766 3.7305
5970.3530 3.7283
5971.7266 3.7229
5973.1035 3.7174
5974.4780 3.7157
5975.8555 3.7150
5977.2305 3.7111
5978.6055 3.7075
5979.9839 3.7054
5981.3599 3.7039
5982.7388 3.7020
5984.1152 3.7017
5985.4951 3.7013
5986.8721 3.7016
5988.2495 3.7025
5989.6304 3.7030
5991.0083 3.7024
5992.3896 3.7024
5993.7681 3.7011
5995.1504 3.7005
5996.5298 3.6977
5997.9126 3.6925
5999.2920 3.6884
6000.6724 3.6866
6002.0562 3.6847
6003.4370 3.6842
6004.8213 3.6822
6006.2026 3.6784
6007.5874 3.6765
6008.9697 3.6765
6010.3521 3.6783
6011.7378 3.6758
6013.1211 3.6712
6014.5078 3.6686
6015.8911 3.6685
6017.2783 3.6669
6018.6626 3.6639
6020.0474 3.6613
6021.4355 3.6604
6022.8208 3.6618
6024.2095 3.6647
6025.5957 3.6665
6026.9849 3.6680
6028.3716 3.6672
6029.7583 3.6660
6031.1489 3.6658
6032.5361 3.6656
6033.9272 3.6636
6035.3154 3.6630
6036.7070 3.6615
6038.0957 3.6589
6039.4849 3.6548
6040.8774 3.6490
6042.2671 3.6465
6043.6606 3.6473
6045.0508 3.6472
6046.4448 3.6449
6047.8359 3.6420
6049.2271 3.6409
6050.6221 3.6402
6052.0142 3.6384
6053.4097 3.6373
6054.8022 3.6375
6056.1982 3.6372
6057.5918 3.6350
6058.9854 3.6334
6060.3823 3.6321
6061.7764 3.6298
6063.1743 3.6267
6064.5693 3.6253
6065.9678 3.6278
6067.3633 3.6309
6068.7588 3.6318
6070.1582 3.6305
6071.5547 3.6293
6072.9551 3.6281
6074.3521 3.6247
6075.7529 3.6196
6077.1504 3.6189
6078.5483 3.6195
6079.9502 3.6194
6081.3491 3.6192
6082.7515 3.6194
6084.1504 3.6164
6085.5537 3.6147
6086.9536 3.6142
6088.3540 3.6123
6089.7578 3.6111
6091.1587 3.6134
6092.5635 3.6120
6093.9648 3.6086
6095.3701 3.6038
6096.7725 3.6002
6098.1782 3.5994
6099.5811 3.5994
6100.9844 3.5976
6102.3911 3.5955
6103.7949 3.5954
6105.2026 3.5985
6106.6069 3.6023
6108.0151 3.6022
6109.4204 3.5976
6110.8257 3.5975
6112.2349 3.5970
6113.6411 3.5934
6115.0508 3.5884
6116.4575 3.5855
6117.8682 3.5833
6119.2754 3.5783
6120.6831 3.5752
6122.0947 3.5741
6123.5029 3.5745
6124.9150 3.5774
6126.3242 3.5786
6127.7368 3.5764
6129.1465 3.5708
6130.5566 3.5683
6131.9702 3.5667
6133.3809 3.5573
6134.7954 3.5474
6136.2065 3.5442
6137.6216 3.5431
6139.0337 3.5420
6140.4458 3.5407
6141.8618 3.5390
6143.2749 3.5377
6144.6914 3.5370
6146.1050 3.5375
6147.5220 3.5379
6148.9365 3.5361
6150.3511 3.5315
6151.7690 3.5273
6153.1846 3.5227
6154.6035 3.5156
6156.0190 3.5128
6157.4390 3.5159
6158.8555 3.5179
6160.2720 3.5189
6161.6929 3.5194
6163.1104 3.5178
6164.5312 3.5192
6165.9497 3.5234
6167.3711 3.5236
6168.7900 3.5200
6170.2095 3.5181
6171.6323 3.5203
6173.0518 3.5232
6174.4756 3.5237
6175.8960 3.5229
6177.3198 3.5232
6178.7412 3.5247
6180.1626 3.5252
6181.5874 3.5250
6183.0098 3.5227
6184.4355 3.5157
6185.8579 3.5080
6187.2847 3.5044
6188.7080 3.5039
6190.1318 3.5048
6191.5591 3.5056
6192.9834 3.5062
6194.4116 3.5079
6195.8364 3.5077
6197.2651 3.5048
6198.6909 3.5019
6200.1172 3.5000
6201.5469 3.4981
6202.9731 3.4977
6204.4038 3.4967
6205.8311 3.4963
6207.2622 3.4948
6208.6899 3.4908
6210.1216 3.4856
6211.5503 3.4823
6212.9795 3.4815
6214.4121 3.4783
6215.8418 3.4748
6217.2749 3.4724
6218.7056 3.4695
6220.1392 3.4682
6221.5703 3.4637
6223.0015 3.4589
6224.4365 3.4549
6225.8687 3.4519
6227.3042 3.4497
6228.7368 3.4464
6230.1729 3.4402
6231.6064 3.4349
6233.0400 3.4324
6234.4771 3.4322
6235.9116 3.4329
6237.3496 3.4328
6238.7842 3.4312
6240.2231 3.4286
6241.6587 3.4253
6243.0942 3.4220
6244.5342 3.4197
6245.9707 3.4204
6247.4111 3.4241
6248.8481 3.4290
6250.2891 3.4312
6251.7271 3.4300
6253.1650 3.4289
6254.6069 3.4305
6256.0459 3.4331
6257.4888 3.4339
6258.9282 3.4336
6260.3716 3.4329
6261.8115 3.4312
6263.2520 3.4284
6264.6963 3.4252
6266.1377 3.4243
6267.5825 3.4232
6269.0244 3.4211
6270.4702 3.4200
6271.9126 3.4130
6273.3555 3.3854
6274.8022 3.3538
6276.2456 3.3463
6277.6929 3.3612
6279.1372 3.3711
6280.5850 3.3795
6282.0298 3.3915
6283.4751 3.3986
6284.9238 3.3957
6286.3696 3.3885
6287.8193 3.3859
6289.2661 3.3826
6290.7163 3.3783
6292.1636 3.3735
6293.6108 3.3721
6295.0620 3.3719
6296.5103 3.3679
6297.9624 3.3676
6299.4111 3.3652
6300.8638 3.3704
6302.3135 3.3743
6303.7632 3.3736
6305.2168 3.3774
6306.6675 3.3791
6308.1216 3.3769
6309.5728 3.3738
6311.0278 3.3701
6312.4795 3.3684
6313.9316 3.3714
6315.3877 3.3692
6316.8403 3.3680
6318.2974 3.3686
6319.7510 3.3675
6321.2080 3.3663
6322.6621 3.3695
6324.1201 3.3697
6325.5752 3.3671
6327.0303 3.3678
6328.4893 3.3676
6329.9453 3.3637
6331.4048 3.3605
6332.8613 3.3589
6334.3218 3.3579
6335.7788 3.3559
6337.2363 3.3538
6338.6978 3.3512
6340.1558 3.3464
6341.6182 3.3431
6343.0767 3.3400
6344.5396 3.3370
6345.9990 3.3376
6347.4590 3.3423
6348.9229 3.3468
6350.3833 3.3491
6351.8477 3.3501
6353.3091 3.3515
6354.7739 3.3503
6356.2358 3.3457
6357.6982 3.3429
6359.1641 3.3439
6360.6270 3.3420
6362.0938 3.3385
6363.5576 3.3355
6365.0249 3.3331
6366.4893 3.3297
6367.9536 3.3265
6369.4224 3.3234
6370.8877 3.3231
6372.3564 3.3260
6373.8228 3.3300
6375.2925 3.3323
6376.7588 3.3332
6378.2261 3.3324
6379.6968 3.3328
6381.1646 3.3319
6382.6357 3.3285
6384.1040 3.3257
6385.5762 3.3241
6387.0454 3.3219
6388.5146 3.3215
6389.9878 3.3207
6391.4580 3.3177
6392.9316 3.3135
6394.4023 3.3108
6395.8770 3.3123
6397.3481 3.3148
6398.8198 3.3151
6400.2954 3.3133
6401.7681 3.3113
6403.2441 3.3085
6404.7173 3.3071
6406.1943 3.3059
6407.6680 3.3036
6409.1421 3.3008
6410.6196 3.2996
6412.0947 3.2992
6413.5732 3.2967
6415.0488 3.2925
6416.5278 3.2919
6418.0039 3.2963
6419.4805 3.3008
6420.9609 3.3032
6422.4380 3.3016
6423.9189 3.3004
6425.3970 3.2980
6426.8784 3.2938
6428.3569 3.2912
6429.8359 3.2907
6431.3184 3.2896
6432.7979 3.2859
6434.2812 3.2834
6435.7617 3.2835
6437.2456 3.2831
6438.7266 3.2827
6440.2114 3.2827
6441.6929 3.2825
6443.1748 3.2831
6444.6606 3.2841
6446.1431 3.2819
6447.6294 3.2738
6449.1128 3.2661
6450.6001 3.2595
6452.0840 3.2545
6453.5684 3.2509
6455.0566 3.2483
6456.5415 3.2476
6458.0303 3.2529
6459.5161 3.2590
6461.0054 3.2621
6462.4917 3.2624
6463.9785 3.2627
6465.4692 3.2643
6466.9565 3.2672
6468.4478 3.2658
6469.9360 3.2617
6471.4277 3.2575
6472.9165 3.2540
6474.4058 3.2548
6475.8984 3.2544
6477.3882 3.2549
6478.8818 3.2543
6480.3726 3.2520
6481.8667 3.2503
6483.3579 3.2479
6484.8496 3.2449
6486.3447 3.2402
6487.8369 3.2310
6489.3330 3.2194
6490.8262 3.2128
6492.3228 3.2118
6493.8164 3.2137
6495.3101 3.2174
6496.8081 3.2230
6498.3027 3.2290
6499.8013 3.2337
6501.2964 3.2360
6502.7954 3.2354
6504.2915 3.2331
6505.7876 3.2309
6507.2881 3.2285
6508.7852 3.2241
6510.2861 3.2202
6511.7837 3.2142
6513.2852 3.2081
6514.7837 3.2058
6516.2822 3.2070
6517.7852 3.2080
6519.2842 3.2100
6520.7876 3.2078
6522.2876 3.2045
6523.7920 3.2024
6525.2925 3.2008
6526.7939 3.1974
6528.2988 3.1916
6529.8008 3.1842
6531.3062 3.1805
6532.8091 3.1776
6534.3154 3.1727
6535.8184 3.1680
6537.3223 3.1626
6538.8296 3.1531
6540.3340 3.1405
6541.8423 3.1292
6543.3472 3.1198
6544.8560 3.1090
6546.3613 3.0955
6547.8677 3.0791
6549.3774 3.0593
6550.8843 3.0365
6552.3945 3.0069
6553.9019 2.9635
6555.4136 2.9109
6556.9214 2.8630
6558.4336 2.8287
6559.9424 2.8154
6561.4512 2.8283
6562.9644 2.8658
6564.4741 2.9131
6565.9878 2.9621
6567.4985 3.0021
6569.0127 3.0289
6570.5239 3.0467
6572.0356 3.0630
6573.5513 3.0783
6575.0635 3.0929
6576.5796 3.1030
6578.0923 3.1096
6579.6094 3.1152
6581.1230 3.1199
6582.6372 3.1218
6584.1548 3.1244
6585.6694 3.1267
6587.1885 3.1276
6588.7036 3.1288
6590.2231 3.1321
6591.7393 3.1342
6593.2554 3.1356
6594.7759 3.1365
6596.2930 3.1388
6597.8140 3.1415
6599.3320 3.1405
6600.8535 3.1383
6602.3721 3.1385
6603.8911 3.1390
6605.4141 3.1386
6606.9336 3.1382
6608.4570 3.1386
6609.9771 3.1377
6611.5015 3.1348
6613.0225 3.1323
6614.5439 3.1330
6616.0693 3.1356
6617.5913 3.1356
6619.1172 3.1332
6620.6396 3.1319
6622.1665 3.1274
6623.6899 3.1222
6625.2139 3.1206
6626.7417 3.1223
6628.2661 3.1220
6629.7944 3.1211
6631.3198 3.1201
6632.8486 3.1191
6634.3745 3.1185
6635.9009 3.1188
6637.4312 3.1191
6638.9580 3.1172
6640.4888 3.1145
6642.0166 3.1128
6643.5483 3.1118
6645.0767 3.1104
6646.6055 3.1098
6648.1382 3.1083
6649.6675 3.1065
6651.2007 3.1037
6652.7310 3.1005
6654.2651 3.0988
6655.7959 3.0962
6657.3271 3.0938
6658.8623 3.0931
6660.3940 3.0928
6661.9297 3.0917
6663.4624 3.0909
6664.9990 3.0905
6666.5322 3.0887
6668.0659 3.0847
6669.6035 3.0808
6671.1377 3.0783
6672.6763 3.0758
6674.2114 3.0745
6675.7505 3.0734
6677.2861 3.0718
6678.8257 3.0712
6680.3623 3.0718
6681.8989 3.0717
6683.4399 3.0727
6684.9775 3.0712
6686.5190 3.0700
6688.0571 3.0689
6689.5996 3.0670
6691.1382 3.0648
6692.6777 3.0632
6694.2212 3.0620
6695.7607 3.0611
6697.3052 3.0588
6698.8457 3.0561
6700.3906 3.0552
6701.9316 3.0539
6703.4736 3.0516
6705.0195 3.0493
6706.5620 3.0481
6708.1084 3.0475
6709.6519 3.0459
6711.1987 3.0433
6712.7427 3.0407
6714.2871 3.0386
6715.8354 3.0377
6717.3804 3.0365
6718.9292 3.0326
6720.4751 3.0313
6722.0249 3.0345
6723.5713 3.0283
6725.1177 3.0219
6726.6685 3.0255
6728.2163 3.0313
6729.7676 3.0281
6731.3159 3.0252
6732.8682 3.0235
6734.4170 3.0223
6735.9663 3.0214
6737.5195 3.0201
6739.0693 3.0182
6740.6235 3.0147
6742.1743 3.0122
6743.7290 3.0116
6745.2803 3.0113
6746.8320 3.0102
6748.3877 3.0106
6749.9404 3.0094
6751.4966 3.0078
6753.0498 3.0059
6754.6069 3.0047
6756.1611 3.0057
6757.7153 3.0068
6759.2734 3.0069
6760.8286 3.0065
6762.3877 3.0052
6763.9434 3.0037
6765.5029 3.0042
6767.0596 3.0049
6768.6162 3.0037
6770.1772 3.0034
6771.7344 3.0043
6773.2959 3.0048
6774.8540 3.0041
6776.4165 3.0025
6777.9756 3.0026
6779.5347 2.9964
6781.0981 2.9884
6782.6582 2.9868
6784.2222 2.9913
6785.7827 2.9925
6787.3477 2.9922
6788.9092 2.9914
6790.4707 2.9896
6792.0366 2.9864
6793.5991 2.9830
6795.1655 2.9822
6796.7290 2.9821
6798.2964 2.9829
6799.8604 2.9829
6801.4282 2.9809
6802.9927 2.9781
6804.5581 2.9761
6806.1270 2.9741
6807.6929 2.9733
6809.2627 2.9739
6810.8291 2.9744
6812.3994 2.9732
6813.9668 2.9728
6815.5342 2.9714
6817.1060 2.9695
6818.6743 2.9681
6820.2466 2.9674
6821.8154 2.9662
6823.3887 2.9650
6824.9585 2.9631
6826.5283 2.9616
6828.1025 2.9598
6829.6733 2.9577
6831.2485 2.9564
6832.8198 2.9560
6834.3955 2.9551
6835.9678 2.9536
6837.5405 2.9518
6839.1172 2.9502
6840.6904 2.9490
6842.2681 2.9478
6843.8418 2.9467
6845.4199 2.9455
6846.9946 2.9444
6848.5698 2.9433
6850.1494 2.9422
6851.7251 2.9411
6853.3052 2.9399
6854.8818 2.9387
6856.4624 2.9376
6858.0396 2.9365
6859.6177 2.9354
6861.1992 2.9343
6862.7778 2.9332
6864.3604 2.9320
6865.9395 2.9307
6867.5225 2.9294
6869.1025 2.9284
6870.6826 2.9273
6872.2671 2.9262
6873.8481 2.9252
6875.4331 2.9241
6877.0146 2.9228
6878.6006 2.9214
6880.1831 2.9202
6881.7656 2.9191
6883.3525 2.9180
6884.9360 2.9170
6886.5239 2.9160
6888.1079 2.9149
6889.6963 2.9139
6891.2812 2.9129
6892.8667 2.9119
6894.4561 2.9109
6896.0425 2.9098
6897.6323 2.9087
6899.2192 2.9077
6900.8105 2.9068
6902.3979 2.9062
6903.9858 2.9055
6905.5776 2.9044
6907.1665 2.9031
6908.7593 2.9019
6910.3486 2.9009
6911.9419 2.8998
6913.5322 2.8988
6915.1226 2.8977
6916.7173 2.8966
6918.3081 2.8956
6919.9038 2.8945
6921.4956 2.8934
6923.0918 2.8922
6924.6846 2.8909
6926.2812 2.8896
6927.8745 2.8885
6929.4683 2.8874
6931.0664 2.8863
6932.6606 2.8852
6934.2593 2.8839
6935.8545 2.8824
6937.4541 2.8810
6939.0498 2.8797
6940.6460 2.8787
6942.2466 2.8776
6943.8438 2.8766
6945.4448 2.8755
6947.0430 2.8743
6948.6445 2.8731
6950.2432 2.8720
6951.8423 2.8707
6953.4453 2.8695
6955.0449 2.8685
6956.6489 2.8672
6958.2490 2.8664
6959.8535 2.8644
6961.4546 2.8626
6963.0562 2.8622
6964.6621 2.8615
6966.2642 2.8592
6967.8706 2.8570
6969.4736 2.8566
6971.0806 2.8563
6972.6841 2.8539
6974.2886 2.8510
6975.8965 2.8502
6977.5015 2.8488
6979.1104 2.8485
6980.7158 2.8486
6982.3257 2.8480
6983.9321 2.8475
6985.5386 2.8465
6987.1494 2.8450
6988.7568 2.8442
6990.3687 2.8434
6991.9766 2.8417
6993.5889 2.8395
6995.1978 2.8381
6996.8071 2.8379
6998.4204 2.8367
7000.0303 2.8348
7001.6445 2.8327
7003.2554 2.8302
7004.8701 2.8291
7006.4819 2.8288
7008.0938 2.8283
7009.7095 2.8281
7011.3223 2.8283
7012.9390 2.8278
7014.5522 2.8258
7016.1699 2.8253
7017.7837 2.8255
7019.3984 2.8245
7021.0171 2.8222
7022.6323 2.8210
7024.2515 2.8212
7025.8677 2.8189
7027.4878 2.8183
7029.1045 2.8188
7030.7212 2.8181
7032.3428 2.8167
7033.9604 2.8164
7035.5825 2.8164
7037.2007 2.8160
7038.8237 2.8140
7040.4429 2.8109
7042.0664 2.8092
7043.6865 2.8086
7045.3066 2.8082
7046.9316 2.8068
7048.5527 2.8053
7050.1782 2.8047
7051.7998 2.8039
7053.4263 2.7993
7055.0488 2.7934
7056.6719 2.7900
7058.2988 2.7887
7059.9229 2.7864
7061.5508 2.7829
7063.1753 2.7856
7064.8037 2.7901
7066.4292 2.7918
7068.0547 2.7895
7069.6846 2.7861
7071.3110 2.7849
7072.9419 2.7828
7074.5688 2.7756
7076.2002 2.7744
7077.8281 2.7788
7079.4561 2.7821
7081.0889 2.7816
7082.7178 2.7789
7084.3511 2.7730
7085.9810 2.7713
7087.6147 2.7724
7089.2451 2.7723
7090.8760 2.7713
7092.5112 2.7702
7094.1431 2.7679
7095.7788 2.7659
7097.4111 2.7653
7099.0479 2.7654
7100.6812 2.7638
7102.3145 2.7622
7103.9521 2.7604
7105.5864 2.7580
7107.2251 2.7556
7108.8599 2.7537
7110.4995 2.7522
7112.1353 2.7504
7113.7715 2.7489
7115.4116 2.7485
7117.0483 2.7490
7118.6899 2.7497
7120.3271 2.7494
7121.9692 2.7490
7123.6079 2.7473
7125.2466 2.7455
7126.8896 2.7443
7128.5293 2.7435
7130.1729 2.7425
7131.8130 2.7413
7133.4580 2.7393
7135.0986 2.7378
7136.7402 2.7367
7138.3857 2.7354
7140.0283 2.7338
7141.6748 2.7325
7143.3174 2.7309
7144.9648 2.7295
7146.6084 2.7284
7148.2524 2.7272
7149.9009 2.7260
7151.5459 2.7247
7153.1948 2.7234
7154.8403 2.7221
7156.4902 2.7208
7158.1367 2.7194
7159.7832 2.7177
7161.4346 2.7159
7163.0820 2.7143
7164.7339 2.7127
7166.3818 2.7111
7168.0347 2.7096
7169.6836 2.7080
7171.3369 2.7065
7172.9863 2.7050
7174.6367 2.7034
7176.2910 2.7019
7177.9419 2.7004
7179.5972 2.6990
7181.2490 2.6974
7182.9048 2.6959
7184.5571 2.6943
7186.2100 2.6932
7187.8672 2.6930
7189.5210 2.6931
7191.1787 2.6930
7192.8330 2.6924
7194.4917 2.6915
7196.1465 2.6905
7197.8022 2.6896
7199.4619 2.6886
7201.1182 2.6876
7202.7788 2.6865
7204.4355 2.6855
7206.0972 2.6844
7207.7549 2.6833
7209.4131 2.6822
7211.0757 2.6809
7212.7344 2.6796
7214.3975 2.6784
7216.0571 2.6773
7217.7212 2.6762
7219.3818 2.6750
7221.0425 2.6737
7222.7075 2.6721
7224.3691 2.6705
7226.0352 2.6692
7227.6973 2.6679
7229.3643 2.6666
7231.0273 2.6652
7232.6909 2.6639
7234.3584 2.6628
7236.0229 2.6617
7237.6914 2.6606
7239.3564 2.6595
7241.0259 2.6582
7242.6919 2.6569
7244.3579 2.6557
7246.0283 2.6545
7247.6953 2.6531
7249.3667 2.6516
7251.0342 2.6502
7252.7065 2.6489
7254.3750 2.6478
7256.0439 2.6467
7257.7168 2.6457
7259.3867 2.6443
7261.0605 2.6429
7262.7310 2.6417
7264.4058 2.6406
7266.0771 2.6394
7267.7485 2.6382
7269.4243 2.6369
7271.0967 2.6366
7272.7734 2.6341
7274.4463 2.6343
7276.1240 2.6130
7277.7979 2.5799
7279.4722 2.5921
7281.1509 2.6204
7282.8257 2.6271
7284.5054 2.6265
7286.1812 2.6260
7287.8613 2.6242
7289.5376 2.6232
7291.2148 2.6217
7292.8960 2.6204
7294.5737 2.6191
7296.2559 2.6177
7297.9341 2.6163
7299.6172 2.6147
7301.2964 2.6131
7302.9800 2.6117
7304.6602 2.6104
7306.3408 2.6088
7308.0254 2.6069
7309.7065 2.6055
7311.3921 2.6042
7313.0742 2.6023
7314.7607 2.5998
7316.4434 2.5979
7318.1265 2.5972
7319.8140 2.5970
7321.4980 2.5967
7323.1860 2.5959
7324.8711 2.5950
7326.5601 2.5940
7328.2456 2.5930
7329.9312 2.5920
7331.6216 2.5910
7333.3081 2.5901
7334.9995 2.5890
7336.6865 2.5879
7338.3784 2.5867
7340.0669 2.5856
7341.7554 2.5846
7343.4482 2.5836
7345.1377 2.5826
7346.8315 2.5816
7348.5215 2.5806
7350.2163 2.5798
7351.9067 2.5789
7353.5981 2.5779
7355.2939 2.5768
7356.9858 2.5756
7358.6826 2.5744
7360.3755 2.5734
7362.0728 2.5726
7363.7661 2.5714
7365.4604 2.5706
7367.1587 2.5697
7368.8535 2.5683
7370.5527 2.5673
7372.2485 2.5670
7373.9487 2.5661
7375.6450 2.5643
7377.3418 2.5621
7379.0430 2.5605
7380.7402 2.5595
7382.4424 2.5582
7384.1406 2.5572
7385.8433 2.5558
7387.5425 2.5544
7389.2422 2.5538
7390.9458 2.5542
7392.6465 2.5538
7394.3511 2.5522
7396.0522 2.5510
7397.7573 2.5499
7399.4595 2.5478
7401.1616 2.5446
7402.8682 2.5427
7404.5713 2.5413
7406.2788 2.5382
7407.9824 2.5364
7409.6909 2.5374
7411.3955 2.5366
7413.1006 2.5360
7414.8101 2.5365
7416.5156 2.5354
7418.2261 2.5332
7419.9326 2.5316
7421.6436 2.5308
7423.3506 2.5323
7425.0586 2.5341
7426.7705 2.5346
7428.4795 2.5344
7430.1924 2.5339
7431.9014 2.5321
7433.6152 2.5298
7435.3257 2.5275
7437.0400 2.5239
7438.7510 2.5207
7440.4624 2.5196
7442.1777 2.5188
7443.8901 2.5197
7445.6064 2.5202
7447.3193 2.5193
7449.0366 2.5182
7450.7505 2.5184
7452.4644 2.5185
7454.1831 2.5154
7455.8979 2.5135
7457.6172 2.5128
7459.3325 2.5120
7461.0527 2.5101
7462.7690 2.5078
7464.4858 2.5069
7466.2070 2.5075
7467.9248 2.5081
7469.6470 2.5082
7471.3652 2.5072
7473.0884 2.5043
7474.8076 2.5018
7476.5269 2.5009
7478.2510 2.5004
7479.9712 2.4990
7481.6963 2.4974
7483.4175 2.4969
7485.1431 2.4956
7486.8652 2.4946
7488.5874 2.4935
7490.3145 2.4919
7492.0371 2.4903
7493.7651 2.4893
7495.4888 2.4878
7497.2173 2.4876
7498.9419 2.4875
7500.6670 2.4863
7502.3970 2.4844
7504.1226 2.4830
7505.8530 2.4815
7507.5801 2.4802
7509.3110 2.4787
7511.0386 2.4773
7512.7666 2.4764
7514.4990 2.4760
7516.2275 2.4760
7517.9609 2.4752
7519.6904 2.4739
7521.4243 2.4728
7523.1548 2.4721
7524.8853 2.4707
7526.6206 2.4690
7528.3521 2.4680
7530.0884 2.4670
7531.8203 2.4660
7533.5571 2.4654
7535.2905 2.4650
7537.0239 2.4642
7538.7617 2.4631
7540.4961 2.4620
7542.2349 2.4609
7543.9702 2.4596
7545.7095 2.4586
7547.4453 2.4578
7549.1816 2.4567
7550.9229 2.4555
7552.6597 2.4543
7554.4014 2.4532
7556.1392 2.4521
7557.8818 2.4508
7559.6201 2.4492
7561.3594 2.4477
7563.1030 2.4463
7564.8428 2.4451
7566.5874 2.4439
7568.3281 2.4427
7570.0732 2.4416
7571.8149 2.4401
7573.5610 2.4388
7575.3032 2.4380
7577.0459 2.4370
7578.7930 2.4356
7580.5366 2.4340
7582.2847 2.4320
7584.0288 2.4309
7585.7778 2.4306
7587.5229 2.4296
7589.2686 2.4285
7591.0186 2.4272
7592.7646 2.4262
7594.5156 2.4255
7596.2627 2.4246
7598.0142 2.4236
7599.7622 2.4226
7601.5107 2.4216
7603.2637 2.4205
7605.0127 2.4192
7606.7661 2.4161
7608.5161 2.4102
7610.2710 2.4104
7612.0215 2.4122
7613.7725 2.4116
7615.5283 2.4100
7617.2803 2.4090
7619.0366 2.4078
7620.7896 2.4066
7622.5469 2.4055
7624.3003 2.4048
7626.0542 2.4040
7627.8130 2.4030
7629.5679 2.4020
7631.3271 2.4010
7633.0825 2.4000
7634.8428 2.3990
7636.5991 2.3979
7638.3560 2.3969
7640.1172 2.3958
7641.8750 2.3947
7643.6372 2.3936
7645.3955 2.3924
7647.1587 2.3913
7648.9180 2.3903
7650.6772 2.3893
7652.4419 2.3883
7654.2021 2.3872
7655.9673 2.3860
7657.7285 2.3849
7659.4941 2.3839
7661.2563 2.3829
7663.0186 2.3818
7664.7856 2.3809
7666.5493 2.3794
7668.3169 2.3779
7670.0811 2.3772
7671.8496 2.3768
7673.6147 2.3758
7675.3799 2.3748
7677.1499 2.3737
7678.9160 2.3727
7680.6870 2.3717
7682.4536 2.3706
7684.2251 2.3695
7685.9932 2.3684
7687.7612 2.3672
7689.5342 2.3662
7691.3027 2.3652
7693.0767 2.3642
7694.8462 2.3631
7696.6206 2.3620
7698.3911 2.3607
7700.1621 2.3593
7701.9380 2.3580
7703.7100 2.3568
7705.4863 2.3557
7707.2588 2.3546
7709.0361 2.3533
7710.8096 2.3520
7712.5879 2.3507
7714.3618 2.3493
7716.1367 2.3474
7717.9160 2.3462
7719.6914 2.3455
7721.4717 2.3448
7723.2480 2.3440
7725.0288 2.3432
7726.8062 2.3425
7728.5835 2.3416
7730.3657 2.3406
7732.1440 2.3397
7733.9272 2.3387
7735.7065 2.3378
7737.4902 2.3371
7739.2700 2.3359
7741.0508 2.3347
7742.8354 2.3335
7744.6167 2.3323
7746.4028 2.3316
7748.1851 2.3312
7749.9717 2.3299
7751.7544 2.3291
7753.5376 2.3288
7755.3257 2.3279
7757.1099 2.3261
7758.8984 2.3248
7760.6836 2.3230
7762.4731 2.3201
7764.2588 2.3151
7766.0449 2.3087
7767.8359 2.3028
7769.6226 2.2985
7771.4146 2.2970
7773.2021 2.2979
7774.9946 2.3008
7776.7832 2.3053
7778.5723 2.3097
7780.3662 2.3114
7782.1558 2.3122
7783.9507 2.3121
7785.7412 2.3108
7787.5366 2.3087
7789.3281 2.3073
7791.1201 2.3067
7792.9165 2.3065
7794.7095 2.3059
7796.5068 2.3043
7798.3003 2.3021
7800.0986 2.3012
7801.8931 2.3016
7803.6880 2.3004
7805.4873 2.2988
7807.2832 2.2980
7809.0835 2.2980
7810.8799 2.2976
7812.6812 2.2970
7814.4785 2.2958
7816.2759 2.2958
7818.0786 2.2959
7819.8770 2.2943
7821.6802 2.2920
7823.4795 2.2906
7825.2837 2.2879
7827.0840 2.2849
7828.8843 2.2835
7830.6899 2.2837
7832.4912 2.2826
7834.2974 2.2794
7836.0996 2.2783
7837.9067 2.2793
7839.7100 2.2796
7841.5132 2.2777
7843.3213 2.2758
7845.1260 2.2766
7846.9351 2.2759
7848.7402 2.2741
7850.5498 2.2734
7852.3560 2.2736
7854.1665 2.2723
7855.9736 2.2707
7857.7808 2.2710
7859.5928 2.2683
7861.4009 2.2634
7863.2139 2.2619
7865.0225 2.2651
7866.8364 2.2619
7868.6460 2.2631
7870.4561 2.2598
7872.2710 2.2545
7874.0820 2.2543
7875.8979 2.2550
7877.7100 2.2544
7879.5264 2.2563
7881.3389 2.2522
7883.1519 2.2470
7884.9697 2.2466
7886.7837 2.2437
7888.6025 2.2374
7890.4175 2.2280
7892.2368 2.2290
7894.0522 2.2380
7895.8687 2.2403
7897.6890 2.2302
7899.5059 2.2351
7901.3276 2.2469
7903.1455 2.2440
7904.9678 2.2336
7906.7861 2.2332
7908.6055 2.2411
7910.4292 2.2398
7912.2485 2.2326
7914.0732 2.2289
7915.8940 2.2275
7917.7192 2.2258
7919.5405 2.2284
7921.3628 2.2284
7923.1895 2.2251
7925.0122 2.2193
7926.8394 2.2197
7928.6631 2.2275
7930.4912 2.2285
7932.3159 2.2274
7934.1406 2.2266
7935.9702 2.2256
7937.7959 2.2244
7939.6265 2.2240
7941.4526 2.2239
7943.2842 2.2203
7945.1113 2.2193
7946.9390 2.2206
7948.7720 2.2215
7950.6006 2.2211
7952.4336 2.2198
7954.2632 2.2115
7956.0977 2.2048
7957.9277 2.1978
7959.7583 2.1989
7961.5938 2.2094
7963.4253 2.2115
7965.2617 2.2084
7967.0942 2.2081
7968.9316 2.2095
7970.7646 2.2117
7972.5981 2.2139
7974.4370 2.2129
7976.2715 2.2106
7978.1108 2.2103
7979.9458 2.2058
7981.7861 2.2029
7983.6226 2.2062
7985.4590 2.2066
7987.3003 2.2041
7989.1377 2.2025
7990.9800 2.2016
7992.8184 2.1975
7994.6616 2.1893
7996.5005 2.1852
7998.3447 2.1916
8000.1846 2.1977
8002.0249 2.1907
8003.8706 2.1848
8005.7114 2.1908
8007.5576 2.1902
8009.3999 2.1802
8011.2471 2.1847
8013.0898 2.1894
8014.9331 2.1882
8016.7812 2.1848
8018.6255 2.1798
8020.4746 2.1799
8022.3198 2.1820
8024.1699 2.1797
8026.0156 2.1788
8027.8623 2.1818
8029.7134 2.1772
8031.5605 2.1738
8033.4126 2.1765
8035.2607 2.1785
8037.1138 2.1759
8038.9624 2.1704
8040.8120 2.1676
8042.6660 2.1722
8044.5161 2.1757
8046.3711 2.1742
8048.2222 2.1705
8050.0781 2.1685
8051.9302 2.1690
8053.7827 2.1691
8055.6396 2.1680
8057.4927 2.1665
8059.3511 2.1657
8061.2051 2.1661
8063.0640 2.1669
8064.9189 2.1642
8066.7739 2.1622
8068.6343 2.1623
8070.4902 2.1618
8072.3516 2.1597
8074.2085 2.1590
8076.0703 2.1576
8077.9282 2.1565
8079.7866 2.1545
8081.6499 2.1529
8083.5088 2.1527
8085.3730 2.1517
8087.2329 2.1495
8089.0981 2.1482
8090.9590 2.1474
8092.8203 2.1466
8094.6865 2.1457
8096.5483 2.1451
8098.4155 2.1442
8100.2788 2.1432
8102.1465 2.1423
8104.0103 2.1415
8105.8745 2.1407
8107.7441 2.1399
8109.6089 2.1399
8111.4790 2.1388
8113.3452 2.1371
8115.2163 2.1357
8117.0830 2.1349
8118.9502 2.1340
8120.8228 2.1332
8122.6909 2.1322
8124.5640 2.1313
8126.4326 2.1304
8128.3066 2.1295
8130.1768 2.1290
8132.0513 2.1300
8133.9224 2.1283
8135.7935 2.1260
8137.6694 2.1246
8139.5415 2.1237
8141.4185 2.1228
8143.2915 2.1219
8145.1694 2.1209
8147.0430 2.1199
8148.9175 2.1189
8150.7964 2.1178
8152.6714 2.1169
8154.5513 2.1160
8156.4272 2.1151
8158.3081 2.1143
8160.1851 2.1133
8162.0625 2.1125
8163.9443 2.1132
8165.8228 2.1144
8167.7056 2.1107
8169.5845 2.1081
8171.4683 2.1074
8173.3481 2.1062
8175.2285 2.1053
8177.1138 2.1043
8178.9951 2.1034
8180.8809 2.1025
8182.7632 2.1016
8184.6499 2.1006
8186.5327 2.0997
8188.4160 2.0987
8190.3042 2.0978
8192.1885 2.0969
8194.0771 2.0960
8195.9629 2.0950
8197.8525 2.0941
8199.7383 2.0932
8201.6250 2.0924
8203.5156 2.0915
8205.4033 2.0905
8207.2959 2.0895
8209.1836 2.0886
8211.0762 2.0877
8212.9658 2.0868
8214.8545 2.0859
8216.7490 2.0849
8218.6396 2.0840
8220.5342 2.0830
8222.4258 2.0820
8224.3223 2.0809
8226.2139 2.0800
8228.1064 2.0789
8230.0039 2.0786
8231.8965 2.0818
8233.7949 2.0818
8235.6895 2.0763
8237.5889 2.0736
8239.4834 2.0736
8241.3789 2.0721
8243.2793 2.0714
8245.1758 2.0706
8247.0771 2.0696
8248.9746 2.0686
8250.8770 2.0678
8252.7744 2.0674
8254.6729 2.0671
8256.5771 2.0666
8258.4766 2.0651
8260.3809 2.0641
8262.2812 2.0619
8264.1865 2.0586
8266.0869 2.0602
8267.9893 2.0616
8269.8955 2.0612
8271.7979 2.0601
8273.7051 2.0586
8275.6084 2.0567
8277.5166 2.0557
8279.4209 2.0551
8281.3301 2.0540
8283.2354 2.0536
8285.1416 2.0526
8287.0518 2.0501
8288.9580 2.0489
8290.8691 2.0499
8292.7773 2.0482
8294.6895 2.0468
8296.5977 2.0461
8298.5059 2.0450
8300.4199 2.0449
8302.3291 2.0429
8304.2432 2.0394
8306.1543 2.0385
8308.0693 2.0396
8309.9805 2.0399
8311.8926 2.0394
8313.8086 2.0390
8315.7217 2.0380
8317.6396 2.0360
8319.5527 2.0330
8321.4707 2.0296
8323.3857 2.0269
8325.2998 2.0249
8327.2197 2.0236
8329.1357 2.0235
8331.0566 2.0235
8332.9727 2.0221
8334.8945 2.0203
8336.8115 2.0196
8338.7295 2.0202
8340.6523 2.0209
8342.5713 2.0212
8344.4951 2.0208
8346.4150 2.0194
8348.3398 2.0184
8350.2598 2.0176
8352.1807 2.0166
8354.1074 2.0163
8356.0293 2.0165
8357.9561 2.0156
8359.8789 2.0137
8361.8066 2.0131
8363.7295 2.0117
8365.6543 2.0099
8367.5830 2.0101
8369.5078 2.0120
8371.4375 2.0120
8373.3643 2.0094
8375.2949 2.0068
8377.2217 2.0051
8379.1484 2.0039
8381.0811 2.0037
8383.0088 2.0029
8384.9424 2.0022
8386.8711 2.0020
8388.8047 2.0009
8390.7344 1.9990
8392.6650 1.9985
8394.6006 1.9990
8396.5312 2.0003
8398.4678 1.9990
8400.3994 1.9961
8402.3369 1.9940
8404.2695 1.9906
8406.2031 1.9885
8408.1416 1.9889
8410.0762 1.9891
8412.0156 1.9880
8413.9502 1.9872
8415.8906 1.9877
8417.8271 1.9889
8419.7637 1.9894
8421.7051 1.9894
8423.6426 1.9881
8425.5850 1.9854
8427.5234 1.9828
8429.4668 1.9805
8431.4053 1.9790
8433.3496 1.9772
8435.2900 1.9739
8437.2305 1.9693
8439.1758 1.9659
8441.1172 1.9639
8443.0645 1.9637
8445.0059 1.9658
8446.9541 1.9686
8448.8965 1.9710
8450.8408 1.9745
8452.7891 1.9751
8454.7344 1.9729
8456.6836 1.9685
8458.6289 1.9641
8460.5791 1.9611
8462.5254 1.9588
8464.4727 1.9580
8466.4248 1.9585
8468.3721 1.9595
8470.3252 1.9619
8472.2734 1.9658
8474.2275 1.9675
8476.1768 1.9681
8478.1270 1.9692
8480.0820 1.9684
8482.0322 1.9659
8483.9883 1.9630
8485.9404 1.9579
8487.8975 1.9506
8489.8496 1.9421
8491.8027 1.9341
8493.7607 1.9282
8495.7148 1.9250
8497.6738 1.9252
8499.6289 1.9275
8501.5889 1.9321
8503.5449 1.9370
8505.5010 1.9404
8507.4619 1.9422
8509.4199 1.9446
8511.3818 1.9472
8513.3398 1.9490
8515.3027 1.9486
8517.2617 1.9474
8519.2217 1.9474
8521.1855 1.9483
8523.1465 1.9470
8525.1113 1.9448
8527.0723 1.9423
8529.0391 1.9358
8531.0010 1.9232
8532.9639 1.9090
8534.9316 1.8929
8536.8945 1.8768
8538.8633 1.8699
8540.8281 1.8736
8542.7969 1.8827
8544.7627 1.8928
8546.7285 1.9048
8548.6992 1.9146
8550.6660 1.9204
8552.6377 1.9242
8554.6045 1.9278
8556.5771 1.9296
8558.5459 1.9304
8560.5146 1.9314
8562.4893 1.9323
8564.4590 1.9325
8566.4336 1.9321
8568.4043 1.9318
8570.3799 1.9311
8572.3516 1.9280
8574.3242 1.9239
8576.3008 1.9202
8578.2744 1.9173
8580.2520 1.9144
8582.2256 1.9109
8584.2051 1.9052
8586.1797 1.8974
8588.1602 1.8894
8590.1357 1.8830
8592.1113 1.8786
8594.0928 1.8763
8596.0703 1.8762
8598.0527 1.8786
8600.0303 1.8833
8602.0137 1.8895
8603.9922 1.8961
8605.9717 1.9004
8607.9561 1.9030
8609.9365 1.9045
8611.9219 1.9057
8613.9033 1.9067
8615.8896 1.9075
8617.8711 1.9071
8619.8535 1.9064
8621.8418 1.9061
8623.8252 1.9062
8625.8135 1.9057
8627.7979 1.9046
8629.7881 1.9034
8631.7725 1.9032
8633.7588 1.9018
8635.7500 1.8996
8637.7363 1.8979
8639.7285 1.8947
8641.7158 1.8913
8643.7080 1.8885
8645.6973 1.8850
8647.6855 1.8791
8649.6797 1.8700
8651.6699 1.8581
8653.6650 1.8451
8655.6553 1.8312
8657.6514 1.8198
8659.6436 1.8145
8661.6357 1.8165
8663.6328 1.8234
8665.6260 1.8333
8667.6240 1.8448
8669.6182 1.8532
8671.6172 1.8585
8673.6123 1.8629
8675.6074 1.8651
8677.6084 1.8663
8679.6045 1.8691
8681.6055 1.8704
8683.6025 1.8710
8685.6055 1.8729
8687.6035 1.8743
8689.6025 1.8760
8691.6055 1.8768
8693.6055 1.8780
8695.6104 1.8795
8697.6104 1.8797
8699.6162 1.8785
8701.6172 1.8765
8703.6191 1.8752
8705.6260 1.8746
8707.6289 1.8740
8709.6367 1.8729
8711.6406 1.8712
8713.6494 1.8712
8715.6543 1.8701
8717.6592 1.8677
8719.6699 1.8658
8721.6758 1.8644
8723.6865 1.8607
8725.6934 1.8577
8727.7061 1.8556
8729.7129 1.8511
8731.7217 1.8461
8733.7354 1.8427
8735.7441 1.8365
8737.7588 1.8281
8739.7686 1.8187
8741.7842 1.8097
8743.7949 1.8021
8745.8115 1.7976
8747.8232 1.7979
8749.8359 1.8014
8751.8535 1.8067
8753.8672 1.8147
8755.8857 1.8226
8757.9004 1.8285
8759.9199 1.8346
8761.9346 1.8383
8763.9502 1.8404
8765.9717 1.8419
8767.9883 1.8431
8770.0098 1.8444
8772.0273 1.8464
8774.0498 1.8482
8776.0684 1.8480
8778.0879 1.8486
8780.1113 1.8491
8782.1318 1.8476
8784.1562 1.8467
8786.1777 1.8457
8788.2031 1.8444
8790.2256 1.8444
8792.2471 1.8449
8794.2754 1.8441
8796.2979 1.8422
8798.3262 1.8407
8800.3506 1.8387
8802.3799 1.8376
8804.4053 1.8370
8806.4307 1.8362
8808.4609 1.8369
8810.4873 1.8385
8812.5195 1.8384
8814.5459 1.8366
8816.5791 1.8344
8818.6074 1.8331
8820.6357 1.8326
8822.6699 1.8303
8824.6992 1.8280
8826.7344 1.8269
8828.7646 1.8258
8830.8008 1.8238
8832.8330 1.8220
8834.8643 1.8197
8836.9014 1.8167
8838.9346 1.8139
8840.9727 1.8107
8843.0068 1.8062
8845.0459 1.8017
8847.0811 1.7967
8849.1162 1.7910
8851.1562 1.7837
8853.1924 1.7757
8855.2344 1.7691
8857.2715 1.7643
8859.3145 1.7630
8861.3516 1.7659
8863.3906 1.7711
8865.4346 1.7772
8867.4736 1.7831
8869.5186 1.7877
8871.5596 1.7911
8873.6045 1.7934
8875.6465 1.7952
8877.6885 1.7967
8879.7354 1.7978
8881.7783 1.7984
8883.8262 1.7990
8885.8701 1.7993
8887.9189 1.7993
8889.9639 1.7992
8892.0088 1.7990
8894.0596 1.7986
8896.1055 1.7982
8898.1562 1.7977
8900.2041 1.7972
8902.2559 1.7967
8904.3037 1.7961
8906.3574 1.7954
8908.4062 1.7951
8910.4561 1.7924
8912.5107 1.7910
8914.5605 1.7919
8916.6162 1.7925
8918.6680 1.7917
8920.7246 1.7909
8922.7764 1.7900
8924.8291 1.7892
8926.8867 1.7885
8928.9404 1.7878
8931.0000 1.7870
8933.0547 1.7863
8935.1143 1.7856
8937.1699 1.7849
8939.2256 1.7841
8941.2871 1.7833
8943.3438 1.7825
8945.4062 1.7817
8947.4639 1.7810
8949.5273 1.7803
8951.5859 1.7798
8953.6455 1.7791
8955.7100 1.7780
8957.7705 1.7771
8959.8359 1.7763
8961.8975 1.7755
8963.9639 1.7746
8966.0264 1.7736
8968.0889 1.7726
8970.1572 1.7717
8972.2207 1.7707
8974.2891 1.7696
8976.3535 1.7685
8978.4238 1.7674
8980.4893 1.7661
8982.5557 1.7648
8984.6270 1.7632
8986.6934 1.7617
8988.7656 1.7584
8990.8340 1.7538
8992.9072 1.7536
8994.9756 1.7523
8997.0449 1.7492
8999.1201 1.7454
9001.1904 1.7411
9003.2656 1.7358
9005.3369 1.7295
9007.4131 1.7221
9009.4854 1.7140
9011.5586 1.7122
9013.6357 1.7172
9015.7100 1.7240
9017.7891 1.7294
9019.8633 1.7336
9021.9434 1.7370
9024.0186 1.7396
9026.0947 1.7416
9028.1758 1.7430
9030.2529 1.7440
9032.3350 1.7448
9034.4131 1.7452
9036.4971 1.7455
9038.5752 1.7456
9040.6543 1.7456
9042.7393 1.7453
9044.8193 1.7454
9046.9053 1.7444
9048.9863 1.7449
9051.0732 1.7410
9053.1553 1.7319
9055.2383 1.7357
9057.3262 1.7420
9059.4102 1.7421
9061.4990 1.7411
9063.5840 1.7410
9065.6738 1.7400
9067.7588 1.7395
9069.8506 1.7385
9071.9365 1.7385
9074.0234 1.7357
9076.1162 1.7328
9078.2041 1.7344
9080.2979 1.7355
9082.3867 1.7349
9084.4805 1.7342
9086.5703 1.7336
9088.6611 1.7329
9090.7568 1.7321
9092.8486 1.7314
9094.9453 1.7307
9097.0371 1.7301
9099.1348 1.7294
9101.2285 1.7288
9103.3223 1.7282
9105.4209 1.7276
9107.5156 1.7269
9109.6162 1.7262
9111.7119 1.7255
9113.8125 1.7247
9115.9092 1.7240
9118.0068 1.7234
9120.1094 1.7227
9122.2070 1.7220
9124.3105 1.7213
9126.4102 1.7207
9128.5146 1.7200
9130.6143 1.7193
9132.7148 1.7185
9134.8213 1.7177
9136.9219 1.7168
9139.0293 1.7161
9141.1318 1.7154
9143.2393 1.7147
9145.3428 1.7140
9147.4473 1.7133
9149.5566 1.7126
9151.6611 1.7119
9153.7715 1.7112
9155.8770 1.7105
9157.9883 1.7098
9160.0957 1.7090
9162.2031 1.7082
9164.3154 1.7075
9166.4238 1.7068
9168.5371 1.7061
9170.6465 1.7053
9172.7617 1.7046
9174.8711 1.7037
9176.9824 1.7028
9179.0986 1.7019
9181.2100 1.7011
9183.3271 1.7002
9185.4395 1.6993
9187.5576 1.6984
9189.6719 1.6974
9191.7852 1.6963
9193.9053 1.6951
9196.0205 1.6942
9198.1406 1.6912
9200.2568 1.6843
9202.3789 1.6798
9204.4951 1.6823
9206.6133 1.6839
9208.7363 1.6821
9210.8545 1.6789
9212.9785 1.6750
9215.0977 1.6703
9217.2227 1.6646
9219.3428 1.6576
9221.4639 1.6489
9223.5908 1.6392
9225.7129 1.6376
9227.8398 1.6446
9229.9629 1.6529
9232.0908 1.6591
9234.2148 1.6639
9236.3447 1.6676
9238.4688 1.6704
9240.5947 1.6724
9242.7256 1.6739
9244.8516 1.6748
9246.9834 1.6756
9249.1104 1.6763
9251.2432 1.6766
9253.3721 1.6766
9255.5010 1.6766
9257.6348 1.6764
9259.7646 1.6762
9261.8994 1.6759
9264.0303 1.6755
9266.1670 1.6750
9268.2988 1.6745
9270.4307 1.6741
9272.5684 1.6736
9274.7012 1.6731
9276.8398 1.6725
9278.9746 1.6720
9281.1143 1.6714
9283.2490 1.6709
9285.3848 1.6703
9287.5264 1.6697
9289.6621 1.6688
9291.8047 1.6659
9293.9424 1.6630
9296.0850 1.6663
9298.2236 1.6666
9300.3633 1.6660
9302.5078 1.6655
9304.6475 1.6648
9306.7930 1.6643
9308.9346 1.6636
9311.0811 1.6630
9313.2227 1.6622
9315.3652 1.6618
9317.5137 1.6604
9319.6572 1.6582
9321.8057 1.6590
9323.9502 1.6594
9326.1006 1.6588
9328.2461 1.6581
9330.3916 1.6575
9332.5439 1.6568
9334.6904 1.6560
9336.8428 1.6553
9338.9912 1.6544
9341.1445 1.6540
9343.2939 1.6530
9345.4434 1.6492
9347.5977 1.6448
9349.7480 1.6504
9351.9043 1.6509
9354.0557 1.6496
9356.2129 1.6497
9358.3652 1.6493
9360.5186 1.6487
9362.6768 1.6481
9364.8301 1.6475
9366.9902 1.6469
9369.1445 1.6463
9371.3057 1.6457
9373.4609 1.6451
9375.6172 1.6445
9377.7793 1.6439
9379.9365 1.6433
9382.0996 1.6426
9384.2578 1.6420
9386.4219 1.6414
9388.5820 1.6408
9390.7461 1.6402
9392.9072 1.6396
9395.0674 1.6390
9397.2344 1.6383
9399.3965 1.6376
9401.5635 1.6370
9403.7266 1.6364
9405.8945 1.6358
9408.0586 1.6352
9410.2227 1.6347
9412.3926 1.6341
9414.5586 1.6335
9416.7295 1.6329
9418.8955 1.6323
9421.0674 1.6318
9423.2344 1.6311
9425.4023 1.6306
9427.5762 1.6300
9429.7451 1.6294
9431.9189 1.6288
9434.0889 1.6282
9436.2646 1.6276
9438.4355 1.6269
9440.6064 1.6263
9442.7832 1.6258
9444.9561 1.6252
9447.1338 1.6245
9449.3076 1.6238
9451.4863 1.6231
9453.6602 1.6226
9455.8350 1.6220
9458.0156 1.6214
9460.1914 1.6207
9462.3730 1.6200
9464.5498 1.6194
9466.7324 1.6188
9468.9102 1.6182
9471.0889 1.6176
9473.2725 1.6170
9475.4521 1.6164
9477.6367 1.6158
9479.8174 1.6152
9482.0029 1.6145
9484.1846 1.6138
9486.3662 1.6131
9488.5537 1.6125
9490.7363 1.6118
9492.9258 1.6111
9495.1094 1.6105
9497.2988 1.6096
9499.4834 1.6091
9501.6689 1.6079
9503.8604 1.6014
9506.0459 1.5952
9508.2383 1.6019
9510.4258 1.6057
9512.6191 1.6023
9514.8076 1.5979
9516.9961 1.5901
9519.1904 1.5921
9521.3809 1.5949
9523.5762 1.5949
9525.7666 1.5927
9527.9639 1.5894
9530.1553 1.5856
9532.3477 1.5808
9534.5459 1.5749
9536.7393 1.5673
9538.9385 1.5571
9541.1328 1.5480
9543.3330 1.5504
9545.5283 1.5604
9547.7246 1.5685
9549.9268 1.5741
9552.1230 1.5785
9554.3262 1.5817
9556.5234 1.5841
9558.7275 1.5858
9560.9268 1.5871
9563.1309 1.5879
9565.3311 1.5885
9567.5322 1.5888
9569.7383 1.5890
9571.9395 1.5890
9574.1465 1.5890
9576.3496 1.5888
9578.5576 1.5885
9580.7607 1.5882
9582.9648 1.5878
9585.1748 1.5875
9587.3799 1.5871
9589.5908 1.5867
9591.7969 1.5862
9594.0088 1.5858
9596.2158 1.5854
9598.4238 1.5847
9600.6367 1.5847
9602.8457 1.5823
9605.0596 1.5801
9607.2695 1.5818
9609.4854 1.5823
9611.6953 1.5818
9613.9062 1.5772
9616.1240 1.5765
9618.3359 1.5796
9620.5537 1.5799
9622.7666 1.5792
9624.9863 1.5786
9627.2002 1.5781
9629.4150 1.5776
9631.6357 1.5771
9633.8516 1.5766
9636.0723 1.5761
9638.2891 1.5756
9640.5117 1.5752
9642.7295 1.5747
9644.9482 1.5741
9647.1719 1.5736
9649.3916 1.5731
9651.6172 1.5726
9653.8369 1.5721
9656.0635 1.5716
9658.2842 1.5711
9660.5068 1.5706
9662.7344 1.5700
9664.9570 1.5695
9667.1855 1.5689
9669.4102 1.5684
9671.6396 1.5679
9673.8643 1.5674
9676.0898 1.5669
9678.3213 1.5663
9680.5479 1.5658
9682.7803 1.5653
9685.0078 1.5648
9687.2412 1.5643
9689.4697 1.5637
9691.6982 1.5634
9693.9336 1.5623
9696.1631 1.5615
9698.3994 1.5606
9700.6299 1.5591
9702.8672 1.5590
9705.0996 1.5601
9707.3320 1.5595
9709.5703 1.5575
9711.8047 1.5563
9714.0439 1.5571
9716.2783 1.5574
9718.5186 1.5571
9720.7549 1.5566
9722.9912 1.5561
9725.2334 1.5556
9727.4707 1.5551
9729.7139 1.5546
9731.9521 1.5541
9734.1963 1.5537
9736.4355 1.5532
9738.6807 1.5526
9740.9209 1.5521
9743.1621 1.5516
9745.4082 1.5511
9747.6504 1.5506
9749.8984 1.5501
9752.1416 1.5497
9754.3896 1.5492
9756.6338 1.5487
9758.8789 1.5482
9761.1289 1.5477
9763.3740 1.5472
9765.6260 1.5466
9767.8721 1.5461
9770.1250 1.5457
9772.3721 1.5452
9774.6201 1.5447
9776.8750 1.5443
9779.1240 1.5438
9781.3789 1.5433
9783.6289 1.5429
9785.8848 1.5423
9788.1367 1.5419
9790.3877 1.5412
9792.6455 1.5412
9794.8984 1.5423
9797.1572 1.5412
9799.4111 1.5395
9801.6709 1.5389
9803.9258 1.5385
9806.1807 1.5380
9808.4424 1.5376
9810.6982 1.5371
9812.9609 1.5365
9815.2188 1.5360
9817.4814 1.5356
9819.7402 1.5351
9821.9990 1.5347
9824.2646 1.5342
9826.5244 1.5337
9828.7900 1.5333
9831.0518 1.5328
9833.3184 1.5324
9835.5801 1.5319
9837.8428 1.5314
9840.1113 1.5309
9842.3750 1.5304
9844.6455 1.5300
9846.9102 1.5295
9849.1807 1.5291
9851.4463 1.5286
9853.7129 1.5282
9855.9844 1.5277
9858.2520 1.5273
9860.5254 1.5268
9862.7939 1.5263
9865.0684 1.5258
9867.3379 1.5253
9869.6074 1.5249
9871.8838 1.5245
9874.1543 1.5240
9876.4316 1.5236
9878.7031 1.5231
9880.9814 1.5227
9883.2549 1.5223
9885.5283 1.5218
9887.8076 1.5213
9890.0830 1.5208
9892.3633 1.5197
9894.6387 1.5192
9896.9209 1.5194
9899.1973 1.5192
9901.4746 1.5186
9903.7578 1.5182
9906.0361 1.5178
9908.3203 1.5173
9910.5996 1.5169
9912.8857 1.5164
9915.1660 1.5159
9917.4521 1.5155
9919.7334 1.5151
9922.0156 1.5146
9924.3037 1.5142
9926.5869 1.5138
9928.8760 1.5134
9931.1602 1.5129
9933.4502 1.5125
9935.7354 1.5121
9938.0205 1.5116
9940.3125 1.5111
9942.5996 1.5107
9944.8926 1.5102
9947.1797 1.5097
9949.4736 1.5092
9951.7627 1.5088
9954.0518 1.5084
9956.3477 1.5079
9958.6377 1.5075
9960.9346 1.5069
9963.2256 1.5064
9965.5234 1.5060
9967.8154 1.5056
9970.1094 1.5051
9972.4082 1.5047
9974.7021 1.5042
9977.0020 1.5038
9979.2979 1.5034
9981.5986 1.5029
9983.8945 1.5025
9986.1914 1.5020
9988.4941 1.5015
9990.7920 1.5011
9993.0967 1.5006
9995.3955 1.5001
9997.7002 1.4996
10000.0000 1.4991
10002.3057 1.4985
10004.6016 1.4979
10006.9082 1.4973
10009.2158 1.4965
10011.5244 1.4960
10013.8223 1.4943
10016.1309 1.4871
10018.4404 1.4836
10020.7402 1.4860
10023.0508 1.4891
10025.3623 1.4893
10027.6738 1.4873
10029.9756 1.4850
10032.2881 1.4821
10034.6016 1.4784
10036.9043 1.4736
10039.2188 1.4672
10041.5342 1.4582
10043.8496 1.4474
10046.1543 1.4478
10048.4707 1.4576
10050.7881 1.4665
10053.0947 1.4714
10055.4131 1.4757
10057.7324 1.4784
10060.0508 1.4805
10062.3604 1.4820
10064.6807 1.4831
10067.0010 1.4838
10069.3115 1.4843
10071.6338 1.4846
10073.9561 1.4848
10076.2793 1.4848
10078.5918 1.4848
10080.9160 1.4847
10083.2402 1.4845
10085.5547 1.4842
10087.8799 1.4840
10090.2061 1.4838
10092.5332 1.4835
10094.8496 1.4832
10097.1777 1.4829
10099.5059 1.4826
10101.8232 1.4823
10104.1533 1.4820
10106.4834 1.4816
10108.8135 1.4812
10111.1338 1.4809
10113.4648 1.4804
10115.7969 1.4800
10118.1191 1.4789
10120.4521 1.4789
10122.7861 1.4786
10125.1201 1.4754
10127.4434 1.4733
10129.7793 1.4776
10132.1152 1.4780
10134.4404 1.4771
10136.7773 1.4772
10139.1152 1.4766
10141.4531 1.4763
10143.7803 1.4760
10146.1191 1.4757
10148.4590 1.4754
10150.7881 1.4750
10153.1289 1.4747
10155.4707 1.4743
10157.8125 1.4740
10160.1436 1.4735
10162.4863 1.4732
10164.8301 1.4728
10167.1621 1.4725
10169.5068 1.4721
10171.8525 1.4718
10174.1973 1.4714
10176.5322 1.4711
10178.8789 1.4708
10181.2266 1.4704
10183.5742 1.4700
10185.9111 1.4696
10188.2607 1.4693
10190.6094 1.4689
10192.9482 1.4686
10195.2988 1.4683
10197.6504 1.4679
10200.0020 1.4676
10202.3428 1.4673
10204.6953 1.4669
10207.0479 1.4666
10209.3906 1.4662
10211.7451 1.4658
10214.0996 1.4655
10216.4551 1.4652
10218.7998 1.4649
10221.1562 1.4645
10223.5137 1.4642
10225.8594 1.4639
10228.2178 1.4635
10230.5762 1.4632
10232.9355 1.4629
10235.2842 1.4625
10237.6436 1.4621
10240.0049 1.4618
10242.3545 1.4615
10244.7168 1.4612
10247.0791 1.4609
10249.4424 1.4605
10251.7939 1.4602
10254.1582 1.4599
10256.5234 1.4596
10258.8770 1.4593
10261.2422 1.4589
10263.6084 1.4585
10265.9756 1.4582
10268.3311 1.4579
10270.6992 1.4576
10273.0674 1.4573
10275.4258 1.4570
10277.7949 1.4567
10280.1650 1.4564
10282.5352 1.4561
10284.8955 1.4556
10287.2666 1.4554
10289.6396 1.4549
10292.0010 1.4549
10294.3740 1.4535
10296.7480 1.4452
10299.1221 1.4468
10301.4863 1.4524
10303.8613 1.4540
10306.2373 1.4525
10308.6025 1.4528
10310.9795 1.4523
10313.3574 1.4520
10315.7363 1.4517
10318.1035 1.4513
10320.4824 1.4510
10322.8623 1.4507
10325.2314 1.4505
10327.6123 1.4502
10329.9941 1.4498
10332.3760 1.4495
10334.7471 1.4492
10337.1309 1.4489
10339.5146 1.4486
10341.8877 1.4483
10344.2725 1.4480
10346.6572 1.4477
10349.0430 1.4474
10351.4189 1.4472
