3548.9517 0.2592
3549.7681 0.2597
3550.5847 0.2590
3551.4036 0.2604
3552.2205 0.2657
3553.0396 0.2712
3553.8569 0.2727
3554.6765 0.2700
3555.4944 0.2650
3556.3142 0.2613
3557.1323 0.2617
3557.9507 0.2660
3558.7710 0.2700
3559.5898 0.2722
3560.4106 0.2729
3561.2297 0.2723
3562.0508 0.2701
3562.8704 0.2670
3563.6899 0.2677
3564.5117 0.2753
3565.3318 0.2852
3566.1538 0.2872
3566.9744 0.2765
3567.7969 0.2596
3568.6177 0.2500
3569.4385 0.2521
3570.2617 0.2587
3571.0830 0.2600
3571.9065 0.2551
3572.7283 0.2529
3573.5520 0.2563
3574.3740 0.2605
3575.1963 0.2620
3576.0208 0.2616
3576.8435 0.2614
3577.6682 0.2628
3578.4915 0.2661
3579.3167 0.2711
3580.1399 0.2767
3580.9636 0.2824
3581.7893 0.2864
3582.6133 0.2850
3583.4395 0.2779
3584.2639 0.2728
3585.0903 0.2744
3585.9150 0.2746
3586.7400 0.2648
3587.5671 0.2469
3588.3923 0.2350
3589.2200 0.2341
3590.0457 0.2402
3590.8735 0.2490
3591.6995 0.2596
3592.5259 0.2737
3593.3542 0.2879
3594.1809 0.2964
3595.0098 0.2978
3595.8367 0.2965
3596.6660 0.2971
3597.4934 0.3003
3598.3208 0.3047
3599.1506 0.3091
3599.9788 0.3119
3600.8088 0.3119
3601.6372 0.3099
3602.4678 0.3069
3603.2964 0.3020
3604.1252 0.2936
3604.9565 0.2839
3605.7859 0.2780
3606.6172 0.2782
3607.4470 0.2821
3608.2788 0.2875
3609.1089 0.2939
3609.9392 0.2979
3610.7717 0.2956
3611.6023 0.2877
3612.4351 0.2808
3613.2661 0.2799
3614.0994 0.2832
3614.9307 0.2853
3615.7625 0.2856
3616.5962 0.2888
3617.4282 0.2994
3618.2625 0.3105
3619.0947 0.3138
3619.9292 0.3065
3620.7620 0.2943
3621.5969 0.2862
3622.4302 0.2873
3623.2634 0.2929
3624.0989 0.2990
3624.9326 0.3060
3625.7686 0.3123
3626.6028 0.3173
3627.4390 0.3240
3628.2734 0.3355
3629.1082 0.3467
3629.9451 0.3515
3630.7800 0.3498
3631.6174 0.3424
3632.4529 0.3279
3633.2903 0.3075
3634.1262 0.2913
3634.9622 0.2877
3635.8005 0.2941
3636.6370 0.3031
3637.4756 0.3100
3638.3123 0.3167
3639.1514 0.3231
3639.9885 0.3297
3640.8259 0.3371
3641.6653 0.3437
3642.5032 0.3460
3643.3430 0.3441
3644.1812 0.3400
3645.0215 0.3349
3645.8601 0.3293
3646.6990 0.3240
3647.5398 0.3211
3648.3789 0.3221
3649.2202 0.3258
3650.0596 0.3285
3650.9014 0.3286
3651.7412 0.3269
3652.5813 0.3260
3653.4236 0.3295
3654.2642 0.3383
3655.1067 0.3487
3655.9475 0.3560
3656.7908 0.3580
3657.6318 0.3563
3658.4734 0.3553
3659.3169 0.3576
3660.1587 0.3621
3661.0029 0.3651
3661.8450 0.3653
3662.6895 0.3641
3663.5320 0.3629
3664.3748 0.3603
3665.2197 0.3566
3666.0630 0.3538
3666.9084 0.3541
3667.7520 0.3580
3668.5977 0.3634
3669.4417 0.3658
3670.2859 0.3634
3671.1321 0.3566
3671.9768 0.3495
3672.8235 0.3492
3673.6685 0.3582
3674.5156 0.3696
3675.3608 0.3750
3676.2063 0.3736
3677.0542 0.3705
3677.8999 0.3692
3678.7480 0.3646
3679.5945 0.3555
3680.4429 0.3488
3681.2896 0.3481
3682.1365 0.3512
3682.9856 0.3537
3683.8328 0.3571
3684.6824 0.3608
3685.5300 0.3636
3686.3799 0.3640
3687.2278 0.3605
3688.0781 0.3528
3688.9265 0.3457
3689.7751 0.3436
3690.6260 0.3488
3691.4751 0.3588
3692.3264 0.3690
3693.1758 0.3755
3694.0273 0.3792
3694.8772 0.3811
3695.7273 0.3803
3696.5793 0.3776
3697.4299 0.3750
3698.2825 0.3732
3699.1333 0.3695
3699.9863 0.3673
3700.8374 0.3744
3701.6887 0.3892
3702.5425 0.4022
3703.3943 0.4036
3704.2483 0.3957
3705.1003 0.3821
3705.9548 0.3666
3706.8074 0.3553
3707.6599 0.3524
3708.5149 0.3569
3709.3682 0.3652
3710.2234 0.3735
3711.0771 0.3781
3711.9329 0.3767
3712.7866 0.3696
3713.6409 0.3609
3714.4973 0.3566
3715.3518 0.3633
3716.2085 0.3808
3717.0635 0.3983
3717.9204 0.4096
3718.7759 0.4201
3719.6313 0.4336
3720.4890 0.4402
3721.3450 0.4316
3722.2031 0.4101
3723.0593 0.3832
3723.9180 0.3594
3724.7747 0.3480
3725.6316 0.3556
3726.4905 0.3761
3727.3479 0.3998
3728.2073 0.4175
3729.0649 0.4223
3729.9250 0.4156
3730.7830 0.4130
3731.6414 0.4210
3732.5017 0.4268
3733.3604 0.4197
3734.2214 0.4022
3735.0803 0.3801
3735.9417 0.3574
3736.8013 0.3413
3737.6609 0.3391
3738.5227 0.3512
3739.3828 0.3701
3740.2451 0.3909
3741.1055 0.4118
3741.9683 0.4302
3742.8291 0.4453
3743.6899 0.4544
3744.5532 0.4534
3745.4148 0.4433
3746.2786 0.4317
3747.1404 0.4238
3748.0044 0.4159
3748.8667 0.4041
3749.7290 0.3885
3750.5938 0.3687
3751.4565 0.3480
3752.3215 0.3372
3753.1848 0.3437
3754.0503 0.3662
3754.9138 0.3947
3755.7798 0.4204
3756.6438 0.4406
3757.5081 0.4563
3758.3745 0.4640
3759.2390 0.4590
3760.1060 0.4418
3760.9709 0.4267
3761.8381 0.4226
3762.7036 0.4269
3763.5693 0.4344
3764.4370 0.4431
3765.3032 0.4535
3766.1714 0.4624
3767.0378 0.4679
3767.9065 0.4676
3768.7732 0.4583
3769.6401 0.4411
3770.5095 0.4224
3771.3770 0.4033
3772.2466 0.3836
3773.1145 0.3705
3773.9844 0.3742
3774.8528 0.3948
3775.7209 0.4183
3776.5918 0.4331
3777.4604 0.4405
3778.3315 0.4477
3779.2009 0.4589
3780.0723 0.4728
3780.9419 0.4862
3781.8118 0.5006
3782.6838 0.5150
3783.5540 0.5232
3784.4265 0.5238
3785.2971 0.5224
3786.1699 0.5263
3787.0410 0.5312
3787.9121 0.5240
3788.7856 0.5012
3789.6572 0.4791
3790.5310 0.4694
3791.4031 0.4667
3792.2773 0.4639
3793.1499 0.4628
3794.0225 0.4635
3794.8972 0.4612
3795.7703 0.4520
3796.6455 0.4375
3797.5190 0.4228
3798.3948 0.4091
3799.2686 0.3927
3800.1426 0.3762
3801.0188 0.3697
3801.8933 0.3831
3802.7700 0.4088
3803.6448 0.4348
3804.5220 0.4577
3805.3972 0.4801
3806.2727 0.4997
3807.1504 0.5086
3808.0261 0.5064
3808.9043 0.4989
3809.7805 0.4948
3810.6589 0.5027
3811.5356 0.5232
3812.4126 0.5463
3813.2917 0.5615
3814.1689 0.5625
3815.0483 0.5461
3815.9260 0.5195
3816.8059 0.4969
3817.6841 0.4909
3818.5623 0.4992
3819.4429 0.5172
3820.3215 0.5367
3821.2024 0.5453
3822.0815 0.5380
3822.9629 0.5242
3823.8423 0.5212
3824.7241 0.5306
3825.6040 0.5346
3826.4841 0.5212
3827.3665 0.4977
3828.2468 0.4836
3829.1296 0.4779
3830.0105 0.4747
3830.8938 0.4727
3831.7751 0.4706
3832.6565 0.4668
3833.5403 0.4587
3834.4224 0.4446
3835.3064 0.4260
3836.1887 0.4074
3837.0735 0.3911
3837.9561 0.3812
3838.8391 0.3843
3839.7244 0.3996
3840.6077 0.4170
3841.4932 0.4304
3842.3770 0.4409
3843.2629 0.4531
3844.1472 0.4710
3845.0315 0.4915
3845.9182 0.5064
3846.8030 0.5127
3847.6899 0.5133
3848.5752 0.5152
3849.4626 0.5247
3850.3481 0.5372
3851.2339 0.5406
3852.1221 0.5345
3853.0083 0.5334
3853.8967 0.5456
3854.7832 0.5614
3855.6721 0.5692
3856.5591 0.5702
3857.4463 0.5670
3858.3359 0.5636
3859.2234 0.5654
3860.1135 0.5726
3861.0015 0.5715
3861.8918 0.5646
3862.7803 0.5676
3863.6687 0.5811
3864.5598 0.5939
3865.4487 0.5964
3866.3401 0.5956
3867.2297 0.5972
3868.1213 0.5977
3869.0112 0.5964
3869.9014 0.5980
3870.7937 0.6074
3871.6841 0.6175
3872.5769 0.6196
3873.4678 0.6073
3874.3611 0.5794
3875.2524 0.5479
3876.1438 0.5363
3877.0376 0.5512
3877.9297 0.5746
3878.8237 0.5868
3879.7161 0.5784
3880.6108 0.5567
3881.5037 0.5425
3882.3965 0.5495
3883.2917 0.5615
3884.1851 0.5582
3885.0808 0.5418
3885.9746 0.5240
3886.8706 0.5087
3887.7649 0.4898
3888.6592 0.4685
3889.5559 0.4500
3890.4507 0.4337
3891.3479 0.4197
3892.2429 0.4141
3893.1406 0.4245
3894.0361 0.4460
3894.9341 0.4692
3895.8301 0.4868
3896.7263 0.4969
3897.6250 0.5032
3898.5215 0.5100
3899.4207 0.5189
3900.3176 0.5261
3901.2170 0.5299
3902.1145 0.5349
3903.0122 0.5493
3903.9121 0.5707
3904.8103 0.5838
3905.7107 0.5807
3906.6094 0.5720
3907.5100 0.5644
3908.4089 0.5518
3909.3081 0.5415
3910.2097 0.5463
3911.1091 0.5647
3912.0110 0.5876
3912.9111 0.6070
3913.8132 0.6188
3914.7136 0.6204
3915.6143 0.6136
3916.5171 0.6061
3917.4182 0.6027
3918.3215 0.6000
3919.2229 0.5910
3920.1267 0.5841
3921.0286 0.5830
3921.9307 0.5858
3922.8350 0.5914
3923.7373 0.6014
3924.6421 0.6184
3925.5452 0.6397
3926.4502 0.6585
3927.3535 0.6638
3928.2571 0.6560
3929.1628 0.6447
3930.0667 0.6376
3930.9731 0.6236
3931.8774 0.6020
3932.7839 0.5778
3933.6887 0.5523
3934.5938 0.5204
3935.5010 0.4782
3936.4062 0.4474
3937.3142 0.4547
3938.2200 0.4993
3939.1279 0.5550
3940.0342 0.5961
3940.9407 0.6178
3941.8494 0.6339
3942.7561 0.6448
3943.6653 0.6381
3944.5725 0.6184
3945.4822 0.5999
3946.3899 0.5924
3947.2979 0.5975
3948.2080 0.6170
3949.1162 0.6363
3950.0269 0.6371
3950.9355 0.6203
3951.8467 0.6083
3952.7559 0.6081
3953.6650 0.6107
3954.5769 0.6059
3955.4866 0.6013
3956.3987 0.6069
3957.3088 0.6178
3958.2214 0.6138
3959.1321 0.5989
3960.0449 0.5950
3960.9561 0.6087
3961.8672 0.6272
3962.7808 0.6293
3963.6924 0.6125
3964.6064 0.5892
3965.5186 0.5727
3966.4329 0.5642
3967.3455 0.5563
3968.2581 0.5400
3969.1731 0.5118
3970.0862 0.4753
3971.0017 0.4404
3971.9153 0.4201
3972.8313 0.4226
3973.7451 0.4444
3974.6592 0.4738
3975.5759 0.5008
3976.4905 0.5221
3977.4075 0.5410
3978.3225 0.5588
3979.2397 0.5721
3980.1553 0.5833
3981.0708 0.5983
3981.9888 0.6169
3982.9050 0.6315
3983.8232 0.6333
3984.7397 0.6223
3985.6587 0.6135
3986.5757 0.6151
3987.4927 0.6260
3988.4121 0.6393
3989.3298 0.6496
3990.2498 0.6570
3991.1677 0.6608
3992.0879 0.6588
3993.0063 0.6565
3993.9250 0.6595
3994.8459 0.6672
3995.7649 0.6721
3996.6863 0.6697
3997.6057 0.6591
3998.5276 0.6448
3999.4475 0.6329
4000.3674 0.6316
4001.2900 0.6484
4002.2104 0.6762
4003.1333 0.6959
4004.0544 0.6983
4004.9775 0.6921
4005.8989 0.6866
4006.8206 0.6780
4007.7446 0.6599
4008.6665 0.6475
4009.5908 0.6577
4010.5132 0.6836
4011.4380 0.7068
4012.3608 0.7156
4013.2839 0.7169
4014.2095 0.7147
4015.1328 0.7108
4016.0588 0.7082
4016.9827 0.7083
4017.9089 0.7093
4018.8333 0.7112
4019.7578 0.7115
4020.6848 0.7145
4021.6096 0.7268
4022.5371 0.7423
4023.4624 0.7423
4024.3901 0.7276
4025.3162 0.7119
4026.2422 0.7019
4027.1704 0.6991
4028.0969 0.7075
4029.0259 0.7309
4029.9526 0.7509
4030.8821 0.7531
4031.8093 0.7378
4032.7390 0.7092
4033.6667 0.6776
4034.5947 0.6606
4035.5251 0.6641
4036.4534 0.6824
4037.3843 0.7049
4038.3130 0.7237
4039.2441 0.7366
4040.1736 0.7453
4041.1030 0.7483
4042.0347 0.7445
4042.9646 0.7330
4043.8970 0.7235
4044.8271 0.7243
4045.7600 0.7290
4046.6907 0.7185
4047.6216 0.6934
4048.5549 0.6795
4049.4863 0.6974
4050.4202 0.7349
4051.3521 0.7525
4052.2861 0.7501
4053.2185 0.7442
4054.1509 0.7367
4055.0857 0.7243
4056.0186 0.7085
4056.9539 0.6974
4057.8872 0.6961
4058.8230 0.7038
4059.7566 0.7101
4060.6907 0.7128
4061.6270 0.7187
4062.5613 0.7324
4063.4983 0.7392
4064.4331 0.7280
4065.3701 0.7040
4066.3054 0.6897
4067.2410 0.6989
4068.1787 0.7172
4069.1147 0.7181
4070.0530 0.7069
4070.9893 0.7079
4071.9280 0.7210
4072.8647 0.7281
4073.8018 0.7183
4074.7412 0.7083
4075.6787 0.7082
4076.6184 0.7110
4077.5562 0.7045
4078.4966 0.6822
4079.4348 0.6512
4080.3733 0.6310
4081.3142 0.6375
4082.2532 0.6640
4083.1943 0.6940
4084.1338 0.7134
4085.0757 0.7169
4086.0154 0.7061
4086.9553 0.6917
4087.8977 0.6801
4088.8381 0.6757
4089.7810 0.6814
4090.7219 0.6960
4091.6653 0.7081
4092.6064 0.7123
4093.5481 0.7109
4094.4919 0.7059
4095.4338 0.6996
4096.3784 0.6951
4097.3208 0.6888
4098.2656 0.6760
4099.2085 0.6593
4100.1514 0.6419
4101.0967 0.6242
4102.0400 0.6035
4102.9863 0.5779
4103.9302 0.5503
4104.8765 0.5356
4105.8208 0.5445
4106.7676 0.5733
4107.7124 0.6045
4108.6572 0.6289
4109.6045 0.6439
4110.5503 0.6534
4111.4980 0.6584
4112.4438 0.6596
4113.3921 0.6615
4114.3384 0.6704
4115.2852 0.6845
4116.2339 0.6986
4117.1807 0.7116
4118.1304 0.7242
4119.0776 0.7338
4120.0273 0.7305
4120.9751 0.7134
4121.9233 0.6991
4122.8740 0.6990
4123.8223 0.7080
4124.7734 0.7094
4125.7222 0.7077
4126.6733 0.7126
4127.6230 0.7228
4128.5723 0.7276
4129.5244 0.7201
4130.4746 0.7059
4131.4268 0.6967
4132.3774 0.6969
4133.3301 0.6996
4134.2812 0.6985
4135.2324 0.6961
4136.1855 0.7030
4137.1372 0.7209
4138.0913 0.7435
4139.0435 0.7597
4139.9976 0.7662
4140.9502 0.7720
4141.9028 0.7890
4142.8579 0.8018
4143.8110 0.7960
4144.7666 0.7689
4145.7202 0.7362
4146.6758 0.7208
4147.6299 0.7340
4148.5840 0.7560
4149.5405 0.7711
4150.4951 0.7782
4151.4526 0.7769
4152.4072 0.7698
4153.3647 0.7660
4154.3203 0.7686
4155.2764 0.7692
4156.2344 0.7615
4157.1904 0.7495
4158.1489 0.7414
4159.1055 0.7417
4160.0649 0.7483
4161.0220 0.7597
4161.9790 0.7697
4162.9390 0.7732
4163.8965 0.7726
4164.8564 0.7780
4165.8149 0.7915
4166.7754 0.8018
4167.7339 0.8045
4168.6929 0.7993
4169.6538 0.7909
4170.6133 0.7885
4171.5752 0.7947
4172.5347 0.7949
4173.4971 0.7751
4174.4570 0.7421
4175.4175 0.7159
4176.3799 0.7128
4177.3408 0.7274
4178.3042 0.7440
4179.2651 0.7478
4180.2290 0.7377
4181.1909 0.7286
4182.1548 0.7405
4183.1172 0.7662
4184.0796 0.7776
4185.0444 0.7675
4186.0068 0.7530
4186.9722 0.7514
4187.9355 0.7617
4188.9014 0.7709
4189.8647 0.7640
4190.8286 0.7575
4191.7949 0.7671
4192.7593 0.7854
4193.7261 0.7879
4194.6909 0.7862
4195.6582 0.7966
4196.6235 0.8097
4197.5889 0.8064
4198.5571 0.7846
4199.5229 0.7656
4200.4912 0.7518
4201.4575 0.7416
4202.4263 0.7487
4203.3931 0.7625
4204.3599 0.7650
4205.3296 0.7575
4206.2969 0.7573
4207.2671 0.7577
4208.2349 0.7593
4209.2051 0.7687
4210.1738 0.7852
4211.1421 0.7969
4212.1133 0.8020
4213.0820 0.8067
4214.0537 0.8188
4215.0229 0.8333
4215.9951 0.8381
4216.9648 0.8246
4217.9351 0.7981
4218.9077 0.7783
4219.8784 0.7829
4220.8516 0.8010
4221.8223 0.8124
4222.7959 0.8126
4223.7676 0.8129
4224.7393 0.8116
4225.7134 0.8036
4226.6855 0.7866
4227.6602 0.7627
4228.6328 0.7405
4229.6079 0.7357
4230.5806 0.7570
4231.5542 0.7945
4232.5298 0.8258
4233.5034 0.8358
4234.4800 0.8272
4235.4541 0.8034
4236.4307 0.7814
4237.4053 0.7746
4238.3799 0.7777
4239.3574 0.7814
4240.3325 0.7841
4241.3105 0.7786
4242.2861 0.7744
4243.2642 0.7857
4244.2407 0.8030
4245.2168 0.8121
4246.1958 0.8139
4247.1729 0.8140
4248.1519 0.8049
4249.1294 0.7886
4250.1094 0.7797
4251.0869 0.7871
4252.0649 0.7990
4253.0454 0.7990
4254.0239 0.7953
4255.0049 0.7986
4255.9834 0.8038
4256.9648 0.8052
4257.9443 0.8089
4258.9263 0.8165
4259.9058 0.8201
4260.8857 0.8139
4261.8687 0.8002
4262.8491 0.7862
4263.8320 0.7806
4264.8130 0.7911
4265.7964 0.8100
4266.7778 0.8263
4267.7593 0.8375
4268.7432 0.8440
4269.7256 0.8423
4270.7100 0.8319
4271.6924 0.8176
4272.6772 0.8034
4273.6606 0.7896
4274.6436 0.7808
4275.6294 0.7865
4276.6128 0.7977
4277.5991 0.8017
4278.5830 0.8075
4279.5698 0.8204
4280.5542 0.8331
4281.5391 0.8339
4282.5264 0.8294
4283.5117 0.8248
4284.4990 0.8224
4285.4849 0.8201
4286.4731 0.8158
4287.4590 0.8114
4288.4453 0.8108
4289.4346 0.8118
4290.4214 0.8069
4291.4106 0.7922
4292.3979 0.7744
4293.3877 0.7707
4294.3755 0.7924
4295.3633 0.8194
4296.3535 0.8302
4297.3423 0.8242
4298.3330 0.8118
4299.3218 0.7997
4300.3135 0.7927
4301.3027 0.7845
4302.2920 0.7680
4303.2842 0.7557
4304.2744 0.7578
4305.2666 0.7643
4306.2573 0.7726
4307.2500 0.7835
4308.2412 0.7892
4309.2319 0.7887
4310.2261 0.7842
4311.2173 0.7775
4312.2114 0.7796
4313.2036 0.7991
4314.1982 0.8235
4315.1904 0.8302
4316.1836 0.8115
4317.1787 0.7879
4318.1719 0.7821
4319.1675 0.7982
4320.1611 0.8177
4321.1572 0.8269
4322.1514 0.8232
4323.1460 0.8133
4324.1426 0.8053
4325.1377 0.8073
4326.1348 0.8123
4327.1299 0.8031
4328.1279 0.7768
4329.1235 0.7574
4330.1196 0.7624
4331.1182 0.7795
4332.1143 0.7877
4333.1133 0.7811
4334.1104 0.7682
4335.1099 0.7611
4336.1069 0.7554
4337.1069 0.7481
4338.1045 0.7392
4339.1025 0.7224
4340.1030 0.6946
4341.1016 0.6638
4342.1025 0.6375
4343.1016 0.6178
4344.1030 0.6170
4345.1025 0.6369
4346.1021 0.6653
4347.1040 0.6872
4348.1040 0.7086
4349.1069 0.7306
4350.1074 0.7488
4351.1104 0.7628
4352.1113 0.7707
4353.1128 0.7664
4354.1167 0.7513
4355.1182 0.7453
4356.1226 0.7624
4357.1245 0.7905
4358.1294 0.8115
4359.1318 0.8210
4360.1348 0.8197
4361.1401 0.8091
4362.1436 0.8031
4363.1494 0.8091
4364.1528 0.8224
4365.1592 0.8316
4366.1636 0.8408
4367.1680 0.8497
4368.1753 0.8547
4369.1802 0.8504
4370.1875 0.8356
4371.1929 0.8190
4372.2007 0.8143
4373.2065 0.8227
4374.2129 0.8389
4375.2212 0.8500
4376.2280 0.8437
4377.2368 0.8214
4378.2441 0.8093
4379.2534 0.8241
4380.2612 0.8514
4381.2686 0.8702
4382.2793 0.8729
4383.2871 0.8690
4384.2979 0.8600
4385.3066 0.8390
4386.3179 0.8062
4387.3267 0.7807
4388.3359 0.7810
4389.3481 0.8023
4390.3579 0.8217
4391.3701 0.8322
4392.3804 0.8359
4393.3936 0.8347
4394.4043 0.8343
4395.4150 0.8429
4396.4287 0.8458
4397.4399 0.8352
4398.4541 0.8306
4399.4658 0.8419
4400.4805 0.8567
4401.4927 0.8519
4402.5054 0.8356
4403.5205 0.8209
4404.5337 0.8239
4405.5493 0.8402
4406.5625 0.8522
4407.5786 0.8510
4408.5928 0.8549
4409.6069 0.8609
4410.6240 0.8539
4411.6387 0.8424
4412.6558 0.8421
4413.6709 0.8520
4414.6885 0.8631
4415.7041 0.8716
4416.7227 0.8666
4417.7388 0.8506
4418.7549 0.8359
4419.7739 0.8310
4420.7905 0.8317
4421.8101 0.8438
4422.8271 0.8638
4423.8472 0.8749
4424.8647 0.8674
4425.8828 0.8551
4426.9033 0.8567
4427.9219 0.8695
4428.9429 0.8772
4429.9619 0.8741
4430.9834 0.8658
4432.0024 0.8597
4433.0220 0.8516
4434.0444 0.8499
4435.0645 0.8542
4436.0874 0.8545
4437.1079 0.8472
4438.1309 0.8447
4439.1519 0.8527
4440.1733 0.8695
4441.1968 0.8866
4442.2188 0.8963
4443.2432 0.8930
4444.2651 0.8743
4445.2900 0.8474
4446.3125 0.8273
4447.3354 0.8315
4448.3613 0.8539
4449.3843 0.8734
4450.4106 0.8768
4451.4341 0.8772
4452.4609 0.8719
4453.4849 0.8625
4454.5098 0.8608
4455.5366 0.8691
4456.5615 0.8675
4457.5894 0.8528
4458.6147 0.8430
4459.6431 0.8456
4460.6689 0.8478
4461.6953 0.8408
4462.7241 0.8362
4463.7505 0.8331
4464.7798 0.8278
4465.8071 0.8335
4466.8369 0.8479
4467.8643 0.8583
4468.8921 0.8592
4469.9229 0.8548
4470.9512 0.8462
4471.9819 0.8373
4473.0107 0.8363
4474.0425 0.8480
4475.0718 0.8659
4476.1011 0.8819
4477.1333 0.8951
4478.1631 0.8997
4479.1958 0.9005
4480.2266 0.9042
4481.2593 0.9046
4482.2905 0.8846
4483.3213 0.8497
4484.3555 0.8240
4485.3872 0.8269
4486.4214 0.8546
4487.4536 0.8796
4488.4883 0.8948
4489.5210 0.9004
4490.5537 0.8926
4491.5889 0.8736
4492.6226 0.8560
4493.6582 0.8551
4494.6919 0.8686
4495.7285 0.8852
4496.7627 0.8900
4497.7998 0.8871
4498.8345 0.8878
4499.8696 0.8931
4500.9072 0.8988
4501.9424 0.9027
4502.9805 0.8981
4504.0166 0.8892
4505.0552 0.8898
4506.0913 0.9092
4507.1279 0.9283
4508.1675 0.9351
4509.2046 0.9304
4510.2446 0.9173
4511.2822 0.9039
4512.3223 0.9041
4513.3604 0.9160
4514.3984 0.9244
4515.4395 0.9239
4516.4785 0.9142
4517.5200 0.8995
4518.5591 0.8894
4519.6011 0.8929
4520.6406 0.9016
4521.6807 0.9044
4522.7236 0.9009
4523.7642 0.8954
4524.8071 0.8886
4525.8481 0.8783
4526.8916 0.8757
4527.9331 0.8770
4528.9746 0.8781
4530.0190 0.8778
4531.0610 0.8746
4532.1060 0.8681
4533.1489 0.8666
4534.1938 0.8722
4535.2373 0.8773
4536.2803 0.8741
4537.3267 0.8676
4538.3701 0.8777
4539.4170 0.9014
4540.4609 0.9210
4541.5083 0.9227
4542.5527 0.9072
4543.5981 0.8915
4544.6455 0.8890
4545.6909 0.8999
4546.7393 0.9080
4547.7852 0.9063
4548.8340 0.8997
4549.8804 0.8956
4550.9272 0.8872
4551.9766 0.8703
4553.0239 0.8612
4554.0737 0.8714
4555.1216 0.8899
4556.1719 0.8880
4557.2197 0.8712
4558.2686 0.8583
4559.3193 0.8654
4560.3682 0.8831
4561.4199 0.8945
4562.4692 0.8989
4563.5215 0.9076
4564.5713 0.9142
4565.6211 0.9091
4566.6743 0.8948
4567.7246 0.8839
4568.7778 0.8879
4569.8291 0.9039
4570.8828 0.9213
4571.9341 0.9313
4572.9888 0.9303
4574.0405 0.9190
4575.0928 0.9050
4576.1479 0.9091
4577.2007 0.9227
4578.2559 0.9263
4579.3091 0.9230
4580.3652 0.9242
4581.4189 0.9254
4582.4731 0.9155
4583.5298 0.9017
4584.5840 0.8902
4585.6411 0.8792
4586.6963 0.8722
4587.7539 0.8833
4588.8091 0.9031
4589.8647 0.9127
4590.9233 0.9106
4591.9795 0.9067
4593.0386 0.9055
4594.0952 0.8978
4595.1543 0.8861
4596.2114 0.8847
4597.2690 0.8915
4598.3291 0.8970
4599.3867 0.8981
4600.4473 0.9031
4601.5059 0.9073
4602.5669 0.9053
4603.6255 0.8999
4604.6846 0.9010
4605.7466 0.9103
4606.8062 0.9142
4607.8687 0.9104
4608.9287 0.9072
4609.9912 0.9134
4611.0518 0.9263
4612.1128 0.9361
4613.1763 0.9352
4614.2373 0.9283
4615.3013 0.9235
4616.3633 0.9231
4617.4277 0.9235
4618.4897 0.9201
4619.5522 0.9126
4620.6177 0.9091
4621.6807 0.9037
4622.7466 0.9004
4623.8096 0.9076
4624.8760 0.9240
4625.9399 0.9342
4627.0044 0.9354
4628.0713 0.9283
4629.1357 0.9231
4630.2031 0.9218
4631.2686 0.9184
4632.3364 0.9110
4633.4023 0.9152
4634.4678 0.9277
4635.5366 0.9300
4636.6030 0.9200
4637.6724 0.9110
4638.7393 0.9132
4639.8091 0.9169
4640.8765 0.9170
4641.9438 0.9199
4643.0142 0.9256
4644.0825 0.9294
4645.1533 0.9303
4646.2222 0.9279
4647.2935 0.9222
4648.3623 0.9117
4649.4316 0.8969
4650.5039 0.8846
4651.5737 0.8860
4652.6465 0.9007
4653.7168 0.9158
4654.7900 0.9231
4655.8608 0.9245
4656.9346 0.9220
4658.0059 0.9127
4659.0771 0.9067
4660.1519 0.9093
4661.2236 0.9227
4662.2983 0.9376
4663.3711 0.9426
4664.4463 0.9361
4665.5195 0.9244
4666.5928 0.9138
4667.6689 0.9073
4668.7427 0.8953
4669.8193 0.8737
4670.8936 0.8611
4671.9707 0.8699
4673.0454 0.8894
4674.1206 0.9068
4675.1982 0.9151
4676.2739 0.9169
4677.3521 0.9226
4678.4282 0.9320
4679.5073 0.9383
4680.5835 0.9333
4681.6602 0.9198
4682.7397 0.9098
4683.8174 0.9119
4684.8975 0.9197
4685.9751 0.9288
4687.0557 0.9360
4688.1338 0.9387
4689.2124 0.9370
4690.2935 0.9353
4691.3726 0.9337
4692.4546 0.9311
4693.5342 0.9265
4694.6162 0.9224
4695.6963 0.9224
4696.7764 0.9273
4697.8594 0.9327
4698.9404 0.9371
4700.0239 0.9355
4701.1050 0.9263
4702.1890 0.9147
4703.2710 0.9096
4704.3530 0.9068
4705.4375 0.9010
4706.5200 0.8971
4707.6055 0.9017
4708.6885 0.9116
4709.7744 0.9121
4710.8579 0.9052
4711.9414 0.9020
4713.0283 0.9086
4714.1123 0.9205
4715.1992 0.9273
4716.2842 0.9218
4717.3716 0.9105
4718.4570 0.9075
4719.5425 0.9171
4720.6309 0.9298
4721.7168 0.9364
4722.8057 0.9400
4723.8921 0.9401
4724.9814 0.9360
4726.0684 0.9345
4727.1553 0.9389
4728.2456 0.9444
4729.3335 0.9415
4730.4238 0.9290
4731.5122 0.9161
4732.6030 0.9095
4733.6919 0.9064
4734.7808 0.9047
4735.8726 0.9128
4736.9624 0.9254
4738.0547 0.9319
4739.1445 0.9270
4740.2373 0.9209
4741.3276 0.9249
4742.4214 0.9325
4743.5122 0.9328
4744.6035 0.9323
4745.6973 0.9355
4746.7891 0.9385
4747.8838 0.9376
4748.9761 0.9370
4750.0713 0.9376
4751.1641 0.9353
4752.2568 0.9346
4753.3525 0.9367
4754.4463 0.9365
4755.5425 0.9296
4756.6367 0.9229
4757.7334 0.9173
4758.8281 0.9132
4759.9229 0.9163
4761.0205 0.9298
4762.1157 0.9445
4763.2139 0.9491
4764.3096 0.9406
4765.4082 0.9260
4766.5044 0.9143
4767.6011 0.9093
4768.7002 0.9083
4769.7974 0.9145
4770.8975 0.9262
4771.9951 0.9389
4773.0952 0.9460
4774.1934 0.9438
4775.2915 0.9375
4776.3926 0.9387
4777.4917 0.9461
4778.5933 0.9512
4779.6924 0.9527
4780.7949 0.9539
4781.8945 0.9540
4782.9946 0.9503
4784.0977 0.9505
4785.1982 0.9503
4786.3018 0.9459
4787.4028 0.9399
4788.5068 0.9375
4789.6084 0.9297
4790.7100 0.9266
4791.8149 0.9286
4792.9170 0.9317
4794.0225 0.9349
4795.1255 0.9420
4796.2310 0.9494
4797.3345 0.9585
4798.4380 0.9643
4799.5444 0.9635
4800.6489 0.9572
4801.7559 0.9492
4802.8604 0.9429
4803.9678 0.9416
4805.0732 0.9459
4806.1782 0.9498
4807.2866 0.9471
4808.3926 0.9402
4809.5015 0.9373
4810.6079 0.9373
4811.7173 0.9364
4812.8242 0.9337
4813.9312 0.9307
4815.0415 0.9302
4816.1489 0.9348
4817.2598 0.9432
4818.3677 0.9513
4819.4790 0.9560
4820.5879 0.9571
4821.6968 0.9571
4822.8086 0.9577
4823.9180 0.9561
4825.0303 0.9487
4826.1401 0.9324
4827.2534 0.9146
4828.3638 0.9159
4829.4771 0.9312
4830.5884 0.9410
4831.6992 0.9379
4832.8135 0.9304
4833.9253 0.9287
4835.0400 0.9295
4836.1523 0.9311
4837.2676 0.9351
4838.3804 0.9346
4839.4937 0.9300
4840.6094 0.9262
4841.7231 0.9234
4842.8394 0.9170
4843.9536 0.9150
4845.0708 0.9174
4846.1851 0.9185
4847.3003 0.9168
4848.4180 0.9185
4849.5332 0.9175
4850.6514 0.9077
4851.7676 0.8949
4852.8862 0.8897
4854.0024 0.8931
4855.1191 0.8908
4856.2388 0.8803
4857.3560 0.8626
4858.4761 0.8418
4859.5938 0.8278
4860.7144 0.8231
4861.8325 0.8120
4862.9512 0.7864
4864.0723 0.7552
4865.1914 0.7441
4866.3135 0.7606
4867.4326 0.7902
4868.5552 0.8141
4869.6753 0.8342
4870.7954 0.8514
4871.9189 0.8659
4873.0396 0.8717
4874.1631 0.8655
4875.2847 0.8585
4876.4087 0.8651
4877.5308 0.8794
4878.6528 0.8889
4879.7778 0.8922
4880.9004 0.8977
4882.0259 0.9113
4883.1489 0.9262
4884.2749 0.9312
4885.3984 0.9240
4886.5225 0.9117
4887.6494 0.9032
4888.7734 0.9013
4889.9009 0.9047
4891.0259 0.9103
4892.1538 0.9145
4893.2793 0.9115
4894.4048 0.9046
4895.5337 0.9108
4896.6597 0.9305
4897.7891 0.9477
4898.9155 0.9568
4900.0454 0.9594
4901.1724 0.9569
4902.2998 0.9478
4903.4307 0.9352
4904.5586 0.9345
4905.6895 0.9385
4906.8179 0.9387
4907.9497 0.9389
4909.0786 0.9515
4910.2080 0.9608
4911.3403 0.9589
4912.4702 0.9449
4913.6030 0.9271
4914.7334 0.9191
4915.8667 0.9293
4916.9976 0.9429
4918.1313 0.9536
4919.2627 0.9592
4920.3945 0.9511
4921.5288 0.9274
4922.6611 0.9059
4923.7964 0.8980
4924.9292 0.9032
4926.0649 0.9103
4927.1978 0.9124
4928.3315 0.9166
4929.4678 0.9375
4930.6021 0.9547
4931.7388 0.9631
4932.8735 0.9664
4934.0107 0.9668
4935.1460 0.9617
4936.2812 0.9466
4937.4194 0.9278
4938.5557 0.9262
4939.6943 0.9315
4940.8306 0.9280
4941.9702 0.9180
4943.1069 0.9235
4944.2441 0.9451
4945.3843 0.9621
4946.5220 0.9682
4947.6626 0.9648
4948.8008 0.9567
4949.9419 0.9509
4951.0806 0.9569
4952.2197 0.9631
4953.3618 0.9648
4954.5010 0.9619
4955.6436 0.9555
4956.7837 0.9499
4957.9268 0.9530
4959.0674 0.9558
4960.2080 0.9425
4961.3521 0.9311
4962.4932 0.9450
4963.6377 0.9675
4964.7793 0.9753
4965.9243 0.9751
4967.0669 0.9737
4968.2095 0.9687
4969.3550 0.9583
4970.4980 0.9527
4971.6445 0.9517
4972.7881 0.9498
4973.9351 0.9476
4975.0791 0.9498
4976.2236 0.9582
4977.3711 0.9667
4978.5161 0.9724
4979.6641 0.9715
4980.8096 0.9661
4981.9585 0.9585
4983.1045 0.9498
4984.2510 0.9399
4985.4004 0.9213
4986.5469 0.8995
4987.6968 0.8940
4988.8442 0.9096
4989.9946 0.9355
4991.1426 0.9564
4992.2910 0.9619
4993.4419 0.9563
4994.5908 0.9503
4995.7427 0.9475
4996.8921 0.9466
4998.0439 0.9491
4999.1938 0.9574
5000.3438 0.9608
5001.4971 0.9564
5002.6475 0.9463
5003.8013 0.9355
5004.9521 0.9299
5006.1064 0.9322
5007.2583 0.9378
5008.4126 0.9321
5009.5649 0.9208
5010.7173 0.9235
5011.8730 0.9439
5013.0259 0.9547
5014.1816 0.9472
5015.3354 0.9317
5016.4917 0.9214
5017.6460 0.9226
5018.8003 0.9296
5019.9575 0.9308
5021.1123 0.9144
5022.2700 0.9078
5023.4258 0.9230
5024.5840 0.9426
5025.7397 0.9450
5026.8960 0.9501
5028.0552 0.9598
5029.2119 0.9616
5030.3716 0.9519
5031.5288 0.9423
5032.6890 0.9490
5033.8472 0.9591
5035.0049 0.9634
5036.1660 0.9665
5037.3247 0.9640
5038.4863 0.9499
5039.6455 0.9365
5040.8076 0.9404
5041.9668 0.9438
5043.1270 0.9361
5044.2900 0.9222
5045.4502 0.9187
5046.6138 0.9381
5047.7749 0.9604
5048.9390 0.9727
5050.1001 0.9715
5051.2622 0.9572
5052.4268 0.9390
5053.5894 0.9351
5054.7544 0.9384
5055.9175 0.9451
5057.0830 0.9559
5058.2466 0.9638
5059.4102 0.9634
5060.5771 0.9631
5061.7412 0.9679
5062.9082 0.9743
5064.0732 0.9788
5065.2407 0.9809
5066.4062 0.9792
5067.5718 0.9683
5068.7402 0.9539
5069.9062 0.9498
5071.0752 0.9501
5072.2417 0.9519
5073.4116 0.9566
5074.5786 0.9586
5075.7461 0.9508
5076.9165 0.9471
5078.0845 0.9449
5079.2554 0.9449
5080.4238 0.9496
5081.5957 0.9475
5082.7646 0.9260
5083.9336 0.9093
5085.1060 0.9145
5086.2759 0.9291
5087.4487 0.9366
5088.6191 0.9484
5089.7925 0.9576
5090.9634 0.9549
5092.1348 0.9530
5093.3091 0.9566
5094.4805 0.9612
5095.6553 0.9665
5096.8276 0.9707
5098.0029 0.9721
5099.1758 0.9661
5100.3516 0.9498
5101.5249 0.9278
5102.6987 0.9153
5103.8750 0.9204
5105.0493 0.9413
5106.2266 0.9589
5107.4014 0.9640
5108.5791 0.9607
5109.7544 0.9552
5110.9297 0.9492
5112.1084 0.9470
5113.2842 0.9470
5114.4634 0.9527
5115.6401 0.9658
5116.8198 0.9736
5117.9966 0.9686
5119.1743 0.9629
5120.3545 0.9667
5121.5327 0.9735
5122.7134 0.9722
5123.8921 0.9657
5125.0737 0.9572
5126.2524 0.9464
5127.4321 0.9371
5128.6143 0.9343
5129.7939 0.9387
5130.9771 0.9427
5132.1572 0.9404
5133.3408 0.9375
5134.5220 0.9390
5135.7031 0.9406
5136.8872 0.9401
5138.0688 0.9476
5139.2539 0.9546
5140.4360 0.9474
5141.6216 0.9370
5142.8042 0.9350
5143.9873 0.9408
5145.1738 0.9429
5146.3574 0.9365
5147.5439 0.9435
5148.7280 0.9500
5149.9155 0.9449
5151.1001 0.9372
5152.2852 0.9438
5153.4731 0.9531
5154.6587 0.9550
5155.8477 0.9490
5157.0337 0.9382
5158.2227 0.9302
5159.4097 0.9362
5160.5962 0.9497
5161.7861 0.9597
5162.9736 0.9644
5164.1646 0.9622
5165.3525 0.9548
5166.5435 0.9527
5167.7319 0.9560
5168.9209 0.9480
5170.1128 0.9263
5171.3022 0.9032
5172.4946 0.8966
5173.6846 0.9135
5174.8779 0.9257
5176.0684 0.9249
5177.2588 0.9376
5178.4526 0.9596
5179.6440 0.9672
5180.8384 0.9656
5182.0303 0.9679
5183.2251 0.9677
5184.4175 0.9662
5185.6104 0.9564
5186.8062 0.9346
5187.9995 0.9217
5189.1958 0.9342
5190.3896 0.9464
5191.5864 0.9470
5192.7808 0.9463
5193.9780 0.9491
5195.1729 0.9362
5196.3682 0.9283
5197.5664 0.9349
5198.7622 0.9346
5199.9609 0.9267
5201.1572 0.9271
5202.3564 0.9360
5203.5532 0.9470
5204.7505 0.9514
5205.9507 0.9516
5207.1484 0.9469
5208.3491 0.9353
5209.5474 0.9261
5210.7485 0.9324
5211.9473 0.9390
5213.1460 0.9467
5214.3481 0.9557
5215.5479 0.9621
5216.7505 0.9649
5217.9507 0.9565
5219.1538 0.9374
5220.3545 0.9259
5221.5557 0.9319
5222.7598 0.9487
5223.9609 0.9624
5225.1655 0.9693
5226.3677 0.9706
5227.5728 0.9660
5228.7754 0.9478
5229.9785 0.9178
5231.1846 0.9052
5232.3877 0.9255
5233.5942 0.9481
5234.7983 0.9560
5236.0054 0.9474
5237.2100 0.9319
5238.4150 0.9265
5239.6230 0.9334
5240.8281 0.9442
5242.0366 0.9562
5243.2427 0.9663
5244.4517 0.9688
5245.6582 0.9608
5246.8652 0.9536
5248.0747 0.9596
5249.2822 0.9658
5250.4927 0.9635
5251.7007 0.9563
5252.9116 0.9508
5254.1201 0.9471
5255.3286 0.9530
5256.5405 0.9589
5257.7500 0.9563
5258.9624 0.9496
5260.1724 0.9545
5261.3853 0.9649
5262.5957 0.9708
5263.8062 0.9692
5265.0200 0.9607
5266.2310 0.9460
5267.4458 0.9264
5268.6572 0.9128
5269.8721 0.9128
5271.0845 0.9243
5272.2974 0.9293
5273.5132 0.9197
5274.7261 0.9238
5275.9424 0.9335
5277.1562 0.9311
5278.3730 0.9190
5279.5874 0.9163
5280.8047 0.9349
5282.0195 0.9530
5283.2349 0.9498
5284.4531 0.9429
5285.6689 0.9397
5286.8877 0.9363
5288.1040 0.9355
5289.3232 0.9537
5290.5400 0.9705
5291.7573 0.9743
5292.9775 0.9739
5294.1953 0.9741
5295.4160 0.9712
5296.6343 0.9652
5297.8555 0.9630
5299.0742 0.9625
5300.2935 0.9518
5301.5156 0.9381
5302.7354 0.9395
5303.9580 0.9533
5305.1782 0.9551
5306.4014 0.9515
5307.6221 0.9557
5308.8433 0.9619
5310.0674 0.9588
5311.2891 0.9559
5312.5137 0.9579
5313.7358 0.9627
5314.9614 0.9654
5316.1841 0.9636
5317.4072 0.9588
5318.6333 0.9540
5319.8569 0.9425
5321.0835 0.9391
5322.3076 0.9499
5323.5347 0.9627
5324.7598 0.9643
5325.9844 0.9629
5327.2129 0.9535
5328.4380 0.9420
5329.6670 0.9391
5330.8931 0.9333
5332.1221 0.9167
5333.3491 0.9223
5334.5757 0.9465
5335.8062 0.9593
5337.0337 0.9591
5338.2642 0.9552
5339.4922 0.9522
5340.7236 0.9476
5341.9521 0.9461
5343.1812 0.9417
5344.4131 0.9383
5345.6426 0.9436
5346.8755 0.9561
5348.1055 0.9584
5349.3389 0.9519
5350.5693 0.9479
5351.8003 0.9500
5353.0342 0.9552
5354.2656 0.9599
5355.5005 0.9635
5356.7324 0.9609
5357.9678 0.9627
5359.2002 0.9703
5360.4331 0.9764
5361.6694 0.9760
5362.9028 0.9754
5364.1392 0.9719
5365.3735 0.9612
5366.6108 0.9495
5367.8452 0.9428
5369.0801 0.9423
5370.3184 0.9448
5371.5537 0.9453
5372.7925 0.9401
5374.0283 0.9307
5375.2676 0.9292
5376.5039 0.9438
5377.7441 0.9586
5378.9810 0.9657
5380.2183 0.9658
5381.4590 0.9634
5382.6973 0.9601
5383.9385 0.9550
5385.1768 0.9499
5386.4189 0.9464
5387.6577 0.9494
5388.8975 0.9584
5390.1401 0.9653
5391.3799 0.9635
5392.6230 0.9599
5393.8638 0.9542
5395.1074 0.9503
5396.3486 0.9479
5397.5903 0.9499
5398.8350 0.9554
5400.0767 0.9497
5401.3223 0.9405
5402.5645 0.9430
5403.8105 0.9483
5405.0537 0.9502
5406.2969 0.9479
5407.5439 0.9355
5408.7876 0.9250
5410.0352 0.9284
5411.2798 0.9383
5412.5273 0.9404
5413.7725 0.9321
5415.0181 0.9336
5416.2666 0.9463
5417.5127 0.9474
5418.7617 0.9433
5420.0083 0.9478
5421.2583 0.9599
5422.5054 0.9603
5423.7529 0.9564
5425.0034 0.9540
5426.2515 0.9509
5427.5029 0.9423
5428.7515 0.9346
5430.0034 0.9477
5431.2524 0.9592
5432.5020 0.9522
5433.7549 0.9446
5435.0049 0.9480
5436.2578 0.9533
5437.5088 0.9461
5438.7627 0.9432
5440.0137 0.9501
5441.2651 0.9613
5442.5200 0.9696
5443.7720 0.9718
5445.0273 0.9709
5446.2798 0.9690
5447.5356 0.9626
5448.7891 0.9489
5450.0425 0.9364
5451.2993 0.9383
5452.5532 0.9551
5453.8105 0.9670
5455.0654 0.9691
5456.3232 0.9675
5457.5786 0.9603
5458.8340 0.9457
5460.0928 0.9417
5461.3486 0.9568
5462.6084 0.9684
5463.8647 0.9700
5465.1250 0.9610
5466.3823 0.9459
5467.6396 0.9417
5468.9004 0.9508
5470.1587 0.9550
5471.4199 0.9582
5472.6787 0.9636
5473.9404 0.9671
5475.1997 0.9655
5476.4624 0.9579
5477.7222 0.9517
5478.9824 0.9415
5480.2461 0.9268
5481.5068 0.9211
5482.7705 0.9374
5484.0322 0.9480
5485.2964 0.9506
5486.5586 0.9551
5487.8208 0.9626
5489.0859 0.9648
5490.3491 0.9587
5491.6147 0.9515
5492.8784 0.9546
5494.1450 0.9615
5495.4087 0.9640
5496.6729 0.9609
5497.9404 0.9576
5499.2056 0.9585
5500.4736 0.9553
5501.7388 0.9540
5503.0073 0.9573
5504.2734 0.9575
5505.5396 0.9454
5506.8096 0.9412
5508.0762 0.9482
5509.3462 0.9508
5510.6138 0.9468
5511.8843 0.9452
5513.1523 0.9442
5514.4209 0.9437
5515.6924 0.9485
5516.9614 0.9556
5518.2334 0.9610
5519.5029 0.9634
5520.7759 0.9640
5522.0459 0.9637
5523.3159 0.9626
5524.5898 0.9612
5525.8608 0.9608
5527.1348 0.9610
5528.4062 0.9581
5529.6812 0.9532
5530.9536 0.9476
5532.2256 0.9433
5533.5015 0.9458
5534.7744 0.9559
5536.0508 0.9593
5537.3242 0.9536
5538.6011 0.9426
5539.8755 0.9432
5541.1499 0.9542
5542.4277 0.9607
5543.7026 0.9628
5544.9810 0.9630
5546.2568 0.9572
5547.5356 0.9498
5548.8115 0.9470
5550.0884 0.9504
5551.3682 0.9554
5552.6450 0.9602
5553.9258 0.9628
5555.2031 0.9634
5556.4844 0.9606
5557.7627 0.9547
5559.0410 0.9527
5560.3232 0.9559
5561.6021 0.9570
5562.8848 0.9560
5564.1646 0.9545
5565.4473 0.9520
5566.7280 0.9479
5568.0083 0.9471
5569.2925 0.9468
5570.5737 0.9474
5571.8579 0.9475
5573.1401 0.9457
5574.4253 0.9464
5575.7075 0.9463
5576.9932 0.9438
5578.2764 0.9460
5579.5596 0.9499
5580.8462 0.9495
5582.1299 0.9531
5583.4170 0.9563
5584.7017 0.9582
5585.9893 0.9587
5587.2744 0.9587
5588.5601 0.9565
5589.8486 0.9443
5591.1348 0.9307
5592.4238 0.9298
5593.7104 0.9381
5595.0005 0.9447
5596.2876 0.9434
5597.5747 0.9404
5598.8657 0.9430
5600.1538 0.9501
5601.4448 0.9504
5602.7334 0.9451
5604.0254 0.9433
5605.3149 0.9402
5606.6045 0.9377
5607.8970 0.9450
5609.1870 0.9555
5610.4805 0.9608
5611.7715 0.9602
5613.0654 0.9596
5614.3569 0.9595
5615.6484 0.9606
5616.9434 0.9564
5618.2354 0.9432
5619.5308 0.9299
5620.8237 0.9364
5622.1201 0.9472
5623.4131 0.9503
5624.7070 0.9517
5626.0039 0.9527
5627.2983 0.9467
5628.5957 0.9361
5629.8906 0.9383
5631.1890 0.9466
5632.4844 0.9534
5633.7803 0.9571
5635.0791 0.9585
5636.3755 0.9557
5637.6753 0.9514
5638.9722 0.9493
5640.2725 0.9444
5641.5703 0.9392
5642.8682 0.9411
5644.1694 0.9452
5645.4678 0.9432
5646.7695 0.9436
5648.0684 0.9471
5649.3711 0.9510
5650.6704 0.9537
5651.9707 0.9544
5653.2739 0.9499
5654.5742 0.9472
5655.8784 0.9495
5657.1797 0.9493
5658.4839 0.9416
5659.7856 0.9389
5661.0879 0.9378
5662.3931 0.9306
5663.6958 0.9322
5665.0020 0.9377
5666.3052 0.9321
5667.6118 0.9312
5668.9155 0.9413
5670.2197 0.9470
5671.5273 0.9475
5672.8320 0.9475
5674.1401 0.9495
5675.4453 0.9523
5676.7539 0.9548
5678.0601 0.9533
5679.3696 0.9505
5680.6758 0.9493
5681.9829 0.9491
5683.2930 0.9467
5684.6006 0.9440
5685.9111 0.9354
5687.2192 0.9318
5688.5308 0.9358
5689.8394 0.9374
5691.1484 0.9328
5692.4609 0.9324
5693.7705 0.9390
5695.0835 0.9451
5696.3936 0.9465
5697.7070 0.9449
5699.0176 0.9433
5700.3286 0.9459
5701.6431 0.9477
5702.9551 0.9465
5704.2700 0.9428
5705.5825 0.9403
5706.8979 0.9430
5708.2109 0.9438
5709.5239 0.9381
5710.8408 0.9321
5712.1543 0.9276
5713.4717 0.9234
5714.7861 0.9264
5716.1040 0.9319
5717.4189 0.9375
5718.7339 0.9407
5720.0527 0.9420
5721.3687 0.9437
5722.6880 0.9443
5724.0044 0.9469
5725.3242 0.9489
5726.6416 0.9497
5727.9590 0.9498
5729.2798 0.9496
5730.5977 0.9483
5731.9194 0.9474
5733.2378 0.9478
5734.5601 0.9464
5735.8794 0.9439
5737.1987 0.9442
5738.5215 0.9476
5739.8418 0.9492
5741.1655 0.9493
5742.4863 0.9490
5743.8105 0.9484
5745.1318 0.9471
5746.4536 0.9464
5747.7783 0.9472
5749.1006 0.9483
5750.4268 0.9459
5751.7495 0.9416
5753.0757 0.9413
5754.3994 0.9439
5755.7231 0.9396
5757.0503 0.9314
5758.3745 0.9303
5759.7026 0.9373
5761.0273 0.9444
5762.3560 0.9463
5763.6816 0.9436
5765.0078 0.9382
5766.3369 0.9335
5767.6636 0.9346
5768.9937 0.9429
5770.3208 0.9479
5771.6514 0.9475
5772.9790 0.9457
5774.3071 0.9442
5775.6387 0.9431
5776.9673 0.9423
5778.2993 0.9419
5779.6289 0.9421
5780.9614 0.9451
5782.2915 0.9464
5783.6250 0.9422
5784.9556 0.9348
5786.2861 0.9308
5787.6206 0.9309
5788.9521 0.9321
5790.2871 0.9355
5791.6191 0.9398
5792.9546 0.9412
5794.2871 0.9389
5795.6201 0.9371
5796.9565 0.9385
5798.2900 0.9415
5799.6274 0.9429
5800.9614 0.9412
5802.2993 0.9392
5803.6338 0.9423
5804.9692 0.9453
5806.3076 0.9454
5807.6436 0.9413
5808.9824 0.9351
5810.3188 0.9338
5811.6587 0.9374
5812.9956 0.9405
5814.3330 0.9422
5815.6738 0.9428
5817.0117 0.9418
5818.3530 0.9398
5819.6914 0.9369
5821.0337 0.9375
5822.3726 0.9417
5823.7119 0.9453
5825.0552 0.9449
5826.3950 0.9435
5827.7388 0.9426
5829.0791 0.9432
5830.4233 0.9434
5831.7646 0.9434
5833.1064 0.9439
5834.4517 0.9425
5835.7935 0.9412
5837.1396 0.9419
5838.4824 0.9424
5839.8286 0.9424
5841.1719 0.9430
5842.5156 0.9429
5843.8633 0.9436
5845.2075 0.9444
5846.5552 0.9448
5847.9004 0.9446
5849.2490 0.9437
5850.5942 0.9421
5851.9404 0.9411
5853.2896 0.9414
5854.6362 0.9410
5855.9863 0.9356
5857.3335 0.9260
5858.6841 0.9252
5860.0322 0.9301
5861.3799 0.9283
5862.7319 0.9269
5864.0806 0.9297
5865.4326 0.9315
5866.7822 0.9309
5868.1348 0.9353
5869.4849 0.9398
5870.8350 0.9413
5872.1890 0.9411
5873.5400 0.9418
5874.8940 0.9417
5876.2456 0.9409
5877.6006 0.9405
5878.9531 0.9409
5880.3052 0.9412
5881.6611 0.9405
5883.0146 0.9397
5884.3711 0.9387
5885.7246 0.9380
5887.0820 0.9359
5888.4365 0.9340
5889.7939 0.9351
5891.1489 0.9345
5892.5044 0.9240
5893.8633 0.9063
5895.2192 0.9046
5896.5786 0.9180
5897.9351 0.9222
5899.2949 0.9122
5900.6523 0.9064
5902.0098 0.9180
5903.3706 0.9296
5904.7285 0.9325
5906.0903 0.9340
5907.4487 0.9346
5908.8110 0.9329
5910.1704 0.9311
5911.5303 0.9327
5912.8931 0.9355
5914.2534 0.9355
5915.6172 0.9354
5916.9780 0.9306
5918.3428 0.9243
5919.7041 0.9253
5921.0659 0.9318
5922.4312 0.9341
5923.7939 0.9340
5925.1597 0.9343
5926.5229 0.9339
5927.8896 0.9331
5929.2534 0.9331
5930.6172 0.9336
5931.9849 0.9300
5933.3496 0.9230
5934.7178 0.9217
5936.0830 0.9265
5937.4517 0.9302
5938.8179 0.9283
5940.1841 0.9305
5941.5537 0.9330
5942.9204 0.9334
5944.2910 0.9318
5945.6587 0.9299
5947.0298 0.9295
5948.3975 0.9314
5949.7661 0.9315
5951.1382 0.9278
5952.5073 0.9234
5953.8799 0.9229
5955.2495 0.9260
5956.6226 0.9247
5957.9932 0.9266
5959.3638 0.9293
5960.7378 0.9287
5962.1094 0.9268
5963.4839 0.9278
5964.8560 0.9292
5966.2314 0.9296
5967.6040 0.9304
5968.9766 0.9306
5970.3530 0.9294
5971.7266 0.9276
5973.1035 0.9280
5974.4780 0.9301
5975.8555 0.9310
5977.2305 0.9304
5978.6055 0.9276
5979.9839 0.9229
5981.3599 0.9208
5982.7388 0.9231
5984.1152 0.9266
5985.4951 0.9281
5986.8721 0.9241
5988.2495 0.9160
5989.6304 0.9148
5991.0083 0.9178
5992.3896 0.9219
5993.7681 0.9224
5995.1504 0.9199
5996.5298 0.9202
5997.9126 0.9260
5999.2920 0.9271
6000.6724 0.9228
6002.0562 0.9202
6003.4370 0.9224
6004.8213 0.9254
6006.2026 0.9235
6007.5874 0.9217
6008.9697 0.9239
6010.3521 0.9225
6011.7378 0.9162
6013.1211 0.9140
6014.5078 0.9207
6015.8911 0.9224
6017.2783 0.9197
6018.6626 0.9183
6020.0474 0.9188
6021.4355 0.9187
6022.8208 0.9181
6024.2095 0.9115
6025.5957 0.9098
6026.9849 0.9110
6028.3716 0.9124
6029.7583 0.9156
6031.1489 0.9177
6032.5361 0.9191
6033.9272 0.9212
6035.3154 0.9229
6036.7070 0.9236
6038.0957 0.9241
6039.4849 0.9239
6040.8774 0.9244
6042.2671 0.9249
6043.6606 0.9244
6045.0508 0.9216
6046.4448 0.9176
6047.8359 0.9183
6049.2271 0.9189
6050.6221 0.9193
6052.0142 0.9210
6053.4097 0.9229
6054.8022 0.9222
6056.1982 0.9183
6057.5918 0.9134
6058.9854 0.9124
6060.3823 0.9144
6061.7764 0.9179
6063.1743 0.9220
6064.5693 0.9222
6065.9678 0.9217
6067.3633 0.9207
6068.7588 0.9160
6070.1582 0.9122
6071.5547 0.9160
6072.9551 0.9195
6074.3521 0.9204
6075.7529 0.9211
6077.1504 0.9211
6078.5483 0.9208
6079.9502 0.9203
6081.3491 0.9162
6082.7515 0.9104
6084.1504 0.9125
6085.5537 0.9168
6086.9536 0.9162
6088.3540 0.9115
6089.7578 0.9101
6091.1587 0.9116
6092.5635 0.9146
6093.9648 0.9162
6095.3701 0.9162
6096.7725 0.9166
6098.1782 0.9168
6099.5811 0.9170
6100.9844 0.9169
6102.3911 0.9177
6103.7949 0.9180
6105.2026 0.9137
6106.6069 0.9040
6108.0151 0.9039
6109.4204 0.9119
6110.8257 0.9154
6112.2349 0.9136
6113.6411 0.9142
6115.0508 0.9135
6116.4575 0.9118
6117.8682 0.9129
6119.2754 0.9126
6120.6831 0.9111
6122.0947 0.9135
6123.5029 0.9159
6124.9150 0.9138
6126.3242 0.9102
6127.7368 0.9096
6129.1465 0.9115
6130.5566 0.9116
6131.9702 0.9100
6133.3809 0.9070
6134.7954 0.9070
6136.2065 0.9101
6137.6216 0.9131
6139.0337 0.9103
6140.4458 0.8971
6141.8618 0.8888
6143.2749 0.8992
6144.6914 0.9013
6146.1050 0.8927
6147.5220 0.8984
6148.9365 0.9090
6150.3511 0.9084
6151.7690 0.8994
6153.1846 0.8950
6154.6035 0.9007
6156.0190 0.9099
6157.4390 0.9107
6158.8555 0.9053
6160.2720 0.9020
6161.6929 0.9029
6163.1104 0.9053
6164.5312 0.9053
6165.9497 0.9000
6167.3711 0.8989
6168.7900 0.9032
6170.2095 0.9082
6171.6323 0.9100
6173.0518 0.9078
6174.4756 0.9028
6175.8960 0.9026
6177.3198 0.9039
6178.7412 0.9006
6180.1626 0.8960
6181.5874 0.8979
6183.0098 0.9029
6184.4355 0.9055
6185.8579 0.9083
6187.2847 0.9091
6188.7080 0.9075
6190.1318 0.9065
6191.5591 0.9055
6192.9834 0.9078
6194.4116 0.9027
6195.8364 0.8961
6197.2651 0.8976
6198.6909 0.9063
6200.1172 0.9079
6201.5469 0.9091
6202.9731 0.9077
6204.4038 0.9058
6205.8311 0.9066
6207.2622 0.9092
6208.6899 0.9084
6210.1216 0.9085
6211.5503 0.9088
6212.9795 0.9085
6214.4121 0.9078
6215.8418 0.9068
6217.2749 0.9028
6218.7056 0.8988
6220.1392 0.8996
6221.5703 0.9016
6223.0015 0.9004
6224.4365 0.8980
6225.8687 0.9011
6227.3042 0.9027
6228.7368 0.9027
6230.1729 0.9032
6231.6064 0.9035
6233.0400 0.8998
6234.4771 0.8906
6235.9116 0.8877
6237.3496 0.8927
6238.7842 0.8998
6240.2231 0.9010
6241.6587 0.8927
6243.0942 0.8853
6244.5342 0.8898
6245.9707 0.8974
6247.4111 0.8986
6248.8481 0.8927
6250.2891 0.8852
6251.7271 0.8786
6253.1650 0.8862
6254.6069 0.8957
6256.0459 0.8943
6257.4888 0.8865
6258.9282 0.8861
6260.3716 0.8886
6261.8115 0.8920
6263.2520 0.8948
6264.6963 0.8967
6266.1377 0.8980
6267.5825 0.8981
6269.0244 0.8958
6270.4702 0.8962
6271.9126 0.8991
6273.3555 0.8985
6274.8022 0.8950
6276.2456 0.8948
6277.6929 0.8970
6279.1372 0.8988
6280.5850 0.8943
6282.0298 0.8856
6283.4751 0.8805
6284.9238 0.8838
6286.3696 0.8880
6287.8193 0.8918
6289.2661 0.8944
6290.7163 0.8955
6292.1636 0.8951
6293.6108 0.8927
6295.0620 0.8876
6296.5103 0.8876
6297.9624 0.8907
6299.4111 0.8925
6300.8638 0.8913
6302.3135 0.8887
6303.7632 0.8860
6305.2168 0.8810
6306.6675 0.8784
6308.1216 0.8827
6309.5728 0.8890
6311.0278 0.8901
6312.4795 0.8926
6313.9316 0.8915
6315.3877 0.8906
6316.8403 0.8904
6318.2974 0.8872
6319.7510 0.8800
6321.2080 0.8801
6322.6621 0.8801
6324.1201 0.8842
6325.5752 0.8871
6327.0303 0.8870
6328.4893 0.8893
6329.9453 0.8921
6331.4048 0.8917
6332.8613 0.8912
6334.3218 0.8897
6335.7788 0.8879
6337.2363 0.8882
6338.6978 0.8869
6340.1558 0.8809
6341.6182 0.8792
6343.0767 0.8817
6344.5396 0.8861
6345.9990 0.8909
6347.4590 0.8911
6348.9229 0.8892
6350.3833 0.8805
6351.8477 0.8760
6353.3091 0.8820
6354.7739 0.8904
6356.2358 0.8910
6357.6982 0.8912
6359.1641 0.8901
6360.6270 0.8895
6362.0938 0.8894
6363.5576 0.8870
6365.0249 0.8848
6366.4893 0.8809
6367.9536 0.8820
6369.4224 0.8850
6370.8877 0.8860
6372.3564 0.8846
6373.8228 0.8795
6375.2925 0.8735
6376.7588 0.8777
6378.2261 0.8857
6379.6968 0.8888
6381.1646 0.8874
6382.6357 0.8856
6384.1040 0.8846
6385.5762 0.8847
6387.0454 0.8836
6388.5146 0.8806
6389.9878 0.8793
6391.4580 0.8840
6392.9316 0.8866
6394.4023 0.8870
6395.8770 0.8843
6397.3481 0.8789
6398.8198 0.8762
6400.2954 0.8843
6401.7681 0.8882
6403.2441 0.8809
6404.7173 0.8755
6406.1943 0.8795
6407.6680 0.8856
6409.1421 0.8857
6410.6196 0.8814
6412.0947 0.8754
6413.5732 0.8756
6415.0488 0.8786
6416.5278 0.8755
6418.0039 0.8781
6419.4805 0.8765
6420.9609 0.8730
6422.4380 0.8730
6423.9189 0.8732
6425.3970 0.8698
6426.8784 0.8755
6428.3569 0.8821
6429.8359 0.8829
6431.3184 0.8826
6432.7979 0.8825
6434.2812 0.8776
6435.7617 0.8703
6437.2456 0.8690
6438.7266 0.8750
6440.2114 0.8809
6441.6929 0.8803
6443.1748 0.8757
6444.6606 0.8775
6446.1431 0.8802
6447.6294 0.8805
6449.1128 0.8799
6450.6001 0.8798
6452.0840 0.8797
6453.5684 0.8792
6455.0566 0.8776
6456.5415 0.8793
6458.0303 0.8791
6459.5161 0.8710
6461.0054 0.8607
6462.4917 0.8669
6463.9785 0.8755
6465.4692 0.8744
6466.9565 0.8695
6468.4478 0.8700
6469.9360 0.8765
6471.4277 0.8777
6472.9165 0.8750
6474.4058 0.8737
6475.8984 0.8746
6477.3882 0.8759
6478.8818 0.8760
6480.3726 0.8748
6481.8667 0.8753
6483.3579 0.8771
6484.8496 0.8755
6486.3447 0.8701
6487.8369 0.8668
6489.3330 0.8705
6490.8262 0.8735
6492.3228 0.8747
6493.8164 0.8730
6495.3101 0.8689
6496.8081 0.8641
6498.3027 0.8569
6499.8013 0.8450
6501.2964 0.8417
6502.7954 0.8534
6504.2915 0.8689
6505.7876 0.8719
6507.2881 0.8730
6508.7852 0.8731
6510.2861 0.8729
6511.7837 0.8724
6513.2852 0.8720
6514.7837 0.8721
6516.2822 0.8721
6517.7852 0.8709
6519.2842 0.8640
6520.7876 0.8567
6522.2876 0.8563
6523.7920 0.8630
6525.2925 0.8675
6526.7939 0.8681
6528.2988 0.8676
6529.8008 0.8660
6531.3062 0.8639
6532.8091 0.8636
6534.3154 0.8656
6535.8184 0.8654
6537.3223 0.8628
6538.8296 0.8608
6540.3340 0.8608
6541.8423 0.8610
6543.3472 0.8598
6544.8560 0.8586
6546.3613 0.8568
6547.8677 0.8539
6549.3774 0.8494
6550.8843 0.8446
6552.3945 0.8445
6553.9019 0.8444
6555.4136 0.8422
6556.9214 0.8380
6558.4336 0.8322
6559.9424 0.8255
6561.4512 0.8186
6562.9644 0.8082
6564.4741 0.7943
6565.9878 0.7675
6567.4985 0.7451
6569.0127 0.7595
6570.5239 0.7890
6572.0356 0.8063
6573.5513 0.8146
6575.0635 0.8219
6576.5796 0.8292
6578.0923 0.8329
6579.6094 0.8354
6581.1230 0.8396
6582.6372 0.8436
6584.1548 0.8461
6585.6694 0.8477
6587.1885 0.8495
6588.7036 0.8502
6590.2231 0.8502
6591.7393 0.8510
6593.2554 0.8535
6594.7759 0.8544
6596.2930 0.8494
6597.8140 0.8442
6599.3320 0.8488
6600.8535 0.8533
6602.3721 0.8537
6603.8911 0.8541
6605.4141 0.8585
6606.9336 0.8597
6608.4570 0.8581
6609.9771 0.8564
6611.5015 0.8558
6613.0225 0.8555
6614.5439 0.8550
6616.0693 0.8560
6617.5913 0.8549
6619.1172 0.8550
6620.6396 0.8566
6622.1665 0.8578
6623.6899 0.8581
6625.2139 0.8580
6626.7417 0.8576
6628.2661 0.8577
6629.7944 0.8568
6631.3198 0.8547
6632.8486 0.8534
6634.3745 0.8543
6635.9009 0.8544
6637.4312 0.8502
6638.9580 0.8469
6640.4888 0.8493
6642.0166 0.8546
6643.5483 0.8555
6645.0767 0.8554
6646.6055 0.8525
6648.1382 0.8475
6649.6675 0.8460
6651.2007 0.8510
6652.7310 0.8535
6654.2651 0.8547
6655.7959 0.8548
6657.3271 0.8544
6658.8623 0.8540
6660.3940 0.8533
6661.9297 0.8530
6663.4624 0.8527
6664.9990 0.8523
6666.5322 0.8497
6668.0659 0.8469
6669.6035 0.8487
6671.1377 0.8515
6672.6763 0.8517
6674.2114 0.8504
6675.7505 0.8491
6677.2861 0.8489
6678.8257 0.8497
6680.3623 0.8486
6681.8989 0.8427
6683.4399 0.8403
6684.9775 0.8440
6686.5190 0.8490
6688.0571 0.8498
6689.5996 0.8498
6691.1382 0.8497
6692.6777 0.8486
6694.2212 0.8474
6695.7607 0.8469
6697.3052 0.8468
6698.8457 0.8464
6700.3906 0.8451
6701.9316 0.8444
6703.4736 0.8446
6705.0195 0.8454
6706.5620 0.8463
6708.1084 0.8452
6709.6519 0.8431
6711.1987 0.8431
6712.7427 0.8443
6714.2871 0.8451
6715.8354 0.8449
6717.3804 0.8431
6718.9292 0.8420
6720.4751 0.8407
6722.0249 0.8394
6723.5713 0.8390
6725.1177 0.8395
6726.6685 0.8384
6728.2163 0.8395
6729.7676 0.8390
6731.3159 0.8381
6732.8682 0.8393
6734.4170 0.8413
6735.9663 0.8408
6737.5195 0.8392
6739.0693 0.8388
6740.6235 0.8388
6742.1743 0.8382
6743.7290 0.8375
6745.2803 0.8382
6746.8320 0.8369
6748.3877 0.8353
6749.9404 0.8362
6751.4966 0.8367
6753.0498 0.8324
6754.6069 0.8314
6756.1611 0.8348
6757.7153 0.8374
6759.2734 0.8374
6760.8286 0.8348
6762.3877 0.8315
6763.9434 0.8337
6765.5029 0.8348
6767.0596 0.8356
6768.6162 0.8369
6770.1772 0.8357
6771.7344 0.8298
6773.2959 0.8283
6774.8540 0.8329
6776.4165 0.8336
6777.9756 0.8329
6779.5347 0.8341
6781.0981 0.8350
6782.6582 0.8358
6784.2222 0.8364
6785.7827 0.8354
6787.3477 0.8331
6788.9092 0.8315
6790.4707 0.8319
6792.0366 0.8324
6793.5991 0.8330
6795.1655 0.8325
6796.7290 0.8316
6798.2964 0.8305
6799.8604 0.8290
6801.4282 0.8291
6802.9927 0.8297
6804.5581 0.8294
6806.1270 0.8296
6807.6929 0.8300
6809.2627 0.8289
6810.8291 0.8291
6812.3994 0.8298
6813.9668 0.8290
6815.5342 0.8283
6817.1060 0.8284
6818.6743 0.8282
6820.2466 0.8284
6821.8154 0.8293
6823.3887 0.8285
6824.9585 0.8269
6826.5283 0.8268
6828.1025 0.8283
6829.6733 0.8283
6831.2485 0.8262
6832.8198 0.8223
6834.3955 0.8224
6835.9678 0.8260
6837.5405 0.8264
6839.1172 0.8262
6840.6904 0.8258
6842.2681 0.8251
6843.8418 0.8237
6845.4199 0.8211
6846.9946 0.8179
6848.5698 0.8188
6850.1494 0.8223
6851.7251 0.8240
6853.3052 0.8241
6854.8818 0.8238
6856.4624 0.8232
6858.0396 0.8219
6859.6177 0.8173
6861.1992 0.8150
6862.7778 0.8165
6864.3604 0.8184
6865.9395 0.8176
6867.5225 0.8185
6869.1025 0.8207
6870.6826 0.8216
6872.2671 0.8213
6873.8481 0.8210
6875.4331 0.8206
6877.0146 0.8198
6878.6006 0.8196
6880.1831 0.8194
6881.7656 0.8194
6883.3525 0.8196
6884.9360 0.8186
6886.5239 0.8158
6888.1079 0.8152
6889.6963 0.8163
6891.2812 0.8162
6892.8667 0.8157
6894.4561 0.8177
6896.0425 0.8184
6897.6323 0.8183
6899.2192 0.8178
6900.8105 0.8172
6902.3979 0.8167
6903.9858 0.8164
6905.5776 0.8163
6907.1665 0.8163
6908.7593 0.8160
6910.3486 0.8148
6911.9419 0.8139
6913.5322 0.8149
6915.1226 0.8146
6916.7173 0.8130
6918.3081 0.8111
6919.9038 0.8095
6921.4956 0.8095
6923.0918 0.8111
6924.6846 0.8115
6926.2812 0.8114
6927.8745 0.8112
6929.4683 0.8100
6931.0664 0.8095
6932.6606 0.8115
6934.2593 0.8117
6935.8545 0.8111
6937.4541 0.8097
6939.0498 0.8095
6940.6460 0.8106
6942.2466 0.8108
6943.8438 0.8106
6945.4448 0.8107
6947.0430 0.8103
6948.6445 0.8081
6950.2432 0.8059
6951.8423 0.8067
6953.4453 0.8082
6955.0449 0.8077
6956.6489 0.8067
6958.2490 0.8066
6959.8535 0.8069
6961.4546 0.8064
6963.0562 0.8071
6964.6621 0.8075
6966.2642 0.8064
6967.8706 0.8054
6969.4736 0.8058
6971.0806 0.8067
6972.6841 0.8066
6974.2886 0.8062
6975.8965 0.8054
6977.5015 0.8053
6979.1104 0.8053
6980.7158 0.8024
6982.3257 0.7977
6983.9321 0.7953
6985.5386 0.7985
6987.1494 0.8026
6988.7568 0.8040
6990.3687 0.8037
6991.9766 0.8026
6993.5889 0.8023
6995.1978 0.8023
6996.8071 0.8016
6998.4204 0.8006
7000.0303 0.8007
7001.6445 0.8013
7003.2554 0.7992
7004.8701 0.7975
7006.4819 0.7977
7008.0938 0.7973
7009.7095 0.7940
7011.3223 0.7947
7012.9390 0.7982
7014.5522 0.7993
7016.1699 0.7979
7017.7837 0.7966
7019.3984 0.7965
7021.0171 0.7922
7022.6323 0.7920
7024.2515 0.7965
7025.8677 0.7976
7027.4878 0.7932
7029.1045 0.7904
7030.7212 0.7930
7032.3428 0.7954
7033.9604 0.7954
7035.5825 0.7955
7037.2007 0.7960
7038.8237 0.7940
7040.4429 0.7920
7042.0664 0.7920
7043.6865 0.7924
7045.3066 0.7942
7046.9316 0.7963
7048.5527 0.7954
7050.1782 0.7956
7051.7998 0.7958
7053.4263 0.7952
7055.0488 0.7948
7056.6719 0.7945
7058.2988 0.7926
7059.9229 0.7915
7061.5508 0.7919
7063.1753 0.7931
7064.8037 0.7932
7066.4292 0.7921
7068.0547 0.7914
7069.6846 0.7905
7071.3110 0.7885
7072.9419 0.7880
7074.5688 0.7896
7076.2002 0.7915
7077.8281 0.7915
7079.4561 0.7925
7081.0889 0.7916
7082.7178 0.7907
7084.3511 0.7913
7085.9810 0.7917
7087.6147 0.7886
7089.2451 0.7855
7090.8760 0.7861
7092.5112 0.7880
7094.1431 0.7876
7095.7788 0.7859
7097.4111 0.7869
7099.0479 0.7881
7100.6812 0.7872
7102.3145 0.7871
7103.9521 0.7878
7105.5864 0.7883
7107.2251 0.7886
7108.8599 0.7887
7110.4995 0.7878
7112.1353 0.7862
7113.7715 0.7851
7115.4116 0.7841
7117.0483 0.7825
7118.6899 0.7824
7120.3271 0.7830
7121.9692 0.7832
7123.6079 0.7836
7125.2466 0.7827
7126.8896 0.7792
7128.5293 0.7805
7130.1729 0.7837
7131.8130 0.7847
7133.4580 0.7830
7135.0986 0.7801
7136.7402 0.7782
7138.3857 0.7805
7140.0283 0.7827
7141.6748 0.7836
7143.3174 0.7836
7144.9648 0.7833
7146.6084 0.7824
7148.2524 0.7812
7149.9009 0.7817
7151.5459 0.7792
7153.1948 0.7758
7154.8403 0.7761
7156.4902 0.7803
7158.1367 0.7813
7159.7832 0.7803
7161.4346 0.7799
7163.0820 0.7805
7164.7339 0.7808
7166.3818 0.7797
7168.0347 0.7766
7169.6836 0.7702
7171.3369 0.7718
7172.9863 0.7774
7174.6367 0.7800
7176.2910 0.7799
7177.9419 0.7799
7179.5972 0.7784
7181.2490 0.7759
7182.9048 0.7756
7184.5571 0.7757
7186.2100 0.7716
7187.8672 0.7723
7189.5210 0.7745
7191.1787 0.7719
7192.8330 0.7689
7194.4917 0.7701
7196.1465 0.7716
7197.8022 0.7683
7199.4619 0.7672
7201.1182 0.7688
7202.7788 0.7709
7204.4355 0.7717
7206.0972 0.7701
7207.7549 0.7673
7209.4131 0.7701
7211.0757 0.7674
7212.7344 0.7630
7214.3975 0.7644
7216.0571 0.7687
7217.7212 0.7682
7219.3818 0.7665
7221.0425 0.7667
7222.7075 0.7672
7224.3691 0.7663
7226.0352 0.7649
7227.6973 0.7616
7229.3643 0.7605
7231.0273 0.7628
7232.6909 0.7646
7234.3584 0.7650
7236.0229 0.7670
7237.6914 0.7675
7239.3564 0.7656
7241.0259 0.7640
7242.6919 0.7640
7244.3579 0.7640
7246.0283 0.7626
7247.6953 0.7635
7249.3667 0.7617
7251.0342 0.7618
7252.7065 0.7636
7254.3750 0.7631
7256.0439 0.7594
7257.7168 0.7608
7259.3867 0.7627
7261.0605 0.7628
7262.7310 0.7629
7264.4058 0.7620
7266.0771 0.7570
7267.7485 0.7564
7269.4243 0.7599
7271.0967 0.7612
7272.7734 0.7611
7274.4463 0.7613
7276.1240 0.7606
7277.7979 0.7596
7279.4722 0.7581
7281.1509 0.7574
7282.8257 0.7578
7284.5054 0.7585
7286.1812 0.7580
7287.8613 0.7556
7289.5376 0.7537
7291.2148 0.7548
7292.8960 0.7521
7294.5737 0.7460
7296.2559 0.7471
7297.9341 0.7492
7299.6172 0.7528
7301.2964 0.7556
7302.9800 0.7554
7304.6602 0.7534
7306.3408 0.7526
7308.0254 0.7534
7309.7065 0.7548
7311.3921 0.7524
7313.0742 0.7488
7314.7607 0.7470
7316.4434 0.7467
7318.1265 0.7498
7319.8140 0.7518
7321.4980 0.7518
7323.1860 0.7507
7324.8711 0.7491
7326.5601 0.7475
7328.2456 0.7495
7329.9312 0.7474
7331.6216 0.7446
7333.3081 0.7453
7334.9995 0.7472
7336.6865 0.7458
7338.3784 0.7469
7340.0669 0.7478
7341.7554 0.7488
7343.4482 0.7487
7345.1377 0.7478
7346.8315 0.7483
7348.5215 0.7480
7350.2163 0.7472
7351.9067 0.7471
7353.5981 0.7471
7355.2939 0.7463
7356.9858 0.7444
7358.6826 0.7433
7360.3755 0.7410
7362.0728 0.7414
7363.7661 0.7441
7365.4604 0.7449
7367.1587 0.7423
7368.8535 0.7414
7370.5527 0.7429
7372.2485 0.7443
7373.9487 0.7441
7375.6450 0.7429
7377.3418 0.7427
7379.0430 0.7419
7380.7402 0.7413
7382.4424 0.7423
7384.1406 0.7435
7385.8433 0.7430
7387.5425 0.7409
7389.2422 0.7395
7390.9458 0.7354
7392.6465 0.7327
7394.3511 0.7337
7396.0522 0.7367
7397.7573 0.7379
7399.4595 0.7355
7401.1616 0.7377
7402.8682 0.7403
7404.5713 0.7385
7406.2788 0.7354
7407.9824 0.7377
7409.6909 0.7380
7411.3955 0.7355
7413.1006 0.7319
7414.8101 0.7281
7416.5156 0.7279
7418.2261 0.7334
7419.9326 0.7300
7421.6436 0.7281
7423.3506 0.7317
7425.0586 0.7332
7426.7705 0.7280
7428.4795 0.7231
7430.1924 0.7282
7431.9014 0.7341
7433.6152 0.7376
7435.3257 0.7366
7437.0400 0.7337
7438.7510 0.7351
7440.4624 0.7379
7442.1777 0.7377
7443.8901 0.7363
7445.6064 0.7328
7447.3193 0.7284
7449.0366 0.7264
7450.7505 0.7235
7452.4644 0.7254
7454.1831 0.7269
7455.8979 0.7301
7457.6172 0.7348
7459.3325 0.7340
7461.0527 0.7321
7462.7690 0.7340
7464.4858 0.7351
7466.2070 0.7294
7467.9248 0.7225
7469.6470 0.7263
7471.3652 0.7285
7473.0884 0.7261
7474.8076 0.7252
7476.5269 0.7264
7478.2510 0.7270
7479.9712 0.7265
7481.6963 0.7279
7483.4175 0.7281
7485.1431 0.7277
7486.8652 0.7275
7488.5874 0.7279
7490.3145 0.7283
7492.0371 0.7266
7493.7651 0.7273
7495.4888 0.7259
7497.2173 0.7229
7498.9419 0.7196
7500.6670 0.7159
7502.3970 0.7187
7504.1226 0.7210
7505.8530 0.7213
7507.5801 0.7218
7509.3110 0.7227
7511.0386 0.7219
7512.7666 0.7220
7514.4990 0.7210
7516.2275 0.7175
7517.9609 0.7172
7519.6904 0.7196
7521.4243 0.7172
7523.1548 0.7199
7524.8853 0.7214
7526.6206 0.7188
7528.3521 0.7146
7530.0884 0.7136
7531.8203 0.7178
7533.5571 0.7199
7535.2905 0.7189
7537.0239 0.7162
7538.7617 0.7152
7540.4961 0.7168
7542.2349 0.7176
7543.9702 0.7171
7545.7095 0.7159
7547.4453 0.7153
7549.1816 0.7157
7550.9229 0.7159
7552.6597 0.7148
7554.4014 0.7151
7556.1392 0.7150
7557.8818 0.7146
7559.6201 0.7126
7561.3594 0.7107
7563.1030 0.7122
7564.8428 0.7112
7566.5874 0.7111
7568.3281 0.7120
7570.0732 0.7131
7571.8149 0.7133
7573.5610 0.7120
7575.3032 0.7114
7577.0459 0.7128
7578.7930 0.7113
7580.5366 0.7102
7582.2847 0.7119
7584.0288 0.7125
7585.7778 0.7121
7587.5229 0.7107
7589.2686 0.7079
7591.0186 0.7069
7592.7646 0.7086
7594.5156 0.7104
7596.2627 0.7105
7598.0142 0.7101
7599.7622 0.7093
7601.5107 0.7088
7603.2637 0.7089
7605.0127 0.7086
7606.7661 0.7069
7608.5161 0.7064
7610.2710 0.7064
7612.0215 0.7067
7613.7725 0.7067
7615.5283 0.7057
7617.2803 0.7056
7619.0366 0.7058
7620.7896 0.7031
7622.5469 0.6993
7624.3003 0.6977
7626.0542 0.6990
7627.8130 0.7020
7629.5679 0.7031
7631.3271 0.7031
7633.0825 0.7029
7634.8428 0.7026
7636.5991 0.7023
7638.3560 0.7020
7640.1172 0.7015
7641.8750 0.7014
7643.6372 0.7008
7645.3955 0.6998
7647.1587 0.6998
7648.9180 0.7001
7650.6772 0.6998
7652.4419 0.6995
7654.2021 0.6994
7655.9673 0.6991
7657.7285 0.6979
7659.4941 0.6945
7661.2563 0.6926
7663.0186 0.6903
7664.7856 0.6888
7666.5493 0.6897
7668.3169 0.6904
7670.0811 0.6860
7671.8496 0.6907
7673.6147 0.6944
7675.3799 0.6944
7677.1499 0.6945
7678.9160 0.6954
7680.6870 0.6954
7682.4536 0.6954
7684.2251 0.6932
7685.9932 0.6916
7687.7612 0.6928
7689.5342 0.6938
7691.3027 0.6929
7693.0767 0.6923
7694.8462 0.6919
7696.6206 0.6920
7698.3911 0.6924
7700.1621 0.6920
7701.9380 0.6908
7703.7100 0.6876
7705.4863 0.6877
7707.2588 0.6902
7709.0361 0.6916
7710.8096 0.6911
7712.5879 0.6910
7714.3618 0.6887
7716.1367 0.6846
7717.9160 0.6830
7719.6914 0.6853
7721.4717 0.6874
7723.2480 0.6887
7725.0288 0.6879
7726.8062 0.6861
7728.5835 0.6841
7730.3657 0.6826
7732.1440 0.6825
7733.9272 0.6834
7735.7065 0.6860
7737.4902 0.6865
7739.2700 0.6858
7741.0508 0.6862
7742.8354 0.6869
7744.6167 0.6868
7746.4028 0.6851
7748.1851 0.6820
7749.9717 0.6801
7751.7544 0.6788
7753.5376 0.6755
7755.3257 0.6778
7757.1099 0.6821
7758.8984 0.6842
7760.6836 0.6830
7762.4731 0.6810
7764.2588 0.6817
7766.0449 0.6825
7767.8359 0.6823
7769.6226 0.6806
7771.4146 0.6797
7773.2021 0.6797
7774.9946 0.6771
7776.7832 0.6696
7778.5723 0.6634
7780.3662 0.6618
7782.1558 0.6661
7783.9507 0.6708
7785.7412 0.6680
7787.5366 0.6698
7789.3281 0.6738
7791.1201 0.6752
7792.9165 0.6732
7794.7095 0.6711
7796.5068 0.6729
7798.3003 0.6749
7800.0986 0.6750
7801.8931 0.6714
7803.6880 0.6678
7805.4873 0.6685
7807.2832 0.6739
7809.0835 0.6788
7810.8799 0.6760
7812.6812 0.6737
7814.4785 0.6744
7816.2759 0.6739
7818.0786 0.6706
7819.8770 0.6725
7821.6802 0.6745
7823.4795 0.6757
7825.2837 0.6769
7827.0840 0.6779
7828.8843 0.6773
7830.6899 0.6763
7832.4912 0.6725
7834.2974 0.6736
7836.0996 0.6720
7837.9067 0.6656
7839.7100 0.6671
7841.5132 0.6683
7843.3213 0.6700
7845.1260 0.6712
7846.9351 0.6715
7848.7402 0.6721
7850.5498 0.6739
7852.3560 0.6749
7854.1665 0.6756
7855.9736 0.6709
7857.7808 0.6690
7859.5928 0.6721
7861.4009 0.6688
7863.2139 0.6684
7865.0225 0.6661
7866.8364 0.6639
7868.6460 0.6618
7870.4561 0.6581
7872.2710 0.6537
7874.0820 0.6545
7875.8979 0.6580
7877.7100 0.6643
7879.5264 0.6676
7881.3389 0.6649
7883.1519 0.6627
7884.9697 0.6681
7886.7837 0.6650
7888.6025 0.6617
7890.4175 0.6613
7892.2368 0.6608
7894.0522 0.6593
7895.8687 0.6604
7897.6890 0.6649
7899.5059 0.6624
7901.3276 0.6561
7903.1455 0.6553
7904.9678 0.6610
7906.7861 0.6611
7908.6055 0.6602
7910.4292 0.6586
7912.2485 0.6585
7914.0732 0.6599
7915.8940 0.6585
7917.7192 0.6541
7919.5405 0.6535
7921.3628 0.6545
7923.1895 0.6548
7925.0122 0.6550
7926.8394 0.6561
7928.6631 0.6518
7930.4912 0.6505
7932.3159 0.6504
7934.1406 0.6498
7935.9702 0.6466
7937.7959 0.6401
7939.6265 0.6393
7941.4526 0.6358
7943.2842 0.6332
7945.1113 0.6356
7946.9390 0.6394
7948.7720 0.6371
7950.6006 0.6355
7952.4336 0.6374
7954.2632 0.6424
7956.0977 0.6462
7957.9277 0.6467
7959.7583 0.6465
7961.5938 0.6481
7963.4253 0.6485
7965.2617 0.6501
7967.0942 0.6497
7968.9316 0.6464
7970.7646 0.6457
7972.5981 0.6464
7974.4370 0.6463
7976.2715 0.6471
7978.1108 0.6478
7979.9458 0.6478
7981.7861 0.6493
7983.6226 0.6485
7985.4590 0.6474
7987.3003 0.6476
7989.1377 0.6484
7990.9800 0.6489
7992.8184 0.6495
7994.6616 0.6473
7996.5005 0.6452
7998.3447 0.6420
8000.1846 0.6393
8002.0249 0.6389
8003.8706 0.6395
8005.7114 0.6411
8007.5576 0.6444
8009.3999 0.6450
8011.2471 0.6442
8013.0898 0.6438
8014.9331 0.6413
8016.7812 0.6376
8018.6255 0.6372
8020.4746 0.6403
8022.3198 0.6424
8024.1699 0.6414
8026.0156 0.6410
8027.8623 0.6414
8029.7134 0.6394
8031.5605 0.6384
8033.4126 0.6377
8035.2607 0.6375
8037.1138 0.6410
8038.9624 0.6401
8040.8120 0.6360
8042.6660 0.6373
8044.5161 0.6404
8046.3711 0.6396
8048.2222 0.6371
8050.0781 0.6333
8051.9302 0.6313
8053.7827 0.6318
8055.6396 0.6341
8057.4927 0.6374
8059.3511 0.6392
8061.2051 0.6360
8063.0640 0.6351
8064.9189 0.6333
8066.7739 0.6308
8068.6343 0.6301
8070.4902 0.6309
8072.3516 0.6319
8074.2085 0.6328
8076.0703 0.6322
8077.9282 0.6320
8079.7866 0.6331
8081.6499 0.6327
8083.5088 0.6330
8085.3730 0.6315
8087.2329 0.6308
8089.0981 0.6296
8090.9590 0.6278
8092.8203 0.6291
8094.6865 0.6291
8096.5483 0.6267
8098.4155 0.6253
8100.2788 0.6262
8102.1465 0.6269
8104.0103 0.6249
8105.8745 0.6262
8107.7441 0.6276
8109.6089 0.6276
8111.4790 0.6271
8113.3452 0.6268
8115.2163 0.6263
8117.0830 0.6259
8118.9502 0.6258
8120.8228 0.6253
8122.6909 0.6249
8124.5640 0.6249
8126.4326 0.6248
8128.3066 0.6245
8130.1768 0.6242
8132.0513 0.6238
8133.9224 0.6234
8135.7935 0.6232
8137.6694 0.6229
8139.5415 0.6227
8141.4185 0.6224
8143.2915 0.6220
8145.1694 0.6213
8147.0430 0.6208
8148.9175 0.6207
8150.7964 0.6207
8152.6714 0.6205
8154.5513 0.6194
8156.4272 0.6184
8158.3081 0.6188
8160.1851 0.6192
8162.0625 0.6190
8163.9443 0.6189
8165.8228 0.6178
8167.7056 0.6165
8169.5845 0.6165
8171.4683 0.6175
8173.3481 0.6172
8175.2285 0.6168
8177.1138 0.6164
8178.9951 0.6160
8180.8809 0.6159
8182.7632 0.6156
8184.6499 0.6144
8186.5327 0.6136
8188.4160 0.6103
8190.3042 0.6089
8192.1885 0.6116
8194.0771 0.6123
8195.9629 0.6133
8197.8525 0.6130
8199.7383 0.6081
8201.6250 0.6057
8203.5156 0.6088
8205.4033 0.6085
8207.2959 0.6080
8209.1836 0.6088
8211.0762 0.6090
8212.9658 0.6084
8214.8545 0.6079
8216.7490 0.6082
8218.6396 0.6077
8220.5342 0.6069
8222.4258 0.6076
8224.3223 0.6065
8226.2139 0.6033
8228.1064 0.6044
8230.0039 0.6073
8231.8965 0.6080
8233.7949 0.6073
8235.6895 0.6044
8237.5889 0.6012
8239.4834 0.6033
8241.3789 0.6051
8243.2793 0.6049
8245.1758 0.6041
8247.0771 0.6040
8248.9746 0.6047
8250.8770 0.6047
8252.7744 0.6023
8254.6729 0.5985
8256.5771 0.6006
8258.4766 0.6033
8260.3809 0.6019
8262.2812 0.6017
8264.1865 0.6019
8266.0869 0.6019
8267.9893 0.6012
8269.8955 0.6004
8271.7979 0.6004
8273.7051 0.6007
8275.6084 0.6000
8277.5166 0.6000
8279.4209 0.5993
8281.3301 0.5983
8283.2354 0.5983
8285.1416 0.5990
8287.0518 0.5988
8288.9580 0.5983
8290.8691 0.5977
8292.7773 0.5961
8294.6895 0.5947
8296.5977 0.5960
8298.5059 0.5953
8300.4199 0.5943
8302.3291 0.5950
8304.2432 0.5955
8306.1543 0.5949
8308.0693 0.5952
8309.9805 0.5943
8311.8926 0.5926
8313.8086 0.5923
8315.7217 0.5925
8317.6396 0.5925
8319.5527 0.5940
8321.4707 0.5936
8323.3857 0.5923
8325.2998 0.5919
8327.2197 0.5920
8329.1357 0.5910
8331.0566 0.5886
8332.9727 0.5836
8334.8945 0.5857
8336.8115 0.5862
8338.7295 0.5834
8340.6523 0.5818
8342.5713 0.5834
8344.4951 0.5860
8346.4150 0.5866
8348.3398 0.5883
8350.2598 0.5881
8352.1807 0.5855
8354.1074 0.5867
8356.0293 0.5878
8357.9561 0.5879
8359.8789 0.5877
8361.8066 0.5870
8363.7295 0.5858
8365.6543 0.5855
8367.5830 0.5862
8369.5078 0.5863
8371.4375 0.5846
8373.3643 0.5837
8375.2949 0.5847
8377.2217 0.5840
8379.1484 0.5826
8381.0811 0.5829
8383.0088 0.5837
8384.9424 0.5839
8386.8711 0.5838
8388.8047 0.5838
8390.7344 0.5827
8392.6650 0.5771
8394.6006 0.5756
8396.5312 0.5787
8398.4678 0.5809
8400.3994 0.5798
8402.3369 0.5797
8404.2695 0.5806
8406.2031 0.5811
8408.1416 0.5805
8410.0762 0.5790
8412.0156 0.5780
8413.9502 0.5777
8415.8906 0.5764
8417.8271 0.5763
8419.7637 0.5762
8421.7051 0.5751
8423.6426 0.5750
8425.5850 0.5757
8427.5234 0.5760
8429.4668 0.5754
8431.4053 0.5754
8433.3496 0.5764
8435.2900 0.5762
8437.2305 0.5750
8439.1758 0.5738
8441.1172 0.5723
8443.0645 0.5706
8445.0059 0.5695
8446.9541 0.5700
8448.8965 0.5719
8450.8408 0.5665
8452.7891 0.5624
8454.7344 0.5657
8456.6836 0.5717
8458.6289 0.5707
8460.5791 0.5717
8462.5254 0.5723
8464.4727 0.5715
8466.4248 0.5701
8468.3721 0.5689
8470.3252 0.5672
8472.2734 0.5639
8474.2275 0.5600
8476.1768 0.5616
8478.1270 0.5655
8480.0820 0.5672
8482.0322 0.5686
8483.9883 0.5685
8485.9404 0.5680
8487.8975 0.5676
8489.8496 0.5673
8491.8027 0.5671
8493.7607 0.5664
8495.7148 0.5658
8497.6738 0.5635
8499.6289 0.5646
8501.5889 0.5584
8503.5449 0.5434
8505.5010 0.5429
8507.4619 0.5505
8509.4199 0.5530
8511.3818 0.5564
8513.3398 0.5594
8515.3027 0.5593
8517.2617 0.5601
8519.2217 0.5570
8521.1855 0.5552
8523.1465 0.5581
8525.1113 0.5610
8527.0723 0.5608
8529.0391 0.5613
8531.0010 0.5597
8532.9639 0.5575
8534.9316 0.5578
8536.8945 0.5584
8538.8633 0.5571
8540.8281 0.5557
8542.7969 0.5514
8544.7627 0.5512
8546.7285 0.5329
8548.6992 0.5193
8550.6660 0.5321
8552.6377 0.5440
8554.6045 0.5469
8556.5771 0.5489
8558.5459 0.5514
8560.5146 0.5507
8562.4893 0.5474
8564.4590 0.5489
8566.4336 0.5521
8568.4043 0.5524
8570.3799 0.5524
8572.3516 0.5526
8574.3242 0.5520
8576.3008 0.5514
8578.2744 0.5504
8580.2520 0.5509
8582.2256 0.5510
8584.2051 0.5508
8586.1797 0.5503
8588.1602 0.5479
8590.1357 0.5466
8592.1113 0.5446
8594.0928 0.5449
8596.0703 0.5449
8598.0527 0.5415
8600.0303 0.5375
8602.0137 0.5336
8603.9922 0.5297
8605.9717 0.5305
8607.9561 0.5347
8609.9365 0.5379
8611.9219 0.5388
8613.9033 0.5401
8615.8896 0.5402
8617.8711 0.5392
8619.8535 0.5397
8621.8418 0.5416
8623.8252 0.5417
8625.8135 0.5431
8627.7979 0.5424
8629.7881 0.5431
8631.7725 0.5441
8633.7588 0.5431
8635.7500 0.5417
8637.7363 0.5415
8639.7285 0.5412
8641.7158 0.5411
8643.7080 0.5412
8645.6973 0.5408
8647.6855 0.5401
8649.6797 0.5397
8651.6699 0.5381
8653.6650 0.5331
8655.6553 0.5309
8657.6514 0.5342
8659.6436 0.5335
8661.6357 0.5309
8663.6328 0.5302
8665.6260 0.5221
8667.6240 0.5061
8669.6182 0.4977
8671.6172 0.5112
8673.6123 0.5166
8675.6074 0.5186
8677.6084 0.5211
8679.6045 0.5231
8681.6055 0.5246
8683.6025 0.5274
8685.6055 0.5238
8687.6035 0.5246
8689.6025 0.5286
8691.6055 0.5292
8693.6055 0.5251
8695.6104 0.5236
8697.6104 0.5307
8699.6162 0.5284
8701.6172 0.5275
8703.6191 0.5299
8705.6260 0.5304
8707.6289 0.5300
8709.6367 0.5295
8711.6406 0.5301
8713.6494 0.5306
8715.6543 0.5283
8717.6592 0.5248
8719.6699 0.5263
8721.6758 0.5287
8723.6865 0.5272
8725.6934 0.5264
8727.7061 0.5271
8729.7129 0.5275
8731.7217 0.5266
8733.7354 0.5226
8735.7441 0.5214
8737.7588 0.5236
8739.7686 0.5232
8741.7842 0.5187
8743.7949 0.5178
8745.8115 0.5185
8747.8232 0.5150
8749.8359 0.5130
8751.8535 0.5115
8753.8672 0.5062
8755.8857 0.4985
8757.9004 0.4959
8759.9199 0.5023
8761.9346 0.5074
8763.9502 0.5100
8765.9717 0.5135
8767.9883 0.5152
8770.0098 0.5132
8772.0273 0.5155
8774.0498 0.5182
8776.0684 0.5187
8778.0879 0.5167
8780.1113 0.5135
8782.1318 0.5175
8784.1562 0.5194
8786.1777 0.5188
8788.2031 0.5183
8790.2256 0.5187
8792.2471 0.5187
8794.2754 0.5180
8796.2979 0.5144
8798.3262 0.5120
8800.3506 0.5130
8802.3799 0.5156
8804.4053 0.5170
8806.4307 0.5175
8808.4609 0.5180
8810.4873 0.5139
8812.5195 0.5074
8814.5459 0.5060
8816.5791 0.5130
8818.6074 0.5154
8820.6357 0.5153
8822.6699 0.5146
8824.6992 0.5139
8826.7344 0.5131
8828.7646 0.5111
8830.8008 0.5063
8832.8330 0.5093
8834.8643 0.5116
8836.9014 0.5106
8838.9346 0.5096
8840.9727 0.5089
8843.0068 0.5068
8845.0459 0.5043
8847.0811 0.5047
8849.1162 0.5057
8851.1562 0.5038
8853.1924 0.5016
8855.2344 0.5014
8857.2715 0.5007
8859.3145 0.4998
8861.3516 0.4983
8863.3906 0.4956
8865.4346 0.4914
8867.4736 0.4838
8869.5186 0.4790
8871.5596 0.4825
8873.6045 0.4888
8875.6465 0.4924
8877.6885 0.4964
8879.7354 0.4963
8881.7783 0.4961
8883.8262 0.4969
8885.8701 0.4976
8887.9189 0.4973
8889.9639 0.4966
8892.0088 0.4975
8894.0596 0.4988
8896.1055 0.4984
8898.1562 0.4968
8900.2041 0.4960
8902.2559 0.4973
8904.3037 0.4966
8906.3574 0.4960
8908.4062 0.4961
8910.4561 0.4962
8912.5107 0.4958
8914.5605 0.4952
8916.6162 0.4934
8918.6680 0.4908
8920.7246 0.4923
8922.7764 0.4943
8924.8291 0.4926
8926.8867 0.4914
8928.9404 0.4912
8931.0000 0.4903
8933.0547 0.4874
8935.1143 0.4866
8937.1699 0.4897
8939.2256 0.4911
8941.2871 0.4912
8943.3438 0.4911
8945.4062 0.4909
8947.4639 0.4901
8949.5273 0.4884
8951.5859 0.4861
8953.6455 0.4860
8955.7100 0.4866
8957.7705 0.4878
8959.8359 0.4885
8961.8975 0.4882
8963.9639 0.4880
8966.0264 0.4876
8968.0889 0.4872
8970.1572 0.4865
8972.2207 0.4848
8974.2891 0.4833
8976.3535 0.4846
8978.4238 0.4853
8980.4893 0.4839
8982.5557 0.4823
8984.6270 0.4818
8986.6934 0.4827
8988.7656 0.4835
8990.8340 0.4826
8992.9072 0.4823
8994.9756 0.4822
8997.0449 0.4818
8999.1201 0.4813
9001.1904 0.4808
9003.2656 0.4798
9005.3369 0.4770
9007.4131 0.4770
9009.4854 0.4785
9011.5586 0.4780
9013.6357 0.4752
9015.7100 0.4708
9017.7891 0.4684
9019.8633 0.4623
9021.9434 0.4588
9024.0186 0.4646
9026.0947 0.4704
9028.1758 0.4710
9030.2529 0.4724
9032.3350 0.4740
9034.4131 0.4746
9036.4971 0.4746
9038.5752 0.4747
9040.6543 0.4746
9042.7393 0.4734
9044.8193 0.4735
9046.9053 0.4744
9048.9863 0.4742
9051.0732 0.4739
9053.1553 0.4737
9055.2383 0.4732
9057.3262 0.4722
9059.4102 0.4720
9061.4990 0.4726
9063.5840 0.4720
9065.6738 0.4704
9067.7588 0.4629
9069.8506 0.4634
9071.9365 0.4695
9074.0234 0.4710
9076.1162 0.4700
9078.2041 0.4696
9080.2979 0.4699
9082.3867 0.4679
9084.4805 0.4642
9086.5703 0.4631
9088.6611 0.4673
9090.7568 0.4682
9092.8486 0.4653
9094.9453 0.4598
9097.0371 0.4601
9099.1348 0.4654
9101.2285 0.4598
9103.3223 0.4624
9105.4209 0.4636
9107.5156 0.4639
9109.6162 0.4639
9111.7119 0.4633
9113.8125 0.4633
9115.9092 0.4629
9118.0068 0.4582
9120.1094 0.4593
9122.2070 0.4623
9124.3105 0.4603
9126.4102 0.4601
9128.5146 0.4617
9130.6143 0.4617
9132.7148 0.4613
9134.8213 0.4610
9136.9219 0.4605
9139.0293 0.4604
9141.1318 0.4602
9143.2393 0.4597
9145.3428 0.4592
9147.4473 0.4591
9149.5566 0.4587
9151.6611 0.4572
9153.7715 0.4548
9155.8770 0.4563
9157.9883 0.4576
9160.0957 0.4571
9162.2031 0.4566
9164.3154 0.4565
9166.4238 0.4564
9168.5371 0.4556
9170.6465 0.4545
9172.7617 0.4543
9174.8711 0.4548
9176.9824 0.4541
9179.0986 0.4526
9181.2100 0.4521
9183.3271 0.4524
9185.4395 0.4525
9187.5576 0.4520
9189.6719 0.4517
9191.7852 0.4519
9193.9053 0.4517
9196.0205 0.4515
9198.1406 0.4512
9200.2568 0.4508
9202.3789 0.4505
9204.4951 0.4494
9206.6133 0.4487
9208.7363 0.4484
9210.8545 0.4483
9212.9785 0.4477
9215.0977 0.4458
9217.2227 0.4433
9219.3428 0.4412
9221.4639 0.4426
9223.5908 0.4433
9225.7129 0.4413
9227.8398 0.4432
9229.9629 0.4416
9232.0908 0.4383
9234.2148 0.4289
9236.3447 0.4245
9238.4688 0.4330
9240.5947 0.4385
9242.7256 0.4382
9244.8516 0.4372
9246.9834 0.4398
9249.1104 0.4413
9251.2432 0.4385
9253.3721 0.4389
9255.5010 0.4407
9257.6348 0.4407
9259.7646 0.4382
9261.8994 0.4359
9264.0303 0.4359
9266.1670 0.4366
9268.2988 0.4374
9270.4307 0.4369
9272.5684 0.4373
9274.7012 0.4385
9276.8398 0.4391
9278.9746 0.4387
9281.1143 0.4385
9283.2490 0.4382
9285.3848 0.4378
9287.5264 0.4374
9289.6621 0.4372
9291.8047 0.4367
9293.9424 0.4362
9296.0850 0.4345
9298.2236 0.4342
9300.3633 0.4346
9302.5078 0.4341
9304.6475 0.4344
9306.7930 0.4345
9308.9346 0.4343
9311.0811 0.4337
9313.2227 0.4332
9315.3652 0.4327
9317.5137 0.4322
9319.6572 0.4323
9321.8057 0.4323
9323.9502 0.4306
9326.1006 0.4297
9328.2461 0.4309
9330.3916 0.4305
9332.5439 0.4302
9334.6904 0.4302
9336.8428 0.4302
9338.9912 0.4297
9341.1445 0.4288
9343.2939 0.4290
9345.4434 0.4288
9347.5977 0.4285
9349.7480 0.4274
9351.9043 0.4269
9354.0557 0.4272
9356.2129 0.4256
9358.3652 0.4253
9360.5186 0.4258
9362.6768 0.4255
9364.8301 0.4245
9366.9902 0.4236
9369.1445 0.4233
9371.3057 0.4243
9373.4609 0.4245
9375.6172 0.4242
9377.7793 0.4231
9379.9365 0.4215
9382.0996 0.4224
9384.2578 0.4228
9386.4219 0.4222
9388.5820 0.4218
9390.7461 0.4215
9392.9072 0.4207
9395.0674 0.4198
9397.2344 0.4201
9399.3965 0.4192
9401.5635 0.4190
9403.7266 0.4196
9405.8945 0.4190
9408.0586 0.4173
9410.2227 0.4166
9412.3926 0.4123
9414.5586 0.4132
9416.7295 0.4164
9418.8955 0.4128
9421.0674 0.4067
9423.2344 0.4123
9425.4023 0.4159
9427.5762 0.4149
9429.7451 0.4139
9431.9189 0.4153
9434.0889 0.4150
9436.2646 0.4138
9438.4355 0.4121
9440.6064 0.4124
9442.7832 0.4116
9444.9561 0.4085
9447.1338 0.4108
9449.3076 0.4115
9451.4863 0.4097
9453.6602 0.4093
9455.8350 0.4106
9458.0156 0.4109
9460.1914 0.4091
9462.3730 0.4091
9464.5498 0.4099
9466.7324 0.4099
9468.9102 0.4087
9471.0889 0.4075
9473.2725 0.4082
9475.4521 0.4085
9477.6367 0.4082
9479.8174 0.4076
9482.0029 0.4073
9484.1846 0.4074
9486.3662 0.4072
9488.5537 0.4067
9490.7363 0.4062
9492.9258 0.4056
9495.1094 0.4054
9497.2988 0.4056
9499.4834 0.4050
9501.6689 0.4043
9503.8604 0.4040
9506.0459 0.4040
9508.2383 0.4036
9510.4258 0.4026
9512.6191 0.4013
9514.8076 0.4019
9516.9961 0.4020
9519.1904 0.4016
9521.3809 0.4013
9523.5762 0.4012
9525.7666 0.4002
9527.9639 0.3998
9530.1553 0.3999
9532.3477 0.3993
9534.5459 0.3982
9536.7393 0.3974
9538.9385 0.3973
9541.1328 0.3963
9543.3330 0.3956
9545.5283 0.3947
9547.7246 0.3932
9549.9268 0.3890
9552.1230 0.3798
9554.3262 0.3803
9556.5234 0.3870
9558.7275 0.3912
9560.9268 0.3920
9563.1309 0.3928
9565.3311 0.3931
9567.5322 0.3933
9569.7383 0.3927
9571.9395 0.3931
9574.1465 0.3929
9576.3496 0.3910
9578.5576 0.3907
9580.7607 0.3907
9582.9648 0.3913
9585.1748 0.3918
9587.3799 0.3918
9589.5908 0.3914
9591.7969 0.3908
9594.0088 0.3903
9596.2158 0.3906
9598.4238 0.3899
9600.6367 0.3891
9602.8457 0.3891
9605.0596 0.3886
9607.2695 0.3877
9609.4854 0.3852
9611.6953 0.3849
9613.9062 0.3863
9616.1240 0.3868
9618.3359 0.3874
9620.5537 0.3869
9622.7666 0.3871
9624.9863 0.3854
9627.2002 0.3827
9629.4150 0.3825
9631.6357 0.3839
9633.8516 0.3822
9636.0723 0.3839
9638.2891 0.3837
9640.5117 0.3819
9642.7295 0.3821
9644.9482 0.3814
9647.1719 0.3819
9649.3916 0.3825
9651.6172 0.3822
9653.8369 0.3810
9656.0635 0.3796
9658.2842 0.3795
9660.5068 0.3797
9662.7344 0.3786
9664.9570 0.3758
9667.1855 0.3758
9669.4102 0.3797
9671.6396 0.3788
9673.8643 0.3789
9676.0898 0.3780
9678.3213 0.3769
9680.5479 0.3760
9682.7803 0.3754
9685.0078 0.3758
9687.2412 0.3751
9689.4697 0.3754
9691.6982 0.3759
9693.9336 0.3751
9696.1631 0.3735
9698.3994 0.3733
9700.6299 0.3736
9702.8672 0.3740
9705.0996 0.3740
9707.3320 0.3736
9709.5703 0.3730
9711.8047 0.3722
9714.0439 0.3721
9716.2783 0.3725
9718.5186 0.3724
9720.7549 0.3720
9722.9912 0.3717
9725.2334 0.3712
9727.4707 0.3709
9729.7139 0.3705
9731.9521 0.3702
9734.1963 0.3694
9736.4355 0.3685
9738.6807 0.3690
9740.9209 0.3684
9743.1621 0.3666
9745.4082 0.3647
9747.6504 0.3648
9749.8984 0.3665
9752.1416 0.3661
9754.3896 0.3650
9756.6338 0.3655
9758.8789 0.3662
9761.1289 0.3660
9763.3740 0.3657
9765.6260 0.3650
9767.8721 0.3646
9770.1250 0.3626
9772.3721 0.3625
9774.6201 0.3633
9776.8750 0.3625
9779.1240 0.3630
9781.3789 0.3631
9783.6289 0.3628
9785.8848 0.3625
9788.1367 0.3617
9790.3877 0.3602
9792.6455 0.3596
9794.8984 0.3587
9797.1572 0.3594
9799.4111 0.3601
9801.6709 0.3598
9803.9258 0.3587
9806.1807 0.3579
9808.4424 0.3577
9810.6982 0.3584
9812.9609 0.3586
9815.2188 0.3579
9817.4814 0.3575
9819.7402 0.3570
9821.9990 0.3570
9824.2646 0.3569
9826.5244 0.3561
9828.7900 0.3553
9831.0518 0.3553
9833.3184 0.3550
9835.5801 0.3544
9837.8428 0.3543
9840.1113 0.3535
9842.3750 0.3528
9844.6455 0.3533
9846.9102 0.3529
9849.1807 0.3528
9851.4463 0.3526
9853.7129 0.3523
9855.9844 0.3519
9858.2520 0.3513
9860.5254 0.3504
9862.7939 0.3498
9865.0684 0.3499
9867.3379 0.3488
9869.6074 0.3480
9871.8838 0.3493
9874.1543 0.3492
9876.4316 0.3488
9878.7031 0.3483
9880.9814 0.3481
9883.2549 0.3481
9885.5283 0.3478
9887.8076 0.3470
9890.0830 0.3466
9892.3633 0.3467
9894.6387 0.3449
9896.9209 0.3426
9899.1973 0.3429
9901.4746 0.3449
9903.7578 0.3447
9906.0361 0.3427
9908.3203 0.3428
9910.5996 0.3437
9912.8857 0.3429
9915.1660 0.3430
9917.4521 0.3424
9919.7334 0.3407
9922.0156 0.3405
9924.3037 0.3414
9926.5869 0.3417
9928.8760 0.3414
9931.1602 0.3405
9933.4502 0.3408
9935.7354 0.3395
9938.0205 0.3374
9940.3125 0.3377
9942.5996 0.3393
9944.8926 0.3390
9947.1797 0.3382
9949.4736 0.3377
9951.7627 0.3375
9954.0518 0.3376
9956.3477 0.3367
9958.6377 0.3360
9960.9346 0.3362
9963.2256 0.3360
9965.5234 0.3354
9967.8154 0.3351
9970.1094 0.3348
9972.4082 0.3349
9974.7021 0.3344
9977.0020 0.3339
9979.2979 0.3337
9981.5986 0.3336
9983.8945 0.3328
9986.1914 0.3326
9988.4941 0.3323
9990.7920 0.3319
9993.0967 0.3314
9995.3955 0.3312
9997.7002 0.3311
10000.0000 0.3302
10002.3057 0.3296
10004.6016 0.3290
10006.9082 0.3288
10009.2158 0.3292
10011.5244 0.3290
10013.8223 0.3288
10016.1309 0.3284
10018.4404 0.3280
10020.7402 0.3277
10023.0508 0.3274
10025.3623 0.3268
10027.6738 0.3264
10029.9756 0.3260
10032.2881 0.3250
10034.6016 0.3244
10036.9043 0.3245
10039.2188 0.3235
10041.5342 0.3229
10043.8496 0.3211
10046.1543 0.3209
10048.4707 0.3212
10050.7881 0.3193
10053.0947 0.3167
10055.4131 0.3082
10057.7324 0.3065
10060.0508 0.3126
10062.3604 0.3178
10064.6807 0.3173
10067.0010 0.3186
10069.3115 0.3189
10071.6338 0.3190
10073.9561 0.3186
10076.2793 0.3182
10078.5918 0.3186
10080.9160 0.3187
10083.2402 0.3184
10085.5547 0.3180
10087.8799 0.3176
10090.2061 0.3170
10092.5332 0.3164
10094.8496 0.3168
10097.1777 0.3166
10099.5059 0.3164
10101.8232 0.3162
10104.1533 0.3159
10106.4834 0.3155
10108.8135 0.3152
10111.1338 0.3139
10113.4648 0.3129
10115.7969 0.3135
10118.1191 0.3138
10120.4521 0.3128
10122.7861 0.3128
10125.1201 0.3127
10127.4434 0.3126
10129.7793 0.3105
10132.1152 0.3092
10134.4404 0.3110
10136.7773 0.3112
10139.1152 0.3108
10141.4531 0.3105
10143.7803 0.3101
10146.1191 0.3097
10148.4590 0.3094
10150.7881 0.3082
10153.1289 0.3066
10155.4707 0.3076
10157.8125 0.3083
10160.1436 0.3074
10162.4863 0.3067
10164.8301 0.3065
10167.1621 0.3069
10169.5068 0.3055
10171.8525 0.3042
10174.1973 0.3047
10176.5322 0.3054
10178.8789 0.3050
10181.2266 0.3046
10183.5742 0.3043
10185.9111 0.3044
10188.2607 0.3034
10190.6094 0.3008
10192.9482 0.3000
10195.2988 0.3016
10197.6504 0.3022
10200.0020 0.3014
10202.3428 0.3008
10204.6953 0.3012
10207.0479 0.3009
10209.3906 0.3003
10211.7451 0.3001
10214.0996 0.2997
10216.4551 0.2993
10218.7998 0.2993
10221.1562 0.2990
10223.5137 0.2965
10225.8594 0.2965
10228.2178 0.2976
10230.5762 0.2979
10232.9355 0.2973
10235.2842 0.2970
10237.6436 0.2967
10240.0049 0.2965
10242.3545 0.2961
10244.7168 0.2953
10247.0791 0.2948
10249.4424 0.2951
10251.7939 0.2936
10254.1582 0.2935
10256.5234 0.2940
10258.8770 0.2939
10261.2422 0.2934
10263.6084 0.2932
10265.9756 0.2928
10268.3311 0.2924
10270.6992 0.2920
10273.0674 0.2916
10275.4258 0.2915
10277.7949 0.2911
10280.1650 0.2907
10282.5352 0.2903
10284.8955 0.2901
10287.2666 0.2899
10289.6396 0.2895
10292.0010 0.2892
10294.3740 0.2878
10296.7480 0.2861
10299.1221 0.2869
10301.4863 0.2883
10303.8613 0.2873
10306.2373 0.2870
10308.6025 0.2860
10310.9795 0.2859
10313.3574 0.2859
10315.7363 0.2856
10318.1035 0.2851
10320.4824 0.2840
10322.8623 0.2844
10325.2314 0.2845
