3560.4106 0.4844
3561.2297 0.4898
3562.0508 0.5047
3562.8704 0.5171
3563.6899 0.5089
3564.5117 0.4829
3565.3318 0.4584
3566.1538 0.4504
3566.9744 0.4588
3567.7969 0.4671
3568.6177 0.4613
3569.4385 0.4536
3570.2617 0.4538
3571.0830 0.4602
3571.9065 0.4649
3572.7283 0.4645
3573.5520 0.4627
3574.3740 0.4627
3575.1963 0.4657
3576.0208 0.4719
3576.8435 0.4800
3577.6682 0.4885
3578.4915 0.4969
3579.3167 0.4989
3580.1399 0.4906
3580.9636 0.4783
3581.7893 0.4733
3582.6133 0.4775
3583.4395 0.4700
3584.2639 0.4439
3585.0903 0.4168
3585.9150 0.4043
3586.7400 0.4087
3587.5671 0.4209
3588.3923 0.4354
3589.2200 0.4554
3590.0457 0.4787
3590.8735 0.4980
3591.6995 0.5058
3592.5259 0.5035
3593.3542 0.5016
3594.1809 0.5041
3595.0098 0.5097
3595.8367 0.5165
3596.6660 0.5221
3597.4934 0.5239
3598.3208 0.5212
3599.1506 0.5164
3599.9788 0.5095
3600.8088 0.4980
3601.6372 0.4817
3602.4678 0.4663
3603.2964 0.4610
3604.1252 0.4638
3604.9565 0.4708
3605.7859 0.4799
3606.6172 0.4887
3607.4470 0.4908
3608.2788 0.4801
3609.1089 0.4660
3609.9392 0.4583
3610.7717 0.4598
3611.6023 0.4648
3612.4351 0.4655
3613.2661 0.4656
3614.0994 0.4769
3614.9307 0.4953
3615.7625 0.5082
3616.5962 0.5050
3617.4282 0.4859
3618.2625 0.4661
3619.0947 0.4600
3619.9292 0.4652
3620.7620 0.4746
3621.5969 0.4843
3622.4302 0.4953
3623.2634 0.5034
3624.0989 0.5114
3624.9326 0.5257
3625.7686 0.5447
3626.6028 0.5589
3627.4390 0.5603
3628.2734 0.5527
3629.1082 0.5342
3629.9451 0.5039
3630.7800 0.4708
3631.6174 0.4512
3632.4529 0.4543
3633.2903 0.4676
3634.1262 0.4798
3634.9622 0.4902
3635.8005 0.5003
3636.6370 0.5101
3637.4756 0.5207
3638.3123 0.5326
3639.1514 0.5395
3639.9885 0.5391
3640.8259 0.5330
3641.6653 0.5246
3642.5032 0.5149
3643.3430 0.5047
3644.1812 0.4966
3645.0215 0.4940
3645.8601 0.4973
3646.6990 0.5027
3647.5398 0.5045
3648.3789 0.5020
3649.2202 0.4983
3650.0596 0.4991
3650.9014 0.5083
3651.7412 0.5243
3652.5813 0.5395
3653.4236 0.5465
3654.2642 0.5453
3655.1067 0.5417
3655.9475 0.5415
3656.7908 0.5467
3657.6318 0.5533
3658.4734 0.5549
3659.3169 0.5531
3660.1587 0.5504
3661.0029 0.5467
3661.8450 0.5406
3662.6895 0.5338
3663.5320 0.5305
3664.3748 0.5334
3665.2197 0.5408
3666.0630 0.5473
3666.9084 0.5471
3667.7520 0.5387
3668.5977 0.5246
3669.4417 0.5165
3670.2859 0.5228
3671.1321 0.5403
3671.9768 0.5556
3672.8235 0.5577
3673.6685 0.5516
3674.5156 0.5481
3675.3608 0.5431
3676.2063 0.5312
3677.0542 0.5153
3677.8999 0.5079
3678.7480 0.5105
3679.5945 0.5141
3680.4429 0.5181
3681.2896 0.5233
3682.1365 0.5283
3682.9856 0.5307
3683.8328 0.5280
3684.6824 0.5174
3685.5300 0.5036
3686.3799 0.4942
3687.2278 0.4953
3688.0781 0.5080
3688.9265 0.5251
3689.7751 0.5383
3690.6260 0.5459
3691.4751 0.5497
3692.3264 0.5503
3693.1758 0.5463
3694.0273 0.5406
3694.8772 0.5368
3695.7273 0.5315
3696.5793 0.5250
3697.4299 0.5260
3698.2825 0.5446
3699.1333 0.5701
3699.9863 0.5815
3700.8374 0.5754
3701.6887 0.5566
3702.5425 0.5311
3703.3943 0.5061
3704.2483 0.4931
3705.1003 0.4940
3705.9548 0.5042
3706.8074 0.5178
3707.6599 0.5289
3708.5149 0.5314
3709.3682 0.5231
3710.2234 0.5083
3711.0771 0.4955
3711.9329 0.4951
3712.7866 0.5142
3713.6409 0.5462
3714.4973 0.5684
3715.3518 0.5846
3716.2085 0.6043
3717.0635 0.6224
3717.9204 0.6224
3718.7759 0.5956
3719.6313 0.5533
3720.4890 0.5086
3721.3450 0.4769
3722.2031 0.4713
3723.0593 0.4950
3723.9180 0.5330
3724.7747 0.5688
3725.6316 0.5877
3726.4905 0.5844
3727.3479 0.5729
3728.2073 0.5753
3729.0649 0.5913
3729.9250 0.5898
3730.7830 0.5681
3731.6414 0.5342
3732.5017 0.4957
3733.3604 0.4607
3734.2214 0.4424
3735.0803 0.4510
3735.9417 0.4766
3736.8013 0.5091
3737.6609 0.5431
3738.5227 0.5755
3739.3828 0.6027
3740.2451 0.6236
3741.1055 0.6302
3741.9683 0.6199
3742.8291 0.5999
3743.6899 0.5819
3744.5532 0.5700
3745.4148 0.5530
3746.2786 0.5300
3747.1404 0.5000
3748.0044 0.4650
3748.8667 0.4350
3749.7290 0.4284
3750.5938 0.4533
3751.4565 0.4962
3752.3215 0.5412
3753.1848 0.5791
3754.0503 0.6079
3754.9138 0.6284
3755.7798 0.6315
3756.6438 0.6104
3757.5081 0.5810
3758.3745 0.5625
3759.2390 0.5627
3760.1060 0.5729
3760.9709 0.5850
3761.8381 0.6005
3762.7036 0.6163
3763.5693 0.6280
3764.4370 0.6324
3765.3032 0.6251
3766.1714 0.6010
3767.0378 0.5704
3767.9065 0.5384
3768.7732 0.5054
3769.6401 0.4753
3770.5095 0.4632
3771.3770 0.4850
3772.2466 0.5231
3773.1145 0.5552
3773.9844 0.5727
3774.8528 0.5822
3775.7209 0.5960
3776.5918 0.6170
3777.4604 0.6386
3778.3315 0.6608
3779.2009 0.6841
3780.0723 0.7041
3780.9419 0.7106
3781.8118 0.7068
3782.6838 0.7083
3783.5540 0.7164
3784.4265 0.7166
3785.2971 0.6920
3786.1699 0.6480
3787.0410 0.6213
3787.9121 0.6115
3788.7856 0.6067
3789.6572 0.6022
3790.5310 0.6012
3791.4031 0.6011
3792.2773 0.5911
3793.1499 0.5700
3794.0225 0.5447
3794.8972 0.5204
3795.7703 0.4960
3796.6455 0.4665
3797.5190 0.4426
3798.3948 0.4477
3799.2686 0.4803
3800.1426 0.5243
3801.0188 0.5644
3801.8933 0.6001
3802.7700 0.6366
3803.6448 0.6603
3804.5220 0.6653
3805.3972 0.6556
3806.2727 0.6430
3807.1504 0.6428
3808.0261 0.6672
3808.9043 0.7045
3809.7805 0.7371
3810.6589 0.7515
3811.5356 0.7395
3812.4126 0.7007
3813.2917 0.6551
3814.1689 0.6301
3815.0483 0.6310
3815.9260 0.6525
3816.8059 0.6848
3817.6841 0.7114
3818.5623 0.7110
3819.4429 0.6896
3820.3215 0.6730
3821.2024 0.6774
3822.0815 0.6929
3822.9629 0.6869
3823.8423 0.6503
3824.7241 0.6177
3825.6040 0.6008
3826.4841 0.5938
3827.3665 0.5887
3828.2468 0.5850
3829.1296 0.5801
3830.0105 0.5701
3830.8938 0.5514
3831.7751 0.5235
3832.6565 0.4909
3833.5403 0.4611
3834.4224 0.4363
3835.3064 0.4291
3836.1887 0.4439
3837.0735 0.4720
3837.9561 0.4981
3838.8391 0.5163
3839.7244 0.5329
3840.6077 0.5570
3841.4932 0.5889
3842.3770 0.6192
3843.2629 0.6368
3844.1472 0.6408
3845.0315 0.6400
3845.9182 0.6488
3846.8030 0.6675
3847.6899 0.6824
3848.5752 0.6793
3849.4626 0.6673
3850.3481 0.6770
3851.2339 0.7017
3852.1221 0.7217
3853.0083 0.7282
3853.8967 0.7253
3854.7832 0.7179
3855.6721 0.7143
3856.5591 0.7235
3857.4463 0.7291
3858.3359 0.7211
3859.2234 0.7126
3860.1135 0.7271
3861.0015 0.7518
3861.8918 0.7631
3862.7803 0.7629
3863.6687 0.7619
3864.5598 0.7643
3865.4487 0.7625
3866.3401 0.7600
3867.2297 0.7692
3868.1213 0.7858
3869.0112 0.7971
3869.9014 0.7899
3870.7937 0.7566
3871.6841 0.7007
3872.5769 0.6612
3873.4678 0.6628
3874.3611 0.6971
3875.2524 0.7307
3876.1438 0.7351
3877.0376 0.7052
3877.9297 0.6710
3878.8237 0.6636
3879.7161 0.6819
3880.6108 0.6938
3881.5037 0.6739
3882.3965 0.6432
3883.2917 0.6162
3884.1851 0.5878
3885.0808 0.5535
3885.9746 0.5185
3886.8706 0.4899
3887.7649 0.4628
3888.6592 0.4438
3889.5559 0.4460
3890.4507 0.4724
3891.3479 0.5109
3892.2429 0.5456
3893.1406 0.5674
3894.0361 0.5796
3894.9341 0.5892
3895.8301 0.6013
3896.7263 0.6151
3897.6250 0.6237
3898.5215 0.6276
3899.4207 0.6425
3900.3176 0.6726
3901.2170 0.7037
3902.1145 0.7133
3903.0122 0.6984
3903.9121 0.6864
3904.8103 0.6684
3905.7107 0.6469
3906.6094 0.6388
3907.5100 0.6578
3908.4089 0.6937
3909.3081 0.7292
3910.2097 0.7553
3911.1091 0.7663
3912.0110 0.7613
3912.9111 0.7468
3913.8132 0.7362
3914.7136 0.7331
3915.6143 0.7217
3916.5171 0.7068
3917.4182 0.6988
3918.3215 0.6999
3919.2229 0.7061
3920.1267 0.7171
3921.0286 0.7388
3921.9307 0.7703
3922.8350 0.8043
3923.7373 0.8268
3924.6421 0.8230
3925.5452 0.8035
3926.4502 0.7895
3927.3535 0.7726
3928.2571 0.7428
3929.1628 0.7030
3930.0667 0.6615
3930.9731 0.6164
3931.8774 0.5515
3932.7839 0.4859
3933.6887 0.4594
3934.5938 0.5014
3935.5010 0.5922
3936.4062 0.6749
3937.3142 0.7245
3938.2200 0.7543
3939.1279 0.7768
3940.0342 0.7838
3940.9407 0.7580
3941.8494 0.7228
3942.7561 0.6997
3943.6653 0.6961
3944.5725 0.7150
3945.4822 0.7507
3946.3899 0.7720
3947.2979 0.7529
3948.2080 0.7262
3949.1162 0.7152
3950.0269 0.7182
3950.9355 0.7183
3951.8467 0.7056
3952.7559 0.7050
3953.6650 0.7219
3954.5769 0.7289
3955.4866 0.7115
3956.3987 0.6891
3957.3088 0.6966
3958.2214 0.7284
3959.1321 0.7466
3960.0449 0.7339
3960.9561 0.6980
3961.8672 0.6611
3962.7808 0.6407
3963.6924 0.6287
3964.6064 0.6095
3965.5186 0.5727
3966.4329 0.5180
3967.3455 0.4558
3968.2581 0.4051
3969.1731 0.3887
3970.0862 0.4091
3971.0017 0.4521
3971.9153 0.4999
3972.8313 0.5399
3973.7451 0.5710
3974.6592 0.6019
3975.5759 0.6269
3976.4905 0.6459
3977.4075 0.6658
3978.3225 0.6930
3979.2397 0.7229
3980.1553 0.7376
3981.0708 0.7274
3981.9888 0.7083
3982.9050 0.6999
3983.8232 0.7098
3984.7397 0.7314
3985.6587 0.7503
3986.5757 0.7645
3987.4927 0.7736
3988.4121 0.7750
3989.3298 0.7690
3990.2498 0.7676
3991.1677 0.7774
3992.0879 0.7883
3993.0063 0.7906
3993.9250 0.7796
3994.8459 0.7572
3995.7649 0.7332
3996.6863 0.7184
3997.6057 0.7305
3998.5276 0.7683
3999.4475 0.8108
4000.3674 0.8308
4001.2900 0.8231
4002.2104 0.8132
4003.1333 0.8026
4004.0544 0.7796
4004.9775 0.7503
4005.8989 0.7429
4006.8206 0.7763
4007.7446 0.8203
4008.6665 0.8457
4009.5908 0.8530
4010.5132 0.8511
4011.4380 0.8453
4012.3608 0.8381
4013.2839 0.8358
4014.2095 0.8360
4015.1328 0.8380
4016.0588 0.8396
4016.9827 0.8401
4017.9089 0.8501
4018.8333 0.8777
4019.7578 0.8911
4020.6848 0.8779
4021.6096 0.8495
4022.5371 0.8264
4023.4624 0.8148
4024.3901 0.8158
4025.3162 0.8438
4026.2422 0.8818
4027.1704 0.9028
4028.0969 0.8912
4029.0259 0.8540
4029.9526 0.7991
4030.8821 0.7560
4031.8093 0.7431
4032.7390 0.7611
4033.6667 0.7965
4034.5947 0.8317
4035.5251 0.8568
4036.4534 0.8745
4037.3843 0.8841
4038.3130 0.8833
4039.2441 0.8706
4040.1736 0.8487
4041.1030 0.8406
4042.0347 0.8481
4042.9646 0.8450
4043.8970 0.8147
4044.8271 0.7742
4045.7600 0.7716
4046.6907 0.8273
4047.6216 0.8743
4048.5549 0.8858
4049.4863 0.8754
4050.4202 0.8644
4051.3521 0.8485
4052.2861 0.8226
4053.2185 0.7985
4054.1509 0.7868
4055.0857 0.7914
4056.0186 0.8052
4056.9539 0.8112
4057.8872 0.8150
4058.8230 0.8327
4059.7566 0.8514
4060.6907 0.8497
4061.6270 0.8186
4062.5613 0.7783
4063.4983 0.7744
4064.4331 0.8014
4065.3701 0.8191
4066.3054 0.8087
4067.2410 0.7927
4068.1787 0.8073
4069.1147 0.8282
4070.0530 0.8235
4070.9893 0.8043
4071.9280 0.7934
4072.8647 0.7973
4073.8018 0.7974
4074.7412 0.7731
4075.6787 0.7254
4076.6184 0.6791
4077.5562 0.6632
4078.4966 0.6915
4079.4348 0.7422
4080.3733 0.7846
4081.3142 0.8038
4082.2532 0.7968
4083.1943 0.7736
4084.1338 0.7502
4085.0757 0.7349
4086.0154 0.7344
4086.9553 0.7521
4087.8977 0.7750
4088.8381 0.7890
4089.7810 0.7902
4090.7219 0.7842
4091.6653 0.7731
4092.6064 0.7640
4093.5481 0.7552
4094.4919 0.7399
4095.4338 0.7141
4096.3784 0.6848
4097.3208 0.6558
4098.2656 0.6240
4099.2085 0.5853
4100.1514 0.5399
4101.0967 0.4997
4102.0400 0.4913
4102.9863 0.5253
4103.9302 0.5762
4104.8765 0.6227
4105.8208 0.6553
4106.7676 0.6742
4107.7124 0.6860
4108.6572 0.6900
4109.6045 0.6905
4110.5503 0.6981
4111.4980 0.7168
4112.4438 0.7407
4113.3921 0.7622
4114.3384 0.7829
4115.2852 0.8026
4116.2339 0.8088
4117.1807 0.7918
4118.1304 0.7603
4119.0776 0.7455
4120.0273 0.7569
4120.9751 0.7649
4121.9233 0.7631
4122.8740 0.7631
4123.8223 0.7757
4124.7734 0.7912
4125.7222 0.7882
4126.6733 0.7678
4127.6230 0.7463
4128.5723 0.7373
4129.5244 0.7412
4130.4746 0.7431
4131.4268 0.7367
4132.3774 0.7388
4133.3301 0.7584
4134.2812 0.7924
4135.2324 0.8270
4136.1855 0.8452
4137.1372 0.8502
4138.0913 0.8702
4139.0435 0.8968
4139.9976 0.9054
4140.9502 0.8787
4141.9028 0.8227
4142.8579 0.7768
4143.8110 0.7760
4144.7666 0.8069
4145.7202 0.8399
4146.6758 0.8575
4147.6299 0.8627
4148.5840 0.8530
4149.5405 0.8423
4150.4951 0.8408
4151.4526 0.8447
4152.4072 0.8398
4153.3647 0.8208
4154.3203 0.8019
4155.2764 0.7946
4156.2344 0.7997
4157.1904 0.8142
4158.1489 0.8330
4159.1055 0.8448
4160.0649 0.8440
4161.0220 0.8464
4161.9790 0.8618
4162.9390 0.8832
4163.8965 0.8942
4164.8564 0.8917
4165.8149 0.8776
4166.7754 0.8668
4167.7339 0.8698
4168.6929 0.8779
4169.6538 0.8652
4170.6133 0.8169
4171.5752 0.7619
4172.5347 0.7362
4173.4971 0.7459
4174.4570 0.7741
4175.4175 0.7943
4176.3799 0.7874
4177.3408 0.7648
4178.3042 0.7658
4179.2651 0.7984
4180.2290 0.8344
4181.1909 0.8362
4182.1548 0.8085
4183.1172 0.7934
4184.0796 0.8015
4185.0444 0.8194
4186.0068 0.8238
4186.9722 0.8065
4187.9355 0.8049
4188.9014 0.8348
4189.8647 0.8509
4190.8286 0.8489
4191.7949 0.8522
4192.7593 0.8747
4193.7261 0.8882
4194.6909 0.8618
4195.6582 0.8265
4196.6235 0.7985
4197.5889 0.7779
4198.5571 0.7699
4199.5229 0.7931
4200.4912 0.8075
4201.4575 0.8000
4202.4263 0.7917
4203.3931 0.7929
4204.3599 0.7931
4205.3296 0.7990
4206.2969 0.8227
4207.2671 0.8464
4208.2349 0.8598
4209.2051 0.8660
4210.1738 0.8771
4211.1421 0.9015
4212.1133 0.9201
4213.0820 0.9129
4214.0537 0.8780
4215.0229 0.8348
4215.9951 0.8166
4216.9648 0.8410
4217.9351 0.8673
4218.9077 0.8749
4219.8784 0.8739
4220.8516 0.8732
4221.8223 0.8664
4222.7959 0.8458
4223.7676 0.8104
4224.7393 0.7688
4225.7134 0.7429
4226.6855 0.7534
4227.6602 0.8039
4228.6328 0.8674
4229.6079 0.9014
4230.5806 0.9026
4231.5542 0.8745
4232.5298 0.8325
4233.5034 0.8047
4234.4800 0.8045
4235.4541 0.8094
4236.4307 0.8157
4237.4053 0.8130
4238.3799 0.8022
4239.3574 0.8034
4240.3325 0.8320
4241.3105 0.8539
4242.2861 0.8615
4243.2642 0.8627
4244.2407 0.8566
4245.2168 0.8343
4246.1958 0.8073
4247.1729 0.8068
4248.1519 0.8254
4249.1294 0.8359
4250.1094 0.8304
4251.0869 0.8268
4252.0649 0.8368
4253.0454 0.8404
4254.0239 0.8432
4255.0049 0.8522
4255.9834 0.8628
4256.9648 0.8616
4257.9443 0.8434
4258.9263 0.8180
4259.9058 0.7990
4260.8857 0.8016
4261.8687 0.8268
4262.8491 0.8580
4263.8320 0.8797
4264.8130 0.8949
4265.7964 0.8990
4266.7778 0.8885
4267.7593 0.8667
4268.7432 0.8418
4269.7256 0.8185
4270.7100 0.7957
4271.6924 0.7930
4272.6772 0.8079
4273.6606 0.8223
4274.6436 0.8263
4275.6294 0.8411
4276.6128 0.8655
4277.5991 0.8759
4278.5830 0.8715
4279.5698 0.8626
4280.5542 0.8558
4281.5391 0.8523
4282.5264 0.8462
4283.5117 0.8377
4284.4990 0.8326
4285.4849 0.8329
4286.4731 0.8314
4287.4590 0.8152
4288.4453 0.7839
4289.4346 0.7621
4290.4214 0.7757
4291.4106 0.8195
4292.3979 0.8558
4293.3877 0.8570
4294.3755 0.8400
4295.3633 0.8179
4296.3535 0.8015
4297.3423 0.7899
4298.3330 0.7708
4299.3218 0.7401
4300.3135 0.7330
4301.3027 0.7400
4302.2920 0.7517
4303.2842 0.7669
4304.2744 0.7826
4305.2666 0.7856
4306.2573 0.7814
4307.2500 0.7698
4308.2412 0.7633
4309.2319 0.7785
4310.2261 0.8181
4311.2173 0.8506
4312.2114 0.8370
4313.2036 0.7973
4314.1982 0.7694
4315.1904 0.7761
4316.1836 0.8102
4317.1787 0.8359
4318.1719 0.8392
4319.1675 0.8263
4320.1611 0.8095
4321.1572 0.8022
4322.1514 0.8098
4323.1460 0.8118
4324.1426 0.7772
4325.1377 0.7346
4326.1348 0.7202
4327.1299 0.7404
4328.1279 0.7663
4329.1235 0.7669
4330.1196 0.7468
4331.1182 0.7299
4332.1143 0.7193
4333.1133 0.7086
4334.1104 0.6946
4335.1099 0.6758
4336.1069 0.6372
4337.1069 0.5869
4338.1045 0.5382
4339.1025 0.4987
4340.1030 0.4767
4341.1016 0.4925
4342.1025 0.5363
4343.1016 0.5769
4344.1030 0.6115
4345.1025 0.6468
4346.1021 0.6810
4347.1040 0.7067
4348.1040 0.7264
4349.1069 0.7297
4350.1074 0.7120
4351.1104 0.6895
4352.1113 0.6943
4353.1128 0.7372
4354.1167 0.7789
4355.1182 0.8042
4356.1226 0.8108
4357.1245 0.8004
4358.1294 0.7820
4359.1318 0.7804
4360.1348 0.7989
4361.1401 0.8167
4362.1436 0.8311
4363.1494 0.8457
4364.1528 0.8578
4365.1592 0.8599
4366.1636 0.8425
4367.1680 0.8135
4368.1753 0.7935
4369.1802 0.7955
4370.1875 0.8164
4371.1929 0.8429
4372.2007 0.8486
4373.2065 0.8208
4374.2129 0.7877
4375.2212 0.7856
4376.2280 0.8243
4377.2368 0.8674
4378.2441 0.8828
4379.2534 0.8811
4380.2612 0.8706
4381.2686 0.8472
4382.2793 0.8022
4383.2871 0.7456
4384.2979 0.7227
4385.3066 0.7430
4386.3179 0.7788
4387.3267 0.8042
4388.3359 0.8149
4389.3481 0.8167
4390.3579 0.8114
4391.3701 0.8194
4392.3804 0.8306
4393.3936 0.8253
4394.4043 0.8058
4395.4150 0.8101
4396.4287 0.8381
4397.4399 0.8462
4398.4541 0.8271
4399.4658 0.7982
4400.4805 0.7833
4401.4927 0.8026
4402.5054 0.8295
4403.5205 0.8354
4404.5337 0.8353
4405.5493 0.8441
4406.5625 0.8475
4407.5786 0.8256
4408.5928 0.8145
4409.6069 0.8229
4410.6240 0.8407
4411.6387 0.8573
4412.6558 0.8633
4413.6709 0.8429
4414.6885 0.8142
4415.7041 0.7977
4416.7227 0.7934
4417.7388 0.8016
4418.7549 0.8286
4419.7739 0.8602
4420.7905 0.8609
4421.8101 0.8407
4422.8271 0.8292
4423.8472 0.8411
4424.8647 0.8622
4425.8828 0.8654
4426.9033 0.8532
4427.9219 0.8415
4428.9429 0.8291
4429.9619 0.8184
4430.9834 0.8205
4432.0024 0.8276
4433.0220 0.8185
4434.0444 0.8083
4435.0645 0.8115
4436.0874 0.8316
4437.1079 0.8615
4438.1309 0.8850
4439.1519 0.8915
4440.1733 0.8726
4441.1968 0.8331
4442.2188 0.7904
4443.2432 0.7714
4444.2651 0.7972
4445.2900 0.8362
4446.3125 0.8535
4447.3354 0.8552
4448.3613 0.8516
4449.3843 0.8385
4450.4106 0.8238
4451.4341 0.8336
4452.4609 0.8405
4453.4849 0.8261
4454.5098 0.8014
4455.5366 0.7935
4456.5615 0.8028
4457.5894 0.7955
4458.6147 0.7850
4459.6431 0.7785
4460.6689 0.7717
4461.6953 0.7668
4462.7241 0.7863
4463.7505 0.8083
4464.7798 0.8171
4465.8071 0.8135
4466.8369 0.8023
4467.8643 0.7863
4468.8921 0.7744
4469.9229 0.7834
4470.9512 0.8085
4471.9819 0.8369
4473.0107 0.8608
4474.0425 0.8772
4475.0718 0.8781
4476.1011 0.8818
4477.1333 0.8881
4478.1631 0.8736
4479.1958 0.8267
4480.2266 0.7691
4481.2593 0.7448
4482.2905 0.7755
4483.3213 0.8206
4484.3555 0.8545
4485.3872 0.8715
4486.4214 0.8712
4487.4536 0.8471
4488.4883 0.8119
4489.5210 0.7951
4490.5537 0.8053
4491.5889 0.8318
4492.6226 0.8531
4493.6582 0.8505
4494.6919 0.8474
4495.7285 0.8523
4496.7627 0.8615
4497.7998 0.8694
4498.8345 0.8706
4499.8696 0.8561
4500.9072 0.8444
4501.9424 0.8623
4502.9805 0.8963
4504.0166 0.9197
4505.0552 0.9206
4506.0913 0.9053
4507.1279 0.8790
4508.1675 0.8666
4509.2046 0.8768
4510.2446 0.8963
4511.2822 0.9033
4512.3223 0.8946
4513.3604 0.8721
4514.3984 0.8489
4515.4395 0.8420
4516.4785 0.8534
4517.5200 0.8652
4518.5591 0.8629
4519.6011 0.8547
4520.6406 0.8447
4521.6807 0.8296
4522.7236 0.8158
4523.7642 0.8161
4524.8071 0.8178
4525.8481 0.8185
4526.8916 0.8156
4527.9331 0.8066
4528.9746 0.7975
4530.0190 0.8002
4531.0610 0.8117
4532.1060 0.8131
4533.1489 0.8012
4534.1938 0.8012
4535.2373 0.8292
4536.2803 0.8695
4537.3267 0.8899
4538.3701 0.8751
4539.4170 0.8460
4540.4609 0.8286
4541.5083 0.8349
4542.5527 0.8549
4543.5981 0.8598
4544.6455 0.8502
4545.6909 0.8416
4546.7393 0.8321
4547.7852 0.8116
4548.8340 0.7841
4549.8804 0.7823
4550.9272 0.8134
4551.9766 0.8279
4553.0239 0.8108
4554.0737 0.7816
4555.1216 0.7720
4556.1719 0.7978
4557.2197 0.8226
4558.2686 0.8335
4559.3193 0.8430
4560.3682 0.8569
4561.4199 0.8606
4562.4692 0.8417
4563.5215 0.8169
4564.5713 0.8100
4565.6211 0.8265
4566.6743 0.8558
4567.7246 0.8800
4568.7778 0.8878
4569.8291 0.8771
4570.8828 0.8519
4571.9341 0.8409
4572.9888 0.8571
4574.0405 0.8762
4575.0928 0.8715
4576.1479 0.8694
4577.2007 0.8731
4578.2559 0.8666
4579.3091 0.8449
4580.3652 0.8222
4581.4189 0.8048
4582.4731 0.7847
4583.5298 0.7876
4584.5840 0.8144
4585.6411 0.8424
4586.6963 0.8479
4587.7539 0.8389
4588.8091 0.8368
4589.8647 0.8294
4590.9233 0.8117
4591.9795 0.7971
4593.0386 0.8024
4594.0952 0.8151
4595.1543 0.8177
4596.2114 0.8225
4597.2690 0.8306
4598.3291 0.8332
4599.3867 0.8255
4600.4473 0.8180
4601.5059 0.8293
4602.5669 0.8410
4603.6255 0.8406
4604.6846 0.8324
4605.7466 0.8320
4606.8062 0.8495
4607.8687 0.8702
4608.9287 0.8772
4609.9912 0.8697
4611.0518 0.8579
4612.1128 0.8528
4613.1763 0.8537
4614.2373 0.8516
4615.3013 0.8409
4616.3633 0.8307
4617.4277 0.8243
4618.4897 0.8149
4619.5522 0.8148
4620.6177 0.8375
4621.6807 0.8602
4622.7466 0.8698
4623.8096 0.8645
4624.8760 0.8508
4625.9399 0.8461
4627.0044 0.8434
4628.0713 0.8317
4629.1357 0.8267
4630.2031 0.8409
4631.2686 0.8583
4632.3364 0.8492
4633.4023 0.8296
4634.4678 0.8242
4635.5366 0.8298
4636.6030 0.8334
4637.6724 0.8329
4638.7393 0.8412
4639.8091 0.8490
4640.8765 0.8527
4641.9438 0.8512
4643.0142 0.8442
4644.0825 0.8311
4645.1533 0.8093
4646.2222 0.7833
4647.2935 0.7727
4648.3623 0.7858
4649.4316 0.8126
4650.5039 0.8324
4651.5737 0.8377
4652.6465 0.8380
4653.7168 0.8266
4654.7900 0.8119
4655.8608 0.8074
4656.9346 0.8193
4658.0059 0.8462
4659.0771 0.8635
4660.1519 0.8615
4661.2236 0.8453
4662.2983 0.8252
4663.3711 0.8099
4664.4463 0.7989
4665.5195 0.7669
4666.5928 0.7349
4667.6689 0.7298
4668.7427 0.7548
4669.8193 0.7879
4670.8936 0.8099
4671.9707 0.8154
4673.0454 0.8206
4674.1206 0.8329
4675.1982 0.8470
4676.2739 0.8503
4677.3521 0.8321
4678.4282 0.8093
4679.5073 0.8024
4680.5835 0.8108
4681.6602 0.8252
4682.7397 0.8390
4683.8174 0.8475
4684.8975 0.8470
4685.9751 0.8436
4687.0557 0.8405
4688.1338 0.8368
4689.2124 0.8308
4690.2935 0.8219
4691.3726 0.8174
4692.4546 0.8214
4693.5342 0.8300
4694.6162 0.8380
4695.6963 0.8415
4696.7764 0.8323
4697.8594 0.8121
4698.9404 0.7979
4700.0239 0.7916
4701.1050 0.7851
4702.1890 0.7747
4703.2710 0.7730
4704.3530 0.7884
4705.4375 0.7972
4706.5200 0.7909
4707.6055 0.7796
4708.6885 0.7805
4709.7744 0.7977
4710.8579 0.8153
4711.9414 0.8160
4713.0283 0.8004
4714.1123 0.7849
4715.1992 0.7890
4716.2842 0.8111
4717.3716 0.8261
4718.4570 0.8342
4719.5425 0.8371
4720.6309 0.8336
4721.7168 0.8263
4722.8057 0.8282
4723.8921 0.8384
4724.9814 0.8411
4726.0684 0.8280
4727.1553 0.8046
4728.2456 0.7864
4729.3335 0.7801
4730.4238 0.7731
4731.5122 0.7780
4732.6030 0.7956
4733.6919 0.8134
4734.7808 0.8157
4735.8726 0.8012
4736.9624 0.7995
4738.0547 0.8106
4739.1445 0.8177
4740.2373 0.8155
4741.3276 0.8164
4742.4214 0.8233
4743.5122 0.8237
4744.6035 0.8217
4745.6973 0.8215
4746.7891 0.8205
4747.8838 0.8158
4748.9761 0.8173
4750.0713 0.8203
4751.1641 0.8133
4752.2568 0.8008
4753.3525 0.7901
4754.4463 0.7815
4755.5425 0.7774
4756.6367 0.7921
4757.7334 0.8170
4758.8281 0.8343
4759.9229 0.8316
4761.0205 0.8101
4762.1157 0.7857
4763.2139 0.7720
4764.3096 0.7660
4765.4082 0.7693
4766.5044 0.7838
4767.6011 0.8048
4768.7002 0.8229
4769.7974 0.8262
4770.8975 0.8170
4771.9951 0.8110
4773.0952 0.8179
4774.1934 0.8303
4775.2915 0.8343
4776.3926 0.8361
4777.4917 0.8375
4778.5933 0.8341
4779.6924 0.8289
4780.7949 0.8304
4781.8945 0.8268
4782.9946 0.8157
4784.0977 0.8097
4785.1982 0.8015
4786.3018 0.7894
4787.4028 0.7886
4788.5068 0.7936
4789.6084 0.7971
4790.7100 0.8055
4791.8149 0.8173
4792.9170 0.8301
4794.0225 0.8439
4795.1255 0.8481
4796.2310 0.8412
4797.3345 0.8285
4798.4380 0.8157
4799.5444 0.8081
4800.6489 0.8099
4801.7559 0.8188
4802.8604 0.8196
4803.9678 0.8100
4805.0732 0.8005
4806.1782 0.7981
4807.2866 0.7979
4808.3926 0.7944
4809.5015 0.7887
4810.6079 0.7848
4811.7173 0.7873
4812.8242 0.7977
4813.9312 0.8121
4815.0415 0.8230
4816.1489 0.8270
4817.2598 0.8272
4818.3677 0.8273
4819.4790 0.8268
4820.5879 0.8200
4821.6968 0.8014
4822.8086 0.7670
4823.9180 0.7520
4825.0303 0.7664
4826.1401 0.7909
4827.2534 0.7974
4828.3638 0.7842
4829.4771 0.7766
4830.5884 0.7757
4831.6992 0.7773
4832.8135 0.7811
4833.9253 0.7861
4835.0400 0.7799
4836.1523 0.7722
4837.2676 0.7672
4838.3804 0.7594
4839.4937 0.7500
4840.6094 0.7504
4841.7231 0.7548
4842.8394 0.7520
4843.9536 0.7522
4845.0708 0.7536
4846.1851 0.7457
4847.3003 0.7246
4848.4180 0.7062
4849.5332 0.7075
4850.6514 0.7092
4851.7676 0.6988
4852.8862 0.6750
4854.0024 0.6419
4855.1191 0.6089
4856.2388 0.5964
4857.3560 0.5852
4858.4761 0.5554
4859.5938 0.5060
4860.7144 0.4626
4861.8325 0.4674
4862.9512 0.5097
4864.0723 0.5541
4865.1914 0.5899
4866.3135 0.6204
4867.4326 0.6464
4868.5552 0.6657
4869.6753 0.6636
4870.7954 0.6496
4871.9189 0.6470
4873.0396 0.6652
4874.1631 0.6880
4875.2847 0.6966
4876.4087 0.7015
4877.5308 0.7171
4878.6528 0.7416
4879.7778 0.7605
4880.9004 0.7587
4882.0259 0.7394
4883.1489 0.7208
4884.2749 0.7116
4885.3984 0.7125
4886.5225 0.7201
4887.6494 0.7288
4888.7734 0.7315
4889.9009 0.7186
4891.0259 0.7162
4892.1538 0.7376
4893.2793 0.7711
4894.4048 0.7933
4895.5337 0.8021
4896.6597 0.8025
4897.7891 0.7926
4898.9155 0.7732
4900.0454 0.7582
4901.1724 0.7638
4902.2998 0.7681
4903.4307 0.7639
4904.5586 0.7755
4905.6895 0.7956
4906.8179 0.8031
4907.9497 0.7899
4909.0786 0.7601
4910.2080 0.7349
4911.3403 0.7373
4912.4702 0.7584
4913.6030 0.7793
4914.7334 0.7929
4915.8667 0.7946
4916.9976 0.7646
4918.1313 0.7243
4919.2627 0.6979
4920.3945 0.6952
4921.5288 0.7081
4922.6611 0.7160
4923.7964 0.7157
4924.9292 0.7380
4926.0649 0.7718
4927.1978 0.7935
4928.3315 0.8017
4929.4678 0.8047
4930.6021 0.8021
4931.7388 0.7850
4932.8735 0.7548
4934.0107 0.7326
4935.1460 0.7399
4936.2812 0.7443
4937.4194 0.7273
4938.5557 0.7214
4939.6943 0.7439
4940.8306 0.7800
4941.9702 0.7995
4943.1069 0.8010
4944.2441 0.7901
4945.3843 0.7762
4946.5220 0.7751
4947.6626 0.7875
4948.8008 0.7943
4949.9419 0.7930
4951.0806 0.7846
4952.2197 0.7727
4953.3618 0.7695
4954.5010 0.7764
4955.6436 0.7721
4956.7837 0.7402
4957.9268 0.7437
4959.0674 0.7773
4960.2080 0.8048
4961.3521 0.8090
4962.4932 0.8060
4963.6377 0.8027
4964.7793 0.7873
4965.9243 0.7732
4967.0669 0.7674
4968.2095 0.7658
4969.3550 0.7615
4970.4980 0.7594
4971.6445 0.7689
4972.7881 0.7830
4973.9351 0.7951
4975.0791 0.7998
4976.2236 0.7935
4977.3711 0.7822
4978.5161 0.7681
4979.6641 0.7537
4980.8096 0.7307
4981.9585 0.6955
4983.1045 0.6663
4984.2510 0.6753
4985.4004 0.7122
4986.5469 0.7529
4987.6968 0.7759
4988.8442 0.7748
4989.9946 0.7620
4991.1426 0.7549
4992.2910 0.7513
4993.4419 0.7514
4994.5908 0.7600
4995.7427 0.7720
4996.8921 0.7712
4998.0439 0.7582
4999.1938 0.7391
5000.3438 0.7243
5001.4971 0.7208
5002.6475 0.7280
5003.8013 0.7324
5004.9521 0.7122
5006.1064 0.7015
5007.2583 0.7234
5008.4126 0.7529
5009.5649 0.7572
5010.7173 0.7345
5011.8730 0.7097
5013.0259 0.7021
5014.1816 0.7100
5015.3354 0.7188
5016.4917 0.7087
5017.6460 0.6792
5018.8003 0.6873
5019.9575 0.7224
5021.1123 0.7387
5022.2700 0.7420
5023.4258 0.7539
5024.5840 0.7673
5025.7397 0.7597
5026.8960 0.7384
5028.0552 0.7362
5029.2119 0.7515
5030.3716 0.7649
5031.5288 0.7686
5032.6890 0.7729
5033.8472 0.7571
5035.0049 0.7307
5036.1660 0.7209
5037.3247 0.7310
5038.4863 0.7292
5039.6455 0.7079
5040.8076 0.6881
5041.9668 0.7023
5043.1270 0.7393
5044.2900 0.7702
5045.4502 0.7801
5046.6138 0.7672
5047.7749 0.7350
5048.9390 0.7160
5050.1001 0.7159
5051.2622 0.7243
5052.4268 0.7378
5053.5894 0.7565
5054.7544 0.7608
5055.9175 0.7587
5057.0830 0.7616
5058.2466 0.7713
5059.4102 0.7808
5060.5771 0.7856
5061.7412 0.7875
5062.9082 0.7767
5064.0732 0.7542
5065.2407 0.7353
5066.4062 0.7347
5067.5718 0.7349
5068.7402 0.7407
5069.9062 0.7475
5071.0752 0.7428
5072.2417 0.7296
5073.4116 0.7266
5074.5786 0.7221
5075.7461 0.7276
5076.9165 0.7323
5078.0845 0.7135
5079.2554 0.6757
5080.4238 0.6616
5081.5957 0.6853
5082.7646 0.7003
5083.9336 0.7163
5085.1060 0.7348
5086.2759 0.7421
5087.4487 0.7333
5088.6191 0.7358
5089.7925 0.7421
5090.9634 0.7502
5092.1348 0.7581
5093.3091 0.7629
5094.4805 0.7605
5095.6553 0.7426
5096.8276 0.7074
5098.0029 0.6763
5099.1758 0.6682
5100.3516 0.6893
5101.5249 0.7267
5102.6987 0.7453
5103.8750 0.7453
5105.0493 0.7374
5106.2266 0.7272
5107.4014 0.7190
5108.5791 0.7177
5109.7544 0.7194
5110.9297 0.7372
5112.1084 0.7560
5113.2842 0.7587
5114.4634 0.7467
5115.6401 0.7424
5116.8198 0.7551
5117.9966 0.7593
5119.1743 0.7522
5120.3545 0.7392
5121.5327 0.7233
5122.7134 0.7049
5123.8921 0.6930
5125.0737 0.6953
5126.2524 0.7032
5127.4321 0.7049
5128.6143 0.6989
5129.7939 0.6962
5130.9771 0.7012
5132.1572 0.6988
5133.3408 0.7046
5134.5220 0.7181
5135.7031 0.7209
5136.8872 0.7017
5138.0688 0.6892
5139.2539 0.6942
5140.4360 0.7021
5141.6216 0.6980
5142.8042 0.6927
5143.9873 0.7100
5145.1738 0.7110
5146.3574 0.6953
5147.5439 0.6944
5148.7280 0.7091
5149.9155 0.7203
5151.1001 0.7163
5152.2852 0.7016
5153.4731 0.6822
5154.6587 0.6800
5155.8477 0.6968
5157.0337 0.7183
5158.2227 0.7302
5159.4097 0.7332
5160.5962 0.7226
5161.7861 0.7136
5162.9736 0.7149
5164.1646 0.7150
5165.3525 0.6900
5166.5435 0.6479
5167.7319 0.6189
5168.9209 0.6298
5170.1128 0.6575
5171.3022 0.6680
5172.4946 0.6681
5173.6846 0.7051
5174.8779 0.7295
5176.0684 0.7324
5177.2588 0.7314
5178.4526 0.7347
5179.6440 0.7319
5180.8384 0.7268
5182.0303 0.6965
5183.2251 0.6635
5184.4175 0.6613
5185.6104 0.6875
5186.8062 0.6994
5187.9995 0.6937
5189.1958 0.7009
5190.3896 0.6908
5191.5864 0.6701
5192.7808 0.6668
5193.9780 0.6793
5195.1729 0.6670
5196.3682 0.6597
5197.5664 0.6674
5198.7622 0.6846
5199.9609 0.6992
5201.1572 0.7013
5202.3564 0.6993
5203.5532 0.6842
5204.7505 0.6642
5205.9507 0.6600
5207.1484 0.6740
5208.3491 0.6837
5209.5474 0.6986
5210.7485 0.7110
5211.9473 0.7197
5213.1460 0.7162
5214.3481 0.6933
5215.5479 0.6616
5216.7505 0.6563
5217.9507 0.6777
5219.1538 0.7038
5220.3545 0.7212
5221.5557 0.7277
5222.7598 0.7251
5223.9609 0.7099
5225.1655 0.6638
5226.3677 0.6236
5227.5728 0.6280
5228.7754 0.6704
5229.9785 0.6985
5231.1846 0.6974
5232.3877 0.6733
5233.5942 0.6542
5234.7983 0.6548
5236.0054 0.6708
5237.2100 0.6893
5238.4150 0.7088
5239.6230 0.7206
5240.8281 0.7149
5242.0366 0.7001
5243.2427 0.6958
5244.4517 0.7107
5245.6582 0.7138
5246.8652 0.7041
5248.0747 0.6931
5249.2822 0.6847
5250.4927 0.6841
5251.7007 0.6974
5252.9116 0.7011
5254.1201 0.6890
5255.3286 0.6869
5256.5405 0.7002
5257.7500 0.7157
5258.9624 0.7194
5260.1724 0.7109
5261.3853 0.6919
5262.5957 0.6619
5263.8062 0.6323
5265.0200 0.6187
5266.2310 0.6286
5267.4458 0.6496
5268.6572 0.6387
5269.8721 0.6332
5271.0845 0.6460
5272.2974 0.6560
5273.5132 0.6420
5274.7261 0.6220
5275.9424 0.6382
5277.1562 0.6724
5278.3730 0.6869
5279.5874 0.6738
5280.8047 0.6646
5282.0195 0.6610
5283.2349 0.6519
5284.4531 0.6672
5285.6689 0.6991
5286.8877 0.7184
5288.1040 0.7174
5289.3232 0.7181
5290.5400 0.7161
5291.7573 0.7076
5292.9775 0.6996
5294.1953 0.6978
5295.4160 0.6924
5296.6343 0.6657
5297.8555 0.6539
5299.0742 0.6693
5300.2935 0.6850
5301.5156 0.6812
5302.7354 0.6778
5303.9580 0.6914
5305.1782 0.6921
5306.4014 0.6857
5307.6221 0.6841
5308.8433 0.6900
5310.0674 0.6973
5311.2891 0.6981
5312.5137 0.6913
5313.7358 0.6841
5314.9614 0.6708
5316.1841 0.6543
5317.4072 0.6589
5318.6333 0.6842
5319.8569 0.6941
5321.0835 0.6947
5322.3076 0.6863
5323.5347 0.6673
5324.7598 0.6518
5325.9844 0.6523
5327.2129 0.6255
5328.4380 0.6141
5329.6670 0.6397
5330.8931 0.6771
5332.1221 0.6855
5333.3491 0.6799
5334.5757 0.6748
5335.8062 0.6677
5337.0337 0.6619
5338.2642 0.6584
5339.4922 0.6498
5340.7236 0.6486
5341.9521 0.6671
5343.1812 0.6802
5344.4131 0.6761
5345.6426 0.6645
5346.8755 0.6624
5348.1055 0.6694
5349.3389 0.6771
5350.5693 0.6847
5351.8003 0.6857
5353.0342 0.6820
5354.2656 0.6899
5355.5005 0.7038
5356.7324 0.7069
5357.9678 0.7060
5359.2002 0.7031
5360.4331 0.6922
5361.6694 0.6712
5362.9028 0.6547
5364.1392 0.6488
5365.3735 0.6508
5366.6108 0.6539
5367.8452 0.6507
5369.0801 0.6378
5370.3184 0.6232
5371.5537 0.6365
5372.7925 0.6622
5374.0283 0.6814
5375.2676 0.6871
5376.5039 0.6837
5377.7441 0.6792
5378.9810 0.6718
5380.2183 0.6629
5381.4590 0.6550
5382.6973 0.6530
5383.9385 0.6628
5385.1768 0.6793
5386.4189 0.6819
5387.6577 0.6771
5388.8975 0.6692
5390.1401 0.6600
5391.3799 0.6551
5392.6230 0.6523
5393.8638 0.6621
5395.1074 0.6620
5396.3486 0.6478
5397.5903 0.6383
5398.8350 0.6487
5400.0767 0.6537
5401.3223 0.6554
5402.5645 0.6421
5403.8105 0.6207
5405.0537 0.6117
5406.2969 0.6255
5407.5439 0.6394
5408.7876 0.6295
5410.0352 0.6219
5411.2798 0.6340
5412.5273 0.6508
5413.7725 0.6440
5415.0181 0.6411
5416.2666 0.6594
5417.5127 0.6699
5418.7617 0.6657
5420.0083 0.6591
5421.2583 0.6556
5422.5054 0.6470
5423.7529 0.6272
5425.0034 0.6326
5426.2515 0.6565
5427.5029 0.6638
5428.7515 0.6444
5430.0034 0.6409
5431.2524 0.6523
5432.5020 0.6494
5433.7549 0.6382
5435.0049 0.6401
5436.2578 0.6567
5437.5088 0.6743
5438.7627 0.6824
5440.0137 0.6830
5441.2651 0.6804
5442.5200 0.6743
5443.7720 0.6585
5445.0273 0.6322
5446.2798 0.6213
5447.5356 0.6386
5448.7891 0.6650
5450.0425 0.6772
5451.2993 0.6755
5452.5532 0.6711
5453.8105 0.6492
5455.0654 0.6309
5456.3232 0.6391
5457.5786 0.6665
5458.8340 0.6773
5460.0928 0.6723
5461.3486 0.6483
5462.6084 0.6303
5463.8647 0.6342
5465.1250 0.6494
5466.3823 0.6522
5467.6396 0.6601
5468.9004 0.6681
5470.1587 0.6701
5471.4199 0.6622
5472.6787 0.6488
5473.9404 0.6380
5475.1997 0.6151
5476.4624 0.5929
5477.7222 0.6036
5478.9824 0.6296
5480.2461 0.6403
5481.5068 0.6426
5482.7705 0.6546
5484.0322 0.6638
5485.2964 0.6599
5486.5586 0.6473
5487.8208 0.6409
5489.0859 0.6519
5490.3491 0.6607
5491.6147 0.6592
5492.8784 0.6528
5494.1450 0.6503
5495.4087 0.6503
5496.6729 0.6435
5497.9404 0.6458
5499.2056 0.6519
5500.4736 0.6400
5501.7388 0.6233
5503.0073 0.6248
5504.2734 0.6378
5505.5396 0.6333
5506.8096 0.6287
5508.0762 0.6265
5509.3462 0.6248
5510.6138 0.6268
5511.8843 0.6378
5513.1523 0.6485
5514.4209 0.6546
5515.6924 0.6569
5516.9614 0.6569
5518.2334 0.6555
5519.5029 0.6531
5520.7759 0.6509
5522.0459 0.6515
5523.3159 0.6493
5524.5898 0.6425
5525.8608 0.6333
5527.1348 0.6244
5528.4062 0.6201
5529.6812 0.6334
5530.9536 0.6456
5532.2256 0.6441
5533.5015 0.6293
5534.7744 0.6148
5536.0508 0.6288
5537.3242 0.6434
5538.6011 0.6502
5539.8755 0.6519
5541.1499 0.6484
5542.4277 0.6355
5543.7026 0.6254
5544.9810 0.6264
5546.2568 0.6335
5547.5356 0.6417
5548.8115 0.6481
5550.0884 0.6503
5551.3682 0.6494
5552.6450 0.6405
5553.9258 0.6330
5555.2031 0.6339
5556.4844 0.6390
5557.7627 0.6381
5559.0410 0.6358
5560.3232 0.6328
5561.6021 0.6266
5562.8848 0.6217
5564.1646 0.6213
5565.4473 0.6209
5566.7280 0.6225
5568.0083 0.6197
5569.2925 0.6187
5570.5737 0.6196
5571.8579 0.6175
5573.1401 0.6145
5574.4253 0.6227
5575.7075 0.6234
5576.9932 0.6259
5578.2764 0.6319
5579.5596 0.6361
5580.8462 0.6380
5582.1299 0.6377
5583.4170 0.6380
5584.7017 0.6258
5585.9893 0.6026
5587.2744 0.5867
5588.5601 0.5947
5589.8486 0.6099
5591.1348 0.6132
5592.4238 0.6083
5593.7104 0.6067
5595.0005 0.6148
5596.2876 0.6247
5597.5747 0.6167
5598.8657 0.6118
5600.1538 0.6076
5601.4448 0.6019
5602.7334 0.6033
5604.0254 0.6208
5605.3149 0.6350
5606.6045 0.6376
5607.8970 0.6361
5609.1870 0.6352
5610.4805 0.6357
5611.7715 0.6355
5613.0654 0.6211
5614.3569 0.5935
5615.6484 0.5878
5616.9434 0.6043
5618.2354 0.6183
5619.5308 0.6189
5620.8237 0.6229
5622.1201 0.6191
5623.4131 0.6029
5624.7070 0.5934
5626.0039 0.6037
5627.2983 0.6176
5628.5957 0.6256
5629.8906 0.6304
5631.1890 0.6290
5632.4844 0.6224
5633.7803 0.6161
5635.0791 0.6124
5636.3755 0.6008
5637.6753 0.5983
5638.9722 0.6044
5640.2725 0.6069
5641.5703 0.6030
5642.8682 0.6067
5644.1694 0.6131
5645.4678 0.6185
5646.7695 0.6219
5648.0684 0.6189
5649.3711 0.6109
5650.6704 0.6099
5651.9707 0.6152
5653.2739 0.6056
5654.5742 0.5965
5655.8784 0.5941
5657.1797 0.5889
5658.4839 0.5780
5659.7856 0.5908
5661.0879 0.5876
5662.3931 0.5801
5663.6958 0.5871
5665.0020 0.6040
5666.3052 0.6077
5667.6118 0.6069
5668.9155 0.6086
5670.2197 0.6126
5671.5273 0.6171
5672.8320 0.6187
5674.1401 0.6139
5675.4453 0.6100
5676.7539 0.6096
5678.0601 0.6072
5679.3696 0.6028
5680.6758 0.5949
5681.9829 0.5801
5683.2930 0.5827
5684.6006 0.5887
5685.9111 0.5852
5687.2192 0.5791
5688.5308 0.5835
5689.8394 0.5963
5691.1484 0.6024
5692.4609 0.6017
5693.7705 0.5982
5695.0835 0.5983
5696.3936 0.6031
5697.7070 0.6038
5699.0176 0.5992
5700.3286 0.5925
5701.6431 0.5929
5702.9551 0.5969
5704.2700 0.5938
5705.5825 0.5816
5706.8979 0.5742
5708.2109 0.5649
5709.5239 0.5636
5710.8408 0.5711
5712.1543 0.5805
5713.4717 0.5885
5714.7861 0.5912
5716.1040 0.5939
5717.4189 0.5953
5718.7339 0.5974
5720.0527 0.6019
5721.3687 0.6039
5722.6880 0.6044
5724.0044 0.6044
5725.3242 0.6028
5726.6416 0.6007
5727.9590 0.5999
5729.2798 0.6001
5730.5977 0.5955
5731.9194 0.5931
5733.2378 0.5965
5734.5601 0.6011
5735.8794 0.6023
5737.1987 0.6017
5738.5215 0.6010
5739.8418 0.5990
5741.1655 0.5971
5742.4863 0.5969
5743.8105 0.5986
5745.1318 0.5988
5746.4536 0.5911
5747.7783 0.5868
5749.1006 0.5899
5750.4268 0.5898
5751.7495 0.5784
5753.0757 0.5670
5754.3994 0.5736
5755.7231 0.5864
5757.0503 0.5941
5758.3745 0.5934
5759.7026 0.5862
5761.0273 0.5769
5762.3560 0.5716
5763.6816 0.5814
5765.0078 0.5931
5766.3369 0.5970
5767.6636 0.5942
5768.9937 0.5912
5770.3208 0.5889
5771.6514 0.5872
5772.9790 0.5860
5774.3071 0.5855
5775.6387 0.5874
5776.9673 0.5927
5778.2993 0.5905
5779.6289 0.5794
5780.9614 0.5692
5782.2915 0.5657
5783.6250 0.5673
5784.9556 0.5702
5786.2861 0.5776
5787.6206 0.5827
5788.9521 0.5815
5790.2871 0.5772
5791.6191 0.5761
5792.9546 0.5803
5794.2871 0.5847
5795.6201 0.5840
5796.9565 0.5800
5798.2900 0.5801
5799.6274 0.5863
5800.9614 0.5894
5802.2993 0.5863
5803.6338 0.5761
5804.9692 0.5691
5806.3076 0.5709
5807.6436 0.5776
5808.9824 0.5812
5810.3188 0.5833
5811.6587 0.5828
5812.9956 0.5802
5814.3330 0.5758
5815.6738 0.5726
5817.0117 0.5767
5818.3530 0.5847
5819.6914 0.5867
5821.0337 0.5848
5822.3726 0.5826
5823.7119 0.5819
5825.0552 0.5831
5826.3950 0.5825
5827.7388 0.5834
5829.0791 0.5826
5830.4233 0.5798
5831.7646 0.5787
5833.1064 0.5806
5834.4517 0.5801
5835.7935 0.5809
5837.1396 0.5811
5838.4824 0.5812
5839.8286 0.5826
5841.1719 0.5835
5842.5156 0.5836
5843.8633 0.5827
5845.2075 0.5804
5846.5552 0.5778
5847.9004 0.5769
5849.2490 0.5775
5850.5942 0.5742
5851.9404 0.5587
5853.2896 0.5493
5854.6362 0.5534
5855.9863 0.5589
5857.3335 0.5524
5858.6841 0.5548
5860.0322 0.5592
5861.3799 0.5592
5862.7319 0.5612
5864.0806 0.5699
5865.4326 0.5753
5866.7822 0.5752
5868.1348 0.5759
5869.4849 0.5764
5870.8350 0.5755
5872.1890 0.5741
5873.5400 0.5739
5874.8940 0.5749
5876.2456 0.5742
5877.6006 0.5728
5878.9531 0.5713
5880.3052 0.5697
5881.6611 0.5679
5883.0146 0.5630
5884.3711 0.5628
5885.7246 0.5646
5887.0820 0.5568
5888.4365 0.5326
5889.7939 0.5083
5891.1489 0.5246
5892.5044 0.5415
5893.8633 0.5353
5895.2192 0.5188
5896.5786 0.5202
5897.9351 0.5464
5899.2949 0.5563
5900.6523 0.5597
5902.0098 0.5615
5903.3706 0.5607
5904.7285 0.5572
5906.0903 0.5558
5907.4487 0.5611
5908.8110 0.5626
5910.1704 0.5628
5911.5303 0.5595
5912.8931 0.5494
5914.2534 0.5418
5915.6172 0.5512
5916.9780 0.5583
5918.3428 0.5596
5919.7041 0.5594
5921.0659 0.5597
5922.4312 0.5583
5923.7939 0.5571
5925.1597 0.5585
5926.5229 0.5562
5927.8896 0.5469
5929.2534 0.5375
5930.6172 0.5410
5931.9849 0.5507
5933.3496 0.5500
5934.7178 0.5499
5936.0830 0.5543
5937.4517 0.5571
5938.8179 0.5560
5940.1841 0.5525
5941.5537 0.5500
5942.9204 0.5515
5944.2910 0.5539
5945.6587 0.5513
5947.0298 0.5432
5948.3975 0.5378
5949.7661 0.5419
5951.1382 0.5429
5952.5073 0.5422
5953.8799 0.5468
5955.2495 0.5495
5956.6226 0.5456
5957.9932 0.5452
5959.3638 0.5473
5960.7378 0.5488
5962.1094 0.5494
5963.4839 0.5507
5964.8560 0.5498
5966.2314 0.5466
5967.6040 0.5452
5968.9766 0.5472
5970.3530 0.5504
5971.7266 0.5505
5973.1035 0.5482
5974.4780 0.5409
5975.8555 0.5346
5977.2305 0.5344
5978.6055 0.5398
5979.9839 0.5448
5981.3599 0.5438
5982.7388 0.5313
5984.1152 0.5229
5985.4951 0.5246
5986.8721 0.5311
5988.2495 0.5362
5989.6304 0.5331
5991.0083 0.5300
5992.3896 0.5359
5993.7681 0.5432
5995.1504 0.5404
5996.5298 0.5322
5997.9126 0.5322
5999.2920 0.5379
6000.6724 0.5386
6002.0562 0.5346
6003.4370 0.5339
6004.8213 0.5377
6006.2026 0.5293
6007.5874 0.5202
6008.9697 0.5249
6010.3521 0.5340
6011.7378 0.5325
6013.1211 0.5274
6014.5078 0.5276
6015.8911 0.5276
6017.2783 0.5277
6018.6626 0.5223
6020.0474 0.5123
6021.4355 0.5138
6022.8208 0.5150
6024.2095 0.5193
6025.5957 0.5238
6026.9849 0.5265
6028.3716 0.5289
6029.7583 0.5325
6031.1489 0.5343
6032.5361 0.5353
6033.9272 0.5353
6035.3154 0.5354
6036.7070 0.5363
6038.0957 0.5365
6039.4849 0.5342
6040.8774 0.5270
6042.2671 0.5243
6043.6606 0.5261
6045.0508 0.5266
6046.4448 0.5277
6047.8359 0.5316
6049.2271 0.5329
6050.6221 0.5289
6052.0142 0.5211
6053.4097 0.5149
6054.8022 0.5164
6056.1982 0.5206
6057.5918 0.5279
6058.9854 0.5314
6060.3823 0.5307
6061.7764 0.5294
6063.1743 0.5259
6064.5693 0.5157
6065.9678 0.5169
6067.3633 0.5234
6068.7588 0.5273
6070.1582 0.5280
6071.5547 0.5290
6072.9551 0.5282
6074.3521 0.5283
6075.7529 0.5246
6077.1504 0.5158
6078.5483 0.5101
6079.9502 0.5181
6081.3491 0.5220
6082.7515 0.5160
6084.1504 0.5104
6085.5537 0.5105
6086.9536 0.5144
6088.3540 0.5190
6089.7578 0.5196
6091.1587 0.5201
6092.5635 0.5205
6093.9648 0.5207
6095.3701 0.5209
6096.7725 0.5209
6098.1782 0.5227
6099.5811 0.5205
6100.9844 0.5073
6102.3911 0.4966
6103.7949 0.5037
6105.2026 0.5172
6106.6069 0.5156
6108.0151 0.5152
6109.4204 0.5154
6110.8257 0.5132
6112.2349 0.5116
6113.6411 0.5142
6115.0508 0.5106
6116.4575 0.5119
6117.8682 0.5165
6119.2754 0.5173
6120.6831 0.5117
6122.0947 0.5070
6123.5029 0.5093
6124.9150 0.5110
6126.3242 0.5098
6127.7368 0.5058
6129.1465 0.5020
6130.5566 0.5049
6131.9702 0.5109
6133.3809 0.5131
6134.7954 0.4989
6136.2065 0.4780
6137.6216 0.4762
6139.0337 0.4975
6140.4458 0.4832
6141.8618 0.4815
6143.2749 0.4971
6144.6914 0.5080
6146.1050 0.4990
6147.5220 0.4839
6148.9365 0.4853
6150.3511 0.5002
6151.7690 0.5093
6153.1846 0.5051
6154.6035 0.4957
6156.0190 0.4938
6157.4390 0.4973
6158.8555 0.5004
6160.2720 0.4953
6161.6929 0.4883
6163.1104 0.4907
6164.5312 0.5000
6165.9497 0.5060
6167.3711 0.5059
6168.7900 0.4990
6170.2095 0.4934
6171.6323 0.4955
6173.0518 0.4955
6174.4756 0.4859
6175.8960 0.4839
6177.3198 0.4903
6178.7412 0.4972
6180.1626 0.5008
6181.5874 0.5050
6183.0098 0.5034
6184.4355 0.5014
6185.8579 0.4992
6187.2847 0.5001
6188.7080 0.5008
6190.1318 0.4879
6191.5591 0.4816
6192.9834 0.4934
6194.4116 0.5021
6195.8364 0.5034
6197.2651 0.5041
6198.6909 0.5001
6200.1172 0.4988
6201.5469 0.5029
6202.9731 0.5042
6204.4038 0.5028
6205.8311 0.5036
6207.2622 0.5037
6208.6899 0.5025
6210.1216 0.5018
6211.5503 0.4976
6212.9795 0.4903
6214.4121 0.4864
6215.8418 0.4904
6217.2749 0.4914
6218.7056 0.4867
6220.1392 0.4875
6221.5703 0.4925
6223.0015 0.4936
6224.4365 0.4934
6225.8687 0.4949
6227.3042 0.4931
6228.7368 0.4813
6230.1729 0.4692
6231.6064 0.4706
6233.0400 0.4824
6234.4771 0.4917
6235.9116 0.4844
6237.3496 0.4695
6238.7842 0.4652
6240.2231 0.4777
6241.6587 0.4874
6243.0942 0.4820
6244.5342 0.4709
6245.9707 0.4574
6247.4111 0.4561
6248.8481 0.4737
6250.2891 0.4836
6251.7271 0.4712
6253.1650 0.4649
6254.6069 0.4668
6256.0459 0.4719
6257.4888 0.4774
6258.9282 0.4813
6260.3716 0.4840
6261.8115 0.4856
6263.2520 0.4833
6264.6963 0.4808
6266.1377 0.4837
6267.5825 0.4877
6269.0244 0.4823
6270.4702 0.4791
6271.9126 0.4810
6273.3555 0.4849
6274.8022 0.4842
6276.2456 0.4722
6277.6929 0.4581
6279.1372 0.4578
6280.5850 0.4645
6282.0298 0.4713
6283.4751 0.4767
6284.9238 0.4799
6286.3696 0.4805
6287.8193 0.4788
6289.2661 0.4719
6290.7163 0.4663
6292.1636 0.4695
6293.6108 0.4747
6295.0620 0.4751
6296.5103 0.4716
6297.9624 0.4674
6299.4111 0.4612
6300.8638 0.4536
6302.3135 0.4538
6303.7632 0.4657
6305.2168 0.4704
6306.6675 0.4735
6308.1216 0.4755
6309.5728 0.4728
6311.0278 0.4721
6312.4795 0.4712
6313.9316 0.4599
6315.3877 0.4540
6316.8403 0.4551
6318.2974 0.4569
6319.7510 0.4653
6321.2080 0.4660
6322.6621 0.4678
6324.1201 0.4725
6325.5752 0.4751
6327.0303 0.4734
6328.4893 0.4726
6329.9453 0.4689
6331.4048 0.4681
6332.8613 0.4680
6334.3218 0.4623
6335.7788 0.4533
6337.2363 0.4550
6338.6978 0.4605
6340.1558 0.4693
6341.6182 0.4736
6343.0767 0.4721
6344.5396 0.4650
6345.9990 0.4494
6347.4590 0.4514
6348.9229 0.4659
6350.3833 0.4734
6351.8477 0.4730
6353.3091 0.4729
6354.7739 0.4705
6356.2358 0.4710
6357.6982 0.4685
6359.1641 0.4649
6360.6270 0.4600
6362.0938 0.4557
6363.5576 0.4609
6365.0249 0.4642
6366.4893 0.4644
6367.9536 0.4591
6369.4224 0.4491
6370.8877 0.4445
6372.3564 0.4581
6373.8228 0.4680
6375.2925 0.4687
6376.7588 0.4657
6378.2261 0.4633
6379.6968 0.4624
6381.1646 0.4626
6382.6357 0.4586
6384.1040 0.4537
6385.5762 0.4569
6387.0454 0.4643
6388.5146 0.4666
6389.9878 0.4653
6391.4580 0.4582
6392.9316 0.4489
6394.4023 0.4541
6395.8770 0.4668
6397.3481 0.4656
6398.8198 0.4499
6400.2954 0.4498
6401.7681 0.4600
6403.2441 0.4657
6404.7173 0.4620
6406.1943 0.4530
6407.6680 0.4454
6409.1421 0.4524
6410.6196 0.4496
6412.0947 0.4495
6413.5732 0.4521
6415.0488 0.4469
6416.5278 0.4426
6418.0039 0.4456
6419.4805 0.4400
6420.9609 0.4417
6422.4380 0.4534
6423.9189 0.4611
6425.3970 0.4592
6426.8784 0.4608
6428.3569 0.4567
6429.8359 0.4457
6431.3184 0.4370
6432.7979 0.4405
6434.2812 0.4531
6435.7617 0.4582
6437.2456 0.4517
6438.7266 0.4491
6440.2114 0.4538
6441.6929 0.4569
6443.1748 0.4559
6444.6606 0.4555
6446.1431 0.4555
6447.6294 0.4551
6449.1128 0.4534
6450.6001 0.4523
6452.0840 0.4561
6453.5684 0.4500
6455.0566 0.4302
6456.5415 0.4266
6458.0303 0.4415
6459.5161 0.4505
6461.0054 0.4426
6462.4917 0.4373
6463.9785 0.4454
6465.4692 0.4524
6466.9565 0.4509
6468.4478 0.4464
6469.9360 0.4463
6471.4277 0.4487
6472.9165 0.4500
6474.4058 0.4489
6475.8984 0.4479
6477.3882 0.4500
6478.8818 0.4520
6480.3726 0.4449
6481.8667 0.4363
6483.3579 0.4369
6484.8496 0.4437
6486.3447 0.4473
6487.8369 0.4474
6489.3330 0.4421
6490.8262 0.4351
6492.3228 0.4258
6493.8164 0.4102
6495.3101 0.3938
6496.8081 0.3994
6498.3027 0.4282
6499.8013 0.4420
6501.2964 0.4448
6502.7954 0.4459
6504.2915 0.4457
6505.7876 0.4452
6507.2881 0.4443
6508.7852 0.4442
6510.2861 0.4444
6511.7837 0.4438
6513.2852 0.4387
6514.7837 0.4245
6516.2822 0.4166
6517.7852 0.4236
6519.2842 0.4338
6520.7876 0.4382
6522.2876 0.4376
6523.7920 0.4364
6525.2925 0.4329
6526.7939 0.4305
6528.2988 0.4323
6529.8008 0.4346
6531.3062 0.4324
6532.8091 0.4276
6534.3154 0.4262
6535.8184 0.4269
6537.3223 0.4261
6538.8296 0.4239
6540.3340 0.4218
6541.8423 0.4181
6543.3472 0.4123
6544.8560 0.4034
6546.3613 0.3994
6547.8677 0.4000
6549.3774 0.3986
6550.8843 0.3934
6552.3945 0.3852
6553.9019 0.3747
6555.4136 0.3638
6556.9214 0.3502
6558.4336 0.3303
6559.9424 0.3008
6561.4512 0.2472
6562.9644 0.2424
6564.4741 0.2822
6565.9878 0.3254
6567.4985 0.3452
6569.0127 0.3563
6570.5239 0.3699
6572.0356 0.3788
6573.5513 0.3836
6575.0635 0.3888
6576.5796 0.3962
6578.0923 0.4019
6579.6094 0.4048
6581.1230 0.4080
6582.6372 0.4102
6584.1548 0.4108
6585.6694 0.4111
6587.1885 0.4136
6588.7036 0.4185
6590.2231 0.4146
6591.7393 0.4048
6593.2554 0.4027
6594.7759 0.4133
6596.2930 0.4174
6597.8140 0.4161
6599.3320 0.4215
6600.8535 0.4268
6602.3721 0.4265
6603.8911 0.4231
6605.4141 0.4211
6606.9336 0.4208
6608.4570 0.4198
6609.9771 0.4205
6611.5015 0.4210
6613.0225 0.4193
6614.5439 0.4211
6616.0693 0.4238
6617.5913 0.4251
6619.1172 0.4253
6620.6396 0.4250
6622.1665 0.4245
6623.6899 0.4245
6625.2139 0.4218
6626.7417 0.4185
6628.2661 0.4184
6629.7944 0.4200
6631.3198 0.4176
6632.8486 0.4090
6634.3745 0.4082
6635.9009 0.4163
6637.4312 0.4218
6638.9580 0.4220
6640.4888 0.4204
6642.0166 0.4134
6643.5483 0.4058
6645.0767 0.4104
6646.6055 0.4173
6648.1382 0.4202
6649.6675 0.4214
6651.2007 0.4210
6652.7310 0.4206
6654.2651 0.4196
6655.7959 0.4188
6657.3271 0.4185
6658.8623 0.4181
6660.3940 0.4165
6661.9297 0.4102
6663.4624 0.4098
6664.9990 0.4143
6666.5322 0.4175
6668.0659 0.4163
6669.6035 0.4138
6671.1377 0.4125
6672.6763 0.4136
6674.2114 0.4140
6675.7505 0.4086
6677.2861 0.3995
6678.8257 0.4007
6680.3623 0.4100
6681.8989 0.4143
6683.4399 0.4148
6684.9775 0.4149
6686.5190 0.4142
6688.0571 0.4119
6689.5996 0.4107
6691.1382 0.4104
6692.6777 0.4101
6694.2212 0.4089
6695.7607 0.4069
6697.3052 0.4067
6698.8457 0.4075
6700.3906 0.4095
6701.9316 0.4096
6703.4736 0.4068
6705.0195 0.4043
6706.5620 0.4061
6708.1084 0.4079
6709.6519 0.4087
6711.1987 0.4070
6712.7427 0.4044
6714.2871 0.4028
6715.8354 0.4005
6717.3804 0.3989
6718.9292 0.3998
6720.4751 0.3991
6722.0249 0.3985
6723.5713 0.4004
6725.1177 0.3983
6726.6685 0.3985
6728.2163 0.4020
6729.7676 0.4036
6731.3159 0.4016
6732.8682 0.3994
6734.4170 0.3998
6735.9663 0.3995
6737.5195 0.3980
6739.0693 0.3983
6740.6235 0.3986
6742.1743 0.3957
6743.7290 0.3943
6745.2803 0.3978
6746.8320 0.3933
6748.3877 0.3883
6749.9404 0.3903
6751.4966 0.3967
6753.0498 0.3991
6754.6069 0.3972
6756.1611 0.3909
6757.7153 0.3902
6759.2734 0.3941
6760.8286 0.3952
6762.3877 0.3971
6763.9434 0.3990
6765.5029 0.3915
6767.0596 0.3846
6768.6162 0.3871
6770.1772 0.3943
6771.7344 0.3923
6773.2959 0.3935
6774.8540 0.3953
6776.4165 0.3968
6777.9756 0.3982
6779.5347 0.3983
6781.0981 0.3953
6782.6582 0.3917
6784.2222 0.3911
6785.7827 0.3920
6787.3477 0.3931
6788.9092 0.3937
6790.4707 0.3922
6792.0366 0.3910
6793.5991 0.3885
6795.1655 0.3873
6796.7290 0.3882
6798.2964 0.3889
6799.8604 0.3882
6801.4282 0.3897
6802.9927 0.3887
6804.5581 0.3879
6806.1270 0.3890
6807.6929 0.3896
6809.2627 0.3876
6810.8291 0.3877
6812.3994 0.3876
6813.9668 0.3876
6815.5342 0.3886
6817.1060 0.3896
6818.6743 0.3870
6820.2466 0.3852
6821.8154 0.3871
6823.3887 0.3888
6824.9585 0.3873
6826.5283 0.3825
6828.1025 0.3773
6829.6733 0.3827
6831.2485 0.3857
6832.8198 0.3859
6834.3955 0.3856
6835.9678 0.3848
6837.5405 0.3833
6839.1172 0.3804
6840.6904 0.3747
6842.2681 0.3726
6843.8418 0.3766
6845.4199 0.3822
6846.9946 0.3833
6848.5698 0.3832
6850.1494 0.3826
6851.7251 0.3815
6853.3052 0.3772
6854.8818 0.3700
6856.4624 0.3695
6858.0396 0.3739
6859.6177 0.3741
6861.1992 0.3740
6862.7778 0.3768
6864.3604 0.3802
6865.9395 0.3805
6867.5225 0.3800
6869.1025 0.3797
6870.6826 0.3788
6872.2671 0.3779
6873.8481 0.3780
6875.4331 0.3777
6877.0146 0.3782
6878.6006 0.3781
6880.1831 0.3748
6881.7656 0.3714
6883.3525 0.3721
6884.9360 0.3739
6886.5239 0.3724
6888.1079 0.3744
6889.6963 0.3770
6891.2812 0.3776
6892.8667 0.3772
6894.4561 0.3763
6896.0425 0.3755
6897.6323 0.3749
6899.2192 0.3747
6900.8105 0.3748
6902.3979 0.3749
6903.9858 0.3740
6905.5776 0.3714
6907.1665 0.3723
6908.7593 0.3733
6910.3486 0.3718
6911.9419 0.3689
6913.5322 0.3659
6915.1226 0.3644
6916.7173 0.3663
6918.3081 0.3682
6919.9038 0.3685
6921.4956 0.3684
6923.0918 0.3677
6924.6846 0.3654
6926.2812 0.3676
6927.8745 0.3698
6929.4683 0.3694
6931.0664 0.3680
6932.6606 0.3660
6934.2593 0.3676
6935.8545 0.3687
6937.4541 0.3688
6939.0498 0.3689
6940.6460 0.3689
6942.2466 0.3674
6943.8438 0.3626
6945.4448 0.3619
6947.0430 0.3644
6948.6445 0.3658
6950.2432 0.3642
6951.8423 0.3632
6953.4453 0.3641
6955.0449 0.3637
6956.6489 0.3639
6958.2490 0.3653
6959.8535 0.3652
6961.4546 0.3629
6963.0562 0.3625
6964.6621 0.3640
6966.2642 0.3649
6967.8706 0.3646
6969.4736 0.3638
6971.0806 0.3628
6972.6841 0.3637
6974.2886 0.3616
6975.8965 0.3551
6977.5015 0.3485
6979.1104 0.3485
6980.7158 0.3566
6982.3257 0.3612
6983.9321 0.3622
6985.5386 0.3610
6987.1494 0.3597
6988.7568 0.3598
6990.3687 0.3597
6991.9766 0.3580
6993.5889 0.3573
6995.1978 0.3584
6996.8071 0.3578
6998.4204 0.3539
7000.0303 0.3528
7001.6445 0.3542
7003.2554 0.3499
7004.8701 0.3473
7006.4819 0.3512
7008.0938 0.3566
7009.7095 0.3561
7011.3223 0.3532
7012.9390 0.3535
7014.5522 0.3496
7016.1699 0.3445
7017.7837 0.3482
7019.3984 0.3560
7021.0171 0.3518
7022.6323 0.3449
7024.2515 0.3450
7025.8677 0.3503
7027.4878 0.3529
7029.1045 0.3520
7030.7212 0.3538
7032.3428 0.3523
7033.9604 0.3488
7035.5825 0.3470
7037.2007 0.3481
7038.8237 0.3492
7040.4429 0.3540
7042.0664 0.3545
7043.6865 0.3540
7045.3066 0.3547
7046.9316 0.3547
7048.5527 0.3535
7050.1782 0.3538
7051.7998 0.3517
7053.4263 0.3492
7055.0488 0.3487
7056.6719 0.3503
7058.2988 0.3523
7059.9229 0.3511
7061.5508 0.3497
7063.1753 0.3487
7064.8037 0.3467
7066.4292 0.3440
7068.0547 0.3451
7069.6846 0.3492
7071.3110 0.3503
7072.9419 0.3514
7074.5688 0.3522
7076.2002 0.3502
7077.8281 0.3498
7079.4561 0.3521
7081.0889 0.3497
7082.7178 0.3441
7084.3511 0.3415
7085.9810 0.3445
7087.6147 0.3469
7089.2451 0.3439
7090.8760 0.3438
7092.5112 0.3462
7094.1431 0.3471
7095.7788 0.3456
7097.4111 0.3466
7099.0479 0.3478
7100.6812 0.3486
7102.3145 0.3492
7103.9521 0.3489
7105.5864 0.3470
7107.2251 0.3445
7108.8599 0.3435
7110.4995 0.3411
7112.1353 0.3397
7113.7715 0.3405
7115.4116 0.3415
7117.0483 0.3419
7118.6899 0.3429
7120.3271 0.3379
7121.9692 0.3358
7123.6079 0.3403
7125.2466 0.3450
7126.8896 0.3444
7128.5293 0.3405
7130.1729 0.3359
7131.8130 0.3365
7133.4580 0.3411
7135.0986 0.3441
7136.7402 0.3447
7138.3857 0.3448
7140.0283 0.3440
7141.6748 0.3422
7143.3174 0.3415
7144.9648 0.3416
7146.6084 0.3355
7148.2524 0.3321
7149.9009 0.3374
7151.5459 0.3424
7153.1948 0.3423
7154.8403 0.3409
7156.4902 0.3413
7158.1367 0.3426
7159.7832 0.3423
7161.4346 0.3393
7163.0820 0.3317
7164.7339 0.3246
7166.3818 0.3337
7168.0347 0.3409
7169.6836 0.3427
7171.3369 0.3427
7172.9863 0.3420
7174.6367 0.3388
7176.2910 0.3354
7177.9419 0.3378
7179.5972 0.3330
7181.2490 0.3299
7182.9048 0.3333
7184.5571 0.3348
7186.2100 0.3278
7187.8672 0.3270
7189.5210 0.3307
7191.1787 0.3293
7192.8330 0.3246
7194.4917 0.3253
7196.1465 0.3292
7197.8022 0.3321
7199.4619 0.3318
7201.1182 0.3276
7202.7788 0.3267
7204.4355 0.3307
7206.0972 0.3216
7207.7549 0.3192
7209.4131 0.3257
7211.0757 0.3294
7212.7344 0.3271
7214.3975 0.3254
7216.0571 0.3272
7217.7212 0.3268
7219.3818 0.3254
7221.0425 0.3215
7222.7075 0.3173
7224.3691 0.3182
7226.0352 0.3233
7227.6973 0.3242
7229.3643 0.3269
7231.0273 0.3296
7232.6909 0.3288
7234.3584 0.3253
7236.0229 0.3242
7237.6914 0.3252
7239.3564 0.3234
7241.0259 0.3234
7242.6919 0.3238
7244.3579 0.3209
7246.0283 0.3237
7247.6953 0.3261
7249.3667 0.3211
7251.0342 0.3190
7252.7065 0.3230
7254.3750 0.3253
7256.0439 0.3247
7257.7168 0.3260
7259.3867 0.3199
7261.0605 0.3147
7262.7310 0.3174
7264.4058 0.3233
7266.0771 0.3233
7267.7485 0.3242
7269.4243 0.3239
7271.0967 0.3227
7272.7734 0.3209
7274.4463 0.3188
7276.1240 0.3189
7277.7979 0.3205
7279.4722 0.3211
7281.1509 0.3187
7282.8257 0.3149
7284.5054 0.3139
7286.1812 0.3159
7287.8613 0.3051
7289.5376 0.3021
7291.2148 0.3053
7292.8960 0.3100
7294.5737 0.3162
7296.2559 0.3191
7297.9341 0.3167
7299.6172 0.3143
7301.2964 0.3146
7302.9800 0.3170
7304.6602 0.3177
7306.3408 0.3114
7308.0254 0.3074
7309.7065 0.3052
7311.3921 0.3078
7313.0742 0.3132
7314.7607 0.3152
7316.4434 0.3141
7318.1265 0.3124
7319.8140 0.3090
7321.4980 0.3099
7323.1860 0.3116
7324.8711 0.3065
7326.5601 0.3040
7328.2456 0.3083
7329.9312 0.3079
7331.6216 0.3076
7333.3081 0.3100
7334.9995 0.3116
7336.6865 0.3133
7338.3784 0.3117
7340.0669 0.3121
7341.7554 0.3127
7343.4482 0.3119
7345.1377 0.3111
7346.8315 0.3116
7348.5215 0.3114
7350.2163 0.3090
7351.9067 0.3068
7353.5981 0.3046
7355.2939 0.3019
7356.9858 0.3055
7358.6826 0.3098
7360.3755 0.3077
7362.0728 0.3045
7363.7661 0.3051
7365.4604 0.3084
7367.1587 0.3100
7368.8535 0.3084
7370.5527 0.3077
7372.2485 0.3072
7373.9487 0.3061
7375.6450 0.3063
7377.3418 0.3090
7379.0430 0.3102
7380.7402 0.3078
7382.4424 0.3053
7384.1406 0.3017
7385.8433 0.2949
7387.5425 0.2935
7389.2422 0.2979
7390.9458 0.3024
7392.6465 0.3011
7394.3511 0.2996
7396.0522 0.3054
7397.7573 0.3075
7399.4595 0.3010
7401.1616 0.3016
7402.8682 0.3048
7404.5713 0.3034
7406.2788 0.2981
7407.9824 0.2923
7409.6909 0.2870
7411.3955 0.2946
7413.1006 0.2970
7414.8101 0.2907
7416.5156 0.2918
7418.2261 0.2994
7419.9326 0.2957
7421.6436 0.2853
7423.3506 0.2853
7425.0586 0.2964
7426.7705 0.3049
7428.4795 0.3080
7430.1924 0.3030
7431.9014 0.3023
7433.6152 0.3066
7435.3257 0.3097
7437.0400 0.3081
7438.7510 0.3050
7440.4624 0.2974
7442.1777 0.2930
7443.8901 0.2890
7445.6064 0.2872
7447.3193 0.2921
7449.0366 0.2942
7450.7505 0.3035
7452.4644 0.3066
7454.1831 0.3039
7455.8979 0.3033
7457.6172 0.3075
7459.3325 0.3058
7461.0527 0.2911
7462.7690 0.2905
7464.4858 0.2969
7466.2070 0.2974
7467.9248 0.2931
7469.6470 0.2944
7471.3652 0.2965
7473.0884 0.2962
7474.8076 0.2972
7476.5269 0.2995
7478.2510 0.2992
7479.9712 0.2990
7481.6963 0.2992
7483.4175 0.3007
7485.1431 0.2998
7486.8652 0.2984
7488.5874 0.2997
7490.3145 0.2953
7492.0371 0.2910
7493.7651 0.2839
7495.4888 0.2833
7497.2173 0.2892
7498.9419 0.2917
7500.6670 0.2919
7502.3970 0.2941
7504.1226 0.2940
7505.8530 0.2937
7507.5801 0.2936
7509.3110 0.2906
7511.0386 0.2852
7512.7666 0.2904
7514.4990 0.2887
7516.2275 0.2888
7517.9609 0.2940
7519.6904 0.2940
7521.4243 0.2876
7523.1548 0.2822
7524.8853 0.2862
7526.6206 0.2924
7528.3521 0.2937
7530.0884 0.2907
7531.8203 0.2868
7533.5571 0.2884
7535.2905 0.2908
7537.0239 0.2914
7538.7617 0.2901
7540.4961 0.2885
7542.2349 0.2887
7543.9702 0.2901
7545.7095 0.2891
7547.4453 0.2886
7549.1816 0.2894
7550.9229 0.2893
7552.6597 0.2880
7554.4014 0.2837
7556.1392 0.2846
7557.8818 0.2856
7559.6201 0.2843
7561.3594 0.2852
7563.1030 0.2875
7564.8428 0.2892
7566.5874 0.2882
7568.3281 0.2866
7570.0732 0.2874
7571.8149 0.2893
7573.5610 0.2852
7575.3032 0.2872
7577.0459 0.2894
7578.7930 0.2898
7580.5366 0.2888
7582.2847 0.2856
7584.0288 0.2816
7585.7778 0.2830
7587.5229 0.2866
7589.2686 0.2886
7591.0186 0.2885
7592.7646 0.2878
7594.5156 0.2867
7596.2627 0.2869
7598.0142 0.2873
7599.7622 0.2858
7601.5107 0.2838
7603.2637 0.2840
7605.0127 0.2844
7606.7661 0.2854
7608.5161 0.2845
7610.2710 0.2838
7612.0215 0.2844
7613.7725 0.2836
7615.5283 0.2773
7617.2803 0.2727
7619.0366 0.2728
7620.7896 0.2770
7622.5469 0.2813
7624.3003 0.2823
7626.0542 0.2823
7627.8130 0.2821
7629.5679 0.2820
7631.3271 0.2818
7633.0825 0.2815
7634.8428 0.2811
7636.5991 0.2812
7638.3560 0.2798
7640.1172 0.2792
7641.8750 0.2799
7643.6372 0.2804
7645.3955 0.2800
7647.1587 0.2801
7648.9180 0.2801
7650.6772 0.2796
7652.4419 0.2759
7654.2021 0.2711
7655.9673 0.2687
7657.7285 0.2649
7659.4941 0.2649
7661.2563 0.2679
7663.0186 0.2644
7664.7856 0.2622
7666.5493 0.2732
7668.3169 0.2755
7670.0811 0.2755
7671.8496 0.2769
7673.6147 0.2780
7675.3799 0.2782
7677.1499 0.2775
7678.9160 0.2732
7680.6870 0.2737
7682.4536 0.2763
7684.2251 0.2768
7685.9932 0.2754
7687.7612 0.2749
7689.5342 0.2749
7691.3027 0.2759
7693.0767 0.2763
7694.8462 0.2754
7696.6206 0.2723
7698.3911 0.2684
7700.1621 0.2720
7701.9380 0.2760
7703.7100 0.2766
7705.4863 0.2765
7707.2588 0.2754
7709.0361 0.2702
7710.8096 0.2642
7712.5879 0.2662
7714.3618 0.2703
7716.1367 0.2736
7717.9160 0.2746
7719.6914 0.2724
7721.4717 0.2696
7723.2480 0.2666
7725.0288 0.2656
7726.8062 0.2665
7728.5835 0.2696
7730.3657 0.2738
7732.1440 0.2730
7733.9272 0.2730
7735.7065 0.2744
7737.4902 0.2754
7739.2700 0.2745
7741.0508 0.2710
7742.8354 0.2661
7744.6167 0.2652
7746.4028 0.2603
7748.1851 0.2592
7749.9717 0.2657
7751.7544 0.2724
7753.5376 0.2735
7755.3257 0.2700
7757.1099 0.2695
7758.8984 0.2714
7760.6836 0.2725
7762.4731 0.2713
7764.2588 0.2686
7766.0449 0.2690
7767.8359 0.2680
7769.6226 0.2599
7771.4146 0.2477
7773.2021 0.2408
7774.9946 0.2428
7776.7832 0.2539
7778.5723 0.2539
7780.3662 0.2525
7782.1558 0.2582
7783.9507 0.2642
7785.7412 0.2639
7787.5366 0.2594
7789.3281 0.2599
7791.1201 0.2639
7792.9165 0.2664
7794.7095 0.2644
7796.5068 0.2571
7798.3003 0.2544
7800.0986 0.2604
7801.8931 0.2703
7803.6880 0.2737
7805.4873 0.2672
7807.2832 0.2668
7809.0835 0.2686
7810.8799 0.2643
7812.6812 0.2630
7814.4785 0.2677
7816.2759 0.2706
7818.0786 0.2726
7819.8770 0.2753
7821.6802 0.2758
7823.4795 0.2750
7825.2837 0.2718
7827.0840 0.2673
7828.8843 0.2718
7830.6899 0.2613
7832.4912 0.2586
7834.2974 0.2617
7836.0996 0.2642
7837.9067 0.2674
7839.7100 0.2689
7841.5132 0.2695
7843.3213 0.2721
7845.1260 0.2750
7846.9351 0.2768
7848.7402 0.2756
7850.5498 0.2661
7852.3560 0.2714
7854.1665 0.2702
7855.9736 0.2671
7857.7808 0.2662
7859.5928 0.2620
7861.4009 0.2592
7863.2139 0.2552
7865.0225 0.2476
7866.8364 0.2444
7868.6460 0.2488
7870.4561 0.2569
7872.2710 0.2677
7874.0820 0.2677
7875.8979 0.2621
7877.7100 0.2655
7879.5264 0.2710
7881.3389 0.2629
7883.1519 0.2608
7884.9697 0.2610
7886.7837 0.2590
7888.6025 0.2585
7890.4175 0.2636
7892.2368 0.2689
7894.0522 0.2590
7895.8687 0.2520
7897.6890 0.2584
7899.5059 0.2644
7901.3276 0.2631
7903.1455 0.2616
7904.9678 0.2596
7906.7861 0.2622
7908.6055 0.2629
7910.4292 0.2581
7912.2485 0.2529
7914.0732 0.2546
7915.8940 0.2564
7917.7192 0.2563
7919.5405 0.2590
7921.3628 0.2569
7923.1895 0.2509
7925.0122 0.2511
7926.8394 0.2509
7928.6631 0.2493
7930.4912 0.2399
7932.3159 0.2340
7934.1406 0.2326
7935.9702 0.2262
7937.7959 0.2256
7939.6265 0.2338
7941.4526 0.2346
7943.2842 0.2309
7945.1113 0.2310
7946.9390 0.2372
7948.7720 0.2462
7950.6006 0.2498
7952.4336 0.2498
7954.2632 0.2514
7956.0977 0.2541
7957.9277 0.2552
7959.7583 0.2583
7961.5938 0.2540
7963.4253 0.2511
7965.2617 0.2517
7967.0942 0.2530
7968.9316 0.2532
7970.7646 0.2558
7972.5981 0.2557
7974.4370 0.2581
7976.2715 0.2593
7978.1108 0.2576
7979.9458 0.2568
7981.7861 0.2586
7983.6226 0.2598
7985.4590 0.2616
7987.3003 0.2607
7989.1377 0.2570
7990.9800 0.2537
7992.8184 0.2481
7994.6616 0.2461
7996.5005 0.2467
7998.3447 0.2488
8000.1846 0.2532
8002.0249 0.2582
8003.8706 0.2571
8005.7114 0.2572
8007.5576 0.2553
8009.3999 0.2502
8011.2471 0.2461
8013.0898 0.2489
8014.9331 0.2552
8016.7812 0.2557
8018.6255 0.2546
8020.4746 0.2552
8022.3198 0.2550
8024.1699 0.2517
8026.0156 0.2517
8027.8623 0.2498
8029.7134 0.2542
8031.5605 0.2575
8033.4126 0.2534
8035.2607 0.2489
8037.1138 0.2558
8038.9624 0.2576
8040.8120 0.2553
8042.6660 0.2502
8044.5161 0.2451
8046.3711 0.2442
8048.2222 0.2470
8050.0781 0.2523
8051.9302 0.2579
8053.7827 0.2571
8055.6396 0.2526
8057.4927 0.2521
8059.3511 0.2481
8061.2051 0.2458
8063.0640 0.2464
8064.9189 0.2484
8066.7739 0.2505
8068.6343 0.2515
8070.4902 0.2501
8072.3516 0.2522
8074.2085 0.2529
8076.0703 0.2531
8077.9282 0.2531
8079.7866 0.2508
8081.6499 0.2506
8083.5088 0.2472
8085.3730 0.2477
8087.2329 0.2497
8089.0981 0.2484
8090.9590 0.2446
8092.8203 0.2446
8094.6865 0.2475
8096.5483 0.2458
8098.4155 0.2453
8100.2788 0.2487
8102.1465 0.2503
8104.0103 0.2500
8105.8745 0.2499
8107.7441 0.2496
8109.6089 0.2492
8111.4790 0.2492
8113.3452 0.2492
8115.2163 0.2486
8117.0830 0.2489
8118.9502 0.2493
8120.8228 0.2493
8122.6909 0.2492
8124.5640 0.2491
8126.4326 0.2486
8128.3066 0.2487
8130.1768 0.2487
8132.0513 0.2487
8133.9224 0.2487
8135.7935 0.2486
8137.6694 0.2480
8139.5415 0.2473
8141.4185 0.2473
8143.2915 0.2477
8145.1694 0.2480
8147.0430 0.2476
8148.9175 0.2456
8150.7964 0.2458
8152.6714 0.2470
8154.5513 0.2476
8156.4272 0.2477
8158.3081 0.2475
8160.1851 0.2453
8162.0625 0.2445
8163.9443 0.2462
8165.8228 0.2474
8167.7056 0.2470
8169.5845 0.2468
8171.4683 0.2464
8173.3481 0.2465
8175.2285 0.2467
8177.1138 0.2459
8178.9951 0.2445
8180.8809 0.2425
8182.7632 0.2366
8184.6499 0.2399
8186.5327 0.2428
8188.4160 0.2445
8190.3042 0.2460
8192.1885 0.2432
8194.0771 0.2340
8195.9629 0.2376
8197.8525 0.2402
8199.7383 0.2396
8201.6250 0.2400
8203.5156 0.2419
8205.4033 0.2418
8207.2959 0.2410
8209.1836 0.2415
8211.0762 0.2419
8212.9658 0.2411
8214.8545 0.2408
8216.7490 0.2426
8218.6396 0.2376
8220.5342 0.2363
8222.4258 0.2405
8224.3223 0.2447
8226.2139 0.2448
8228.1064 0.2430
8230.0039 0.2363
8231.8965 0.2365
8233.7949 0.2407
8235.6895 0.2428
8237.5889 0.2421
8239.4834 0.2414
8241.3789 0.2426
8243.2793 0.2440
8245.1758 0.2426
8247.0771 0.2376
8248.9746 0.2344
8250.8770 0.2420
8252.7744 0.2421
8254.6729 0.2412
8256.5771 0.2418
8258.4766 0.2424
8260.3809 0.2425
8262.2812 0.2415
8264.1865 0.2411
8266.0869 0.2421
8267.9893 0.2422
8269.8955 0.2417
8271.7979 0.2422
8273.7051 0.2407
8275.6084 0.2401
8277.5166 0.2414
8279.4209 0.2424
8281.3301 0.2422
8283.2354 0.2418
8285.1416 0.2408
8287.0518 0.2376
8288.9580 0.2388
8290.8691 0.2400
8292.7773 0.2385
8294.6895 0.2384
8296.5977 0.2407
8298.5059 0.2404
8300.4199 0.2408
8302.3291 0.2410
8304.2432 0.2393
8306.1543 0.2373
8308.0693 0.2384
8309.9805 0.2384
8311.8926 0.2406
8313.8086 0.2422
8315.7217 0.2410
8317.6396 0.2396
8319.5527 0.2403
8321.4707 0.2401
8323.3857 0.2383
8325.2998 0.2320
8327.2197 0.2280
8329.1357 0.2339
8331.0566 0.2311
8332.9727 0.2272
8334.8945 0.2279
8336.8115 0.2321
8338.7295 0.2357
8340.6523 0.2370
8342.5713 0.2406
8344.4951 0.2368
8346.4150 0.2364
8348.3398 0.2392
8350.2598 0.2407
8352.1807 0.2409
8354.1074 0.2410
8356.0293 0.2394
8357.9561 0.2386
8359.8789 0.2395
8361.8066 0.2409
8363.7295 0.2404
8365.6543 0.2374
8367.5830 0.2389
8369.5078 0.2396
8371.4375 0.2381
8373.3643 0.2372
8375.2949 0.2391
8377.2217 0.2404
8379.1484 0.2409
8381.0811 0.2414
8383.0088 0.2414
8384.9424 0.2370
8386.8711 0.2286
8388.8047 0.2317
8390.7344 0.2377
8392.6650 0.2384
8394.6006 0.2375
8396.5312 0.2388
8398.4678 0.2407
8400.3994 0.2412
8402.3369 0.2396
8404.2695 0.2380
8406.2031 0.2374
8408.1416 0.2368
8410.0762 0.2354
8412.0156 0.2367
8413.9502 0.2356
8415.8906 0.2349
8417.8271 0.2360
8419.7637 0.2376
8421.7051 0.2378
8423.6426 0.2372
8425.5850 0.2391
8427.5234 0.2402
8429.4668 0.2395
8431.4053 0.2379
8433.3496 0.2362
8435.2900 0.2339
8437.2305 0.2317
8439.1758 0.2316
8441.1172 0.2347
8443.0645 0.2341
8445.0059 0.2237
8446.9541 0.2225
8448.8965 0.2340
8450.8408 0.2375
8452.7891 0.2373
8454.7344 0.2398
8456.6836 0.2402
8458.6289 0.2385
8460.5791 0.2369
8462.5254 0.2352
8464.4727 0.2318
8466.4248 0.2260
8468.3721 0.2226
8470.3252 0.2300
8472.2734 0.2344
8474.2275 0.2377
8476.1768 0.2395
8478.1270 0.2392
8480.0820 0.2389
8482.0322 0.2387
8483.9883 0.2390
8485.9404 0.2385
8487.8975 0.2380
8489.8496 0.2365
8491.8027 0.2343
8493.7607 0.2364
8495.7148 0.2128
8497.6738 0.2001
8499.6289 0.2075
8501.5889 0.2190
8503.5449 0.2218
8505.5010 0.2298
8507.4619 0.2313
8509.4199 0.2333
8511.3818 0.2321
8513.3398 0.2273
8515.3027 0.2278
8517.2617 0.2354
8519.2217 0.2369
8521.1855 0.2381
8523.1465 0.2380
8525.1113 0.2350
8527.0723 0.2330
8529.0391 0.2356
8531.0010 0.2347
8532.9639 0.2337
8534.9316 0.2293
8536.8945 0.2248
8538.8633 0.2179
8540.8281 0.1777
8542.7969 0.1835
8544.7627 0.2066
8546.7285 0.2198
8548.6992 0.2226
8550.6660 0.2270
8552.6377 0.2305
8554.6045 0.2257
8556.5771 0.2248
8558.5459 0.2297
8560.5146 0.2340
8562.4893 0.2337
8564.4590 0.2349
8566.4336 0.2348
8568.4043 0.2344
8570.3799 0.2335
8572.3516 0.2332
8574.3242 0.2348
8576.3008 0.2349
8578.2744 0.2355
8580.2520 0.2331
8582.2256 0.2303
8584.2051 0.2285
8586.1797 0.2264
8588.1602 0.2289
8590.1357 0.2261
8592.1113 0.2203
8594.0928 0.2143
8596.0703 0.2084
8598.0527 0.2046
8600.0303 0.2105
8602.0137 0.2178
8603.9922 0.2213
8605.9717 0.2234
8607.9561 0.2256
8609.9365 0.2252
8611.9219 0.2243
8613.9033 0.2280
8615.8896 0.2298
8617.8711 0.2313
8619.8535 0.2332
8621.8418 0.2324
8623.8252 0.2355
8625.8135 0.2358
8627.7979 0.2340
8629.7881 0.2331
8631.7725 0.2335
8633.7588 0.2334
8635.7500 0.2341
8637.7363 0.2345
8639.7285 0.2340
8641.7158 0.2335
8643.7080 0.2328
8645.6973 0.2286
8647.6855 0.2200
8649.6797 0.2241
8651.6699 0.2268
8653.6650 0.2241
8655.6553 0.2213
8657.6514 0.2180
8659.6436 0.1971
8661.6357 0.1707
8663.6328 0.1794
8665.6260 0.1984
8667.6240 0.2036
8669.6182 0.2072
8671.6172 0.2123
8673.6123 0.2146
8675.6074 0.2201
8677.6084 0.2202
8679.6045 0.2160
8681.6055 0.2215
8683.6025 0.2278
8685.6055 0.2240
8687.6035 0.2182
8689.6025 0.2238
8691.6055 0.2323
8693.6055 0.2255
8695.6104 0.2294
8697.6104 0.2321
8699.6162 0.2327
8701.6172 0.2323
8703.6191 0.2326
8705.6260 0.2345
8707.6289 0.2346
8709.6367 0.2283
8711.6406 0.2275
8713.6494 0.2319
8715.6543 0.2341
8717.6592 0.2311
8719.6699 0.2321
8721.6758 0.2338
8723.6865 0.2345
8725.6934 0.2308
8727.7061 0.2256
8729.7129 0.2271
8731.7217 0.2315
8733.7354 0.2259
8735.7441 0.2219
8737.7588 0.2228
8739.7686 0.2221
8741.7842 0.2161
8743.7949 0.2153
8745.8115 0.2106
8747.8232 0.1992
8749.8359 0.1900
8751.8535 0.1929
8753.8672 0.2061
8755.8857 0.2114
8757.9004 0.2176
8759.9199 0.2231
8761.9346 0.2231
8763.9502 0.2221
8765.9717 0.2284
8767.9883 0.2318
8770.0098 0.2314
8772.0273 0.2260
8774.0498 0.2268
8776.0684 0.2343
8778.0879 0.2354
8780.1113 0.2344
8782.1318 0.2352
8784.1562 0.2361
8786.1777 0.2363
8788.2031 0.2339
8790.2256 0.2279
8792.2471 0.2273
8794.2754 0.2316
8796.2979 0.2356
8798.3262 0.2376
8800.3506 0.2388
8802.3799 0.2381
8804.4053 0.2281
8806.4307 0.2200
8808.4609 0.2270
8810.4873 0.2366
8812.5195 0.2385
8814.5459 0.2380
8816.5791 0.2374
8818.6074 0.2368
8820.6357 0.2356
8822.6699 0.2301
8824.6992 0.2268
8826.7344 0.2351
8828.7646 0.2357
8830.8008 0.2344
8832.8330 0.2338
8834.8643 0.2322
8836.9014 0.2287
8838.9346 0.2265
8840.9727 0.2298
8843.0068 0.2292
8845.0459 0.2259
8847.0811 0.2243
8849.1162 0.2248
8851.1562 0.2237
8853.1924 0.2227
8855.2344 0.2197
8857.2715 0.2151
8859.3145 0.2058
8861.3516 0.1945
8863.3906 0.1925
8865.4346 0.2041
8867.4736 0.2117
8869.5186 0.2194
8871.5596 0.2236
8873.6045 0.2229
8875.6465 0.2240
8877.6885 0.2262
8879.7354 0.2271
8881.7783 0.2264
8883.8262 0.2270
8885.8701 0.2297
8887.9189 0.2315
8889.9639 0.2301
8892.0088 0.2280
8894.0596 0.2296
8896.1055 0.2309
8898.1562 0.2299
8900.2041 0.2300
8902.2559 0.2311
8904.3037 0.2312
8906.3574 0.2312
8908.4062 0.2300
8910.4561 0.2267
8912.5107 0.2247
8914.5605 0.2307
8916.6162 0.2305
8918.6680 0.2285
8920.7246 0.2279
8922.7764 0.2280
8924.8291 0.2258
8926.8867 0.2213
8928.9404 0.2252
8931.0000 0.2297
8933.0547 0.2314
8935.1143 0.2318
8937.1699 0.2322
8939.2256 0.2321
8941.2871 0.2307
8943.3438 0.2274
8945.4062 0.2258
8947.4639 0.2272
8949.5273 0.2291
8951.5859 0.2317
8953.6455 0.2324
8955.7100 0.2326
8957.7705 0.2326
8959.8359 0.2325
8961.8975 0.2324
8963.9639 0.2312
8966.0264 0.2282
8968.0889 0.2289
8970.1572 0.2315
8972.2207 0.2318
8974.2891 0.2294
8976.3535 0.2279
8978.4238 0.2291
8980.4893 0.2314
8982.5557 0.2319
8984.6270 0.2310
8986.6934 0.2317
8988.7656 0.2318
8990.8340 0.2316
8992.9072 0.2314
8994.9756 0.2309
8997.0449 0.2286
8999.1201 0.2253
9001.1904 0.2285
9003.2656 0.2301
9005.3369 0.2280
9007.4131 0.2224
9009.4854 0.2167
9011.5586 0.2125
9013.6357 0.2008
9015.7100 0.2050
9017.7891 0.2164
9019.8633 0.2225
9021.9434 0.2234
9024.0186 0.2272
9026.0947 0.2297
9028.1758 0.2305
9030.2529 0.2313
9032.3350 0.2321
9034.4131 0.2318
9036.4971 0.2306
9038.5752 0.2327
9040.6543 0.2337
9042.7393 0.2339
9044.8193 0.2341
9046.9053 0.2342
9048.9863 0.2336
9051.0732 0.2326
9053.1553 0.2341
9055.2383 0.2348
9057.3262 0.2340
9059.4102 0.2281
9061.4990 0.2180
9063.5840 0.2280
9065.6738 0.2348
9067.7588 0.2354
9069.8506 0.2344
9071.9365 0.2350
9074.0234 0.2352
9076.1162 0.2304
9078.2041 0.2255
9080.2979 0.2297
9082.3867 0.2356
9084.4805 0.2347
9086.5703 0.2281
9088.6611 0.2208
9090.7568 0.2315
9092.8486 0.2293
9094.9453 0.2258
9097.0371 0.2320
9099.1348 0.2328
9101.2285 0.2341
9103.3223 0.2338
9105.4209 0.2340
9107.5156 0.2347
9109.6162 0.2320
9111.7119 0.2259
9113.8125 0.2340
9115.9092 0.2337
9118.0068 0.2322
9120.1094 0.2342
9122.2070 0.2368
9124.3105 0.2365
9126.4102 0.2368
9128.5146 0.2366
9130.6143 0.2367
9132.7148 0.2371
9134.8213 0.2372
9136.9219 0.2369
9139.0293 0.2369
9141.1318 0.2375
9143.2393 0.2366
9145.3428 0.2337
9147.4473 0.2325
9149.5566 0.2370
9151.6611 0.2379
9153.7715 0.2374
9155.8770 0.2375
9157.9883 0.2381
9160.0957 0.2382
9162.2031 0.2371
9164.3154 0.2362
9166.4238 0.2376
9168.5371 0.2382
9170.6465 0.2368
9172.7617 0.2354
9174.8711 0.2360
9176.9824 0.2372
9179.0986 0.2374
9181.2100 0.2372
9183.3271 0.2377
9185.4395 0.2386
9187.5576 0.2387
9189.6719 0.2390
9191.7852 0.2390
9193.9053 0.2392
9196.0205 0.2387
9198.1406 0.2376
9200.2568 0.2374
9202.3789 0.2377
9204.4951 0.2381
9206.6133 0.2366
9208.7363 0.2335
9210.8545 0.2300
9212.9785 0.2291
9215.0977 0.2339
9217.2227 0.2312
9219.3428 0.2327
9221.4639 0.2344
9223.5908 0.2305
9225.7129 0.2226
9227.8398 0.2056
9229.9629 0.2132
9232.0908 0.2266
9234.2148 0.2317
9236.3447 0.2301
9238.4688 0.2310
9240.5947 0.2377
9242.7256 0.2354
9244.8516 0.2339
9246.9834 0.2367
9249.1104 0.2395
9251.2432 0.2381
9253.3721 0.2338
9255.5010 0.2327
9257.6348 0.2340
9259.7646 0.2360
9261.8994 0.2372
9264.0303 0.2370
9266.1670 0.2394
9268.2988 0.2418
9270.4307 0.2424
9272.5684 0.2424
9274.7012 0.2429
9276.8398 0.2428
9278.9746 0.2427
9281.1143 0.2429
9283.2490 0.2430
9285.3848 0.2429
9287.5264 0.2420
9289.6621 0.2401
9291.8047 0.2416
9293.9424 0.2417
9296.0850 0.2423
9298.2236 0.2434
9300.3633 0.2440
9302.5078 0.2439
9304.6475 0.2436
9306.7930 0.2435
9308.9346 0.2432
9311.0811 0.2434
9313.2227 0.2444
9315.3652 0.2441
9317.5137 0.2413
9319.6572 0.2432
9321.8057 0.2444
9323.9502 0.2442
9326.1006 0.2446
9328.2461 0.2453
9330.3916 0.2458
9332.5439 0.2449
9334.6904 0.2452
9336.8428 0.2460
9338.9912 0.2461
9341.1445 0.2459
9343.2939 0.2444
9345.4434 0.2458
9347.5977 0.2450
9349.7480 0.2437
9351.9043 0.2446
9354.0557 0.2459
9356.2129 0.2453
9358.3652 0.2442
9360.5186 0.2437
9362.6768 0.2450
9364.8301 0.2472
9366.9902 0.2474
9369.1445 0.2475
9371.3057 0.2450
9373.4609 0.2453
9375.6172 0.2474
9377.7793 0.2479
9379.9365 0.2473
9382.0996 0.2477
9384.2578 0.2475
9386.4219 0.2465
9388.5820 0.2466
9390.7461 0.2474
9392.9072 0.2462
9395.0674 0.2478
9397.2344 0.2487
9399.3965 0.2471
9401.5635 0.2458
9403.7266 0.2433
9405.8945 0.2379
9408.0586 0.2455
9410.2227 0.2459
9412.3926 0.2361
9414.5586 0.2352
9416.7295 0.2467
9418.8955 0.2493
9421.0674 0.2467
9423.2344 0.2488
9425.4023 0.2505
9427.5762 0.2498
9429.7451 0.2479
9431.9189 0.2467
9434.0889 0.2489
9436.2646 0.2440
9438.4355 0.2446
9440.6064 0.2486
9442.7832 0.2486
9444.9561 0.2461
9447.1338 0.2481
9449.3076 0.2508
9451.4863 0.2498
9453.6602 0.2485
9455.8350 0.2500
9458.0156 0.2518
9460.1914 0.2515
9462.3730 0.2495
9464.5498 0.2500
9466.7324 0.2517
9468.9102 0.2525
9471.0889 0.2523
9473.2725 0.2520
9475.4521 0.2528
9477.6367 0.2534
9479.8174 0.2535
9482.0029 0.2533
9484.1846 0.2531
9486.3662 0.2528
9488.5537 0.2538
9490.7363 0.2542
9492.9258 0.2537
9495.1094 0.2534
9497.2988 0.2540
9499.4834 0.2545
9501.6689 0.2541
9503.8604 0.2525
9506.0459 0.2524
9508.2383 0.2543
9510.4258 0.2545
9512.6191 0.2544
9514.8076 0.2551
9516.9961 0.2547
9519.1904 0.2541
9521.3809 0.2546
9523.5762 0.2551
9525.7666 0.2543
9527.9639 0.2532
9530.1553 0.2534
9532.3477 0.2532
9534.5459 0.2522
9536.7393 0.2519
9538.9385 0.2505
9541.1328 0.2482
9543.3330 0.2357
9545.5283 0.2273
9547.7246 0.2348
9549.9268 0.2470
9552.1230 0.2505
9554.3262 0.2528
9556.5234 0.2543
9558.7275 0.2554
9560.9268 0.2559
9563.1309 0.2559
9565.3311 0.2577
9567.5322 0.2559
9569.7383 0.2548
9571.9395 0.2553
9574.1465 0.2563
9576.3496 0.2582
9578.5576 0.2594
9580.7607 0.2597
9582.9648 0.2595
9585.1748 0.2593
9587.3799 0.2597
9589.5908 0.2606
9591.7969 0.2594
9594.0088 0.2597
9596.2158 0.2601
9598.4238 0.2598
9600.6367 0.2579
9602.8457 0.2550
9605.0596 0.2576
9607.2695 0.2597
9609.4854 0.2615
9611.6953 0.2623
9613.9062 0.2623
9616.1240 0.2629
9618.3359 0.2588
9620.5537 0.2569
9622.7666 0.2594
9624.9863 0.2601
9627.2002 0.2591
9629.4150 0.2635
9631.6357 0.2607
9633.8516 0.2608
9636.0723 0.2609
9638.2891 0.2613
9640.5117 0.2631
9642.7295 0.2644
9644.9482 0.2638
9647.1719 0.2619
9649.3916 0.2615
9651.6172 0.2624
9653.8369 0.2627
9656.0635 0.2604
9658.2842 0.2565
9660.5068 0.2630
9662.7344 0.2657
9664.9570 0.2652
9667.1855 0.2659
9669.4102 0.2644
9671.6396 0.2636
9673.8643 0.2629
9676.0898 0.2637
9678.3213 0.2643
9680.5479 0.2642
9682.7803 0.2660
9685.0078 0.2668
9687.2412 0.2648
9689.4697 0.2641
9691.6982 0.2650
9693.9336 0.2664
9696.1631 0.2675
9698.3994 0.2678
9700.6299 0.2678
9702.8672 0.2672
9705.0996 0.2671
9707.3320 0.2682
9709.5703 0.2694
9711.8047 0.2694
9714.0439 0.2697
9716.2783 0.2698
9718.5186 0.2698
9720.7549 0.2700
9722.9912 0.2700
9725.2334 0.2701
9727.4707 0.2690
9729.7139 0.2696
9731.9521 0.2705
9734.1963 0.2692
9736.4355 0.2667
9738.6807 0.2652
9740.9209 0.2684
9743.1621 0.2703
9745.4082 0.2694
9747.6504 0.2692
9749.8984 0.2716
9752.1416 0.2725
9754.3896 0.2729
9756.6338 0.2727
9758.8789 0.2726
9761.1289 0.2718
9763.3740 0.2695
9765.6260 0.2722
9767.8721 0.2722
9770.1250 0.2727
9772.3721 0.2741
9774.6201 0.2747
9776.8750 0.2748
9779.1240 0.2751
9781.3789 0.2734
9783.6289 0.2725
9785.8848 0.2720
9788.1367 0.2721
9790.3877 0.2747
9792.6455 0.2758
9794.8984 0.2751
9797.1572 0.2742
9799.4111 0.2740
9801.6709 0.2751
9803.9258 0.2772
9806.1807 0.2771
9808.4424 0.2770
9810.6982 0.2769
9812.9609 0.2773
9815.2188 0.2780
9817.4814 0.2782
9819.7402 0.2772
9821.9990 0.2775
9824.2646 0.2780
9826.5244 0.2780
9828.7900 0.2780
9831.0518 0.2784
9833.3184 0.2772
9835.5801 0.2784
9837.8428 0.2792
9840.1113 0.2793
9842.3750 0.2799
9844.6455 0.2803
9846.9102 0.2804
9849.1807 0.2804
9851.4463 0.2798
9853.7129 0.2792
9855.9844 0.2795
9858.2520 0.2801
9860.5254 0.2779
9862.7939 0.2801
9865.0684 0.2818
9867.3379 0.2820
9869.6074 0.2820
9871.8838 0.2821
9874.1543 0.2827
9876.4316 0.2834
9878.7031 0.2832
9880.9814 0.2828
9883.2549 0.2833
9885.5283 0.2834
9887.8076 0.2797
9890.0830 0.2786
9892.3633 0.2819
9894.6387 0.2847
9896.9209 0.2834
9899.1973 0.2813
9901.4746 0.2843
9903.7578 0.2845
9906.0361 0.2848
9908.3203 0.2854
9910.5996 0.2844
9912.8857 0.2826
9915.1660 0.2846
9917.4521 0.2865
9919.7334 0.2872
9922.0156 0.2869
9924.3037 0.2868
9926.5869 0.2878
9928.8760 0.2845
9931.1602 0.2838
9933.4502 0.2866
9935.7354 0.2888
9938.0205 0.2883
9940.3125 0.2879
9942.5996 0.2880
9944.8926 0.2890
9947.1797 0.2890
9949.4736 0.2883
9951.7627 0.2886
9954.0518 0.2897
9956.3477 0.2896
9958.6377 0.2896
9960.9346 0.2898
9963.2256 0.2904
9965.5234 0.2911
9967.8154 0.2909
9970.1094 0.2911
9972.4082 0.2918
9974.7021 0.2917
9977.0020 0.2915
9979.2979 0.2920
9981.5986 0.2922
9983.8945 0.2922
9986.1914 0.2923
9988.4941 0.2929
9990.7920 0.2930
9993.0967 0.2923
9995.3955 0.2923
9997.7002 0.2921
10000.0000 0.2933
10002.3057 0.2942
10004.6016 0.2946
10006.9082 0.2950
10009.2158 0.2950
10011.5244 0.2952
10013.8223 0.2955
10016.1309 0.2955
10018.4404 0.2954
10020.7402 0.2955
10023.0508 0.2954
10025.3623 0.2944
10027.6738 0.2952
10029.9756 0.2951
10032.2881 0.2944
10034.6016 0.2937
10036.9043 0.2918
10039.2188 0.2940
10041.5342 0.2928
10043.8496 0.2908
10046.1543 0.2826
10048.4707 0.2717
10050.7881 0.2766
10053.0947 0.2900
10055.4131 0.2927
10057.7324 0.2943
10060.0508 0.2968
10062.3604 0.2977
10064.6807 0.2985
10067.0010 0.2980
10069.3115 0.2991
10071.6338 0.3004
10073.9561 0.3010
10076.2793 0.3012
10078.5918 0.3013
10080.9160 0.3014
10083.2402 0.3009
10085.5547 0.3017
10087.8799 0.3027
10090.2061 0.3031
10092.5332 0.3036
10094.8496 0.3039
10097.1777 0.3041
10099.5059 0.3046
10101.8232 0.3041
10104.1533 0.3026
10106.4834 0.3028
10108.8135 0.3052
10111.1338 0.3048
10113.4648 0.3048
10115.7969 0.3057
10118.1191 0.3063
10120.4521 0.3060
10122.7861 0.3023
10125.1201 0.3045
10127.4434 0.3071
10129.7793 0.3076
10132.1152 0.3078
10134.4404 0.3080
10136.7773 0.3080
10139.1152 0.3086
10141.4531 0.3082
10143.7803 0.3064
10146.1191 0.3060
10148.4590 0.3094
10150.7881 0.3096
10153.1289 0.3090
10155.4707 0.3089
10157.8125 0.3100
10160.1436 0.3107
10162.4863 0.3083
10164.8301 0.3085
10167.1621 0.3108
10169.5068 0.3118
10171.8525 0.3117
10174.1973 0.3119
10176.5322 0.3124
10178.8789 0.3134
10181.2266 0.3105
10183.5742 0.3081
10185.9111 0.3095
10188.2607 0.3130
10190.6094 0.3135
10192.9482 0.3125
10195.2988 0.3137
10197.6504 0.3146
10200.0020 0.3145
10202.3428 0.3146
10204.6953 0.3152
10207.0479 0.3151
10209.3906 0.3156
10211.7451 0.3165
10214.0996 0.3150
10216.4551 0.3126
10218.7998 0.3151
10221.1562 0.3174
10223.5137 0.3177
10225.8594 0.3178
10228.2178 0.3181
10230.5762 0.3185
10232.9355 0.3189
10235.2842 0.3188
10237.6436 0.3182
10240.0049 0.3192
10242.3545 0.3192
10244.7168 0.3179
10247.0791 0.3195
10249.4424 0.3209
10251.7939 0.3210
10254.1582 0.3212
10256.5234 0.3216
10258.8770 0.3218
10261.2422 0.3220
10263.6084 0.3220
10265.9756 0.3225
10268.3311 0.3229
10270.6992 0.3231
10273.0674 0.3232
10275.4258 0.3235
10277.7949 0.3241
10280.1650 0.3243
10282.5352 0.3247
10284.8955 0.3243
10287.2666 0.3224
10289.6396 0.3215
10292.0010 0.3257
10294.3740 0.3261
10296.7480 0.3259
10299.1221 0.3258
10301.4863 0.3253
10303.8613 0.3264
10306.2373 0.3270
10308.6025 0.3273
10310.9795 0.3266
10313.3574 0.3266
10315.7363 0.3283
10318.1035 0.3287
10320.4824 0.3286
10322.8623 0.3294
10325.2314 0.3261
10327.6123 0.3233
